1 0.464985 0.447796 0.894052 0.75406
33 0.463814 0.447216 0.893272 0.771462
21 0.463814 0.447216 0.893272 0.771462
14 0.464985 0.447796 0.894052 0.75406
7 0.467718 0.451276 0.877655 0.75174
19 0.463814 0.451276 0.887025 0.761021
15 0.45991 0.430974 0.885463 0.757541
0 0.470842 0.465197 0.883902 0.730859
27 0.464985 0.447796 0.894052 0.75406
6 0.463814 0.447216 0.893272 0.771462
26 0.463814 0.447216 0.893272 0.771462
3 0.467718 0.429234 0.880778 0.759861
35 0.448588 0.439675 0.881559 0.777262
34 0.464595 0.440835 0.913573 0.781903
22 0.463814 0.451276 0.887025 0.761021
32 0.464985 0.447796 0.894052 0.75406
16 0.463814 0.431555 0.918258 0.758701
24 0.466157 0.452436 0.890148 0.74478
9 0.463814 0.447216 0.893272 0.771462
20 0.467718 0.429234 0.880778 0.759861
18 0.467718 0.429234 0.880778 0.759861
4 0.464595 0.440835 0.913573 0.781903
30 0.448588 0.439675 0.881559 0.777262
1 0.563077 0.460847 0.68069 0.666473
25 0.460691 0.432135 0.890148 0.75522
31 0.563077 0.460847 0.68069 0.666473
23 0.237568 0.407773 0.449369 0.25522
2 0.529794 0.474188 0.747256 0.685035
7 0.57235 0.475928 0.662145 0.565545
14 0.563077 0.460847 0.68069 0.666473
8 0.463814 0.447216 0.893272 0.771462
23 0.463033 0.415603 0.865162 0.732599
18 0.563077 0.460847 0.68069 0.666473
35 0.373238 0.529872 0.714461 0.580626
20 0.563077 0.460847 0.68069 0.666473
34 0.373238 0.529872 0.714461 0.580626
13 0.592651 0.450986 0.61998 0.62239
24 0.57235 0.475928 0.662145 0.565545
4 0.563077 0.460847 0.68069 0.666473
12 0.460691 0.432135 0.890148 0.75522
0 0.237568 0.407773 0.449369 0.25522
31 0.467718 0.429234 0.880778 0.759861
34 0.57235 0.475928 0.662145 0.565545
18 0.373238 0.529872 0.714461 0.580626
23 0.58211 0.443736 0.634816 0.616009
26 0.57235 0.475928 0.662145 0.565545
22 0.563077 0.460847 0.68069 0.666473
21 0.563077 0.460847 0.68069 0.666473
2 0.614515 0.435035 0.576254 0.613689
19 0.563077 0.460847 0.68069 0.666473
13 0.460691 0.432135 0.890148 0.75522
11 0.529794 0.474188 0.747256 0.685035
1 0.392856 0.531323 0.766582 0.593968
16 0.58211 0.443736 0.634816 0.616009
8 0.592651 0.450986 0.61998 0.62239
28 0.57235 0.475928 0.662145 0.565545
11 0.445074 0.417633 0.869847 0.714617
0 0.392856 0.531323 0.766582 0.593968
28 0.466157 0.452436 0.890148 0.74478
4 0.373238 0.529872 0.714461 0.580626
11 0.698844 0.410673 0.424772 0.204756
15 0.392856 0.531323 0.766582 0.593968
32 0.392856 0.531323 0.766582 0.593968
27 0.373238 0.529872 0.714461 0.580626
15 0.563077 0.460847 0.68069 0.666473
9 0.563077 0.460847 0.68069 0.666473
19 0.373238 0.529872 0.714461 0.580626
35 0.518863 0.49797 0.770681 0.638631
17 0.465766 0.450116 0.912792 0.7471
18 0.242839 0.415313 0.461472 0.236659
10 0.563077 0.460847 0.68069 0.666473
3 0.714851 0.444316 0.405252 0.25058
16 0.237568 0.407773 0.449369 0.25522
21 0.698844 0.410673 0.424772 0.204756
17 0.698844 0.410673 0.424772 0.204756
27 0.317408 0.469548 0.607487 0.436775
3 0.373238 0.529872 0.714461 0.580626
33 0.373238 0.529872 0.714461 0.580626
6 0.373238 0.529872 0.714461 0.580626
17 0.716413 0.37645 0.388073 0.286543
23 0.698844 0.410673 0.424772 0.204756
22 0.373238 0.529872 0.714461 0.580626
18 0.184227 0.404872 0.355376 0.2529
11 0.714851 0.444316 0.405252 0.25058
34 0.628667 0.449028 0.54951 0.470853
14 0.628667 0.449028 0.54951 0.470853
21 0.220585 0.412413 0.414622 0.240139
11 0.242448 0.414153 0.461472 0.236659
24 0.465376 0.570766 0.833928 0.516241
8 0.237568 0.407773 0.449369 0.25522
35 0.317408 0.469548 0.607487 0.436775
27 0.592651 0.450986 0.61998 0.62239
34 0.475917 0.572506 0.869066 0.506961
18 0.701968 0.431845 0.391978 0.296404
17 0.714851 0.444316 0.405252 0.25058
16 0.373238 0.529872 0.714461 0.580626
17 0.237568 0.407773 0.449369 0.25522
27 0.465376 0.570766 0.833928 0.516241
25 0.563077 0.460847 0.68069 0.666473
11 0.373238 0.529872 0.714461 0.580626
33 0.563077 0.460847 0.68069 0.666473
5 0.464985 0.447796 0.894052 0.75406
18 0.686351 0.426044 0.445074 0.217517
3 0.563077 0.460847 0.68069 0.666473
10 0.448197 0.434455 0.877655 0.762181
7 0.373238 0.529872 0.714461 0.580626
3 0.655899 0.414153 0.437266 0.295824
15 0.618419 0.413573 0.570007 0.553364
28 0.475917 0.572506 0.869066 0.506961
17 0.617638 0.415893 0.504417 0.272622
10 0.618419 0.413573 0.570007 0.553364
14 0.373238 0.529872 0.714461 0.580626
11 0.637549 0.251088 0.273291 0.210122
21 0.475136 0.455336 0.911231 0.7471
16 0.475136 0.455336 0.911231 0.7471
6 0.475136 0.455336 0.911231 0.7471
15 0.473184 0.455916 0.908888 0.716937
19 0.475136 0.455336 0.911231 0.7471
32 0.475136 0.455336 0.911231 0.7471
3 0.473184 0.455916 0.908888 0.716937
18 0.475136 0.455336 0.911231 0.7471
27 0.472403 0.454756 0.897956 0.761021
7 0.465376 0.488109 0.88234 0.657193
20 0.473184 0.455916 0.908888 0.716937
35 0.472403 0.454756 0.897956 0.761021
33 0.475136 0.455336 0.911231 0.7471
0 0.475136 0.455336 0.911231 0.7471
13 0.470842 0.440835 0.907326 0.693735
28 0.475136 0.455336 0.911231 0.7471
23 0.473184 0.455916 0.908888 0.716937
12 0.473184 0.455916 0.908888 0.716937
9 0.475136 0.455336 0.911231 0.7471
1 0.475136 0.455336 0.911231 0.7471
14 0.475136 0.455336 0.911231 0.7471
30 0.473184 0.455916 0.908888 0.716937
22 0.473184 0.455916 0.908888 0.716937
26 0.473184 0.455916 0.908888 0.716937
2 0.465766 0.478538 0.881559 0.662413
4 0.444293 0.439385 0.85423 0.736079
24 0.470842 0.489269 0.897956 0.691995
17 0.465376 0.488109 0.88234 0.657193
34 0.475136 0.455336 0.911231 0.7471
25 0.473184 0.454176 0.902642 0.718098
11 0.476307 0.462877 0.908888 0.700696
8 0.465766 0.478538 0.881559 0.662413
31 0.464204 0.459977 0.883121 0.665893
4 0.251623 0.37036 0.466547 0.573666
4 0.43219 0.313515 0.831586 0.477378
29 0.475136 0.455336 0.911231 0.7471
35 0.251623 0.37036 0.466547 0.573666
5 0.470842 0.440835 0.907326 0.693735
10 0.475917 0.455046 0.909669 0.678074
27 0.251623 0.37036 0.466547 0.573666
17 0.563858 0.399724 0.676005 0.512616
20 0.446245 0.322216 0.851887 0.486659
12 0.446245 0.322216 0.851887 0.486659
35 0.43219 0.313515 0.831586 0.477378
4 0.530575 0.376378 0.745694 0.465342
27 0.543361 0.393562 0.716999 0.483179
22 0.466157 0.312065 0.90108 0.481439
18 0.43219 0.313515 0.831586 0.477378
18 0.530575 0.376378 0.745694 0.465342
14 0.466157 0.312065 0.90108 0.481439
14 0.563858 0.399724 0.676005 0.512616
17 0.255918 0.18605 0.19755 0.24391
25 0.446245 0.322216 0.851887 0.486659
4 0.204627 0.347375 0.374702 0.444461
7 0.543361 0.393562 0.716999 0.483179
31 0.446245 0.322216 0.851887 0.486659
35 0.530575 0.376378 0.745694 0.465342
12 0.251623 0.37036 0.466547 0.573666
3 0.446245 0.322216 0.851887 0.486659
27 0.43219 0.313515 0.831586 0.477378
23 0.471622 0.331497 0.904203 0.5029
17 0.43219 0.313515 0.831586 0.477378
34 0.251623 0.37036 0.466547 0.573666
10 0.446245 0.322216 0.851887 0.486659
13 0.466157 0.312065 0.90108 0.481439
10 0.501294 0.381671 0.812065 0.470998
34 0.563858 0.399724 0.676005 0.512616
8 0.255918 0.18605 0.19755 0.24391
34 0.43219 0.313515 0.831586 0.477378
28 0.543361 0.393562 0.716999 0.483179
21 0.530575 0.376378 0.745694 0.465342
1 0.446245 0.322216 0.851887 0.486659
27 0.204627 0.347375 0.374702 0.444461
3 0.257674 0.187065 0.196379 0.241879
19 0.471622 0.331497 0.904203 0.5029
35 0.204627 0.347375 0.374702 0.444461
11 0.255918 0.18605 0.19755 0.24391
9 0.530575 0.376378 0.745694 0.465342
31 0.251623 0.37036 0.466547 0.573666
25 0.251623 0.37036 0.466547 0.573666
18 0.283247 0.316705 0.529014 0.482599
2 0.501294 0.381671 0.812065 0.470998
18 0.255918 0.18605 0.19755 0.24391
13 0.501294 0.381671 0.812065 0.470998
15 0.446245 0.322216 0.851887 0.486659
0 0.255918 0.18605 0.19755 0.24391
31 0.501294 0.381671 0.812065 0.470998
12 0.204627 0.347375 0.374702 0.444461
15 0.255918 0.18605 0.19755 0.24391
14 0.251623 0.37036 0.466547 0.573666
2 0.598898 0.367169 0.609049 0.432715
21 0.446245 0.322216 0.851887 0.486659
5 0.471622 0.331497 0.904203 0.5029
3 0.530575 0.376378 0.745694 0.465342
12 0.530575 0.376378 0.745694 0.465342
5 0.563858 0.399724 0.676005 0.512616
31 0.598898 0.367169 0.609049 0.432715
8 0.501294 0.381671 0.812065 0.470998
11 0.446245 0.322216 0.851887 0.486659
17 0.283247 0.316705 0.529014 0.482599
35 0.203016 0.440763 0.372457 0.55699
25 0.204627 0.347375 0.374702 0.444461
28 0.251623 0.37036 0.466547 0.573666
8 0.433362 0.305394 0.833928 0.465777
19 0.543361 0.393562 0.716999 0.483179
34 0.692598 0.364342 0.423211 0.429089
14 0.255918 0.18605 0.19755 0.24391
16 0.471622 0.331497 0.904203 0.5029
21 0.283247 0.316705 0.529014 0.482599
17 0.502075 0.566705 0.799572 0.460557
25 0.543361 0.393562 0.716999 0.483179
18 0.249671 0.454176 0.461081 0.741299
30 0.446245 0.322216 0.851887 0.486659
4 0.203016 0.440763 0.372457 0.55699
24 0.257674 0.187065 0.196379 0.241879
17 0.692598 0.364342 0.423211 0.429089
15 0.530575 0.376378 0.745694 0.465342
20 0.255918 0.18605 0.19755 0.24391
31 0.432581 0.25493 0.815188 0.363689
24 0.563858 0.399724 0.676005 0.512616
29 0.543361 0.393562 0.716999 0.483179
12 0.255918 0.18605 0.19755 0.24391
3 0.251623 0.37036 0.466547 0.573666
18 0.180958 0.417923 0.330682 0.243039
20 0.530575 0.376378 0.745694 0.465342
26 0.25787 0.186485 0.193256 0.241879
7 0.47865 0.344838 0.91045 0.516821
27 0.203016 0.440763 0.372457 0.55699
16 0.255918 0.18605 0.19755 0.24391
28 0.258455 0.185615 0.199112 0.240719
1 0.543361 0.393562 0.716999 0.483179
13 0.598898 0.367169 0.609049 0.432715
23 0.257674 0.187065 0.196379 0.241879
17 0.68557 0.264791 0.176468 0.241299
2 0.466157 0.312065 0.90108 0.481439
23 0.52589 0.349768 0.764434 0.400232
34 0.204627 0.347375 0.374702 0.444461
31 0.204627 0.347375 0.374702 0.444461
33 0.563663 0.365139 0.687327 0.449536
33 0.249671 0.454176 0.461081 0.741299
22 0.501294 0.381671 0.812065 0.470998
14 0.502075 0.566705 0.799572 0.460557
6 0.249671 0.454176 0.461081 0.741299
