33 0.454687 0.446875 0.909375 0.807812
1 0.454687 0.446875 0.909375 0.807812
14 0.450781 0.445312 0.901562 0.801562
21 0.450781 0.445312 0.901562 0.801562
34 0.486719 0.449219 0.959375 0.807812
15 0.450781 0.445312 0.901562 0.801562
0 0.454687 0.446875 0.909375 0.807812
19 0.489844 0.450781 0.975 0.803125
7 0.486719 0.449219 0.959375 0.807812
3 0.450781 0.445312 0.901562 0.801562
4 0.450781 0.445312 0.901562 0.801562
27 0.454687 0.446875 0.909375 0.807812
20 0.440625 0.447656 0.88125 0.803125
35 0.454687 0.446875 0.909375 0.807812
22 0.440625 0.447656 0.88125 0.803125
18 0.450781 0.445312 0.901562 0.801562
26 0.478906 0.444141 0.957812 0.810156
24 0.489844 0.45791 0.954687 0.781055
8 0.432812 0.445312 0.865625 0.796875
16 0.965625 0.558594 0.01875 0.160937
6 0.483203 0.444531 0.955469 0.804688
7 0.524219 0.593359 0.923437 0.489844
16 0.486719 0.449219 0.959375 0.807812
14 0.582031 0.571875 0.826562 0.545312
23 0.476562 0.446484 0.94375 0.805469
19 0.582031 0.571875 0.826562 0.545312
32 0.486719 0.449219 0.959375 0.807812
27 0.582031 0.571875 0.826562 0.545312
5 0.965625 0.558594 0.01875 0.160937
9 0.450781 0.445312 0.901562 0.801562
1 0.524219 0.593359 0.923437 0.489844
34 0.503906 0.609766 0.939062 0.435156
18 0.548047 0.591797 0.891406 0.513281
35 0.524219 0.593359 0.923437 0.489844
18 0.224023 0.310547 0.448047 0.515625
2 0.483203 0.444531 0.955469 0.804688
12 0.478906 0.444141 0.957812 0.810156
18 0.341406 0.303223 0.680469 0.493555
22 0.341406 0.303223 0.680469 0.493555
21 0.548047 0.591797 0.891406 0.513281
21 0.341406 0.303223 0.680469 0.493555
1 0.341406 0.303223 0.680469 0.493555
14 0.341406 0.303223 0.680469 0.493555
4 0.548047 0.591797 0.891406 0.513281
25 0.405078 0.438965 0.810156 0.775195
33 0.524219 0.593359 0.923437 0.489844
35 0.341406 0.303223 0.680469 0.493555
15 0.965625 0.558594 0.01875 0.160937
3 0.559375 0.546875 0.870312 0.601562
31 0.432812 0.445312 0.865625 0.796875
34 0.341406 0.303223 0.680469 0.493555
11 0.440625 0.447656 0.88125 0.803125
9 0.572656 0.626953 0.840625 0.421094
15 0.559375 0.546875 0.870312 0.601562
5 0.960938 0.55625 0.03125 0.158594
26 0.582031 0.571875 0.826562 0.545312
13 0.483203 0.444531 0.955469 0.804688
28 0.49375 0.459277 0.96875 0.767383
31 0.548047 0.591797 0.891406 0.513281
22 0.582031 0.571875 0.826562 0.545312
2 0.572656 0.626953 0.840625 0.421094
27 0.49375 0.607031 0.95625 0.45
21 0.224023 0.310547 0.448047 0.515625
32 0.592871 0.611719 0.798633 0.453125
24 0.524219 0.593359 0.923437 0.489844
16 0.971875 0.59375 0.0562501 0.2375
20 0.548047 0.591797 0.891406 0.513281
16 0.210547 0.306641 0.421094 0.497656
11 0.341406 0.303223 0.680469 0.493555
20 0.341406 0.303223 0.680469 0.493555
7 0.632031 0.623828 0.729687 0.400781
20 0.224023 0.310547 0.448047 0.515625
22 0.224023 0.310547 0.448047 0.515625
11 0.524219 0.593359 0.923437 0.489844
4 0.341406 0.303223 0.680469 0.493555
1 0.224023 0.310547 0.448047 0.515625
8 0.572656 0.626953 0.840625 0.421094
16 0.959375 0.55625 0.0359375 0.159375
28 0.524219 0.593359 0.923437 0.489844
14 0.49375 0.607031 0.95625 0.45
15 0.210547 0.306641 0.421094 0.497656
3 0.210547 0.306641 0.421094 0.497656
15 0.960938 0.55625 0.03125 0.158594
34 0.632031 0.623828 0.729687 0.400781
17 0.384375 0.430469 0.76875 0.757812
34 0.436328 0.524609 0.872656 0.619531
6 0.524219 0.593359 0.923437 0.489844
30 0.489844 0.45791 0.954687 0.781055
0 0.524219 0.593359 0.923437 0.489844
15 0.280078 0.335547 0.560156 0.575
25 0.461719 0.608203 0.923437 0.447656
1 0.632031 0.623828 0.729687 0.400781
1 0.379785 0.52041 0.75918 0.618555
23 0.224023 0.310547 0.448047 0.515625
25 0.224023 0.310547 0.448047 0.515625
3 0.592871 0.611719 0.798633 0.453125
16 0.292773 0.30459 0.298047 0.498633
16 0.582031 0.571875 0.826562 0.545312
35 0.210547 0.306641 0.421094 0.497656
33 0.254687 0.301953 0.508594 0.491406
35 0.632031 0.623828 0.729687 0.400781
35 0.379785 0.52041 0.75918 0.618555
7 0.343945 0.430469 0.687109 0.760937
3 0.341406 0.303223 0.680469 0.493555
18 0.632031 0.623828 0.729687 0.400781
12 0.533203 0.568652 0.914844 0.55332
11 0.78125 0.582812 0.428125 0.235937
13 0.280078 0.335547 0.560156 0.575
17 0.341406 0.303223 0.680469 0.493555
14 0.281641 0.423047 0.563281 0.766406
17 0.744922 0.611328 0.489844 0.200781
11 0.632031 0.623828 0.729687 0.400781
21 0.281641 0.423047 0.563281 0.766406
17 0.792969 0.582422 0.407812 0.241406
4 0.632031 0.623828 0.729687 0.400781
10 0.44375 0.432422 0.865625 0.794531
27 0.379785 0.52041 0.75918 0.618555
14 0.632031 0.623828 0.729687 0.400781
0 0.379785 0.52041 0.75918 0.618555
10 0.572656 0.626953 0.840625 0.421094
27 0.632031 0.623828 0.729687 0.400781
15 0.461719 0.608203 0.923437 0.447656
23 0.281641 0.423047 0.563281 0.766406
28 0.611816 0.629688 0.773242 0.4
21 0.632031 0.623828 0.729687 0.400781
23 0.341406 0.303223 0.680469 0.493555
0 0.923437 0.58125 0.15 0.215625
34 0.343945 0.430469 0.687109 0.760937
23 0.533203 0.568652 0.914844 0.55332
25 0.490625 0.521973 0.959375 0.616992
8 0.592187 0.54375 0.80625 0.582812
2 0.673437 0.521777 0.646875 0.595508
22 0.632031 0.623828 0.729687 0.400781
4 0.224023 0.310547 0.448047 0.515625
0 0.611816 0.629688 0.773242 0.4
27 0.254687 0.301953 0.508594 0.491406
31 0.280078 0.335547 0.560156 0.575
35 0.466406 0.45 0.923437 0.7875
4 0.466406 0.45 0.923437 0.7875
27 0.466406 0.45 0.923437 0.7875
18 0.466406 0.45 0.923437 0.7875
21 0.489062 0.451465 0.978125 0.79082
21 0.524219 0.647656 0.939062 0.407813
16 0.512891 0.65 0.946094 0.410938
34 0.466406 0.45 0.923437 0.7875
3 0.454297 0.453809 0.900781 0.779883
18 0.512891 0.65 0.946094 0.410938
20 0.512891 0.65 0.946094 0.410938
3 0.512891 0.65 0.946094 0.410938
19 0.512891 0.65 0.946094 0.410938
16 0.503516 0.462598 0.961719 0.787305
6 0.466406 0.45 0.923437 0.7875
20 0.454297 0.453809 0.900781 0.779883
7 0.532812 0.639062 0.903125 0.384375
27 0.512891 0.645703 0.949219 0.411719
13 0.4875 0.454687 0.975 0.78125
35 0.512891 0.645703 0.949219 0.411719
12 0.503516 0.462598 0.961719 0.787305
17 0.466406 0.45 0.923437 0.7875
15 0.527344 0.649609 0.939062 0.410156
31 0.4875 0.454687 0.975 0.78125
33 0.466406 0.45 0.923437 0.7875
14 0.466406 0.45 0.923437 0.7875
28 0.482031 0.446484 0.964062 0.796094
17 0.524219 0.647656 0.939062 0.407813
28 0.508594 0.635156 0.95625 0.378125
34 0.517187 0.632422 0.948437 0.375781
1 0.524219 0.647656 0.939062 0.407813
15 0.454297 0.453809 0.900781 0.779883
19 0.503516 0.462598 0.961719 0.787305
23 0.512891 0.65 0.946094 0.410938
2 0.4875 0.454687 0.975 0.78125
11 0.4875 0.454687 0.975 0.78125
12 0.512891 0.65 0.946094 0.410938
13 0.507031 0.624609 0.954687 0.439844
7 0.489062 0.451465 0.978125 0.79082
32 0.490234 0.451172 0.972656 0.791406
14 0.512891 0.65 0.946094 0.410938
4 0.566797 0.622656 0.832031 0.351562
23 0.503516 0.462598 0.961719 0.787305
25 0.40625 0.456152 0.801562 0.781445
5 0.564062 0.638281 0.835938 0.367188
17 0.605566 0.601172 0.75918 0.294531
2 0.597754 0.619922 0.776367 0.338281
7 0.605566 0.601172 0.75918 0.294531
35 0.605566 0.601172 0.75918 0.294531
1 0.489062 0.451465 0.978125 0.79082
30 0.512891 0.65 0.946094 0.410938
10 0.4125 0.454687 0.8125 0.789062
22 0.454297 0.453809 0.900781 0.779883
9 0.489062 0.451465 0.978125 0.79082
22 0.512891 0.65 0.946094 0.410938
31 0.527344 0.649609 0.939062 0.410156
5 0.437891 0.447266 0.861719 0.791406
29 0.489062 0.451465 0.978125 0.79082
0 0.407812 0.447266 0.8 0.783594
30 0.503516 0.462598 0.961719 0.787305
13 0.597754 0.619922 0.776367 0.338281
8 0.4875 0.454687 0.975 0.78125
27 0.605566 0.601172 0.75918 0.294531
2 0.527344 0.649609 0.939062 0.410156
9 0.527344 0.649609 0.939062 0.410156
14 0.605566 0.601172 0.75918 0.294531
32 0.512891 0.645703 0.949219 0.411719
24 0.482031 0.446484 0.964062 0.796094
31 0.673535 0.609766 0.616992 0.288281
33 0.263672 0.445312 0.524219 0.78125
4 0.673535 0.609766 0.616992 0.288281
2 0.673535 0.609766 0.616992 0.288281
18 0.597754 0.619922 0.776367 0.338281
5 0.673535 0.609766 0.616992 0.288281
13 0.673535 0.609766 0.616992 0.288281
31 0.597754 0.619922 0.776367 0.338281
11 0.512891 0.65 0.946094 0.410938
3 0.597754 0.619922 0.776367 0.338281
1 0.605566 0.601172 0.75918 0.294531
21 0.597754 0.619922 0.776367 0.338281
6 0.512891 0.645703 0.949219 0.411719
29 0.524219 0.647656 0.939062 0.407813
26 0.512891 0.645703 0.949219 0.411719
25 0.566797 0.622656 0.832031 0.351562
4 0.212305 0.103467 0.408203 0.166504
28 0.605566 0.601172 0.75918 0.294531
3 0.748828 0.612891 0.485156 0.180469
4 0.263672 0.445312 0.524219 0.78125
34 0.605566 0.601172 0.75918 0.294531
5 0.212305 0.103467 0.408203 0.166504
24 0.517187 0.632422 0.948437 0.375781
20 0.597754 0.619922 0.776367 0.338281
33 0.512891 0.645703 0.949219 0.411719
0 0.508594 0.635156 0.95625 0.378125
27 0.263672 0.445312 0.524219 0.78125
22 0.263672 0.445312 0.524219 0.78125
18 0.673535 0.609766 0.616992 0.288281
3 0.673535 0.609766 0.616992 0.288281
32 0.263672 0.445312 0.524219 0.78125
26 0.486719 0.461719 0.973437 0.785937
15 0.605566 0.601172 0.75918 0.294531
17 0.761719 0.602344 0.459375 0.260937
35 0.263672 0.445312 0.524219 0.78125
20 0.673535 0.609766 0.616992 0.288281
1 0.211719 0.116992 0.405469 0.130078
0 0.50625 0.524219 0.9625 0.6125
4 0.507031 0.624609 0.954687 0.439844
1 0.263672 0.445312 0.524219 0.78125
7 0.211719 0.116992 0.405469 0.130078
25 0.673535 0.609766 0.616992 0.288281
27 0.209961 0.0945312 0.409766 0.177734
35 0.209375 0.118555 0.410156 0.126172
17 0.211719 0.116992 0.405469 0.130078
10 0.564062 0.638281 0.835938 0.367188
34 0.209375 0.118555 0.410156 0.126172
22 0.597754 0.619922 0.776367 0.338281
18 0.211719 0.116992 0.405469 0.130078
10 0.263672 0.445312 0.524219 0.78125
25 0.507031 0.624609 0.954687 0.439844
9 0.597754 0.619922 0.776367 0.338281
15 0.212305 0.103467 0.408203 0.166504
3 0.263672 0.445312 0.524219 0.78125
18 0.263672 0.445312 0.524219 0.78125
28 0.339258 0.44209 0.671484 0.783008
26 0.605566 0.601172 0.75918 0.294531
22 0.212305 0.103467 0.408203 0.166504
32 0.605566 0.601172 0.75918 0.294531
3 0.212305 0.103467 0.408203 0.166504
25 0.212305 0.103467 0.408203 0.166504
0 0.201221 0.444141 0.397559 0.782031
8 0.517969 0.613672 0.929687 0.447656
23 0.597754 0.619922 0.776367 0.338281
22 0.673535 0.609766 0.616992 0.288281
5 0.76875 0.613281 0.4375 0.179688
3 0.666406 0.616016 0.4625 0.247656
21 0.263672 0.445312 0.524219 0.78125
31 0.339258 0.449609 0.672266 0.792969
16 0.359961 0.44375 0.708984 0.785937
4 0.585547 0.557422 0.796094 0.464844
10 0.212305 0.103467 0.408203 0.166504
14 0.212305 0.103467 0.408203 0.166504
9 0.211719 0.116992 0.405469 0.130078
33 0.211719 0.116992 0.405469 0.130078
10 0.585547 0.557422 0.796094 0.464844
34 0.263672 0.445312 0.524219 0.78125
24 0.605566 0.601172 0.75918 0.294531
31 0.212305 0.103467 0.408203 0.166504
15 0.263672 0.445312 0.524219 0.78125
21 0.211719 0.116992 0.405469 0.130078
19 0.359961 0.44375 0.708984 0.785937
9 0.263672 0.445312 0.524219 0.78125
21 0.673535 0.609766 0.616992 0.288281
33 0.145117 0.441797 0.286328 0.772656
15 0.585547 0.557422 0.796094 0.464844
12 0.673535 0.609766 0.616992 0.288281
33 0.748828 0.612891 0.485156 0.180469
13 0.213086 0.10957 0.403516 0.165234
5 0.585547 0.557422 0.796094 0.464844
32 0.211719 0.116992 0.405469 0.130078
30 0.359961 0.44375 0.708984 0.785937
2 0.330469 0.451172 0.659375 0.797656
34 0.761719 0.602344 0.459375 0.260937
30 0.212305 0.103467 0.408203 0.166504
30 0.597754 0.619922 0.776367 0.338281
10 0.673535 0.609766 0.616992 0.288281
24 0.339258 0.44209 0.671484 0.783008
15 0.741406 0.60625 0.495312 0.259375
29 0.605566 0.601172 0.75918 0.294531
12 0.585547 0.557422 0.796094 0.464844
20 0.212305 0.103467 0.408203 0.166504
33 0.605566 0.601172 0.75918 0.294531
35 0.761719 0.602344 0.459375 0.260937
16 0.597754 0.619922 0.776367 0.338281
2 0.2125 0.119531 0.404687 0.139062
7 0.263672 0.445312 0.524219 0.78125
12 0.359961 0.44375 0.708984 0.785937
17 0.917187 0.550781 0.11875 0.151563
19 0.209961 0.0945312 0.409766 0.177734
17 0.738672 0.615625 0.496094 0.167188
19 0.597754 0.619922 0.776367 0.338281
16 0.960938 0.55625 0.0296875 0.165625
5 0.263672 0.445312 0.524219 0.78125
14 0.761719 0.602344 0.459375 0.260937
19 0.673535 0.609766 0.616992 0.288281
9 0.673535 0.609766 0.616992 0.288281
17 0.263672 0.445312 0.524219 0.78125
7 0.761719 0.602344 0.459375 0.260937
1 0.741406 0.60625 0.495312 0.259375
25 0.263672 0.445312 0.524219 0.78125
18 0.748828 0.612891 0.485156 0.180469
3 0.515234 0.548828 0.950781 0.586719
15 0.917187 0.550781 0.11875 0.151563
23 0.673535 0.609766 0.616992 0.288281
28 0.201221 0.444141 0.397559 0.782031
25 0.50625 0.524219 0.9625 0.6125
24 0.76875 0.613281 0.4375 0.179688
0 0.209375 0.118555 0.410156 0.126172
13 0.211328 0.093457 0.407812 0.186914
2 0.761719 0.602344 0.459375 0.260937
18 0.917187 0.550781 0.11875 0.151563
23 0.76875 0.613281 0.4375 0.179688
35 0.208594 0.0929687 0.413281 0.185937
26 0.2125 0.119531 0.404687 0.139062
23 0.690234 0.612891 0.544531 0.207031
17 0.690234 0.612891 0.544531 0.207031
16 0.211719 0.116992 0.405469 0.130078
3 0.58584 0.620703 0.554883 0.363281
27 0.213672 0.125977 0.422656 0.135547
6 0.201221 0.444141 0.397559 0.782031
21 0.761719 0.602344 0.459375 0.260937
16 0.201221 0.444141 0.397559 0.782031
5 0.761719 0.602344 0.459375 0.260937
12 0.917187 0.550781 0.11875 0.151563
10 0.211328 0.093457 0.407812 0.186914
8 0.339258 0.449609 0.672266 0.792969
21 0.917187 0.550781 0.11875 0.151563
12 0.213672 0.125977 0.422656 0.135547
4 0.211133 0.0950195 0.410547 0.190039
30 0.691406 0.603125 0.584375 0.275
3 0.211328 0.093457 0.407812 0.186914
27 0.761719 0.602344 0.459375 0.260937
23 0.208594 0.0939453 0.416406 0.187891
26 0.917187 0.550781 0.11875 0.151563
24 0.201221 0.444141 0.397559 0.782031
31 0.634375 0.560937 0.695312 0.414062
13 0.634375 0.560937 0.695312 0.414062
5 0.211133 0.0950195 0.410547 0.190039
4 0.761719 0.602344 0.459375 0.260937
19 0.201221 0.444141 0.397559 0.782031
18 0.761719 0.602344 0.459375 0.260937
18 0.208594 0.0929687 0.413281 0.185937
2 0.211328 0.093457 0.407812 0.186914
12 0.203125 0.445312 0.4 0.795312
8 0.605566 0.601172 0.75918 0.294531
24 0.761719 0.602344 0.459375 0.260937
14 0.263672 0.445312 0.524219 0.78125
32 0.145117 0.441797 0.286328 0.772656
2 0.634375 0.560937 0.695312 0.414062
28 0.211719 0.116992 0.405469 0.130078
28 0.621875 0.607812 0.546875 0.334375
0 0.748828 0.612891 0.485156 0.180469
15 0.515234 0.548828 0.950781 0.586719
3 0.439844 0.448047 0.867187 0.807031
34 0.439844 0.448047 0.867187 0.807031
4 0.439844 0.448047 0.867187 0.807031
27 0.439844 0.448047 0.867187 0.807031
6 0.439844 0.448047 0.867187 0.807031
35 0.439844 0.448047 0.867187 0.807031
12 0.439844 0.448047 0.867187 0.807031
33 0.439844 0.448047 0.867187 0.807031
2 0.423437 0.444531 0.825 0.807812
8 0.423437 0.444531 0.825 0.807812
13 0.449609 0.442187 0.883594 0.814062
1 0.439844 0.448047 0.867187 0.807031
21 0.439844 0.448047 0.867187 0.807031
9 0.439844 0.448047 0.867187 0.807031
20 0.423437 0.444531 0.825 0.807812
17 0.445312 0.445703 0.890625 0.808594
25 0.423437 0.444531 0.825 0.807812
18 0.439844 0.448047 0.867187 0.807031
28 0.445312 0.445703 0.890625 0.808594
10 0.423437 0.444531 0.825 0.807812
29 0.445312 0.445703 0.890625 0.808594
15 0.439844 0.448047 0.867187 0.807031
11 0.439844 0.448047 0.867187 0.807031
7 0.445312 0.445703 0.890625 0.808594
14 0.449609 0.442187 0.883594 0.814062
32 0.439844 0.448047 0.867187 0.807031
22 0.423437 0.444531 0.825 0.807812
31 0.423437 0.444531 0.825 0.807812
24 0.427734 0.45791 0.855469 0.77793
23 0.449609 0.442187 0.883594 0.814062
0 0.439844 0.448047 0.867187 0.807031
19 0.449609 0.442187 0.883594 0.814062
5 0.439844 0.448047 0.867187 0.807031
30 0.439844 0.448047 0.867187 0.807031
4 0.236328 0.430566 0.472656 0.763867
12 0.471094 0.539453 0.935938 0.921094
17 0.471094 0.539453 0.935938 0.921094
16 0.439844 0.448047 0.867187 0.807031
34 0.471094 0.539453 0.935938 0.921094
12 0.236328 0.430566 0.472656 0.763867
27 0.471094 0.539453 0.935938 0.921094
35 0.471094 0.539453 0.935938 0.921094
4 0.471094 0.539453 0.935938 0.921094
34 0.236328 0.430566 0.472656 0.763867
35 0.236328 0.430566 0.472656 0.763867
28 0.471094 0.539453 0.935938 0.921094
26 0.449609 0.442187 0.883594 0.814062
4 0.21582 0.291016 0.431641 0.475781
12 0.21582 0.291016 0.431641 0.475781
6 0.471094 0.539453 0.935938 0.921094
25 0.236328 0.430566 0.472656 0.763867
17 0.236328 0.430566 0.472656 0.763867
16 0.117578 0.449219 0.05625 0.16875
35 0.21582 0.291016 0.431641 0.475781
15 0.471094 0.539453 0.935938 0.921094
24 0.471094 0.539453 0.935938 0.921094
27 0.236328 0.430566 0.472656 0.763867
29 0.471094 0.539453 0.935938 0.921094
3 0.471094 0.539453 0.935938 0.921094
2 0.471094 0.539453 0.935938 0.921094
32 0.471094 0.539453 0.935938 0.921094
7 0.471094 0.539453 0.935938 0.921094
33 0.471094 0.539453 0.935938 0.921094
25 0.471094 0.539453 0.935938 0.921094
12 0.503906 0.546484 0.976562 0.625781
27 0.503906 0.546484 0.976562 0.625781
29 0.236328 0.430566 0.472656 0.763867
3 0.236328 0.430566 0.472656 0.763867
25 0.21582 0.291016 0.431641 0.475781
18 0.471094 0.539453 0.935938 0.921094
21 0.471094 0.539453 0.935938 0.921094
8 0.471094 0.539453 0.935938 0.921094
27 0.21582 0.291016 0.431641 0.475781
35 0.503906 0.546484 0.976562 0.625781
3 0.223047 0.291797 0.446094 0.482031
1 0.471094 0.539453 0.935938 0.921094
34 0.21582 0.291016 0.431641 0.475781
5 0.471094 0.539453 0.935938 0.921094
31 0.236328 0.430566 0.472656 0.763867
20 0.236328 0.430566 0.472656 0.763867
3 0.503906 0.546484 0.976562 0.625781
17 0.503906 0.546484 0.976562 0.625781
18 0.21582 0.291016 0.431641 0.475781
18 0.236328 0.430566 0.472656 0.763867
7 0.503906 0.546484 0.976562 0.625781
13 0.275 0.450781 0.55 0.814062
34 0.503906 0.546484 0.976562 0.625781
12 0.413281 0.258984 0.826562 0.517969
9 0.471094 0.539453 0.935938 0.921094
0 0.471094 0.539453 0.935938 0.921094
20 0.471094 0.539453 0.935938 0.921094
33 0.118652 0.448437 0.0570313 0.165625
4 0.778906 0.601953 0.407812 0.252344
31 0.21582 0.291016 0.431641 0.475781
17 0.21582 0.291016 0.431641 0.475781
27 0.773828 0.596875 0.413281 0.259375
4 0.413281 0.258984 0.826562 0.517969
18 0.503906 0.546484 0.976562 0.625781
28 0.503906 0.546484 0.976562 0.625781
4 0.723828 0.580859 0.517969 0.294531
8 0.275 0.450781 0.55 0.814062
14 0.471094 0.539453 0.935938 0.921094
4 0.503906 0.546484 0.976562 0.625781
10 0.275 0.450781 0.55 0.814062
1 0.236328 0.430566 0.472656 0.763867
31 0.471094 0.539453 0.935938 0.921094
26 0.118652 0.448437 0.0570313 0.165625
2 0.237305 0.3875 0.474609 0.68125
11 0.236328 0.430566 0.472656 0.763867
19 0.503906 0.546484 0.976562 0.625781
35 0.413281 0.258984 0.826562 0.517969
9 0.503906 0.546484 0.976562 0.625781
3 0.773828 0.596875 0.413281 0.259375
27 0.540234 0.564062 0.891406 0.479687
30 0.471094 0.539453 0.935938 0.921094
33 0.262891 0.42666 0.525781 0.781055
5 0.236328 0.430566 0.472656 0.763867
