7 0.320312 0.41875 0.595312 0.568056
21 0.308984 0.388194 0.601562 0.608333
19 0.310352 0.397569 0.602734 0.61875
3 0.310352 0.397569 0.602734 0.61875
1 0.313672 0.388542 0.619531 0.64375
20 0.319922 0.401302 0.589062 0.525174
14 0.319922 0.401302 0.589062 0.525174
15 0.814844 0.507986 0.245313 0.204861
16 0.308984 0.388194 0.601562 0.608333
18 0.319922 0.401302 0.589062 0.525174
11 0.812305 0.504861 0.253516 0.204167
15 0.319922 0.401302 0.589062 0.525174
17 0.812305 0.504861 0.253516 0.204167
20 0.814844 0.507986 0.245313 0.204861
23 0.816406 0.506944 0.25 0.204167
0 0.310352 0.397569 0.602734 0.61875
18 0.816406 0.508681 0.248438 0.207639
27 0.310352 0.397569 0.602734 0.61875
16 0.816406 0.508681 0.248438 0.207639
32 0.310352 0.397569 0.602734 0.61875
7 0.814844 0.511806 0.246875 0.205556
33 0.310352 0.397569 0.602734 0.61875
26 0.319922 0.401302 0.589062 0.525174
26 0.814844 0.511806 0.246875 0.205556
0 0.810156 0.504167 0.25 0.203472
9 0.320312 0.41875 0.595312 0.568056
34 0.318164 0.430556 0.594922 0.602778
33 0.812305 0.504861 0.253516 0.204167
5 0.825 0.50625 0.259375 0.202778
21 0.815625 0.511111 0.245312 0.204167
8 0.812305 0.504861 0.253516 0.204167
14 0.825781 0.50625 0.259375 0.204167
22 0.315625 0.367014 0.614844 0.602083
3 0.812305 0.504861 0.253516 0.204167
35 0.816406 0.508681 0.248438 0.207639
35 0.310352 0.397569 0.602734 0.61875
19 0.816406 0.508681 0.248438 0.207639
22 0.816406 0.508681 0.248438 0.207639
18 0.154785 0.287847 0.308398 0.442361
6 0.310352 0.397569 0.602734 0.61875
1 0.815625 0.511111 0.245312 0.204167
2 0.814844 0.508333 0.248438 0.204167
2 0.345703 0.431163 0.540625 0.575174
13 0.814844 0.508333 0.248438 0.204167
9 0.815625 0.511111 0.245312 0.204167
18 0.311914 0.320139 0.623047 0.511111
34 0.321094 0.327083 0.641406 0.515278
23 0.422754 0.313194 0.407617 0.319444
13 0.319922 0.401302 0.589062 0.525174
31 0.815625 0.511111 0.245312 0.204167
30 0.816406 0.508681 0.248438 0.207639
24 0.341406 0.434722 0.550781 0.594444
4 0.814844 0.507986 0.245313 0.204861
32 0.816406 0.508681 0.248438 0.207639
7 0.318555 0.328559 0.633203 0.526215
11 0.46709 0.3 0.30332 0.259028
23 0.323242 0.405556 0.580078 0.532639
4 0.320312 0.41875 0.595312 0.568056
31 0.319922 0.401302 0.589062 0.525174
27 0.814844 0.511806 0.246875 0.205556
14 0.154785 0.287847 0.308398 0.442361
24 0.825 0.50625 0.259375 0.202778
30 0.308984 0.388194 0.601562 0.608333
17 0.46709 0.3 0.30332 0.259028
21 0.147168 0.247917 0.291602 0.360417
14 0.321094 0.327083 0.641406 0.515278
25 0.814844 0.508333 0.248438 0.204167
17 0.422754 0.313194 0.407617 0.319444
16 0.441406 0.656944 0.028125 0.133333
15 0.321094 0.327083 0.641406 0.515278
15 0.440625 0.649653 0.028125 0.125694
11 0.319922 0.401302 0.589062 0.525174
23 0.465625 0.290972 0.302344 0.252778
23 0.367578 0.342448 0.45 0.406771
23 0.156348 0.255903 0.239648 0.353472
34 0.814062 0.533333 0.248438 0.251389
25 0.35 0.360417 0.528906 0.431944
16 0.260937 0.3125 0.520312 0.4875
1 0.367188 0.435069 0.502344 0.577083
17 0.318164 0.430556 0.594922 0.602778
15 0.154785 0.287847 0.308398 0.442361
12 0.308984 0.388194 0.601562 0.608333
3 0.147168 0.247917 0.291602 0.360417
16 0.146484 0.733333 0.0476563 0.0388889
5 0.441406 0.656944 0.028125 0.133333
28 0.310742 0.420139 0.603516 0.643055
10 0.814844 0.508333 0.248438 0.204167
0 0.465625 0.290972 0.302344 0.252778
16 0.439844 0.620833 0.0328125 0.211111
24 0.321094 0.327083 0.641406 0.515278
21 0.465625 0.290972 0.302344 0.252778
17 0.156348 0.255903 0.239648 0.353472
26 0.465625 0.290972 0.302344 0.252778
3 0.439062 0.299306 0.371094 0.302778
23 0.813867 0.443837 0.253516 0.338715
14 0.821094 0.523611 0.229687 0.161111
7 0.154785 0.287847 0.308398 0.442361
22 0.154785 0.287847 0.308398 0.442361
11 0.156348 0.255903 0.239648 0.353472
4 0.813867 0.443837 0.253516 0.338715
20 0.154785 0.287847 0.308398 0.442361
27 0.260937 0.3125 0.520312 0.4875
9 0.311914 0.320139 0.623047 0.511111
16 0.245898 0.263194 0.417578 0.356944
8 0.345703 0.431163 0.540625 0.575174
20 0.813867 0.443837 0.253516 0.338715
23 0.149805 0.278472 0.298047 0.423611
33 0.260937 0.3125 0.520312 0.4875
16 0.147168 0.247917 0.291602 0.360417
4 0.154785 0.287847 0.308398 0.442361
14 0.813867 0.443837 0.253516 0.338715
23 0.117871 0.256641 0.235742 0.354774
7 0.440625 0.658333 0.03125 0.130556
4 0.318555 0.328559 0.633203 0.526215
8 0.831445 0.517361 0.208984 0.105556
35 0.154785 0.287847 0.308398 0.442361
21 0.367188 0.435069 0.502344 0.577083
4 0.35 0.360417 0.528906 0.431944
0 0.439062 0.299306 0.371094 0.302778
28 0.814062 0.53125 0.246875 0.244444
21 0.260937 0.3125 0.520312 0.4875
35 0.260937 0.3125 0.520312 0.4875
12 0.442969 0.65625 0.03125 0.1375
24 0.814258 0.541667 0.249609 0.272222
18 0.483984 0.288889 0.264844 0.223611
22 0.35 0.360417 0.528906 0.431944
1 0.260937 0.3125 0.520312 0.4875
3 0.816406 0.438889 0.248438 0.3375
15 0.440625 0.642361 0.0296875 0.175
33 0.465625 0.290972 0.302344 0.252778
26 0.142407 0.719444 0.184717 0.0722222
8 0.446875 0.307292 0.342187 0.293056
13 0.149805 0.278472 0.298047 0.423611
31 0.154785 0.287847 0.308398 0.442361
11 0.831445 0.517361 0.208984 0.105556
12 0.816992 0.505556 0.244141 0.204861
10 0.323242 0.405556 0.580078 0.532639
8 0.321094 0.327083 0.641406 0.515278
14 0.442187 0.64375 0.028125 0.1125
32 0.145508 0.250521 0.289062 0.364236
17 0.117871 0.256641 0.235742 0.354774
5 0.142407 0.719444 0.184717 0.0722222
3 0.35 0.360417 0.528906 0.431944
3 0.260937 0.3125 0.520312 0.4875
23 0.831445 0.517361 0.208984 0.105556
14 0.814258 0.541667 0.249609 0.272222
21 0.147437 0.255208 0.196143 0.372917
26 0.081665 0.734722 0.0589355 0.0388888
7 0.831445 0.517361 0.208984 0.105556
27 0.145508 0.250521 0.289062 0.364236
1 0.174805 0.305382 0.348828 0.480208
0 0.398437 0.324306 0.4625 0.348611
26 0.114062 0.720139 0.120703 0.0722222
11 0.439062 0.299306 0.371094 0.302778
10 0.442187 0.64375 0.028125 0.1125
6 0.827344 0.507986 0.264062 0.202778
16 0.18457 0.730556 0.0988281 0.0388889
33 0.403516 0.313889 0.447656 0.327778
10 0.813281 0.438194 0.251562 0.356944
33 0.156348 0.255903 0.239648 0.353472
17 0.277344 0.259679 0.480469 0.348698
0 0.142676 0.24809 0.279883 0.360764
11 0.11543 0.256293 0.230859 0.354774
32 0.260937 0.3125 0.520312 0.4875
34 0.813867 0.443837 0.253516 0.338715
18 0.200586 0.252431 0.391016 0.347917
11 0.154785 0.287847 0.308398 0.442361
18 0.813867 0.443837 0.253516 0.338715
34 0.45459 0.458681 0.764258 0.61875
9 0.154785 0.287847 0.308398 0.442361
8 0.367578 0.342448 0.45 0.406771
22 0.260937 0.3125 0.520312 0.4875
3 0.479687 0.285417 0.271094 0.227083
17 0.350195 0.338194 0.465234 0.372222
23 0.301514 0.360417 0.361816 0.370139
12 0.813867 0.443837 0.253516 0.338715
22 0.813867 0.443837 0.253516 0.338715
7 0.146484 0.733333 0.0476563 0.0388889
7 0.081665 0.734722 0.0589355 0.0388888
21 0.398437 0.324306 0.4625 0.348611
7 0.174805 0.729861 0.116016 0.0472222
16 0.831055 0.504861 0.209766 0.108333
21 0.80625 0.474306 0.226562 0.136111
17 0.174805 0.729861 0.116016 0.0472222
1 0.145508 0.250521 0.289062 0.364236
25 0.312109 0.381597 0.602344 0.64375
16 0.816406 0.438889 0.248438 0.3375
16 0.35 0.360417 0.528906 0.431944
11 0.142749 0.719444 0.182471 0.0680556
15 0.441016 0.601389 0.03125 0.222222
20 0.311914 0.320139 0.623047 0.511111
33 0.081665 0.734722 0.0589355 0.0388888
2 0.149805 0.278472 0.298047 0.423611
25 0.149805 0.278472 0.298047 0.423611
23 0.304883 0.321181 0.603516 0.526389
2 0.304688 0.354253 0.608594 0.577604
0 0.831445 0.517361 0.208984 0.105556
16 0.398437 0.324306 0.4625 0.348611
3 0.398437 0.324306 0.4625 0.348611
26 0.154785 0.287847 0.308398 0.442361
19 0.260937 0.3125 0.520312 0.4875
14 0.45459 0.458681 0.764258 0.61875
11 0.321094 0.327083 0.641406 0.515278
28 0.321094 0.327083 0.641406 0.515278
17 0.200586 0.252431 0.391016 0.347917
7 0.451172 0.655556 0.053125 0.152778
32 0.174805 0.305382 0.348828 0.480208
19 0.35 0.360417 0.528906 0.431944
33 0.174805 0.305382 0.348828 0.480208
8 0.277344 0.259679 0.480469 0.348698
17 0.081665 0.734722 0.0589355 0.0388888
14 0.115625 0.254687 0.230469 0.351736
23 0.277344 0.259679 0.480469 0.348698
1 0.465625 0.290972 0.302344 0.252778
17 0.442187 0.64375 0.028125 0.1125
0 0.5 0.287847 0.234375 0.220139
24 0.45459 0.458681 0.764258 0.61875
8 0.813281 0.438194 0.251562 0.356944
5 0.398437 0.324306 0.4625 0.348611
16 0.326562 0.443403 0.4125 0.20625
5 0.441016 0.601389 0.03125 0.222222
8 0.399609 0.285243 0.4625 0.273264
7 0.448047 0.606944 0.046875 0.240278
16 0.081665 0.734722 0.0589355 0.0388888
19 0.145508 0.250521 0.289062 0.364236
33 0.277344 0.259679 0.480469 0.348698
16 0.832031 0.535069 0.20625 0.152083
0 0.277344 0.259679 0.480469 0.348698
21 0.831445 0.517361 0.208984 0.105556
1 0.813867 0.443837 0.253516 0.338715
16 0.336719 0.346875 0.534375 0.395833
17 0.819531 0.521875 0.229687 0.181944
23 0.318945 0.345226 0.568359 0.399826
33 0.813281 0.510417 0.234375 0.202778
7 0.316797 0.347917 0.578125 0.397917
20 0.318945 0.345226 0.568359 0.399826
32 0.330664 0.344792 0.546484 0.391667
18 0.338672 0.338542 0.53125 0.408333
3 0.814062 0.515625 0.232813 0.209722
0 0.821094 0.519097 0.226562 0.189583
21 0.336719 0.346875 0.534375 0.395833
15 0.814062 0.515625 0.232813 0.209722
15 0.316797 0.347917 0.578125 0.397917
14 0.819531 0.521875 0.229687 0.181944
1 0.330664 0.344792 0.546484 0.391667
18 0.819531 0.521875 0.229687 0.181944
3 0.338672 0.338542 0.53125 0.408333
10 0.318945 0.345226 0.568359 0.399826
1 0.813281 0.510417 0.234375 0.202778
5 0.814062 0.515625 0.232813 0.209722
10 0.814062 0.515625 0.232813 0.209722
9 0.316797 0.347917 0.578125 0.397917
32 0.813281 0.510417 0.234375 0.202778
26 0.821094 0.519097 0.226562 0.189583
33 0.145215 0.268056 0.279883 0.373611
13 0.8125 0.515278 0.2375 0.209722
28 0.330664 0.344792 0.546484 0.391667
7 0.813281 0.509722 0.235937 0.204167
13 0.318945 0.345226 0.568359 0.399826
33 0.305078 0.315278 0.602344 0.465972
21 0.819531 0.521875 0.229687 0.181944
11 0.819531 0.521875 0.229687 0.181944
28 0.821094 0.519097 0.226562 0.189583
16 0.813281 0.510417 0.234375 0.202778
14 0.31582 0.349653 0.581641 0.397222
30 0.813281 0.510417 0.234375 0.202778
19 0.336719 0.346875 0.534375 0.395833
27 0.338672 0.338542 0.53125 0.408333
3 0.11875 0.256597 0.23125 0.359028
30 0.336719 0.346875 0.534375 0.395833
5 0.319141 0.347569 0.571094 0.401389
9 0.813281 0.510417 0.234375 0.202778
22 0.318945 0.345226 0.568359 0.399826
17 0.31582 0.349653 0.581641 0.397222
8 0.11875 0.256597 0.23125 0.359028
2 0.814062 0.515625 0.232813 0.209722
20 0.825 0.523611 0.217188 0.170833
24 0.819531 0.521875 0.229687 0.181944
35 0.338672 0.338542 0.53125 0.408333
32 0.145215 0.268056 0.279883 0.373611
26 0.31582 0.349653 0.581641 0.397222
22 0.813281 0.510417 0.234375 0.202778
19 0.813281 0.510417 0.234375 0.202778
18 0.131641 0.254167 0.254687 0.365278
0 0.137109 0.255903 0.2625 0.360417
17 0.11875 0.256597 0.23125 0.359028
28 0.11875 0.256597 0.23125 0.359028
1 0.145215 0.268056 0.279883 0.373611
35 0.813281 0.510417 0.234375 0.202778
2 0.316797 0.347917 0.578125 0.397917
24 0.31582 0.349653 0.581641 0.397222
8 0.81875 0.514931 0.232813 0.19375
3 0.385156 0.321701 0.4625 0.343403
1 0.136816 0.256597 0.186523 0.359028
34 0.813281 0.509722 0.235937 0.204167
14 0.11875 0.256597 0.23125 0.359028
20 0.11875 0.256597 0.23125 0.359028
5 0.14668 0.248437 0.293359 0.349653
34 0.31582 0.349653 0.581641 0.397222
0 0.338672 0.338542 0.53125 0.408333
24 0.11875 0.256597 0.23125 0.359028
23 0.821094 0.519097 0.226562 0.189583
7 0.145215 0.268056 0.279883 0.373611
10 0.145117 0.258333 0.282422 0.3625
12 0.318945 0.345226 0.568359 0.399826
4 0.814062 0.515625 0.232813 0.209722
31 0.8125 0.515278 0.2375 0.209722
4 0.318945 0.345226 0.568359 0.399826
13 0.14668 0.248437 0.293359 0.349653
6 0.330664 0.344792 0.546484 0.391667
12 0.819531 0.521875 0.229687 0.181944
33 0.136816 0.256597 0.186523 0.359028
27 0.813281 0.510417 0.234375 0.202778
16 0.807812 0.475 0.135937 0.0736111
27 0.145215 0.268056 0.279883 0.373611
21 0.136816 0.256597 0.186523 0.359028
11 0.11875 0.256597 0.23125 0.359028
6 0.813281 0.510417 0.234375 0.202778
4 0.152148 0.258507 0.298828 0.357986
2 0.291406 0.283333 0.58125 0.404167
31 0.318945 0.345226 0.568359 0.399826
12 0.11875 0.256597 0.23125 0.359028
25 0.8125 0.515278 0.2375 0.209722
22 0.145117 0.258333 0.282422 0.3625
10 0.291406 0.283333 0.58125 0.404167
15 0.137109 0.255903 0.2625 0.360417
9 0.145215 0.268056 0.279883 0.373611
16 0.120703 0.25625 0.230859 0.359722
4 0.291406 0.283333 0.58125 0.404167
33 0.363281 0.326476 0.529687 0.353993
8 0.318945 0.345226 0.568359 0.399826
29 0.316797 0.347917 0.578125 0.397917
16 0.811719 0.449653 0.139062 0.0451389
23 0.11875 0.256597 0.23125 0.359028
13 0.278125 0.262153 0.555469 0.370833
17 0.385156 0.321701 0.4625 0.343403
23 0.385156 0.321701 0.4625 0.343403
27 0.382812 0.315278 0.700781 0.459028
28 0.461426 0.336458 0.658398 0.418056
32 0.811719 0.449653 0.139062 0.0451389
32 0.382812 0.315278 0.700781 0.459028
21 0.152148 0.258507 0.298828 0.357986
1 0.291406 0.283333 0.58125 0.404167
15 0.291406 0.283333 0.58125 0.404167
33 0.361328 0.395139 0.663281 0.484722
23 0.811719 0.461806 0.239063 0.327778
5 0.811719 0.461806 0.239063 0.327778
3 0.382812 0.315278 0.700781 0.459028
0 0.13125 0.135417 0.252344 0.114236
9 0.291406 0.283333 0.58125 0.404167
2 0.14668 0.248437 0.293359 0.349653
31 0.14668 0.248437 0.293359 0.349653
7 0.361328 0.395139 0.663281 0.484722
35 0.142676 0.259722 0.270117 0.359028
25 0.319141 0.332552 0.567187 0.419618
18 0.13125 0.135417 0.252344 0.114236
19 0.382812 0.315278 0.700781 0.459028
10 0.811719 0.461806 0.239063 0.327778
3 0.141016 0.109549 0.271094 0.0625
13 0.811719 0.467448 0.239063 0.313715
30 0.152148 0.258507 0.298828 0.357986
34 0.145215 0.268056 0.279883 0.373611
18 0.461426 0.336458 0.658398 0.418056
32 0.440625 0.598611 0.0273438 0.208333
11 0.338672 0.338542 0.53125 0.408333
7 0.136816 0.256597 0.186523 0.359028
29 0.82832 0.519097 0.212109 0.184028
14 0.291406 0.283333 0.58125 0.404167
31 0.278125 0.262153 0.555469 0.370833
16 0.440625 0.593056 0.028125 0.225
14 0.440625 0.598611 0.0273438 0.208333
14 0.811719 0.449653 0.139062 0.0451389
26 0.11875 0.256597 0.23125 0.359028
35 0.461426 0.336458 0.658398 0.418056
8 0.291406 0.283333 0.58125 0.404167
15 0.802344 0.447917 0.129688 0.0451389
28 0.31875 0.426476 0.583594 0.552604
7 0.382812 0.315278 0.700781 0.459028
16 0.382812 0.315278 0.700781 0.459028
15 0.382812 0.315278 0.700781 0.459028
0 0.461426 0.336458 0.658398 0.418056
1 0.31875 0.426476 0.583594 0.552604
25 0.14668 0.248437 0.293359 0.349653
3 0.811719 0.461806 0.239063 0.327778
22 0.291406 0.283333 0.58125 0.404167
19 0.145215 0.268056 0.279883 0.373611
8 0.385156 0.321701 0.4625 0.343403
34 0.461426 0.336458 0.658398 0.418056
1 0.382812 0.315278 0.700781 0.459028
25 0.278125 0.262153 0.555469 0.370833
2 0.361328 0.395139 0.663281 0.484722
7 0.505078 0.45 0.952344 0.586111
17 0.343359 0.362847 0.417969 0.367361
4 0.108105 0.25434 0.207227 0.360764
6 0.145215 0.268056 0.279883 0.373611
18 0.291406 0.283333 0.58125 0.404167
28 0.804688 0.466667 0.173437 0.106944
5 0.291406 0.283333 0.58125 0.404167
18 0.804688 0.466667 0.173437 0.106944
21 0.291406 0.283333 0.58125 0.404167
31 0.141431 0.254167 0.181982 0.361806
33 0.505078 0.45 0.952344 0.586111
32 0.31875 0.426476 0.583594 0.552604
18 0.141016 0.109549 0.271094 0.0625
24 0.461426 0.336458 0.658398 0.418056
13 0.440625 0.593056 0.028125 0.225
28 0.400781 0.319965 0.414062 0.333681
9 0.382812 0.315278 0.700781 0.459028
8 0.804688 0.466667 0.173437 0.106944
3 0.442578 0.313715 0.328125 0.324653
17 0.141016 0.109549 0.271094 0.0625
3 0.343359 0.362847 0.417969 0.367361
17 0.811719 0.449653 0.139062 0.0451389
9 0.137891 0.256944 0.189063 0.361111
5 0.136816 0.256597 0.186523 0.359028
19 0.136816 0.256597 0.186523 0.359028
33 0.461426 0.336458 0.658398 0.418056
15 0.13125 0.135417 0.252344 0.114236
0 0.811719 0.449653 0.139062 0.0451389
14 0.807812 0.475 0.135937 0.0736111
4 0.461426 0.336458 0.658398 0.418056
21 0.382812 0.315278 0.700781 0.459028
16 0.430078 0.317708 0.372656 0.336806
27 0.291406 0.283333 0.58125 0.404167
0 0.141016 0.109549 0.271094 0.0625
2 0.811719 0.467448 0.239063 0.313715
24 0.505078 0.45 0.952344 0.586111
14 0.141016 0.109549 0.271094 0.0625
20 0.811719 0.461806 0.239063 0.327778
12 0.804688 0.466667 0.173437 0.106944
16 0.291406 0.283333 0.58125 0.404167
14 0.811719 0.461806 0.239063 0.327778
24 0.141016 0.109549 0.271094 0.0625
30 0.348047 0.316146 0.660937 0.463542
6 0.31875 0.426476 0.583594 0.552604
21 0.81875 0.477083 0.185938 0.127778
23 0.83125 0.522222 0.201562 0.143056
21 0.31875 0.426476 0.583594 0.552604
22 0.811719 0.461806 0.239063 0.327778
17 0.505078 0.45 0.952344 0.586111
5 0.425 0.319097 0.377344 0.342361
23 0.141016 0.109549 0.271094 0.0625
3 0.804688 0.466667 0.173437 0.106944
34 0.505078 0.45 0.952344 0.586111
12 0.461426 0.336458 0.658398 0.418056
13 0.107812 0.25625 0.204687 0.363194
17 0.457129 0.317014 0.30293 0.321528
34 0.291406 0.283333 0.58125 0.404167
7 0.291406 0.283333 0.58125 0.404167
29 0.124219 0.256597 0.228125 0.361806
6 0.137891 0.256944 0.189063 0.361111
17 0.291406 0.283333 0.58125 0.404167
17 0.804688 0.466667 0.173437 0.106944
1 0.807812 0.468056 0.16875 0.110417
3 0.291406 0.283333 0.58125 0.404167
18 0.361328 0.395139 0.663281 0.484722
16 0.811719 0.461806 0.239063 0.327778
5 0.13125 0.135417 0.252344 0.114236
21 0.400781 0.319965 0.414062 0.333681
13 0.361328 0.395139 0.663281 0.484722
5 0.141016 0.109549 0.271094 0.0625
15 0.811719 0.461806 0.239063 0.327778
31 0.811719 0.467448 0.239063 0.313715
3 0.83125 0.522222 0.201562 0.143056
15 0.361328 0.395139 0.663281 0.484722
14 0.505078 0.45 0.952344 0.586111
0 0.804688 0.466667 0.173437 0.106944
34 0.811719 0.461806 0.239063 0.327778
16 0.81543 0.450694 0.141016 0.0319444
18 0.811719 0.461806 0.239063 0.327778
24 0.814258 0.543056 0.240234 0.263889
32 0.108105 0.25434 0.207227 0.360764
33 0.80293 0.574653 0.256641 0.325694
32 0.80293 0.574653 0.256641 0.325694
14 0.804688 0.466667 0.173437 0.106944
4 0.811719 0.461806 0.239063 0.327778
21 0.141016 0.109549 0.271094 0.0625
23 0.343359 0.362847 0.417969 0.367361
0 0.329297 0.421441 0.553125 0.539062
17 0.814258 0.543056 0.240234 0.263889
35 0.329297 0.421441 0.553125 0.539062
24 0.13125 0.135417 0.252344 0.114236
18 0.7875 0.518055 0.28125 0.229167
0 0.425 0.319097 0.377344 0.342361
11 0.804688 0.466667 0.173437 0.106944
27 0.393359 0.415191 0.552344 0.52934
1 0.343359 0.362847 0.417969 0.367361
14 0.382812 0.315278 0.700781 0.459028
29 0.361328 0.395139 0.663281 0.484722
11 0.141016 0.109549 0.271094 0.0625
23 0.457129 0.317014 0.30293 0.321528
7 0.810937 0.515278 0.242188 0.202778
4 0.812305 0.514583 0.241016 0.203472
3 0.8125 0.516667 0.240625 0.198611
9 0.812305 0.514583 0.241016 0.203472
33 0.812305 0.514583 0.241016 0.203472
33 0.3125 0.474653 0.609375 0.895139
3 0.317969 0.316319 0.589844 0.459028
33 0.314648 0.297917 0.611328 0.497222
17 0.810937 0.515278 0.242188 0.202778
15 0.810937 0.515278 0.242188 0.202778
17 0.316992 0.375694 0.588672 0.484722
10 0.8125 0.516667 0.240625 0.198611
32 0.812305 0.514583 0.241016 0.203472
4 0.314648 0.297917 0.611328 0.497222
5 0.8125 0.516667 0.240625 0.198611
34 0.317969 0.316319 0.589844 0.459028
18 0.812305 0.514583 0.241016 0.203472
1 0.810937 0.515278 0.242188 0.202778
2 0.812305 0.514583 0.241016 0.203472
14 0.810937 0.515278 0.242188 0.202778
29 0.810937 0.515278 0.242188 0.202778
27 0.812305 0.514583 0.241016 0.203472
20 0.812305 0.514583 0.241016 0.203472
9 0.317969 0.316319 0.589844 0.459028
18 0.317969 0.316319 0.589844 0.459028
25 0.812305 0.514583 0.241016 0.203472
31 0.812305 0.514583 0.241016 0.203472
12 0.317969 0.316319 0.589844 0.459028
27 0.317969 0.316319 0.589844 0.459028
0 0.812305 0.514583 0.241016 0.203472
7 0.316992 0.375694 0.588672 0.484722
35 0.314648 0.297917 0.611328 0.497222
28 0.316992 0.375694 0.588672 0.484722
8 0.317969 0.316319 0.589844 0.459028
34 0.317187 0.420226 0.590625 0.688715
4 0.317187 0.420226 0.590625 0.688715
35 0.810937 0.515278 0.242188 0.202778
21 0.810937 0.515278 0.242188 0.202778
32 0.314648 0.297917 0.611328 0.497222
10 0.316797 0.295486 0.588281 0.50625
2 0.316992 0.375694 0.588672 0.484722
1 0.317187 0.420226 0.590625 0.688715
13 0.814062 0.517361 0.242188 0.195833
9 0.317187 0.420226 0.590625 0.688715
25 0.314648 0.297917 0.611328 0.497222
1 0.317969 0.316319 0.589844 0.459028
3 0.317187 0.420226 0.590625 0.688715
19 0.812305 0.514583 0.241016 0.203472
8 0.317187 0.420226 0.590625 0.688715
13 0.321484 0.348698 0.580469 0.406771
29 0.317773 0.342361 0.587109 0.409028
30 0.812305 0.514583 0.241016 0.203472
27 0.317187 0.420226 0.590625 0.688715
32 0.317187 0.420226 0.590625 0.688715
14 0.316992 0.375694 0.588672 0.484722
5 0.316992 0.375694 0.588672 0.484722
6 0.812305 0.514583 0.241016 0.203472
16 0.812305 0.514583 0.241016 0.203472
21 0.317773 0.342361 0.587109 0.409028
22 0.812305 0.514583 0.241016 0.203472
35 0.3125 0.474653 0.609375 0.895139
20 0.317969 0.316319 0.589844 0.459028
8 0.812305 0.514583 0.241016 0.203472
34 0.810937 0.515278 0.242188 0.202778
28 0.810937 0.515278 0.242188 0.202778
6 0.3125 0.474653 0.609375 0.895139
25 0.3125 0.474653 0.609375 0.895139
29 0.317187 0.420226 0.590625 0.688715
2 0.3125 0.474653 0.609375 0.895139
11 0.813867 0.515278 0.234766 0.194444
16 0.440234 0.65243 0.028125 0.134028
12 0.8125 0.516667 0.240625 0.198611
4 0.414844 0.467361 0.80625 0.893055
2 0.314062 0.291319 0.609375 0.511806
12 0.317187 0.420226 0.590625 0.688715
10 0.3125 0.474653 0.609375 0.895139
6 0.314648 0.297917 0.611328 0.497222
0 0.3125 0.474653 0.609375 0.895139
19 0.321484 0.348698 0.580469 0.406771
24 0.316992 0.375694 0.588672 0.484722
16 0.316797 0.295486 0.588281 0.50625
26 0.81543 0.519792 0.234766 0.1875
18 0.317187 0.420226 0.590625 0.688715
24 0.810937 0.515278 0.242188 0.202778
23 0.814062 0.517361 0.242188 0.195833
23 0.321484 0.348698 0.580469 0.406771
7 0.3125 0.474653 0.609375 0.895139
28 0.3125 0.474653 0.609375 0.895139
0 0.317969 0.316319 0.589844 0.459028
14 0.440234 0.65243 0.028125 0.134028
15 0.317969 0.316319 0.589844 0.459028
35 0.318555 0.416667 0.583203 0.541667
7 0.314062 0.291319 0.609375 0.511806
33 0.318555 0.416667 0.583203 0.541667
13 0.440234 0.65243 0.028125 0.134028
17 0.314062 0.291319 0.609375 0.511806
21 0.317187 0.420226 0.590625 0.688715
3 0.414844 0.467361 0.80625 0.893055
11 0.317969 0.316319 0.589844 0.459028
16 0.148535 0.735417 0.189648 0.0430556
20 0.3125 0.474653 0.609375 0.895139
16 0.181641 0.729861 0.116797 0.0486111
24 0.3125 0.474653 0.609375 0.895139
16 0.442969 0.642708 0.0335938 0.165972
8 0.414844 0.467361 0.80625 0.893055
17 0.3125 0.474653 0.609375 0.895139
26 0.316992 0.375694 0.588672 0.484722
22 0.314648 0.297917 0.611328 0.497222
33 0.438281 0.642708 0.025 0.114583
5 0.440234 0.65243 0.028125 0.134028
33 0.80918 0.556597 0.244141 0.282639
34 0.414844 0.467361 0.80625 0.893055
28 0.314062 0.291319 0.609375 0.511806
10 0.811133 0.447222 0.246484 0.347222
15 0.317187 0.420226 0.590625 0.688715
13 0.318359 0.272396 0.591406 0.544792
24 0.80918 0.556597 0.244141 0.282639
9 0.414844 0.467361 0.80625 0.893055
33 0.408691 0.445139 0.793555 0.783333
31 0.3125 0.474653 0.609375 0.895139
4 0.80918 0.556597 0.244141 0.282639
25 0.318555 0.416667 0.583203 0.541667
23 0.811133 0.447222 0.246484 0.347222
22 0.3125 0.474653 0.609375 0.895139
5 0.3125 0.474653 0.609375 0.895139
34 0.532812 0.435764 0.8125 0.56875
30 0.317187 0.420226 0.590625 0.688715
18 0.814062 0.489583 0.234375 0.145833
33 0.141699 0.736111 0.191602 0.0444445
31 0.314648 0.297917 0.611328 0.497222
6 0.80918 0.556597 0.244141 0.282639
15 0.814062 0.489583 0.234375 0.145833
34 0.80918 0.556597 0.244141 0.282639
33 0.532812 0.435764 0.8125 0.56875
12 0.414844 0.467361 0.80625 0.893055
0 0.80918 0.556597 0.244141 0.282639
7 0.80918 0.556597 0.244141 0.282639
16 0.814062 0.489583 0.234375 0.145833
1 0.414844 0.467361 0.80625 0.893055
32 0.80918 0.556597 0.244141 0.282639
13 0.813867 0.462847 0.244141 0.322917
27 0.414844 0.467361 0.80625 0.893055
16 0.801562 0.470833 0.145313 0.0916667
29 0.368359 0.299132 0.714844 0.496181
11 0.318555 0.416667 0.583203 0.541667
5 0.314062 0.291319 0.609375 0.511806
32 0.414844 0.467361 0.80625 0.893055
3 0.811133 0.447222 0.246484 0.347222
23 0.318359 0.272396 0.591406 0.544792
30 0.314648 0.297917 0.611328 0.497222
8 0.532812 0.435764 0.8125 0.56875
29 0.414844 0.467361 0.80625 0.893055
16 0.440234 0.621528 0.0304688 0.170833
0 0.171191 0.733333 0.139258 0.0430555
0 0.141699 0.736111 0.191602 0.0444445
0 0.439453 0.64375 0.0265625 0.115278
6 0.318555 0.416667 0.583203 0.541667
33 0.181641 0.729861 0.116797 0.0486111
27 0.80918 0.556597 0.244141 0.282639
28 0.80918 0.556597 0.244141 0.282639
18 0.440234 0.65243 0.028125 0.134028
3 0.80918 0.556597 0.244141 0.282639
18 0.801562 0.470833 0.145313 0.0916667
14 0.814062 0.489583 0.234375 0.145833
7 0.141699 0.736111 0.191602 0.0444445
8 0.356641 0.384722 0.495313 0.472222
34 0.356641 0.384722 0.495313 0.472222
9 0.80918 0.556597 0.244141 0.282639
7 0.814062 0.489583 0.234375 0.145833
18 0.141699 0.736111 0.191602 0.0444445
3 0.332031 0.25625 0.644531 0.5125
14 0.148535 0.735417 0.189648 0.0430556
21 0.80918 0.556597 0.244141 0.282639
33 0.814062 0.489583 0.234375 0.145833
5 0.141699 0.736111 0.191602 0.0444445
19 0.318359 0.272396 0.591406 0.544792
14 0.314062 0.291319 0.609375 0.511806
1 0.80918 0.556597 0.244141 0.282639
26 0.814062 0.489583 0.234375 0.145833
19 0.317187 0.420226 0.590625 0.688715
17 0.532812 0.435764 0.8125 0.56875
19 0.814062 0.489583 0.234375 0.145833
17 0.80918 0.556597 0.244141 0.282639
16 0.0986328 0.736111 0.0740234 0.0375
2 0.532812 0.435764 0.8125 0.56875
18 0.80918 0.556597 0.244141 0.282639
12 0.532812 0.435764 0.8125 0.56875
14 0.181641 0.729861 0.116797 0.0486111
16 0.317187 0.420226 0.590625 0.688715
29 0.532812 0.435764 0.8125 0.56875
34 0.811133 0.447222 0.246484 0.347222
7 0.181641 0.729861 0.116797 0.0486111
18 0.171191 0.733333 0.139258 0.0430555
29 0.80918 0.556597 0.244141 0.282639
16 0.147852 0.734028 0.0511719 0.0305555
8 0.811133 0.447222 0.246484 0.347222
12 0.80918 0.556597 0.244141 0.282639
18 0.356641 0.384722 0.495313 0.472222
12 0.811133 0.447222 0.246484 0.347222
30 0.80918 0.556597 0.244141 0.282639
28 0.814062 0.489583 0.234375 0.145833
35 0.80918 0.556597 0.244141 0.282639
4 0.811133 0.447222 0.246484 0.347222
3 0.171191 0.733333 0.139258 0.0430555
32 0.814062 0.489583 0.234375 0.145833
12 0.356641 0.384722 0.495313 0.472222
6 0.532812 0.435764 0.8125 0.56875
0 0.346094 0.443142 0.621875 0.62066
13 0.414844 0.459028 0.814062 0.855556
10 0.720312 0.429948 0.425 0.387326
13 0.532812 0.435764 0.8125 0.56875
31 0.318555 0.416667 0.583203 0.541667
24 0.228857 0.252083 0.379785 0.356944
4 0.330078 0.244618 0.642187 0.489236
10 0.343555 0.363108 0.512891 0.41684
24 0.478906 0.461892 0.889063 0.640104
16 0.0831055 0.738889 0.0568359 0.0319445
16 0.176172 0.71875 0.128906 0.0597222
28 0.532812 0.435764 0.8125 0.56875
24 0.381641 0.299306 0.741406 0.498611
18 0.228857 0.252083 0.379785 0.356944
18 0.532812 0.435764 0.8125 0.56875
16 0.437891 0.595486 0.028125 0.224306
9 0.814062 0.489583 0.234375 0.145833
33 0.439844 0.64375 0.0296875 0.163889
13 0.383496 0.30191 0.748633 0.498958
13 0.316016 0.42717 0.590625 0.676215
13 0.720312 0.429948 0.425 0.387326
5 0.811133 0.447222 0.246484 0.347222
20 0.80918 0.556597 0.244141 0.282639
12 0.332031 0.25625 0.644531 0.5125
23 0.720312 0.429948 0.425 0.387326
4 0.532812 0.435764 0.8125 0.56875
4 0.356641 0.384722 0.495313 0.472222
7 0.440234 0.65243 0.028125 0.134028
2 0.813867 0.462847 0.244141 0.322917
32 0.478906 0.461892 0.889063 0.640104
35 0.532812 0.435764 0.8125 0.56875
31 0.80918 0.556597 0.244141 0.282639
25 0.80918 0.556597 0.244141 0.282639
14 0.811133 0.447222 0.246484 0.347222
1 0.356641 0.384722 0.495313 0.472222
5 0.171191 0.733333 0.139258 0.0430555
22 0.813867 0.462847 0.244141 0.322917
18 0.811133 0.447222 0.246484 0.347222
6 0.408691 0.445139 0.793555 0.783333
15 0.414844 0.467361 0.80625 0.893055
20 0.318555 0.416667 0.583203 0.541667
8 0.814062 0.489583 0.234375 0.145833
9 0.532812 0.435764 0.8125 0.56875
17 0.814062 0.489583 0.234375 0.145833
19 0.181641 0.729861 0.116797 0.0486111
3 0.356641 0.384722 0.495313 0.472222
33 0.176172 0.71875 0.128906 0.0597222
16 0.221484 0.733333 0.0246094 0.0291667
30 0.414844 0.467361 0.80625 0.893055
4 0.814062 0.489583 0.234375 0.145833
23 0.814062 0.489583 0.234375 0.145833
14 0.323828 0.432639 0.586719 0.734722
3 0.720312 0.429948 0.425 0.387326
3 0.148535 0.735417 0.189648 0.0430556
