7 0.0505065 0.162648 0.0986707 0.325295
1 0.420839 0.490157 0.838554 0.980315
16 0.128535 0.765748 0.257071 0.462598
16 0.609787 0.786417 0.352911 0.251969
15 0.127267 0.766732 0.254533 0.456693
18 0.127267 0.766732 0.254533 0.456693
15 0.611739 0.785433 0.3615 0.251968
18 0.611739 0.785433 0.3615 0.251968
33 0.324413 0.650098 0.637895 0.684055
1 0.128535 0.765748 0.257071 0.462598
11 0.801077 0.526083 0.27171 0.169291
7 0.611739 0.785433 0.3615 0.251968
18 0.0514825 0.161417 0.0988659 0.322835
1 0.606273 0.787894 0.347446 0.254921
16 0.0505065 0.160679 0.0982803 0.321358
20 0.127267 0.766732 0.254533 0.456693
22 0.609787 0.786417 0.352911 0.251969
26 0.0514825 0.161417 0.0988659 0.322835
17 0.0514825 0.161417 0.0988659 0.322835
11 0.737053 0.528543 0.409127 0.175197
33 0.362866 0.495571 0.72417 0.991142
27 0.609787 0.786417 0.352911 0.251969
33 0.123948 0.762795 0.247897 0.462598
14 0.363647 0.491634 0.725732 0.983268
23 0.801077 0.526083 0.27171 0.169291
26 0.801077 0.526083 0.27171 0.169291
14 0.0505065 0.160679 0.0982803 0.321358
10 0.606273 0.787894 0.347446 0.254921
9 0.128535 0.765748 0.257071 0.462598
14 0.609787 0.786417 0.352911 0.251969
20 0.609787 0.786417 0.352911 0.251969
4 0.609787 0.786417 0.352911 0.251969
19 0.128535 0.765748 0.257071 0.462598
16 0.842458 0.799705 0.0406004 0.130905
18 0.801077 0.526083 0.27171 0.169291
7 0.459878 0.500861 0.910386 0.958907
3 0.611739 0.785433 0.3615 0.251968
1 0.324413 0.650098 0.637895 0.684055
7 0.127267 0.76378 0.254533 0.472441
26 0.313677 0.644193 0.625012 0.705709
15 0.406785 0.494956 0.805762 0.98253
17 0.604321 0.777559 0.352911 0.259843
22 0.159278 0.757874 0.318557 0.482283
25 0.609787 0.786417 0.352911 0.251969
22 0.420839 0.490157 0.838554 0.980315
0 0.604321 0.777559 0.352911 0.259843
32 0.128535 0.765748 0.257071 0.462598
24 0.0514825 0.161417 0.0988659 0.322835
26 0.737053 0.528543 0.409127 0.175197
16 0.427866 0.738189 0.0796392 0.151575
32 0.608225 0.786417 0.352911 0.246063
7 0.324413 0.650098 0.637895 0.684055
23 0.605102 0.779527 0.338857 0.259843
26 0.607835 0.789862 0.347446 0.24311
0 0.324413 0.650098 0.637895 0.684055
16 0.459878 0.500861 0.910386 0.958907
11 0.0514825 0.161417 0.0988659 0.322835
5 0.0514825 0.161417 0.0988659 0.322835
9 0.609787 0.786417 0.352911 0.251969
34 0.445824 0.643209 0.891647 0.670276
18 0.737053 0.528543 0.409127 0.175197
16 0.838554 0.801181 0.0281079 0.13189
26 0.127267 0.76378 0.254533 0.472441
21 0.127267 0.766732 0.254533 0.456693
0 0.737053 0.528543 0.409127 0.175197
21 0.611739 0.785433 0.3615 0.251968
0 0.406785 0.494956 0.805762 0.98253
15 0.313677 0.644193 0.625012 0.705709
24 0.437625 0.649114 0.856512 0.686024
17 0.725732 0.529527 0.436454 0.175197
11 0.604321 0.777559 0.352911 0.259843
21 0.459878 0.500861 0.910386 0.958907
10 0.159278 0.757874 0.318557 0.482283
23 0.725732 0.529527 0.436454 0.175197
16 0.41225 0.726378 0.0327926 0.122047
17 0.829185 0.524606 0.215494 0.165354
26 0.363647 0.491634 0.725732 0.983268
34 0.406785 0.494956 0.805762 0.98253
14 0.653901 0.665354 0.556694 0.494095
0 0.801077 0.526083 0.27171 0.169291
35 0.611739 0.785433 0.3615 0.251968
19 0.607835 0.789862 0.347446 0.24311
23 0.128633 0.759843 0.257266 0.480315
20 0.363647 0.491634 0.725732 0.983268
23 0.0509945 0.16314 0.0994514 0.32628
18 0.406785 0.494956 0.805762 0.98253
8 0.604321 0.777559 0.352911 0.259843
4 0.420839 0.490157 0.838554 0.980315
3 0.127267 0.766732 0.254533 0.456693
33 0.215885 0.723425 0.43177 0.541339
25 0.420839 0.490157 0.838554 0.980315
33 0.0505065 0.162648 0.0986707 0.325295
0 0.215885 0.723425 0.43177 0.541339
16 0.361695 0.71063 0.0558255 0.0688976
33 0.606664 0.783465 0.345103 0.257874
20 0.0502625 0.160433 0.0970115 0.320866
9 0.324413 0.650098 0.637895 0.684055
5 0.801077 0.526083 0.27171 0.169291
15 0.838554 0.801181 0.0281079 0.13189
32 0.362866 0.495571 0.72417 0.991142
34 0.653901 0.665354 0.556694 0.494095
1 0.653901 0.665354 0.556694 0.494095
34 0.324413 0.650098 0.637895 0.684055
2 0.609787 0.786417 0.352911 0.251969
4 0.0514825 0.161417 0.0988659 0.322835
8 0.0505065 0.160679 0.0982803 0.321358
24 0.801077 0.526083 0.27171 0.169291
4 0.602369 0.579601 0.68318 0.571112
22 0.653901 0.665354 0.556694 0.494095
26 0.445824 0.643209 0.891647 0.670276
35 0.127267 0.766732 0.254533 0.456693
8 0.737053 0.528543 0.409127 0.175197
0 0.123948 0.762795 0.247897 0.462598
9 0.406785 0.494956 0.805762 0.98253
14 0.123948 0.762795 0.247897 0.462598
16 0.324413 0.650098 0.637895 0.684055
24 0.124729 0.760827 0.249458 0.476378
1 0.215885 0.723425 0.43177 0.541339
33 0.23638 0.508858 0.400148 0.354331
16 0.215494 0.713583 0.148738 0.291339
2 0.587925 0.552657 0.708945 0.638779
15 0.608225 0.633858 0.671468 0.440945
0 0.445824 0.643209 0.891647 0.670276
23 0.420839 0.490157 0.838554 0.980315
33 0.445824 0.643209 0.891647 0.670276
17 0.128633 0.759843 0.257266 0.480315
19 0.653901 0.665354 0.556694 0.494095
34 0.605883 0.78937 0.349788 0.246063
26 0.645702 0.775098 0.265464 0.25689
24 0.313677 0.644193 0.625012 0.705709
32 0.324413 0.650098 0.637895 0.684055
4 0.128535 0.764764 0.257071 0.462598
30 0.608225 0.786417 0.352911 0.246063
21 0.725732 0.529527 0.436454 0.175197
5 0.605102 0.779527 0.338857 0.259843
24 0.604321 0.777559 0.352911 0.259843
6 0.801077 0.526083 0.27171 0.169291
22 0.324413 0.650098 0.637895 0.684055
9 0.0502625 0.160433 0.0970115 0.320866
3 0.318557 0.497539 0.637114 0.995079
9 0.801077 0.526083 0.27171 0.169291
7 0.649606 0.777559 0.263903 0.248032
7 0.858854 0.804626 0.0796392 0.136811
15 0.0505065 0.162648 0.0986707 0.325295
7 0.737053 0.528543 0.409127 0.175197
35 0.653901 0.665354 0.556694 0.494095
7 0.642579 0.663386 0.569967 0.456693
27 0.642579 0.663386 0.569967 0.456693
19 0.362866 0.495571 0.72417 0.991142
16 0.259218 0.59252 0.401319 0.519685
14 0.313677 0.644193 0.625012 0.705709
34 0.215885 0.723425 0.43177 0.541339
6 0.313677 0.644193 0.625012 0.705709
30 0.324413 0.650098 0.637895 0.684055
16 0.685522 0.727854 0.190509 0.134843
11 0.212762 0.50689 0.403662 0.356299
22 0.587925 0.552657 0.708945 0.638779
16 0.756573 0.761811 0.0515313 0.0669292
23 0.208272 0.5 0.272881 0.338583
25 0.653901 0.665354 0.556694 0.494095
34 0.159278 0.757874 0.318557 0.482283
4 0.628916 0.672244 0.631648 0.490157
5 0.838554 0.801181 0.0281079 0.13189
27 0.159278 0.757874 0.318557 0.482283
35 0.437625 0.649114 0.856512 0.686024
26 0.49267 0.485236 0.865101 0.909449
16 0.764771 0.761811 0.0335734 0.0590551
28 0.0506651 0.162402 0.0985487 0.324803
30 0.406785 0.494956 0.805762 0.98253
3 0.459878 0.500861 0.910386 0.958907
0 0.0518241 0.162648 0.099549 0.325295
1 0.445824 0.643209 0.891647 0.670276
16 0.348617 0.714567 0.0320119 0.0787402
16 0.163378 0.192852 0.0183483 0.37906
17 0.195536 0.345472 0.319435 0.690945
14 0.437625 0.649114 0.856512 0.686024
19 0.437625 0.649114 0.856512 0.686024
10 0.587925 0.552657 0.708945 0.638779
34 0.619937 0.82997 0.415373 0.340059
27 0.437625 0.649114 0.856512 0.686024
7 0.234819 0.716043 0.178798 0.266732
21 0.829185 0.524606 0.215494 0.165354
27 0.602369 0.579601 0.68318 0.571112
3 0.642579 0.663386 0.569967 0.456693
20 0.602369 0.579601 0.68318 0.571112
30 0.127267 0.76378 0.254533 0.472441
21 0.0504089 0.160679 0.0982803 0.321358
27 0.363647 0.491634 0.725732 0.983268
7 0.445824 0.643209 0.891647 0.670276
16 0.447775 0.737205 0.128047 0.153543
21 0.437625 0.649114 0.856512 0.686024
14 0.801077 0.526083 0.27171 0.169291
12 0.73354 0.535925 0.419277 0.187992
25 0.123948 0.762795 0.247897 0.462598
10 0.420839 0.490157 0.838554 0.980315
16 0.768284 0.708661 0.0234233 0.0452756
8 0.126779 0.770669 0.253557 0.456693
14 0.698795 0.54626 0.48252 0.238189
8 0.801077 0.526083 0.27171 0.169291
21 0.602369 0.579601 0.68318 0.571112
14 0.602369 0.579601 0.68318 0.571112
24 0.215885 0.723425 0.43177 0.541339
16 0.731978 0.748524 0.094474 0.150591
24 0.737053 0.528543 0.409127 0.175197
33 0.840116 0.804134 0.0312311 0.133858
33 0.602369 0.579601 0.68318 0.571112
5 0.126779 0.770669 0.253557 0.456693
17 0.212371 0.483391 0.287326 0.403297
16 0.312701 0.497047 0.625402 0.994094
18 0.324413 0.650098 0.637895 0.684055
20 0.628916 0.672244 0.631648 0.490157
35 0.406785 0.494956 0.805762 0.98253
6 0.362866 0.495571 0.72417 0.991142
19 0.313677 0.644193 0.625012 0.705709
0 0.19944 0.501969 0.271808 0.348425
11 0.19944 0.501969 0.271808 0.348425
5 0.055545 0.245079 0.0872274 0.142717
26 0.655072 0.742126 0.254533 0.187008
7 0.840116 0.804134 0.0312311 0.133858
16 0.251996 0.700295 0.266635 0.292323
6 0.0505065 0.160679 0.0982803 0.321358
15 0.445824 0.643209 0.891647 0.670276
12 0.127071 0.762795 0.254143 0.46063
10 0.628916 0.672244 0.631648 0.490157
9 0.445824 0.643209 0.891647 0.670276
12 0.0518241 0.162648 0.099549 0.325295
12 0.831527 0.533465 0.215494 0.179134
31 0.587925 0.552657 0.708945 0.638779
4 0.211591 0.496555 0.423181 0.99311
0 0.628916 0.672244 0.631648 0.490157
34 0.676543 0.787402 0.495793 0.26378
21 0.645702 0.775098 0.265464 0.25689
22 0.651265 0.531988 0.582264 0.502953
18 0.602369 0.579601 0.68318 0.571112
0 0.23638 0.508858 0.400148 0.354331
24 0.362866 0.495571 0.72417 0.991142
34 0.602369 0.579601 0.68318 0.571112
16 0.746423 0.725394 0.073393 0.0885827
8 0.465343 0.483268 0.927563 0.966535
31 0.637114 0.78248 0.406004 0.251969
15 0.164256 0.0991634 0.021081 0.157972
21 0.212762 0.50689 0.403662 0.356299
30 0.445824 0.643209 0.891647 0.670276
16 0.75423 0.751969 0.0609005 0.0748032
26 0.669126 0.667323 0.527805 0.480315
1 0.619937 0.82997 0.415373 0.340059
33 0.163378 0.192852 0.0183483 0.37906
14 0.843239 0.802165 0.0374773 0.139764
1 0.216275 0.498031 0.43255 0.996063
16 0.829185 0.524606 0.215494 0.165354
10 0.215885 0.723425 0.43177 0.541339
14 0.49267 0.485236 0.865101 0.909449
9 0.602369 0.579601 0.68318 0.571112
11 0.126291 0.768209 0.252581 0.463583
16 0.0893989 0.249016 0.0203002 0.132874
26 0.186606 0.760827 0.373211 0.478346
32 0.653901 0.665354 0.556694 0.494095
9 0.645702 0.775098 0.265464 0.25689
14 0.565282 0.679134 0.762038 0.472441
14 0.215885 0.723425 0.43177 0.541339
14 0.73354 0.535925 0.419277 0.187992
22 0.676543 0.787402 0.495793 0.26378
1 0.645702 0.775098 0.265464 0.25689
7 0.602369 0.579601 0.68318 0.571112
18 0.19944 0.501969 0.271808 0.348425
23 0.23638 0.508858 0.400148 0.354331
25 0.324413 0.650098 0.637895 0.684055
9 0.655072 0.742126 0.254533 0.187008
5 0.737053 0.528543 0.409127 0.175197
33 0.510628 0.760827 0.19051 0.183071
16 0.203197 0.782973 0.115945 0.394685
15 0.669126 0.667323 0.527805 0.480315
16 0.102184 0.800197 0.203197 0.395669
5 0.359548 0.714567 0.052312 0.0767717
16 0.596513 0.640748 0.665222 0.46063
16 0.265074 0.424213 0.0284984 0.107283
16 0.197195 0.219242 0.0904725 0.438484
10 0.259608 0.491142 0.519217 0.982283
15 0.259608 0.491142 0.519217 0.982283
2 0.420839 0.490157 0.838554 0.980315
32 0.49267 0.485236 0.865101 0.909449
21 0.628916 0.672244 0.631648 0.490157
3 0.211591 0.496555 0.423181 0.99311
33 0.211591 0.496555 0.423181 0.99311
3 0.602369 0.579601 0.68318 0.571112
35 0.676543 0.787402 0.495793 0.26378
3 0.801077 0.526083 0.27171 0.169291
16 0.055545 0.245079 0.0872274 0.142717
17 0.217886 0.602362 0.35906 0.551181
17 0.655072 0.742126 0.254533 0.187008
12 0.479787 0.46063 0.851828 0.92126
32 0.565282 0.679134 0.762038 0.472441
16 0.982998 0.695866 0.0327926 0.0551181
15 0.163378 0.192852 0.0183483 0.37906
11 0.420839 0.490157 0.838554 0.980315
19 0.651265 0.531988 0.582264 0.502953
2 0.123948 0.762795 0.247897 0.462598
3 0.0506651 0.162402 0.0985487 0.324803
27 0.30177 0.643209 0.60354 0.699803
28 0.124534 0.75689 0.249068 0.48622
15 0.660147 0.793307 0.444262 0.240158
3 0.648435 0.794291 0.425523 0.238189
5 0.660147 0.793307 0.444262 0.240158
21 0.500088 0.595472 0.889305 0.675197
3 0.500088 0.595472 0.889305 0.675197
7 0.648435 0.794291 0.425523 0.238189
3 0.597294 0.559547 0.705822 0.581693
2 0.51258 0.588583 0.856512 0.673228
1 0.648435 0.794291 0.425523 0.238189
7 0.500088 0.595472 0.889305 0.675197
2 0.660147 0.793307 0.444262 0.240158
9 0.648435 0.794291 0.425523 0.238189
33 0.612129 0.792323 0.337296 0.248031
16 0.500088 0.595472 0.889305 0.675197
2 0.566454 0.516732 0.755011 0.507874
32 0.648435 0.794291 0.425523 0.238189
7 0.566454 0.516732 0.755011 0.507874
22 0.648435 0.794291 0.425523 0.238189
18 0.500088 0.595472 0.889305 0.675197
18 0.648435 0.794291 0.425523 0.238189
16 0.648435 0.794291 0.425523 0.238189
33 0.174699 0.653051 0.306455 0.662401
15 0.566454 0.516732 0.755011 0.507874
4 0.648435 0.794291 0.425523 0.238189
21 0.648435 0.794291 0.425523 0.238189
13 0.530147 0.570374 0.827623 0.609252
19 0.500088 0.595472 0.889305 0.675197
10 0.51258 0.588583 0.856512 0.673228
5 0.687864 0.572835 0.510628 0.23622
13 0.687864 0.572835 0.510628 0.23622
30 0.648435 0.794291 0.425523 0.238189
9 0.500088 0.595472 0.889305 0.675197
0 0.612129 0.792323 0.337296 0.248031
34 0.555913 0.612697 0.780777 0.615158
27 0.500088 0.595472 0.889305 0.675197
24 0.612129 0.792323 0.337296 0.248031
15 0.500088 0.595472 0.889305 0.675197
15 0.174699 0.653051 0.306455 0.662401
27 0.648435 0.794291 0.425523 0.238189
7 0.565966 0.638287 0.762233 0.375
10 0.566454 0.516732 0.755011 0.507874
19 0.648435 0.794291 0.425523 0.238189
5 0.51258 0.588583 0.856512 0.673228
35 0.583631 0.590551 0.725342 0.665354
2 0.687864 0.572835 0.510628 0.23622
23 0.612129 0.792323 0.337296 0.248031
13 0.660147 0.793307 0.444262 0.240158
33 0.288107 0.656988 0.569967 0.676181
25 0.648435 0.794291 0.425523 0.238189
10 0.648435 0.794291 0.425523 0.238189
4 0.51258 0.588583 0.856512 0.673228
18 0.566454 0.516732 0.755011 0.507874
0 0.555913 0.612697 0.780777 0.615158
14 0.660147 0.793307 0.444262 0.240158
9 0.566454 0.516732 0.755011 0.507874
23 0.530147 0.570374 0.827623 0.609252
15 0.288107 0.656988 0.569967 0.676181
32 0.288107 0.656988 0.569967 0.676181
7 0.661708 0.68061 0.600417 0.473425
21 0.597294 0.559547 0.705822 0.581693
15 0.687864 0.572835 0.510628 0.23622
33 0.688645 0.794783 0.521559 0.245079
30 0.500088 0.595472 0.889305 0.675197
17 0.612129 0.787402 0.348226 0.255906
33 0.500088 0.595472 0.889305 0.675197
35 0.648435 0.794291 0.425523 0.238189
5 0.566454 0.516732 0.755011 0.507874
34 0.688645 0.794783 0.521559 0.245079
20 0.500088 0.595472 0.889305 0.675197
26 0.566454 0.516732 0.755011 0.507874
1 0.52312 0.645177 0.840116 0.552165
10 0.163182 0.64813 0.324022 0.693898
27 0.566454 0.516732 0.755011 0.507874
32 0.555913 0.612697 0.780777 0.615158
32 0.174699 0.653051 0.306455 0.662401
4 0.566454 0.516732 0.755011 0.507874
1 0.661708 0.68061 0.600417 0.473425
19 0.601588 0.639272 0.681618 0.558071
32 0.661708 0.68061 0.600417 0.473425
16 0.597294 0.559547 0.705822 0.581693
14 0.566454 0.516732 0.755011 0.507874
19 0.566454 0.516732 0.755011 0.507874
17 0.51258 0.588583 0.856512 0.673228
1 0.565966 0.638287 0.762233 0.375
26 0.500088 0.595472 0.889305 0.675197
33 0.480958 0.490281 0.961917 0.976132
31 0.530147 0.570374 0.827623 0.609252
17 0.565966 0.638287 0.762233 0.375
0 0.174699 0.653051 0.306455 0.662401
17 0.676933 0.591535 0.541859 0.277559
31 0.687864 0.572835 0.510628 0.23622
28 0.612129 0.792323 0.337296 0.248031
21 0.565966 0.638287 0.762233 0.375
7 0.676933 0.591535 0.541859 0.277559
1 0.566454 0.516732 0.755011 0.507874
16 0.163182 0.64813 0.324022 0.693898
1 0.288107 0.656988 0.569967 0.676181
9 0.565966 0.638287 0.762233 0.375
17 0.566454 0.516732 0.755011 0.507874
26 0.565966 0.638287 0.762233 0.375
16 0.669906 0.781004 0.234233 0.262795
10 0.687864 0.572835 0.510628 0.23622
20 0.597294 0.559547 0.705822 0.581693
0 0.288107 0.656988 0.569967 0.676181
18 0.687864 0.572835 0.510628 0.23622
0 0.0513361 0.162402 0.10033 0.324803
4 0.687864 0.572835 0.510628 0.23622
8 0.607444 0.788878 0.329488 0.252953
26 0.610177 0.784941 0.341199 0.258858
28 0.555913 0.612697 0.780777 0.615158
14 0.687864 0.572835 0.510628 0.23622
30 0.288107 0.656988 0.569967 0.676181
22 0.687864 0.572835 0.510628 0.23622
1 0.174699 0.653051 0.306455 0.662401
16 0.983779 0.687992 0.0312311 0.0590551
20 0.610177 0.784941 0.341199 0.258858
22 0.51258 0.588583 0.856512 0.673228
16 0.619546 0.78248 0.319338 0.259843
33 0.143273 0.753937 0.286545 0.492126
22 0.288107 0.656988 0.569967 0.676181
9 0.288107 0.656988 0.569967 0.676181
1 0.687864 0.572835 0.510628 0.23622
17 0.661708 0.68061 0.600417 0.473425
25 0.661708 0.68061 0.600417 0.473425
9 0.676933 0.591535 0.541859 0.277559
1 0.143273 0.753937 0.286545 0.492126
17 0.688645 0.794783 0.521559 0.245079
22 0.566454 0.516732 0.755011 0.507874
14 0.601198 0.791339 0.313872 0.253937
3 0.484082 0.479331 0.968163 0.958661
4 0.601588 0.639272 0.681618 0.558071
15 0.143273 0.753937 0.286545 0.492126
33 0.565966 0.638287 0.762233 0.375
0 0.688645 0.794783 0.521559 0.245079
33 0.0513361 0.162402 0.10033 0.324803
12 0.583631 0.590551 0.725342 0.665354
32 0.565966 0.638287 0.762233 0.375
31 0.660147 0.793307 0.444262 0.240158
32 0.480178 0.58846 0.960355 0.793553
10 0.143273 0.753937 0.286545 0.492126
2 0.661708 0.68061 0.600417 0.473425
2 0.565966 0.638287 0.762233 0.375
21 0.676933 0.591535 0.541859 0.277559
3 0.696843 0.580217 0.480178 0.255906
5 0.601588 0.639272 0.681618 0.558071
30 0.565966 0.638287 0.762233 0.375
4 0.48252 0.484375 0.96504 0.962352
30 0.566454 0.516732 0.755011 0.507874
33 0.661708 0.68061 0.600417 0.473425
22 0.174699 0.653051 0.306455 0.662401
18 0.209248 0.517717 0.235795 0.389764
7 0.288107 0.656988 0.569967 0.676181
20 0.662489 0.799213 0.458316 0.232283
16 0.982217 0.704232 0.0343541 0.0777559
27 0.565966 0.638287 0.762233 0.375
26 0.174699 0.653051 0.306455 0.662401
9 0.661708 0.68061 0.600417 0.473425
16 0.36189 0.709646 0.0546544 0.0748032
34 0.566454 0.516732 0.755011 0.507874
9 0.174699 0.653051 0.306455 0.662401
19 0.288107 0.656988 0.569967 0.676181
35 0.565966 0.638287 0.762233 0.375
30 0.661708 0.68061 0.600417 0.473425
6 0.500088 0.595472 0.889305 0.675197
3 0.619546 0.78248 0.319338 0.259843
10 0.162206 0.498155 0.324413 0.995817
9 0.143273 0.753937 0.286545 0.492126
22 0.598075 0.792815 0.304503 0.252953
30 0.174699 0.653051 0.306455 0.662401
16 0.288107 0.656988 0.569967 0.676181
15 0.484862 0.469488 0.969725 0.938976
22 0.601588 0.639272 0.681618 0.558071
16 0.143273 0.753937 0.286545 0.492126
24 0.661708 0.68061 0.600417 0.473425
17 0.0513361 0.162402 0.10033 0.324803
25 0.687864 0.572835 0.510628 0.23622
27 0.601588 0.639272 0.681618 0.558071
14 0.500088 0.595472 0.889305 0.675197
32 0.566454 0.516732 0.755011 0.507874
25 0.52312 0.645177 0.840116 0.552165
4 0.565966 0.638287 0.762233 0.375
15 0.661708 0.68061 0.600417 0.473425
3 0.613691 0.662402 0.696453 0.51378
19 0.565966 0.638287 0.762233 0.375
6 0.174699 0.653051 0.306455 0.662401
7 0.174699 0.653051 0.306455 0.662401
3 0.605102 0.802657 0.716753 0.237205
14 0.166989 0.639272 0.317971 0.686024
13 0.682789 0.501845 0.54264 0.478593
19 0.174699 0.653051 0.306455 0.662401
32 0.143273 0.753937 0.286545 0.492126
10 0.350569 0.645546 0.699576 0.677411
7 0.0513361 0.162402 0.10033 0.324803
7 0.483301 0.470472 0.966602 0.940945
28 0.209248 0.517717 0.235795 0.389764
5 0.565966 0.638287 0.762233 0.375
0 0.143273 0.753937 0.286545 0.492126
34 0.661708 0.68061 0.600417 0.473425
19 0.687864 0.572835 0.510628 0.23622
12 0.648435 0.794291 0.425523 0.238189
8 0.527024 0.566929 0.832308 0.606299
33 0.566454 0.516732 0.755011 0.507874
26 0.601588 0.639272 0.681618 0.558071
18 0.0518241 0.159449 0.101111 0.318898
16 0.686303 0.729331 0.287326 0.163386
24 0.480958 0.490281 0.961917 0.976132
2 0.484082 0.479331 0.968163 0.958661
35 0.484862 0.469488 0.969725 0.938976
30 0.143273 0.753937 0.286545 0.492126
6 0.612129 0.787402 0.348226 0.255906
11 0.612129 0.787402 0.348226 0.255906
0 0.480178 0.58846 0.960355 0.793553
22 0.565966 0.638287 0.762233 0.375
10 0.601588 0.639272 0.681618 0.558071
18 0.771017 0.549213 0.349007 0.187008
15 0.601198 0.791339 0.313872 0.253937
14 0.483301 0.470472 0.966602 0.940945
27 0.480958 0.490281 0.961917 0.976132
15 0.565966 0.638287 0.762233 0.375
27 0.687864 0.572835 0.510628 0.23622
1 0.480178 0.58846 0.960355 0.793553
32 0.605102 0.802657 0.716753 0.237205
20 0.687864 0.572835 0.510628 0.23622
14 0.209248 0.517717 0.235795 0.389764
25 0.566454 0.516732 0.755011 0.507874
24 0.719876 0.566437 0.448166 0.233268
34 0.698014 0.565945 0.498136 0.230315
16 0.565966 0.638287 0.762233 0.375
26 0.288107 0.656988 0.569967 0.676181
21 0.48252 0.484375 0.96504 0.962352
34 0.483691 0.460138 0.967382 0.912401
26 0.676933 0.591535 0.541859 0.277559
18 0.598075 0.792815 0.304503 0.252953
19 0.48252 0.484375 0.96504 0.962352
35 0.605102 0.802657 0.716753 0.237205
2 0.695672 0.610728 0.530928 0.324803
18 0.601588 0.639272 0.681618 0.558071
29 0.676933 0.591535 0.541859 0.277559
18 0.483691 0.460138 0.967382 0.912401
34 0.565966 0.638287 0.762233 0.375
12 0.48252 0.448819 0.96504 0.897638
9 0.48252 0.484375 0.96504 0.962352
17 0.481739 0.475886 0.963479 0.951772
34 0.125607 0.774606 0.250044 0.448819
12 0.0513361 0.162402 0.10033 0.324803
31 0.484862 0.469488 0.969725 0.938976
20 0.484082 0.479331 0.968163 0.958661
35 0.687864 0.572835 0.510628 0.23622
16 0.0513361 0.162402 0.10033 0.324803
33 0.879936 0.700787 0.238918 0.208661
5 0.163182 0.64813 0.324022 0.693898
28 0.483691 0.460138 0.967382 0.912401
24 0.209248 0.517717 0.235795 0.389764
25 0.174699 0.653051 0.306455 0.662401
29 0.565966 0.638287 0.762233 0.375
16 0.687864 0.572835 0.510628 0.23622
34 0.163182 0.64813 0.324022 0.693898
0 0.661708 0.68061 0.600417 0.473425
8 0.0518241 0.159449 0.101111 0.318898
2 0.682789 0.501845 0.54264 0.478593
28 0.7839 0.531004 0.320119 0.144685
16 0.573481 0.795276 0.27171 0.244094
18 0.565966 0.638287 0.762233 0.375
33 0.676933 0.591535 0.541859 0.277559
10 0.682789 0.501845 0.54264 0.478593
17 0.736663 0.557087 0.414592 0.209646
4 0.163182 0.64813 0.324022 0.693898
3 0.174699 0.653051 0.306455 0.662401
13 0.162987 0.498031 0.325974 0.992126
13 0.48252 0.448819 0.96504 0.897638
23 0.166989 0.639272 0.317971 0.686024
26 0.688645 0.794783 0.521559 0.245079
3 0.204173 0.522638 0.242822 0.397638
6 0.480958 0.490281 0.961917 0.976132
22 0.143273 0.753937 0.286545 0.492126
26 0.483301 0.470472 0.966602 0.940945
14 0.565966 0.638287 0.762233 0.375
24 0.672639 0.788878 0.469247 0.260827
23 0.718705 0.544291 0.444262 0.177165
16 0.852608 0.802165 0.0593391 0.133858
22 0.483301 0.492618 0.966602 0.973425
25 0.288107 0.656988 0.569967 0.676181
13 0.695672 0.610728 0.530928 0.324803
5 0.601198 0.791339 0.313872 0.253937
29 0.610177 0.784941 0.341199 0.258858
18 0.122777 0.774114 0.244383 0.451772
1 0.162206 0.498155 0.324413 0.995817
24 0.555913 0.612697 0.780777 0.615158
22 0.124924 0.668307 0.246725 0.661417
14 0.667467 0.67815 0.602955 0.470472
14 0.0516411 0.160679 0.0997198 0.321358
31 0.0513361 0.162402 0.10033 0.324803
23 0.60032 0.449926 0.693525 0.698573
23 0.48252 0.448819 0.96504 0.897638
33 0.175089 0.659941 0.287326 0.648622
33 0.280884 0.668307 0.559427 0.663386
3 0.621889 0.794291 0.403662 0.265748
25 0.621889 0.794291 0.403662 0.265748
4 0.621889 0.794291 0.403662 0.265748
7 0.621889 0.794291 0.403662 0.265748
27 0.647654 0.795768 0.453631 0.262795
9 0.621889 0.794291 0.403662 0.265748
5 0.647654 0.795768 0.453631 0.262795
4 0.635162 0.590059 0.614471 0.689961
3 0.605883 0.59252 0.674591 0.673228
27 0.640627 0.592028 0.614471 0.670276
33 0.601881 0.512672 0.712264 0.838829
1 0.621889 0.794291 0.403662 0.265748
2 0.647654 0.795768 0.453631 0.262795
32 0.280884 0.668307 0.559427 0.663386
12 0.635162 0.590059 0.614471 0.689961
32 0.175089 0.659941 0.287326 0.648622
32 0.621889 0.794291 0.403662 0.265748
10 0.175089 0.659941 0.287326 0.648622
33 0.160938 0.518209 0.321875 0.951772
33 0.204954 0.599286 0.236185 0.577018
35 0.601881 0.512672 0.712264 0.838829
10 0.621889 0.794291 0.403662 0.265748
10 0.61047 0.461122 0.715387 0.922244
7 0.700747 0.78937 0.544201 0.253937
19 0.621889 0.794291 0.403662 0.265748
3 0.61047 0.461122 0.715387 0.922244
34 0.634381 0.598425 0.626964 0.659449
10 0.204954 0.599286 0.236185 0.577018
35 0.640627 0.592028 0.614471 0.670276
6 0.601881 0.512672 0.712264 0.838829
15 0.621889 0.794291 0.403662 0.265748
16 0.4224 0.737205 0.087447 0.155512
35 0.621889 0.794291 0.403662 0.265748
25 0.635162 0.590059 0.614471 0.689961
30 0.621889 0.794291 0.403662 0.265748
16 0.414983 0.736713 0.166305 0.156496
10 0.160938 0.518209 0.321875 0.951772
18 0.608225 0.790846 0.376334 0.260827
16 0.426304 0.737205 0.0624621 0.163386
7 0.175089 0.659941 0.287326 0.648622
8 0.175089 0.659941 0.287326 0.648622
29 0.609396 0.789862 0.363061 0.258858
33 0.608225 0.790846 0.376334 0.260827
9 0.635162 0.590059 0.614471 0.689961
7 0.280884 0.668307 0.559427 0.663386
12 0.621889 0.794291 0.403662 0.265748
10 0.636723 0.54626 0.625402 0.759843
1 0.280884 0.668307 0.559427 0.663386
1 0.175089 0.659941 0.287326 0.648622
33 0.479007 0.466043 0.958013 0.932087
7 0.640627 0.592028 0.614471 0.670276
17 0.647654 0.795768 0.453631 0.262795
12 0.61047 0.461122 0.715387 0.922244
20 0.621889 0.794291 0.403662 0.265748
2 0.640627 0.592028 0.614471 0.670276
8 0.647654 0.795768 0.453631 0.262795
33 0.454412 0.665354 0.908824 0.669291
14 0.647654 0.795768 0.453631 0.262795
0 0.175089 0.659941 0.287326 0.648622
9 0.280884 0.668307 0.559427 0.663386
32 0.601881 0.512672 0.712264 0.838829
4 0.61047 0.461122 0.715387 0.922244
0 0.608225 0.790846 0.376334 0.260827
27 0.601881 0.512672 0.712264 0.838829
19 0.628916 0.602854 0.616033 0.650591
31 0.621889 0.794291 0.403662 0.265748
9 0.175089 0.659941 0.287326 0.648622
16 0.610177 0.787402 0.333392 0.255906
34 0.601881 0.512672 0.712264 0.838829
0 0.280884 0.668307 0.559427 0.663386
33 0.414983 0.736713 0.166305 0.156496
15 0.175089 0.659941 0.287326 0.648622
1 0.628916 0.602854 0.616033 0.650591
13 0.647654 0.795768 0.453631 0.262795
2 0.175089 0.659941 0.287326 0.648622
29 0.634381 0.598425 0.626964 0.659449
21 0.608225 0.790846 0.376334 0.260827
5 0.640627 0.592028 0.614471 0.670276
8 0.204954 0.599286 0.236185 0.577018
28 0.175089 0.659941 0.287326 0.648622
24 0.280884 0.668307 0.559427 0.663386
8 0.601881 0.512672 0.712264 0.838829
6 0.280884 0.668307 0.559427 0.663386
29 0.184849 0.660925 0.273662 0.650591
25 0.61047 0.461122 0.715387 0.922244
9 0.204954 0.599286 0.236185 0.577018
6 0.608225 0.790846 0.376334 0.260827
17 0.640627 0.592028 0.614471 0.670276
28 0.628916 0.602854 0.616033 0.650591
3 0.479007 0.466043 0.958013 0.932087
29 0.601881 0.512672 0.712264 0.838829
3 0.175089 0.659941 0.287326 0.648622
2 0.204954 0.599286 0.236185 0.577018
6 0.175089 0.659941 0.287326 0.648622
18 0.635162 0.590059 0.614471 0.689961
16 0.647654 0.795768 0.453631 0.262795
34 0.692939 0.793307 0.561378 0.261811
7 0.601881 0.512672 0.712264 0.838829
32 0.160938 0.518209 0.321875 0.951772
32 0.204954 0.599286 0.236185 0.577018
18 0.175089 0.659941 0.287326 0.648622
29 0.700747 0.78937 0.544201 0.253937
7 0.414983 0.736713 0.166305 0.156496
13 0.207687 0.572343 0.229158 0.499016
3 0.280884 0.668307 0.559427 0.663386
6 0.479007 0.466043 0.958013 0.932087
25 0.175089 0.659941 0.287326 0.648622
0 0.601881 0.512672 0.712264 0.838829
22 0.621889 0.794291 0.403662 0.265748
32 0.628916 0.602854 0.616033 0.650591
28 0.280884 0.668307 0.559427 0.663386
35 0.479007 0.466043 0.958013 0.932087
14 0.184849 0.660925 0.273662 0.650591
4 0.175089 0.659941 0.287326 0.648622
7 0.204954 0.599286 0.236185 0.577018
15 0.601881 0.512672 0.712264 0.838829
8 0.280884 0.668307 0.559427 0.663386
1 0.204954 0.599286 0.236185 0.577018
14 0.604321 0.792323 0.320118 0.253937
7 0.899455 0.779527 0.193633 0.185039
3 0.204954 0.599286 0.236185 0.577018
10 0.280884 0.668307 0.559427 0.663386
14 0.0347934 0.151944 0.0687084 0.303888
28 0.601881 0.512672 0.712264 0.838829
19 0.184849 0.660925 0.273662 0.650591
8 0.640627 0.592028 0.614471 0.670276
24 0.175089 0.659941 0.287326 0.648622
1 0.601881 0.512672 0.712264 0.838829
14 0.280884 0.668307 0.559427 0.663386
16 0.413812 0.713091 0.0421619 0.11122
2 0.347641 0.666339 0.695282 0.667323
25 0.204954 0.599286 0.236185 0.577018
29 0.347641 0.666339 0.695282 0.667323
20 0.640627 0.592028 0.614471 0.670276
4 0.479007 0.466043 0.958013 0.932087
15 0.700747 0.78937 0.544201 0.253937
24 0.609396 0.789862 0.363061 0.258858
2 0.601881 0.512672 0.712264 0.838829
15 0.280884 0.668307 0.559427 0.663386
16 0.175089 0.659941 0.287326 0.648622
4 0.700747 0.78937 0.544201 0.253937
9 0.700747 0.78937 0.544201 0.253937
28 0.621889 0.794291 0.403662 0.265748
12 0.479007 0.466043 0.958013 0.932087
30 0.635162 0.590059 0.614471 0.689961
16 0.66366 0.779527 0.226425 0.257874
10 0.479007 0.466043 0.958013 0.932087
15 0.204954 0.599286 0.236185 0.577018
33 0.640627 0.592028 0.614471 0.670276
0 0.414983 0.736713 0.166305 0.156496
32 0.479007 0.466043 0.958013 0.932087
4 0.280884 0.668307 0.559427 0.663386
33 0.692939 0.793307 0.561378 0.261811
33 0.899455 0.779527 0.193633 0.185039
18 0.204954 0.599286 0.236185 0.577018
3 0.635943 0.787894 0.617594 0.28248
29 0.207687 0.572343 0.229158 0.499016
4 0.204954 0.599286 0.236185 0.577018
0 0.628916 0.602854 0.616033 0.650591
32 0.700747 0.78937 0.544201 0.253937
34 0.175089 0.659941 0.287326 0.648622
9 0.61047 0.461122 0.715387 0.922244
19 0.207687 0.572343 0.229158 0.499016
26 0.184849 0.660925 0.273662 0.650591
25 0.347641 0.666339 0.695282 0.667323
21 0.175089 0.659941 0.287326 0.648622
5 0.280884 0.668307 0.559427 0.663386
18 0.20593 0.530512 0.234623 0.393701
16 0.899455 0.779527 0.193633 0.185039
22 0.158107 0.659941 0.316215 0.676181
13 0.635943 0.59252 0.619156 0.669291
3 0.160938 0.518209 0.321875 0.951772
22 0.601881 0.512672 0.712264 0.838829
1 0.160938 0.518209 0.321875 0.951772
31 0.635943 0.59252 0.619156 0.669291
26 0.609396 0.789862 0.363061 0.258858
10 0.20632 0.461122 0.238527 0.79626
16 0.204954 0.599286 0.236185 0.577018
9 0.160938 0.518209 0.321875 0.951772
21 0.640627 0.592028 0.614471 0.670276
19 0.601881 0.512672 0.712264 0.838829
8 0.160938 0.518209 0.321875 0.951772
17 0.184849 0.660925 0.273662 0.650591
8 0.452851 0.66437 0.843239 0.67126
34 0.280884 0.668307 0.559427 0.663386
34 0.608225 0.790846 0.376334 0.260827
1 0.454412 0.665354 0.908824 0.669291
28 0.204954 0.599286 0.236185 0.577018
4 0.160938 0.518209 0.321875 0.951772
14 0.414983 0.736713 0.166305 0.156496
20 0.601881 0.512672 0.712264 0.838829
34 0.479007 0.466043 0.958013 0.932087
18 0.886182 0.781496 0.215494 0.183071
16 0.635162 0.590059 0.614471 0.689961
21 0.280884 0.668307 0.559427 0.663386
1 0.700747 0.78937 0.544201 0.253937
13 0.452851 0.66437 0.843239 0.67126
22 0.280884 0.668307 0.559427 0.663386
0 0.886182 0.781496 0.215494 0.183071
5 0.184849 0.660925 0.273662 0.650591
25 0.690207 0.78248 0.587144 0.279528
19 0.414983 0.736713 0.166305 0.156496
35 0.700747 0.78937 0.544201 0.253937
35 0.175089 0.659941 0.287326 0.648622
18 0.280884 0.668307 0.559427 0.663386
32 0.454412 0.665354 0.908824 0.669291
14 0.207687 0.572343 0.229158 0.499016
23 0.20632 0.461122 0.238527 0.79626
25 0.479007 0.466043 0.958013 0.932087
33 0.0347934 0.151944 0.0687084 0.303888
7 0.642579 0.78248 0.274833 0.255905
17 0.280884 0.668307 0.559427 0.663386
25 0.160938 0.518209 0.321875 0.951772
27 0.280884 0.668307 0.559427 0.663386
26 0.0352326 0.152067 0.0674396 0.304134
0 0.160938 0.518209 0.321875 0.951772
12 0.635943 0.787894 0.617594 0.28248
31 0.175089 0.659941 0.287326 0.648622
35 0.280884 0.668307 0.559427 0.663386
18 0.692939 0.793307 0.561378 0.261811
30 0.700747 0.78937 0.544201 0.253937
4 0.686693 0.519685 0.506724 0.316929
13 0.184849 0.660925 0.273662 0.650591
11 0.621889 0.794291 0.403662 0.265748
9 0.89477 0.778543 0.199879 0.185039
23 0.621889 0.794291 0.403662 0.265748
6 0.634381 0.598425 0.626964 0.659449
10 0.414983 0.736713 0.166305 0.156496
6 0.204954 0.599286 0.236185 0.577018
24 0.454412 0.665354 0.908824 0.669291
23 0.636723 0.54626 0.625402 0.759843
18 0.4224 0.737205 0.087447 0.155512
16 0.71324 0.752953 0.219398 0.206693
9 0.454412 0.665354 0.908824 0.669291
6 0.160938 0.518209 0.321875 0.951772
14 0.89477 0.778543 0.199879 0.185039
23 0.207687 0.572343 0.229158 0.499016
16 0.0347934 0.151944 0.0687084 0.303888
3 0.454412 0.665354 0.908824 0.669291
27 0.175089 0.659941 0.287326 0.648622
28 0.479007 0.466043 0.958013 0.932087
19 0.280884 0.668307 0.559427 0.663386
34 0.192657 0.465551 0.263512 0.905512
16 0.280884 0.668307 0.559427 0.663386
26 0.280884 0.668307 0.559427 0.663386
0 0.479007 0.466043 0.958013 0.932087
7 0.454412 0.665354 0.908824 0.669291
31 0.700747 0.78937 0.544201 0.253937
19 0.899455 0.779527 0.193633 0.185039
0 0.204954 0.599286 0.236185 0.577018
15 0.479007 0.466043 0.958013 0.932087
22 0.479007 0.466043 0.958013 0.932087
27 0.479007 0.466043 0.958013 0.932087
12 0.204954 0.599286 0.236185 0.577018
33 0.426304 0.737205 0.0624621 0.163386
27 0.204954 0.599286 0.236185 0.577018
16 0.440456 0.732283 0.162206 0.147638
6 0.635943 0.787894 0.617594 0.28248
10 0.635943 0.787894 0.617594 0.28248
7 0.160938 0.518209 0.321875 0.951772
22 0.700747 0.78937 0.544201 0.253937
25 0.20632 0.461122 0.238527 0.79626
2 0.160938 0.518209 0.321875 0.951772
27 0.686693 0.519685 0.506724 0.316929
31 0.207687 0.572343 0.229158 0.499016
35 0.686693 0.519685 0.506724 0.316929
24 0.700747 0.78937 0.544201 0.253937
18 0.479007 0.466043 0.958013 0.932087
15 0.414983 0.736713 0.166305 0.156496
17 0.601881 0.512672 0.712264 0.838829
31 0.601881 0.512672 0.712264 0.838829
5 0.4224 0.737205 0.087447 0.155512
18 0.61047 0.461122 0.715387 0.922244
14 0.635162 0.590059 0.614471 0.689961
5 0.886182 0.781496 0.215494 0.183071
27 0.454412 0.665354 0.908824 0.669291
8 0.479007 0.466043 0.958013 0.932087
15 0.640627 0.592028 0.614471 0.670276
9 0.428646 0.734252 0.183483 0.156496
21 0.601881 0.512672 0.712264 0.838829
22 0.628916 0.602854 0.616033 0.650591
18 0.437137 0.737205 0.132927 0.153543
34 0.204954 0.599286 0.236185 0.577018
7 0.4224 0.737205 0.087447 0.155512
9 0.479007 0.466043 0.958013 0.932087
16 0.360328 0.705709 0.0546544 0.0826772
21 0.204954 0.599286 0.236185 0.577018
29 0.479007 0.466043 0.958013 0.932087
21 0.700747 0.78937 0.544201 0.253937
16 0.406394 0.735236 0.0905701 0.149606
12 0.192657 0.465551 0.263512 0.905512
12 0.686693 0.519685 0.506724 0.316929
25 0.205735 0.658957 0.411469 0.682087
26 0.899455 0.779527 0.193633 0.185039
30 0.205735 0.658957 0.411469 0.682087
26 0.207687 0.572343 0.229158 0.499016
1 0.20632 0.461122 0.238527 0.79626
6 0.454412 0.665354 0.908824 0.669291
