7 0.514836 0.489062 0.46067 0.126562
11 0.533567 0.484375 0.432321 0.121094
17 0.533567 0.484375 0.432321 0.121094
11 0.476363 0.485156 0.388785 0.065625
20 0.514836 0.486328 0.462695 0.127344
23 0.543185 0.479687 0.403972 0.110937
16 0.514836 0.489062 0.46067 0.126562
21 0.514836 0.489062 0.46067 0.126562
15 0.514836 0.486328 0.462695 0.127344
18 0.514836 0.486328 0.462695 0.127344
22 0.514836 0.489062 0.46067 0.126562
26 0.51433 0.4875 0.465732 0.124219
19 0.514836 0.489062 0.46067 0.126562
11 0.398403 0.485156 0.224766 0.0640625
1 0.514836 0.489062 0.46067 0.126562
3 0.516229 0.485937 0.457886 0.129687
14 0.514836 0.486328 0.462695 0.127344
4 0.514836 0.486328 0.462695 0.127344
23 0.476363 0.485156 0.388785 0.065625
16 0.599883 0.470312 0.291589 0.0921875
9 0.514836 0.489062 0.46067 0.126562
0 0.533567 0.484375 0.432321 0.121094
8 0.533567 0.484375 0.432321 0.121094
32 0.516355 0.487891 0.461682 0.127344
26 0.476363 0.485156 0.388785 0.065625
23 0.595327 0.471875 0.305763 0.0921875
27 0.516229 0.485937 0.457886 0.129687
5 0.515343 0.4875 0.467757 0.129687
7 0.398403 0.485156 0.224766 0.0640625
21 0.536098 0.471094 0.423209 0.0921875
33 0.543185 0.479687 0.403972 0.110937
18 0.476363 0.485156 0.388785 0.065625
11 0.497625 0.467969 0.447508 0.0984375
24 0.476363 0.485156 0.388785 0.065625
17 0.410047 0.485547 0.248053 0.0632812
35 0.516355 0.487891 0.461682 0.127344
2 0.513191 0.485937 0.465985 0.126562
6 0.476363 0.485156 0.388785 0.065625
26 0.54521 0.472656 0.399922 0.0953125
23 0.524328 0.467187 0.46801 0.0921875
26 0.398403 0.485156 0.224766 0.0640625
18 0.58419 0.471094 0.323988 0.09375
18 0.398403 0.485156 0.224766 0.0640625
7 0.486488 0.483594 0.407009 0.06875
7 0.58419 0.471094 0.323988 0.09375
21 0.486488 0.483594 0.407009 0.06875
17 0.524328 0.467187 0.46801 0.0921875
5 0.486488 0.483594 0.407009 0.06875
17 0.485981 0.484375 0.409034 0.06875
0 0.58419 0.471094 0.323988 0.09375
33 0.497625 0.467969 0.447508 0.0984375
8 0.486488 0.483594 0.407009 0.06875
14 0.58419 0.471094 0.323988 0.09375
16 0.489905 0.476562 0.415362 0.0828125
5 0.398403 0.485156 0.224766 0.0640625
34 0.516355 0.489453 0.467757 0.128906
24 0.543185 0.479687 0.403972 0.110937
31 0.513191 0.485937 0.465985 0.126562
33 0.58419 0.471094 0.323988 0.09375
21 0.397391 0.488281 0.230841 0.0578125
13 0.513191 0.485937 0.465985 0.126562
0 0.476363 0.485156 0.388785 0.065625
16 0.397391 0.488281 0.230841 0.0578125
30 0.514836 0.489062 0.46067 0.126562
8 0.599883 0.470312 0.291589 0.0921875
21 0.599883 0.470312 0.291589 0.0921875
17 0.58419 0.471094 0.323988 0.09375
4 0.519899 0.446777 0.473832 0.217383
16 0.708723 0.476172 0.0728972 0.0882813
6 0.58419 0.471094 0.323988 0.09375
8 0.398403 0.485156 0.224766 0.0640625
16 0.712266 0.485937 0.0647975 0.0640625
16 0.65405 0.471094 0.206542 0.0953125
3 0.54521 0.472656 0.399922 0.0953125
6 0.516355 0.487891 0.461682 0.127344
24 0.534453 0.467187 0.504459 0.103125
8 0.497625 0.467969 0.447508 0.0984375
14 0.519899 0.446777 0.473832 0.217383
15 0.705685 0.477734 0.0749221 0.0796875
4 0.485981 0.484375 0.409034 0.06875
16 0.581659 0.486328 0.331075 0.121094
3 0.485981 0.484375 0.409034 0.06875
16 0.451558 0.500781 0.111371 0.03125
11 0.58419 0.471094 0.323988 0.09375
10 0.513191 0.485937 0.465985 0.126562
31 0.581659 0.486328 0.331075 0.121094
25 0.514836 0.486328 0.462695 0.127344
5 0.497625 0.467969 0.447508 0.0984375
24 0.398403 0.485156 0.224766 0.0640625
5 0.58419 0.471094 0.323988 0.09375
23 0.519899 0.446777 0.473832 0.217383
0 0.398403 0.485156 0.224766 0.0640625
33 0.486488 0.483594 0.407009 0.06875
6 0.497625 0.467969 0.447508 0.0984375
5 0.66873 0.475391 0.148832 0.0835937
20 0.519899 0.446777 0.473832 0.217383
7 0.497625 0.467969 0.447508 0.0984375
22 0.519899 0.446777 0.473832 0.217383
12 0.543185 0.479687 0.403972 0.110937
15 0.677336 0.474219 0.13567 0.090625
14 0.485981 0.484375 0.409034 0.06875
28 0.599883 0.470312 0.291589 0.0921875
6 0.398403 0.485156 0.224766 0.0640625
26 0.134088 0.124316 0.172245 0.132617
17 0.520911 0.246875 0.254128 0.0371094
3 0.521291 0.437109 0.465985 0.233594
4 0.432447 0.485156 0.293361 0.0640625
12 0.397391 0.488281 0.230841 0.0578125
16 0.428777 0.498828 0.0921339 0.0320312
1 0.519899 0.446777 0.473832 0.217383
9 0.615576 0.471094 0.265265 0.0921875
5 0.705685 0.477734 0.0749221 0.0796875
14 0.497625 0.467969 0.447508 0.0984375
7 0.518886 0.246875 0.250078 0.0359375
7 0.134404 0.124707 0.173637 0.133008
16 0.134404 0.124707 0.173637 0.133008
14 0.398403 0.485156 0.224766 0.0640625
23 0.413084 0.485156 0.254128 0.0625
0 0.497625 0.467969 0.447508 0.0984375
18 0.534453 0.467187 0.504459 0.103125
4 0.497625 0.467969 0.447508 0.0984375
17 0.133898 0.124194 0.172118 0.132471
12 0.521291 0.437109 0.465985 0.233594
10 0.521291 0.437109 0.465985 0.233594
12 0.424221 0.251562 0.063785 0.0171875
31 0.410047 0.485547 0.248053 0.0632812
24 0.58419 0.471094 0.323988 0.09375
16 0.432447 0.485156 0.293361 0.0640625
5 0.134088 0.124316 0.172245 0.132617
14 0.134404 0.124902 0.172625 0.132617
20 0.54521 0.472656 0.399922 0.0953125
18 0.514836 0.247461 0.248053 0.0355469
25 0.519899 0.446777 0.473832 0.217383
19 0.398403 0.485156 0.224766 0.0640625
3 0.432447 0.485156 0.293361 0.0640625
33 0.397391 0.488281 0.230841 0.0578125
33 0.516482 0.4875 0.461429 0.139062
24 0.514836 0.247461 0.248053 0.0355469
16 0.521291 0.437109 0.465985 0.233594
31 0.520911 0.246875 0.254128 0.0371094
18 0.134151 0.125098 0.173131 0.132617
1 0.536098 0.471094 0.423209 0.0921875
18 0.521291 0.437109 0.465985 0.233594
26 0.520911 0.246875 0.254128 0.0371094
15 0.519899 0.446777 0.473832 0.217383
20 0.489905 0.476562 0.415362 0.0828125
9 0.476363 0.485156 0.388785 0.065625
20 0.581659 0.486328 0.331075 0.121094
15 0.712773 0.485937 0.0536605 0.0640625
8 0.517494 0.447656 0.479653 0.217188
33 0.432447 0.485156 0.293361 0.0640625
3 0.535465 0.465625 0.508509 0.096875
29 0.476363 0.485156 0.388785 0.065625
20 0.459657 0.484375 0.363474 0.065625
16 0.435864 0.474219 0.288551 0.096875
21 0.581659 0.486328 0.331075 0.121094
31 0.476363 0.485156 0.388785 0.065625
28 0.516355 0.489453 0.467757 0.128906
1 0.398403 0.485156 0.224766 0.0640625
15 0.416121 0.5 0.184268 0.03125
11 0.515343 0.244922 0.248053 0.0363281
20 0.599883 0.470312 0.291589 0.0921875
23 0.134151 0.125098 0.173131 0.132617
7 0.119407 0.953125 0.144908 0.0515625
10 0.486488 0.483594 0.407009 0.06875
35 0.521291 0.437109 0.465985 0.233594
30 0.517874 0.526562 0.475857 0.215625
5 0.515343 0.244922 0.248053 0.0363281
20 0.398403 0.485156 0.224766 0.0640625
5 0.712266 0.485937 0.0647975 0.0640625
0 0.134151 0.125098 0.173131 0.132617
15 0.675818 0.463281 0.12352 0.0734375
9 0.497625 0.467969 0.447508 0.0984375
19 0.519899 0.446777 0.473832 0.217383
29 0.512305 0.486719 0.472819 0.125
3 0.599883 0.470312 0.291589 0.0921875
34 0.519899 0.446777 0.473832 0.217383
8 0.133898 0.124194 0.172118 0.132471
16 0.421184 0.494531 0.19338 0.0390625
15 0.599883 0.470312 0.291589 0.0921875
10 0.512811 0.485937 0.463707 0.125781
5 0.512811 0.485937 0.463707 0.125781
1 0.519519 0.485937 0.451304 0.125
30 0.51433 0.485156 0.46067 0.126562
15 0.51433 0.485156 0.46067 0.126562
16 0.513191 0.484375 0.46396 0.128125
3 0.513191 0.484375 0.46396 0.128125
33 0.51433 0.485156 0.46067 0.126562
32 0.51433 0.485156 0.46067 0.126562
7 0.519519 0.485937 0.451304 0.125
9 0.51433 0.485156 0.46067 0.126562
2 0.512811 0.485937 0.463707 0.125781
13 0.512811 0.485937 0.463707 0.125781
0 0.51433 0.485156 0.46067 0.126562
22 0.512811 0.485937 0.463707 0.125781
17 0.519519 0.485937 0.451304 0.125
26 0.519519 0.485937 0.451304 0.125
18 0.513191 0.484375 0.46396 0.128125
21 0.513191 0.484375 0.46396 0.128125
27 0.513191 0.484375 0.46396 0.128125
4 0.512811 0.485937 0.463707 0.125781
34 0.519519 0.485937 0.451304 0.125
14 0.516861 0.485937 0.462695 0.125
20 0.513191 0.484375 0.46396 0.128125
35 0.51433 0.485156 0.46067 0.126562
19 0.51433 0.485156 0.46067 0.126562
25 0.512811 0.485937 0.463707 0.125781
3 0.478768 0.49375 0.391063 0.0585938
5 0.489905 0.492188 0.417387 0.0640625
26 0.51433 0.255859 0.249065 0.0210938
23 0.513191 0.484375 0.46396 0.128125
31 0.514836 0.486328 0.467757 0.124219
0 0.51433 0.255859 0.249065 0.0210938
18 0.518886 0.255273 0.248053 0.0210938
33 0.478768 0.49375 0.391063 0.0585938
17 0.586215 0.473437 0.319938 0.096875
10 0.511799 0.451562 0.480919 0.19375
0 0.478768 0.49375 0.391063 0.0585938
18 0.586215 0.473437 0.319938 0.096875
24 0.478768 0.49375 0.391063 0.0585938
16 0.478768 0.49375 0.391063 0.0585938
0 0.586215 0.473437 0.319938 0.096875
3 0.63785 0.471094 0.214642 0.090625
24 0.51433 0.255859 0.249065 0.0210938
17 0.518886 0.255273 0.248053 0.0210938
12 0.517241 0.483594 0.465985 0.128125
24 0.516861 0.485937 0.462695 0.125
16 0.63785 0.471094 0.214642 0.090625
18 0.63785 0.471094 0.214642 0.090625
17 0.441939 0.49375 0.313863 0.0554687
33 0.63785 0.471094 0.214642 0.090625
14 0.518886 0.255273 0.248053 0.0210938
33 0.586215 0.473437 0.319938 0.096875
5 0.511799 0.451562 0.480919 0.19375
26 0.441939 0.49375 0.313863 0.0554687
28 0.517368 0.489844 0.465732 0.13125
23 0.516482 0.443066 0.471554 0.20918
6 0.519519 0.485937 0.451304 0.125
3 0.586215 0.473437 0.319938 0.096875
0 0.63785 0.471094 0.214642 0.090625
12 0.586215 0.473437 0.319938 0.096875
5 0.441939 0.49375 0.313863 0.0554687
17 0.63785 0.471094 0.214642 0.090625
14 0.441939 0.49375 0.313863 0.0554687
29 0.519519 0.485937 0.451304 0.125
15 0.441939 0.49375 0.313863 0.0554687
20 0.586215 0.473437 0.319938 0.096875
18 0.441939 0.49375 0.313863 0.0554687
28 0.478768 0.49375 0.391063 0.0585938
26 0.489905 0.492188 0.417387 0.0640625
33 0.51433 0.255859 0.249065 0.0210938
24 0.586215 0.473437 0.319938 0.096875
29 0.478768 0.49375 0.391063 0.0585938
3 0.51433 0.255859 0.249065 0.0210938
5 0.51433 0.255859 0.249065 0.0210938
23 0.496232 0.491406 0.43308 0.071875
11 0.543692 0.489062 0.407009 0.125
13 0.511799 0.451562 0.480919 0.19375
18 0.489905 0.492188 0.417387 0.0640625
8 0.586215 0.473437 0.319938 0.096875
7 0.441939 0.49375 0.313863 0.0554687
15 0.51433 0.255859 0.249065 0.0210938
9 0.652025 0.471875 0.190343 0.090625
3 0.51433 0.448437 0.475857 0.198438
23 0.586215 0.473437 0.319938 0.096875
26 0.586215 0.473437 0.319938 0.096875
15 0.586215 0.473437 0.319938 0.096875
8 0.478768 0.49375 0.391063 0.0585938
16 0.586215 0.473437 0.319938 0.096875
11 0.478768 0.49375 0.391063 0.0585938
23 0.63785 0.471094 0.214642 0.090625
0 0.515343 0.249219 0.247041 0.0320312
16 0.516482 0.443066 0.471554 0.20918
15 0.51433 0.25332 0.242991 0.0335937
22 0.516482 0.443066 0.471554 0.20918
5 0.63785 0.471094 0.214642 0.090625
17 0.51838 0.249805 0.25109 0.0316406
5 0.515343 0.249219 0.247041 0.0320312
14 0.489905 0.492188 0.417387 0.0640625
24 0.63785 0.471094 0.214642 0.090625
18 0.515343 0.249219 0.247041 0.0320312
24 0.51838 0.249805 0.25109 0.0316406
2 0.511799 0.451562 0.480919 0.19375
33 0.403466 0.491406 0.238941 0.059375
26 0.63785 0.471094 0.214642 0.090625
8 0.543692 0.489062 0.407009 0.125
19 0.63785 0.471094 0.214642 0.090625
16 0.447508 0.503125 0.117445 0.03125
1 0.63785 0.471094 0.214642 0.090625
0 0.403466 0.491406 0.238941 0.059375
16 0.403466 0.491406 0.238941 0.059375
4 0.51433 0.255859 0.249065 0.0210938
33 0.606464 0.488281 0.279439 0.126563
20 0.478768 0.49375 0.391063 0.0585938
14 0.63785 0.471094 0.214642 0.090625
1 0.441939 0.49375 0.313863 0.0554687
14 0.579634 0.489062 0.334112 0.125
23 0.51433 0.255859 0.249065 0.0210938
28 0.515343 0.249219 0.247041 0.0320312
28 0.652025 0.470703 0.186293 0.090625
32 0.453076 0.485937 0.336137 0.071875
21 0.489905 0.492188 0.417387 0.0640625
14 0.516482 0.443066 0.471554 0.20918
17 0.489905 0.492188 0.417387 0.0640625
29 0.51433 0.255859 0.249065 0.0210938
18 0.516482 0.443066 0.471554 0.20918
26 0.515343 0.249219 0.247041 0.0320312
20 0.516482 0.443066 0.471554 0.20918
21 0.63785 0.471094 0.214642 0.090625
11 0.51433 0.255859 0.249065 0.0210938
17 0.606464 0.488281 0.279439 0.126563
16 0.515343 0.255469 0.247041 0.021875
21 0.403466 0.491406 0.238941 0.059375
4 0.511799 0.451562 0.480919 0.19375
28 0.586215 0.473437 0.319938 0.096875
1 0.515343 0.249219 0.247041 0.0320312
9 0.478768 0.49375 0.391063 0.0585938
32 0.51838 0.249805 0.25109 0.0316406
5 0.586215 0.473437 0.319938 0.096875
6 0.63785 0.471094 0.214642 0.090625
1 0.496232 0.491406 0.43308 0.071875
11 0.652025 0.470703 0.186293 0.090625
21 0.579634 0.489062 0.334112 0.125
34 0.516482 0.443066 0.471554 0.20918
19 0.518886 0.255273 0.248053 0.0210938
12 0.518886 0.255273 0.248053 0.0210938
8 0.652025 0.470703 0.186293 0.090625
14 0.443458 0.252734 0.107321 0.0144531
11 0.586215 0.473437 0.319938 0.096875
6 0.51433 0.255859 0.249065 0.0210938
1 0.552297 0.475 0.39081 0.0992187
7 0.518886 0.255273 0.248053 0.0210938
33 0.515343 0.249219 0.247041 0.0320312
28 0.51433 0.255859 0.249065 0.0210938
32 0.652531 0.473047 0.186293 0.0945312
34 0.51433 0.25332 0.242991 0.0335937
21 0.552297 0.475 0.39081 0.0992187
7 0.63785 0.471094 0.214642 0.090625
11 0.515343 0.249219 0.247041 0.0320312
10 0.441939 0.49375 0.313863 0.0554687
25 0.51433 0.255859 0.249065 0.0210938
1 0.511799 0.451562 0.480919 0.19375
0 0.51028 0.952344 0.163006 0.0171876
4 0.51838 0.249805 0.25109 0.0316406
4 0.434346 0.492188 0.296651 0.0578125
15 0.496232 0.491406 0.43308 0.071875
15 0.511799 0.451562 0.480919 0.19375
16 0.513318 0.951562 0.164019 0.01875
14 0.515343 0.249219 0.247041 0.0320312
12 0.403466 0.491406 0.238941 0.059375
20 0.652025 0.470703 0.186293 0.090625
25 0.403466 0.491406 0.238941 0.059375
12 0.652531 0.473047 0.186293 0.0945312
7 0.496232 0.491406 0.43308 0.071875
10 0.484083 0.492188 0.408781 0.0640625
15 0.652531 0.473047 0.186293 0.0945312
16 0.606464 0.488281 0.279439 0.126563
23 0.441939 0.49375 0.313863 0.0554687
16 0.463201 0.252734 0.147819 0.0164062
0 0.49117 0.485937 0.422956 0.0796875
12 0.516482 0.443066 0.471554 0.20918
31 0.511799 0.451562 0.480919 0.19375
32 0.552297 0.475 0.39081 0.0992187
20 0.515343 0.255469 0.247041 0.021875
12 0.451431 0.492188 0.33639 0.0609375
7 0.552297 0.475 0.39081 0.0992187
8 0.515343 0.249219 0.247041 0.0320312
4 0.496232 0.491406 0.43308 0.071875
30 0.51433 0.251953 0.245016 0.0359375
32 0.437383 0.249805 0.0890966 0.0152344
3 0.49117 0.485937 0.422956 0.0796875
14 0.463201 0.252734 0.147819 0.0164062
22 0.51433 0.25332 0.242991 0.0335937
8 0.517874 0.448535 0.481931 0.201367
6 0.496232 0.491406 0.43308 0.071875
25 0.51433 0.25332 0.242991 0.0335937
35 0.51433 0.25332 0.242991 0.0335937
7 0.51838 0.249805 0.25109 0.0316406
19 0.579634 0.489062 0.334112 0.125
8 0.515343 0.255469 0.247041 0.021875
14 0.552297 0.475 0.39081 0.0992187
25 0.516482 0.443066 0.471554 0.20918
25 0.451431 0.492188 0.33639 0.0609375
0 0.463201 0.252734 0.147819 0.0164062
14 0.51028 0.952344 0.163006 0.0171876
21 0.515343 0.249219 0.247041 0.0320312
32 0.620132 0.251367 0.0313863 0.0144531
11 0.606464 0.488281 0.279439 0.126563
3 0.515343 0.249023 0.245016 0.0304687
27 0.516482 0.443066 0.471554 0.20918
9 0.515343 0.255469 0.247041 0.021875
7 0.606464 0.488281 0.279439 0.126563
10 0.518886 0.255273 0.248053 0.0210938
12 0.51433 0.251953 0.245016 0.0359375
3 0.606464 0.488281 0.279439 0.126563
19 0.403466 0.491406 0.238941 0.059375
17 0.439408 0.251953 0.0931464 0.0132813
23 0.515343 0.249219 0.247041 0.0320312
21 0.51433 0.255859 0.249065 0.0210938
22 0.489145 0.4875 0.412831 0.071875
16 0.406503 0.501562 0.192368 0.034375
28 0.453076 0.485937 0.336137 0.071875
32 0.483956 0.95 0.112383 0.015625
0 0.606464 0.488281 0.279439 0.126563
19 0.516482 0.443066 0.471554 0.20918
25 0.63785 0.471094 0.214642 0.090625
9 0.552297 0.475 0.39081 0.0992187
29 0.51433 0.268945 0.250078 0.0574219
13 0.516861 0.21333 0.305763 0.107715
19 0.51433 0.251953 0.245016 0.0359375
17 0.441433 0.502344 0.125545 0.0328125
16 0.705685 0.49375 0.076947 0.0484375
