7 0.670387 0.425942 0.58532 0.520719
20 0.650486 0.40411 0.550201 0.475342
21 0.650486 0.40411 0.550201 0.475342
18 0.650486 0.40411 0.550201 0.475342
23 0.786475 0.575342 0.337535 0.205479
16 0.650486 0.40411 0.550201 0.475342
26 0.661802 0.42226 0.574394 0.517123
1 0.654876 0.435274 0.564834 0.539041
7 0.41987 0.583562 0.427674 0.30411
15 0.650486 0.40411 0.550201 0.475342
18 0.414504 0.569521 0.394701 0.270548
0 0.654876 0.435274 0.564834 0.539041
3 0.650486 0.40411 0.550201 0.475342
3 0.794474 0.578425 0.323097 0.200685
23 0.425723 0.583562 0.389433 0.3
17 0.78667 0.576027 0.327779 0.20137
16 0.596636 0.336901 0.453428 0.327569
33 0.654876 0.435274 0.564834 0.539041
35 0.654876 0.435274 0.564834 0.539041
16 0.348851 0.583219 0.568151 0.306164
11 0.792914 0.573973 0.315292 0.20137
19 0.670387 0.425942 0.58532 0.520719
34 0.670387 0.425942 0.58532 0.520719
14 0.663363 0.413099 0.568151 0.49161
32 0.670387 0.425942 0.58532 0.520719
22 0.650486 0.40411 0.550201 0.475342
24 0.791548 0.577055 0.318024 0.200685
16 0.487767 0.327397 0.227885 0.313014
8 0.784329 0.57774 0.298123 0.200685
0 0.430405 0.549658 0.40192 0.24726
17 0.414504 0.569521 0.394701 0.270548
11 0.487767 0.327397 0.227885 0.313014
18 0.791548 0.577055 0.318024 0.200685
9 0.650486 0.40411 0.550201 0.475342
23 0.483182 0.303425 0.218324 0.272603
15 0.348851 0.583219 0.568151 0.306164
14 0.794474 0.578425 0.323097 0.200685
7 0.791158 0.579795 0.315683 0.192466
15 0.791158 0.579795 0.315683 0.192466
23 0.177742 0.635788 0.282514 0.17774
0 0.786475 0.575342 0.337535 0.205479
8 0.414504 0.569521 0.394701 0.270548
1 0.333437 0.584247 0.595856 0.309589
11 0.358216 0.558219 0.465134 0.253425
26 0.42143 0.581507 0.435478 0.305479
23 0.638389 0.345291 0.510399 0.332705
27 0.670387 0.425942 0.58532 0.520719
18 0.340656 0.586301 0.579857 0.312329
3 0.412065 0.558904 0.398798 0.257534
33 0.53108 0.430822 0.848324 0.541096
17 0.487767 0.327397 0.227885 0.313014
33 0.412065 0.558904 0.398798 0.257534
1 0.53108 0.430822 0.848324 0.541096
14 0.414504 0.569521 0.394701 0.270548
23 0.64034 0.422688 0.534592 0.510788
1 0.518301 0.581507 0.749015 0.316438
19 0.42143 0.581507 0.435478 0.305479
5 0.414504 0.569521 0.394701 0.270548
16 0.170718 0.640411 0.282905 0.179452
0 0.53108 0.430822 0.848324 0.541096
33 0.786475 0.575342 0.337535 0.205479
1 0.42143 0.581507 0.435478 0.305479
4 0.650486 0.40411 0.550201 0.475342
21 0.487767 0.327397 0.227885 0.313014
21 0.348851 0.583219 0.568151 0.306164
32 0.41987 0.583562 0.427674 0.30411
16 0.558883 0.308219 0.371288 0.284931
6 0.654876 0.435274 0.564834 0.539041
22 0.42143 0.581507 0.435478 0.305479
9 0.41987 0.583562 0.427674 0.30411
20 0.41987 0.583562 0.427674 0.30411
4 0.518301 0.581507 0.749015 0.316438
7 0.492449 0.57911 0.872517 0.306164
21 0.792914 0.573973 0.315292 0.20137
16 0.412065 0.558904 0.398798 0.257534
11 0.819253 0.608219 0.259492 0.123288
14 0.177742 0.635788 0.282514 0.17774
17 0.131697 0.640925 0.193156 0.175685
8 0.487767 0.327397 0.227885 0.313014
7 0.110625 0.670548 0.152964 0.121918
34 0.423382 0.581849 0.469037 0.310274
8 0.176572 0.638185 0.294221 0.178425
7 0.176962 0.639726 0.290709 0.178082
30 0.333437 0.584247 0.595856 0.309589
3 0.353923 0.590411 0.63995 0.317808
17 0.596636 0.336901 0.453428 0.327569
7 0.131697 0.640925 0.193156 0.175685
8 0.131697 0.640925 0.193156 0.175685
19 0.622781 0.374315 0.497912 0.408904
21 0.425723 0.583562 0.389433 0.3
33 0.176962 0.639726 0.290709 0.178082
5 0.78667 0.576027 0.327779 0.20137
2 0.661412 0.421147 0.56737 0.504281
10 0.518301 0.581507 0.749015 0.316438
15 0.53108 0.430822 0.848324 0.541096
4 0.340656 0.586301 0.579857 0.312329
6 0.791548 0.577055 0.318024 0.200685
14 0.518301 0.581507 0.749015 0.316438
22 0.518301 0.581507 0.749015 0.316438
11 0.563468 0.331164 0.399579 0.317123
23 0.562688 0.336986 0.381629 0.333562
8 0.596636 0.336901 0.453428 0.327569
13 0.661412 0.421147 0.56737 0.504281
21 0.600538 0.340411 0.459671 0.340411
26 0.791548 0.577055 0.318024 0.200685
35 0.622781 0.374315 0.497912 0.408904
3 0.177742 0.635788 0.282514 0.17774
0 0.636828 0.343151 0.502595 0.327397
5 0.487767 0.32911 0.229445 0.316438
16 0.109162 0.671233 0.151208 0.120548
16 0.10943 0.645377 0.156915 0.17226
23 0.518301 0.581507 0.749015 0.316438
35 0.348851 0.583219 0.568151 0.306164
11 0.181839 0.639041 0.298903 0.179452
34 0.4027 0.587671 0.725797 0.310959
7 0.622781 0.374315 0.497912 0.408904
19 0.492449 0.57911 0.872517 0.306164
18 0.819253 0.608219 0.259492 0.123288
0 0.483182 0.303425 0.218324 0.272603
18 0.190424 0.632877 0.318024 0.172603
20 0.186912 0.636815 0.314512 0.178425
31 0.663363 0.413099 0.568151 0.49161
22 0.333437 0.584247 0.595856 0.309589
17 0.176962 0.639726 0.290709 0.178082
14 0.751551 0.55274 0.396457 0.246575
14 0.33773 0.586644 0.598197 0.307534
22 0.791158 0.579795 0.315683 0.192466
21 0.109162 0.671233 0.151208 0.120548
33 0.600538 0.340411 0.459671 0.340411
0 0.562688 0.336986 0.381629 0.333562
11 0.113259 0.642466 0.159012 0.175342
0 0.333437 0.584247 0.595856 0.309589
1 0.323097 0.643151 0.573614 0.189041
9 0.492449 0.57911 0.872517 0.306164
16 0.20135 0.563699 0.326999 0.206849
25 0.629902 0.433904 0.532056 0.534931
11 0.622781 0.374315 0.497912 0.408904
7 0.353923 0.590411 0.63995 0.317808
10 0.64034 0.422688 0.534592 0.510788
32 0.622781 0.374315 0.497912 0.408904
24 0.412846 0.583562 0.466695 0.306849
26 0.492449 0.57911 0.872517 0.306164
3 0.600538 0.340411 0.459671 0.340411
15 0.751551 0.55274 0.396457 0.246575
33 0.412846 0.588356 0.750771 0.30411
27 0.353923 0.590411 0.63995 0.317808
9 0.53108 0.430822 0.848324 0.541096
17 0.670387 0.425942 0.58532 0.520719
19 0.791548 0.578767 0.314902 0.193151
15 0.184571 0.641096 0.299684 0.193151
26 0.177742 0.635788 0.282514 0.17774
32 0.791158 0.579795 0.315683 0.192466
23 0.817107 0.610959 0.263784 0.120548
24 0.492449 0.57911 0.872517 0.306164
23 0.340656 0.586301 0.579857 0.312329
10 0.340656 0.586301 0.579857 0.312329
20 0.791158 0.579795 0.315683 0.192466
24 0.661802 0.418836 0.58532 0.518493
23 0.358606 0.54589 0.373824 0.228767
4 0.791548 0.578767 0.314902 0.193151
17 0.358606 0.54589 0.373824 0.228767
34 0.53108 0.430822 0.848324 0.541096
27 0.41987 0.583562 0.427674 0.30411
27 0.53108 0.430822 0.848324 0.541096
5 0.176962 0.639726 0.290709 0.178082
8 0.109162 0.671233 0.151208 0.120548
31 0.108504 0.691096 0.156037 0.109589
17 0.819253 0.608219 0.259492 0.123288
9 0.791548 0.578767 0.314902 0.193151
11 0.425723 0.583562 0.389433 0.3
2 0.399188 0.584247 0.464354 0.309589
32 0.392555 0.588356 0.702384 0.308219
25 0.333437 0.584247 0.595856 0.309589
2 0.791548 0.578767 0.314902 0.193151
16 0.788231 0.580137 0.316853 0.19726
0 0.176572 0.638185 0.294221 0.178425
23 0.131697 0.640925 0.193156 0.175685
20 0.412846 0.588356 0.750771 0.30411
14 0.109162 0.671233 0.151208 0.120548
25 0.518301 0.581507 0.749015 0.316438
3 0.131697 0.640925 0.193156 0.175685
3 0.487767 0.327397 0.227885 0.313014
30 0.654876 0.435274 0.564834 0.539041
21 0.176572 0.638185 0.294221 0.178425
25 0.788036 0.572603 0.321926 0.210959
18 0.487767 0.327397 0.227885 0.313014
14 0.623951 0.365753 0.506497 0.393151
27 0.791548 0.578767 0.314902 0.193151
17 0.110625 0.670548 0.152964 0.121918
9 0.353923 0.590411 0.63995 0.317808
19 0.184571 0.641096 0.299684 0.193151
6 0.176572 0.638185 0.294221 0.178425
18 0.110625 0.670548 0.152964 0.121918
33 0.10943 0.645377 0.156915 0.17226
4 0.414504 0.569521 0.394701 0.270548
35 0.485425 0.459247 0.808522 0.584247
11 0.33773 0.586644 0.598197 0.307534
31 0.791548 0.578767 0.314902 0.193151
1 0.791548 0.578767 0.314902 0.193151
11 0.110625 0.670548 0.152964 0.121918
1 0.192424 0.641267 0.315195 0.188699
22 0.184571 0.641096 0.299684 0.193151
31 0.42143 0.581507 0.435478 0.305479
4 0.53108 0.430822 0.848324 0.541096
25 0.53108 0.430822 0.848324 0.541096
26 0.817107 0.610959 0.263784 0.120548
19 0.460842 0.44726 0.890467 0.575342
25 0.751551 0.55274 0.396457 0.246575
0 0.131697 0.640925 0.193156 0.175685
9 0.192424 0.641267 0.315195 0.188699
7 0.751551 0.55274 0.396457 0.246575
23 0.45655 0.535616 0.366801 0.224658
15 0.518301 0.581507 0.749015 0.316438
27 0.623951 0.365753 0.506497 0.393151
13 0.730479 0.558904 0.433917 0.232877
34 0.788036 0.572603 0.321926 0.210959
26 0.113259 0.642466 0.159012 0.175342
16 0.501034 0.70411 0.115503 0.0657535
32 0.184571 0.641096 0.299684 0.193151
0 0.323097 0.643151 0.573614 0.189041
28 0.670387 0.425942 0.58532 0.520719
17 0.463573 0.620205 0.36524 0.230822
5 0.113259 0.642466 0.159012 0.175342
6 0.485425 0.459247 0.808522 0.584247
21 0.10943 0.645377 0.156915 0.17226
22 0.485425 0.459247 0.808522 0.584247
7 0.554103 0.435274 0.808522 0.506164
8 0.661412 0.421147 0.56737 0.504281
22 0.323097 0.643151 0.573614 0.189041
10 0.460842 0.44726 0.890467 0.575342
26 0.554103 0.435274 0.808522 0.506164
19 0.323097 0.643151 0.573614 0.189041
21 0.369727 0.554794 0.473329 0.246575
25 0.42143 0.581507 0.435478 0.305479
7 0.498693 0.709589 0.117064 0.069863
14 0.447965 0.456507 0.855348 0.574657
17 0.20135 0.563699 0.326999 0.206849
18 0.739454 0.576027 0.42065 0.217808
17 0.453818 0.567123 0.36524 0.217808
18 0.113259 0.642466 0.159012 0.175342
18 0.485425 0.459247 0.808522 0.584247
17 0.802279 0.541096 0.296562 0.287671
30 0.53108 0.430822 0.848324 0.541096
2 0.751551 0.55274 0.396457 0.246575
34 0.323097 0.643151 0.573614 0.189041
21 0.53108 0.430822 0.848324 0.541096
26 0.421528 0.541781 0.396262 0.236986
31 0.110625 0.670548 0.152964 0.121918
34 0.566492 0.579795 0.780622 0.310274
23 0.237055 0.549315 0.371873 0.226027
5 0.110625 0.670548 0.152964 0.121918
2 0.492449 0.57911 0.872517 0.306164
15 0.117942 0.641781 0.127014 0.157534
16 0.492449 0.281336 0.208374 0.22637
20 0.483182 0.303425 0.218324 0.272603
18 0.607562 0.363356 0.467476 0.299315
11 0.725016 0.344521 0.305927 0.10411
21 0.20135 0.563699 0.326999 0.206849
18 0.351972 0.542808 0.391774 0.221233
23 0.186327 0.607192 0.308659 0.14589
28 0.62122 0.351027 0.485425 0.325342
14 0.510399 0.70274 0.149062 0.0684932
23 0.618098 0.392466 0.42143 0.241781
16 0.739454 0.576027 0.42065 0.217808
33 0.487767 0.327397 0.227885 0.313014
17 0.745308 0.343493 0.262223 0.0993151
35 0.791158 0.579795 0.315683 0.192466
16 0.460842 0.44726 0.890467 0.575342
17 0.693409 0.37089 0.372264 0.160959
14 0.453818 0.567123 0.36524 0.217808
0 0.819253 0.608219 0.259492 0.123288
27 0.518301 0.581507 0.749015 0.316438
24 0.394213 0.604452 0.713115 0.273288
23 0.839739 0.602055 0.215398 0.0972603
24 0.176572 0.638185 0.294221 0.178425
20 0.10943 0.645377 0.156915 0.17226
11 0.693409 0.37089 0.372264 0.160959
0 0.358606 0.54589 0.373824 0.228767
14 0.186327 0.607192 0.308659 0.14589
0 0.492449 0.57911 0.872517 0.306164
8 0.798962 0.604795 0.303196 0.146575
3 0.447965 0.456507 0.855348 0.574657
19 0.361923 0.585959 0.648144 0.293836
14 0.323097 0.643151 0.573614 0.189041
28 0.563468 0.331164 0.399579 0.317123
23 0.67585 0.376712 0.405822 0.178082
11 0.654876 0.435274 0.564834 0.539041
18 0.563468 0.331164 0.399579 0.317123
33 0.186327 0.607192 0.308659 0.14589
26 0.353923 0.590411 0.63995 0.317808
16 0.518301 0.581507 0.749015 0.316438
4 0.184571 0.641096 0.299684 0.193151
1 0.622781 0.374315 0.497912 0.408904
5 0.562688 0.336986 0.381629 0.333562
0 0.187693 0.664212 0.308269 0.255137
21 0.739454 0.576027 0.42065 0.217808
13 0.719163 0.50411 0.45811 0.345205
26 0.110625 0.670548 0.152964 0.121918
15 0.323097 0.643151 0.573614 0.189041
31 0.498693 0.709589 0.117064 0.069863
16 0.623561 0.329452 0.504156 0.329452
15 0.623561 0.329452 0.504156 0.329452
16 0.490986 0.328425 0.780232 0.319863
15 0.469427 0.59589 0.871737 0.313699
32 0.490986 0.328425 0.780232 0.319863
32 0.489718 0.589384 0.910758 0.311644
7 0.596246 0.330822 0.608733 0.323288
16 0.469427 0.59589 0.871737 0.313699
19 0.490986 0.328425 0.780232 0.319863
7 0.489718 0.589384 0.910758 0.311644
0 0.490986 0.328425 0.780232 0.319863
3 0.623561 0.329452 0.504156 0.329452
13 0.465915 0.59863 0.869395 0.309589
15 0.793694 0.618493 0.307488 0.150685
1 0.489718 0.589384 0.910758 0.311644
28 0.483865 0.321918 0.2193 0.308904
21 0.623561 0.329452 0.504156 0.329452
20 0.483865 0.337671 0.22008 0.331507
21 0.469427 0.59589 0.871737 0.313699
0 0.793109 0.621233 0.318024 0.127397
33 0.793109 0.621233 0.318024 0.127397
15 0.490986 0.328425 0.780232 0.319863
3 0.793109 0.621233 0.318024 0.127397
26 0.596246 0.330822 0.608733 0.323288
9 0.490986 0.328425 0.780232 0.319863
3 0.483865 0.337671 0.22008 0.331507
21 0.490986 0.328425 0.780232 0.319863
33 0.490986 0.328425 0.780232 0.319863
13 0.618878 0.333219 0.501034 0.339041
22 0.469427 0.59589 0.871737 0.313699
32 0.793694 0.618493 0.307488 0.150685
24 0.483865 0.337671 0.22008 0.331507
1 0.78667 0.618151 0.321536 0.162329
3 0.469427 0.59589 0.871737 0.313699
34 0.489718 0.589384 0.910758 0.311644
5 0.793694 0.618493 0.307488 0.150685
18 0.483865 0.337671 0.22008 0.331507
23 0.618878 0.333219 0.501034 0.339041
18 0.490986 0.328425 0.780232 0.319863
1 0.490986 0.328425 0.780232 0.319863
33 0.510399 0.586986 0.917782 0.313699
20 0.623561 0.329452 0.504156 0.329452
28 0.489718 0.589384 0.910758 0.311644
9 0.793694 0.618493 0.307488 0.150685
9 0.501034 0.59589 0.902173 0.313699
35 0.489718 0.589384 0.910758 0.311644
5 0.469427 0.59589 0.871737 0.313699
2 0.625122 0.334161 0.501034 0.334418
35 0.490986 0.328425 0.780232 0.319863
10 0.78667 0.618151 0.321536 0.162329
24 0.788231 0.626027 0.305927 0.117808
17 0.482694 0.336644 0.217739 0.328767
17 0.489718 0.589384 0.910758 0.311644
2 0.465915 0.59863 0.869395 0.309589
7 0.483474 0.464983 0.954462 0.574144
7 0.78667 0.618151 0.321536 0.162329
0 0.489718 0.589384 0.910758 0.311644
15 0.489718 0.467209 0.924806 0.58339
23 0.465915 0.59863 0.869395 0.309589
9 0.623561 0.329452 0.504156 0.329452
18 0.788231 0.626027 0.305927 0.117808
30 0.623561 0.329452 0.504156 0.329452
10 0.453038 0.59589 0.84208 0.315069
16 0.78667 0.618151 0.321536 0.162329
19 0.520545 0.467123 0.938073 0.583562
30 0.469427 0.59589 0.871737 0.313699
27 0.489718 0.589384 0.910758 0.311644
5 0.483865 0.337671 0.22008 0.331507
16 0.483865 0.337671 0.22008 0.331507
18 0.625122 0.334161 0.501034 0.334418
22 0.78667 0.618151 0.321536 0.162329
30 0.78667 0.618151 0.321536 0.162329
8 0.483865 0.337671 0.22008 0.331507
7 0.533422 0.631507 0.828033 0.194521
22 0.490986 0.328425 0.780232 0.319863
19 0.469427 0.59589 0.871737 0.313699
33 0.483865 0.337671 0.22008 0.331507
6 0.490986 0.328425 0.780232 0.319863
14 0.489718 0.589384 0.910758 0.311644
17 0.793109 0.621233 0.318024 0.127397
23 0.793109 0.621233 0.318024 0.127397
1 0.623561 0.329452 0.504156 0.329452
26 0.469427 0.59589 0.871737 0.313699
20 0.449136 0.59589 0.828033 0.319178
18 0.469427 0.59589 0.871737 0.313699
20 0.490986 0.328425 0.780232 0.319863
16 0.533422 0.631507 0.828033 0.194521
27 0.490986 0.328425 0.780232 0.319863
7 0.675459 0.618836 0.545518 0.156849
28 0.490986 0.328425 0.780232 0.319863
26 0.483474 0.464983 0.954462 0.574144
14 0.788231 0.626027 0.305927 0.117808
11 0.483865 0.337671 0.22008 0.331507
10 0.623561 0.329452 0.504156 0.329452
0 0.483865 0.337671 0.22008 0.331507
15 0.632243 0.491866 0.635072 0.424486
4 0.501034 0.59589 0.902173 0.313699
30 0.490986 0.328425 0.780232 0.319863
0 0.185546 0.643151 0.299294 0.179452
16 0.520545 0.467123 0.938073 0.583562
33 0.520545 0.467123 0.938073 0.583562
34 0.791158 0.617123 0.312561 0.141096
17 0.596246 0.330822 0.608733 0.323288
2 0.791158 0.617123 0.312561 0.141096
8 0.793109 0.621233 0.318024 0.127397
14 0.483865 0.337671 0.22008 0.331507
3 0.185546 0.643151 0.299294 0.179452
19 0.623561 0.329452 0.504156 0.329452
10 0.632243 0.491866 0.635072 0.424486
9 0.520545 0.467123 0.938073 0.583562
6 0.489718 0.589384 0.910758 0.311644
16 0.788231 0.626027 0.305927 0.117808
9 0.632243 0.491866 0.635072 0.424486
5 0.623561 0.329452 0.504156 0.329452
2 0.492449 0.466438 0.908417 0.584931
5 0.703945 0.493151 0.490108 0.39589
24 0.510399 0.586986 0.917782 0.313699
28 0.79584 0.62363 0.300074 0.123973
10 0.492449 0.466438 0.908417 0.584931
22 0.629121 0.32774 0.514886 0.322603
32 0.675459 0.618836 0.545518 0.156849
3 0.490986 0.328425 0.780232 0.319863
34 0.490986 0.328425 0.780232 0.319863
13 0.492449 0.466438 0.908417 0.584931
22 0.492449 0.466438 0.908417 0.584931
15 0.482694 0.336644 0.217739 0.328767
14 0.625122 0.334161 0.501034 0.334418
0 0.520545 0.467123 0.938073 0.583562
0 0.793109 0.584931 0.314902 0.20411
32 0.520545 0.467123 0.938073 0.583562
21 0.78667 0.618151 0.321536 0.162329
25 0.623561 0.329452 0.504156 0.329452
4 0.623561 0.329452 0.504156 0.329452
0 0.469037 0.383219 0.831935 0.430822
17 0.53069 0.341695 0.317634 0.342637
8 0.19857 0.642637 0.313829 0.183219
23 0.492449 0.466438 0.908417 0.584931
15 0.469037 0.383219 0.831935 0.430822
25 0.501034 0.59589 0.902173 0.313699
15 0.533422 0.631507 0.828033 0.194521
26 0.793694 0.618493 0.307488 0.150685
31 0.465915 0.59863 0.869395 0.309589
26 0.483865 0.337671 0.22008 0.331507
11 0.79584 0.62363 0.300074 0.123973
1 0.533422 0.631507 0.828033 0.194521
25 0.78667 0.618151 0.321536 0.162329
21 0.483474 0.464983 0.954462 0.574144
12 0.453038 0.59589 0.84208 0.315069
9 0.533422 0.631507 0.828033 0.194521
19 0.78667 0.618151 0.321536 0.162329
13 0.791158 0.617123 0.312561 0.141096
27 0.623561 0.329452 0.504156 0.329452
21 0.482694 0.336644 0.217739 0.328767
24 0.185546 0.643151 0.299294 0.179452
33 0.19857 0.642637 0.313829 0.183219
23 0.483865 0.337671 0.22008 0.331507
5 0.779646 0.628767 0.285636 0.109589
31 0.625122 0.334161 0.501034 0.334418
18 0.533422 0.631507 0.828033 0.194521
18 0.78667 0.618151 0.321536 0.162329
4 0.793694 0.618493 0.307488 0.150685
33 0.675459 0.618836 0.545518 0.156849
10 0.660241 0.375 0.565029 0.29726
33 0.632243 0.491866 0.635072 0.424486
16 0.469037 0.383219 0.831935 0.430822
21 0.533422 0.631507 0.828033 0.194521
4 0.490986 0.328425 0.780232 0.319863
3 0.533422 0.631507 0.828033 0.194521
3 0.520545 0.467123 0.938073 0.583562
16 0.53069 0.341695 0.317634 0.342637
3 0.793109 0.584931 0.314902 0.20411
7 0.703945 0.493151 0.490108 0.39589
18 0.201301 0.64589 0.313049 0.180822
5 0.269247 0.590068 0.469817 0.310274
27 0.78667 0.618151 0.321536 0.162329
4 0.492449 0.466438 0.908417 0.584931
20 0.19857 0.642637 0.313829 0.183219
23 0.19857 0.642637 0.313829 0.183219
12 0.474499 0.332962 0.835057 0.327226
30 0.675459 0.618836 0.545518 0.156849
29 0.596246 0.330822 0.608733 0.323288
30 0.533422 0.631507 0.828033 0.194521
7 0.788231 0.626027 0.305927 0.117808
19 0.469037 0.383219 0.831935 0.430822
6 0.796816 0.621918 0.298123 0.132877
13 0.483865 0.321918 0.2193 0.308904
18 0.520545 0.467123 0.938073 0.583562
19 0.808522 0.623288 0.276271 0.130137
15 0.675459 0.618836 0.545518 0.156849
1 0.241932 0.599315 0.415187 0.273973
3 0.282515 0.582877 0.497912 0.321918
8 0.465915 0.59863 0.869395 0.309589
12 0.482304 0.314384 0.217739 0.293151
32 0.629121 0.32774 0.514886 0.322603
31 0.492449 0.466438 0.908417 0.584931
27 0.520545 0.467123 0.938073 0.583562
2 0.660241 0.375 0.565029 0.29726
25 0.492449 0.466438 0.908417 0.584931
26 0.533422 0.631507 0.828033 0.194521
34 0.241932 0.599315 0.415187 0.273973
33 0.64551 0.333219 0.580442 0.315753
2 0.709408 0.492466 0.479182 0.393151
32 0.482304 0.314384 0.217739 0.293151
13 0.678581 0.370205 0.434698 0.268493
1 0.201155 0.628082 0.334803 0.209589
7 0.660241 0.375 0.565029 0.29726
15 0.269247 0.590068 0.469817 0.310274
33 0.793109 0.584931 0.314902 0.20411
32 0.632243 0.491866 0.635072 0.424486
0 0.241932 0.599315 0.415187 0.273973
13 0.709408 0.492466 0.479182 0.393151
32 0.201155 0.628082 0.334803 0.209589
17 0.483474 0.464983 0.954462 0.574144
10 0.709408 0.492466 0.479182 0.393151
32 0.469037 0.383219 0.831935 0.430822
15 0.660241 0.375 0.565029 0.29726
1 0.483474 0.464983 0.954462 0.574144
19 0.632243 0.491866 0.635072 0.424486
32 0.533422 0.631507 0.828033 0.194521
18 0.355094 0.567808 0.497912 0.273973
20 0.79584 0.62363 0.300074 0.123973
10 0.206813 0.586644 0.343388 0.314384
15 0.201155 0.628082 0.334803 0.209589
3 0.469037 0.383219 0.831935 0.430822
2 0.632243 0.491866 0.635072 0.424486
7 0.269247 0.590068 0.469817 0.310274
29 0.510399 0.586986 0.917782 0.313699
32 0.241932 0.599315 0.415187 0.273973
9 0.483865 0.337671 0.22008 0.331507
30 0.632243 0.491866 0.635072 0.424486
1 0.675459 0.618836 0.545518 0.156849
14 0.490986 0.328425 0.780232 0.319863
28 0.483474 0.464983 0.954462 0.574144
26 0.660241 0.375 0.565029 0.29726
6 0.489718 0.467209 0.924806 0.58339
33 0.241932 0.599315 0.415187 0.273973
17 0.791353 0.582534 0.312171 0.211644
28 0.20135 0.647774 0.320365 0.181164
16 0.269247 0.590068 0.469817 0.310274
14 0.483474 0.464983 0.954462 0.574144
33 0.53069 0.341695 0.317634 0.342637
21 0.788231 0.626027 0.305927 0.117808
16 0.675459 0.618836 0.545518 0.156849
18 0.469037 0.383219 0.831935 0.430822
22 0.675459 0.618836 0.545518 0.156849
5 0.533422 0.631507 0.828033 0.194521
3 0.206813 0.586644 0.343388 0.314384
0 0.42143 0.594521 0.535373 0.316438
7 0.205057 0.641781 0.324267 0.187671
23 0.793109 0.584931 0.314902 0.20411
16 0.632243 0.491866 0.635072 0.424486
8 0.42143 0.594521 0.535373 0.316438
1 0.788231 0.626027 0.305927 0.117808
34 0.556542 0.623973 0.778671 0.20411
20 0.492449 0.466438 0.908417 0.584931
9 0.675459 0.618836 0.545518 0.156849
22 0.206813 0.586644 0.343388 0.314384
17 0.18301 0.644007 0.300074 0.183219
0 0.675459 0.618836 0.545518 0.156849
34 0.703945 0.493151 0.490108 0.39589
22 0.632243 0.491866 0.635072 0.424486
8 0.492449 0.466438 0.908417 0.584931
22 0.533422 0.631507 0.828033 0.194521
35 0.623463 0.323373 0.518398 0.310788
17 0.364264 0.575342 0.485816 0.290411
1 0.632243 0.491866 0.635072 0.424486
10 0.490986 0.328425 0.780232 0.319863
34 0.675459 0.618836 0.545518 0.156849
14 0.184766 0.643836 0.293831 0.189041
12 0.489718 0.467209 0.924806 0.58339
18 0.632243 0.491866 0.635072 0.424486
3 0.703945 0.493151 0.490108 0.39589
10 0.533422 0.631507 0.828033 0.194521
0 0.629121 0.32774 0.514886 0.322603
17 0.533422 0.631507 0.828033 0.194521
26 0.675459 0.618836 0.545518 0.156849
7 0.753892 0.558904 0.387092 0.258904
24 0.53069 0.341695 0.317634 0.342637
9 0.269247 0.590068 0.469817 0.310274
5 0.185546 0.643151 0.299294 0.179452
1 0.482694 0.336644 0.217739 0.328767
21 0.269247 0.590068 0.469817 0.310274
0 0.660241 0.375 0.565029 0.29726
1 0.793109 0.584931 0.314902 0.20411
5 0.352753 0.593493 0.489328 0.314384
26 0.779646 0.628767 0.285636 0.109589
8 0.618878 0.333219 0.501034 0.339041
24 0.675459 0.618836 0.545518 0.156849
29 0.793109 0.621233 0.318024 0.127397
9 0.660241 0.375 0.565029 0.29726
35 0.520545 0.467123 0.938073 0.583562
33 0.533422 0.631507 0.828033 0.194521
16 0.177937 0.644007 0.291099 0.180479
6 0.483865 0.337671 0.22008 0.331507
35 0.78667 0.618151 0.321536 0.162329
21 0.184766 0.643836 0.293831 0.189041
17 0.703945 0.493151 0.490108 0.39589
35 0.533422 0.631507 0.828033 0.194521
5 0.678581 0.370205 0.434698 0.268493
8 0.355094 0.567808 0.497912 0.273973
3 0.449916 0.464384 0.857689 0.591781
15 0.451087 0.461986 0.853787 0.591096
1 0.451087 0.461986 0.853787 0.591096
2 0.449916 0.464384 0.857689 0.591781
21 0.451477 0.464298 0.857689 0.596062
34 0.451477 0.464298 0.857689 0.596062
28 0.453428 0.462243 0.856909 0.593322
9 0.453428 0.462243 0.856909 0.593322
16 0.451087 0.461986 0.853787 0.591096
7 0.453428 0.462243 0.856909 0.593322
33 0.453428 0.462243 0.856909 0.593322
6 0.453428 0.462243 0.856909 0.593322
0 0.453428 0.462243 0.856909 0.593322
8 0.449916 0.464384 0.857689 0.591781
13 0.448745 0.458219 0.855348 0.590411
32 0.453428 0.462243 0.856909 0.593322
17 0.453428 0.462243 0.856909 0.593322
10 0.451087 0.461986 0.853787 0.591096
18 0.451087 0.461986 0.853787 0.591096
12 0.449916 0.464384 0.857689 0.591781
20 0.451087 0.461986 0.853787 0.591096
29 0.453428 0.462243 0.856909 0.593322
19 0.451087 0.461986 0.853787 0.591096
25 0.451087 0.461986 0.853787 0.591096
18 0.788231 0.60137 0.295001 0.164384
23 0.451087 0.461986 0.853787 0.591096
22 0.451087 0.461986 0.853787 0.591096
35 0.451477 0.464298 0.857689 0.596062
26 0.451087 0.461986 0.853787 0.591096
14 0.451087 0.461986 0.853787 0.591096
5 0.451477 0.464298 0.857689 0.596062
27 0.453428 0.462243 0.856909 0.593322
24 0.453428 0.462243 0.856909 0.593322
4 0.451087 0.461986 0.853787 0.591096
30 0.451477 0.464298 0.857689 0.596062
3 0.556834 0.361986 0.634487 0.40274
11 0.451087 0.461986 0.853787 0.591096
4 0.788231 0.60137 0.295001 0.164384
2 0.594295 0.449229 0.668826 0.585103
15 0.452648 0.602055 0.839739 0.330137
11 0.788231 0.60137 0.295001 0.164384
14 0.784329 0.584247 0.29188 0.19589
4 0.608733 0.441181 0.577516 0.555993
32 0.147306 0.649315 0.224763 0.173973
1 0.452648 0.602055 0.839739 0.330137
34 0.452648 0.602055 0.839739 0.330137
3 0.608733 0.441181 0.577516 0.555993
31 0.448745 0.458219 0.855348 0.590411
33 0.600148 0.458219 0.683654 0.587671
5 0.556834 0.361986 0.634487 0.40274
18 0.798377 0.62363 0.298123 0.115753
6 0.452648 0.602055 0.839739 0.330137
28 0.452648 0.602055 0.839739 0.330137
18 0.143208 0.642637 0.218519 0.175
12 0.452648 0.602055 0.839739 0.330137
33 0.147306 0.649315 0.224763 0.173973
24 0.788231 0.60137 0.295001 0.164384
9 0.608733 0.441181 0.577516 0.555993
32 0.452648 0.602055 0.839739 0.330137
17 0.788231 0.60137 0.295001 0.164384
0 0.147306 0.649315 0.224763 0.173973
14 0.798377 0.62363 0.298123 0.115753
15 0.142038 0.644521 0.21969 0.173973
25 0.452648 0.602055 0.839739 0.330137
35 0.452648 0.602055 0.839739 0.330137
13 0.612245 0.371575 0.54864 0.428082
17 0.452648 0.602055 0.839739 0.330137
16 0.784329 0.584247 0.29188 0.19589
9 0.452648 0.602055 0.839739 0.330137
3 0.784329 0.584247 0.29188 0.19589
27 0.452648 0.602055 0.839739 0.330137
21 0.452648 0.602055 0.839739 0.330137
7 0.784329 0.584247 0.29188 0.19589
18 0.452648 0.602055 0.839739 0.330137
15 0.788231 0.60137 0.295001 0.164384
7 0.136575 0.64589 0.206813 0.175342
3 0.452648 0.602055 0.839739 0.330137
19 0.786865 0.624658 0.289928 0.10274
29 0.608733 0.441181 0.577516 0.555993
34 0.608733 0.441181 0.577516 0.555993
19 0.556834 0.361986 0.634487 0.40274
33 0.452648 0.602055 0.839739 0.330137
7 0.600148 0.458219 0.683654 0.587671
8 0.594295 0.449229 0.668826 0.585103
23 0.788231 0.60137 0.295001 0.164384
17 0.791353 0.55274 0.309049 0.254795
0 0.452648 0.602055 0.839739 0.330137
30 0.452648 0.602055 0.839739 0.330137
27 0.608733 0.441181 0.577516 0.555993
19 0.788231 0.60137 0.295001 0.164384
20 0.556834 0.361986 0.634487 0.40274
35 0.608733 0.441181 0.577516 0.555993
5 0.788231 0.60137 0.295001 0.164384
10 0.14194 0.64589 0.214032 0.178082
33 0.312561 0.650514 0.556444 0.175685
26 0.784329 0.584247 0.29188 0.19589
16 0.142038 0.644521 0.21969 0.173973
6 0.788231 0.60137 0.295001 0.164384
1 0.147306 0.649315 0.224763 0.173973
23 0.569321 0.338699 0.600148 0.35274
29 0.452648 0.602055 0.839739 0.330137
4 0.452648 0.602055 0.839739 0.330137
32 0.790572 0.576712 0.307488 0.210959
2 0.556834 0.361986 0.634487 0.40274
5 0.440941 0.588014 0.811644 0.376027
9 0.784329 0.584247 0.29188 0.19589
9 0.556834 0.361986 0.634487 0.40274
5 0.608733 0.441181 0.577516 0.555993
9 0.147306 0.649315 0.224763 0.173973
24 0.452648 0.602055 0.839739 0.330137
7 0.452648 0.602055 0.839739 0.330137
1 0.600148 0.458219 0.683654 0.587671
2 0.452648 0.602055 0.839739 0.330137
5 0.14194 0.64589 0.214032 0.178082
27 0.556834 0.361986 0.634487 0.40274
17 0.608733 0.441181 0.577516 0.555993
19 0.452648 0.602055 0.839739 0.330137
1 0.790572 0.576712 0.307488 0.210959
25 0.790572 0.576712 0.307488 0.210959
32 0.600148 0.458219 0.683654 0.587671
17 0.142038 0.644521 0.21969 0.173973
16 0.556834 0.361986 0.634487 0.40274
5 0.791353 0.55274 0.309049 0.254795
22 0.147306 0.649315 0.224763 0.173973
10 0.556834 0.361986 0.634487 0.40274
8 0.784329 0.584247 0.29188 0.19589
16 0.452648 0.602055 0.839739 0.330137
25 0.608733 0.441181 0.577516 0.555993
4 0.798377 0.62363 0.298123 0.115753
21 0.136575 0.64589 0.206813 0.175342
7 0.788036 0.539726 0.315683 0.280822
4 0.556834 0.361986 0.634487 0.40274
12 0.608733 0.441181 0.577516 0.555993
15 0.791353 0.55274 0.309049 0.254795
24 0.594295 0.449229 0.668826 0.585103
25 0.556834 0.361986 0.634487 0.40274
11 0.798377 0.62363 0.298123 0.115753
6 0.594295 0.449229 0.668826 0.585103
3 0.788036 0.539726 0.315683 0.280822
34 0.45733 0.649315 0.855348 0.493151
0 0.784329 0.584247 0.29188 0.19589
20 0.440941 0.588014 0.811644 0.376027
20 0.784329 0.584247 0.29188 0.19589
13 0.787451 0.580822 0.299684 0.2
13 0.594295 0.449229 0.668826 0.585103
9 0.788036 0.539726 0.315683 0.280822
27 0.790572 0.576712 0.307488 0.210959
3 0.452648 0.342123 0.828813 0.358904
8 0.556834 0.361986 0.634487 0.40274
30 0.147306 0.649315 0.224763 0.173973
12 0.45733 0.649315 0.855348 0.493151
7 0.798377 0.62363 0.298123 0.115753
23 0.150232 0.642637 0.225543 0.175
31 0.608733 0.441181 0.577516 0.555993
8 0.452648 0.602055 0.839739 0.330137
8 0.143208 0.642637 0.218519 0.175
14 0.143208 0.642637 0.218519 0.175
7 0.556834 0.361986 0.634487 0.40274
1 0.556834 0.361986 0.634487 0.40274
33 0.789987 0.539726 0.314902 0.286301
1 0.737893 0.573288 0.415967 0.226027
21 0.608733 0.441181 0.577516 0.555993
0 0.600148 0.458219 0.683654 0.587671
4 0.789987 0.539726 0.314902 0.286301
13 0.452648 0.342123 0.828813 0.358904
14 0.612245 0.371575 0.54864 0.428082
10 0.440941 0.588014 0.811644 0.376027
32 0.312561 0.650514 0.556444 0.175685
20 0.608733 0.441181 0.577516 0.555993
6 0.786865 0.624658 0.289928 0.10274
18 0.556834 0.361986 0.634487 0.40274
6 0.45733 0.649315 0.855348 0.493151
10 0.285441 0.594521 0.503765 0.282192
29 0.784329 0.584247 0.29188 0.19589
34 0.791353 0.55274 0.309049 0.254795
4 0.142038 0.644521 0.21969 0.173973
2 0.791353 0.55274 0.309049 0.254795
15 0.556834 0.361986 0.634487 0.40274
25 0.737893 0.573288 0.415967 0.226027
26 0.143208 0.642637 0.218519 0.175
6 0.142038 0.644521 0.21969 0.173973
12 0.556834 0.361986 0.634487 0.40274
33 0.701994 0.50411 0.492449 0.368493
19 0.143208 0.642637 0.218519 0.175
3 0.147306 0.649315 0.224763 0.173973
33 0.784329 0.584247 0.29188 0.19589
17 0.45733 0.649315 0.855348 0.493151
28 0.608733 0.441181 0.577516 0.555993
33 0.285441 0.594521 0.503765 0.282192
33 0.661412 0.453082 0.575175 0.492466
9 0.701994 0.50411 0.492449 0.368493
7 0.737893 0.573288 0.415967 0.226027
22 0.452648 0.602055 0.839739 0.330137
28 0.45733 0.649315 0.855348 0.493151
4 0.737893 0.573288 0.415967 0.226027
24 0.150232 0.642637 0.225543 0.175
9 0.737893 0.573288 0.415967 0.226027
31 0.136575 0.64589 0.206813 0.175342
2 0.737893 0.573288 0.415967 0.226027
24 0.798377 0.62363 0.298123 0.115753
18 0.608733 0.441181 0.577516 0.555993
25 0.147306 0.649315 0.224763 0.173973
32 0.556834 0.361986 0.634487 0.40274
21 0.556834 0.361986 0.634487 0.40274
17 0.798377 0.62363 0.298123 0.115753
16 0.783548 0.62363 0.287197 0.104795
30 0.790572 0.576712 0.307488 0.210959
7 0.312561 0.650514 0.556444 0.175685
25 0.783548 0.62363 0.287197 0.104795
33 0.737893 0.573288 0.415967 0.226027
18 0.775549 0.57226 0.281344 0.222603
35 0.791353 0.55274 0.309049 0.254795
35 0.556834 0.361986 0.634487 0.40274
11 0.452648 0.602055 0.839739 0.330137
35 0.45733 0.649315 0.855348 0.493151
10 0.784329 0.584247 0.29188 0.19589
10 0.452648 0.342123 0.828813 0.358904
15 0.45733 0.649315 0.855348 0.493151
11 0.143208 0.642637 0.218519 0.175
31 0.452648 0.602055 0.839739 0.330137
18 0.789987 0.539726 0.314902 0.286301
28 0.143208 0.642637 0.218519 0.175
27 0.444453 0.686986 0.818668 0.483562
18 0.468256 0.641781 0.319195 0.182192
0 0.312561 0.650514 0.556444 0.175685
33 0.780427 0.492466 0.338705 0.420548
31 0.790572 0.576712 0.307488 0.210959
29 0.142038 0.644521 0.21969 0.173973
29 0.556834 0.361986 0.634487 0.40274
19 0.608733 0.441181 0.577516 0.555993
16 0.452648 0.342123 0.828813 0.358904
22 0.612245 0.371575 0.54864 0.428082
12 0.791353 0.55274 0.309049 0.254795
5 0.737893 0.573288 0.415967 0.226027
23 0.440941 0.588014 0.811644 0.376027
18 0.452648 0.342123 0.828813 0.358904
30 0.556834 0.361986 0.634487 0.40274
13 0.146037 0.642466 0.212081 0.171233
5 0.684825 0.488271 0.515862 0.560445
34 0.556834 0.361986 0.634487 0.40274
5 0.798377 0.62363 0.298123 0.115753
15 0.452648 0.342123 0.828813 0.358904
3 0.701994 0.50411 0.492449 0.368493
13 0.701994 0.50411 0.492449 0.368493
29 0.737893 0.573288 0.415967 0.226027
14 0.452648 0.602055 0.839739 0.330137
4 0.684825 0.488271 0.515862 0.560445
11 0.556834 0.361986 0.634487 0.40274
15 0.798377 0.62363 0.298123 0.115753
32 0.723846 0.595548 0.43938 0.193836
9 0.312561 0.650514 0.556444 0.175685
10 0.600148 0.458219 0.683654 0.587671
9 0.684825 0.488271 0.515862 0.560445
1 0.285441 0.594521 0.503765 0.282192
21 0.788231 0.60137 0.295001 0.164384
0 0.783548 0.62363 0.287197 0.104795
31 0.556834 0.361986 0.634487 0.40274
4 0.701994 0.50411 0.492449 0.368493
29 0.789987 0.539726 0.314902 0.286301
24 0.791353 0.55274 0.309049 0.254795
2 0.701994 0.50411 0.492449 0.368493
9 0.798377 0.62363 0.298123 0.115753
1 0.312561 0.650514 0.556444 0.175685
5 0.452648 0.342123 0.828813 0.358904
25 0.701994 0.50411 0.492449 0.368493
3 0.780427 0.492466 0.338705 0.420548
10 0.780427 0.492466 0.338705 0.420548
22 0.312561 0.650514 0.556444 0.175685
3 0.737893 0.573288 0.415967 0.226027
7 0.684825 0.488271 0.515862 0.560445
20 0.147306 0.649315 0.224763 0.173973
34 0.701994 0.50411 0.492449 0.368493
21 0.789987 0.539726 0.314902 0.286301
32 0.285441 0.594521 0.503765 0.282192
27 0.143208 0.642637 0.218519 0.175
2 0.452648 0.342123 0.828813 0.358904
10 0.789987 0.539726 0.314902 0.286301
13 0.737893 0.573288 0.415967 0.226027
4 0.780427 0.492466 0.338705 0.420548
25 0.312561 0.650514 0.556444 0.175685
10 0.661412 0.453082 0.575175 0.492466
12 0.143208 0.642637 0.218519 0.175
26 0.556834 0.361986 0.634487 0.40274
10 0.312561 0.650514 0.556444 0.175685
24 0.45733 0.649315 0.855348 0.493151
10 0.701994 0.50411 0.492449 0.368493
7 0.691848 0.612671 0.504936 0.207534
19 0.788036 0.539726 0.315683 0.280822
22 0.600148 0.458219 0.683654 0.587671
34 0.737893 0.573288 0.415967 0.226027
26 0.798377 0.62363 0.298123 0.115753
25 0.444453 0.686986 0.818668 0.483562
20 0.452648 0.342123 0.828813 0.358904
2 0.661412 0.453082 0.575175 0.492466
13 0.789987 0.539726 0.314902 0.286301
10 0.737893 0.573288 0.415967 0.226027
14 0.452648 0.342123 0.828813 0.358904
1 0.701994 0.50411 0.492449 0.368493
19 0.452648 0.342123 0.828813 0.358904
24 0.312561 0.650514 0.556444 0.175685
