21 0.523078 0.59933 0.521517 0.274554
7 0.526201 0.601004 0.523078 0.273438
18 0.523078 0.59933 0.521517 0.274554
1 0.511465 0.600586 0.54162 0.274275
16 0.523078 0.59933 0.521517 0.274554
15 0.523078 0.59933 0.521517 0.274554
14 0.523078 0.59933 0.521517 0.274554
20 0.50395 0.59933 0.556649 0.274554
16 0.976235 0.048148 0.0475297 0.0898089
12 0.384892 0.356027 0.04372 0.03125
12 0.377475 0.359096 0.0585535 0.0345982
16 0.657751 0.679688 0.0398164 0.111607
21 0.414949 0.600586 0.728406 0.278739
3 0.50395 0.59933 0.556649 0.274554
19 0.50395 0.59933 0.556649 0.274554
26 0.526201 0.601004 0.523078 0.273438
18 0.414949 0.600586 0.728406 0.278739
32 0.511465 0.600586 0.54162 0.274275
26 0.975892 0.0497872 0.0468428 0.0907157
15 0.421488 0.599888 0.743434 0.27567
22 0.511465 0.600586 0.54162 0.274275
14 0.414949 0.600586 0.728406 0.278739
12 0.391235 0.359096 0.0372791 0.0340402
0 0.511465 0.600586 0.54162 0.274275
7 0.377475 0.356585 0.0562114 0.0435268
7 0.414949 0.600586 0.728406 0.278739
23 0.619496 0.553571 0.33961 0.185268
4 0.523078 0.59933 0.521517 0.274554
27 0.523078 0.59933 0.521517 0.274554
16 0.421488 0.599888 0.743434 0.27567
26 0.197911 0.214565 0.145603 0.0764509
9 0.523078 0.59933 0.521517 0.274554
35 0.511465 0.600586 0.54162 0.274275
34 0.523468 0.600446 0.519174 0.272321
34 0.425879 0.600446 0.740897 0.276786
15 0.976235 0.0472935 0.0475297 0.0867746
11 0.50395 0.59933 0.556649 0.274554
11 0.197911 0.214565 0.145603 0.0764509
15 0.377475 0.359096 0.0585535 0.0345982
4 0.412119 0.597656 0.74968 0.282366
23 0.587877 0.596122 0.399725 0.263114
1 0.435248 0.595843 0.790863 0.270368
33 0.511465 0.600586 0.54162 0.274275
17 0.197472 0.217076 0.146091 0.0803571
24 0.526201 0.601004 0.523078 0.273438
5 0.197911 0.214565 0.145603 0.0764509
11 0.975892 0.0497872 0.0468428 0.0907157
7 0.977016 0.0498744 0.0459683 0.0933315
16 0.189323 0.580218 0.279495 0.245815
16 0.377475 0.356585 0.0562114 0.0435268
31 0.523078 0.59933 0.521517 0.274554
26 0.414949 0.600586 0.728406 0.278739
0 0.377475 0.356585 0.0562114 0.0435268
12 0.372986 0.202985 0.0277154 0.0186942
17 0.619496 0.553571 0.33961 0.185268
2 0.553526 0.601562 0.469989 0.277902
5 0.657751 0.679688 0.0398164 0.111607
17 0.977016 0.0498744 0.0459683 0.0933315
16 0.331803 0.586496 0.565237 0.256696
20 0.443836 0.593889 0.801793 0.26981
0 0.619496 0.553571 0.33961 0.185268
12 0.498486 0.202846 0.0429393 0.015067
15 0.657751 0.679688 0.0398164 0.111607
27 0.420024 0.59933 0.749485 0.28125
17 0.377475 0.356585 0.0562114 0.0435268
17 0.587877 0.596122 0.399725 0.263114
11 0.587877 0.596122 0.399725 0.263114
20 0.975892 0.0497872 0.0468428 0.0907157
33 0.60232 0.576451 0.378646 0.22433
9 0.421488 0.599888 0.743434 0.27567
33 0.377475 0.356585 0.0562114 0.0435268
18 0.331803 0.586496 0.565237 0.256696
8 0.977016 0.0498744 0.0459683 0.0933315
3 0.443836 0.593889 0.801793 0.26981
30 0.511465 0.600586 0.54162 0.274275
15 0.380598 0.354353 0.0499656 0.0290179
12 0.452423 0.277065 0.0242021 0.015625
18 0.197472 0.217076 0.146091 0.0803571
23 0.189323 0.580218 0.279495 0.245815
12 0.375523 0.353795 0.0608957 0.0290178
23 0.448129 0.598354 0.677659 0.278739
26 0.375133 0.356306 0.0585535 0.0457589
16 0.385672 0.299944 0.0187371 0.0273438
16 0.165511 0.647879 0.217038 0.131696
0 0.587877 0.596122 0.399725 0.263114
12 0.37201 0.198661 0.0288864 0.0256696
35 0.435248 0.595843 0.790863 0.270368
5 0.377085 0.358259 0.0601149 0.0357143
14 0.975892 0.0503627 0.04372 0.0890067
5 0.975892 0.0503627 0.04372 0.0890067
18 0.975892 0.0503627 0.04372 0.0890067
20 0.377475 0.356585 0.0562114 0.0435268
0 0.975892 0.0497872 0.0468428 0.0907157
31 0.377475 0.356585 0.0562114 0.0435268
16 0.203961 0.208147 0.152239 0.0518973
31 0.420805 0.598772 0.751046 0.276786
0 0.367326 0.589844 0.63472 0.260045
33 0.975892 0.0497872 0.0468428 0.0907157
18 0.60232 0.576451 0.378646 0.22433
33 0.179759 0.581613 0.286912 0.247489
16 0.19674 0.214565 0.144432 0.0742187
15 0.331803 0.586496 0.565237 0.256696
11 0.389966 0.588728 0.670633 0.262277
10 0.530788 0.598772 0.513905 0.277902
16 0.374352 0.362723 0.0663607 0.0452009
15 0.371229 0.202846 0.0281057 0.0198103
7 0.0617739 0.177176 0.119644 0.0479911
23 0.975892 0.0493164 0.0468428 0.0927734
19 0.443836 0.593889 0.801793 0.26981
7 0.197325 0.217076 0.145603 0.0792411
13 0.553526 0.601562 0.469989 0.277902
28 0.526201 0.601004 0.523078 0.273438
16 0.65658 0.678571 0.0655799 0.113839
0 0.63511 0.590402 0.29589 0.247768
24 0.418072 0.601004 0.73309 0.280134
26 0.0626523 0.168527 0.119449 0.0387835
11 0.624961 0.574219 0.322435 0.217634
21 0.179759 0.581613 0.286912 0.247489
6 0.414949 0.600586 0.728406 0.278739
17 0.186786 0.579799 0.270908 0.246652
10 0.412119 0.597656 0.74968 0.282366
25 0.50395 0.59933 0.556649 0.274554
11 0.179759 0.581613 0.286912 0.247489
8 0.377475 0.356585 0.0562114 0.0435268
3 0.587877 0.596122 0.399725 0.263114
22 0.443836 0.593889 0.801793 0.26981
21 0.975892 0.0510777 0.0452814 0.09232
0 0.197472 0.217076 0.146091 0.0803571
20 0.331803 0.586496 0.565237 0.256696
26 0.60232 0.576451 0.378646 0.22433
16 0.371229 0.202846 0.0281057 0.0198103
12 0.0743629 0.179129 0.0925145 0.0212054
33 0.435248 0.595843 0.790863 0.270368
14 0.380598 0.354353 0.0499656 0.0290179
5 0.574215 0.598214 0.430173 0.265625
21 0.293353 0.584961 0.504731 0.256417
28 0.418072 0.601004 0.73309 0.280134
18 0.375523 0.356027 0.0577728 0.0457589
23 0.48131 0.564174 0.455156 0.196429
16 0.195178 0.199498 0.149897 0.103237
17 0.152825 0.200614 0.237727 0.108817
0 0.183663 0.582031 0.283789 0.247768
33 0.385672 0.299944 0.0187371 0.0273438
23 0.197911 0.214565 0.145603 0.0764509
5 0.380598 0.354353 0.0499656 0.0290179
21 0.60232 0.576451 0.378646 0.22433
14 0.197911 0.214565 0.145603 0.0764509
21 0.375523 0.356027 0.0577728 0.0457589
7 0.331803 0.586496 0.565237 0.256696
21 0.910312 0.702009 0.0530885 0.0368304
23 0.63511 0.590402 0.29589 0.247768
32 0.367326 0.589844 0.63472 0.260045
31 0.975892 0.0510777 0.0452814 0.09232
16 0.152825 0.200614 0.237727 0.108817
3 0.619496 0.553571 0.33961 0.185268
14 0.134673 0.215402 0.266223 0.0870536
12 0.197472 0.217076 0.146091 0.0803571
21 0.642137 0.559152 0.280276 0.191964
1 0.975892 0.0493164 0.0468428 0.0927734
16 0.488727 0.267299 0.0202985 0.015625
8 0.179759 0.581613 0.286912 0.247489
16 0.238508 0.585379 0.392699 0.257812
12 0.469209 0.271205 0.0593342 0.0189732
11 0.439932 0.579799 0.425489 0.220982
8 0.587877 0.596122 0.399725 0.263114
31 0.197472 0.217076 0.146091 0.0803571
24 0.975892 0.0503627 0.04372 0.0890067
11 0.377475 0.356585 0.0562114 0.0435268
12 0.448129 0.598354 0.677659 0.278739
21 0.197472 0.217076 0.146091 0.0803571
1 0.319117 0.586496 0.534398 0.256696
12 0.184444 0.205078 0.113984 0.0398996
19 0.319117 0.586496 0.534398 0.256696
33 0.197472 0.217076 0.146091 0.0803571
20 0.134673 0.211077 0.265833 0.0923549
26 0.649554 0.678571 0.0538692 0.113839
17 0.420414 0.59933 0.747143 0.279018
33 0.631597 0.551339 0.309162 0.179688
3 0.19186 0.580357 0.27403 0.246652
3 0.293353 0.584961 0.504731 0.256417
12 0.975845 0.045323 0.0483104 0.0882045
33 0.152825 0.200614 0.237727 0.108817
33 0.319117 0.586496 0.534398 0.256696
14 0.179759 0.581613 0.286912 0.247489
23 0.346637 0.585937 0.603491 0.262277
8 0.624961 0.574219 0.322435 0.217634
12 0.407923 0.175781 0.03279 0.0175781
17 0.195178 0.199498 0.149897 0.103237
3 0.19796 0.214007 0.145115 0.0758928
11 0.152727 0.659598 0.194983 0.106027
26 0.498095 0.202009 0.04372 0.0217634
14 0.377475 0.359096 0.0585535 0.0345982
17 0.416999 0.569754 0.352687 0.204241
16 0.975454 0.0752651 0.0490911 0.15053
20 0.197325 0.217076 0.145603 0.0792411
7 0.649554 0.678571 0.0538692 0.113839
25 0.453985 0.59361 0.812723 0.279297
15 0.134673 0.215402 0.266223 0.0870536
16 0.248657 0.239258 0.038255 0.0265067
5 0.370839 0.198521 0.0281057 0.0253906
16 0.910312 0.702009 0.0530885 0.0368304
19 0.134673 0.215402 0.266223 0.0870536
23 0.510489 0.600446 0.448325 0.265625
7 0.657751 0.679688 0.0398164 0.111607
0 0.65658 0.678571 0.0655799 0.113839
7 0.238508 0.585379 0.392699 0.257812
16 0.0612372 0.169922 0.117985 0.0390625
16 0.641746 0.659598 0.277934 0.151786
22 0.134673 0.211077 0.265833 0.0923549
18 0.134673 0.215402 0.266223 0.0870536
8 0.197911 0.214565 0.145603 0.0764509
33 0.498486 0.202846 0.0390357 0.0231585
5 0.179759 0.581613 0.286912 0.247489
0 0.439932 0.579799 0.425489 0.220982
15 0.184444 0.205078 0.113984 0.0398996
5 0.371229 0.202846 0.0281057 0.0198103
7 0.134673 0.215402 0.266223 0.0870536
18 0.238508 0.585379 0.392699 0.257812
33 0.238508 0.585379 0.392699 0.257812
10 0.976235 0.0459682 0.0475297 0.0877511
16 0.966523 0.708705 0.0655799 0.0491071
0 0.152727 0.659598 0.194983 0.106027
26 0.910312 0.702009 0.0530885 0.0368304
21 0.439932 0.579799 0.425489 0.220982
32 0.238508 0.585379 0.392699 0.257812
32 0.384892 0.356027 0.04372 0.03125
7 0.152995 0.664062 0.194056 0.104911
10 0.371229 0.202846 0.0281057 0.0198103
4 0.511367 0.508929 0.566798 0.469866
16 0.452033 0.276786 0.0249828 0.0212054
12 0.249438 0.239955 0.0374742 0.0234375
20 0.19186 0.580357 0.27403 0.246652
8 0.420805 0.598772 0.751046 0.276786
16 0.665558 0.678571 0.126476 0.108259
2 0.420024 0.59933 0.749485 0.28125
15 0.373767 0.345703 0.0597246 0.0329241
15 0.498095 0.202846 0.0421585 0.0136719
9 0.238508 0.585379 0.392699 0.257812
6 0.975892 0.0497872 0.0468428 0.0907157
23 0.375133 0.356306 0.0585535 0.0457589
1 0.238508 0.585379 0.392699 0.257812
17 0.48131 0.564174 0.455156 0.196429
9 0.134673 0.211077 0.265833 0.0923549
22 0.238508 0.585379 0.392699 0.257812
23 0.152727 0.659598 0.194983 0.106027
4 0.405288 0.519531 0.764904 0.430804
14 0.44569 0.52846 0.691907 0.422991
22 0.331803 0.586496 0.565237 0.256696
15 0.370839 0.198521 0.0281057 0.0253906
12 0.488727 0.263393 0.0234214 0.015625
9 0.319117 0.586496 0.534398 0.256696
16 0.0628474 0.150949 0.117497 0.0837054
12 0.44569 0.52846 0.691907 0.422991
0 0.238508 0.585379 0.392699 0.257812
17 0.63511 0.590402 0.29589 0.247768
14 0.640185 0.602679 0.291987 0.267857
16 0.498095 0.202846 0.0421585 0.0136719
6 0.197325 0.217076 0.145603 0.0792411
23 0.152825 0.200614 0.237727 0.108817
28 0.19796 0.214007 0.145115 0.0758928
16 0.48131 0.564174 0.455156 0.196429
14 0.331803 0.586496 0.565237 0.256696
0 0.134673 0.211077 0.265833 0.0923549
4 0.134673 0.211077 0.265833 0.0923549
16 0.582412 0.323661 0.084317 0.0390625
15 0.0759488 0.180943 0.0893429 0.0226004
11 0.941103 0.703683 0.117794 0.0457589
6 0.523468 0.600446 0.519174 0.272321
16 0.975454 0.0535017 0.0490911 0.107003
5 0.649554 0.678571 0.0538692 0.113839
26 0.370644 0.200614 0.0245925 0.0267857
5 0.248657 0.239258 0.038255 0.0265067
18 0.179759 0.581613 0.286912 0.247489
33 0.439932 0.579799 0.425489 0.220982
21 0.966523 0.708705 0.0655799 0.0491071
16 0.452033 0.283482 0.0234214 0.0234375
5 0.641746 0.678571 0.0312285 0.111607
16 0.102664 0.664062 0.0849026 0.0982143
26 0.13721 0.204799 0.27364 0.0641741
20 0.488727 0.267299 0.0202985 0.015625
17 0.15363 0.662946 0.19513 0.104911
16 0.380598 0.354353 0.0499656 0.0290179
24 0.197911 0.214565 0.145603 0.0764509
12 0.498486 0.197824 0.0468428 0.0223214
28 0.375133 0.356306 0.0585535 0.0457589
28 0.975892 0.0497872 0.0468428 0.0907157
16 0.63472 0.597238 0.31697 0.263114
7 0.387234 0.356585 0.0843171 0.0457589
26 0.179759 0.581613 0.286912 0.247489
9 0.60232 0.576451 0.378646 0.22433
12 0.386063 0.200335 0.0585535 0.0223214
23 0.405288 0.519531 0.764904 0.430804
5 0.0612372 0.169922 0.117985 0.0390625
33 0.0612372 0.169922 0.117985 0.0390625
14 0.375523 0.330078 0.0499657 0.0993303
15 0.238508 0.585379 0.392699 0.257812
8 0.427441 0.564732 0.326338 0.195312
24 0.593733 0.555246 0.381769 0.188616
5 0.633939 0.679688 0.0265442 0.104911
27 0.319117 0.586496 0.534398 0.256696
32 0.381769 0.359933 0.0491849 0.0407366
16 0.374352 0.361328 0.067922 0.0412946
16 0.381769 0.359933 0.0491849 0.0407366
14 0.381769 0.359933 0.0491849 0.0407366
20 0.381769 0.359933 0.0491849 0.0407366
5 0.374352 0.361328 0.067922 0.0412946
17 0.374352 0.361328 0.067922 0.0412946
16 0.42627 0.594308 0.793205 0.261161
32 0.374352 0.361328 0.067922 0.0412946
14 0.374352 0.361328 0.067922 0.0412946
16 0.373181 0.201451 0.0226407 0.0206473
0 0.0774858 0.181362 0.0860736 0.0220424
16 0.174489 0.205915 0.0882206 0.0390625
17 0.0774858 0.181362 0.0860736 0.0220424
14 0.373181 0.201451 0.0226407 0.0206473
16 0.249048 0.239676 0.0378646 0.0340402
0 0.374352 0.361328 0.067922 0.0412946
16 0.0784617 0.18192 0.0878303 0.0239955
15 0.42627 0.594308 0.793205 0.261161
3 0.194983 0.219169 0.145603 0.0795201
15 0.375523 0.361886 0.0632378 0.0412946
32 0.249048 0.239676 0.0378646 0.0340402
17 0.381769 0.359933 0.0491849 0.0407366
14 0.0774858 0.181362 0.0860736 0.0220424
32 0.0758268 0.178432 0.0825604 0.0212054
32 0.41856 0.597238 0.786764 0.263114
32 0.371034 0.201451 0.0253732 0.0181362
16 0.194983 0.219169 0.145603 0.0795201
33 0.41856 0.597238 0.786764 0.263114
13 0.381769 0.359933 0.0491849 0.0407366
32 0.450081 0.27846 0.0226407 0.0245536
15 0.0774858 0.181362 0.0860736 0.0220424
17 0.171269 0.205915 0.0868544 0.0387835
16 0.452814 0.279297 0.0202986 0.0217634
16 0.651115 0.679129 0.0562113 0.114955
32 0.452814 0.279297 0.0202986 0.0217634
3 0.179564 0.581473 0.275592 0.248884
14 0.194983 0.219866 0.147164 0.078125
1 0.41856 0.597238 0.786764 0.263114
14 0.452814 0.279297 0.0202986 0.0217634
20 0.374352 0.361328 0.067922 0.0412946
16 0.245144 0.234933 0.0304478 0.0373884
14 0.248462 0.239676 0.0386453 0.031808
0 0.501999 0.595982 0.960277 0.263393
16 0.249633 0.245396 0.0355225 0.030971
13 0.409874 0.591378 0.790082 0.26144
32 0.177807 0.205915 0.0905628 0.0401786
18 0.194983 0.219866 0.147164 0.078125
23 0.409874 0.591378 0.790082 0.26144
17 0.19591 0.218471 0.146091 0.0797991
26 0.194983 0.219169 0.145603 0.0795201
32 0.498095 0.202288 0.04372 0.016183
9 0.428709 0.597238 0.763342 0.265346
32 0.38294 0.354353 0.0366935 0.0535714
3 0.480139 0.591378 0.89782 0.256975
21 0.42627 0.594308 0.793205 0.261161
16 0.38294 0.354353 0.0366935 0.0535714
28 0.186395 0.580915 0.260368 0.245536
7 0.420805 0.597656 0.743239 0.264509
16 0.450081 0.27846 0.0226407 0.0245536
16 0.23031 0.232701 0.0655799 0.0446429
33 0.19591 0.218471 0.146091 0.0797991
10 0.409874 0.591378 0.790082 0.26144
19 0.42627 0.594308 0.793205 0.261161
3 0.374742 0.360212 0.0577728 0.0429688
0 0.175661 0.209263 0.089782 0.0435268
16 0.199667 0.216518 0.118668 0.0633371
28 0.41856 0.597238 0.786764 0.263114
32 0.245144 0.234933 0.0304478 0.0373884
32 0.37162 0.196708 0.0249829 0.0253906
14 0.174489 0.205915 0.0882206 0.0390625
16 0.978577 0.52846 0.0428454 0.0267857
33 0.374742 0.360212 0.0577728 0.0429688
15 0.194983 0.219866 0.147164 0.078125
15 0.174489 0.205915 0.0882206 0.0390625
32 0.0784617 0.18192 0.0878303 0.0239955
6 0.501999 0.595982 0.960277 0.263393
0 0.371034 0.201451 0.0253732 0.0181362
30 0.42627 0.594308 0.793205 0.261161
16 0.184053 0.584263 0.270517 0.25
0 0.194983 0.219169 0.145603 0.0795201
26 0.420805 0.597656 0.743239 0.264509
24 0.194983 0.219169 0.145603 0.0795201
2 0.409191 0.592634 0.774273 0.262277
17 0.373181 0.201451 0.0226407 0.0206473
18 0.186395 0.580915 0.260368 0.245536
18 0.41856 0.597238 0.786764 0.263114
5 0.194593 0.220006 0.147945 0.078962
20 0.373181 0.201451 0.0226407 0.0206473
32 0.194983 0.219866 0.147164 0.078125
34 0.41856 0.597238 0.786764 0.263114
16 0.586706 0.323103 0.0811942 0.0368304
28 0.194983 0.219866 0.147164 0.078125
0 0.381769 0.359933 0.0491849 0.0407366
16 0.498095 0.202288 0.04372 0.016183
14 0.38294 0.354353 0.0366935 0.0535714
5 0.0774858 0.181362 0.0860736 0.0220424
32 0.498095 0.196708 0.0452814 0.0223214
32 0.249633 0.245396 0.0355225 0.030971
14 0.37162 0.196708 0.0249829 0.0253906
20 0.42627 0.594308 0.793205 0.261161
26 0.374742 0.360212 0.0577728 0.0429688
17 0.244168 0.237723 0.0456717 0.0340402
17 0.583193 0.320312 0.073387 0.0323661
18 0.374742 0.360212 0.0577728 0.0429688
33 0.179564 0.581473 0.275592 0.248884
35 0.41856 0.597238 0.786764 0.263114
28 0.375523 0.361886 0.0632378 0.0412946
16 0.406752 0.179129 0.0288864 0.0189732
32 0.406361 0.175363 0.027325 0.0231585
5 0.248462 0.239676 0.0386453 0.031808
5 0.371034 0.201451 0.0253732 0.0181362
23 0.374742 0.360212 0.0577728 0.0429688
24 0.374742 0.360212 0.0577728 0.0429688
10 0.381769 0.359933 0.0491849 0.0407366
14 0.450081 0.27846 0.0226407 0.0245536
14 0.245144 0.234933 0.0304478 0.0373884
17 0.179564 0.581473 0.275592 0.248884
5 0.380988 0.360491 0.0484042 0.0407366
15 0.138089 0.222098 0.264076 0.0848214
10 0.374352 0.361328 0.067922 0.0412946
11 0.194593 0.220006 0.147945 0.078962
22 0.42627 0.594308 0.793205 0.261161
20 0.0774858 0.181362 0.0860736 0.0220424
17 0.498095 0.202288 0.04372 0.016183
32 0.583193 0.320312 0.073387 0.0323661
16 0.100883 0.659598 0.0839755 0.102679
11 0.186395 0.580915 0.260368 0.245536
32 0.376304 0.354074 0.0679221 0.061942
14 0.186395 0.580915 0.260368 0.245536
32 0.23031 0.232701 0.0655799 0.0446429
17 0.420805 0.597656 0.743239 0.264509
11 0.374742 0.360212 0.0577728 0.0429688
27 0.41856 0.597238 0.786764 0.263114
14 0.498095 0.202288 0.04372 0.016183
3 0.44569 0.584821 0.36713 0.236607
20 0.179564 0.581473 0.275592 0.248884
5 0.409874 0.591378 0.790082 0.26144
20 0.194983 0.219169 0.145603 0.0795201
0 0.248462 0.239676 0.0386453 0.031808
20 0.248462 0.239676 0.0386453 0.031808
32 0.403629 0.183594 0.0351321 0.015625
17 0.406752 0.179129 0.0288864 0.0189732
32 0.387234 0.296317 0.0202986 0.0256696
12 0.479748 0.590402 0.917338 0.261161
17 0.452814 0.279297 0.0202986 0.0217634
24 0.179564 0.581473 0.275592 0.248884
32 0.978577 0.52846 0.0428454 0.0267857
14 0.420805 0.597656 0.743239 0.264509
17 0.441884 0.277065 0.0445006 0.0212054
13 0.38294 0.354353 0.0366935 0.0535714
16 0.37162 0.196708 0.0249829 0.0253906
14 0.16717 0.219448 0.208255 0.078404
23 0.194983 0.219169 0.145603 0.0795201
7 0.375133 0.359933 0.0569921 0.0412946
1 0.194593 0.220006 0.147945 0.078962
8 0.186395 0.580915 0.260368 0.245536
14 0.586706 0.323103 0.0811942 0.0368304
16 0.403629 0.183594 0.0351321 0.015625
6 0.194983 0.219169 0.145603 0.0795201
14 0.376304 0.354074 0.0679221 0.061942
7 0.194983 0.219169 0.145603 0.0795201
28 0.0774858 0.181362 0.0860736 0.0220424
21 0.194593 0.220006 0.147945 0.078962
33 0.38294 0.354353 0.0366935 0.0535714
14 0.23031 0.232701 0.0655799 0.0446429
26 0.16717 0.219448 0.208255 0.078404
23 0.179564 0.581473 0.275592 0.248884
13 0.290816 0.58245 0.54728 0.254743
16 0.386453 0.299665 0.0202986 0.0301339
4 0.374352 0.361328 0.067922 0.0412946
15 0.371034 0.201451 0.0253732 0.0181362
16 0.450472 0.282645 0.02186 0.0262277
12 0.380988 0.360491 0.0484042 0.0407366
15 0.373181 0.197824 0.0249829 0.0273438
9 0.194983 0.219169 0.145603 0.0795201
32 0.449691 0.273438 0.0218599 0.0334822
21 0.184053 0.584263 0.270517 0.25
14 0.199667 0.216518 0.118668 0.0633371
32 0.904066 0.456194 0.0249828 0.016183
32 0.846293 0.535435 0.0874399 0.0217634
18 0.44569 0.584821 0.36713 0.236607
16 0.377475 0.20173 0.0413778 0.0228795
33 0.0635305 0.181641 0.12023 0.0390625
33 0.635501 0.595843 0.296671 0.26144
32 0.38294 0.29548 0.0171757 0.0234375
10 0.194983 0.219169 0.145603 0.0795201
0 0.179564 0.581473 0.275592 0.248884
5 0.178588 0.582031 0.272079 0.245536
14 0.249633 0.245396 0.0355225 0.030971
10 0.373181 0.201451 0.0226407 0.0206473
32 0.406752 0.179129 0.0288864 0.0189732
8 0.194983 0.219866 0.147164 0.078125
17 0.368692 0.202148 0.0323996 0.0200893
15 0.21294 0.584961 0.39387 0.249721
24 0.420805 0.597656 0.743239 0.264509
13 0.383721 0.299107 0.0187371 0.0301339
33 0.376304 0.354074 0.0679221 0.061942
16 0.206499 0.209542 0.106177 0.0491071
1 0.374352 0.358259 0.0569921 0.047433
20 0.249633 0.245396 0.0355225 0.030971
14 0.387234 0.296317 0.0202986 0.0256696
17 0.0635305 0.181641 0.12023 0.0390625
16 0.21294 0.584961 0.39387 0.249721
13 0.373181 0.201451 0.0226407 0.0206473
14 0.579289 0.318638 0.0671413 0.0279018
17 0.978577 0.526786 0.0428454 0.0212054
15 0.248462 0.239676 0.0386453 0.031808
32 0.383721 0.299107 0.0187371 0.0301339
8 0.409874 0.591378 0.790082 0.26144
3 0.0635305 0.181641 0.12023 0.0390625
28 0.16717 0.219448 0.208255 0.078404
14 0.432613 0.584821 0.338634 0.234375
25 0.42627 0.594308 0.793205 0.261161
14 0.978577 0.52846 0.0428454 0.0267857
17 0.37162 0.196708 0.0249829 0.0253906
3 0.385282 0.585798 0.249048 0.24135
20 0.452814 0.279297 0.0202986 0.0217634
13 0.376304 0.354074 0.0679221 0.061942
14 0.403629 0.183594 0.0351321 0.015625
14 0.452033 0.273438 0.02186 0.0345982
4 0.42627 0.594308 0.793205 0.261161
0 0.498095 0.202288 0.04372 0.016183
32 0.546452 0.599888 0.907095 0.272321
21 0.374742 0.360212 0.0577728 0.0429688
15 0.376304 0.354074 0.0679221 0.061942
17 0.44569 0.584821 0.36713 0.236607
4 0.0784617 0.18192 0.0878303 0.0239955
14 0.0635305 0.181641 0.12023 0.0390625
22 0.194983 0.219866 0.147164 0.078125
2 0.538255 0.607282 0.92349 0.280971
5 0.0625547 0.175642 0.118278 0.0396205
3 0.635501 0.595843 0.296671 0.26144
32 0.16717 0.219448 0.208255 0.078404
10 0.0821945 0.181362 0.080755 0.0245536
13 0.178588 0.582031 0.272079 0.245536
16 0.16717 0.219448 0.208255 0.078404
16 0.355029 0.188616 0.0815845 0.0558036
17 0.450081 0.27846 0.0226407 0.0245536
20 0.245144 0.234933 0.0304478 0.0373884
16 0.145798 0.65904 0.180735 0.109375
20 0.450081 0.27846 0.0226407 0.0245536
32 0.456327 0.278739 0.03279 0.0245536
8 0.374352 0.360491 0.0632378 0.0418527
15 0.0635305 0.181641 0.12023 0.0390625
14 0.904066 0.456194 0.0249828 0.016183
2 0.290816 0.58245 0.54728 0.254743
33 0.16717 0.219448 0.208255 0.078404
20 0.498095 0.202288 0.04372 0.016183
16 0.44569 0.584821 0.36713 0.236607
28 0.175661 0.209263 0.089782 0.0435268
15 0.38294 0.354353 0.0366935 0.0535714
23 0.290816 0.58245 0.54728 0.254743
14 0.38294 0.29548 0.0171757 0.0234375
19 0.194983 0.219169 0.145603 0.0795201
16 0.0936856 0.181083 0.0601149 0.0256696
28 0.44569 0.584821 0.36713 0.236607
33 0.546452 0.599888 0.907095 0.272321
17 0.900943 0.455357 0.0343513 0.0178571
13 0.245144 0.234933 0.0304478 0.0373884
17 0.180784 0.210379 0.0967109 0.0482701
10 0.248462 0.239676 0.0386453 0.031808
14 0.441884 0.277065 0.0445006 0.0212054
1 0.244363 0.587054 0.439542 0.247768
15 0.452814 0.279297 0.0202986 0.0217634
14 0.0624083 0.174665 0.117985 0.0368304
33 0.1093 0.659598 0.102078 0.107143
0 0.199667 0.216518 0.118668 0.0633371
16 0.0655311 0.183873 0.116814 0.0379464
17 0.0646528 0.178013 0.0967109 0.0228795
14 0.406752 0.179129 0.0288864 0.0189732
8 0.44569 0.584821 0.36713 0.236607
30 0.136918 0.220424 0.262515 0.0848214
0 0.441884 0.277065 0.0445006 0.0212054
17 0.573044 0.317522 0.0640185 0.0245536
0 0.138089 0.222098 0.264076 0.0848214
16 0.0758268 0.178432 0.0825604 0.0212054
20 0.904066 0.456194 0.0249828 0.016183
11 0.44569 0.584821 0.36713 0.236607
17 0.406361 0.175363 0.027325 0.0231585
12 0.19591 0.218471 0.146091 0.0797991
14 0.0646528 0.178013 0.0967109 0.0228795
0 0.635501 0.595843 0.296671 0.26144
1 0.136918 0.220424 0.262515 0.0848214
32 0.206499 0.209542 0.106177 0.0491071
13 0.19591 0.218471 0.146091 0.0797991
13 0.538255 0.607282 0.92349 0.280971
32 0.0936856 0.181083 0.0601149 0.0256696
20 0.180784 0.210379 0.0967109 0.0482701
22 0.138089 0.222098 0.264076 0.0848214
30 0.21294 0.584961 0.39387 0.249721
7 0.546452 0.599888 0.907095 0.272321
20 0.38294 0.354353 0.0366935 0.0535714
29 0.194983 0.219169 0.145603 0.0795201
20 0.406752 0.179129 0.0288864 0.0189732
13 0.374352 0.358259 0.0562114 0.046317
31 0.375133 0.359933 0.0569921 0.0412946
15 0.538255 0.607282 0.92349 0.280971
17 0.403629 0.183594 0.0351321 0.015625
33 0.171952 0.204939 0.0866592 0.0452009
