7 0.342064 0.541783 0.677108 0.296657
1 0.339334 0.538649 0.678668 0.298746
16 0.342064 0.541783 0.677108 0.296657
7 0.729343 0.539694 0.541314 0.271588
21 0.342064 0.541783 0.677108 0.296657
20 0.345965 0.541783 0.688029 0.303621
19 0.29448 0.542827 0.585839 0.298747
22 0.342064 0.541783 0.677108 0.296657
1 0.728203 0.538997 0.540594 0.27298
18 0.345965 0.541783 0.688029 0.303621
17 0.361956 0.531337 0.315152 0.289694
14 0.342064 0.541783 0.677108 0.296657
19 0.729343 0.539694 0.541314 0.271588
7 0.741074 0.529944 0.40252 0.272981
26 0.338359 0.536212 0.655656 0.29805
15 0.309301 0.54039 0.618602 0.303621
32 0.342064 0.541783 0.677108 0.296657
23 0.711431 0.527507 0.435284 0.286908
23 0.691539 0.502089 0.372097 0.211699
7 0.376095 0.607939 0.272832 0.139276
16 0.727033 0.54039 0.532013 0.277159
26 0.706751 0.961699 0.134173 0.0626741
18 0.904111 0.557103 0.185659 0.101671
0 0.711431 0.527507 0.435284 0.286908
23 0.0768621 0.5 0.153237 0.21727
7 0.0768621 0.5 0.153237 0.21727
9 0.729343 0.539694 0.541314 0.271588
3 0.29448 0.542827 0.585839 0.298747
20 0.726223 0.541086 0.547555 0.278552
15 0.729343 0.539694 0.541314 0.271588
21 0.729343 0.539694 0.541314 0.271588
14 0.726223 0.541086 0.547555 0.278552
33 0.741074 0.529944 0.40252 0.272981
22 0.729343 0.539694 0.541314 0.271588
18 0.727033 0.54039 0.532013 0.277159
27 0.314762 0.537604 0.623282 0.29805
0 0.339334 0.538649 0.678668 0.298746
34 0.325683 0.536908 0.651365 0.302228
9 0.338359 0.536212 0.655656 0.29805
8 0.676328 0.533426 0.40096 0.277159
26 0.731323 0.537604 0.531233 0.271588
2 0.731323 0.537604 0.531233 0.271588
23 0.345965 0.541783 0.688029 0.303621
3 0.727033 0.54039 0.532013 0.277159
23 0.17659 0.496518 0.35318 0.222841
18 0.706751 0.961699 0.134173 0.0626741
17 0.0778128 0.500696 0.154455 0.21727
33 0.29448 0.542827 0.585839 0.298747
17 0.70051 0.527855 0.438404 0.277159
4 0.729763 0.54039 0.535914 0.278552
35 0.342064 0.541783 0.677108 0.296657
33 0.0832734 0.5 0.164206 0.222841
34 0.725863 0.536908 0.539034 0.275766
18 0.0791779 0.498607 0.156016 0.213092
17 0.15309 0.5 0.30384 0.222841
27 0.731323 0.537604 0.531233 0.271588
17 0.706751 0.961699 0.134173 0.0626741
17 0.376095 0.607939 0.272832 0.139276
11 0.904111 0.557103 0.185659 0.101671
2 0.34616 0.537604 0.679058 0.300836
4 0.34616 0.537604 0.679058 0.300836
32 0.727033 0.540738 0.530453 0.269499
18 0.376095 0.607939 0.272832 0.139276
11 0.0791779 0.498607 0.156016 0.213092
26 0.0791779 0.498607 0.156016 0.213092
17 0.249235 0.51741 0.454786 0.261838
35 0.727033 0.540738 0.530453 0.269499
7 0.705971 0.961003 0.132613 0.0626741
16 0.15309 0.5 0.3015 0.221448
24 0.312226 0.534123 0.610411 0.302228
11 0.342064 0.541783 0.677108 0.296657
11 0.706751 0.961699 0.134173 0.0626741
16 0.241824 0.537604 0.483648 0.289694
11 0.70051 0.527855 0.438404 0.277159
7 0.220957 0.640669 0.165377 0.100279
16 0.361956 0.531337 0.315152 0.289694
16 0.706751 0.95961 0.132613 0.0640669
33 0.729343 0.539694 0.541314 0.271588
8 0.179418 0.498259 0.358836 0.222841
0 0.361956 0.531337 0.315152 0.289694
8 0.376095 0.607939 0.272832 0.139276
11 0.15309 0.5 0.30384 0.222841
33 0.179418 0.498259 0.358836 0.222841
14 0.706751 0.961003 0.134173 0.0612813
11 0.376095 0.607939 0.272832 0.139276
24 0.728203 0.538997 0.540594 0.27298
5 0.0768621 0.5 0.153237 0.21727
23 0.250795 0.54039 0.460246 0.296657
6 0.342064 0.541783 0.677108 0.296657
17 0.904111 0.557103 0.185659 0.101671
0 0.706751 0.961699 0.134173 0.0626741
10 0.729763 0.54039 0.535914 0.278552
23 0.361956 0.531337 0.315152 0.289694
21 0.903331 0.55571 0.187219 0.101671
26 0.90021 0.556755 0.19658 0.0995822
23 0.903331 0.557103 0.184098 0.100279
21 0.241824 0.537604 0.483648 0.289694
31 0.741074 0.529944 0.40252 0.272981
23 0.757456 0.522981 0.39628 0.228412
7 0.24865 0.469359 0.391989 0.164345
23 0.361566 0.479109 0.304231 0.190808
16 0.739514 0.505571 0.361956 0.235376
5 0.904111 0.557103 0.185659 0.101671
16 0.220957 0.640669 0.165377 0.100279
30 0.728203 0.538997 0.540594 0.27298
14 0.361956 0.531337 0.315152 0.289694
33 0.361956 0.531337 0.315152 0.289694
7 0.15309 0.5 0.30384 0.222841
7 0.350645 0.470404 0.273807 0.167131
30 0.339334 0.538649 0.678668 0.298746
7 0.90255 0.557799 0.188779 0.102368
0 0.903331 0.55571 0.187219 0.101671
25 0.345965 0.541783 0.688029 0.303621
10 0.34616 0.537604 0.679058 0.300836
13 0.34616 0.537604 0.679058 0.300836
21 0.705971 0.961003 0.132613 0.0626741
5 0.706751 0.961699 0.134173 0.0626741
21 0.354741 0.533774 0.312421 0.298747
3 0.361956 0.531337 0.315152 0.289694
4 0.0791779 0.498607 0.156016 0.213092
7 0.707921 0.491643 0.317492 0.17688
14 0.904111 0.557103 0.185659 0.101671
8 0.742634 0.525766 0.3994 0.279944
8 0.362736 0.528552 0.354156 0.299443
23 0.627183 0.504178 0.352595 0.200557
25 0.731323 0.537604 0.531233 0.271588
3 0.903331 0.55571 0.187219 0.101671
12 0.705971 0.961003 0.132613 0.0626741
14 0.474288 0.535515 0.892409 0.307799
33 0.705191 0.95195 0.134173 0.0821727
0 0.17659 0.496518 0.35318 0.222841
17 0.886949 0.533426 0.223102 0.153203
12 0.904111 0.557103 0.185659 0.101671
8 0.705971 0.498259 0.335434 0.197075
22 0.327438 0.461612 0.652535 0.469533
34 0.447765 0.53273 0.805041 0.306407
8 0.903331 0.55571 0.187219 0.101671
35 0.241824 0.537604 0.483648 0.289694
31 0.729343 0.539694 0.541314 0.271588
16 0.528113 0.641713 0.0156016 0.0703342
17 0.705971 0.498259 0.335434 0.197075
24 0.706751 0.961699 0.134173 0.0626741
20 0.243384 0.536212 0.486769 0.286908
18 0.241824 0.537604 0.483648 0.289694
17 0.312226 0.534123 0.610411 0.302228
6 0.903331 0.55571 0.187219 0.101671
21 0.171617 0.498607 0.343234 0.221449
15 0.527333 0.639972 0.0187219 0.0779944
31 0.706751 0.961699 0.134173 0.0626741
0 0.0768621 0.5 0.153237 0.21727
11 0.739514 0.559889 0.377558 0.213092
31 0.376095 0.607939 0.272832 0.139276
17 0.825323 0.556059 0.335434 0.0995821
23 0.603001 0.530641 0.29955 0.222841
24 0.0768621 0.5 0.153237 0.21727
26 0.319052 0.465181 0.210621 0.162953
15 0.622502 0.540738 0.722352 0.280641
23 0.226223 0.506267 0.407981 0.238162
20 0.706751 0.95961 0.132613 0.0640669
19 0.454396 0.533426 0.804261 0.300836
17 0.779883 0.561281 0.406031 0.116992
22 0.241824 0.537604 0.483648 0.289694
21 0.741074 0.529944 0.40252 0.272981
31 0.219202 0.641365 0.163816 0.0988858
16 0.728203 0.635794 0.0413441 0.0640668
17 0.755506 0.543872 0.409541 0.243733
7 0.241824 0.537604 0.483648 0.289694
33 0.227588 0.54039 0.415392 0.295265
11 0.319052 0.465181 0.210621 0.162953
11 0.361956 0.531337 0.315152 0.289694
7 0.521092 0.536908 0.870567 0.296657
31 0.34616 0.537604 0.679058 0.300836
27 0.622502 0.540738 0.722352 0.280641
23 0.825323 0.556059 0.335434 0.0995821
8 0.360786 0.473538 0.312811 0.176184
20 0.327438 0.461612 0.652535 0.469533
21 0.226223 0.506267 0.407981 0.238162
13 0.729763 0.54039 0.535914 0.278552
3 0.664627 0.526811 0.39628 0.254875
17 0.59832 0.513231 0.29409 0.182451
7 0.361956 0.531337 0.315152 0.289694
26 0.351425 0.531337 0.337774 0.296657
28 0.706751 0.95961 0.132613 0.0640669
6 0.727033 0.540738 0.530453 0.269499
0 0.755506 0.543872 0.409541 0.243733
16 0.207891 0.651462 0.131443 0.0633705
18 0.171617 0.498607 0.343234 0.221449
3 0.706751 0.95961 0.132613 0.0640669
4 0.309496 0.454648 0.618992 0.47789
4 0.726253 0.429666 0.544495 0.491643
33 0.904111 0.557103 0.185659 0.101671
7 0.751215 0.572423 0.368197 0.190808
16 0.0785685 0.497215 0.156064 0.220056
7 0.570237 0.607242 0.230903 0.144847
6 0.0768621 0.5 0.153237 0.21727
11 0.227588 0.54039 0.415392 0.295265
14 0.309496 0.454648 0.618992 0.47789
28 0.325683 0.536908 0.651365 0.302228
14 0.0791779 0.498607 0.156016 0.213092
33 0.780273 0.571031 0.436454 0.193593
14 0.664627 0.526811 0.39628 0.254875
26 0.24865 0.469359 0.391989 0.164345
23 0.781443 0.553621 0.424753 0.174095
5 0.361956 0.531337 0.315152 0.289694
5 0.627183 0.504178 0.352595 0.200557
15 0.672427 0.452298 0.636544 0.460306
23 0.622502 0.540738 0.722352 0.280641
16 0.169179 0.626045 0.304426 0.130919
31 0.078666 0.498955 0.154699 0.215181
12 0.305206 0.543872 0.607291 0.305014
8 0.0778128 0.500696 0.154455 0.21727
32 0.241824 0.537604 0.483648 0.289694
23 0.327438 0.461612 0.652535 0.469533
31 0.90255 0.557799 0.188779 0.102368
5 0.376095 0.607939 0.272832 0.139276
17 0.688029 0.481198 0.240264 0.16156
16 0.739514 0.559889 0.377558 0.213092
14 0.69736 0.448555 0.60528 0.460829
33 0.306571 0.510098 0.39706 0.247215
3 0.672427 0.452298 0.636544 0.460306
23 0.779883 0.561281 0.406031 0.116992
12 0.181807 0.511838 0.358738 0.247215
24 0.376095 0.607939 0.272832 0.139276
16 0.169082 0.655989 0.0569457 0.0584958
33 0.825323 0.556059 0.335434 0.0995821
18 0.350645 0.470404 0.273807 0.167131
3 0.15309 0.5 0.30384 0.222841
8 0.229148 0.634401 0.2036 0.111421
0 0.250795 0.54039 0.460246 0.296657
6 0.376095 0.607939 0.272832 0.139276
9 0.903331 0.556059 0.187219 0.101671
8 0.705191 0.95195 0.134173 0.0821727
4 0.243384 0.536212 0.486769 0.286908
17 0.659166 0.511142 0.416562 0.218663
28 0.676328 0.533426 0.40096 0.277159
11 0.229148 0.634401 0.2036 0.111421
12 0.219202 0.641365 0.163816 0.0988858
11 0.705971 0.498259 0.335434 0.197075
33 0.360786 0.473538 0.312811 0.176184
16 0.69505 0.488162 0.266787 0.18663
14 0.739514 0.559889 0.377558 0.213092
16 0.352595 0.475627 0.287849 0.18663
11 0.665797 0.475279 0.191119 0.144847
21 0.825323 0.556059 0.335434 0.0995821
17 0.783979 0.582869 0.40096 0.16922
21 0.226808 0.633357 0.172007 0.11351
21 0.622502 0.540738 0.722352 0.280641
14 0.376095 0.607939 0.272832 0.139276
21 0.0832734 0.5 0.164206 0.222841
11 0.360786 0.473538 0.312811 0.176184
24 0.447765 0.53273 0.805041 0.306407
20 0.361956 0.531337 0.315152 0.289694
1 0.241824 0.537604 0.483648 0.289694
12 0.0799824 0.499304 0.157917 0.220056
26 0.742634 0.525766 0.3994 0.279944
11 0.825323 0.556059 0.335434 0.0995821
1 0.384579 0.531337 0.365857 0.295265
17 0.331923 0.467967 0.244164 0.172006
17 0.24865 0.469359 0.391989 0.164345
21 0.603001 0.530641 0.29955 0.222841
17 0.703631 0.925487 0.140414 0.137883
18 0.69736 0.448555 0.60528 0.460829
1 0.327438 0.461612 0.652535 0.469533
7 0.659166 0.511142 0.416562 0.218663
8 0.647465 0.506964 0.411881 0.210306
19 0.705971 0.961003 0.132613 0.0626741
26 0.622502 0.540738 0.722352 0.280641
14 0.757456 0.522981 0.39628 0.228412
3 0.535134 0.465268 0.887729 0.439937
18 0.577355 0.541086 0.789244 0.281337
15 0.207891 0.651462 0.131443 0.0633705
18 0.361956 0.531337 0.315152 0.289694
14 0.241824 0.537604 0.483648 0.289694
33 0.705971 0.498259 0.335434 0.197075
26 0.825323 0.556059 0.335434 0.0995821
23 0.583499 0.555014 0.258986 0.10585
12 0.70051 0.527855 0.438404 0.277159
31 0.15309 0.5 0.3015 0.221448
21 0.306571 0.510098 0.39706 0.247215
18 0.742634 0.525766 0.3994 0.279944
7 0.841704 0.559192 0.305791 0.112813
26 0.474288 0.535515 0.892409 0.307799
27 0.474288 0.535515 0.892409 0.307799
16 0.577355 0.541086 0.789244 0.281337
23 0.706751 0.952646 0.134173 0.0821727
15 0.525773 0.619777 0.127933 0.115599
33 0.410711 0.577994 0.293309 0.197772
9 0.622502 0.540738 0.722352 0.280641
0 0.360786 0.473538 0.312811 0.176184
16 0.306571 0.510098 0.39706 0.247215
5 0.226223 0.506267 0.407981 0.238162
17 0.707141 0.950557 0.141194 0.0835654
3 0.0768621 0.499304 0.152847 0.220056
3 0.705971 0.498259 0.335434 0.197075
33 0.664627 0.526811 0.39628 0.254875
3 0.825323 0.556059 0.335434 0.0995821
11 0.603001 0.530641 0.29955 0.222841
8 0.313201 0.533426 0.59676 0.300836
0 0.705971 0.498259 0.335434 0.197075
15 0.279658 0.461699 0.128713 0.140669
16 0.322952 0.533426 0.639664 0.300836
7 0.553856 0.527855 0.883049 0.277855
16 0.553856 0.527855 0.883049 0.277855
7 0.705581 0.5289 0.582718 0.277159
13 0.326853 0.536212 0.645125 0.306407
16 0.705581 0.5289 0.582718 0.277159
3 0.706751 0.965181 0.134173 0.0501393
2 0.547615 0.527855 0.89241 0.284123
13 0.667649 0.528552 0.658581 0.279944
16 0.707141 0.966574 0.134954 0.0473538
26 0.706751 0.965181 0.134173 0.0501393
9 0.705581 0.5289 0.582718 0.277159
14 0.707141 0.966574 0.134954 0.0473538
7 0.316712 0.537604 0.624843 0.303621
9 0.553856 0.527855 0.883049 0.277855
15 0.547615 0.527855 0.89241 0.284123
9 0.314372 0.536908 0.624063 0.306407
33 0.706751 0.965181 0.134173 0.0501393
17 0.707141 0.966574 0.134954 0.0473538
15 0.322952 0.533426 0.639664 0.300836
2 0.326853 0.536212 0.645125 0.306407
3 0.547615 0.527855 0.89241 0.284123
16 0.486379 0.552925 0.229343 0.108635
10 0.326853 0.536212 0.645125 0.306407
28 0.706751 0.965181 0.134173 0.0501393
21 0.553856 0.527855 0.883049 0.277855
5 0.326853 0.536212 0.645125 0.306407
18 0.707141 0.966574 0.134954 0.0473538
23 0.322562 0.534123 0.638884 0.302228
1 0.705581 0.5289 0.582718 0.277159
23 0.547615 0.527855 0.89241 0.284123
3 0.322952 0.533426 0.639664 0.300836
0 0.706751 0.965181 0.134173 0.0501393
32 0.720012 0.533426 0.550735 0.274373
1 0.553856 0.527855 0.883049 0.277855
15 0.705581 0.5289 0.582718 0.277159
1 0.292529 0.533426 0.576478 0.296657
32 0.553856 0.527855 0.883049 0.277855
33 0.235974 0.538649 0.424363 0.300139
3 0.771497 0.592618 0.422802 0.158774
26 0.553856 0.527855 0.883049 0.277855
19 0.553856 0.527855 0.883049 0.277855
21 0.705581 0.5289 0.582718 0.277159
32 0.320222 0.537953 0.626403 0.30571
10 0.667649 0.528552 0.658581 0.279944
21 0.320222 0.537953 0.626403 0.30571
30 0.553856 0.527855 0.883049 0.277855
5 0.667649 0.528552 0.658581 0.279944
3 0.235974 0.538649 0.424363 0.300139
11 0.706751 0.965181 0.134173 0.0501393
0 0.314372 0.536908 0.624063 0.306407
2 0.705971 0.529248 0.581938 0.279944
26 0.316712 0.537604 0.624843 0.303621
13 0.524213 0.524373 0.939214 0.300836
18 0.322952 0.533426 0.639664 0.300836
18 0.553856 0.527855 0.883049 0.277855
24 0.720012 0.533426 0.550735 0.274373
30 0.314372 0.536908 0.624063 0.306407
20 0.322562 0.534123 0.638884 0.302228
30 0.705581 0.5289 0.582718 0.277159
0 0.680228 0.529944 0.628743 0.274373
15 0.707141 0.966574 0.134954 0.0473538
33 0.309301 0.538301 0.613922 0.309192
28 0.537474 0.528203 0.908011 0.282033
16 0.736394 0.965181 0.0733274 0.0417828
5 0.706751 0.965181 0.134173 0.0501393
24 0.707141 0.966574 0.134954 0.0473538
20 0.547615 0.527855 0.89241 0.284123
26 0.705581 0.5289 0.582718 0.277159
22 0.553856 0.527855 0.883049 0.277855
17 0.235974 0.538649 0.424363 0.300139
19 0.282388 0.537256 0.564777 0.30571
21 0.706751 0.965181 0.134173 0.0501393
33 0.777738 0.591922 0.435284 0.158774
33 0.720012 0.533426 0.550735 0.274373
22 0.326853 0.536212 0.645125 0.306407
14 0.326853 0.536212 0.645125 0.306407
3 0.705581 0.5289 0.582718 0.277159
5 0.776763 0.537604 0.440354 0.274373
28 0.318272 0.533774 0.631863 0.295961
33 0.553856 0.527855 0.883049 0.277855
18 0.705581 0.5289 0.582718 0.277159
28 0.680228 0.529944 0.628743 0.274373
7 0.707141 0.966574 0.134954 0.0473538
14 0.524213 0.524373 0.939214 0.300836
0 0.537474 0.528203 0.908011 0.282033
35 0.680228 0.529944 0.628743 0.274373
24 0.292139 0.534819 0.581938 0.295265
5 0.50237 0.555014 0.269127 0.111421
33 0.486379 0.552925 0.229343 0.108635
34 0.386139 0.53273 0.772277 0.305014
20 0.707141 0.966574 0.134954 0.0473538
24 0.537474 0.528203 0.908011 0.282033
20 0.705581 0.5289 0.582718 0.277159
19 0.706751 0.965181 0.134173 0.0501393
33 0.766427 0.553273 0.409541 0.23468
19 0.705581 0.5289 0.582718 0.277159
3 0.766427 0.553273 0.409541 0.23468
23 0.706751 0.965181 0.134173 0.0501393
31 0.667649 0.528552 0.658581 0.279944
22 0.705581 0.5289 0.582718 0.277159
1 0.706751 0.965181 0.134173 0.0501393
17 0.764477 0.539694 0.463367 0.264624
34 0.680228 0.529944 0.628743 0.274373
12 0.707141 0.966574 0.134954 0.0473538
16 0.256256 0.54039 0.459466 0.302228
27 0.322952 0.533426 0.639664 0.300836
33 0.759016 0.623259 0.316712 0.0974931
8 0.707141 0.966574 0.134954 0.0473538
35 0.519532 0.525766 0.940774 0.284819
10 0.524213 0.524373 0.939214 0.300836
4 0.732883 0.531337 0.528113 0.274373
17 0.386139 0.53273 0.772277 0.305014
3 0.271467 0.62883 0.29487 0.129526
16 0.79646 0.595752 0.361956 0.152507
0 0.70051 0.972841 0.124812 0.0403899
23 0.235974 0.538649 0.424363 0.300139
4 0.326853 0.536212 0.645125 0.306407
5 0.706751 0.954735 0.134173 0.0766017
17 0.50237 0.555014 0.269127 0.111421
31 0.326853 0.536212 0.645125 0.306407
27 0.524213 0.524373 0.939214 0.300836
6 0.706751 0.965181 0.134173 0.0501393
35 0.30228 0.53273 0.592079 0.299443
28 0.706751 0.954735 0.134173 0.0766017
17 0.553856 0.527855 0.883049 0.277855
14 0.777738 0.591922 0.435284 0.158774
17 0.705971 0.955432 0.135734 0.0752089
16 0.253915 0.635098 0.246505 0.116992
17 0.253915 0.635098 0.246505 0.116992
0 0.791779 0.591574 0.404081 0.159471
14 0.667649 0.528552 0.658581 0.279944
16 0.3955 0.564067 0.3994 0.22702
5 0.524213 0.524373 0.939214 0.300836
3 0.517192 0.555362 0.285509 0.106546
17 0.777738 0.591922 0.435284 0.158774
0 0.516509 0.554318 0.288434 0.107242
18 0.777738 0.591922 0.435284 0.158774
23 0.777738 0.591922 0.435284 0.158774
33 0.253915 0.635098 0.246505 0.116992
21 0.706751 0.954735 0.134173 0.0766017
28 0.517094 0.554318 0.293504 0.110028
14 0.235974 0.538649 0.424363 0.300139
0 0.24475 0.63649 0.221932 0.110028
18 0.517094 0.554318 0.293504 0.110028
32 0.713382 0.966574 0.120912 0.0389972
32 0.736394 0.965181 0.0733274 0.0417828
8 0.326853 0.536212 0.645125 0.306407
0 0.766427 0.553273 0.409541 0.23468
28 0.235974 0.538649 0.424363 0.300139
14 0.486379 0.552925 0.229343 0.108635
15 0.486379 0.552925 0.229343 0.108635
4 0.547615 0.527855 0.89241 0.284123
12 0.322562 0.534123 0.638884 0.302228
25 0.547615 0.527855 0.89241 0.284123
25 0.322562 0.534123 0.638884 0.302228
34 0.537474 0.528203 0.908011 0.282033
2 0.786319 0.571727 0.421242 0.204735
5 0.771497 0.592618 0.422802 0.158774
27 0.732883 0.531337 0.528113 0.274373
5 0.235974 0.538649 0.424363 0.300139
8 0.667649 0.528552 0.658581 0.279944
13 0.786319 0.571727 0.421242 0.204735
24 0.771497 0.592618 0.422802 0.158774
6 0.680228 0.529944 0.628743 0.274373
34 0.764477 0.539694 0.463367 0.264624
0 0.759016 0.623259 0.316712 0.0974931
18 0.705971 0.955432 0.135734 0.0752089
24 0.705971 0.955432 0.135734 0.0752089
26 0.50237 0.555014 0.269127 0.111421
29 0.316712 0.537604 0.624843 0.303621
25 0.705581 0.5289 0.582718 0.277159
10 0.707141 0.966574 0.134954 0.0473538
32 0.727033 0.95961 0.0920492 0.0612814
21 0.516509 0.554318 0.288434 0.107242
28 0.777738 0.591922 0.435284 0.158774
33 0.706751 0.954735 0.134173 0.0766017
0 0.720792 0.969359 0.106091 0.0389972
24 0.517094 0.554318 0.293504 0.110028
21 0.235974 0.538649 0.424363 0.300139
11 0.253915 0.635098 0.246505 0.116992
1 0.491059 0.55571 0.245725 0.115599
16 0.452348 0.58844 0.329388 0.181058
16 0.538254 0.556407 0.326073 0.114206
19 0.499933 0.553621 0.263861 0.108635
3 0.705971 0.955432 0.135734 0.0752089
6 0.519532 0.525766 0.940774 0.284819
14 0.706751 0.954735 0.134173 0.0766017
18 0.253915 0.635098 0.246505 0.116992
23 0.705581 0.5289 0.582718 0.277159
17 0.70051 0.972841 0.124812 0.0403899
20 0.235974 0.538649 0.424363 0.300139
0 0.235974 0.538649 0.424363 0.300139
10 0.212766 0.539694 0.422412 0.302228
14 0.736394 0.965181 0.0733274 0.0417828
16 0.759016 0.623259 0.316712 0.0974931
3 0.24475 0.63649 0.221932 0.110028
29 0.553856 0.527855 0.883049 0.277855
14 0.776763 0.537604 0.440354 0.274373
18 0.235974 0.538649 0.424363 0.300139
1 0.706751 0.954735 0.134173 0.0766017
3 0.759016 0.623259 0.316712 0.0974931
34 0.243384 0.538649 0.485209 0.304318
0 0.706751 0.954735 0.134173 0.0766017
5 0.253915 0.635098 0.246505 0.116992
3 0.858281 0.572075 0.280438 0.116295
24 0.253915 0.635098 0.246505 0.116992
11 0.517094 0.554318 0.293504 0.110028
16 0.720792 0.969359 0.106091 0.0389972
23 0.517094 0.554318 0.293504 0.110028
28 0.762917 0.534471 0.386919 0.283426
33 0.858281 0.572075 0.280438 0.116295
8 0.253915 0.635098 0.246505 0.116992
32 0.706751 0.954039 0.134173 0.0779944
29 0.705581 0.5289 0.582718 0.277159
6 0.30228 0.53273 0.592079 0.299443
26 0.705971 0.955432 0.135734 0.0752089
16 0.858281 0.572075 0.280438 0.116295
33 0.538254 0.556407 0.326073 0.114206
8 0.517094 0.554318 0.293504 0.110028
24 0.219592 0.538997 0.404861 0.29805
1 0.786319 0.571727 0.421242 0.204735
23 0.766427 0.553273 0.409541 0.23468
28 0.858281 0.572075 0.280438 0.116295
4 0.707141 0.966574 0.134954 0.0473538
19 0.230464 0.637535 0.180296 0.106546
11 0.235974 0.538649 0.424363 0.300139
17 0.736394 0.965181 0.0733274 0.0417828
17 0.471557 0.54805 0.221542 0.112117
16 0.883049 0.566852 0.226223 0.0988858
14 0.534256 0.555014 0.323147 0.112813
15 0.705971 0.955432 0.135734 0.0752089
29 0.706751 0.965181 0.134173 0.0501393
7 0.219592 0.538997 0.404861 0.29805
13 0.393939 0.505571 0.776958 0.388579
21 0.253915 0.635098 0.246505 0.116992
3 0.471557 0.54805 0.221542 0.112117
11 0.706751 0.954039 0.134173 0.0779944
8 0.766427 0.553273 0.409541 0.23468
8 0.256256 0.54039 0.459466 0.302228
33 0.3955 0.564067 0.3994 0.22702
33 0.277123 0.621518 0.405251 0.146936
3 0.883049 0.566852 0.226223 0.0988858
14 0.858281 0.572075 0.280438 0.116295
0 0.858281 0.572075 0.280438 0.116295
8 0.49574 0.537604 0.943115 0.311978
20 0.517192 0.555362 0.285509 0.106546
14 0.253915 0.635098 0.246505 0.116992
8 0.706751 0.954735 0.134173 0.0766017
15 0.777738 0.591922 0.435284 0.158774
13 0.707531 0.965181 0.135734 0.0501393
16 0.70051 0.972841 0.124812 0.0403899
33 0.175908 0.549095 0.317882 0.297354
10 0.786319 0.571727 0.421242 0.204735
20 0.79646 0.595752 0.361956 0.152507
7 0.705971 0.955432 0.135734 0.0752089
31 0.492619 0.541783 0.952476 0.320334
32 0.704801 0.972145 0.125593 0.0389972
26 0.858281 0.572075 0.280438 0.116295
15 0.212766 0.539694 0.422412 0.302228
9 0.759016 0.623259 0.316712 0.0974931
24 0.766427 0.553273 0.409541 0.23468
22 0.212766 0.539694 0.422412 0.302228
16 0.744975 0.968663 0.0569457 0.0417828
9 0.706751 0.965181 0.134173 0.0501393
16 0.173372 0.534123 0.335824 0.307799
7 0.18288 0.511838 0.360494 0.247911
16 0.323684 0.613162 0.355813 0.138579
7 0.491059 0.55571 0.245725 0.115599
20 0.253915 0.635098 0.246505 0.116992
5 0.551125 0.550139 0.361176 0.120474
1 0.179808 0.547354 0.337774 0.306407
21 0.739124 0.538301 0.351815 0.271588
0 0.744975 0.968663 0.0569457 0.0417828
33 0.343624 0.61351 0.343234 0.135097
33 0.18288 0.511838 0.360494 0.247911
17 0.806601 0.572423 0.377558 0.130919
18 0.858281 0.572075 0.280438 0.116295
12 0.524213 0.524373 0.939214 0.300836
16 0.385359 0.612465 0.308131 0.135794
32 0.786319 0.564763 0.421242 0.221448
13 0.575698 0.476932 0.842484 0.388753
35 0.192046 0.53273 0.380386 0.291086
0 0.471557 0.54805 0.221542 0.112117
6 0.499933 0.553621 0.263861 0.108635
16 0.740294 0.539694 0.371317 0.266017
5 0.858281 0.572075 0.280438 0.116295
16 0.225053 0.637883 0.184879 0.103064
21 0.777738 0.591922 0.435284 0.158774
33 0.452348 0.58844 0.329388 0.181058
18 0.766427 0.553273 0.409541 0.23468
7 0.777738 0.591922 0.435284 0.158774
9 0.786319 0.571727 0.421242 0.204735
9 0.79646 0.595752 0.361956 0.152507
31 0.706751 0.965181 0.134173 0.0501393
7 0.740294 0.539694 0.371317 0.266017
7 0.786319 0.564763 0.421242 0.221448
31 0.776763 0.537604 0.440354 0.274373
14 0.720792 0.969359 0.106091 0.0389972
17 0.720792 0.969359 0.106091 0.0389972
23 0.324513 0.537256 0.639664 0.316852
15 0.308521 0.534123 0.609241 0.318941
16 0.324318 0.533078 0.623673 0.31546
14 0.324318 0.533078 0.623673 0.31546
26 0.308521 0.534123 0.609241 0.318941
23 0.690369 0.539694 0.59598 0.288301
13 0.324513 0.537256 0.639664 0.316852
5 0.719622 0.537604 0.542154 0.285515
7 0.308521 0.534123 0.609241 0.318941
16 0.528113 0.557103 0.30267 0.116992
21 0.324318 0.533078 0.623673 0.31546
10 0.321977 0.533426 0.615092 0.32312
14 0.719622 0.537604 0.542154 0.285515
16 0.570627 0.541086 0.815182 0.307799
15 0.677108 0.539694 0.59598 0.289694
18 0.324318 0.533078 0.623673 0.31546
3 0.719622 0.537604 0.542154 0.285515
1 0.324318 0.533078 0.623673 0.31546
32 0.49847 0.536212 0.943895 0.327298
33 0.49847 0.536212 0.943895 0.327298
16 0.677108 0.539694 0.59598 0.289694
16 0.485599 0.566156 0.219982 0.133705
1 0.487549 0.530641 0.970417 0.314763
5 0.308521 0.534123 0.609241 0.318941
20 0.308521 0.534123 0.609241 0.318941
13 0.6931 0.54039 0.59676 0.28273
15 0.570627 0.541086 0.815182 0.307799
19 0.6931 0.54039 0.59676 0.28273
3 0.324318 0.533078 0.623673 0.31546
28 0.341869 0.533774 0.672037 0.322423
9 0.308521 0.534123 0.609241 0.318941
19 0.324318 0.533078 0.623673 0.31546
23 0.521092 0.540738 0.914252 0.304318
7 0.487549 0.530641 0.970417 0.314763
26 0.6931 0.54039 0.59676 0.28273
2 0.357276 0.531337 0.689589 0.310585
18 0.677108 0.539694 0.59598 0.289694
21 0.6931 0.54039 0.59676 0.28273
10 0.521092 0.540738 0.914252 0.304318
8 0.357276 0.531337 0.689589 0.310585
16 0.442304 0.589136 0.324513 0.181058
7 0.719622 0.537604 0.542154 0.285515
14 0.487549 0.530641 0.970417 0.314763
18 0.570627 0.541086 0.815182 0.307799
3 0.570627 0.541086 0.815182 0.307799
24 0.341869 0.533774 0.672037 0.322423
32 0.341869 0.533774 0.672037 0.322423
18 0.884609 0.56546 0.212181 0.112813
20 0.6931 0.54039 0.59676 0.28273
19 0.570627 0.541086 0.815182 0.307799
2 0.6931 0.54039 0.59676 0.28273
0 0.487549 0.530641 0.970417 0.314763
26 0.448545 0.53273 0.890849 0.325905
9 0.487549 0.530641 0.970417 0.314763
29 0.308521 0.534123 0.609241 0.318941
9 0.749265 0.541086 0.485989 0.288301
18 0.776958 0.542479 0.429043 0.28273
33 0.357276 0.531337 0.689589 0.310585
22 0.324318 0.533078 0.623673 0.31546
2 0.485599 0.518454 0.971197 0.343315
1 0.749265 0.541086 0.485989 0.288301
10 0.690369 0.539694 0.59598 0.288301
0 0.320222 0.538649 0.630303 0.321031
19 0.485599 0.566156 0.219982 0.133705
19 0.528113 0.557103 0.30267 0.116992
13 0.521092 0.540738 0.914252 0.304318
17 0.776958 0.542479 0.429043 0.28273
30 0.313982 0.536908 0.623282 0.321727
5 0.570627 0.541086 0.815182 0.307799
11 0.308521 0.534123 0.609241 0.318941
15 0.485599 0.566156 0.219982 0.133705
8 0.749265 0.541086 0.485989 0.288301
17 0.341869 0.533774 0.672037 0.322423
6 0.448545 0.53273 0.890849 0.325905
8 0.485599 0.518454 0.971197 0.343315
21 0.570627 0.541086 0.815182 0.307799
28 0.493009 0.535864 0.970417 0.334958
28 0.680228 0.538649 0.624063 0.279248
24 0.493009 0.535864 0.970417 0.334958
15 0.776958 0.542479 0.429043 0.28273
30 0.6931 0.54039 0.59676 0.28273
24 0.680228 0.538649 0.624063 0.279248
29 0.749265 0.541086 0.485989 0.288301
11 0.192241 0.5 0.378435 0.231198
15 0.717672 0.47702 0.30111 0.162953
16 0.590909 0.558496 0.406421 0.130919
34 0.341869 0.533774 0.672037 0.322423
14 0.50081 0.557799 0.229343 0.118384
11 0.719622 0.537604 0.542154 0.285515
20 0.570627 0.541086 0.815182 0.307799
0 0.680228 0.538649 0.624063 0.279248
30 0.570627 0.541086 0.815182 0.307799
1 0.643955 0.541086 0.663847 0.281337
29 0.487549 0.530641 0.970417 0.314763
27 0.776958 0.542479 0.429043 0.28273
19 0.442304 0.589136 0.324513 0.181058
26 0.50081 0.557799 0.229343 0.118384
31 0.719622 0.537604 0.542154 0.285515
13 0.784759 0.582869 0.418122 0.197772
6 0.313982 0.536908 0.623282 0.321727
22 0.49847 0.536212 0.943895 0.327298
16 0.776958 0.542479 0.429043 0.28273
18 0.50081 0.557799 0.229343 0.118384
14 0.784759 0.582869 0.418122 0.197772
35 0.776958 0.542479 0.429043 0.28273
14 0.442304 0.589136 0.324513 0.181058
4 0.749265 0.541086 0.485989 0.288301
17 0.784564 0.582521 0.418512 0.201253
31 0.321977 0.533426 0.615092 0.32312
18 0.851065 0.573468 0.268347 0.12883
34 0.717282 0.544568 0.549955 0.279944
32 0.677108 0.539694 0.59598 0.289694
5 0.784759 0.582869 0.418122 0.197772
25 0.313982 0.536908 0.623282 0.321727
27 0.341869 0.533774 0.672037 0.322423
33 0.528113 0.557103 0.30267 0.116992
22 0.6931 0.54039 0.59676 0.28273
17 0.192241 0.5 0.378435 0.231198
11 0.69505 0.477368 0.249625 0.160863
15 0.192484 0.498607 0.374828 0.233983
11 0.132223 0.498259 0.260546 0.224234
23 0.237534 0.523677 0.473507 0.295265
9 0.643955 0.541086 0.663847 0.281337
17 0.487549 0.530641 0.970417 0.314763
28 0.773838 0.554666 0.436844 0.270891
33 0.643955 0.541086 0.663847 0.281337
25 0.776958 0.542479 0.429043 0.28273
15 0.784759 0.582869 0.418122 0.197772
34 0.493009 0.535864 0.970417 0.334958
16 0.89397 0.563022 0.19658 0.107242
15 0.528113 0.557103 0.30267 0.116992
15 0.29526 0.459262 0.160696 0.14415
18 0.784759 0.582869 0.418122 0.197772
7 0.528113 0.557103 0.30267 0.116992
17 0.677108 0.539694 0.59598 0.289694
35 0.324318 0.533078 0.623673 0.31546
25 0.487549 0.530641 0.970417 0.314763
17 0.743415 0.484332 0.354156 0.178273
7 0.443474 0.578691 0.4033 0.201253
15 0.666967 0.476323 0.19502 0.157382
26 0.666967 0.476323 0.19502 0.157382
19 0.590909 0.558496 0.406421 0.130919
26 0.884609 0.56546 0.212181 0.112813
15 0.106676 0.49617 0.205551 0.216574
23 0.774618 0.53273 0.433723 0.288301
14 0.884609 0.56546 0.212181 0.112813
18 0.888509 0.589833 0.210621 0.158774
13 0.774618 0.53273 0.433723 0.288301
6 0.643955 0.541086 0.663847 0.281337
15 0.851065 0.573468 0.268347 0.12883
24 0.773838 0.554666 0.436844 0.270891
33 0.485599 0.566156 0.219982 0.133705
35 0.784759 0.582869 0.418122 0.197772
7 0.784759 0.582869 0.418122 0.197772
16 0.386041 0.592618 0.2467 0.171309
32 0.773838 0.554666 0.436844 0.270891
16 0.424363 0.522284 0.410321 0.310585
16 0.851065 0.573468 0.268347 0.12883
19 0.386041 0.592618 0.2467 0.171309
19 0.884609 0.56546 0.212181 0.112813
16 0.499348 0.588788 0.294675 0.18454
7 0.485599 0.566156 0.219982 0.133705
26 0.29526 0.459262 0.160696 0.14415
27 0.677108 0.539694 0.59598 0.289694
21 0.784759 0.582869 0.418122 0.197772
25 0.680228 0.538649 0.624063 0.279248
2 0.784759 0.582869 0.418122 0.197772
18 0.442304 0.589136 0.324513 0.181058
12 0.364296 0.536212 0.721572 0.316156
35 0.677108 0.539694 0.59598 0.289694
11 0.485599 0.566156 0.219982 0.133705
13 0.192241 0.5 0.378435 0.231198
9 0.89397 0.563022 0.19658 0.107242
14 0.237534 0.523677 0.473507 0.295265
19 0.774618 0.53273 0.433723 0.288301
16 0.362931 0.522284 0.29448 0.286908
26 0.784759 0.582869 0.418122 0.197772
12 0.652925 0.541086 0.644345 0.291086
27 0.784759 0.582869 0.418122 0.197772
10 0.237534 0.523677 0.473507 0.295265
19 0.784759 0.582869 0.418122 0.197772
26 0.773838 0.554666 0.436844 0.270891
12 0.784759 0.582869 0.418122 0.197772
34 0.784759 0.582869 0.418122 0.197772
18 0.192484 0.498607 0.374828 0.233983
4 0.321977 0.533426 0.615092 0.32312
31 0.487549 0.530641 0.970417 0.314763
21 0.743415 0.484332 0.354156 0.178273
26 0.442304 0.589136 0.324513 0.181058
0 0.528113 0.557103 0.30267 0.116992
27 0.487549 0.530641 0.970417 0.314763
11 0.570627 0.541086 0.815182 0.307799
1 0.784759 0.582869 0.418122 0.197772
13 0.237534 0.523677 0.473507 0.295265
11 0.657216 0.478412 0.173177 0.158774
19 0.424363 0.522284 0.410321 0.310585
11 0.714942 0.499304 0.290969 0.206128
9 0.49769 0.557799 0.240264 0.115599
15 0.442304 0.589136 0.324513 0.181058
19 0.851065 0.573468 0.268347 0.12883
12 0.776958 0.542479 0.429043 0.28273
16 0.642394 0.476671 0.145875 0.155989
15 0.340309 0.461003 0.247675 0.154596
15 0.376875 0.520891 0.327438 0.277159
28 0.192484 0.498607 0.374828 0.233983
15 0.884609 0.56546 0.212181 0.112813
16 0.784759 0.582869 0.418122 0.197772
16 0.192484 0.498607 0.374828 0.233983
5 0.489889 0.558496 0.232463 0.115599
15 0.29643 0.51915 0.472727 0.269499
10 0.774618 0.53273 0.433723 0.288301
16 0.768377 0.633705 0.151335 0.0738162
7 0.424363 0.522284 0.410321 0.310585
33 0.442304 0.589136 0.324513 0.181058
11 0.528113 0.557103 0.30267 0.116992
16 0.821422 0.595404 0.312031 0.174095
35 0.570627 0.541086 0.815182 0.307799
17 0.255671 0.535515 0.509001 0.302228
3 0.237534 0.523677 0.473507 0.295265
30 0.773838 0.554666 0.436844 0.270891
4 0.884609 0.56546 0.212181 0.112813
13 0.648245 0.475975 0.156016 0.155292
18 0.217447 0.532033 0.407591 0.306407
16 0.237534 0.523677 0.473507 0.295265
17 0.69505 0.477368 0.249625 0.160863
17 0.106383 0.501741 0.208476 0.226323
33 0.773838 0.554666 0.436844 0.270891
24 0.438794 0.622214 0.857306 0.500696
16 0.714942 0.499304 0.290969 0.206128
28 0.50081 0.557799 0.229343 0.118384
12 0.521092 0.540738 0.914252 0.304318
18 0.642394 0.476671 0.145875 0.155989
19 0.309496 0.458914 0.187609 0.144847
19 0.888509 0.589833 0.210621 0.158774
19 0.29643 0.51915 0.472727 0.269499
13 0.132223 0.498259 0.260546 0.224234
4 0.69505 0.477368 0.249625 0.160863
4 0.642394 0.476671 0.145875 0.155989
26 0.851065 0.573468 0.268347 0.12883
7 0.406518 0.590529 0.268152 0.17688
19 0.821422 0.595404 0.312031 0.174095
4 0.570627 0.541086 0.815182 0.307799
12 0.89397 0.563022 0.19658 0.107242
2 0.773838 0.554666 0.436844 0.270891
32 0.489889 0.558496 0.232463 0.115599
18 0.29643 0.51915 0.472727 0.269499
19 0.717672 0.47702 0.30111 0.162953
12 0.743415 0.484332 0.354156 0.178273
6 0.773838 0.554666 0.436844 0.270891
16 0.69505 0.477368 0.249625 0.160863
7 0.372487 0.579039 0.248845 0.205432
11 0.442304 0.589136 0.324513 0.181058
14 0.888509 0.589833 0.210621 0.158774
14 0.386041 0.592618 0.2467 0.171309
28 0.438794 0.622214 0.857306 0.500696
4 0.132223 0.498259 0.260546 0.224234
16 0.721572 0.635794 0.0530453 0.0668524
16 0.704801 0.95961 0.134954 0.0668524
8 0.784759 0.582869 0.418122 0.197772
3 0.784759 0.582869 0.418122 0.197772
21 0.773838 0.554666 0.436844 0.270891
11 0.782418 0.589136 0.39628 0.16156
19 0.781833 0.62117 0.277318 0.107242
20 0.774618 0.53273 0.433723 0.288301
9 0.784759 0.582869 0.418122 0.197772
20 0.784759 0.582869 0.418122 0.197772
19 0.737954 0.614902 0.371317 0.116295
28 0.784759 0.582869 0.418122 0.197772
17 0.485599 0.566156 0.219982 0.133705
21 0.153285 0.5 0.29877 0.228412
2 0.237534 0.523677 0.473507 0.295265
4 0.192241 0.5 0.378435 0.231198
16 0.606121 0.508357 0.352595 0.222841
28 0.442304 0.589136 0.324513 0.181058
11 0.851065 0.573468 0.268347 0.12883
17 0.362931 0.522284 0.29448 0.286908
33 0.642394 0.476671 0.145875 0.155989
17 0.642394 0.476671 0.145875 0.155989
14 0.424363 0.522284 0.410321 0.310585
8 0.643955 0.541086 0.663847 0.281337
26 0.29643 0.51915 0.472727 0.269499
13 0.884609 0.56546 0.212181 0.112813
13 0.393257 0.429318 0.779883 0.542479
0 0.773838 0.554666 0.436844 0.270891
19 0.642394 0.476671 0.145875 0.155989
21 0.69505 0.477368 0.249625 0.160863
14 0.459076 0.571031 0.264447 0.133705
28 0.714942 0.499304 0.290969 0.206128
14 0.821422 0.595404 0.312031 0.174095
18 0.386041 0.592618 0.2467 0.171309
4 0.851065 0.573468 0.268347 0.12883
26 0.714942 0.499304 0.290969 0.206128
14 0.717672 0.47702 0.30111 0.162953
13 0.714942 0.499304 0.290969 0.206128
12 0.485599 0.566156 0.219982 0.133705
31 0.717672 0.47702 0.30111 0.162953
14 0.438794 0.622214 0.857306 0.500696
23 0.374243 0.424791 0.727423 0.557103
28 0.362931 0.522284 0.29448 0.286908
21 0.309496 0.458914 0.187609 0.144847
