7 0.345018 0.389271 0.15594 0.233167
18 0.344238 0.388466 0.153601 0.233021
17 0.342484 0.383197 0.15789 0.234192
16 0.344238 0.388466 0.153601 0.233021
15 0.344238 0.388466 0.153601 0.233021
20 0.344238 0.388466 0.153601 0.233021
26 0.342484 0.382831 0.15711 0.235509
12 0.139372 0.505855 0.0245606 0.0245902
19 0.345018 0.389271 0.15594 0.233167
21 0.345018 0.389271 0.15594 0.233167
11 0.342484 0.383197 0.15789 0.234192
16 0.138592 0.50644 0.0245606 0.0339579
23 0.340925 0.382904 0.160229 0.234192
0 0.344628 0.387881 0.155161 0.236534
15 0.1383 0.50644 0.023586 0.0245902
14 0.345018 0.389271 0.15594 0.233167
9 0.345018 0.389271 0.15594 0.233167
35 0.344238 0.388466 0.153601 0.233021
3 0.343849 0.38466 0.154381 0.237705
1 0.344628 0.387881 0.155161 0.236534
22 0.344238 0.388466 0.153601 0.233021
8 0.343069 0.384148 0.15672 0.232875
5 0.342484 0.383197 0.15789 0.234192
27 0.345018 0.389271 0.15594 0.233167
7 0.138592 0.50644 0.0245606 0.0339579
33 0.341314 0.383782 0.160229 0.234778
4 0.345018 0.389271 0.15594 0.233167
31 0.342484 0.382831 0.15711 0.235509
33 0.138592 0.50644 0.0245606 0.0339579
12 0.138592 0.50644 0.0245606 0.0339579
26 0.138787 0.499415 0.0251454 0.0485948
32 0.345018 0.389271 0.15594 0.233167
18 0.138592 0.50644 0.0245606 0.0339579
21 0.138592 0.50644 0.0245606 0.0339579
28 0.34112 0.383197 0.15594 0.234192
30 0.344238 0.388466 0.153601 0.233021
16 0.1383 0.50644 0.023586 0.0245902
6 0.341314 0.383782 0.160229 0.234778
0 0.138592 0.50644 0.0245606 0.0339579
2 0.345018 0.387002 0.153601 0.233021
16 0.138787 0.499415 0.0251454 0.0485948
24 0.344433 0.389051 0.15555 0.234778
15 0.139079 0.511124 0.0251454 0.0374707
26 0.138592 0.50644 0.0245606 0.0339579
5 0.138787 0.499415 0.0251454 0.0485948
17 0.1383 0.50644 0.023586 0.0245902
20 0.138592 0.50644 0.0245606 0.0339579
34 0.344628 0.387881 0.155161 0.236534
12 0.342484 0.382831 0.15711 0.235509
15 0.133719 0.506733 0.0370358 0.0298595
10 0.344043 0.385831 0.153991 0.235363
25 0.344628 0.385246 0.154381 0.233607
13 0.344043 0.385831 0.153991 0.235363
14 0.138787 0.499415 0.0251454 0.0485948
33 0.138787 0.499415 0.0251454 0.0485948
7 0.942659 0.83548 0.109158 0.0714285
7 0.128846 0.506733 0.0409343 0.0409836
17 0.138592 0.50644 0.0245606 0.0339579
33 0.128846 0.506733 0.0409343 0.0409836
0 0.138787 0.499415 0.0251454 0.0485948
5 0.1383 0.50644 0.023586 0.0245902
14 0.138592 0.50644 0.0245606 0.0339579
7 0.15019 0.505855 0.0520451 0.0351288
17 0.15019 0.505855 0.0520451 0.0351288
5 0.139079 0.511124 0.0251454 0.0374707
12 0.3918 0.389637 0.0576979 0.0240047
11 0.15019 0.505855 0.0520451 0.0351288
14 0.133134 0.504977 0.036646 0.030445
12 0.142198 0.503513 0.0356714 0.0269321
28 0.138592 0.50644 0.0245606 0.0339579
10 0.1383 0.50644 0.023586 0.0245902
28 0.138787 0.499415 0.0251454 0.0485948
18 0.296677 0.385539 0.26276 0.237705
26 0.15019 0.505855 0.0520451 0.0351288
29 0.345018 0.387002 0.153601 0.233021
22 0.332348 0.354289 0.178942 0.305474
3 0.339365 0.340749 0.166466 0.330211
16 0.33956 0.354289 0.15672 0.17784
23 0.339365 0.340749 0.166466 0.330211
24 0.15019 0.505855 0.0520451 0.0351288
28 0.341704 0.456162 0.169585 0.378074
21 0.138787 0.499415 0.0251454 0.0485948
28 0.143173 0.505269 0.0331373 0.0245902
12 0.133134 0.504977 0.036646 0.030445
11 0.138592 0.50644 0.0245606 0.0339579
20 0.139372 0.505855 0.0245606 0.0245902
12 0.378155 0.388759 0.0834281 0.0245902
26 0.943439 0.832553 0.109158 0.0725995
16 0.942659 0.813232 0.109158 0.119438
21 0.341704 0.456162 0.169585 0.378074
32 0.138982 0.503806 0.0265099 0.0269321
12 0.332348 0.354289 0.178942 0.305474
14 0.139372 0.505855 0.0245606 0.0245902
8 0.138592 0.50644 0.0245606 0.0339579
12 0.406225 0.38993 0.0296287 0.0228337
23 0.138787 0.499415 0.0251454 0.0485948
31 0.138592 0.50644 0.0245606 0.0339579
13 0.332348 0.354289 0.178942 0.305474
16 0.296677 0.385539 0.26276 0.237705
16 0.338391 0.432377 0.0409343 0.136417
24 0.345798 0.441159 0.162178 0.353044
1 0.234349 0.387295 0.378058 0.237705
15 0.349696 0.322307 0.0288489 0.0983607
33 0.943439 0.834895 0.109158 0.0702576
3 0.296677 0.385539 0.26276 0.237705
15 0.132939 0.511124 0.0382054 0.0409836
17 0.943439 0.834895 0.109158 0.0702576
14 0.332348 0.354289 0.178942 0.305474
17 0.128846 0.506733 0.0409343 0.0409836
12 0.346383 0.446429 0.15789 0.363583
16 0.942659 0.832553 0.109158 0.0725995
15 0.296677 0.385539 0.26276 0.237705
21 0.339365 0.340749 0.166466 0.330211
19 0.369969 0.383197 0.201943 0.252342
15 0.332348 0.354289 0.178942 0.305474
9 0.341704 0.456162 0.169585 0.378074
5 0.942659 0.832553 0.109158 0.0725995
26 0.345798 0.441159 0.162178 0.353044
33 0.34112 0.387515 0.149703 0.23668
14 0.13635 0.508197 0.0214418 0.029274
32 0.138982 0.507026 0.0202722 0.0275175
32 0.34112 0.387515 0.149703 0.23668
16 0.138982 0.507026 0.0202722 0.0275175
7 0.34112 0.387515 0.149703 0.23668
15 0.34112 0.387515 0.149703 0.23668
1 0.34112 0.387515 0.149703 0.23668
0 0.342289 0.387588 0.145025 0.237119
17 0.13635 0.508197 0.0214418 0.029274
16 0.342289 0.387588 0.145025 0.237119
9 0.34112 0.387515 0.149703 0.23668
22 0.34112 0.387515 0.149703 0.23668
17 0.341899 0.382904 0.150482 0.237119
10 0.34073 0.385173 0.146584 0.240193
20 0.138982 0.507026 0.0202722 0.0275175
3 0.34073 0.385173 0.146584 0.240193
30 0.342289 0.387588 0.145025 0.237119
0 0.13635 0.508197 0.0214418 0.029274
19 0.342289 0.387588 0.145025 0.237119
15 0.13635 0.508197 0.0214418 0.029274
5 0.34073 0.385173 0.146584 0.240193
18 0.342094 0.382611 0.150093 0.235948
26 0.34112 0.387515 0.149703 0.23668
13 0.342679 0.385539 0.151262 0.235363
21 0.34112 0.387515 0.149703 0.23668
8 0.342289 0.384368 0.150482 0.239461
2 0.341314 0.384953 0.150872 0.235948
24 0.33995 0.38671 0.151262 0.230679
4 0.34112 0.387515 0.149703 0.23668
14 0.34112 0.387515 0.149703 0.23668
29 0.343069 0.38671 0.150482 0.23829
6 0.34112 0.387515 0.149703 0.23668
5 0.13635 0.508197 0.0214418 0.029274
28 0.34073 0.383197 0.151262 0.234778
17 0.13021 0.508197 0.0370358 0.0281031
18 0.136253 0.508197 0.0187128 0.0298595
32 0.13674 0.505562 0.0218317 0.0322014
20 0.342289 0.387588 0.145025 0.237119
32 0.143758 0.506148 0.0354764 0.0281031
34 0.342094 0.385246 0.153211 0.231265
25 0.341314 0.384953 0.150872 0.235948
27 0.34112 0.387515 0.149703 0.23668
33 0.136253 0.508197 0.0187128 0.0298595
12 0.342094 0.382611 0.150093 0.235948
23 0.34073 0.383197 0.151262 0.234778
20 0.13674 0.505562 0.0218317 0.0322014
14 0.138787 0.504684 0.0210519 0.0316159
11 0.341899 0.382904 0.150482 0.237119
35 0.342289 0.387588 0.145025 0.237119
31 0.341314 0.384953 0.150872 0.235948
5 0.842078 0.907494 0.169975 0.0398127
26 0.94032 0.833138 0.112277 0.0819672
18 0.94188 0.836066 0.112277 0.0737705
17 0.94032 0.833138 0.112277 0.0819672
13 0.138787 0.504684 0.0210519 0.0316159
14 0.94188 0.836066 0.112277 0.0737705
3 0.94032 0.833138 0.112277 0.0819672
10 0.138982 0.507026 0.0202722 0.0275175
3 0.136253 0.508197 0.0187128 0.0298595
26 0.136253 0.508197 0.0187128 0.0298595
16 0.143758 0.506148 0.0354764 0.0281031
13 0.13635 0.508197 0.0214418 0.029274
18 0.842078 0.907494 0.169975 0.0398127
24 0.842078 0.907494 0.169975 0.0398127
24 0.136253 0.508197 0.0187128 0.0298595
5 0.138397 0.51171 0.0191027 0.0362998
0 0.13021 0.508197 0.0370358 0.0281031
17 0.143758 0.506148 0.0354764 0.0281031
13 0.305058 0.358607 0.224944 0.289813
14 0.13021 0.505855 0.0370358 0.0327869
15 0.138787 0.504684 0.0210519 0.0316159
16 0.13674 0.505562 0.0218317 0.0322014
17 0.842078 0.907494 0.169975 0.0398127
15 0.94188 0.836066 0.112277 0.0737705
5 0.9411 0.838407 0.112277 0.0749414
24 0.94032 0.833138 0.112277 0.0819672
26 0.842078 0.907494 0.169975 0.0398127
16 0.94032 0.836651 0.106039 0.0608899
33 0.94032 0.833138 0.112277 0.0819672
6 0.94032 0.833138 0.112277 0.0819672
19 0.94032 0.833138 0.112277 0.0819672
11 0.842078 0.907494 0.169975 0.0398127
14 0.842078 0.907494 0.169975 0.0398127
17 0.94188 0.814988 0.110718 0.129977
0 0.94032 0.833138 0.112277 0.0819672
23 0.136253 0.508197 0.0187128 0.0298595
28 0.9411 0.838407 0.112277 0.0749414
1 0.136253 0.508197 0.0187128 0.0298595
10 0.310321 0.384148 0.20896 0.245755
12 0.136253 0.508197 0.0187128 0.0298595
28 0.842078 0.907494 0.169975 0.0398127
7 0.9411 0.838407 0.112277 0.0749414
21 0.94032 0.833138 0.112277 0.0819672
21 0.136253 0.508197 0.0187128 0.0298595
3 0.94188 0.814988 0.110718 0.129977
3 0.841883 0.907494 0.168805 0.0398127
15 0.843637 0.91452 0.173094 0.0444965
4 0.842078 0.907494 0.169975 0.0398127
15 0.13021 0.508197 0.0370358 0.0281031
28 0.138982 0.507026 0.0202722 0.0275175
26 0.13674 0.499122 0.0198824 0.0421546
11 0.94032 0.833138 0.112277 0.0819672
4 0.13635 0.508197 0.0214418 0.029274
7 0.136253 0.508197 0.0187128 0.0298595
10 0.330204 0.351581 0.171534 0.300351
32 0.13021 0.508197 0.0370358 0.0281031
14 0.143758 0.506148 0.0354764 0.0281031
5 0.330204 0.351581 0.171534 0.300351
21 0.842078 0.907494 0.169975 0.0398127
12 0.94032 0.833138 0.112277 0.0819672
23 0.305058 0.358607 0.224944 0.289813
5 0.94188 0.814988 0.110718 0.129977
33 0.842078 0.907494 0.169975 0.0398127
28 0.143758 0.506148 0.0354764 0.0281031
3 0.330204 0.351581 0.171534 0.300351
19 0.136253 0.508197 0.0187128 0.0298595
0 0.842078 0.907494 0.169975 0.0398127
1 0.842078 0.907494 0.169975 0.0398127
4 0.94188 0.838407 0.112277 0.0702576
13 0.377376 0.383489 0.226114 0.241218
16 0.310321 0.384148 0.20896 0.245755
32 0.9411 0.838407 0.112277 0.0749414
33 0.94188 0.814988 0.110718 0.129977
32 0.843637 0.912178 0.160619 0.0257611
33 0.371723 0.384953 0.21013 0.235948
23 0.841883 0.907494 0.168805 0.0398127
2 0.305058 0.358607 0.224944 0.289813
33 0.126896 0.507904 0.0424937 0.0322014
8 0.9411 0.838407 0.112277 0.0749414
3 0.342094 0.421253 0.149313 0.159836
5 0.13674 0.499122 0.0198824 0.0421546
0 0.94188 0.823185 0.110718 0.119438
3 0.310321 0.384148 0.20896 0.245755
1 0.13674 0.499122 0.0198824 0.0421546
6 0.94188 0.823185 0.110718 0.119438
23 0.94032 0.833138 0.112277 0.0819672
4 0.126896 0.507904 0.0424937 0.0322014
5 0.310321 0.384148 0.20896 0.245755
1 0.9411 0.838407 0.112277 0.0749414
32 0.388974 0.387002 0.0594523 0.0245902
26 0.852214 0.91452 0.191807 0.0456674
20 0.143758 0.506148 0.0354764 0.0281031
33 0.342094 0.421253 0.149313 0.159836
0 0.13674 0.499122 0.0198824 0.0421546
24 0.371723 0.384953 0.21013 0.235948
22 0.305058 0.358607 0.224944 0.289813
16 0.803873 0.507026 0.0717325 0.0187354
14 0.843832 0.915105 0.171145 0.0456674
15 0.310321 0.384148 0.20896 0.245755
29 0.843832 0.915105 0.171145 0.0456674
24 0.149021 0.507026 0.0454176 0.0339579
24 0.126896 0.507904 0.0424937 0.0322014
23 0.94188 0.814988 0.110718 0.129977
7 0.371723 0.384953 0.21013 0.235948
10 0.13674 0.505562 0.0218317 0.0322014
17 0.342094 0.421253 0.149313 0.159836
13 0.94188 0.836066 0.112277 0.0737705
8 0.842078 0.907494 0.169975 0.0398127
11 0.342094 0.421253 0.149313 0.159836
31 0.136253 0.508197 0.0187128 0.0298595
1 0.94188 0.814988 0.110718 0.129977
0 0.79822 0.504977 0.0752412 0.0199063
21 0.94188 0.814988 0.110718 0.129977
6 0.843832 0.915105 0.171145 0.0456674
32 0.13674 0.499122 0.0198824 0.0421546
18 0.94188 0.814988 0.110718 0.129977
17 0.935642 0.851288 0.0998018 0.0269321
11 0.94188 0.823185 0.110718 0.119438
23 0.13674 0.499122 0.0198824 0.0421546
13 0.842078 0.907494 0.169975 0.0398127
17 0.149021 0.507026 0.0454176 0.0339579
18 0.852214 0.91452 0.191807 0.0456674
26 0.342094 0.421253 0.149313 0.159836
7 0.34034 0.383782 0.150482 0.234778
32 0.34034 0.383782 0.150482 0.234778
18 0.340535 0.383416 0.146974 0.235509
15 0.34034 0.389417 0.148923 0.238729
0 0.341314 0.387295 0.146194 0.233607
19 0.34034 0.389417 0.148923 0.238729
3 0.34034 0.389417 0.148923 0.238729
14 0.34034 0.389417 0.148923 0.238729
16 0.34034 0.389417 0.148923 0.238729
9 0.34034 0.389417 0.148923 0.238729
1 0.34034 0.389417 0.148923 0.238729
26 0.34034 0.383782 0.150482 0.234778
2 0.34034 0.389417 0.148923 0.238729
8 0.34034 0.389417 0.148923 0.238729
30 0.34112 0.388759 0.148143 0.241218
10 0.34034 0.385758 0.148923 0.235509
24 0.34034 0.388759 0.149703 0.235948
20 0.34034 0.389417 0.148923 0.238729
21 0.34034 0.389417 0.148923 0.238729
5 0.34034 0.389417 0.148923 0.238729
4 0.34034 0.383782 0.150482 0.234778
23 0.34073 0.384953 0.149703 0.238876
33 0.34034 0.383782 0.150482 0.234778
16 0.134791 0.509953 0.0167636 0.030445
16 0.137228 0.507611 0.0198824 0.030445
13 0.34073 0.384953 0.149703 0.238876
29 0.34034 0.389417 0.148923 0.238729
22 0.34112 0.388759 0.148143 0.241218
0 0.134791 0.509953 0.0167636 0.030445
33 0.134791 0.509953 0.0167636 0.030445
28 0.34034 0.388759 0.149703 0.235948
17 0.340535 0.383416 0.146974 0.235509
13 0.134791 0.509953 0.0167636 0.030445
14 0.134791 0.509953 0.0167636 0.030445
6 0.34034 0.388759 0.149703 0.235948
31 0.34034 0.389417 0.148923 0.238729
33 0.137228 0.507611 0.0198824 0.030445
25 0.34112 0.388759 0.148143 0.241218
11 0.340535 0.383416 0.146974 0.235509
4 0.134791 0.509953 0.0167636 0.030445
14 0.137228 0.507611 0.0198824 0.030445
35 0.34112 0.388759 0.148143 0.241218
0 0.137228 0.507611 0.0198824 0.030445
27 0.34034 0.389417 0.148923 0.238729
34 0.34034 0.388759 0.149703 0.235948
5 0.134791 0.509953 0.0167636 0.030445
12 0.34034 0.383782 0.150482 0.234778
20 0.134791 0.509953 0.0167636 0.030445
15 0.134791 0.509953 0.0167636 0.030445
18 0.134888 0.510246 0.0196875 0.0327869
3 0.134791 0.509953 0.0167636 0.030445
17 0.134791 0.509953 0.0167636 0.030445
15 0.137228 0.507611 0.0198824 0.030445
13 0.137228 0.507611 0.0198824 0.030445
20 0.137228 0.507611 0.0198824 0.030445
21 0.134888 0.510246 0.0196875 0.0327869
32 0.134791 0.509953 0.0167636 0.030445
26 0.134888 0.510246 0.0196875 0.0327869
18 0.137228 0.507611 0.0198824 0.030445
19 0.134888 0.510246 0.0196875 0.0327869
10 0.20974 0.388246 0.41948 0.236388
3 0.137228 0.507611 0.0198824 0.030445
12 0.134888 0.510246 0.0196875 0.0327869
5 0.137228 0.507611 0.0198824 0.030445
33 0.279523 0.339578 0.0226113 0.0234192
7 0.134888 0.510246 0.0196875 0.0327869
26 0.137228 0.507611 0.0198824 0.030445
3 0.219876 0.38671 0.411683 0.245316
4 0.129138 0.509075 0.0356714 0.0327869
30 0.219876 0.38671 0.411683 0.245316
13 0.300185 0.356631 0.224554 0.316013
1 0.221094 0.389271 0.39833 0.240193
23 0.300185 0.356631 0.224554 0.316013
25 0.134888 0.510246 0.0196875 0.0327869
31 0.134888 0.510246 0.0196875 0.0327869
17 0.137228 0.507611 0.0198824 0.030445
32 0.137228 0.507611 0.0198824 0.030445
9 0.219876 0.38671 0.411683 0.245316
10 0.23815 0.348653 0.354862 0.332553
5 0.219876 0.38671 0.411683 0.245316
32 0.219876 0.38671 0.411683 0.245316
0 0.129138 0.509075 0.0356714 0.0327869
7 0.219876 0.38671 0.411683 0.245316
33 0.219876 0.38671 0.411683 0.245316
