11 0.464062 0.0686198 0.307031 0.0820312
18 0.464062 0.0686198 0.307031 0.0820312
14 0.464062 0.0686198 0.307031 0.0820312
23 0.466016 0.069401 0.303906 0.08125
24 0.468359 0.0679036 0.319531 0.0803385
5 0.466016 0.069401 0.303906 0.08125
8 0.466016 0.069401 0.303906 0.08125
7 0.463672 0.0815267 0.305469 0.104915
6 0.464062 0.0686198 0.307031 0.0820312
17 0.46416 0.0697917 0.30918 0.0791667
0 0.466016 0.069401 0.303906 0.08125
26 0.468359 0.0679036 0.319531 0.0803385
20 0.464062 0.0718099 0.296094 0.0798177
21 0.466016 0.069401 0.303906 0.08125
1 0.464941 0.0719401 0.29668 0.0785156
33 0.463672 0.0815267 0.305469 0.104915
16 0.466406 0.0688639 0.303125 0.0828451
22 0.464062 0.0718099 0.296094 0.0798177
15 0.464062 0.0718099 0.296094 0.0798177
27 0.464941 0.0719401 0.29668 0.0785156
4 0.464941 0.0719401 0.29668 0.0785156
31 0.466309 0.0718099 0.292383 0.0790365
9 0.464941 0.0719401 0.29668 0.0785156
19 0.464941 0.0719401 0.29668 0.0785156
3 0.464062 0.0686198 0.307031 0.0820312
16 0.47041 0.0839681 0.320117 0.107845
2 0.466309 0.0718099 0.292383 0.0790365
28 0.466016 0.069401 0.303906 0.08125
31 0.47041 0.0839681 0.320117 0.107845
12 0.463672 0.0815267 0.305469 0.104915
11 0.464453 0.0860677 0.297656 0.104948
25 0.464062 0.0718099 0.296094 0.0798177
21 0.47041 0.0839681 0.320117 0.107845
33 0.474219 0.067513 0.319531 0.0792969
32 0.464062 0.0718099 0.296094 0.0798177
26 0.466016 0.0871094 0.3 0.105208
0 0.466016 0.0871094 0.3 0.105208
10 0.466309 0.0718099 0.292383 0.0790365
18 0.463672 0.0853516 0.297656 0.106901
35 0.464453 0.0860677 0.297656 0.104948
34 0.467578 0.0873698 0.296094 0.10651
30 0.464453 0.0860677 0.297656 0.104948
14 0.466016 0.0871094 0.3 0.105208
7 0.47041 0.0656901 0.293555 0.0858073
24 0.467578 0.0873698 0.296094 0.10651
13 0.466309 0.0718099 0.292383 0.0790365
13 0.478516 0.0545573 0.323438 0.109115
34 0.466309 0.134245 0.300195 0.20599
8 0.47041 0.0839681 0.320117 0.107845
14 0.478516 0.0545573 0.323438 0.109115
3 0.463672 0.0544271 0.304687 0.108854
6 0.47041 0.0839681 0.320117 0.107845
17 0.466016 0.0534993 0.326562 0.106543
23 0.466016 0.0534993 0.326562 0.106543
16 0.515625 0.0634115 0.203125 0.0552083
1 0.465234 0.13737 0.301562 0.214844
16 0.463379 0.0541667 0.304492 0.108333
18 0.463672 0.0544271 0.304687 0.108854
20 0.463672 0.0544271 0.304687 0.108854
15 0.521094 0.0681641 0.196875 0.0696615
12 0.50625 0.0669922 0.240625 0.0722656
4 0.478516 0.0545573 0.323438 0.109115
15 0.47041 0.0839681 0.320117 0.107845
3 0.463672 0.0853516 0.297656 0.106901
10 0.47041 0.0839681 0.320117 0.107845
10 0.468359 0.0542969 0.295312 0.108594
17 0.480371 0.0849609 0.333008 0.110547
2 0.478516 0.0545573 0.323438 0.109115
5 0.47041 0.0839681 0.320117 0.107845
12 0.474219 0.067513 0.319531 0.0792969
29 0.467578 0.0873698 0.296094 0.10651
16 0.465234 0.13737 0.301562 0.214844
9 0.478516 0.0545573 0.323438 0.109115
25 0.480371 0.0849609 0.333008 0.110547
8 0.468359 0.0542969 0.295312 0.108594
4 0.527344 0.0694661 0.190625 0.0686198
32 0.465234 0.13737 0.301562 0.214844
24 0.466797 0.135156 0.303906 0.207292
30 0.489844 0.0692057 0.348438 0.0863281
14 0.466309 0.134245 0.300195 0.20599
15 0.478516 0.0545573 0.323438 0.109115
11 0.509375 0.0752604 0.214062 0.0604167
35 0.474219 0.067513 0.319531 0.0792969
4 0.47041 0.0839681 0.320117 0.107845
15 0.466797 0.135156 0.303906 0.207292
27 0.465234 0.13737 0.301562 0.214844
7 0.509375 0.0752604 0.214062 0.0604167
27 0.478516 0.0545573 0.323438 0.109115
7 0.463672 0.0544271 0.304687 0.108854
1 0.468359 0.0542969 0.295312 0.108594
25 0.463672 0.0544271 0.304687 0.108854
30 0.465234 0.13737 0.301562 0.214844
7 0.466797 0.135156 0.303906 0.207292
17 0.466309 0.134245 0.300195 0.20599
1 0.463672 0.088151 0.296094 0.123437
26 0.466309 0.134245 0.300195 0.20599
19 0.466309 0.134245 0.300195 0.20599
23 0.464453 0.0860677 0.297656 0.104948
35 0.465234 0.13737 0.301562 0.214844
18 0.465234 0.13737 0.301562 0.214844
16 0.528906 0.0677734 0.167187 0.069401
12 0.571875 0.0744792 0.0874999 0.0138021
0 0.465234 0.13737 0.301562 0.214844
28 0.467578 0.0873698 0.296094 0.10651
28 0.466309 0.134245 0.300195 0.20599
3 0.462891 0.0710937 0.307813 0.0802083
24 0.462891 0.0710937 0.307813 0.0802083
5 0.464941 0.0705892 0.299805 0.0806966
14 0.462891 0.0710937 0.307813 0.0802083
15 0.464844 0.0705078 0.292188 0.0766927
18 0.462891 0.0710937 0.307813 0.0802083
33 0.464941 0.0705892 0.299805 0.0806966
17 0.462891 0.0710937 0.307813 0.0802083
0 0.462891 0.0710937 0.307813 0.0802083
16 0.462891 0.0710937 0.307813 0.0802083
22 0.464844 0.0705078 0.292188 0.0766927
23 0.464941 0.0705892 0.299805 0.0806966
32 0.464844 0.0705078 0.292188 0.0766927
1 0.466406 0.0728516 0.292187 0.0772135
8 0.462891 0.0710937 0.307813 0.0802083
7 0.462891 0.0710937 0.307813 0.0802083
6 0.462891 0.0710937 0.307813 0.0802083
28 0.462891 0.0710937 0.307813 0.0802083
26 0.462891 0.0710937 0.307813 0.0802083
21 0.464941 0.0705892 0.299805 0.0806966
11 0.462891 0.0710937 0.307813 0.0802083
20 0.462891 0.0710937 0.307813 0.0802083
19 0.464941 0.0705892 0.299805 0.0806966
10 0.464844 0.0705078 0.292188 0.0766927
30 0.464844 0.0705078 0.292188 0.0766927
9 0.466406 0.0728516 0.292187 0.0772135
25 0.464844 0.0705078 0.292188 0.0766927
34 0.466406 0.0728516 0.292187 0.0772135
27 0.464844 0.0705078 0.292188 0.0766927
2 0.466406 0.0728516 0.292187 0.0772135
4 0.464844 0.0705078 0.292188 0.0766927
35 0.464844 0.0705078 0.292188 0.0766927
12 0.46875 0.0704427 0.307813 0.078125
30 0.464453 0.0872233 0.292969 0.111491
29 0.464941 0.0705892 0.299805 0.0806966
13 0.469922 0.0735677 0.290625 0.0802083
33 0.466797 0.0896973 0.294531 0.115397
31 0.462109 0.0798177 0.307031 0.101042
10 0.469141 0.0557292 0.289844 0.111458
5 0.463379 0.0561849 0.304492 0.11237
13 0.468359 0.05625 0.294531 0.1125
0 0.466797 0.0896973 0.294531 0.115397
16 0.464453 0.0872233 0.292969 0.111491
15 0.464453 0.0872233 0.292969 0.111491
7 0.466797 0.0896973 0.294531 0.115397
9 0.466797 0.0896973 0.294531 0.115397
1 0.466797 0.0896973 0.294531 0.115397
34 0.470312 0.0917806 0.289844 0.121647
22 0.463379 0.0561849 0.304492 0.11237
24 0.470312 0.0917806 0.289844 0.121647
14 0.470312 0.0917806 0.289844 0.121647
32 0.466797 0.0896973 0.294531 0.115397
17 0.467187 0.102897 0.295313 0.148893
2 0.469141 0.0557292 0.289844 0.111458
3 0.463379 0.0561849 0.304492 0.11237
4 0.469141 0.0557292 0.289844 0.111458
26 0.466797 0.0896973 0.294531 0.115397
5 0.466797 0.0896973 0.294531 0.115397
22 0.466797 0.0896973 0.294531 0.115397
9 0.469141 0.0557292 0.289844 0.111458
4 0.466797 0.0896973 0.294531 0.115397
16 0.463379 0.0561849 0.304492 0.11237
21 0.466797 0.0896973 0.294531 0.115397
6 0.466797 0.0896973 0.294531 0.115397
35 0.464453 0.0872233 0.292969 0.111491
1 0.468359 0.05625 0.294531 0.1125
3 0.464453 0.0872233 0.292969 0.111491
8 0.468359 0.05625 0.294531 0.1125
25 0.468359 0.05625 0.294531 0.1125
30 0.463379 0.0561849 0.304492 0.11237
20 0.463379 0.0561849 0.304492 0.11237
15 0.463379 0.0561849 0.304492 0.11237
29 0.470312 0.0917806 0.289844 0.121647
27 0.463379 0.0561849 0.304492 0.11237
0 0.80625 0.985937 0.0875 0.021875
32 0.495312 0.0682292 0.0828125 0.06875
33 0.468359 0.05625 0.294531 0.1125
32 0.465527 0.055599 0.30957 0.111198
13 0.534375 0.0572266 0.426562 0.114453
7 0.463379 0.0561849 0.304492 0.11237
31 0.468359 0.05625 0.294531 0.1125
8 0.470312 0.0917806 0.289844 0.121647
24 0.466797 0.134863 0.294531 0.207878
34 0.470312 0.134147 0.292969 0.210352
30 0.466797 0.134863 0.294531 0.207878
23 0.463379 0.0561849 0.304492 0.11237
29 0.468359 0.05625 0.294531 0.1125
33 0.466797 0.134863 0.294531 0.207878
17 0.463379 0.0561849 0.304492 0.11237
0 0.462598 0.0549479 0.310742 0.109896
18 0.464453 0.0872233 0.292969 0.111491
20 0.466797 0.0896973 0.294531 0.115397
14 0.463379 0.0561849 0.304492 0.11237
