26 0.362439 0.195022 0.137477 0.184902
17 0.362439 0.195022 0.137477 0.184902
33 0.492105 0.354212 0.965462 0.548687
18 0.362439 0.195022 0.137477 0.184902
19 0.492105 0.354212 0.965462 0.548687
14 0.36322 0.196116 0.138258 0.184902
11 0.36322 0.196116 0.138258 0.184902
0 0.36322 0.196116 0.136696 0.185996
7 0.364001 0.195842 0.13982 0.184902
14 0.519444 0.438184 0.945153 0.37965
16 0.365173 0.195569 0.138258 0.184354
27 0.492105 0.354212 0.965462 0.548687
7 0.519444 0.438184 0.945153 0.37965
1 0.519444 0.438184 0.945153 0.37965
14 0.495229 0.35093 0.965462 0.548687
22 0.495229 0.35093 0.965462 0.548687
33 0.502259 0.462801 0.951402 0.328228
7 0.518663 0.347374 0.951402 0.56674
1 0.498354 0.348947 0.962338 0.558124
24 0.362439 0.195022 0.137477 0.184902
27 0.519444 0.438184 0.945153 0.37965
21 0.495229 0.35093 0.965462 0.548687
5 0.362439 0.195022 0.137477 0.184902
20 0.365173 0.195569 0.138258 0.184354
4 0.499525 0.346007 0.966244 0.559628
23 0.36322 0.196116 0.136696 0.185996
4 0.362439 0.195022 0.137477 0.184902
0 0.498354 0.348947 0.962338 0.558124
6 0.493667 0.354759 0.982647 0.539934
35 0.495229 0.35093 0.965462 0.548687
15 0.493667 0.354759 0.982647 0.539934
19 0.502259 0.462801 0.951402 0.328228
32 0.492105 0.354212 0.965462 0.548687
34 0.556938 0.492341 0.838921 0.265864
15 0.36322 0.189415 0.142164 0.182987
14 0.5378 0.506565 0.861574 0.238512
5 0.129763 0.586433 0.0126932 0.0382932
3 0.498354 0.348947 0.962338 0.558124
16 0.373765 0.597374 0.0468671 0.0754924
4 0.502259 0.462801 0.951402 0.328228
16 0.366345 0.601751 0.0320259 0.071116
16 0.361267 0.602845 0.0226524 0.0689278
0 0.502259 0.462801 0.951402 0.328228
26 0.495229 0.35093 0.965462 0.548687
16 0.143335 0.582604 0.0158177 0.0437636
9 0.518663 0.347374 0.951402 0.56674
28 0.365368 0.199262 0.135524 0.176969
33 0.364001 0.19721 0.138258 0.184354
9 0.519444 0.438184 0.945153 0.37965
7 0.611713 0.487965 0.760614 0.276805
18 0.502259 0.462801 0.951402 0.328228
26 0.626848 0.586433 0.180438 0.0875273
23 0.297167 0.199535 0.371129 0.216357
16 0.143335 0.559081 0.0160129 0.0919037
27 0.5378 0.506565 0.861574 0.238512
18 0.626848 0.586433 0.180438 0.0875273
18 0.389876 0.193654 0.207582 0.194748
3 0.519444 0.438184 0.945153 0.37965
7 0.629582 0.58698 0.178095 0.0853392
1 0.556938 0.492341 0.838921 0.265864
22 0.365173 0.195569 0.138258 0.184354
18 0.499525 0.346007 0.966244 0.559628
16 0.498354 0.348947 0.962338 0.558124
31 0.362439 0.195022 0.137477 0.184902
5 0.626848 0.586433 0.180438 0.0875273
11 0.626848 0.586433 0.180438 0.0875273
22 0.505384 0.489606 0.937342 0.274617
34 0.489761 0.354212 0.970149 0.547593
21 0.364392 0.196663 0.135915 0.183807
16 0.139234 0.56674 0.0253864 0.083151
0 0.626848 0.586433 0.180438 0.0875273
15 0.502259 0.462801 0.951402 0.328228
6 0.364001 0.19721 0.138258 0.184354
35 0.36322 0.189415 0.142164 0.182987
16 0.370445 0.59081 0.0417898 0.0557987
21 0.519444 0.438184 0.945153 0.37965
3 0.364001 0.195842 0.13982 0.184902
16 0.130642 0.586433 0.0128885 0.0371991
7 0.720582 0.497812 0.546002 0.247265
35 0.496401 0.474289 0.955308 0.305252
26 0.519444 0.438184 0.945153 0.37965
7 0.373765 0.597374 0.0468671 0.0754924
23 0.803185 0.441466 0.371422 0.177243
8 0.36322 0.196116 0.138258 0.184902
19 0.365173 0.195569 0.138258 0.184354
16 0.0884617 0.59628 0.0183563 0.0328228
8 0.499525 0.346007 0.966244 0.559628
9 0.611713 0.487965 0.760614 0.276805
25 0.496791 0.354212 0.965462 0.565098
16 0.647157 0.575492 0.205434 0.111597
30 0.365173 0.195569 0.138258 0.184354
12 0.362439 0.195022 0.137477 0.184902
15 0.129763 0.586433 0.0126932 0.0382932
15 0.619427 0.496171 0.742063 0.257112
14 0.629582 0.58698 0.178095 0.0853392
23 0.416336 0.522429 0.567873 0.193654
19 0.720582 0.497812 0.546002 0.247265
33 0.366345 0.601751 0.0320259 0.071116
6 0.496401 0.474289 0.955308 0.305252
33 0.588182 0.491247 0.801428 0.271335
17 0.629582 0.58698 0.178095 0.0853392
2 0.364196 0.195979 0.135524 0.185722
15 0.143335 0.559081 0.0160129 0.0919037
12 0.519834 0.337527 0.950621 0.583151
34 0.406963 0.459519 0.810801 0.334792
15 0.531551 0.523523 0.822518 0.203501
35 0.531551 0.523523 0.822518 0.203501
15 0.389876 0.193654 0.207582 0.194748
31 0.502259 0.462801 0.951402 0.328228
16 0.389876 0.193654 0.207582 0.194748
4 0.296044 0.230306 0.433521 0.317287
14 0.499916 0.333219 0.623333 0.487828
3 0.297167 0.199535 0.371129 0.216357
0 0.588182 0.491247 0.801428 0.271335
25 0.619427 0.496171 0.742063 0.257112
16 0.633487 0.59081 0.171846 0.0798687
15 0.361267 0.602845 0.0210902 0.07221
32 0.502259 0.462801 0.951402 0.328228
18 0.297167 0.199535 0.371129 0.216357
20 0.519834 0.337527 0.950621 0.583151
33 0.688165 0.376641 0.617084 0.491794
23 0.804747 0.401532 0.365173 0.121444
23 0.770573 0.503282 0.416336 0.219912
30 0.498354 0.348947 0.962338 0.558124
16 0.400323 0.519147 0.504603 0.178337
21 0.611713 0.487965 0.760614 0.276805
8 0.629582 0.58698 0.178095 0.0853392
24 0.629582 0.58698 0.178095 0.0853392
14 0.296044 0.230306 0.433521 0.317287
26 0.366345 0.601751 0.0320259 0.071116
9 0.364392 0.196663 0.135915 0.183807
19 0.5378 0.506565 0.861574 0.238512
26 0.1365 0.560175 0.0331975 0.0962801
32 0.531551 0.523523 0.822518 0.203501
15 0.37689 0.195842 0.741282 0.196937
24 0.492105 0.354212 0.965462 0.548687
25 0.559281 0.460339 0.868604 0.334245
14 0.483512 0.522429 0.713942 0.200219
1 0.36322 0.189415 0.142164 0.182987
18 0.37689 0.195842 0.741282 0.196937
26 0.688165 0.376641 0.617084 0.491794
23 0.296044 0.230306 0.433521 0.317287
22 0.531551 0.523523 0.822518 0.203501
5 0.373765 0.597374 0.0468671 0.0754924
20 0.389876 0.193654 0.207582 0.194748
4 0.462032 0.503829 0.825642 0.239606
35 0.37689 0.195842 0.741282 0.196937
24 0.556938 0.492341 0.838921 0.265864
17 0.742844 0.501641 0.456173 0.210066
0 0.366345 0.601751 0.0320259 0.071116
7 0.531551 0.523523 0.822518 0.203501
10 0.417117 0.455142 0.83111 0.345733
14 0.756904 0.496718 0.470233 0.248359
26 0.588182 0.491247 0.801428 0.271335
14 0.597946 0.551286 0.74753 0.153446
8 0.519444 0.438184 0.945153 0.37965
26 0.757685 0.500274 0.471796 0.240153
20 0.525302 0.499179 0.885007 0.254376
34 0.596384 0.573304 0.756904 0.107221
3 0.770573 0.503282 0.416336 0.219912
0 0.373765 0.597374 0.0468671 0.0754924
26 0.531551 0.523523 0.822518 0.203501
17 0.806114 0.498906 0.368688 0.236324
32 0.36322 0.189415 0.142164 0.182987
15 0.137477 0.560175 0.0296825 0.0919037
35 0.619427 0.496171 0.742063 0.257112
34 0.597946 0.551286 0.74753 0.153446
10 0.546002 0.338621 0.901411 0.585339
32 0.720582 0.497812 0.546002 0.247265
10 0.364001 0.195842 0.13982 0.184902
0 0.37689 0.195842 0.741282 0.196937
34 0.519444 0.438184 0.945153 0.37965
17 0.778775 0.421499 0.404619 0.115427
27 0.720582 0.497812 0.546002 0.247265
2 0.588182 0.491247 0.801428 0.271335
24 0.757685 0.500274 0.471796 0.240153
11 0.462032 0.503829 0.825642 0.239606
17 0.804747 0.401532 0.365173 0.121444
7 0.366345 0.601751 0.0320259 0.071116
28 0.556938 0.492341 0.838921 0.265864
25 0.363025 0.191193 0.140211 0.179978
11 0.526864 0.363239 0.836578 0.533917
13 0.624504 0.343545 0.742844 0.573304
9 0.720582 0.497812 0.546002 0.247265
14 0.0884617 0.59628 0.0183563 0.0328228
16 0.1365 0.560175 0.0331975 0.0962801
23 0.778775 0.421499 0.404619 0.115427
7 0.313814 0.526121 0.32143 0.188457
8 0.827986 0.388129 0.329632 0.131838
9 0.626848 0.586433 0.180438 0.0875273
2 0.499916 0.333219 0.623333 0.487828
35 0.433521 0.426696 0.867042 0.400438
1 0.720582 0.497812 0.546002 0.247265
1 0.483512 0.522429 0.713942 0.200219
34 0.757685 0.500274 0.471796 0.240153
22 0.389876 0.193654 0.207582 0.194748
25 0.462032 0.503829 0.825642 0.239606
35 0.389876 0.193654 0.207582 0.194748
1 0.37689 0.195842 0.741282 0.196937
18 0.588182 0.491247 0.801428 0.271335
12 0.297167 0.199535 0.371129 0.216357
26 0.373765 0.597374 0.0468671 0.0754924
17 0.831891 0.416302 0.31401 0.142779
31 0.546002 0.338621 0.901411 0.585339
3 0.611713 0.487965 0.760614 0.276805
10 0.559281 0.460339 0.868604 0.334245
31 0.629582 0.591904 0.179657 0.0787746
34 0.363025 0.191193 0.140211 0.179978
16 0.519444 0.438184 0.945153 0.37965
7 0.139234 0.56674 0.0253864 0.083151
0 0.263237 0.517505 0.310885 0.172867
22 0.406963 0.459519 0.810801 0.334792
0 0.416336 0.522429 0.567873 0.193654
22 0.499916 0.333219 0.623333 0.487828
11 0.37689 0.195842 0.741282 0.196937
14 0.373765 0.597374 0.0468671 0.0754924
16 0.297167 0.199535 0.371129 0.216357
4 0.611713 0.487965 0.760614 0.276805
15 0.297167 0.199535 0.371129 0.216357
35 0.596384 0.573304 0.756904 0.107221
15 0.499916 0.333219 0.623333 0.487828
1 0.424147 0.483589 0.848295 0.281182
34 0.483512 0.522429 0.713942 0.200219
1 0.499916 0.333219 0.623333 0.487828
14 0.401495 0.522429 0.523349 0.188184
23 0.485075 0.327681 0.945153 0.571116
18 0.742844 0.501641 0.456173 0.210066
30 0.389876 0.193654 0.207582 0.194748
2 0.499525 0.346007 0.966244 0.559628
4 0.6288 0.589168 0.18122 0.0820569
14 0.366345 0.601751 0.0320259 0.071116
3 0.389876 0.193654 0.207582 0.194748
8 0.778775 0.421499 0.404619 0.115427
24 0.519444 0.438184 0.945153 0.37965
14 0.596384 0.573304 0.756904 0.107221
11 0.310885 0.516958 0.403057 0.173961
7 0.688165 0.376641 0.617084 0.491794
21 0.854544 0.387856 0.276516 0.124726
25 0.297167 0.199535 0.371129 0.216357
33 0.1365 0.560175 0.0331975 0.0962801
21 0.366345 0.601751 0.0320259 0.071116
3 0.531551 0.523523 0.822518 0.203501
13 0.297167 0.199535 0.371129 0.216357
25 0.296044 0.230306 0.433521 0.317287
5 0.1365 0.560175 0.0331975 0.0962801
7 0.370445 0.601751 0.0636612 0.0722101
10 0.419461 0.358931 0.838921 0.532686
11 0.502259 0.462801 0.951402 0.328228
33 0.416336 0.522429 0.567873 0.193654
3 0.626848 0.586433 0.180438 0.0875273
9 0.688165 0.376641 0.617084 0.491794
8 0.608882 0.512582 0.758466 0.229759
18 0.803185 0.441466 0.371422 0.177243
23 0.374937 0.189688 0.7405 0.228939
4 0.297167 0.199535 0.371129 0.216357
21 0.400714 0.454595 0.801428 0.33151
11 0.611713 0.487965 0.760614 0.276805
15 0.757685 0.500274 0.471796 0.240153
35 0.757685 0.500274 0.471796 0.240153
0 0.597946 0.551286 0.74753 0.153446
5 0.334709 0.172046 0.0710818 0.128009
11 0.381088 0.523113 0.45012 0.183534
8 0.313814 0.526121 0.32143 0.188457
18 0.406572 0.252393 0.808458 0.343135
11 0.806114 0.498906 0.368688 0.236324
10 0.619427 0.496171 0.742063 0.257112
8 0.770573 0.503282 0.416336 0.219912
17 0.364782 0.19721 0.131228 0.184902
3 0.364001 0.198304 0.131228 0.183807
26 0.364782 0.195842 0.132009 0.186543
14 0.364782 0.19721 0.131228 0.184902
11 0.364001 0.198304 0.131228 0.183807
28 0.363611 0.19721 0.13279 0.18326
21 0.364001 0.198304 0.131228 0.183807
33 0.364001 0.198304 0.131228 0.183807
18 0.364782 0.19721 0.131228 0.184902
15 0.365563 0.196663 0.13279 0.185996
16 0.364001 0.198304 0.131228 0.183807
24 0.364001 0.198304 0.131228 0.183807
20 0.364782 0.19721 0.131228 0.184902
5 0.364001 0.198304 0.131228 0.183807
8 0.365563 0.196663 0.13279 0.185996
12 0.365563 0.196663 0.13279 0.185996
0 0.364782 0.195842 0.132009 0.186543
1 0.364001 0.198304 0.131228 0.183807
32 0.364392 0.196253 0.130447 0.189551
23 0.364001 0.198304 0.131228 0.183807
19 0.364001 0.198304 0.131228 0.183807
7 0.365954 0.196526 0.134352 0.189551
13 0.362244 0.196253 0.129275 0.191193
6 0.364001 0.198304 0.131228 0.183807
29 0.364001 0.200356 0.130447 0.178063
33 0.504687 0.335613 0.990627 0.601204
18 0.504993 0.324945 0.964681 0.61488
4 0.504603 0.329869 0.981085 0.610503
7 0.612495 0.508206 0.755927 0.224289
31 0.364782 0.19721 0.131228 0.184902
9 0.364001 0.198304 0.131228 0.183807
4 0.365563 0.196389 0.130447 0.185449
3 0.504687 0.335613 0.990627 0.601204
10 0.549907 0.511898 0.879539 0.232221
2 0.361267 0.205689 0.141382 0.194201
6 0.504687 0.335613 0.990627 0.601204
34 0.504993 0.324945 0.964681 0.61488
2 0.504603 0.230238 0.973274 0.44762
35 0.504603 0.329869 0.981085 0.610503
0 0.504687 0.335613 0.990627 0.601204
2 0.507727 0.326039 0.957651 0.623632
33 0.498354 0.220596 0.993583 0.431893
17 0.612495 0.508206 0.755927 0.224289
5 0.612495 0.508206 0.755927 0.224289
1 0.557719 0.508206 0.863917 0.226477
9 0.517491 0.431072 0.94281 0.407002
30 0.364978 0.201039 0.133962 0.186543
21 0.504993 0.324945 0.964681 0.61488
3 0.504603 0.230238 0.973274 0.44762
22 0.365563 0.196663 0.13279 0.185996
32 0.612495 0.508206 0.755927 0.224289
15 0.504687 0.335613 0.990627 0.601204
32 0.509289 0.46198 0.967025 0.349562
7 0.502259 0.324398 0.987334 0.648796
15 0.323969 0.197757 0.217542 0.18709
13 0.504603 0.230238 0.973274 0.44762
21 0.557719 0.508206 0.863917 0.226477
3 0.509289 0.46198 0.967025 0.349562
16 0.557719 0.508206 0.863917 0.226477
3 0.557719 0.508206 0.863917 0.226477
10 0.517491 0.431072 0.94281 0.407002
19 0.502259 0.324398 0.987334 0.648796
9 0.549907 0.511898 0.879539 0.232221
4 0.504603 0.230238 0.973274 0.44762
27 0.364978 0.201039 0.133962 0.186543
21 0.517491 0.431072 0.94281 0.407002
8 0.504603 0.230238 0.973274 0.44762
2 0.517491 0.431072 0.94281 0.407002
2 0.549907 0.511898 0.879539 0.232221
27 0.504603 0.329869 0.981085 0.610503
33 0.509289 0.46198 0.967025 0.349562
8 0.512023 0.323304 0.944372 0.615974
31 0.498354 0.220596 0.993583 0.431893
0 0.509289 0.46198 0.967025 0.349562
15 0.498354 0.220596 0.993583 0.431893
25 0.364978 0.201039 0.133962 0.186543
33 0.323969 0.197757 0.217542 0.18709
33 0.525693 0.507522 0.934218 0.238786
28 0.525693 0.507522 0.934218 0.238786
18 0.504603 0.230238 0.973274 0.44762
27 0.557719 0.508206 0.863917 0.226477
5 0.720191 0.512035 0.542096 0.226477
4 0.549907 0.511898 0.879539 0.232221
7 0.517491 0.431072 0.94281 0.407002
9 0.502259 0.324398 0.987334 0.648796
32 0.503431 0.329869 0.986553 0.648796
10 0.508508 0.327681 0.968587 0.64442
28 0.504993 0.324945 0.964681 0.61488
1 0.509289 0.46198 0.967025 0.349562
18 0.557719 0.508206 0.863917 0.226477
25 0.498354 0.220596 0.993583 0.431893
28 0.509289 0.46198 0.967025 0.349562
4 0.503821 0.553611 0.93578 0.155361
26 0.612495 0.508206 0.755927 0.224289
31 0.48859 0.33616 0.977179 0.596827
22 0.497963 0.30279 0.995926 0.567287
14 0.504687 0.335613 0.990627 0.601204
35 0.503821 0.553611 0.93578 0.155361
10 0.364782 0.196116 0.131228 0.184354
34 0.509289 0.46198 0.967025 0.349562
3 0.227696 0.199809 0.42571 0.205416
1 0.720191 0.512035 0.542096 0.226477
13 0.601852 0.507112 0.775651 0.241794
17 0.720191 0.512035 0.542096 0.226477
35 0.364978 0.201039 0.133962 0.186543
34 0.525693 0.507522 0.934218 0.238786
27 0.509289 0.46198 0.967025 0.349562
0 0.525693 0.507522 0.934218 0.238786
26 0.508508 0.327681 0.968587 0.64442
23 0.227696 0.199809 0.42571 0.205416
15 0.612495 0.508206 0.755927 0.224289
35 0.323969 0.197757 0.217542 0.18709
4 0.517491 0.431072 0.94281 0.407002
35 0.612495 0.508206 0.755927 0.224289
13 0.227696 0.199809 0.42571 0.205416
26 0.517491 0.431072 0.94281 0.407002
33 0.5378 0.272908 0.870947 0.326176
30 0.612495 0.508206 0.755927 0.224289
19 0.517491 0.431072 0.94281 0.407002
18 0.24781 0.200219 0.372203 0.194201
18 0.517491 0.431072 0.94281 0.407002
16 0.509289 0.46198 0.967025 0.349562
9 0.504603 0.230238 0.973274 0.44762
14 0.323969 0.197757 0.217542 0.18709
16 0.508508 0.327681 0.968587 0.64442
24 0.611713 0.512582 0.754365 0.227571
7 0.720191 0.512035 0.542096 0.226477
12 0.504603 0.329869 0.981085 0.610503
13 0.507727 0.326039 0.957651 0.623632
10 0.504603 0.230238 0.973274 0.44762
12 0.504603 0.230238 0.973274 0.44762
15 0.509289 0.46198 0.967025 0.349562
32 0.720191 0.512035 0.542096 0.226477
2 0.5378 0.272908 0.870947 0.326176
21 0.504603 0.230238 0.973274 0.44762
24 0.323969 0.197757 0.217542 0.18709
17 0.504603 0.329869 0.981085 0.610503
15 0.720191 0.512035 0.542096 0.226477
12 0.227696 0.199809 0.42571 0.205416
30 0.24781 0.200219 0.372203 0.194201
34 0.720191 0.512035 0.542096 0.226477
4 0.339201 0.219639 0.546392 0.253829
20 0.504603 0.329869 0.981085 0.610503
19 0.525693 0.507522 0.934218 0.238786
15 0.24781 0.200219 0.372203 0.194201
16 0.504603 0.230238 0.973274 0.44762
27 0.49601 0.544858 0.981085 0.175055
20 0.24781 0.200219 0.372203 0.194201
2 0.701444 0.5093 0.57959 0.230853
22 0.612495 0.508206 0.755927 0.224289
34 0.323969 0.197757 0.217542 0.18709
3 0.503821 0.553611 0.93578 0.155361
17 0.517491 0.431072 0.94281 0.407002
7 0.323969 0.197757 0.217542 0.18709
4 0.720191 0.512035 0.542096 0.226477
5 0.227696 0.199809 0.42571 0.205416
29 0.507727 0.326039 0.957651 0.623632
25 0.48859 0.33616 0.977179 0.596827
0 0.498354 0.220596 0.993583 0.431893
4 0.5378 0.272908 0.870947 0.326176
21 0.323969 0.197757 0.217542 0.18709
6 0.498354 0.220596 0.993583 0.431893
1 0.497963 0.30279 0.995926 0.567287
14 0.49601 0.544858 0.981085 0.175055
35 0.509289 0.46198 0.967025 0.349562
14 0.612495 0.508206 0.755927 0.224289
4 0.227696 0.199809 0.42571 0.205416
33 0.720191 0.512035 0.542096 0.226477
14 0.499916 0.253829 0.97796 0.35558
7 0.49601 0.544858 0.981085 0.175055
8 0.517491 0.431072 0.94281 0.407002
7 0.498354 0.220596 0.993583 0.431893
31 0.323969 0.197757 0.217542 0.18709
31 0.339201 0.219639 0.546392 0.253829
0 0.323969 0.197757 0.217542 0.18709
27 0.24781 0.200219 0.372203 0.194201
19 0.498354 0.220596 0.993583 0.431893
34 0.519834 0.290481 0.913128 0.386214
10 0.701444 0.5093 0.57959 0.230853
17 0.49601 0.544858 0.981085 0.175055
4 0.424928 0.191158 0.849857 0.224904
31 0.227696 0.199809 0.42571 0.205416
17 0.24781 0.200219 0.372203 0.194201
25 0.323969 0.197757 0.217542 0.18709
4 0.438208 0.468545 0.87329 0.306893
21 0.503821 0.553611 0.93578 0.155361
32 0.273001 0.19721 0.32104 0.199125
25 0.557719 0.508206 0.863917 0.226477
6 0.509289 0.46198 0.967025 0.349562
13 0.339201 0.219639 0.546392 0.253829
25 0.24781 0.200219 0.372203 0.194201
2 0.323969 0.197757 0.217542 0.18709
32 0.323969 0.197757 0.217542 0.18709
14 0.517491 0.431072 0.94281 0.407002
5 0.504212 0.396677 0.981866 0.482358
1 0.323969 0.197757 0.217542 0.18709
10 0.593748 0.357836 0.791859 0.538156
9 0.720191 0.512035 0.542096 0.226477
24 0.502259 0.506701 0.984209 0.257932
35 0.422195 0.198031 0.842827 0.210066
16 0.335295 0.177243 0.0687384 0.155361
27 0.422195 0.198031 0.842827 0.210066
18 0.323969 0.197757 0.217542 0.18709
27 0.499916 0.253829 0.97796 0.35558
5 0.503821 0.553611 0.93578 0.155361
28 0.720972 0.511898 0.545221 0.232221
22 0.323969 0.197757 0.217542 0.18709
29 0.517491 0.431072 0.94281 0.407002
31 0.486637 0.550191 0.910784 0.157823
25 0.720191 0.512035 0.542096 0.226477
35 0.24781 0.200219 0.372203 0.194201
35 0.498354 0.220596 0.993583 0.431893
3 0.339201 0.219639 0.546392 0.253829
15 0.5378 0.272908 0.870947 0.326176
29 0.525693 0.507522 0.934218 0.238786
4 0.323969 0.197757 0.217542 0.18709
3 0.701444 0.5093 0.57959 0.230853
