21 0.420945 0.549539 0.81065 0.299539
11 0.0790491 0.639401 0.157415 0.0599078
26 0.812993 0.503456 0.171814 0.0817972
18 0.812993 0.503456 0.171814 0.0817972
18 0.383458 0.542771 0.766916 0.27621
15 0.420945 0.549539 0.81065 0.299539
34 0.410011 0.547235 0.820022 0.28341
26 0.0813188 0.640553 0.162638 0.0599078
3 0.420945 0.549539 0.81065 0.299539
7 0.446717 0.550547 0.834079 0.299827
4 0.399858 0.535714 0.799716 0.269585
16 0.551367 0.652074 0.0187434 0.0794931
16 0.455307 0.669931 0.0538871 0.0817972
7 0.410011 0.678571 0.0749734 0.0599078
7 0.0808307 0.642857 0.161661 0.0576037
22 0.399858 0.535714 0.799716 0.269585
11 0.812993 0.503456 0.171814 0.0817972
7 0.25694 0.642857 0.115584 0.0576037
14 0.446717 0.550547 0.834079 0.299827
1 0.410011 0.547235 0.820022 0.28341
20 0.399858 0.535714 0.799716 0.269585
0 0.812993 0.503456 0.171814 0.0817972
16 0.384239 0.546083 0.763011 0.285714
0 0.446717 0.550547 0.834079 0.299827
17 0.816703 0.504608 0.172205 0.0817972
23 0.812407 0.503744 0.171424 0.0823733
17 0.820217 0.554147 0.227654 0.177419
16 0.803621 0.551843 0.218672 0.175115
16 0.743877 0.62212 0.175719 0.10023
19 0.446717 0.550547 0.834079 0.299827
23 0.199539 0.457085 0.389706 0.148041
14 0.812993 0.503456 0.171814 0.0817972
5 0.0790491 0.639401 0.157415 0.0599078
18 0.0790491 0.639401 0.157415 0.0599078
16 0.46546 0.665899 0.0343628 0.0864055
17 0.740753 0.555876 0.358467 0.18318
16 0.569329 0.665323 0.0156195 0.063364
9 0.420945 0.549539 0.81065 0.299539
6 0.812407 0.503744 0.171424 0.0823733
33 0.44906 0.548387 0.870004 0.302995
7 0.812407 0.503744 0.171424 0.0823733
7 0.456869 0.677419 0.0499823 0.0714286
26 0.44906 0.548387 0.870004 0.302995
5 0.455307 0.669931 0.0538871 0.0817972
16 0.399077 0.679724 0.0515442 0.0576037
3 0.199539 0.457085 0.389706 0.148041
35 0.446717 0.550547 0.834079 0.299827
16 0.803036 0.607143 0.1683 0.0875576
2 0.44906 0.548387 0.870004 0.302995
15 0.551367 0.652074 0.0187434 0.0794931
17 0.0790491 0.639401 0.157415 0.0599078
16 0.777654 0.610599 0.103479 0.0806451
16 0.79054 0.609447 0.0652113 0.0806452
16 0.556053 0.662442 0.0281151 0.0691244
11 0.37555 0.538162 0.749929 0.269297
27 0.446717 0.550547 0.834079 0.299827
16 0.25694 0.642857 0.115584 0.0576037
24 0.446717 0.550547 0.834079 0.299827
7 0.703657 0.637097 0.087469 0.0714286
14 0.600568 0.598934 0.392049 0.150058
5 0.812993 0.504608 0.164004 0.0817972
7 0.820217 0.554147 0.227654 0.177419
26 0.23273 0.641705 0.154633 0.0552995
16 0.565425 0.650346 0.0234292 0.0737327
33 0.564253 0.653226 0.0203053 0.0737327
8 0.812407 0.503744 0.171424 0.0823733
26 0.209496 0.641705 0.109336 0.0506913
24 0.0805378 0.640553 0.159709 0.0576037
17 0.539262 0.601959 0.447498 0.16129
14 0.0790491 0.639401 0.157415 0.0599078
5 0.777654 0.610599 0.103479 0.0806451
0 0.455307 0.669931 0.0538871 0.0817972
17 0.803036 0.607143 0.1683 0.0875576
17 0.410011 0.678571 0.0749734 0.0599078
17 0.777654 0.610599 0.103479 0.0806451
16 0.796593 0.612903 0.0312389 0.0737327
34 0.549415 0.644009 0.67398 0.112903
21 0.0805378 0.640553 0.159709 0.0576037
20 0.0808307 0.642857 0.161661 0.0576037
5 0.704047 0.633641 0.086688 0.078341
16 0.436564 0.676267 0.089031 0.0737327
22 0.517395 0.544931 0.802059 0.299539
23 0.411182 0.544355 0.819241 0.289171
7 0.399077 0.679724 0.0515442 0.0576037
12 0.812993 0.503456 0.171814 0.0817972
24 0.812993 0.503456 0.171814 0.0817972
4 0.0813188 0.640553 0.162638 0.0599078
16 0.57011 0.648041 0.124956 0.0587558
32 0.446717 0.550547 0.834079 0.299827
25 0.399858 0.535714 0.799716 0.269585
16 0.459603 0.681452 0.0398296 0.0656682
8 0.0790491 0.639401 0.157415 0.0599078
33 0.399077 0.679724 0.0515442 0.0576037
16 0.452183 0.671083 0.028115 0.0794931
18 0.602911 0.546083 0.406106 0.0437788
15 0.568548 0.656682 0.0171814 0.0668203
21 0.812407 0.503744 0.171424 0.0823733
33 0.803621 0.551843 0.218672 0.175115
16 0.0933263 0.641129 0.186653 0.0495392
5 0.452183 0.671083 0.028115 0.0794931
9 0.582606 0.64977 0.103088 0.0737327
34 0.548634 0.566676 0.675542 0.256048
9 0.812407 0.503744 0.171424 0.0823733
0 0.0790491 0.639401 0.157415 0.0599078
14 0.548634 0.566676 0.675542 0.256048
7 0.582606 0.64977 0.103088 0.0737327
31 0.383458 0.542771 0.766916 0.27621
14 0.549415 0.644009 0.67398 0.112903
6 0.37555 0.538162 0.749929 0.269297
14 0.455307 0.669931 0.0538871 0.0817972
16 0.476784 0.663018 0.0968407 0.0956221
16 0.704047 0.633641 0.086688 0.078341
33 0.455307 0.669931 0.0538871 0.0817972
15 0.757544 0.49712 0.0359248 0.0656682
28 0.446717 0.550547 0.834079 0.299827
16 0.721619 0.625576 0.124956 0.0921659
10 0.370181 0.536578 0.740362 0.27477
15 0.709124 0.625 0.0937168 0.0875576
16 0.830174 0.612903 0.213987 0.0806452
16 0.809869 0.504896 0.170252 0.0823733
7 0.740753 0.555876 0.358467 0.18318
16 0.795226 0.604839 0.0589634 0.0645162
6 0.0805378 0.640553 0.159709 0.0576037
16 0.413525 0.678571 0.0843451 0.062212
14 0.413525 0.678571 0.0843451 0.062212
0 0.777654 0.610599 0.103479 0.0806451
16 0.80284 0.503168 0.132765 0.0731567
31 0.0804402 0.644585 0.157757 0.0541474
23 0.0817581 0.619816 0.163516 0.0967742
13 0.44906 0.548387 0.870004 0.302995
5 0.551367 0.652074 0.0187434 0.0794931
17 0.0817581 0.619816 0.163516 0.0967742
26 0.704047 0.633641 0.086688 0.078341
7 0.436564 0.676267 0.089031 0.0737327
26 0.455307 0.669931 0.0538871 0.0817972
18 0.550684 0.544355 0.713614 0.289171
26 0.582606 0.64977 0.103088 0.0737327
7 0.564253 0.653226 0.0203053 0.0737327
1 0.503825 0.638249 0.771406 0.131336
16 0.0817581 0.619816 0.163516 0.0967742
14 0.23273 0.641705 0.154633 0.0552995
5 0.400249 0.678571 0.0538871 0.0576037
7 0.660703 0.563364 0.498261 0.207373
15 0.452183 0.671083 0.028115 0.0794931
5 0.23273 0.641705 0.154633 0.0552995
18 0.199539 0.457085 0.389706 0.148041
16 0.582606 0.64977 0.103088 0.0737327
8 0.44906 0.548387 0.870004 0.302995
34 0.445545 0.589286 0.811431 0.235023
19 0.347533 0.536002 0.694285 0.270161
33 0.816703 0.504608 0.172205 0.0817972
16 0.214035 0.623272 0.124858 0.0921659
16 0.702485 0.560052 0.461555 0.197869
7 0.606035 0.556308 0.609159 0.246832
14 0.803036 0.607143 0.1683 0.0875576
14 0.781754 0.611751 0.107774 0.0829493
22 0.606035 0.556308 0.609159 0.246832
23 0.267093 0.482431 0.522471 0.153802
21 0.803621 0.551843 0.218672 0.175115
20 0.25694 0.642857 0.115584 0.0576037
0 0.548634 0.566676 0.675542 0.256048
16 0.574015 0.641705 0.0546681 0.0633641
18 0.571672 0.594326 0.451402 0.173099
16 0.570891 0.636521 0.162442 0.0794931
16 0.137451 0.621544 0.274903 0.0967742
17 0.410011 0.547235 0.820022 0.28341
16 0.155218 0.601959 0.310437 0.133641
7 0.775506 0.612903 0.0984026 0.0806452
14 0.347143 0.53053 0.693504 0.268433
14 0.820217 0.554147 0.227654 0.177419
1 0.550684 0.544355 0.713614 0.289171
1 0.445545 0.589286 0.811431 0.235023
15 0.550684 0.544355 0.713614 0.289171
15 0.46546 0.665899 0.0343628 0.0864055
27 0.591197 0.557028 0.632588 0.248848
1 0.385801 0.648618 0.771601 0.09447
8 0.582606 0.64977 0.103088 0.0737327
17 0.199539 0.457085 0.389706 0.148041
20 0.816703 0.504608 0.172205 0.0817972
3 0.550684 0.544355 0.713614 0.289171
16 0.704438 0.644009 0.0843451 0.0529954
31 0.812993 0.503456 0.171814 0.0817972
16 0.232144 0.648042 0.0616969 0.0414746
9 0.550684 0.544355 0.713614 0.289171
1 0.660703 0.563364 0.498261 0.207373
5 0.46546 0.665899 0.0343628 0.0864055
26 0.591197 0.557028 0.632588 0.248848
12 0.740753 0.555876 0.358467 0.18318
12 0.370181 0.536578 0.740362 0.27477
9 0.564644 0.644009 0.145261 0.0714286
11 0.704047 0.633641 0.086688 0.078341
7 0.57011 0.648041 0.124956 0.0587558
5 0.564644 0.644009 0.145261 0.0714286
32 0.347533 0.536002 0.694285 0.270161
21 0.550684 0.544355 0.713614 0.289171
12 0.375258 0.445781 0.748172 0.451757
24 0.549415 0.644009 0.67398 0.112903
17 0.602911 0.546083 0.406106 0.0437788
4 0.591197 0.557028 0.632588 0.248848
18 0.702485 0.560052 0.461555 0.197869
20 0.456869 0.677419 0.0499823 0.0714286
31 0.550684 0.544355 0.713614 0.289171
6 0.820217 0.554147 0.227654 0.177419
2 0.606035 0.556308 0.609159 0.246832
25 0.548634 0.566676 0.675542 0.256048
31 0.740753 0.555876 0.358467 0.18318
35 0.347533 0.536002 0.694285 0.270161
31 0.410011 0.678571 0.0749734 0.0599078
9 0.654065 0.564372 0.513099 0.214574
16 0.607988 0.22091 0.0374867 0.0299539
3 0.476003 0.56394 0.922329 0.298387
21 0.490061 0.571573 0.931701 0.264689
16 0.221015 0.645161 0.086688 0.0483871
7 0.490451 0.56106 0.955911 0.302995
15 0.476003 0.56394 0.922329 0.298387
16 0.483032 0.565668 0.945758 0.307604
32 0.483032 0.560052 0.930139 0.308468
16 0.611502 0.357143 0.0905929 0.0293779
5 0.20193 0.644009 0.125639 0.0529954
3 0.595882 0.602535 0.365495 0.152074
16 0.206763 0.650346 0.105431 0.0391705
32 0.606816 0.217166 0.0328009 0.0334101
16 0.230973 0.648042 0.0683351 0.047235
18 0.483032 0.565668 0.945758 0.307604
1 0.490451 0.56106 0.955911 0.302995
33 0.490451 0.56106 0.955911 0.302995
16 0.253426 0.646313 0.114022 0.0529954
16 0.756763 0.498272 0.0374867 0.0691244
14 0.221015 0.645161 0.086688 0.0483871
32 0.756763 0.498272 0.0374867 0.0691244
3 0.20193 0.644009 0.125639 0.0529954
33 0.20193 0.644009 0.125639 0.0529954
19 0.483032 0.565668 0.945758 0.307604
34 0.503337 0.589718 0.959816 0.235311
16 0.205982 0.646313 0.15229 0.0552995
27 0.483032 0.560052 0.930139 0.308468
16 0.817679 0.504032 0.193681 0.0852535
2 0.49748 0.569124 0.910615 0.25
9 0.490451 0.56106 0.955911 0.302995
5 0.490061 0.571573 0.931701 0.264689
17 0.490451 0.56106 0.955911 0.302995
16 0.540433 0.635945 0.209301 0.0921659
32 0.221015 0.645161 0.086688 0.0483871
0 0.483032 0.560052 0.930139 0.308468
14 0.483032 0.565668 0.945758 0.307604
4 0.476003 0.56394 0.922329 0.298387
26 0.491232 0.571573 0.944977 0.278514
32 0.512709 0.595622 0.944196 0.211982
22 0.483032 0.565668 0.945758 0.307604
0 0.611502 0.357143 0.0905929 0.0293779
10 0.196366 0.485599 0.386679 0.153226
7 0.52989 0.571429 0.883281 0.225806
23 0.483032 0.565668 0.945758 0.307604
33 0.595882 0.602535 0.365495 0.152074
16 0.793469 0.609447 0.0671637 0.0714286
7 0.205982 0.646313 0.15229 0.0552995
30 0.476003 0.56394 0.922329 0.298387
5 0.196366 0.485599 0.386679 0.153226
17 0.20193 0.644009 0.125639 0.0529954
16 0.737629 0.564516 0.342847 0.206221
0 0.20193 0.644009 0.125639 0.0529954
5 0.607597 0.222926 0.0343628 0.0256336
33 0.540433 0.635945 0.209301 0.0921659
10 0.512318 0.570276 0.887185 0.239631
18 0.595882 0.602535 0.365495 0.152074
16 0.824708 0.549395 0.340504 0.173099
20 0.476003 0.56394 0.922329 0.298387
7 0.817679 0.504032 0.193681 0.0852535
0 0.484984 0.590438 0.919986 0.203917
35 0.491232 0.571573 0.944977 0.278514
16 0.801278 0.599654 0.0827831 0.0552996
13 0.483032 0.565668 0.945758 0.307604
18 0.233169 0.466302 0.303701 0.104263
15 0.198953 0.487327 0.39322 0.15553
3 0.1929 0.470046 0.37721 0.130184
16 0.589244 0.604983 0.325666 0.151786
1 0.484984 0.590438 0.919986 0.203917
18 0.606035 0.220622 0.0374867 0.0322581
0 0.214035 0.463134 0.344312 0.103687
16 0.24913 0.64977 0.24913 0.0599078
15 0.34519 0.495104 0.684132 0.168779
14 0.607597 0.222926 0.0343628 0.0256336
33 0.824708 0.549395 0.340504 0.173099
28 0.483032 0.560052 0.930139 0.308468
24 0.595882 0.602535 0.365495 0.152074
28 0.484984 0.590438 0.919986 0.203917
17 0.611502 0.357143 0.0905929 0.0293779
9 0.52989 0.571429 0.883281 0.225806
17 0.206763 0.650346 0.105431 0.0391705
3 0.816898 0.504608 0.198367 0.0829493
0 0.547462 0.600374 0.400639 0.158698
14 0.817679 0.504032 0.193681 0.0852535
16 0.760668 0.498848 0.05623 0.0702765
17 0.221015 0.645161 0.086688 0.0483871
33 0.766135 0.5589 0.313951 0.195565
33 0.816898 0.504608 0.198367 0.0829493
1 0.816898 0.504608 0.198367 0.0829493
14 0.606816 0.217166 0.0328009 0.0334101
3 0.606035 0.220622 0.0374867 0.0322581
15 0.52989 0.571429 0.883281 0.225806
16 0.52989 0.571429 0.883281 0.225806
32 0.607597 0.222926 0.0343628 0.0256336
14 0.206763 0.650346 0.105431 0.0391705
3 0.191924 0.479839 0.374477 0.0898618
18 0.201442 0.644009 0.123491 0.0506913
21 0.20193 0.644009 0.125639 0.0529954
17 0.607988 0.22091 0.0374867 0.0299539
18 0.192315 0.463134 0.384629 0.108295
7 0.777068 0.503456 0.249911 0.0852535
14 0.595882 0.602535 0.365495 0.152074
5 0.547462 0.600374 0.400639 0.158698
1 0.576358 0.568116 0.824708 0.216302
17 0.492013 0.578917 0.904367 0.208525
5 0.34519 0.495104 0.684132 0.168779
0 0.607597 0.222926 0.0343628 0.0256336
17 0.777068 0.503456 0.249911 0.0852535
24 0.20193 0.644009 0.125639 0.0529954
31 0.483032 0.565668 0.945758 0.307604
12 0.456088 0.558756 0.884062 0.296083
1 0.20193 0.644009 0.125639 0.0529954
0 0.540433 0.635945 0.209301 0.0921659
14 0.777068 0.503456 0.249911 0.0852535
9 0.198953 0.487327 0.39322 0.15553
10 0.68257 0.541475 0.606035 0.164747
17 0.214035 0.463134 0.344312 0.103687
18 0.816898 0.504608 0.198367 0.0829493
21 0.816898 0.504608 0.198367 0.0829493
33 0.606035 0.220622 0.0374867 0.0322581
10 0.42524 0.563508 0.839546 0.294643
15 0.206763 0.650346 0.105431 0.0391705
6 0.491232 0.571573 0.944977 0.278514
33 0.512709 0.595622 0.944196 0.211982
24 0.503337 0.589718 0.959816 0.235311
23 0.595882 0.602535 0.365495 0.152074
15 0.398687 0.521889 0.78644 0.217742
14 0.512709 0.595622 0.944196 0.211982
23 0.1929 0.470046 0.37721 0.130184
26 0.20193 0.644009 0.125639 0.0529954
30 0.194023 0.485887 0.385117 0.156106
32 0.603692 0.354263 0.0780973 0.0288018
24 0.777068 0.503456 0.249911 0.0852535
17 0.817679 0.504032 0.193681 0.0852535
33 0.777068 0.503456 0.249911 0.0852535
18 0.777068 0.503456 0.249911 0.0852535
1 0.462727 0.62788 0.8989 0.177419
16 0.157854 0.646889 0.218087 0.0506913
26 0.777068 0.503456 0.249911 0.0852535
0 0.817679 0.504032 0.193681 0.0852535
10 0.205982 0.646313 0.15229 0.0552995
15 0.221015 0.645161 0.086688 0.0483871
22 0.195439 0.481567 0.38541 0.156682
14 0.611502 0.357143 0.0905929 0.0293779
34 0.196366 0.485599 0.386679 0.153226
5 0.816898 0.504608 0.198367 0.0829493
19 0.816898 0.504608 0.198367 0.0829493
0 0.206763 0.650346 0.105431 0.0391705
26 0.817679 0.504032 0.193681 0.0852535
28 0.20193 0.644009 0.125639 0.0529954
23 0.20193 0.644009 0.125639 0.0529954
13 0.52989 0.571429 0.883281 0.225806
18 0.195439 0.481567 0.38541 0.156682
0 0.623217 0.602391 0.40142 0.152362
33 0.234682 0.645737 0.199148 0.0587558
26 0.214035 0.463134 0.344312 0.103687
22 0.52989 0.571429 0.883281 0.225806
5 0.234682 0.645737 0.199148 0.0587558
15 0.495918 0.605415 0.941854 0.21659
17 0.541995 0.59159 0.414697 0.170507
30 0.361591 0.508641 0.716152 0.192396
24 0.1929 0.470046 0.37721 0.130184
13 0.34519 0.495104 0.684132 0.168779
14 0.20193 0.644009 0.125639 0.0529954
16 0.784878 0.503744 0.101526 0.078917
15 0.817679 0.504032 0.193681 0.0852535
28 0.817679 0.504032 0.193681 0.0852535
16 0.603692 0.354263 0.0780973 0.0288018
15 0.204176 0.646313 0.128958 0.0518433
16 0.777068 0.503456 0.249911 0.0852535
4 0.196366 0.485599 0.386679 0.153226
32 0.462727 0.62788 0.8989 0.177419
27 0.195439 0.481567 0.38541 0.156682
3 0.777068 0.503456 0.249911 0.0852535
29 0.491232 0.571573 0.944977 0.278514
13 0.196366 0.485599 0.386679 0.153226
32 0.206763 0.650346 0.105431 0.0391705
28 0.595882 0.602535 0.365495 0.152074
21 0.195439 0.481567 0.38541 0.156682
2 0.196366 0.485599 0.386679 0.153226
34 0.435002 0.561636 0.862194 0.31106
8 0.547462 0.600374 0.400639 0.158698
3 0.234682 0.645737 0.199148 0.0587558
20 0.195439 0.481567 0.38541 0.156682
3 0.52989 0.571429 0.883281 0.225806
33 0.688995 0.562356 0.622009 0.204781
10 0.34519 0.495104 0.684132 0.168779
2 0.68257 0.541475 0.606035 0.164747
1 0.688995 0.562356 0.622009 0.204781
33 0.214035 0.463134 0.344312 0.103687
16 0.192315 0.463134 0.384629 0.108295
17 0.596273 0.600374 0.378772 0.15409
27 0.484984 0.590438 0.919986 0.203917
1 0.234682 0.645737 0.199148 0.0587558
26 0.606035 0.220622 0.0374867 0.0322581
5 0.576358 0.568116 0.824708 0.216302
5 0.398687 0.521889 0.78644 0.217742
16 0.192461 0.484735 0.381993 0.148041
32 0.791907 0.504032 0.206177 0.0841014
7 0.198953 0.487327 0.39322 0.15553
1 0.196366 0.485599 0.386679 0.153226
34 0.34519 0.495104 0.684132 0.168779
14 0.192315 0.463134 0.384629 0.108295
0 0.221015 0.645161 0.086688 0.0483871
5 0.192315 0.463134 0.384629 0.108295
0 0.760668 0.498848 0.05623 0.0702765
22 0.34519 0.495104 0.684132 0.168779
0 0.198953 0.487327 0.39322 0.15553
30 0.484984 0.590438 0.919986 0.203917
18 0.541995 0.59159 0.414697 0.170507
5 0.134523 0.645161 0.26514 0.0506913
17 0.198953 0.487327 0.39322 0.15553
7 0.361591 0.508641 0.716152 0.192396
13 0.68257 0.541475 0.606035 0.164747
15 0.68257 0.541475 0.606035 0.164747
25 0.490061 0.571573 0.931701 0.264689
13 0.756763 0.498272 0.0374867 0.0691244
16 0.203053 0.640553 0.107384 0.0552995
8 0.477175 0.565668 0.934044 0.31106
7 0.495918 0.605415 0.941854 0.21659
35 0.192461 0.484735 0.381993 0.148041
5 0.68257 0.541475 0.606035 0.164747
9 0.816898 0.504608 0.198367 0.0829493
9 0.688995 0.562356 0.622009 0.204781
20 0.606816 0.217166 0.0328009 0.0334101
16 0.795812 0.573589 0.134327 0.101671
23 0.233169 0.466302 0.303701 0.104263
19 0.484984 0.590438 0.919986 0.203917
24 0.817679 0.504032 0.193681 0.0852535
4 0.52989 0.571429 0.883281 0.225806
20 0.221015 0.645161 0.086688 0.0483871
6 0.816898 0.504608 0.198367 0.0829493
17 0.228044 0.648618 0.0671637 0.0414747
12 0.195439 0.481567 0.38541 0.156682
26 0.361591 0.508641 0.716152 0.192396
17 0.531745 0.56106 0.431292 0.232719
5 0.0832713 0.645161 0.161076 0.0483871
2 0.47327 0.538594 0.93092 0.34447
33 0.576358 0.568116 0.824708 0.216302
34 0.462727 0.62788 0.8989 0.177419
2 0.34519 0.495104 0.684132 0.168779
0 0.0821974 0.645737 0.161271 0.0495392
35 0.462727 0.62788 0.8989 0.177419
11 0.20193 0.644009 0.125639 0.0529954
0 0.462727 0.62788 0.8989 0.177419
26 0.198953 0.487327 0.39322 0.15553
16 0.361591 0.508641 0.716152 0.192396
10 0.398687 0.521889 0.78644 0.217742
17 0.799716 0.548531 0.367057 0.174827
18 0.52989 0.571429 0.883281 0.225806
34 0.14858 0.646313 0.296379 0.062212
15 0.604473 0.356567 0.0812212 0.0288019
19 0.194023 0.485887 0.385117 0.156106
33 0.462727 0.62788 0.8989 0.177419
5 0.777068 0.503456 0.249911 0.0852535
23 0.817679 0.505184 0.203053 0.078341
13 0.398687 0.521889 0.78644 0.217742
9 0.361591 0.508641 0.716152 0.192396
32 0.203053 0.640553 0.107384 0.0552995
0 0.777068 0.503456 0.249911 0.0852535
15 0.74661 0.525922 0.506071 0.132488
20 0.52989 0.571429 0.883281 0.225806
15 0.606035 0.221342 0.0390487 0.0288018
14 0.799716 0.548531 0.367057 0.174827
33 0.219502 0.641129 0.0912762 0.0529954
32 0.233169 0.466302 0.303701 0.104263
33 0.540043 0.608295 0.381115 0.154378
17 0.540433 0.635945 0.209301 0.0921659
25 0.196366 0.485599 0.386679 0.153226
14 0.191924 0.479839 0.374477 0.0898618
3 0.398687 0.521889 0.78644 0.217742
7 0.228044 0.648618 0.20891 0.0587558
7 0.688995 0.562356 0.622009 0.204781
15 0.214035 0.463134 0.344312 0.103687
14 0.230973 0.648042 0.0683351 0.047235
3 0.541995 0.59159 0.414697 0.170507
4 0.495918 0.605415 0.941854 0.21659
32 0.555272 0.569701 0.821584 0.214286
8 0.20193 0.644009 0.125639 0.0529954
16 0.541995 0.59159 0.414697 0.170507
16 0.796788 0.541619 0.133937 0.0411866
17 0.361591 0.508641 0.716152 0.192396
19 0.777068 0.503456 0.249911 0.0852535
4 0.201442 0.644009 0.123491 0.0506913
32 0.764963 0.496256 0.0210863 0.0679723
24 0.191924 0.479839 0.374477 0.0898618
2 0.398687 0.521889 0.78644 0.217742
22 0.495918 0.605415 0.941854 0.21659
20 0.607597 0.222926 0.0343628 0.0256336
0 0.234682 0.645737 0.199148 0.0587558
3 0.540433 0.635945 0.209301 0.0921659
31 0.52989 0.571429 0.883281 0.225806
5 0.233169 0.466302 0.303701 0.104263
32 0.688995 0.562356 0.622009 0.204781
34 0.663144 0.565812 0.665194 0.213998
13 0.228435 0.645161 0.0718495 0.0506913
14 0.195439 0.481567 0.38541 0.156682
17 0.234682 0.645737 0.199148 0.0587558
14 0.540433 0.635945 0.209301 0.0921659
5 0.74661 0.525922 0.506071 0.132488
24 0.606035 0.220622 0.0374867 0.0322581
