1 0.446769 0.495902 0.809331 0.307963
23 0.212274 0.517564 0.424548 0.227166
34 0.446769 0.495902 0.809331 0.307963
23 0.683019 0.433841 0.378935 0.17096
7 0.36529 0.52459 0.720445 0.245902
17 0.683409 0.444379 0.375037 0.193208
14 0.447549 0.500293 0.806212 0.317916
3 0.449498 0.495902 0.802313 0.312646
27 0.452617 0.495023 0.802313 0.309719
21 0.449498 0.495902 0.802313 0.312646
15 0.463533 0.500585 0.828823 0.313817
16 0.259446 0.519321 0.486924 0.234192
7 0.452617 0.495023 0.802313 0.309719
19 0.449498 0.495902 0.802313 0.312646
0 0.452617 0.495023 0.802313 0.309719
33 0.436633 0.5 0.814009 0.303279
11 0.683409 0.444379 0.375037 0.193208
18 0.683019 0.433841 0.378935 0.17096
22 0.465092 0.498244 0.821026 0.311475
18 0.36529 0.52459 0.720445 0.245902
22 0.36529 0.52459 0.720445 0.245902
35 0.464702 0.497658 0.804652 0.311475
32 0.36529 0.52459 0.720445 0.245902
20 0.370163 0.527225 0.73175 0.251171
21 0.36529 0.52459 0.720445 0.245902
4 0.412072 0.526639 0.816348 0.262881
18 0.449498 0.495902 0.802313 0.312646
1 0.359053 0.525176 0.708749 0.249415
16 0.434294 0.518735 0.86235 0.278689
17 0.687697 0.416862 0.36646 0.137588
20 0.457685 0.500585 0.806212 0.312646
0 0.683019 0.433841 0.378935 0.17096
9 0.457685 0.500585 0.806212 0.312646
19 0.354374 0.524297 0.70563 0.239461
24 0.431955 0.520199 0.856113 0.265222
0 0.265488 0.520199 0.494331 0.230094
14 0.370163 0.527225 0.73175 0.251171
34 0.359053 0.525176 0.708749 0.249415
35 0.36529 0.52459 0.720445 0.245902
3 0.362561 0.526932 0.719665 0.244731
26 0.44443 0.49678 0.81089 0.31089
18 0.214808 0.51815 0.429616 0.229508
15 0.370163 0.527225 0.73175 0.251171
32 0.452617 0.495023 0.802313 0.309719
9 0.36529 0.52459 0.720445 0.245902
11 0.457685 0.500585 0.806212 0.312646
6 0.449498 0.495902 0.802313 0.312646
11 0.214808 0.51815 0.429616 0.229508
11 0.281277 0.58065 0.41909 0.13144
31 0.457685 0.500585 0.806212 0.312646
23 0.291024 0.520784 0.52201 0.231265
17 0.214808 0.51815 0.429616 0.229508
27 0.36529 0.52459 0.720445 0.245902
8 0.291024 0.520784 0.52201 0.231265
8 0.647153 0.440866 0.445989 0.197892
3 0.683409 0.444379 0.375037 0.193208
7 0.618304 0.481265 0.481856 0.265808
9 0.607388 0.477166 0.500569 0.261124
11 0.36529 0.52459 0.720445 0.245902
33 0.259446 0.519321 0.486924 0.234192
0 0.36529 0.52459 0.720445 0.245902
21 0.651831 0.435597 0.438192 0.175644
12 0.432345 0.490632 0.821026 0.34192
25 0.457685 0.500585 0.806212 0.312646
17 0.711088 0.409836 0.297846 0.118267
24 0.647153 0.440866 0.445989 0.197892
14 0.618304 0.481265 0.481856 0.265808
5 0.203112 0.520784 0.406225 0.228923
3 0.212274 0.517564 0.424548 0.227166
8 0.436633 0.5 0.814009 0.303279
2 0.468698 0.499707 0.776388 0.305035
4 0.457685 0.448478 0.809331 0.456674
16 0.207401 0.498244 0.414801 0.196721
18 0.632338 0.444379 0.466262 0.203747
8 0.203112 0.520784 0.406225 0.228923
23 0.688087 0.412763 0.354764 0.125293
28 0.426497 0.520492 0.843637 0.264637
1 0.618304 0.481265 0.481856 0.265808
33 0.36529 0.52459 0.720445 0.245902
21 0.259446 0.519321 0.486924 0.234192
5 0.647153 0.440866 0.445989 0.197892
19 0.618304 0.481265 0.481856 0.265808
0 0.207401 0.498244 0.414801 0.196721
16 0.743446 0.517564 0.0272896 0.0398126
24 0.605438 0.49356 0.506027 0.291569
23 0.289854 0.577283 0.439362 0.139344
25 0.370163 0.527225 0.73175 0.251171
26 0.36529 0.52459 0.720445 0.245902
17 0.399305 0.52459 0.791982 0.255269
7 0.676391 0.440281 0.375037 0.189696
23 0.412072 0.526639 0.816348 0.262881
14 0.651831 0.435597 0.438192 0.175644
8 0.676781 0.426229 0.375816 0.159251
4 0.607388 0.477166 0.500569 0.261124
34 0.605438 0.49356 0.506027 0.291569
26 0.618304 0.481265 0.481856 0.265808
11 0.735649 0.412763 0.247166 0.123536
23 0.735649 0.412763 0.247166 0.123536
0 0.605438 0.49356 0.506027 0.291569
31 0.370163 0.527225 0.73175 0.251171
23 0.632338 0.444379 0.466262 0.203747
21 0.735649 0.412763 0.247166 0.123536
28 0.291024 0.520784 0.52201 0.231265
21 0.688087 0.412763 0.354764 0.125293
2 0.633118 0.454333 0.452227 0.213115
17 0.318118 0.580943 0.396868 0.130855
23 0.447549 0.430035 0.807771 0.456089
13 0.362561 0.526932 0.719665 0.244731
31 0.618304 0.481265 0.481856 0.265808
6 0.290049 0.523419 0.579318 0.235363
15 0.73136 0.502342 0.0545791 0.0702576
33 0.647153 0.440866 0.445989 0.197892
24 0.281277 0.58065 0.41909 0.13144
4 0.290049 0.523419 0.579318 0.235363
18 0.281277 0.58065 0.41909 0.13144
2 0.362561 0.526932 0.719665 0.244731
4 0.565381 0.387588 0.5877 0.428571
0 0.295897 0.566452 0.501348 0.161007
17 0.753192 0.395784 0.212079 0.0866511
4 0.647153 0.440866 0.445989 0.197892
3 0.457685 0.448478 0.809331 0.456674
11 0.737988 0.444965 0.244047 0.187354
27 0.607388 0.477166 0.500569 0.261124
26 0.683409 0.444379 0.375037 0.193208
4 0.369579 0.479801 0.729801 0.350703
3 0.687697 0.416862 0.36646 0.137588
0 0.737988 0.444965 0.244047 0.187354
3 0.291024 0.520784 0.52201 0.231265
18 0.618304 0.481265 0.481856 0.265808
16 0.155745 0.519906 0.311491 0.23185
16 0.202528 0.51815 0.324356 0.258782
15 0.607388 0.477166 0.500569 0.261124
11 0.688087 0.412763 0.354764 0.125293
26 0.735649 0.412763 0.247166 0.123536
13 0.604659 0.456089 0.509145 0.21897
9 0.683798 0.435012 0.352425 0.174473
17 0.737988 0.444965 0.244047 0.187354
30 0.408954 0.526054 0.808551 0.251171
3 0.318118 0.580943 0.396868 0.130855
21 0.447549 0.430035 0.807771 0.456089
22 0.618304 0.481265 0.481856 0.265808
8 0.318118 0.580943 0.396868 0.130855
10 0.457685 0.500585 0.806212 0.312646
20 0.457685 0.448478 0.809331 0.456674
16 0.194731 0.466628 0.337221 0.141101
12 0.676391 0.440281 0.375037 0.189696
12 0.44521 0.391174 0.809331 0.529128
17 0.295897 0.566452 0.501348 0.161007
7 0.318118 0.580943 0.396868 0.130855
10 0.472889 0.431426 0.769566 0.501317
11 0.618304 0.481265 0.481856 0.265808
30 0.281277 0.522834 0.560216 0.240047
0 0.318118 0.580943 0.396868 0.130855
10 0.607388 0.477166 0.500569 0.261124
25 0.605438 0.49356 0.506027 0.291569
22 0.457685 0.448478 0.809331 0.456674
28 0.605438 0.49356 0.506027 0.291569
14 0.362172 0.456967 0.718885 0.391686
8 0.715376 0.444087 0.292388 0.190281
23 0.362172 0.456967 0.718885 0.391686
18 0.735649 0.412763 0.247166 0.123536
20 0.212274 0.517564 0.424548 0.227166
24 0.20818 0.517857 0.416361 0.228923
18 0.457685 0.448478 0.809331 0.456674
10 0.370163 0.527225 0.73175 0.251171
1 0.687697 0.416862 0.36646 0.137588
23 0.202528 0.51815 0.324356 0.258782
4 0.203112 0.520784 0.406225 0.228923
11 0.349501 0.582992 0.382444 0.124415
12 0.734089 0.517272 0.0506806 0.0415691
14 0.715376 0.444087 0.292388 0.190281
35 0.618304 0.481265 0.481856 0.265808
0 0.632338 0.444379 0.466262 0.203747
11 0.295897 0.566452 0.501348 0.161007
23 0.737988 0.444965 0.244047 0.187354
34 0.41909 0.543911 0.821026 0.332553
16 0.447549 0.430035 0.807771 0.456089
21 0.289854 0.577283 0.439362 0.139344
23 0.182645 0.473653 0.36529 0.151054
21 0.362172 0.456967 0.718885 0.391686
16 0.73136 0.502342 0.0545791 0.0702576
5 0.281277 0.58065 0.41909 0.13144
16 0.450668 0.504684 0.848316 0.332553
15 0.450668 0.504684 0.848316 0.332553
3 0.449888 0.503513 0.843637 0.326698
21 0.447939 0.508197 0.86157 0.326698
28 0.446379 0.502049 0.852214 0.314403
19 0.450668 0.504684 0.848316 0.332553
32 0.450668 0.499122 0.845197 0.320258
10 0.454176 0.498244 0.797635 0.300937
1 0.450668 0.499122 0.845197 0.320258
7 0.434294 0.508782 0.846756 0.31733
18 0.450668 0.499122 0.845197 0.320258
27 0.450668 0.499122 0.845197 0.320258
33 0.450668 0.499122 0.845197 0.320258
10 0.545109 0.467213 0.617329 0.240047
0 0.450668 0.499122 0.845197 0.320258
4 0.318508 0.53103 0.632338 0.251756
34 0.446379 0.502049 0.852214 0.314403
20 0.450668 0.504684 0.848316 0.332553
30 0.450668 0.504684 0.848316 0.332553
9 0.447939 0.508197 0.86157 0.326698
5 0.545109 0.467213 0.617329 0.240047
35 0.318508 0.53103 0.632338 0.251756
6 0.450668 0.499122 0.845197 0.320258
23 0.431565 0.505269 0.849095 0.316159
9 0.574543 0.464286 0.56158 0.227166
21 0.318508 0.53103 0.632338 0.251756
7 0.574543 0.464286 0.56158 0.227166
5 0.454176 0.498244 0.797635 0.300937
1 0.574543 0.464286 0.56158 0.227166
2 0.545109 0.467213 0.617329 0.240047
3 0.24892 0.525176 0.493161 0.244731
22 0.450668 0.504684 0.848316 0.332553
15 0.545109 0.467213 0.617329 0.240047
34 0.39102 0.528981 0.777363 0.242974
13 0.545109 0.467213 0.617329 0.240047
35 0.450668 0.499122 0.845197 0.320258
5 0.303694 0.526347 0.60193 0.24356
28 0.39102 0.528981 0.777363 0.242974
26 0.454176 0.498244 0.800754 0.296253
17 0.450668 0.499122 0.845197 0.320258
14 0.446769 0.50644 0.849875 0.324356
18 0.318508 0.53103 0.632338 0.251756
13 0.454176 0.498244 0.797635 0.300937
2 0.454176 0.498244 0.797635 0.300937
10 0.303694 0.526347 0.60193 0.24356
4 0.450668 0.504684 0.848316 0.332553
7 0.318508 0.53103 0.632338 0.251756
1 0.651051 0.454333 0.413242 0.209602
20 0.318508 0.53103 0.632338 0.251756
9 0.318508 0.53103 0.632338 0.251756
16 0.574543 0.464286 0.56158 0.227166
24 0.454566 0.479801 0.803093 0.258197
23 0.24892 0.525176 0.493161 0.244731
13 0.24892 0.525176 0.493161 0.244731
27 0.26198 0.530152 0.52396 0.246487
34 0.556707 0.470726 0.60037 0.242389
28 0.556707 0.470726 0.60037 0.242389
12 0.303694 0.526347 0.60193 0.24356
12 0.446769 0.50644 0.849875 0.324356
18 0.545109 0.467213 0.617329 0.240047
1 0.318508 0.53103 0.632338 0.251756
17 0.373867 0.53308 0.741496 0.255855
33 0.651051 0.454333 0.413242 0.209602
27 0.39102 0.528981 0.777363 0.242974
25 0.303694 0.526347 0.60193 0.24356
22 0.545109 0.467213 0.617329 0.240047
22 0.303694 0.526347 0.60193 0.24356
17 0.574543 0.464286 0.56158 0.227166
24 0.556707 0.470726 0.60037 0.242389
21 0.574543 0.464286 0.56158 0.227166
15 0.303694 0.526347 0.60193 0.24356
3 0.360222 0.526639 0.716546 0.248829
7 0.651051 0.454333 0.413242 0.209602
31 0.303694 0.526347 0.60193 0.24356
2 0.651051 0.454333 0.413242 0.209602
23 0.360222 0.526639 0.716546 0.248829
33 0.574543 0.464286 0.56158 0.227166
30 0.318508 0.53103 0.632338 0.251756
2 0.303694 0.526347 0.60193 0.24356
9 0.651051 0.454333 0.413242 0.209602
32 0.574543 0.464286 0.56158 0.227166
4 0.574543 0.464286 0.56158 0.227166
24 0.401644 0.528103 0.79666 0.248244
27 0.574543 0.464286 0.56158 0.227166
14 0.545109 0.467213 0.617329 0.240047
13 0.360222 0.526639 0.716546 0.248829
32 0.401644 0.528103 0.79666 0.248244
18 0.218901 0.523712 0.437803 0.240632
34 0.643644 0.464286 0.428056 0.233021
26 0.574543 0.464286 0.56158 0.227166
16 0.24892 0.525176 0.493161 0.244731
4 0.651051 0.454333 0.413242 0.209602
0 0.39102 0.528981 0.777363 0.242974
31 0.447939 0.508197 0.86157 0.326698
5 0.651051 0.454333 0.413242 0.209602
19 0.318508 0.53103 0.632338 0.251756
31 0.613235 0.459602 0.488873 0.224824
3 0.315 0.581821 0.315 0.138466
19 0.574543 0.464286 0.56158 0.227166
3 0.545109 0.467213 0.617329 0.240047
34 0.26237 0.528396 0.520061 0.237119
3 0.621422 0.448478 0.474059 0.196721
14 0.26198 0.530152 0.52396 0.246487
15 0.651051 0.454333 0.413242 0.209602
29 0.434294 0.508782 0.846756 0.31733
17 0.651051 0.454333 0.413242 0.209602
32 0.651051 0.454333 0.413242 0.209602
23 0.545109 0.467213 0.617329 0.240047
25 0.450668 0.504684 0.848316 0.332553
3 0.442871 0.345141 0.845197 0.642272
0 0.651051 0.454333 0.413242 0.209602
17 0.26198 0.530152 0.52396 0.246487
13 0.631558 0.454333 0.455346 0.214286
24 0.243462 0.52459 0.483025 0.24356
28 0.643644 0.464286 0.428056 0.233021
28 0.243462 0.52459 0.483025 0.24356
35 0.574543 0.464286 0.56158 0.227166
33 0.229622 0.529274 0.459244 0.24356
8 0.243462 0.52459 0.483025 0.24356
16 0.373867 0.53308 0.741496 0.255855
14 0.401644 0.528103 0.79666 0.248244
30 0.574543 0.464286 0.56158 0.227166
10 0.651051 0.454333 0.413242 0.209602
24 0.643644 0.464286 0.428056 0.233021
20 0.545109 0.467213 0.617329 0.240047
0 0.574543 0.464286 0.56158 0.227166
21 0.229622 0.529274 0.459244 0.24356
13 0.44521 0.45404 0.857672 0.415105
25 0.613235 0.459602 0.488873 0.224824
23 0.621422 0.448478 0.474059 0.196721
8 0.454176 0.498244 0.797635 0.300937
10 0.590624 0.407787 0.534096 0.337822
22 0.651051 0.454333 0.413242 0.209602
29 0.574543 0.464286 0.56158 0.227166
21 0.651051 0.454333 0.413242 0.209602
11 0.243462 0.52459 0.483025 0.24356
0 0.243462 0.52459 0.483025 0.24356
18 0.262565 0.580796 0.416751 0.142857
33 0.39102 0.528981 0.777363 0.242974
3 0.24931 0.577869 0.420649 0.151054
6 0.39102 0.528981 0.777363 0.242974
23 0.262565 0.580796 0.416751 0.142857
24 0.262565 0.580796 0.416751 0.142857
14 0.651051 0.454333 0.413242 0.209602
29 0.318508 0.53103 0.632338 0.251756
20 0.262565 0.580796 0.416751 0.142857
26 0.651051 0.454333 0.413242 0.209602
11 0.450668 0.504684 0.848316 0.332553
29 0.651051 0.454333 0.413242 0.209602
8 0.651051 0.454333 0.413242 0.209602
8 0.545109 0.467213 0.617329 0.240047
23 0.442871 0.345141 0.845197 0.642272
5 0.532926 0.397029 0.646373 0.393296
13 0.532926 0.397029 0.646373 0.393296
18 0.651051 0.454333 0.413242 0.209602
15 0.442871 0.345141 0.845197 0.642272
16 0.651051 0.454333 0.413242 0.209602
12 0.244047 0.501756 0.485754 0.297424
17 0.315 0.581821 0.315 0.138466
32 0.26198 0.530152 0.52396 0.246487
19 0.442871 0.345141 0.845197 0.642272
17 0.191027 0.524297 0.375816 0.239461
17 0.343459 0.573185 0.47016 0.153396
18 0.459927 0.44233 0.790813 0.40808
6 0.26198 0.530152 0.52396 0.246487
2 0.44521 0.45404 0.857672 0.415105
11 0.315 0.581821 0.315 0.138466
13 0.448718 0.336651 0.850655 0.666276
15 0.459927 0.44233 0.790813 0.40808
1 0.229622 0.529274 0.459244 0.24356
16 0.442871 0.345141 0.845197 0.642272
20 0.442871 0.345141 0.845197 0.642272
5 0.262565 0.580796 0.416751 0.142857
23 0.269777 0.551522 0.437413 0.199063
11 0.344433 0.530152 0.685748 0.239461
0 0.262565 0.580796 0.416751 0.142857
26 0.373867 0.53308 0.741496 0.255855
23 0.459927 0.44233 0.790813 0.40808
30 0.651051 0.454333 0.413242 0.209602
20 0.314025 0.580796 0.293558 0.138173
5 0.232546 0.467213 0.461973 0.381733
7 0.229622 0.529274 0.459244 0.24356
27 0.651051 0.454333 0.413242 0.209602
4 0.442871 0.345141 0.845197 0.642272
5 0.429226 0.458724 0.858452 0.40808
21 0.442871 0.345141 0.845197 0.642272
35 0.651051 0.454333 0.413242 0.209602
5 0.205841 0.528981 0.410123 0.241803
18 0.442871 0.345141 0.845197 0.642272
31 0.442871 0.345141 0.845197 0.642272
18 0.532926 0.397029 0.646373 0.393296
3 0.232546 0.467213 0.461973 0.381733
23 0.232546 0.467213 0.461973 0.381733
12 0.442871 0.345141 0.845197 0.642272
23 0.343459 0.573185 0.47016 0.153396
17 0.269777 0.551522 0.437413 0.199063
2 0.590624 0.407787 0.534096 0.337822
25 0.244047 0.501756 0.485754 0.297424
2 0.442871 0.345141 0.845197 0.642272
14 0.532926 0.397029 0.646373 0.393296
26 0.26198 0.530152 0.52396 0.246487
20 0.251844 0.528981 0.453786 0.244145
14 0.442871 0.345141 0.845197 0.642272
15 0.532926 0.397029 0.646373 0.393296
26 0.262565 0.580796 0.416751 0.142857
3 0.459927 0.44233 0.790813 0.40808
19 0.651051 0.454333 0.413242 0.209602
18 0.263734 0.548888 0.450278 0.207845
16 0.459927 0.44233 0.790813 0.40808
23 0.532926 0.397029 0.646373 0.393296
14 0.459927 0.44233 0.790813 0.40808
6 0.643644 0.464286 0.428056 0.233021
3 0.343459 0.573185 0.47016 0.153396
33 0.262565 0.580796 0.416751 0.142857
22 0.239563 0.492389 0.472889 0.326698
20 0.651051 0.454333 0.413242 0.209602
35 0.436633 0.591335 0.86391 0.348946
