0 0.514329 0.566558 0.935002 0.594156
19 0.546329 0.562635 0.899101 0.593344
14 0.520963 0.565882 0.9311 0.595509
1 0.521744 0.571429 0.921735 0.598485
21 0.520963 0.565882 0.9311 0.595509
33 0.521744 0.571429 0.921735 0.598485
27 0.514329 0.566558 0.935002 0.594156
7 0.508476 0.57197 0.959197 0.59632
16 0.504964 0.564935 0.96466 0.59632
20 0.524866 0.563853 0.920174 0.594156
35 0.529158 0.569805 0.892857 0.593074
15 0.513159 0.563988 0.937344 0.590639
34 0.514329 0.566558 0.935002 0.594156
3 0.513159 0.563988 0.937344 0.590639
18 0.513159 0.563988 0.937344 0.590639
18 0.655692 0.55533 0.649156 0.586309
26 0.529158 0.569805 0.892857 0.593074
23 0.121948 0.537744 0.237263 0.236201
21 0.655692 0.55533 0.649156 0.586309
22 0.520963 0.565882 0.9311 0.595509
14 0.655692 0.55533 0.649156 0.586309
4 0.513159 0.563988 0.937344 0.590639
6 0.520963 0.565882 0.9311 0.595509
9 0.513159 0.563988 0.937344 0.590639
32 0.514329 0.566558 0.935002 0.594156
16 0.148679 0.536797 0.277847 0.233766
18 0.287408 0.555736 0.559987 0.269481
26 0.673155 0.554654 0.611108 0.585498
24 0.514329 0.566558 0.935002 0.594156
11 0.121948 0.537744 0.237263 0.236201
11 0.524866 0.563853 0.920174 0.594156
20 0.655692 0.55533 0.649156 0.586309
34 0.357845 0.5671 0.703203 0.294372
7 0.675106 0.561147 0.608766 0.582251
15 0.655692 0.55533 0.649156 0.586309
14 0.287408 0.555736 0.559987 0.269481
23 0.0916808 0.511364 0.177606 0.1829
19 0.673155 0.554654 0.611108 0.585498
16 0.269847 0.554248 0.527988 0.265963
17 0.121948 0.537744 0.237263 0.236201
7 0.287408 0.555736 0.559987 0.269481
1 0.673155 0.554654 0.611108 0.585498
9 0.655692 0.55533 0.649156 0.586309
24 0.675106 0.561147 0.608766 0.582251
34 0.381259 0.63961 0.760958 0.445887
12 0.514329 0.569264 0.927198 0.600649
23 0.524866 0.563853 0.920174 0.594156
0 0.111802 0.513934 0.219312 0.188582
1 0.389454 0.643804 0.778909 0.446158
21 0.121948 0.537744 0.237263 0.236201
14 0.381259 0.63961 0.760958 0.445887
19 0.278237 0.555195 0.542426 0.268398
16 0.655692 0.55533 0.649156 0.586309
8 0.520963 0.565882 0.9311 0.595509
2 0.655692 0.55533 0.649156 0.586309
4 0.655692 0.55533 0.649156 0.586309
35 0.381259 0.63961 0.760958 0.445887
15 0.287408 0.555736 0.559987 0.269481
4 0.389064 0.605114 0.762519 0.372024
21 0.381259 0.63961 0.760958 0.445887
35 0.655692 0.55533 0.649156 0.586309
16 0.389454 0.643804 0.778909 0.446158
1 0.357845 0.5671 0.703203 0.294372
20 0.269847 0.554248 0.527988 0.265963
27 0.655692 0.55533 0.649156 0.586309
28 0.514329 0.566558 0.935002 0.594156
3 0.655692 0.55533 0.649156 0.586309
7 0.381259 0.63961 0.760958 0.445887
18 0.111802 0.513934 0.219312 0.188582
21 0.269847 0.554248 0.527988 0.265963
16 0.36643 0.589962 0.719593 0.337392
0 0.673155 0.554654 0.611108 0.585498
5 0.150631 0.540179 0.274725 0.244318
22 0.655692 0.55533 0.649156 0.586309
33 0.405844 0.627706 0.802323 0.472944
31 0.655692 0.55533 0.649156 0.586309
13 0.675496 0.551813 0.606425 0.576028
3 0.389454 0.643804 0.778909 0.446158
9 0.36643 0.589962 0.719593 0.337392
21 0.176971 0.544913 0.328968 0.256493
33 0.125656 0.519345 0.234531 0.199405
23 0.176971 0.544913 0.328968 0.256493
23 0.777153 0.488907 0.421844 0.182359
33 0.655692 0.55533 0.649156 0.586309
35 0.272189 0.552489 0.53267 0.264069
35 0.357845 0.5671 0.703203 0.294372
10 0.389064 0.605114 0.762519 0.372024
8 0.121948 0.537744 0.237263 0.236201
1 0.272189 0.552489 0.53267 0.264069
26 0.287408 0.555736 0.559987 0.269481
19 0.36643 0.589962 0.719593 0.337392
22 0.302822 0.555736 0.588474 0.271645
22 0.36643 0.589962 0.719593 0.337392
20 0.36643 0.589962 0.719593 0.337392
17 0.835102 0.49026 0.287213 0.181818
17 0.1119 0.512446 0.211702 0.178571
17 0.508476 0.57197 0.959197 0.59632
0 0.150631 0.540179 0.274725 0.244318
16 0.113753 0.510822 0.227507 0.1829
11 0.655692 0.55533 0.649156 0.586309
23 0.271603 0.554654 0.533841 0.270563
18 0.36643 0.589962 0.719593 0.337392
15 0.389454 0.643804 0.778909 0.446158
22 0.389454 0.643804 0.778909 0.446158
21 0.357845 0.5671 0.703203 0.294372
27 0.381259 0.63961 0.760958 0.445887
25 0.524866 0.563853 0.920174 0.594156
16 0.208385 0.539502 0.394918 0.22619
15 0.36643 0.589962 0.719593 0.337392
11 0.815591 0.490801 0.326236 0.181818
8 0.381259 0.63961 0.760958 0.445887
0 0.278237 0.555195 0.542426 0.268398
17 0.176971 0.544913 0.328968 0.256493
28 0.675106 0.561147 0.608766 0.582251
3 0.121948 0.537744 0.237263 0.236201
25 0.673155 0.554654 0.611108 0.585498
3 0.238433 0.551407 0.46594 0.260823
24 0.405844 0.627706 0.802323 0.472944
32 0.389454 0.643804 0.778909 0.446158
9 0.269847 0.554248 0.527988 0.265963
17 0.777153 0.488907 0.421844 0.182359
23 0.672862 0.542343 0.614815 0.564664
4 0.302822 0.555736 0.588474 0.271645
11 0.287408 0.555736 0.559987 0.269481
27 0.278237 0.555195 0.542426 0.268398
11 0.36643 0.589962 0.719593 0.337392
30 0.272189 0.552489 0.53267 0.264069
8 0.176971 0.544913 0.328968 0.256493
34 0.675106 0.561147 0.608766 0.582251
18 0.389454 0.643804 0.778909 0.446158
32 0.673155 0.554654 0.611108 0.585498
23 0.389064 0.605114 0.762519 0.372024
30 0.524866 0.563853 0.920174 0.594156
17 0.381259 0.63961 0.760958 0.445887
8 0.675496 0.551813 0.606425 0.576028
25 0.389064 0.605114 0.762519 0.372024
19 0.419502 0.598485 0.828078 0.535714
10 0.672862 0.542343 0.614815 0.564664
3 0.754324 0.496753 0.462818 0.19697
17 0.718812 0.491342 0.504183 0.212121
34 0.272189 0.552489 0.53267 0.264069
18 0.150631 0.540179 0.274725 0.244318
2 0.513159 0.563988 0.937344 0.590639
32 0.278237 0.555195 0.542426 0.268398
11 0.0916808 0.511364 0.177606 0.1829
1 0.183801 0.551001 0.356284 0.263799
6 0.381259 0.63961 0.760958 0.445887
24 0.278237 0.555195 0.542426 0.268398
3 0.36643 0.589962 0.719593 0.337392
26 0.381259 0.63961 0.760958 0.445887
32 0.36643 0.589962 0.719593 0.337392
8 0.255409 0.562635 0.481159 0.225379
20 0.113753 0.510822 0.227507 0.1829
0 0.381259 0.63961 0.760958 0.445887
14 0.530329 0.660038 0.88115 0.39421
17 0.357845 0.5671 0.703203 0.294372
8 0.740666 0.5023 0.49794 0.209686
33 0.176971 0.544913 0.328968 0.256493
4 0.121948 0.537744 0.237263 0.236201
34 0.530329 0.660038 0.88115 0.39421
31 0.287408 0.555736 0.559987 0.269481
24 0.530329 0.660038 0.88115 0.39421
28 0.357845 0.5671 0.703203 0.294372
13 0.302822 0.555736 0.588474 0.271645
2 0.302822 0.555736 0.588474 0.271645
2 0.389064 0.605114 0.762519 0.372024
15 0.183801 0.551001 0.356284 0.263799
31 0.524866 0.563853 0.920174 0.594156
20 0.424185 0.638528 0.84837 0.461039
6 0.272189 0.552489 0.53267 0.264069
10 0.542426 0.550325 0.875687 0.577922
10 0.302822 0.555736 0.588474 0.271645
17 0.599401 0.711039 0.223214 0.281385
6 0.357845 0.5671 0.703203 0.294372
9 0.389454 0.643804 0.778909 0.446158
28 0.530329 0.660038 0.88115 0.39421
23 0.858516 0.487013 0.238824 0.165584
0 0.58223 0.390693 0.433941 0.239177
35 0.530329 0.660038 0.88115 0.39421
11 0.389454 0.643804 0.778909 0.446158
11 0.183801 0.551001 0.356284 0.263799
11 0.740666 0.5023 0.49794 0.209686
31 0.389064 0.605114 0.762519 0.372024
7 0.530329 0.660038 0.88115 0.39421
35 0.183801 0.551001 0.356284 0.263799
27 0.530329 0.660038 0.88115 0.39421
13 0.521354 0.5648 0.911588 0.59118
5 0.111802 0.513934 0.219312 0.188582
33 0.36643 0.589962 0.719593 0.337392
6 0.655692 0.55533 0.649156 0.586309
29 0.357845 0.5671 0.703203 0.294372
28 0.682911 0.701299 0.596279 0.30303
16 0.607108 0.403139 0.487208 0.254329
28 0.54789 0.720779 0.853834 0.266234
22 0.183801 0.551001 0.356284 0.263799
1 0.524085 0.650974 0.903003 0.41342
20 0.183801 0.551001 0.356284 0.263799
21 0.815591 0.490801 0.326236 0.181818
0 0.807786 0.489989 0.344968 0.182359
14 0.54789 0.720779 0.853834 0.266234
33 0.278237 0.555195 0.542426 0.268398
9 0.114339 0.536797 0.220092 0.235931
15 0.530329 0.660038 0.88115 0.39421
28 0.381259 0.63961 0.760958 0.445887
18 0.754324 0.496753 0.462818 0.19697
8 0.807786 0.489989 0.344968 0.182359
18 0.58223 0.390693 0.433941 0.239177
17 0.255409 0.562635 0.481159 0.225379
31 0.117461 0.536797 0.222434 0.222944
7 0.734812 0.561688 0.490915 0.376623
12 0.682911 0.530303 0.594718 0.545455
8 0.302822 0.555736 0.588474 0.271645
26 0.530329 0.660038 0.88115 0.39421
4 0.728959 0.51461 0.471404 0.215368
0 0.208385 0.539502 0.394918 0.22619
9 0.183801 0.551001 0.356284 0.263799
14 0.682911 0.701299 0.596279 0.30303
13 0.740666 0.528139 0.477647 0.37987
32 0.183801 0.551001 0.356284 0.263799
14 0.740666 0.5023 0.49794 0.209686
19 0.550231 0.702381 0.844468 0.305195
0 0.754324 0.496753 0.462818 0.19697
27 0.54789 0.720779 0.853834 0.266234
21 0.536963 0.572511 0.900662 0.595238
16 0.520183 0.572511 0.938905 0.595238
15 0.520183 0.572511 0.938905 0.595238
3 0.520183 0.572511 0.938905 0.595238
19 0.520183 0.572511 0.938905 0.595238
20 0.527597 0.568317 0.920954 0.599297
23 0.527597 0.568317 0.920954 0.599297
18 0.520183 0.572511 0.938905 0.595238
28 0.511208 0.571564 0.949051 0.603625
32 0.504964 0.570346 0.966221 0.602814
6 0.505354 0.571564 0.956075 0.597132
9 0.520183 0.572511 0.938905 0.595238
27 0.511208 0.571564 0.949051 0.603625
33 0.504964 0.570346 0.966221 0.602814
35 0.511208 0.571564 0.949051 0.603625
0 0.511208 0.571564 0.949051 0.603625
7 0.530719 0.57454 0.894418 0.59118
12 0.505354 0.571564 0.956075 0.597132
34 0.511208 0.571564 0.949051 0.603625
4 0.527597 0.568317 0.920954 0.599297
14 0.527597 0.568317 0.920954 0.599297
2 0.538134 0.563718 0.88115 0.59118
1 0.520183 0.572511 0.938905 0.595238
11 0.527597 0.568317 0.920954 0.599297
13 0.538134 0.563718 0.88115 0.59118
22 0.505354 0.571564 0.956075 0.597132
30 0.520183 0.572511 0.938905 0.595238
10 0.511988 0.569399 0.939685 0.599297
7 0.646619 0.584416 0.656375 0.329004
31 0.547109 0.566017 0.872565 0.599567
11 0.119509 0.54329 0.215995 0.246753
25 0.527597 0.568317 0.920954 0.599297
26 0.536963 0.572511 0.900662 0.595238
14 0.117363 0.544372 0.217556 0.245671
17 0.522134 0.570887 0.908466 0.598485
8 0.527597 0.568317 0.920954 0.599297
17 0.113656 0.545455 0.212093 0.244589
29 0.530719 0.57454 0.894418 0.59118
28 0.117363 0.544372 0.217556 0.245671
3 0.115705 0.542208 0.219312 0.242424
17 0.646619 0.584416 0.656375 0.329004
18 0.0892662 0.536797 0.164874 0.229437
21 0.119509 0.54329 0.215995 0.246753
4 0.426917 0.563853 0.81481 0.520563
26 0.119509 0.54329 0.215995 0.246753
24 0.119509 0.54329 0.215995 0.246753
15 0.113656 0.545455 0.212093 0.244589
4 0.390235 0.550325 0.767202 0.301948
33 0.119509 0.54329 0.215995 0.246753
5 0.110046 0.536661 0.21619 0.234037
13 0.110046 0.536661 0.21619 0.234037
35 0.390235 0.550325 0.767202 0.301948
27 0.390235 0.550325 0.767202 0.301948
3 0.517451 0.480519 0.920954 0.424242
24 0.525256 0.57197 0.919393 0.601732
23 0.110046 0.536661 0.21619 0.234037
16 0.117363 0.544372 0.217556 0.245671
18 0.119509 0.54329 0.215995 0.246753
20 0.517451 0.480519 0.920954 0.424242
12 0.0892662 0.536797 0.164874 0.229437
20 0.115705 0.542208 0.219312 0.242424
2 0.646619 0.584416 0.656375 0.329004
13 0.26653 0.544913 0.524476 0.254329
27 0.646619 0.584416 0.656375 0.329004
24 0.652375 0.645969 0.646424 0.415855
0 0.119509 0.54329 0.215995 0.246753
11 0.0892662 0.536797 0.164874 0.229437
34 0.121363 0.552489 0.234531 0.25
23 0.517451 0.480519 0.920954 0.424242
33 0.652375 0.645969 0.646424 0.415855
34 0.390235 0.550325 0.767202 0.301948
17 0.390235 0.550325 0.767202 0.301948
12 0.117363 0.544372 0.217556 0.245671
22 0.110046 0.536661 0.21619 0.234037
26 0.0882906 0.523268 0.163313 0.200216
18 0.444087 0.500541 0.856956 0.430736
15 0.444087 0.500541 0.856956 0.430736
5 0.53267 0.494589 0.907686 0.45671
12 0.568572 0.512987 0.820273 0.5
8 0.117363 0.544372 0.217556 0.245671
16 0.517451 0.480519 0.920954 0.424242
35 0.302627 0.55533 0.595888 0.261634
27 0.277652 0.550325 0.550621 0.258658
4 0.517451 0.480519 0.920954 0.424242
5 0.26653 0.544913 0.524476 0.254329
14 0.652375 0.645969 0.646424 0.415855
35 0.444087 0.500541 0.856956 0.430736
4 0.110046 0.536661 0.21619 0.234037
4 0.39882 0.609848 0.785152 0.367965
32 0.646619 0.584416 0.656375 0.329004
14 0.26653 0.544913 0.524476 0.254329
18 0.390235 0.550325 0.767202 0.301948
2 0.110046 0.536661 0.21619 0.234037
21 0.277652 0.550325 0.550621 0.258658
15 0.277652 0.550325 0.550621 0.258658
22 0.568572 0.512987 0.820273 0.5
13 0.68135 0.55073 0.585352 0.344426
27 0.39882 0.609848 0.785152 0.367965
28 0.400381 0.54816 0.785152 0.275974
10 0.110046 0.536661 0.21619 0.234037
12 0.377357 0.542072 0.743787 0.294643
26 0.646619 0.584416 0.656375 0.329004
21 0.444087 0.500541 0.856956 0.430736
34 0.302627 0.55533 0.595888 0.261634
28 0.0944124 0.529221 0.180337 0.218615
18 0.68135 0.55073 0.585352 0.344426
35 0.121363 0.552489 0.234531 0.25
9 0.646619 0.584416 0.656375 0.329004
30 0.112778 0.540043 0.217751 0.234848
20 0.0882906 0.523268 0.163313 0.200216
23 0.26653 0.544913 0.524476 0.254329
12 0.444087 0.500541 0.856956 0.430736
7 0.767982 0.563853 0.416771 0.275974
29 0.119509 0.54329 0.215995 0.246753
2 0.26653 0.544913 0.524476 0.254329
35 0.646619 0.584416 0.656375 0.329004
27 0.112778 0.540043 0.217751 0.234848
5 0.569743 0.570887 0.811688 0.583333
17 0.0877053 0.52868 0.160972 0.211039
4 0.26653 0.544913 0.524476 0.254329
3 0.277652 0.550325 0.550621 0.258658
35 0.39882 0.609848 0.785152 0.367965
17 0.424185 0.622159 0.812469 0.474297
31 0.110046 0.536661 0.21619 0.234037
28 0.652375 0.645969 0.646424 0.415855
14 0.68135 0.55073 0.585352 0.344426
4 0.646619 0.584416 0.656375 0.329004
1 0.646619 0.584416 0.656375 0.329004
20 0.377357 0.542072 0.743787 0.294643
3 0.377357 0.542072 0.743787 0.294643
19 0.112778 0.540043 0.217751 0.234848
31 0.517451 0.480519 0.920954 0.424242
7 0.112778 0.540043 0.217751 0.234848
21 0.68135 0.55073 0.585352 0.344426
22 0.26653 0.544913 0.524476 0.254329
13 0.599401 0.45671 0.755494 0.383117
12 0.271603 0.551001 0.533061 0.272457
21 0.377357 0.542072 0.743787 0.294643
27 0.444087 0.500541 0.856956 0.430736
15 0.0877053 0.52868 0.160972 0.211039
25 0.390235 0.550325 0.767202 0.301948
3 0.587694 0.430195 0.772665 0.320346
25 0.110046 0.536661 0.21619 0.234037
17 0.277652 0.550325 0.550621 0.258658
24 0.0882906 0.523268 0.163313 0.200216
23 0.587694 0.430195 0.772665 0.320346
34 0.424185 0.622159 0.812469 0.474297
8 0.0892662 0.536797 0.164874 0.229437
2 0.695789 0.506494 0.556475 0.429654
18 0.277652 0.550325 0.550621 0.258658
17 0.606522 0.655844 0.738129 0.42316
17 0.447989 0.402056 0.154533 0.264069
19 0.517451 0.480519 0.920954 0.424242
5 0.68135 0.55073 0.585352 0.344426
10 0.583011 0.512852 0.783591 0.478626
31 0.26653 0.544913 0.524476 0.254329
31 0.390235 0.550325 0.767202 0.301948
19 0.68135 0.55073 0.585352 0.344426
24 0.767982 0.563853 0.416771 0.275974
10 0.695789 0.506494 0.556475 0.429654
13 0.0882906 0.523268 0.163313 0.200216
14 0.426917 0.563853 0.81481 0.520563
14 0.517451 0.480519 0.920954 0.424242
14 0.767982 0.563853 0.416771 0.275974
14 0.0892662 0.536797 0.164874 0.229437
23 0.402722 0.542343 0.79764 0.304924
30 0.444087 0.500541 0.856956 0.430736
7 0.606522 0.655844 0.738129 0.42316
30 0.277652 0.550325 0.550621 0.258658
6 0.115705 0.542208 0.219312 0.242424
2 0.757055 0.557224 0.435502 0.275162
11 0.390235 0.550325 0.767202 0.301948
9 0.122143 0.540179 0.21541 0.246483
18 0.39882 0.609848 0.785152 0.367965
1 0.119509 0.54329 0.215995 0.246753
28 0.39882 0.609848 0.785152 0.367965
31 0.424185 0.622159 0.812469 0.474297
21 0.0944124 0.529221 0.180337 0.218615
17 0.757055 0.557224 0.435502 0.275162
3 0.0882906 0.523268 0.163313 0.200216
1 0.390235 0.550325 0.767202 0.301948
5 0.402722 0.542343 0.79764 0.304924
14 0.390235 0.550325 0.767202 0.301948
14 0.39882 0.609848 0.785152 0.367965
7 0.277652 0.550325 0.550621 0.258658
9 0.277652 0.550325 0.550621 0.258658
13 0.757055 0.557224 0.435502 0.275162
31 0.757055 0.557224 0.435502 0.275162
13 0.171703 0.501218 0.341065 0.304924
17 0.554524 0.404221 0.368382 0.25974
7 0.390235 0.550325 0.767202 0.301948
29 0.646619 0.584416 0.656375 0.329004
34 0.652375 0.645969 0.646424 0.415855
32 0.0883638 0.517316 0.165508 0.189394
15 0.377357 0.542072 0.743787 0.294643
4 0.757055 0.557224 0.435502 0.275162
11 0.426917 0.563853 0.81481 0.520563
10 0.444087 0.500541 0.856956 0.430736
25 0.444087 0.500541 0.856956 0.430736
10 0.26653 0.544913 0.524476 0.254329
20 0.277652 0.550325 0.550621 0.258658
18 0.652375 0.645969 0.646424 0.415855
27 0.606522 0.655844 0.738129 0.42316
8 0.583011 0.512852 0.783591 0.478626
4 0.695789 0.506494 0.556475 0.429654
22 0.444087 0.500541 0.856956 0.430736
33 0.767982 0.563853 0.416771 0.275974
32 0.767982 0.563853 0.416771 0.275974
5 0.599401 0.45671 0.755494 0.383117
2 0.599401 0.45671 0.755494 0.383117
25 0.277652 0.550325 0.550621 0.258658
17 0.444087 0.500541 0.856956 0.430736
27 0.568572 0.512987 0.820273 0.5
34 0.444087 0.500541 0.856956 0.430736
12 0.424185 0.622159 0.812469 0.474297
28 0.584181 0.405844 0.426917 0.262987
26 0.277652 0.550325 0.550621 0.258658
15 0.68135 0.55073 0.585352 0.344426
7 0.695789 0.506494 0.556475 0.429654
18 0.583011 0.512852 0.783591 0.478626
34 0.767982 0.563853 0.416771 0.275974
0 0.0892662 0.536797 0.164874 0.229437
15 0.599401 0.45671 0.755494 0.383117
15 0.767982 0.563853 0.416771 0.275974
30 0.377357 0.542072 0.743787 0.294643
8 0.652375 0.645969 0.646424 0.415855
5 0.757055 0.557224 0.435502 0.275162
25 0.424185 0.622159 0.812469 0.474297
31 0.587694 0.430195 0.772665 0.320346
23 0.171703 0.501218 0.341065 0.304924
18 0.757055 0.557224 0.435502 0.275162
4 0.606522 0.655844 0.738129 0.42316
26 0.767982 0.563853 0.416771 0.275974
5 0.171703 0.501218 0.341065 0.304924
33 0.68135 0.55073 0.585352 0.344426
13 0.402722 0.542343 0.79764 0.304924
24 0.424185 0.622159 0.812469 0.474297
28 0.767982 0.563853 0.416771 0.275974
9 0.695789 0.506494 0.556475 0.429654
2 0.36643 0.546402 0.721154 0.275162
31 0.68135 0.55073 0.585352 0.344426
25 0.646619 0.584416 0.656375 0.329004
4 0.587694 0.430195 0.772665 0.320346
0 0.302627 0.55533 0.595888 0.261634
1 0.444087 0.500541 0.856956 0.430736
32 0.121363 0.552489 0.234531 0.25
19 0.26653 0.544913 0.524476 0.254329
7 0.444087 0.500541 0.856956 0.430736
5 0.426917 0.563853 0.81481 0.520563
22 0.36643 0.546402 0.721154 0.275162
33 0.0944124 0.529221 0.180337 0.218615
35 0.606522 0.655844 0.738129 0.42316
32 0.606522 0.655844 0.738129 0.42316
18 0.447989 0.402056 0.154533 0.264069
1 0.271603 0.551001 0.533061 0.272457
9 0.400381 0.54816 0.785152 0.275974
12 0.171703 0.501218 0.341065 0.304924
5 0.652375 0.645969 0.646424 0.415855
