14 0.623926 0.511589 0.752148 0.34349
21 0.61875 0.510937 0.75 0.340625
22 0.61875 0.510937 0.75 0.340625
3 0.61875 0.510937 0.75 0.340625
18 0.623926 0.511589 0.752148 0.34349
1 0.626953 0.510937 0.746094 0.344792
16 0.278906 0.653125 0.557812 0.25625
7 0.635937 0.509896 0.723438 0.340625
34 0.630859 0.511589 0.738281 0.347656
1 0.278906 0.653125 0.557812 0.25625
33 0.626953 0.510937 0.746094 0.344792
15 0.623926 0.511589 0.752148 0.34349
4 0.623926 0.511589 0.752148 0.34349
16 0.626953 0.510937 0.746094 0.344792
7 0.278906 0.653125 0.557812 0.25625
20 0.61875 0.510937 0.75 0.340625
21 0.278906 0.653125 0.557812 0.25625
35 0.61875 0.510937 0.75 0.340625
18 0.278906 0.653125 0.557812 0.25625
27 0.626953 0.510937 0.746094 0.344792
33 0.278906 0.653125 0.557812 0.25625
22 0.278906 0.653125 0.557812 0.25625
14 0.364844 0.650521 0.729687 0.258333
19 0.626953 0.510937 0.746094 0.344792
19 0.278906 0.653125 0.557812 0.25625
26 0.623926 0.511589 0.752148 0.34349
20 0.276172 0.654167 0.551562 0.260417
9 0.278906 0.653125 0.557812 0.25625
34 0.290625 0.653646 0.58125 0.257292
9 0.626953 0.510937 0.746094 0.344792
4 0.269336 0.651042 0.538672 0.258333
0 0.626953 0.510937 0.746094 0.344792
35 0.278906 0.653125 0.557812 0.25625
32 0.278906 0.653125 0.557812 0.25625
15 0.259766 0.657292 0.519531 0.254167
16 0.597266 0.366667 0.0874999 0.207292
3 0.278906 0.653125 0.557812 0.25625
27 0.278906 0.653125 0.557812 0.25625
23 0.276172 0.654167 0.551562 0.260417
32 0.621875 0.511979 0.753125 0.347917
0 0.290625 0.653646 0.58125 0.257292
26 0.269336 0.651042 0.538672 0.258333
34 0.661328 0.597396 0.674219 0.158333
24 0.630859 0.511589 0.738281 0.347656
30 0.278906 0.653125 0.557812 0.25625
12 0.620312 0.507422 0.759375 0.339323
23 0.533594 0.526042 0.554687 0.16875
10 0.261914 0.653125 0.523828 0.264583
6 0.623926 0.511589 0.752148 0.34349
23 0.620312 0.507422 0.759375 0.339323
28 0.630859 0.511589 0.738281 0.347656
26 0.756641 0.510417 0.486719 0.338542
1 0.754688 0.508333 0.490625 0.339583
7 0.739844 0.603646 0.517187 0.140625
24 0.334961 0.653125 0.669922 0.260417
14 0.257812 0.654167 0.515625 0.25625
25 0.278906 0.653125 0.557812 0.25625
1 0.404687 0.651042 0.809375 0.279167
33 0.756641 0.510417 0.486719 0.338542
34 0.755078 0.51263 0.486719 0.333073
14 0.597266 0.366667 0.0874999 0.207292
2 0.269336 0.651042 0.538672 0.258333
14 0.661328 0.597396 0.674219 0.158333
7 0.597266 0.366667 0.0874999 0.207292
14 0.756641 0.510417 0.486719 0.338542
18 0.756641 0.510417 0.486719 0.338542
7 0.754688 0.508333 0.490625 0.339583
1 0.661328 0.597396 0.674219 0.158333
2 0.683984 0.507292 0.632031 0.335417
17 0.334961 0.653125 0.669922 0.260417
34 0.5375 0.55612 0.925 0.441927
0 0.516406 0.547396 0.534375 0.201042
35 0.661328 0.597396 0.674219 0.158333
21 0.756641 0.510417 0.486719 0.338542
17 0.630859 0.511589 0.738281 0.347656
14 0.739844 0.603646 0.517187 0.140625
7 0.661328 0.597396 0.674219 0.158333
13 0.261914 0.653125 0.523828 0.264583
27 0.661328 0.597396 0.674219 0.158333
31 0.623926 0.511589 0.752148 0.34349
4 0.404687 0.651042 0.809375 0.279167
10 0.692578 0.508333 0.613281 0.336458
27 0.739844 0.603646 0.517187 0.140625
26 0.421875 0.650521 0.828125 0.263542
11 0.612109 0.514062 0.761719 0.348958
25 0.643652 0.507292 0.712695 0.3375
24 0.739844 0.603646 0.517187 0.140625
14 0.28125 0.6125 0.5625 0.3375
1 0.5375 0.55612 0.925 0.441927
4 0.756641 0.510417 0.486719 0.338542
17 0.875 0.454687 0.248438 0.213542
9 0.756641 0.510417 0.486719 0.338542
6 0.257812 0.654167 0.515625 0.25625
31 0.269336 0.651042 0.538672 0.258333
27 0.5375 0.55612 0.925 0.441927
22 0.404687 0.651042 0.809375 0.279167
11 0.278906 0.653125 0.557812 0.25625
28 0.37168 0.651042 0.743359 0.260417
19 0.756641 0.510417 0.486719 0.338542
0 0.661328 0.597396 0.674219 0.158333
34 0.421875 0.650521 0.828125 0.263542
0 0.875 0.454687 0.248438 0.213542
18 0.516406 0.547396 0.534375 0.201042
8 0.269336 0.651042 0.538672 0.258333
22 0.604297 0.552995 0.742969 0.241927
0 0.754688 0.508333 0.490625 0.339583
16 0.130664 0.701042 0.261328 0.154167
9 0.661328 0.597396 0.674219 0.158333
15 0.364844 0.650521 0.729687 0.258333
8 0.621875 0.511979 0.753125 0.347917
19 0.661328 0.597396 0.674219 0.158333
35 0.756641 0.510417 0.486719 0.338542
15 0.597266 0.366667 0.0874999 0.207292
21 0.661328 0.597396 0.674219 0.158333
35 0.5375 0.55612 0.925 0.441927
11 0.416504 0.519661 0.370117 0.135677
8 0.501465 0.524479 0.511133 0.157292
23 0.416504 0.519661 0.370117 0.135677
23 0.873047 0.460677 0.253906 0.226562
23 0.128906 0.618229 0.257812 0.173958
23 0.404687 0.651042 0.809375 0.279167
27 0.754688 0.508333 0.490625 0.339583
22 0.756641 0.510417 0.486719 0.338542
16 0.473437 0.510286 0.446875 0.12526
16 0.284375 0.421875 0.021875 0.025
21 0.374219 0.523958 0.292188 0.135417
9 0.739844 0.603646 0.517187 0.140625
28 0.661328 0.597396 0.674219 0.158333
24 0.661328 0.597396 0.674219 0.158333
1 0.739844 0.603646 0.517187 0.140625
30 0.630859 0.511589 0.738281 0.347656
1 0.397656 0.588672 0.795312 0.38099
0 0.5375 0.55612 0.925 0.441927
15 0.756641 0.510417 0.486719 0.338542
33 0.5375 0.55612 0.925 0.441927
26 0.739844 0.603646 0.517187 0.140625
33 0.421875 0.650521 0.828125 0.263542
8 0.881641 0.446615 0.236719 0.199479
16 0.754688 0.508333 0.490625 0.339583
4 0.590625 0.464128 0.81875 0.46862
8 0.404687 0.651042 0.809375 0.279167
16 0.416406 0.524479 0.365625 0.14375
34 0.739844 0.603646 0.517187 0.140625
26 0.661328 0.597396 0.674219 0.158333
21 0.604297 0.552995 0.742969 0.241927
35 0.739844 0.603646 0.517187 0.140625
18 0.596875 0.367969 0.0890625 0.205729
10 0.404687 0.651042 0.809375 0.279167
28 0.754688 0.508333 0.490625 0.339583
16 0.873047 0.460677 0.253906 0.226562
28 0.258008 0.654167 0.516016 0.25625
7 0.410937 0.647917 0.815625 0.265625
15 0.28125 0.6125 0.5625 0.3375
4 0.397656 0.588672 0.795312 0.38099
32 0.766406 0.510286 0.467188 0.33776
3 0.753125 0.511589 0.49375 0.341406
7 0.284375 0.421875 0.021875 0.025
22 0.397656 0.588672 0.795312 0.38099
24 0.754688 0.508333 0.490625 0.339583
33 0.661328 0.597396 0.674219 0.158333
14 0.5375 0.55612 0.925 0.441927
15 0.5375 0.55612 0.925 0.441927
13 0.416504 0.519661 0.370117 0.135677
16 0.27832 0.421875 0.0164063 0.01875
23 0.397656 0.588672 0.795312 0.38099
19 0.477344 0.609505 0.939062 0.383073
33 0.739844 0.603646 0.517187 0.140625
11 0.126953 0.619792 0.253125 0.18125
19 0.421875 0.650521 0.828125 0.263542
22 0.494922 0.552604 0.967969 0.432292
31 0.404687 0.651042 0.809375 0.279167
14 0.477344 0.609505 0.939062 0.383073
32 0.421875 0.650521 0.828125 0.263542
12 0.263867 0.631771 0.527734 0.298958
0 0.122852 0.713542 0.245703 0.135417
23 0.771289 0.458333 0.457422 0.225
17 0.597266 0.366667 0.0874999 0.207292
17 0.516406 0.547396 0.534375 0.201042
25 0.404687 0.651042 0.809375 0.279167
23 0.289648 0.654167 0.431641 0.216667
15 0.397656 0.588672 0.795312 0.38099
16 0.116992 0.609896 0.233984 0.159375
4 0.661328 0.597396 0.674219 0.158333
19 0.739844 0.603646 0.517187 0.140625
11 0.501465 0.524479 0.511133 0.157292
21 0.875 0.454687 0.248438 0.213542
28 0.596484 0.368229 0.0898437 0.205208
13 0.683984 0.507292 0.632031 0.335417
35 0.599219 0.553646 0.723438 0.228125
23 0.753125 0.511589 0.49375 0.341406
31 0.397656 0.588672 0.795312 0.38099
33 0.416504 0.519661 0.370117 0.135677
33 0.597656 0.366927 0.0875 0.205729
18 0.397656 0.588672 0.795312 0.38099
8 0.762891 0.413802 0.474219 0.142187
14 0.604297 0.552995 0.742969 0.241927
2 0.404687 0.651042 0.809375 0.279167
0 0.416406 0.524479 0.365625 0.14375
0 0.739844 0.603646 0.517187 0.140625
33 0.284375 0.421875 0.021875 0.025
0 0.128906 0.618229 0.257812 0.173958
26 0.284375 0.421875 0.021875 0.025
5 0.126953 0.619792 0.253125 0.18125
4 0.604297 0.552995 0.742969 0.241927
33 0.604297 0.552995 0.742969 0.241927
7 0.599219 0.553646 0.723438 0.228125
0 0.597656 0.366927 0.0875 0.205729
10 0.590625 0.464128 0.81875 0.46862
8 0.449902 0.510417 0.420508 0.125
13 0.397656 0.588672 0.795312 0.38099
8 0.753125 0.511589 0.49375 0.341406
21 0.126953 0.619792 0.253125 0.18125
11 0.5375 0.55612 0.925 0.441927
25 0.661328 0.597396 0.674219 0.158333
3 0.604297 0.552995 0.742969 0.241927
15 0.604297 0.552995 0.742969 0.241927
1 0.604297 0.552995 0.742969 0.241927
27 0.599219 0.553646 0.723438 0.228125
33 0.128906 0.618229 0.257812 0.173958
32 0.599219 0.553646 0.723438 0.228125
4 0.5375 0.55612 0.925 0.441927
2 0.758594 0.616667 0.473437 0.133333
18 0.661328 0.597396 0.674219 0.158333
8 0.122852 0.713542 0.245703 0.135417
25 0.753125 0.511589 0.49375 0.341406
8 0.831836 0.458073 0.336328 0.224479
23 0.327539 0.665625 0.348047 0.154167
20 0.756641 0.510417 0.486719 0.338542
6 0.421875 0.650521 0.828125 0.263542
6 0.756641 0.510417 0.486719 0.338542
20 0.604297 0.552995 0.742969 0.241927
16 0.960938 0.591667 0.078125 0.116667
18 0.599219 0.553646 0.723438 0.228125
23 0.122852 0.713542 0.245703 0.135417
6 0.570703 0.588021 0.849219 0.492708
13 0.501465 0.524479 0.511133 0.157292
7 0.959375 0.591667 0.0796875 0.123958
19 0.5375 0.55612 0.925 0.441927
17 0.739844 0.603646 0.517187 0.140625
30 0.661328 0.597396 0.674219 0.158333
7 0.0654297 0.743229 0.128906 0.0895833
1 0.590625 0.464128 0.81875 0.46862
16 0.762891 0.413802 0.474219 0.142187
14 0.590625 0.464128 0.81875 0.46862
16 0.501465 0.524479 0.511133 0.157292
35 0.404687 0.651042 0.809375 0.279167
7 0.0700195 0.727604 0.139648 0.111458
17 0.570703 0.588021 0.849219 0.492708
0 0.599219 0.553646 0.723438 0.228125
0 0.563379 0.523958 0.573242 0.16875
17 0.130664 0.701042 0.261328 0.154167
19 0.599219 0.553646 0.723438 0.228125
21 0.546875 0.503646 0.90625 0.34375
10 0.252734 0.655208 0.502344 0.25625
18 0.549609 0.511328 0.900781 0.360677
16 0.546875 0.503646 0.90625 0.34375
7 0.549609 0.511328 0.900781 0.360677
15 0.546875 0.503646 0.90625 0.34375
33 0.255469 0.655208 0.509375 0.260417
32 0.255469 0.655208 0.509375 0.260417
33 0.594531 0.513672 0.810938 0.36224
32 0.549609 0.511328 0.900781 0.360677
7 0.255469 0.655208 0.509375 0.260417
9 0.255469 0.655208 0.509375 0.260417
16 0.255469 0.655208 0.509375 0.260417
3 0.609766 0.496875 0.780469 0.321875
10 0.630566 0.492188 0.738867 0.317708
27 0.549609 0.511328 0.900781 0.360677
19 0.549609 0.511328 0.900781 0.360677
0 0.255469 0.655208 0.509375 0.260417
0 0.549609 0.511328 0.900781 0.360677
35 0.612891 0.502213 0.774219 0.341406
1 0.255469 0.655208 0.509375 0.260417
9 0.594531 0.513672 0.810938 0.36224
28 0.528906 0.553125 0.942188 0.447917
33 0.528906 0.553125 0.942188 0.447917
23 0.534375 0.490625 0.93125 0.314583
3 0.258594 0.655208 0.517187 0.259375
20 0.546875 0.503646 0.90625 0.34375
5 0.252734 0.655208 0.502344 0.25625
23 0.252734 0.655208 0.502344 0.25625
15 0.252734 0.655208 0.502344 0.25625
26 0.546875 0.503646 0.90625 0.34375
17 0.549609 0.511328 0.900781 0.360677
10 0.700391 0.464062 0.599219 0.253125
32 0.391406 0.653125 0.779688 0.25625
2 0.599609 0.507161 0.800781 0.352344
14 0.549609 0.511328 0.900781 0.360677
21 0.255469 0.655208 0.509375 0.260417
13 0.252734 0.655208 0.502344 0.25625
1 0.391406 0.653125 0.779688 0.25625
28 0.391406 0.653125 0.779688 0.25625
6 0.549609 0.511328 0.900781 0.360677
2 0.252734 0.655208 0.502344 0.25625
18 0.255469 0.655208 0.509375 0.260417
22 0.546875 0.503646 0.90625 0.34375
0 0.391406 0.653125 0.779688 0.25625
34 0.391406 0.653125 0.779688 0.25625
13 0.599609 0.507161 0.800781 0.352344
34 0.549609 0.511328 0.900781 0.360677
5 0.700391 0.464062 0.599219 0.253125
17 0.258594 0.65625 0.511719 0.260417
4 0.549609 0.511328 0.900781 0.360677
28 0.594531 0.513672 0.810938 0.36224
34 0.273047 0.653646 0.539844 0.257292
33 0.760547 0.4875 0.478906 0.304167
22 0.252734 0.655208 0.502344 0.25625
28 0.273047 0.653646 0.539844 0.257292
7 0.683496 0.50612 0.633008 0.339844
1 0.611816 0.513411 0.774805 0.354427
4 0.252734 0.655208 0.502344 0.25625
32 0.683496 0.50612 0.633008 0.339844
19 0.255469 0.655208 0.509375 0.260417
30 0.255469 0.655208 0.509375 0.260417
4 0.700391 0.464062 0.599219 0.253125
32 0.851562 0.825 0.025 0.03125
29 0.594531 0.513672 0.810938 0.36224
16 0.683496 0.50612 0.633008 0.339844
15 0.700391 0.464062 0.599219 0.253125
16 0.851562 0.825 0.025 0.03125
20 0.252734 0.655208 0.502344 0.25625
27 0.255469 0.655208 0.509375 0.260417
35 0.560938 0.555729 0.878125 0.448958
26 0.258594 0.65625 0.511719 0.260417
33 0.763281 0.446354 0.470312 0.215625
33 0.700391 0.464062 0.599219 0.253125
33 0.391406 0.653125 0.779688 0.25625
15 0.391406 0.653125 0.779688 0.25625
9 0.700391 0.464062 0.599219 0.253125
12 0.609766 0.496875 0.780469 0.321875
8 0.594531 0.513672 0.810938 0.36224
21 0.700391 0.464062 0.599219 0.253125
5 0.534375 0.490625 0.93125 0.314583
35 0.255469 0.655208 0.509375 0.260417
24 0.577734 0.528646 0.844531 0.390625
18 0.700391 0.464062 0.599219 0.253125
17 0.683496 0.50612 0.633008 0.339844
35 0.391406 0.653125 0.779688 0.25625
30 0.546875 0.503646 0.90625 0.34375
2 0.700391 0.464062 0.599219 0.253125
24 0.273047 0.653646 0.539844 0.257292
0 0.683496 0.50612 0.633008 0.339844
2 0.378906 0.65625 0.757812 0.264583
31 0.630566 0.492188 0.738867 0.317708
1 0.528906 0.553125 0.942188 0.447917
10 0.763281 0.446354 0.470312 0.215625
2 0.763281 0.446354 0.470312 0.215625
1 0.700391 0.464062 0.599219 0.253125
14 0.273047 0.653646 0.539844 0.257292
18 0.725781 0.407292 0.104687 0.129167
7 0.409375 0.654167 0.815625 0.2625
25 0.252734 0.655208 0.502344 0.25625
34 0.683496 0.50612 0.633008 0.339844
17 0.378906 0.65625 0.757812 0.264583
17 0.763281 0.446354 0.470312 0.215625
17 0.760547 0.4875 0.478906 0.304167
4 0.763281 0.446354 0.470312 0.215625
24 0.391406 0.653125 0.779688 0.25625
1 0.763281 0.446354 0.470312 0.215625
1 0.760547 0.4875 0.478906 0.304167
22 0.700391 0.464062 0.599219 0.253125
13 0.655078 0.460938 0.689844 0.257292
16 0.391406 0.653125 0.779688 0.25625
30 0.391406 0.653125 0.779688 0.25625
14 0.851562 0.825 0.025 0.03125
9 0.528906 0.553125 0.942188 0.447917
19 0.700391 0.464062 0.599219 0.253125
18 0.614062 0.488542 0.771875 0.294792
14 0.409375 0.654167 0.815625 0.2625
3 0.655078 0.460938 0.689844 0.257292
6 0.261133 0.655729 0.522266 0.259375
23 0.655078 0.460938 0.689844 0.257292
31 0.700391 0.464062 0.599219 0.253125
19 0.391406 0.653125 0.779688 0.25625
35 0.700391 0.464062 0.599219 0.253125
34 0.760547 0.4875 0.478906 0.304167
26 0.725 0.404687 0.104688 0.129688
29 0.258594 0.65625 0.511719 0.260417
14 0.846875 0.825 0.01875 0.0302083
26 0.683496 0.50612 0.633008 0.339844
27 0.391406 0.653125 0.779688 0.25625
32 0.760547 0.4875 0.478906 0.304167
17 0.709375 0.405208 0.135938 0.130729
16 0.655078 0.460938 0.689844 0.257292
3 0.879492 0.455729 0.234766 0.216667
13 0.757031 0.440885 0.484375 0.201563
13 0.442187 0.653125 0.884375 0.264583
15 0.725781 0.407292 0.104687 0.129167
3 0.725 0.404687 0.10625 0.129167
5 0.763281 0.446354 0.470312 0.215625
7 0.760547 0.4875 0.478906 0.304167
18 0.763281 0.446354 0.470312 0.215625
34 0.763281 0.446354 0.470312 0.215625
4 0.614062 0.488542 0.771875 0.294792
27 0.683496 0.50612 0.633008 0.339844
32 0.725781 0.407292 0.104687 0.129167
24 0.683496 0.50612 0.633008 0.339844
9 0.763281 0.446354 0.470312 0.215625
21 0.763281 0.446354 0.470312 0.215625
22 0.391406 0.653125 0.779688 0.25625
6 0.614062 0.488542 0.771875 0.294792
9 0.760547 0.4875 0.478906 0.304167
24 0.760547 0.4875 0.478906 0.304167
31 0.252734 0.655208 0.502344 0.25625
16 0.725781 0.405729 0.104687 0.130208
18 0.88125 0.448437 0.234375 0.204167
4 0.378906 0.65625 0.757812 0.264583
18 0.391406 0.653125 0.779688 0.25625
12 0.258594 0.655208 0.517187 0.259375
25 0.546875 0.503646 0.90625 0.34375
28 0.760547 0.4875 0.478906 0.304167
19 0.614062 0.488542 0.771875 0.294792
14 0.703906 0.447396 0.592188 0.221875
11 0.546875 0.503646 0.90625 0.34375
8 0.700391 0.464062 0.599219 0.253125
16 0.846875 0.825 0.01875 0.0302083
32 0.846875 0.825 0.01875 0.0302083
22 0.763281 0.446354 0.470312 0.215625
7 0.763281 0.446354 0.470312 0.215625
33 0.725 0.404687 0.10625 0.129167
16 0.285156 0.423698 0.0359375 0.0244792
15 0.763281 0.446354 0.470312 0.215625
20 0.700391 0.464062 0.599219 0.253125
2 0.760547 0.4875 0.478906 0.304167
9 0.391406 0.653125 0.779688 0.25625
0 0.846875 0.825 0.01875 0.0302083
2 0.496875 0.638542 0.978125 0.301042
8 0.763281 0.446354 0.470312 0.215625
5 0.409375 0.654167 0.815625 0.2625
4 0.61875 0.53737 0.7625 0.152344
14 0.692188 0.510937 0.615625 0.348958
3 0.391406 0.653125 0.779688 0.25625
25 0.700391 0.464062 0.599219 0.253125
27 0.655078 0.460938 0.689844 0.257292
21 0.391406 0.653125 0.779688 0.25625
14 0.278516 0.423437 0.0148438 0.0239583
0 0.88125 0.448437 0.234375 0.204167
8 0.258594 0.65625 0.511719 0.260417
17 0.846875 0.825 0.01875 0.0302083
17 0.879687 0.458333 0.2375 0.221875
6 0.391406 0.653125 0.779688 0.25625
33 0.510156 0.571745 0.979687 0.660677
12 0.725781 0.407292 0.104687 0.129167
21 0.709375 0.405208 0.135938 0.130729
29 0.528906 0.553125 0.942188 0.447917
12 0.391406 0.653125 0.779688 0.25625
31 0.763281 0.446354 0.470312 0.215625
16 0.763281 0.446354 0.470312 0.215625
3 0.560938 0.555729 0.878125 0.448958
31 0.442187 0.653125 0.884375 0.264583
14 0.879687 0.458333 0.2375 0.221875
18 0.509766 0.551953 0.510156 0.20651
30 0.700391 0.464062 0.599219 0.253125
11 0.725781 0.40625 0.103125 0.128125
0 0.509766 0.551953 0.510156 0.20651
0 0.725 0.404687 0.104688 0.129688
8 0.378906 0.65625 0.757812 0.264583
0 0.760547 0.4875 0.478906 0.304167
24 0.725 0.404687 0.104688 0.129688
10 0.760547 0.4875 0.478906 0.304167
35 0.763281 0.446354 0.470312 0.215625
3 0.492871 0.535286 0.487695 0.171094
28 0.725781 0.405729 0.104687 0.130208
23 0.725781 0.40625 0.103125 0.128125
29 0.763281 0.446354 0.470312 0.215625
1 0.725781 0.407292 0.104687 0.129167
32 0.763281 0.446354 0.470312 0.215625
15 0.61875 0.53737 0.7625 0.152344
23 0.442187 0.653125 0.884375 0.264583
7 0.725 0.404687 0.104688 0.129688
3 0.61875 0.53737 0.7625 0.152344
27 0.760547 0.4875 0.478906 0.304167
20 0.851562 0.825 0.025 0.03125
26 0.409375 0.654167 0.815625 0.2625
