33 0.740717 0.49356 0.517722 0.987119
15 0.740717 0.49356 0.517722 0.987119
0 0.740717 0.49356 0.517722 0.987119
14 0.848316 0.402225 0.302524 0.782201
14 0.761769 0.504977 0.474059 0.990047
7 0.640915 0.543911 0.106039 0.0679157
19 0.774244 0.49151 0.449108 0.983021
19 0.49628 0.665544 0.895877 0.668911
15 0.49628 0.665544 0.895877 0.668911
1 0.774244 0.49151 0.449108 0.983021
14 0.450668 0.653688 0.673662 0.692623
24 0.766447 0.492681 0.463143 0.985363
2 0.826289 0.411592 0.34034 0.812646
3 0.697833 0.48185 0.603489 0.9637
26 0.450668 0.653688 0.673662 0.692623
4 0.736818 0.485363 0.525519 0.970726
21 0.786719 0.483606 0.425717 0.964871
1 0.643351 0.506148 0.710893 0.987705
15 0.645983 0.544789 0.100582 0.0562061
26 0.642084 0.544496 0.109158 0.0690867
8 0.826289 0.411592 0.34034 0.812646
15 0.848316 0.402225 0.302524 0.782201
16 0.442871 0.90281 0.134888 0.187354
16 0.688867 0.495316 0.619863 0.990632
27 0.73292 0.505562 0.531757 0.988876
33 0.499399 0.697892 0.905234 0.603044
0 0.618304 0.518443 0.762548 0.958431
1 0.458855 0.611095 0.825704 0.775468
18 0.688867 0.495316 0.619863 0.990632
26 0.774244 0.49151 0.449108 0.983021
22 0.736818 0.485363 0.525519 0.970726
16 0.645593 0.544789 0.0998019 0.0608899
11 0.848316 0.402225 0.302524 0.782201
7 0.73292 0.505562 0.531757 0.988876
33 0.845976 0.391979 0.307202 0.772248
0 0.450668 0.653688 0.673662 0.692623
7 0.640135 0.561475 0.110718 0.100703
4 0.845976 0.391979 0.307202 0.772248
20 0.736818 0.485363 0.525519 0.970726
31 0.848316 0.402225 0.302524 0.782201
18 0.642084 0.544496 0.109158 0.0690867
0 0.499399 0.697892 0.905234 0.603044
9 0.774244 0.49151 0.449108 0.983021
1 0.848316 0.402225 0.302524 0.782201
13 0.826289 0.411592 0.34034 0.812646
3 0.848316 0.402225 0.302524 0.782201
33 0.583818 0.507026 0.832364 0.985948
14 0.640915 0.543911 0.106039 0.0679157
21 0.848316 0.402225 0.302524 0.782201
16 0.646373 0.557084 0.109158 0.0374707
12 0.645983 0.544789 0.100582 0.0562061
33 0.450668 0.653688 0.673662 0.692623
16 0.458855 0.611095 0.825704 0.775468
34 0.761769 0.504977 0.474059 0.990047
34 0.487314 0.694379 0.73136 0.604215
7 0.450668 0.653688 0.673662 0.692623
21 0.450668 0.653688 0.673662 0.692623
7 0.44482 0.909836 0.135668 0.17096
27 0.499399 0.697892 0.905234 0.603044
34 0.643351 0.506148 0.710893 0.987705
15 0.446379 0.607143 0.70563 0.783372
2 0.766447 0.492681 0.463143 0.985363
11 0.640915 0.543911 0.106039 0.0679157
6 0.740717 0.49356 0.517722 0.987119
14 0.499399 0.697892 0.905234 0.603044
7 0.802313 0.46897 0.389851 0.935597
35 0.774244 0.49151 0.449108 0.983021
16 0.439752 0.728337 0.0171534 0.058548
21 0.499399 0.697892 0.905234 0.603044
17 0.642084 0.544496 0.109158 0.0690867
3 0.786719 0.483606 0.425717 0.964871
22 0.458855 0.611095 0.825704 0.775468
19 0.446379 0.607143 0.70563 0.783372
35 0.423378 0.695258 0.804652 0.609485
18 0.786719 0.483606 0.425717 0.964871
18 0.848316 0.402225 0.302524 0.782201
33 0.642084 0.544496 0.109158 0.0690867
25 0.774244 0.49151 0.449108 0.983021
25 0.423378 0.695258 0.804652 0.609485
27 0.802313 0.46897 0.389851 0.935597
18 0.434976 0.896955 0.151457 0.192037
24 0.499399 0.697892 0.905234 0.603044
7 0.896657 0.900468 0.0623761 0.107728
0 0.441994 0.90281 0.138982 0.185012
32 0.73292 0.505562 0.531757 0.988876
25 0.848316 0.402225 0.302524 0.782201
7 0.49745 0.698478 0.870147 0.594848
34 0.458855 0.611095 0.825704 0.775468
32 0.499399 0.697892 0.905234 0.603044
21 0.445989 0.586505 0.814009 0.766101
6 0.49628 0.665544 0.895877 0.668911
20 0.848316 0.402225 0.302524 0.782201
22 0.845976 0.391979 0.307202 0.772248
30 0.423378 0.695258 0.804652 0.609485
19 0.643351 0.506148 0.710893 0.987705
15 0.567054 0.498829 0.865891 0.992974
7 0.412462 0.594262 0.824925 0.770492
18 0.49628 0.665544 0.895877 0.668911
8 0.641305 0.543911 0.106819 0.0702576
15 0.333128 0.584748 0.542283 0.711066
13 0.766447 0.492681 0.463143 0.985363
16 0.895877 0.900468 0.0639355 0.105386
18 0.333128 0.584748 0.542283 0.711066
9 0.450668 0.653688 0.673662 0.692623
16 0.786719 0.483606 0.425717 0.964871
26 0.49745 0.698478 0.870147 0.594848
6 0.446379 0.607143 0.70563 0.783372
20 0.446379 0.607143 0.70563 0.783372
21 0.688867 0.495316 0.619863 0.990632
23 0.786719 0.483606 0.425717 0.964871
0 0.845976 0.391979 0.307202 0.772248
30 0.761769 0.504977 0.474059 0.990047
24 0.840519 0.430328 0.316559 0.837236
33 0.412462 0.594262 0.824925 0.770492
12 0.446379 0.607143 0.70563 0.783372
14 0.434976 0.896955 0.151457 0.192037
14 0.412462 0.594262 0.824925 0.770492
5 0.642084 0.544496 0.109158 0.0690867
21 0.640915 0.543911 0.106039 0.0679157
0 0.642084 0.544496 0.109158 0.0690867
23 0.640135 0.544496 0.109158 0.0690867
32 0.414022 0.607143 0.824925 0.778688
23 0.458855 0.611095 0.825704 0.775468
18 0.446379 0.607143 0.70563 0.783372
3 0.640135 0.544496 0.109158 0.0690867
14 0.333128 0.584748 0.542283 0.711066
17 0.441409 0.906323 0.140151 0.175644
26 0.412462 0.594262 0.824925 0.770492
15 0.644424 0.56411 0.1037 0.0766979
20 0.640135 0.544496 0.109158 0.0690867
31 0.802313 0.46897 0.389851 0.935597
31 0.640135 0.561475 0.110718 0.100703
8 0.774244 0.49151 0.449108 0.983021
0 0.425327 0.88466 0.169975 0.215457
24 0.642084 0.544496 0.109158 0.0690867
21 0.333128 0.584748 0.542283 0.711066
11 0.786719 0.483606 0.425717 0.964871
32 0.567054 0.498829 0.865891 0.992974
4 0.49628 0.665544 0.895877 0.668911
27 0.591014 0.477752 0.804652 0.955504
1 0.532147 0.689696 0.763328 0.620609
27 0.450668 0.653688 0.673662 0.692623
26 0.715198 0.638173 0.569605 0.714286
12 0.641695 0.557377 0.100581 0.0316159
26 0.848316 0.402225 0.302524 0.782201
24 0.406614 0.59719 0.774244 0.785714
24 0.472889 0.692623 0.598031 0.606557
8 0.495111 0.678718 0.689256 0.642564
14 0.643351 0.506148 0.710893 0.987705
35 0.643351 0.506148 0.710893 0.987705
9 0.643351 0.506148 0.710893 0.987705
26 0.434976 0.896955 0.151457 0.192037
19 0.845976 0.391979 0.307202 0.772248
15 0.567233 0.884075 0.387512 0.224824
7 0.567233 0.884075 0.387512 0.224824
24 0.715198 0.638173 0.569605 0.714286
16 0.640135 0.561475 0.110718 0.100703
27 0.412462 0.594262 0.824925 0.770492
16 0.403886 0.627635 0.0358663 0.0444965
23 0.362756 0.478923 0.614015 0.831382
3 0.414022 0.607143 0.824925 0.778688
30 0.643351 0.506148 0.710893 0.987705
5 0.434976 0.896955 0.151457 0.192037
3 0.499399 0.697892 0.905234 0.603044
20 0.333128 0.584748 0.542283 0.711066
7 0.438192 0.530738 0.269777 0.234778
9 0.848316 0.402225 0.302524 0.782201
22 0.567054 0.498829 0.865891 0.992974
32 0.715198 0.638173 0.569605 0.714286
6 0.640915 0.543911 0.106039 0.0679157
28 0.640915 0.543911 0.106039 0.0679157
16 0.333128 0.584748 0.542283 0.711066
7 0.715198 0.638173 0.569605 0.714286
1 0.321432 0.596019 0.62805 0.728337
33 0.441994 0.90281 0.138982 0.185012
16 0.449108 0.729508 0.0319678 0.0608899
16 0.337221 0.853044 0.0120854 0.0269321
27 0.845976 0.391979 0.307202 0.772248
16 0.435951 0.530152 0.269582 0.239461
26 0.895877 0.901639 0.065495 0.11007
35 0.848316 0.402225 0.302524 0.782201
4 0.412462 0.594262 0.824925 0.770492
12 0.640135 0.561475 0.110718 0.100703
35 0.333128 0.584748 0.542283 0.711066
12 0.697833 0.48185 0.603489 0.9637
28 0.487314 0.694379 0.73136 0.604215
23 0.848316 0.402225 0.302524 0.782201
11 0.423378 0.695258 0.804652 0.609485
31 0.642084 0.544496 0.109158 0.0690867
28 0.753582 0.516393 0.490432 0.960187
16 0.440532 0.730679 0.0249504 0.0608899
17 0.337221 0.853044 0.0120854 0.0269321
23 0.441994 0.90281 0.138982 0.185012
1 0.715198 0.638173 0.569605 0.714286
33 0.640135 0.561475 0.110718 0.100703
31 0.406615 0.580357 0.735259 0.729215
18 0.567233 0.884075 0.387512 0.224824
0 0.316949 0.59192 0.622202 0.74356
30 0.446379 0.607143 0.70563 0.783372
35 0.445989 0.586505 0.814009 0.766101
23 0.43829 0.522834 0.263344 0.242389
14 0.751243 0.65281 0.49667 0.68267
17 0.421429 0.523419 0.300185 0.252927
0 0.715198 0.638173 0.569605 0.714286
16 0.339755 0.938525 0.0187129 0.0257611
19 0.715198 0.638173 0.569605 0.714286
4 0.645593 0.544789 0.0998019 0.0608899
11 0.441994 0.90281 0.138982 0.185012
17 0.641695 0.559133 0.102921 0.0339579
28 0.641695 0.559133 0.102921 0.0339579
33 0.438972 0.728337 0.021052 0.0667447
22 0.333128 0.584748 0.542283 0.711066
12 0.49628 0.665544 0.895877 0.668911
19 0.472889 0.692623 0.598031 0.606557
34 0.840519 0.430328 0.316559 0.837236
11 0.333128 0.584748 0.542283 0.711066
16 0.456126 0.728337 0.0187128 0.058548
31 0.441994 0.90281 0.135863 0.185012
17 0.640135 0.561475 0.110718 0.100703
16 0.484195 0.888759 0.218317 0.209602
15 0.439752 0.728337 0.0187129 0.0608899
27 0.715198 0.638173 0.569605 0.714286
9 0.499399 0.697892 0.905234 0.603044
16 0.380105 0.51815 0.0943439 0.215457
23 0.697833 0.48185 0.603489 0.9637
18 0.431565 0.525468 0.281472 0.244145
4 0.591014 0.477752 0.804652 0.955504
35 0.567233 0.884075 0.387512 0.224824
21 0.640135 0.561475 0.110718 0.100703
8 0.488093 0.899297 0.222995 0.199063
11 0.697833 0.48185 0.603489 0.9637
25 0.446379 0.607143 0.70563 0.783372
21 0.337221 0.853044 0.0120854 0.0269321
14 0.362756 0.478923 0.614015 0.831382
16 0.415581 0.699063 0.781261 0.590164
27 0.559144 0.876464 0.408369 0.242389
10 0.481076 0.479801 0.865469 0.953747
19 0.566064 0.886417 0.389851 0.221311
10 0.845976 0.391979 0.307202 0.772248
33 0.337221 0.853044 0.0120854 0.0269321
16 0.502128 0.605386 0.0296287 0.0562061
23 0.586336 0.882904 0.350086 0.234192
9 0.412462 0.594262 0.824925 0.770492
16 0.34073 0.946136 0.018323 0.0374707
20 0.637016 0.564988 0.118515 0.107728
33 0.449985 0.525761 0.27582 0.235363
0 0.583428 0.638173 0.833144 0.723653
18 0.310321 0.851288 0.0206621 0.0351288
8 0.44482 0.909836 0.135668 0.17096
32 0.567233 0.884075 0.387512 0.224824
15 0.646373 0.557084 0.109158 0.0374707
12 0.481076 0.479801 0.865469 0.953747
2 0.495111 0.678718 0.689256 0.642564
3 0.583818 0.507026 0.832364 0.985948
14 0.498229 0.479215 0.974627 0.958431
19 0.547351 0.866511 0.47094 0.262295
33 0.715198 0.638173 0.569605 0.714286
9 0.44482 0.909836 0.135668 0.17096
34 0.751243 0.65281 0.49667 0.68267
5 0.439752 0.728337 0.0171534 0.058548
4 0.333128 0.584748 0.542283 0.711066
15 0.895877 0.900468 0.0639355 0.105386
8 0.460804 0.545082 0.787499 0.834895
20 0.423378 0.695258 0.804652 0.609485
19 0.640915 0.543911 0.106039 0.0679157
24 0.618304 0.518443 0.762548 0.958431
28 0.715198 0.638173 0.569605 0.714286
16 0.293168 0.479215 0.566064 0.829625
14 0.563042 0.882318 0.397453 0.228337
33 0.566843 0.882904 0.39297 0.229508
19 0.512946 0.514637 0.792372 0.964871
8 0.896657 0.900468 0.0623761 0.107728
26 0.566064 0.886417 0.389851 0.221311
26 0.576801 0.508197 0.846399 0.983607
11 0.446379 0.607143 0.70563 0.783372
3 0.559144 0.876464 0.408369 0.242389
6 0.826289 0.411592 0.34034 0.812646
16 0.500569 0.597775 0.0311881 0.0421545
11 0.431565 0.525468 0.281472 0.244145
14 0.337221 0.853044 0.0120854 0.0269321
34 0.502128 0.474239 0.944999 0.948478
19 0.665475 0.870023 0.624541 0.252927
17 0.586336 0.882904 0.350086 0.234192
35 0.573471 0.694379 0.711868 0.603044
20 0.646373 0.557084 0.109158 0.0374707
34 0.577857 0.885831 0.411488 0.221311
16 0.356324 0.555621 0.0421039 0.14637
33 0.310321 0.851288 0.0206621 0.0351288
11 0.895877 0.901639 0.065495 0.11007
19 0.337221 0.853044 0.0120854 0.0269321
4 0.434976 0.896955 0.151457 0.192037
25 0.643351 0.506148 0.710893 0.987705
15 0.472889 0.692623 0.598031 0.606557
1 0.362756 0.478923 0.614015 0.831382
25 0.321432 0.596019 0.62805 0.728337
10 0.45213 0.629977 0.680095 0.730679
10 0.640915 0.543911 0.106039 0.0679157
24 0.318898 0.673888 0.539554 0.628806
1 0.379715 0.693794 0.686138 0.596019
34 0.614714 0.669789 0.770573 0.653396
16 0.643644 0.547424 0.101361 0.0632319
16 0.642474 0.562646 0.0998019 0.0316159
3 0.638576 0.548888 0.112277 0.0638173
14 0.639356 0.548009 0.111497 0.0608899
4 0.859231 0.503513 0.277574 0.992974
16 0.650271 0.556792 0.0904454 0.0444965
0 0.642474 0.562646 0.0998019 0.0316159
17 0.642474 0.562646 0.0998019 0.0316159
17 0.638576 0.548888 0.112277 0.0638173
15 0.643644 0.547424 0.101361 0.0632319
18 0.638576 0.548888 0.112277 0.0638173
26 0.638576 0.548888 0.112277 0.0638173
16 0.503298 0.702576 0.908353 0.584309
28 0.638576 0.548888 0.112277 0.0638173
33 0.638576 0.548888 0.112277 0.0638173
33 0.855154 0.497658 0.289692 0.974239
24 0.638576 0.548888 0.112277 0.0638173
35 0.855154 0.497658 0.289692 0.974239
0 0.638576 0.548888 0.112277 0.0638173
14 0.644424 0.560012 0.0998018 0.0368852
15 0.475618 0.701259 0.851434 0.585773
10 0.859231 0.503513 0.277574 0.992974
32 0.643644 0.547424 0.101361 0.0632319
21 0.475618 0.701259 0.851434 0.585773
15 0.855154 0.497658 0.289692 0.974239
6 0.855154 0.497658 0.289692 0.974239
11 0.638576 0.548888 0.112277 0.0638173
23 0.481466 0.698478 0.883402 0.586651
5 0.638576 0.548888 0.112277 0.0638173
23 0.638576 0.548888 0.112277 0.0638173
15 0.644424 0.560012 0.0998018 0.0368852
18 0.857867 0.49356 0.283422 0.9637
21 0.638576 0.548888 0.112277 0.0638173
27 0.857867 0.49356 0.283422 0.9637
12 0.387512 0.701259 0.667425 0.585773
33 0.626783 0.491803 0.74403 0.960187
14 0.857867 0.49356 0.283422 0.9637
20 0.475618 0.701259 0.851434 0.585773
21 0.857867 0.49356 0.283422 0.9637
35 0.272116 0.701991 0.435853 0.588993
22 0.855154 0.497658 0.289692 0.974239
9 0.857867 0.49356 0.283422 0.9637
16 0.632728 0.559133 0.0920048 0.0339579
7 0.638576 0.548888 0.112277 0.0638173
4 0.272116 0.701991 0.435853 0.588993
6 0.638576 0.548888 0.112277 0.0638173
28 0.505637 0.704332 0.928625 0.590164
17 0.632728 0.559133 0.0920048 0.0339579
18 0.387512 0.701259 0.667425 0.585773
3 0.503298 0.702576 0.908353 0.584309
13 0.481466 0.698478 0.883402 0.586651
0 0.632728 0.559133 0.0920048 0.0339579
20 0.638576 0.548888 0.112277 0.0638173
6 0.626783 0.491803 0.74403 0.960187
27 0.474838 0.703601 0.845197 0.588115
3 0.859231 0.503513 0.277574 0.992974
16 0.857867 0.49356 0.283422 0.9637
1 0.857867 0.49356 0.283422 0.9637
28 0.856113 0.480094 0.283812 0.923888
1 0.638576 0.548888 0.112277 0.0638173
18 0.272116 0.701991 0.435853 0.588993
12 0.28849 0.699649 0.463143 0.588993
20 0.858663 0.502049 0.282674 0.995902
32 0.855154 0.497658 0.289692 0.974239
31 0.858663 0.502049 0.282674 0.995902
27 0.312855 0.702576 0.518892 0.587822
0 0.626783 0.491803 0.74403 0.960187
35 0.626783 0.491803 0.74403 0.960187
34 0.859037 0.504098 0.281083 0.991803
6 0.505637 0.704332 0.928625 0.590164
33 0.505637 0.704332 0.928625 0.590164
8 0.638576 0.548888 0.112277 0.0638173
14 0.458075 0.698478 0.827264 0.588993
35 0.474838 0.703601 0.845197 0.588115
15 0.626783 0.491803 0.74403 0.960187
19 0.855154 0.497658 0.289692 0.974239
23 0.28849 0.699649 0.463143 0.588993
16 0.903674 0.898126 0.0467821 0.107728
16 0.626783 0.491803 0.74403 0.960187
8 0.859231 0.503513 0.277574 0.992974
19 0.626783 0.491803 0.74403 0.960187
32 0.626783 0.491803 0.74403 0.960187
32 0.644424 0.560012 0.0998018 0.0368852
34 0.505637 0.704332 0.928625 0.590164
12 0.859231 0.503513 0.277574 0.992974
0 0.650271 0.556792 0.0904454 0.0444965
19 0.638576 0.548888 0.112277 0.0638173
30 0.503298 0.702576 0.908353 0.584309
15 0.312855 0.702576 0.518892 0.587822
19 0.503298 0.702576 0.908353 0.584309
28 0.644424 0.560012 0.0998018 0.0368852
16 0.644424 0.569087 0.100582 0.0433255
0 0.855154 0.497658 0.289692 0.974239
7 0.856113 0.480094 0.283812 0.923888
34 0.272116 0.701991 0.435853 0.588993
12 0.638576 0.548888 0.112277 0.0638173
17 0.474838 0.703601 0.845197 0.588115
14 0.635847 0.557377 0.116955 0.0913349
17 0.650271 0.556792 0.0904454 0.0444965
13 0.859231 0.503806 0.277574 0.992389
20 0.642474 0.562646 0.0998019 0.0316159
2 0.481466 0.698478 0.883402 0.586651
4 0.387512 0.701259 0.667425 0.585773
4 0.549901 0.502635 0.900198 0.994731
7 0.505637 0.704332 0.928625 0.590164
8 0.549901 0.502635 0.900198 0.994731
0 0.505637 0.704332 0.928625 0.590164
10 0.481466 0.698478 0.883402 0.586651
25 0.859037 0.504098 0.281083 0.991803
10 0.642474 0.562646 0.0998019 0.0316159
9 0.626783 0.491803 0.74403 0.960187
30 0.855154 0.497658 0.289692 0.974239
21 0.312855 0.702576 0.518892 0.587822
11 0.387512 0.701259 0.667425 0.585773
26 0.856113 0.480094 0.283812 0.923888
32 0.505637 0.704332 0.928625 0.590164
3 0.554579 0.490925 0.890842 0.971312
22 0.503298 0.702576 0.908353 0.584309
16 0.912251 0.893443 0.0280692 0.0983606
3 0.296482 0.701991 0.484585 0.58548
11 0.859037 0.504098 0.281083 0.991803
17 0.635847 0.557377 0.116955 0.0913349
17 0.860011 0.50322 0.276014 0.99356
1 0.505637 0.704332 0.928625 0.590164
10 0.638576 0.548888 0.112277 0.0638173
20 0.28849 0.699649 0.463143 0.588993
13 0.639356 0.548009 0.111497 0.0608899
2 0.859231 0.503806 0.277574 0.992389
1 0.554579 0.490925 0.890842 0.971312
21 0.626783 0.491803 0.74403 0.960187
32 0.65339 0.553279 0.0849875 0.0515223
26 0.515204 0.703162 0.969592 0.579625
20 0.650271 0.556792 0.0904454 0.0444965
28 0.312855 0.702576 0.518892 0.587822
18 0.626783 0.491803 0.74403 0.960187
8 0.481466 0.698478 0.883402 0.586651
9 0.638576 0.548888 0.112277 0.0638173
16 0.637796 0.557377 0.115396 0.0913349
22 0.626783 0.491803 0.74403 0.960187
30 0.626783 0.491803 0.74403 0.960187
3 0.635847 0.557377 0.116955 0.0913349
18 0.642474 0.562646 0.0998019 0.0316159
27 0.549901 0.502635 0.900198 0.994731
14 0.65339 0.553279 0.0849875 0.0515223
4 0.639356 0.548009 0.111497 0.0608899
15 0.635847 0.557377 0.116955 0.0913349
14 0.312855 0.702576 0.518892 0.587822
9 0.503298 0.702576 0.908353 0.584309
14 0.62727 0.559133 0.0865469 0.0351288
17 0.312855 0.702576 0.518892 0.587822
16 0.916929 0.88993 0.0187129 0.0936768
21 0.635847 0.557377 0.116955 0.0913349
12 0.515204 0.703162 0.969592 0.579625
27 0.221435 0.701405 0.329034 0.587822
5 0.644424 0.560012 0.0998018 0.0368852
33 0.635847 0.557377 0.116955 0.0913349
29 0.638576 0.548888 0.112277 0.0638173
24 0.505637 0.704332 0.928625 0.590164
25 0.458075 0.698478 0.827264 0.588993
29 0.512085 0.704479 0.975829 0.591042
7 0.642474 0.562646 0.0998019 0.0316159
32 0.918489 0.88993 0.0187129 0.0913349
33 0.3918 0.594262 0.481856 0.741218
25 0.554579 0.490925 0.890842 0.971312
25 0.28849 0.699649 0.463143 0.588993
23 0.859037 0.504098 0.281083 0.991803
24 0.856113 0.480094 0.283812 0.923888
18 0.515204 0.703162 0.969592 0.579625
32 0.62727 0.559133 0.0865469 0.0351288
31 0.481466 0.698478 0.883402 0.586651
16 0.896657 0.901639 0.0686137 0.11007
13 0.28849 0.699649 0.463143 0.588993
19 0.312855 0.702576 0.518892 0.587822
31 0.272116 0.701991 0.435853 0.588993
5 0.856113 0.441745 0.274455 0.863583
30 0.296482 0.701991 0.484585 0.58548
29 0.859231 0.492974 0.274455 0.971897
28 0.626783 0.491803 0.74403 0.960187
24 0.635847 0.557377 0.116955 0.0913349
6 0.312855 0.702576 0.518892 0.587822
10 0.632728 0.559133 0.0920048 0.0339579
17 0.644424 0.569087 0.100582 0.0433255
18 0.635847 0.557377 0.116955 0.0913349
7 0.626783 0.491803 0.74403 0.960187
33 0.896657 0.900468 0.0623761 0.105386
16 0.921608 0.891101 0.0218317 0.0796253
10 0.637796 0.557377 0.115396 0.0913349
6 0.635847 0.557377 0.116955 0.0913349
15 0.62844 0.56089 0.0951236 0.0351288
16 0.28849 0.699649 0.463143 0.588993
8 0.704672 0.503513 0.590657 0.992974
5 0.481466 0.698478 0.883402 0.586651
12 0.262321 0.560304 0.390728 0.860656
4 0.204867 0.703162 0.284201 0.583138
19 0.635847 0.557377 0.116955 0.0913349
35 0.211494 0.7137 0.304474 0.562061
4 0.642474 0.562646 0.0998019 0.0316159
4 0.262321 0.560304 0.390728 0.860656
11 0.272116 0.701991 0.435853 0.588993
12 0.211494 0.7137 0.304474 0.562061
14 0.903674 0.898126 0.0467821 0.107728
4 0.704672 0.503513 0.590657 0.992974
20 0.626783 0.491803 0.74403 0.960187
3 0.221435 0.701405 0.329034 0.587822
1 0.312855 0.702576 0.518892 0.587822
18 0.896657 0.898712 0.0623761 0.100703
0 0.644424 0.569087 0.100582 0.0433255
0 0.635847 0.557377 0.116955 0.0913349
14 0.880283 0.899297 0.101361 0.104215
35 0.262321 0.560304 0.390728 0.860656
34 0.626783 0.491803 0.74403 0.960187
10 0.28849 0.699649 0.463143 0.588993
5 0.28849 0.699649 0.463143 0.588993
10 0.650271 0.556792 0.0904454 0.0444965
17 0.903674 0.898126 0.0467821 0.107728
15 0.896657 0.900468 0.0623761 0.105386
16 0.521621 0.605972 0.0756311 0.0550351
14 0.912251 0.893443 0.0280692 0.0983606
22 0.639356 0.548009 0.111497 0.0608899
16 0.65456 0.572892 0.0818687 0.0333724
22 0.28849 0.699649 0.463143 0.588993
8 0.644424 0.560012 0.0998018 0.0368852
33 0.390728 0.574063 0.731165 0.779274
16 0.659628 0.545667 0.067834 0.0608899
12 0.626783 0.491803 0.74403 0.960187
8 0.28849 0.699649 0.463143 0.588993
10 0.549901 0.502635 0.900198 0.994731
14 0.549901 0.502635 0.900198 0.994731
31 0.549901 0.502635 0.900198 0.994731
11 0.515204 0.703162 0.969592 0.579625
10 0.345018 0.585334 0.659628 0.754391
4 0.515204 0.703162 0.969592 0.579625
20 0.896657 0.898712 0.0623761 0.100703
27 0.3918 0.594262 0.481856 0.741218
27 0.262321 0.560304 0.390728 0.860656
21 0.221435 0.701405 0.329034 0.587822
33 0.880283 0.899297 0.101361 0.104215
13 0.35379 0.496194 0.415191 0.516979
0 0.903674 0.898126 0.0467821 0.107728
32 0.659628 0.545667 0.067834 0.0608899
26 0.896657 0.900468 0.0623761 0.105386
16 0.502908 0.604215 0.0405445 0.0538642
7 0.635847 0.557377 0.116955 0.0913349
35 0.3918 0.594262 0.481856 0.741218
34 0.262321 0.560304 0.390728 0.860656
1 0.704672 0.503513 0.590657 0.992974
15 0.618304 0.523419 0.151262 0.114754
24 0.660797 0.502927 0.677561 0.97541
18 0.3918 0.594262 0.481856 0.741218
15 0.65339 0.553279 0.0849875 0.0515223
3 0.896657 0.900468 0.0623761 0.105386
34 0.393749 0.568501 0.746175 0.799766
14 0.916929 0.88993 0.0187129 0.0936768
14 0.262321 0.560304 0.390728 0.860656
32 0.312855 0.702576 0.518892 0.587822
7 0.312855 0.702576 0.518892 0.587822
16 0.67912 0.555328 0.0343069 0.0380562
31 0.635847 0.557377 0.116955 0.0913349
5 0.896657 0.900468 0.0623761 0.105386
4 0.351256 0.542155 0.396089 0.624122
4 0.3918 0.594262 0.481856 0.741218
3 0.351256 0.542155 0.396089 0.624122
32 0.345018 0.585334 0.659628 0.754391
28 0.231182 0.703893 0.359443 0.580504
0 0.312855 0.702576 0.518892 0.587822
16 0.502128 0.595872 0.0233911 0.0401054
1 0.345018 0.585334 0.659628 0.754391
4 0.393749 0.568501 0.746175 0.799766
14 0.660797 0.502927 0.677561 0.97541
4 0.650271 0.556792 0.0904454 0.0444965
14 0.238248 0.693208 0.361684 0.59719
27 0.660797 0.502927 0.677561 0.97541
14 0.659628 0.545667 0.067834 0.0608899
10 0.704672 0.503513 0.590657 0.992974
25 0.638576 0.548888 0.112277 0.0638173
11 0.635847 0.557377 0.116955 0.0913349
26 0.635847 0.557377 0.116955 0.0913349
11 0.549901 0.502635 0.900198 0.994731
33 0.312855 0.702576 0.518892 0.587822
29 0.635847 0.557377 0.116955 0.0913349
14 0.35379 0.496194 0.415191 0.516979
16 0.926286 0.912178 0.132549 0.131148
31 0.35379 0.496194 0.415191 0.516979
15 0.351256 0.542155 0.396089 0.624122
12 0.635847 0.557377 0.116955 0.0913349
21 0.880283 0.899297 0.101361 0.104215
20 0.65456 0.572892 0.0818687 0.0333724
28 0.896657 0.898712 0.0623761 0.100703
18 0.644424 0.569087 0.100582 0.0433255
18 0.351256 0.542155 0.396089 0.624122
23 0.35379 0.496194 0.415191 0.516979
17 0.429226 0.58548 0.583997 0.710773
10 0.351256 0.542155 0.396089 0.624122
9 0.3918 0.594262 0.481856 0.741218
15 0.221435 0.701405 0.329034 0.587822
31 0.638576 0.548888 0.112277 0.0638173
31 0.704672 0.503513 0.590657 0.992974
20 0.632728 0.559133 0.0920048 0.0339579
15 0.644424 0.569087 0.100582 0.0433255
3 0.880283 0.899297 0.101361 0.104215
16 0.644813 0.550937 0.108379 0.0485948
16 0.895877 0.900468 0.0623762 0.104215
0 0.644813 0.550937 0.108379 0.0485948
16 0.636237 0.556206 0.102921 0.0374707
17 0.644813 0.550937 0.108379 0.0485948
0 0.636237 0.556206 0.102921 0.0374707
8 0.856308 0.484192 0.277184 0.968384
11 0.856308 0.484192 0.277184 0.968384
4 0.856308 0.484192 0.277184 0.968384
18 0.644813 0.550937 0.108379 0.0485948
26 0.895877 0.900468 0.0623762 0.104215
3 0.856308 0.484192 0.277184 0.968384
16 0.906013 0.895784 0.0436632 0.0983606
16 0.644813 0.54274 0.102921 0.0690866
18 0.856308 0.484192 0.277184 0.968384
17 0.636237 0.556206 0.102921 0.0374707
14 0.895877 0.900468 0.0623762 0.104215
15 0.895877 0.900468 0.0623762 0.104215
20 0.856308 0.484192 0.277184 0.968384
20 0.644813 0.550937 0.108379 0.0485948
14 0.856308 0.484192 0.277184 0.968384
33 0.853774 0.425644 0.280693 0.851288
13 0.856308 0.484192 0.277184 0.968384
21 0.854553 0.425059 0.279133 0.840749
9 0.854553 0.425059 0.279133 0.840749
28 0.853774 0.425644 0.280693 0.851288
14 0.644813 0.550937 0.108379 0.0485948
13 0.442871 0.67784 0.742276 0.639637
18 0.644813 0.54274 0.102921 0.0690866
2 0.855918 0.487119 0.277964 0.974239
15 0.642084 0.546838 0.108379 0.0655737
20 0.895877 0.900468 0.0623762 0.104215
5 0.644813 0.550937 0.108379 0.0485948
35 0.856308 0.484192 0.277184 0.968384
18 0.895877 0.900468 0.0623762 0.104215
15 0.854553 0.425059 0.279133 0.840749
15 0.404665 0.693208 0.704071 0.613583
0 0.644813 0.54274 0.102921 0.0690866
0 0.853774 0.425644 0.280693 0.851288
12 0.856308 0.484192 0.277184 0.968384
3 0.644813 0.550937 0.108379 0.0485948
26 0.431175 0.700234 0.717326 0.599532
31 0.856308 0.484192 0.277184 0.968384
5 0.895877 0.900468 0.0623762 0.104215
21 0.483025 0.701405 0.746175 0.59719
7 0.644813 0.550937 0.108379 0.0485948
25 0.854553 0.425059 0.279133 0.840749
16 0.431175 0.700234 0.717326 0.599532
26 0.642084 0.546838 0.108379 0.0655737
14 0.431175 0.700234 0.717326 0.599532
6 0.854553 0.425059 0.279133 0.840749
23 0.431175 0.700234 0.717326 0.599532
19 0.642084 0.546838 0.108379 0.0655737
27 0.854553 0.425059 0.279133 0.840749
33 0.895877 0.900468 0.0623762 0.104215
1 0.854553 0.425059 0.279133 0.840749
0 0.895098 0.897541 0.0654949 0.104215
11 0.895877 0.900468 0.0623762 0.104215
6 0.426107 0.700234 0.721224 0.599532
18 0.636237 0.556206 0.102921 0.0374707
20 0.636237 0.556206 0.102921 0.0374707
28 0.453007 0.701991 0.693935 0.596019
5 0.636237 0.556206 0.102921 0.0374707
34 0.855918 0.487119 0.277964 0.974239
33 0.640915 0.54918 0.112277 0.058548
1 0.426107 0.700234 0.721224 0.599532
14 0.486924 0.367096 0.898996 0.734192
14 0.636237 0.556206 0.102921 0.0374707
10 0.854553 0.425059 0.279133 0.840749
29 0.854358 0.474532 0.281083 0.933841
17 0.644813 0.54274 0.102921 0.0690866
14 0.644813 0.54274 0.102921 0.0690866
7 0.853774 0.425644 0.280693 0.851288
33 0.426107 0.700234 0.721224 0.599532
19 0.854553 0.425059 0.279133 0.840749
3 0.483025 0.701405 0.746175 0.59719
27 0.426107 0.700234 0.721224 0.599532
20 0.644813 0.54274 0.102921 0.0690866
13 0.512654 0.412763 0.903674 0.825527
19 0.431175 0.700234 0.717326 0.599532
32 0.853774 0.425644 0.280693 0.851288
2 0.483025 0.701405 0.746175 0.59719
7 0.636237 0.556206 0.102921 0.0374707
11 0.483025 0.701405 0.746175 0.59719
23 0.429616 0.575088 0.748514 0.849824
13 0.895877 0.901639 0.0623762 0.104215
11 0.642084 0.546838 0.108379 0.0655737
24 0.453007 0.701991 0.693935 0.596019
16 0.19551 0.328162 0.0736818 0.108314
19 0.896657 0.898712 0.0623761 0.101874
8 0.536435 0.701551 0.879504 0.594555
15 0.429616 0.575088 0.748514 0.849824
22 0.854553 0.425059 0.279133 0.840749
17 0.895877 0.900468 0.0623762 0.104215
15 0.442773 0.366803 0.613041 0.733607
17 0.854358 0.474532 0.281083 0.933841
24 0.853189 0.446136 0.283422 0.880562
21 0.642084 0.546838 0.108379 0.0655737
32 0.426107 0.700234 0.721224 0.599532
18 0.483025 0.701405 0.746175 0.59719
16 0.91537 0.891686 0.0343068 0.0925058
15 0.509925 0.466335 0.842078 0.93267
14 0.429616 0.575088 0.748514 0.849824
21 0.5224 0.480094 0.885741 0.960187
28 0.509925 0.466335 0.842078 0.93267
20 0.483025 0.701405 0.746175 0.59719
16 0.05877 0.406323 0.0539944 0.113583
18 0.643644 0.564988 0.106039 0.0690867
3 0.636237 0.556206 0.102921 0.0374707
16 0.5224 0.480094 0.885741 0.960187
16 0.429616 0.575088 0.748514 0.849824
2 0.429616 0.575088 0.748514 0.849824
3 0.644813 0.54274 0.102921 0.0690866
13 0.906013 0.895784 0.0436632 0.0983606
23 0.486924 0.367096 0.898996 0.734192
33 0.563335 0.483021 0.850655 0.966042
4 0.895877 0.900468 0.0623762 0.104215
26 0.509925 0.466335 0.842078 0.93267
7 0.644813 0.54274 0.102921 0.0690866
3 0.563335 0.483021 0.850655 0.966042
16 0.853774 0.425644 0.280693 0.851288
9 0.426107 0.700234 0.721224 0.599532
10 0.503785 0.689842 0.788863 0.601581
17 0.453007 0.701991 0.693935 0.596019
7 0.400767 0.699063 0.692375 0.601874
4 0.644813 0.543911 0.101361 0.0644028
26 0.429616 0.575088 0.748514 0.849824
21 0.442773 0.366803 0.613041 0.733607
13 0.402229 0.35363 0.739352 0.70726
26 0.853774 0.425644 0.280693 0.851288
14 0.906013 0.895784 0.0436632 0.0983606
18 0.563335 0.483021 0.850655 0.966042
12 0.536435 0.701551 0.879504 0.594555
21 0.895098 0.899883 0.0623761 0.105386
15 0.536435 0.701551 0.879504 0.594555
0 0.906013 0.895784 0.0436632 0.0983606
33 0.439849 0.587822 0.64072 0.762295
30 0.854553 0.425059 0.279133 0.840749
18 0.442773 0.366803 0.613041 0.733607
10 0.642084 0.546838 0.108379 0.0655737
9 0.895877 0.900468 0.0623762 0.104215
6 0.563335 0.483021 0.850655 0.966042
3 0.895098 0.901639 0.0639356 0.105386
16 0.342094 0.940281 0.0136448 0.0327868
16 0.0622299 0.392857 0.0564309 0.101874
7 0.895098 0.897541 0.0654949 0.104215
20 0.429616 0.575088 0.748514 0.849824
5 0.906013 0.895784 0.0436632 0.0983606
23 0.856308 0.484192 0.277184 0.968384
18 0.906013 0.895784 0.0436632 0.0983606
2 0.512654 0.412763 0.903674 0.825527
28 0.442773 0.366803 0.613041 0.733607
35 0.483025 0.701405 0.746175 0.59719
0 0.453007 0.701991 0.693935 0.596019
28 0.895877 0.900468 0.0623762 0.104215
3 0.75943 0.485948 0.47094 0.971897
3 0.643644 0.564988 0.106039 0.0690867
24 0.439849 0.587822 0.64072 0.762295
18 0.19551 0.328162 0.0736818 0.108314
13 0.367045 0.364169 0.44482 0.70726
15 0.367045 0.364169 0.44482 0.70726
22 0.483025 0.701405 0.746175 0.59719
12 0.642084 0.546838 0.108379 0.0655737
18 0.486924 0.367096 0.898996 0.734192
28 0.642084 0.546838 0.108379 0.0655737
8 0.439849 0.587822 0.64072 0.762295
29 0.426107 0.700234 0.721224 0.599532
30 0.404665 0.693208 0.704071 0.613583
14 0.442773 0.366803 0.613041 0.733607
34 0.453007 0.701991 0.693935 0.596019
32 0.895098 0.899883 0.0654949 0.111241
7 0.563335 0.483021 0.850655 0.966042
24 0.432735 0.488876 0.737598 0.977752
20 0.486924 0.367096 0.898996 0.734192
15 0.36646 0.475703 0.476398 0.505269
14 0.563335 0.483021 0.850655 0.966042
24 0.895877 0.900468 0.0623762 0.104215
16 0.849875 0.682084 0.0686138 0.0925058
5 0.642474 0.54596 0.10526 0.0673302
20 0.442773 0.366803 0.613041 0.733607
1 0.486924 0.367096 0.898996 0.734192
9 0.640915 0.54918 0.112277 0.058548
8 0.486924 0.367096 0.898996 0.734192
16 0.419382 0.363583 0.69257 0.727166
26 0.636237 0.556206 0.102921 0.0374707
18 0.443553 0.170997 0.229427 0.282714
5 0.850655 0.482436 0.279133 0.964871
21 0.429616 0.575088 0.748514 0.849824
3 0.429616 0.575088 0.748514 0.849824
14 0.36646 0.475703 0.476398 0.505269
8 0.404665 0.693208 0.704071 0.613583
33 0.906013 0.895784 0.0436632 0.0983606
0 0.19551 0.328162 0.0736818 0.108314
26 0.442773 0.366803 0.613041 0.733607
25 0.426107 0.700234 0.721224 0.599532
23 0.569572 0.476581 0.83662 0.953162
0 0.39336 0.587237 0.697053 0.802108
10 0.491602 0.480094 0.956694 0.960187
33 0.913031 0.892272 0.0327474 0.0936768
17 0.509925 0.466335 0.842078 0.93267
23 0.642084 0.546838 0.108379 0.0655737
14 0.307592 0.348946 0.562165 0.697892
20 0.643644 0.564988 0.106039 0.0690867
8 0.563335 0.483021 0.850655 0.966042
13 0.644813 0.543911 0.101361 0.0632319
13 0.405055 0.565867 0.725902 0.868267
1 0.429616 0.575088 0.748514 0.849824
11 0.443553 0.170997 0.229427 0.282714
3 0.906013 0.895784 0.0436632 0.0983606
33 0.36646 0.475703 0.476398 0.505269
33 0.772295 0.498829 0.44521 0.973068
30 0.895877 0.900468 0.0623762 0.104215
15 0.299406 0.355313 0.307203 0.233167
15 0.636237 0.556206 0.102921 0.0374707
11 0.429616 0.575088 0.748514 0.849824
24 0.772295 0.498829 0.44521 0.973068
8 0.442773 0.366803 0.613041 0.733607
3 0.442773 0.366803 0.613041 0.733607
32 0.640915 0.54918 0.112277 0.058548
3 0.486924 0.367096 0.898996 0.734192
19 0.5224 0.480094 0.885741 0.960187
28 0.439849 0.587822 0.64072 0.762295
16 0.643644 0.564988 0.106039 0.0690867
15 0.249505 0.334309 0.198824 0.279274
0 0.563335 0.483021 0.850655 0.966042
26 0.36646 0.475703 0.476398 0.505269
26 0.643644 0.564988 0.106039 0.0690867
17 0.19551 0.328162 0.0736818 0.108314
33 0.342094 0.940281 0.0136448 0.0327868
16 0.203112 0.317257 0.0826484 0.117242
7 0.906013 0.895784 0.0436632 0.0983606
15 0.641695 0.565867 0.108379 0.111827
28 0.772295 0.498829 0.44521 0.973068
23 0.895877 0.900468 0.0623762 0.104215
12 0.569572 0.476581 0.83662 0.953162
8 0.644813 0.550937 0.108379 0.0485948
15 0.906013 0.895784 0.0436632 0.0983606
3 0.856113 0.312061 0.274455 0.622951
18 0.367045 0.364169 0.44482 0.70726
9 0.475228 0.483899 0.928625 0.967799
10 0.75787 0.492389 0.475618 0.984777
0 0.772295 0.498829 0.44521 0.973068
9 0.429616 0.575088 0.748514 0.849824
4 0.483025 0.701405 0.746175 0.59719
11 0.442773 0.366803 0.613041 0.733607
12 0.896657 0.898712 0.0623761 0.101874
0 0.36646 0.475703 0.476398 0.505269
24 0.642084 0.546838 0.108379 0.0655737
17 0.442773 0.366803 0.613041 0.733607
25 0.429616 0.575088 0.748514 0.849824
17 0.906013 0.895784 0.0436632 0.0983606
16 0.891979 0.774005 0.0530197 0.0398127
19 0.641695 0.565867 0.108379 0.111827
15 0.75865 0.491218 0.472499 0.980094
11 0.486924 0.367096 0.898996 0.734192
18 0.75865 0.491218 0.472499 0.980094
21 0.75865 0.491218 0.472499 0.980094
12 0.856113 0.312061 0.274455 0.622951
5 0.431175 0.700234 0.717326 0.599532
7 0.429616 0.575088 0.748514 0.849824
17 0.641695 0.565281 0.115396 0.0626464
13 0.75943 0.485948 0.47094 0.971897
12 0.486924 0.367096 0.898996 0.734192
19 0.442773 0.366803 0.613041 0.733607
6 0.405055 0.565867 0.725902 0.868267
6 0.642084 0.546838 0.108379 0.0655737
19 0.429616 0.575088 0.748514 0.849824
8 0.75943 0.485948 0.47094 0.971897
2 0.442773 0.366803 0.613041 0.733607
16 0.831162 0.692037 0.0343069 0.0620609
7 0.19551 0.328162 0.0736818 0.108314
1 0.442773 0.366803 0.613041 0.733607
23 0.307592 0.348946 0.562165 0.697892
9 0.772295 0.498829 0.44521 0.973068
4 0.856113 0.312061 0.274455 0.622951
1 0.75787 0.492389 0.475618 0.984777
31 0.483025 0.701405 0.746175 0.59719
2 0.367045 0.364169 0.44482 0.70726
35 0.856113 0.312061 0.274455 0.622951
22 0.75865 0.491218 0.472499 0.980094
15 0.443553 0.170997 0.229427 0.282714
21 0.367045 0.364169 0.44482 0.70726
18 0.429616 0.575088 0.748514 0.849824
16 0.249505 0.334309 0.198824 0.279274
35 0.475228 0.483899 0.928625 0.967799
7 0.772295 0.498829 0.44521 0.973068
6 0.772295 0.498829 0.44521 0.973068
8 0.36646 0.475703 0.476398 0.505269
32 0.439849 0.587822 0.64072 0.762295
33 0.442773 0.366803 0.613041 0.733607
24 0.36646 0.475703 0.476398 0.505269
28 0.36646 0.475703 0.476398 0.505269
4 0.636237 0.556206 0.102921 0.0374707
18 0.299406 0.355313 0.307203 0.233167
3 0.367045 0.364169 0.44482 0.70726
29 0.509925 0.466335 0.842078 0.93267
12 0.442773 0.366803 0.613041 0.733607
16 0.304522 0.338993 0.311783 0.26815
29 0.895877 0.900468 0.0623762 0.104215
32 0.509925 0.466335 0.842078 0.93267
