14 0.55583 0.507318 0.795491 0.526347
19 0.550372 0.497731 0.734674 0.529128
15 0.474059 0.517272 0.846756 0.504098
7 0.473279 0.512588 0.848316 0.511124
1 0.477567 0.513466 0.866249 0.507026
3 0.474059 0.517272 0.846756 0.504098
21 0.474059 0.517272 0.846756 0.504098
33 0.477567 0.513466 0.866249 0.507026
27 0.473279 0.512588 0.848316 0.511124
32 0.473279 0.512588 0.848316 0.511124
22 0.474059 0.517272 0.846756 0.504098
20 0.474059 0.517272 0.846756 0.504098
7 0.583997 0.47841 0.678341 0.515076
24 0.473279 0.512588 0.848316 0.511124
0 0.477567 0.513466 0.866249 0.507026
16 0.477567 0.513466 0.866249 0.507026
15 0.430785 0.580211 0.747734 0.37822
26 0.473279 0.512588 0.848316 0.511124
18 0.55583 0.507318 0.795491 0.526347
34 0.477567 0.555035 0.83662 0.434426
14 0.47016 0.568208 0.832722 0.402225
18 0.473669 0.570843 0.839739 0.394614
21 0.586433 0.466042 0.675027 0.489461
19 0.47016 0.568208 0.832722 0.402225
16 0.435463 0.576112 0.75865 0.388759
7 0.435463 0.576112 0.75865 0.388759
35 0.473669 0.570843 0.839739 0.394614
1 0.410903 0.576698 0.713427 0.393443
26 0.623761 0.453747 0.595692 0.461358
4 0.483415 0.525761 0.831162 0.51171
35 0.55583 0.507318 0.795491 0.526347
21 0.430785 0.580211 0.747734 0.37822
6 0.474059 0.517272 0.846756 0.504098
27 0.583997 0.47841 0.678341 0.515076
34 0.550567 0.504391 0.748319 0.526347
22 0.430785 0.580211 0.747734 0.37822
14 0.623761 0.453747 0.595692 0.461358
15 0.586433 0.466042 0.675027 0.489461
3 0.435463 0.576112 0.75865 0.388759
11 0.49745 0.354215 0.324356 0.153981
3 0.586433 0.466042 0.675027 0.489461
9 0.477567 0.513466 0.866249 0.507026
31 0.54969 0.505269 0.736039 0.545667
4 0.619863 0.467506 0.603489 0.500585
20 0.430785 0.580211 0.747734 0.37822
27 0.435463 0.576112 0.75865 0.388759
2 0.54969 0.505269 0.736039 0.545667
23 0.570742 0.524663 0.762548 0.526786
24 0.593743 0.482728 0.65261 0.501756
0 0.583997 0.47841 0.678341 0.515076
33 0.430785 0.580211 0.747734 0.37822
16 0.322797 0.594701 0.516942 0.25322
1 0.583997 0.47841 0.678341 0.515076
32 0.435463 0.576112 0.75865 0.388759
23 0.321627 0.600117 0.518502 0.261124
4 0.430785 0.580211 0.747734 0.37822
17 0.500666 0.353923 0.317923 0.15281
23 0.718885 0.369145 0.350866 0.23185
20 0.586433 0.466042 0.675027 0.489461
17 0.766837 0.35041 0.311101 0.25
9 0.583997 0.47841 0.678341 0.515076
18 0.500666 0.353923 0.317923 0.15281
7 0.670154 0.446136 0.506026 0.444965
11 0.435463 0.576112 0.75865 0.388759
0 0.504467 0.355972 0.304084 0.154567
8 0.321627 0.600117 0.518502 0.261124
24 0.410903 0.576698 0.713427 0.393443
18 0.39755 0.600556 0.680095 0.339871
23 0.504467 0.355972 0.304084 0.154567
11 0.55583 0.507318 0.795491 0.526347
16 0.616744 0.393735 0.555148 0.241803
16 0.586433 0.466042 0.675027 0.489461
33 0.583997 0.47841 0.678341 0.515076
19 0.623761 0.453747 0.595692 0.461358
23 0.766837 0.35041 0.311101 0.25
11 0.708359 0.375951 0.315779 0.209455
23 0.545012 0.519321 0.372697 0.291569
6 0.435463 0.576112 0.75865 0.388759
32 0.583997 0.47841 0.678341 0.515076
12 0.483415 0.525761 0.831162 0.51171
8 0.500666 0.353923 0.317923 0.15281
17 0.410903 0.576698 0.713427 0.393443
30 0.473279 0.512588 0.848316 0.511124
8 0.484195 0.520492 0.856113 0.492974
21 0.500666 0.353923 0.317923 0.15281
21 0.703291 0.375878 0.324356 0.209016
11 0.795296 0.352752 0.251064 0.247658
25 0.556707 0.492682 0.725123 0.504098
20 0.616744 0.393735 0.555148 0.241803
18 0.619863 0.467506 0.603489 0.500585
28 0.477567 0.555035 0.83662 0.434426
0 0.321627 0.600117 0.518502 0.261124
22 0.586433 0.466042 0.675027 0.489461
10 0.556707 0.492682 0.725123 0.504098
26 0.504467 0.355972 0.304084 0.154567
33 0.708359 0.375951 0.315779 0.209455
1 0.670154 0.446136 0.506026 0.444965
14 0.616744 0.393735 0.555148 0.241803
11 0.185374 0.621633 0.258081 0.129098
0 0.795296 0.352752 0.251064 0.247658
23 0.185374 0.621633 0.258081 0.129098
17 0.321627 0.600117 0.518502 0.261124
33 0.500569 0.351581 0.318898 0.146955
5 0.703291 0.375878 0.324356 0.209016
23 0.619863 0.467506 0.603489 0.500585
2 0.622592 0.451405 0.594912 0.455503
26 0.430785 0.580211 0.747734 0.37822
8 0.703291 0.375878 0.324356 0.209016
23 0.696664 0.434353 0.346967 0.336212
5 0.500569 0.351581 0.318898 0.146955
18 0.616744 0.393735 0.555148 0.241803
12 0.62727 0.516979 0.637016 0.509368
7 0.49745 0.351874 0.319678 0.148712
9 0.670154 0.446136 0.506026 0.444965
28 0.550567 0.504391 0.748319 0.526347
17 0.804457 0.335773 0.2343 0.2137
7 0.383711 0.61534 0.651636 0.322014
35 0.39755 0.600556 0.680095 0.339871
27 0.616744 0.393735 0.555148 0.241803
23 0.668594 0.466042 0.426497 0.314988
13 0.54969 0.505269 0.736039 0.545667
21 0.768006 0.355899 0.310321 0.254245
11 0.743446 0.358314 0.381274 0.254684
14 0.39755 0.600556 0.680095 0.339871
25 0.430785 0.580211 0.747734 0.37822
28 0.633995 0.456601 0.575225 0.447453
34 0.633995 0.456601 0.575225 0.447453
21 0.616744 0.393735 0.555148 0.241803
14 0.500666 0.353923 0.317923 0.15281
0 0.435463 0.576112 0.75865 0.388759
34 0.399305 0.589578 0.684383 0.373536
9 0.435463 0.576112 0.75865 0.388759
0 0.703291 0.375878 0.324356 0.209016
35 0.623761 0.453747 0.595692 0.461358
4 0.616744 0.393735 0.555148 0.241803
3 0.381664 0.61695 0.651051 0.316452
22 0.616744 0.393735 0.555148 0.241803
24 0.500569 0.351581 0.318898 0.146955
8 0.623761 0.453747 0.595692 0.461358
21 0.321627 0.600117 0.518502 0.261124
17 0.541113 0.507026 0.829603 0.531616
15 0.522498 0.360948 0.341314 0.171546
31 0.504467 0.355972 0.304084 0.154567
11 0.383711 0.61534 0.651636 0.322014
3 0.323186 0.604801 0.551249 0.265808
33 0.321627 0.600117 0.518502 0.261124
17 0.703291 0.375878 0.324356 0.209016
17 0.545012 0.519321 0.372697 0.291569
35 0.616744 0.393735 0.555148 0.241803
16 0.782821 0.354801 0.274455 0.250585
8 0.22163 0.585626 0.338001 0.229215
10 0.430785 0.580211 0.747734 0.37822
6 0.501738 0.355386 0.310321 0.153396
16 0.368799 0.585334 0.280693 0.353923
15 0.616744 0.393735 0.555148 0.241803
23 0.430785 0.580211 0.747734 0.37822
24 0.67873 0.444672 0.490432 0.442037
3 0.616744 0.393735 0.555148 0.241803
31 0.62152 0.455211 0.597057 0.480679
8 0.766837 0.35041 0.311101 0.25
1 0.616744 0.393735 0.555148 0.241803
22 0.522498 0.360948 0.341314 0.171546
19 0.616744 0.393735 0.555148 0.241803
0 0.501348 0.396663 0.318118 0.239461
23 0.324551 0.61534 0.347357 0.291569
20 0.522498 0.360948 0.341314 0.171546
31 0.39755 0.600556 0.680095 0.339871
21 0.185374 0.621633 0.258081 0.129098
3 0.267438 0.598946 0.41792 0.244731
13 0.658458 0.442916 0.526299 0.442037
5 0.321627 0.600117 0.518502 0.261124
26 0.708359 0.375951 0.315779 0.209455
5 0.185374 0.621633 0.258081 0.129098
30 0.435463 0.576112 0.75865 0.388759
0 0.545012 0.519321 0.372697 0.291569
18 0.795296 0.352752 0.251064 0.247658
23 0.20857 0.61534 0.306423 0.165105
21 0.804457 0.335773 0.2343 0.2137
11 0.321627 0.600117 0.518502 0.261124
27 0.381664 0.61695 0.651051 0.316452
5 0.766837 0.35041 0.311101 0.25
23 0.507586 0.562939 0.52396 0.331967
21 0.2132 0.600117 0.311978 0.245902
6 0.586433 0.466042 0.675027 0.489461
19 0.383711 0.61534 0.651636 0.322014
0 0.696664 0.434353 0.346967 0.336212
16 0.329034 0.608314 0.357883 0.290398
21 0.545012 0.519321 0.372697 0.291569
16 0.2132 0.600117 0.311978 0.245902
23 0.616744 0.393735 0.555148 0.241803
16 0.49745 0.351874 0.319678 0.148712
33 0.672493 0.415984 0.423378 0.216042
12 0.804457 0.335773 0.2343 0.2137
11 0.556707 0.515808 0.335272 0.291569
12 0.504467 0.355972 0.304084 0.154567
35 0.522498 0.360948 0.341314 0.171546
3 0.521231 0.520492 0.414801 0.290398
7 0.750853 0.35707 0.333712 0.258929
27 0.522498 0.360948 0.341314 0.171546
8 0.178357 0.629977 0.244437 0.118267
0 0.672493 0.415984 0.423378 0.216042
32 0.670154 0.446136 0.506026 0.444965
8 0.410903 0.576698 0.713427 0.393443
32 0.383711 0.61534 0.651636 0.322014
0 0.668594 0.466042 0.426497 0.314988
25 0.616744 0.393735 0.555148 0.241803
34 0.616744 0.393735 0.555148 0.241803
25 0.670154 0.446136 0.506026 0.444965
8 0.20857 0.61534 0.306423 0.165105
3 0.522498 0.360948 0.341314 0.171546
28 0.322797 0.594701 0.516942 0.25322
34 0.522498 0.360948 0.341314 0.171546
18 0.501348 0.396663 0.318118 0.239461
16 0.383711 0.61534 0.651636 0.322014
17 0.178357 0.629977 0.244437 0.118267
0 0.383711 0.61534 0.651636 0.322014
33 0.668594 0.466042 0.426497 0.314988
10 0.626978 0.446429 0.579903 0.467799
34 0.597349 0.392857 0.671908 0.579625
8 0.545012 0.519321 0.372697 0.291569
1 0.510705 0.356557 0.290829 0.154567
4 0.49745 0.354215 0.324356 0.153981
21 0.50437 0.406909 0.330788 0.257611
12 0.439849 0.579772 0.768591 0.379098
14 0.766837 0.35041 0.311101 0.25
23 0.804457 0.335773 0.2343 0.2137
11 0.20857 0.61534 0.306423 0.165105
18 0.703291 0.375878 0.324356 0.209016
17 0.818687 0.281689 0.207401 0.102898
0 0.178357 0.629977 0.244437 0.118267
12 0.565381 0.443794 0.707774 0.494145
13 0.70602 0.407494 0.432735 0.372365
31 0.473669 0.570843 0.839739 0.394614
17 0.22163 0.585626 0.338001 0.229215
22 0.670154 0.446136 0.506026 0.444965
0 0.743446 0.358314 0.381274 0.254684
17 0.648712 0.484192 0.453786 0.344262
33 0.768006 0.355899 0.310321 0.254245
7 0.695494 0.375585 0.344628 0.211358
15 0.605828 0.327869 0.54891 0.355972
11 0.619863 0.467506 0.603489 0.500585
15 0.346188 0.615925 0.582437 0.318501
13 0.285956 0.590749 0.455736 0.251756
23 0.436633 0.590749 0.428836 0.35363
27 0.67873 0.444672 0.490432 0.442037
9 0.383711 0.61534 0.651636 0.322014
6 0.381664 0.61695 0.651051 0.316452
2 0.430785 0.580211 0.747734 0.37822
16 0.506027 0.516393 0.882622 0.501171
33 0.490432 0.51471 0.874825 0.523273
15 0.511095 0.516467 0.875605 0.505708
19 0.508366 0.506733 0.885741 0.51815
18 0.508366 0.515296 0.879504 0.502195
32 0.508366 0.515296 0.879504 0.502195
7 0.508366 0.515296 0.879504 0.502195
21 0.506027 0.516393 0.882622 0.501171
9 0.511095 0.516467 0.875605 0.505708
27 0.508366 0.515296 0.879504 0.502195
3 0.506027 0.516393 0.882622 0.501171
28 0.508366 0.515296 0.879504 0.502195
1 0.500179 0.51171 0.849095 0.514051
22 0.495501 0.522248 0.870927 0.487119
34 0.508366 0.526932 0.873266 0.47541
17 0.500179 0.51171 0.849095 0.514051
20 0.506027 0.516393 0.882622 0.501171
23 0.506027 0.516393 0.882622 0.501171
6 0.511095 0.516467 0.875605 0.505708
35 0.508366 0.515296 0.879504 0.502195
26 0.511095 0.516467 0.875605 0.505708
12 0.495501 0.522248 0.870927 0.487119
30 0.506027 0.516393 0.882622 0.501171
10 0.499009 0.497365 0.832721 0.50644
14 0.508366 0.515296 0.879504 0.502195
0 0.508366 0.515296 0.879504 0.502195
15 0.586336 0.35041 0.553588 0.155152
7 0.562555 0.464578 0.710308 0.425644
24 0.500179 0.51171 0.849095 0.514051
16 0.528248 0.427693 0.768006 0.368267
2 0.499009 0.497365 0.832721 0.50644
15 0.518892 0.358314 0.360222 0.166276
5 0.518892 0.358314 0.360222 0.166276
10 0.528248 0.427693 0.768006 0.368267
2 0.524739 0.36351 0.799974 0.193355
1 0.672493 0.353557 0.479517 0.227313
29 0.500179 0.51171 0.849095 0.514051
24 0.499009 0.352459 0.294727 0.149883
33 0.562555 0.464578 0.710308 0.425644
18 0.498229 0.357143 0.296287 0.148712
33 0.672493 0.353557 0.479517 0.227313
5 0.683798 0.356265 0.453786 0.233021
21 0.586336 0.35041 0.553588 0.155152
9 0.528248 0.427693 0.768006 0.368267
33 0.625418 0.43267 0.578344 0.385246
10 0.509145 0.362924 0.801533 0.243706
13 0.509145 0.362924 0.801533 0.243706
16 0.586336 0.35041 0.553588 0.155152
3 0.499399 0.358899 0.315779 0.166276
1 0.528248 0.427693 0.768006 0.368267
15 0.528248 0.427693 0.768006 0.368267
4 0.506027 0.516393 0.882622 0.501171
25 0.506027 0.516393 0.882622 0.501171
5 0.553588 0.357655 0.712647 0.239022
15 0.524739 0.36351 0.799974 0.193355
3 0.491212 0.367096 0.842078 0.233021
8 0.484585 0.505855 0.86313 0.517564
10 0.518892 0.358314 0.360222 0.166276
13 0.484585 0.505855 0.86313 0.517564
24 0.562555 0.464578 0.710308 0.425644
26 0.504565 0.35041 0.305448 0.14637
9 0.672493 0.353557 0.479517 0.227313
2 0.518892 0.358314 0.360222 0.166276
32 0.562555 0.464578 0.710308 0.425644
10 0.672493 0.353557 0.479517 0.227313
17 0.499009 0.352459 0.294727 0.149883
14 0.504565 0.35041 0.305448 0.14637
17 0.755531 0.358241 0.325915 0.243706
16 0.498229 0.351581 0.317339 0.151639
16 0.553588 0.357655 0.712647 0.239022
32 0.672493 0.353557 0.479517 0.227313
22 0.499399 0.358899 0.315779 0.166276
19 0.480686 0.575527 0.853773 0.37822
4 0.518892 0.358314 0.360222 0.166276
6 0.504565 0.35041 0.305448 0.14637
13 0.499399 0.358899 0.315779 0.166276
13 0.683798 0.356265 0.453786 0.233021
19 0.498229 0.351581 0.317339 0.151639
7 0.586336 0.35041 0.553588 0.155152
15 0.672493 0.353557 0.479517 0.227313
23 0.499009 0.352459 0.294727 0.149883
0 0.586336 0.35041 0.553588 0.155152
7 0.625418 0.43267 0.578344 0.385246
4 0.586336 0.35041 0.553588 0.155152
31 0.508366 0.506733 0.885741 0.51815
2 0.672493 0.353557 0.479517 0.227313
9 0.518892 0.358314 0.360222 0.166276
9 0.586336 0.35041 0.553588 0.155152
1 0.518892 0.358314 0.360222 0.166276
4 0.524739 0.36351 0.799974 0.193355
7 0.710698 0.354728 0.407784 0.234338
20 0.499399 0.358899 0.315779 0.166276
18 0.553588 0.357655 0.712647 0.239022
20 0.586336 0.35041 0.553588 0.155152
21 0.518892 0.358314 0.360222 0.166276
32 0.498229 0.351581 0.317339 0.151639
22 0.672493 0.353557 0.479517 0.227313
5 0.495501 0.522248 0.870927 0.487119
14 0.562555 0.464578 0.710308 0.425644
24 0.625418 0.43267 0.578344 0.385246
9 0.553588 0.357655 0.712647 0.239022
22 0.528248 0.427693 0.768006 0.368267
28 0.562555 0.464578 0.710308 0.425644
31 0.518892 0.358314 0.360222 0.166276
16 0.438582 0.599385 0.766447 0.330503
32 0.625418 0.43267 0.578344 0.385246
17 0.562555 0.464578 0.710308 0.425644
0 0.498229 0.357143 0.296287 0.148712
33 0.499009 0.352459 0.294727 0.149883
3 0.586336 0.35041 0.553588 0.155152
0 0.672493 0.353557 0.479517 0.227313
2 0.586336 0.35041 0.553588 0.155152
19 0.528248 0.427693 0.768006 0.368267
16 0.672493 0.353557 0.479517 0.227313
20 0.509145 0.362924 0.801533 0.243706
8 0.498229 0.357143 0.296287 0.148712
7 0.553588 0.357655 0.712647 0.239022
27 0.499399 0.358899 0.315779 0.166276
28 0.506416 0.353337 0.303304 0.145785
3 0.755531 0.358241 0.325915 0.243706
31 0.524739 0.36351 0.799974 0.193355
18 0.528248 0.427693 0.768006 0.368267
27 0.562555 0.464578 0.710308 0.425644
18 0.438582 0.599385 0.766447 0.330503
5 0.528248 0.427693 0.768006 0.368267
22 0.509145 0.362924 0.801533 0.243706
1 0.586336 0.35041 0.553588 0.155152
5 0.586336 0.35041 0.553588 0.155152
33 0.586336 0.35041 0.553588 0.155152
0 0.528248 0.427693 0.768006 0.368267
24 0.710698 0.354728 0.407784 0.234338
1 0.553588 0.357655 0.712647 0.239022
3 0.683798 0.356265 0.453786 0.233021
7 0.518892 0.358314 0.360222 0.166276
25 0.509145 0.362924 0.801533 0.243706
35 0.498229 0.351581 0.317339 0.151639
3 0.44521 0.588993 0.781261 0.345433
26 0.562555 0.464578 0.710308 0.425644
21 0.528248 0.427693 0.768006 0.368267
30 0.499399 0.358899 0.315779 0.166276
8 0.586336 0.35041 0.553588 0.155152
11 0.506027 0.516393 0.882622 0.501171
2 0.528248 0.427693 0.768006 0.368267
19 0.586336 0.35041 0.553588 0.155152
34 0.710698 0.354728 0.407784 0.234338
15 0.438582 0.599385 0.766447 0.330503
23 0.298626 0.598361 0.47016 0.265808
25 0.518892 0.358314 0.360222 0.166276
26 0.586336 0.35041 0.553588 0.155152
32 0.586336 0.35041 0.553588 0.155152
35 0.438582 0.599385 0.766447 0.330503
30 0.586336 0.35041 0.553588 0.155152
27 0.438582 0.599385 0.766447 0.330503
14 0.586336 0.35041 0.553588 0.155152
23 0.491212 0.317257 0.343069 0.254245
18 0.586336 0.35041 0.553588 0.155152
4 0.672493 0.353557 0.479517 0.227313
10 0.44521 0.588993 0.781261 0.345433
27 0.524739 0.36351 0.799974 0.193355
14 0.524739 0.36351 0.799974 0.193355
23 0.491212 0.367096 0.842078 0.233021
30 0.528248 0.427693 0.768006 0.368267
25 0.672493 0.353557 0.479517 0.227313
21 0.44521 0.588993 0.781261 0.345433
21 0.553588 0.357655 0.712647 0.239022
5 0.298626 0.598361 0.47016 0.265808
20 0.438582 0.599385 0.766447 0.330503
11 0.504565 0.35041 0.305448 0.14637
32 0.438582 0.599385 0.766447 0.330503
11 0.755531 0.358241 0.325915 0.243706
33 0.524739 0.36351 0.799974 0.193355
25 0.528248 0.427693 0.768006 0.368267
18 0.778142 0.35685 0.280693 0.245316
21 0.672493 0.353557 0.479517 0.227313
3 0.491212 0.317257 0.343069 0.254245
12 0.495793 0.352459 0.318313 0.151054
3 0.298626 0.598361 0.47016 0.265808
8 0.737598 0.359192 0.350866 0.245902
19 0.672493 0.353557 0.479517 0.227313
31 0.70719 0.355972 0.414801 0.235363
29 0.562555 0.464578 0.710308 0.425644
21 0.755531 0.358241 0.325915 0.243706
18 0.672493 0.353557 0.479517 0.227313
23 0.44521 0.588993 0.781261 0.345433
15 0.737598 0.359192 0.350866 0.245902
8 0.524739 0.36351 0.799974 0.193355
26 0.672493 0.353557 0.479517 0.227313
29 0.586336 0.35041 0.553588 0.155152
22 0.586336 0.35041 0.553588 0.155152
5 0.44521 0.588993 0.781261 0.345433
26 0.625418 0.43267 0.578344 0.385246
20 0.755531 0.358241 0.325915 0.243706
10 0.586336 0.35041 0.553588 0.155152
30 0.553588 0.357655 0.712647 0.239022
17 0.283422 0.582553 0.446769 0.241218
30 0.44521 0.588993 0.781261 0.345433
4 0.528248 0.427693 0.768006 0.368267
17 0.698613 0.367608 0.433514 0.2601
19 0.553588 0.357655 0.712647 0.239022
6 0.586336 0.35041 0.553588 0.155152
12 0.438582 0.599385 0.766447 0.330503
33 0.737598 0.359192 0.350866 0.245902
20 0.683798 0.356265 0.453786 0.233021
12 0.586336 0.35041 0.553588 0.155152
4 0.44521 0.588993 0.781261 0.345433
5 0.491212 0.317257 0.343069 0.254245
0 0.746175 0.36351 0.332153 0.240193
17 0.625418 0.43267 0.578344 0.385246
29 0.499886 0.355094 0.307008 0.150468
28 0.310711 0.590164 0.490432 0.255269
35 0.586336 0.35041 0.553588 0.155152
14 0.683798 0.356265 0.453786 0.233021
17 0.586336 0.35041 0.553588 0.155152
30 0.683798 0.356265 0.453786 0.233021
34 0.625418 0.43267 0.578344 0.385246
2 0.633215 0.45543 0.565869 0.412324
17 0.803873 0.35685 0.224554 0.24356
28 0.625418 0.43267 0.578344 0.385246
7 0.438582 0.599385 0.766447 0.330503
12 0.751243 0.356265 0.325136 0.25
33 0.298626 0.598361 0.47016 0.265808
15 0.803873 0.35685 0.224554 0.24356
25 0.438582 0.599385 0.766447 0.330503
13 0.491212 0.317257 0.343069 0.254245
23 0.755531 0.358241 0.325915 0.243706
31 0.528248 0.427693 0.768006 0.368267
29 0.625418 0.43267 0.578344 0.385246
0 0.81167 0.357728 0.204282 0.248244
8 0.672493 0.353557 0.479517 0.227313
8 0.528248 0.427693 0.768006 0.368267
5 0.704461 0.377049 0.353205 0.216628
28 0.440142 0.596604 0.766447 0.340749
24 0.298626 0.598361 0.47016 0.265808
22 0.44521 0.588993 0.781261 0.345433
34 0.539651 0.470799 0.748319 0.454186
35 0.562555 0.464578 0.710308 0.425644
25 0.586336 0.35041 0.553588 0.155152
20 0.528248 0.427693 0.768006 0.368267
24 0.778142 0.35685 0.280693 0.245316
1 0.438582 0.599385 0.766447 0.330503
13 0.528248 0.427693 0.768006 0.368267
29 0.672493 0.353557 0.479517 0.227313
28 0.710698 0.354728 0.407784 0.234338
14 0.625418 0.43267 0.578344 0.385246
5 0.755531 0.358241 0.325915 0.243706
8 0.310711 0.590164 0.490432 0.255269
17 0.508366 0.389637 0.298626 0.220726
12 0.491212 0.367096 0.842078 0.233021
0 0.440142 0.596604 0.766447 0.340749
27 0.586336 0.35041 0.553588 0.155152
27 0.683798 0.356265 0.453786 0.233021
21 0.298626 0.598361 0.47016 0.265808
13 0.581268 0.329918 0.565284 0.247658
34 0.586336 0.35041 0.553588 0.155152
16 0.737598 0.359192 0.350866 0.245902
24 0.440142 0.596604 0.766447 0.340749
2 0.538871 0.35041 0.7452 0.262881
17 0.553588 0.357655 0.712647 0.239022
18 0.298626 0.598361 0.47016 0.265808
15 0.538871 0.35041 0.7452 0.262881
34 0.440142 0.596604 0.766447 0.340749
35 0.329034 0.613583 0.544232 0.30445
35 0.710698 0.354728 0.407784 0.234338
12 0.491212 0.317257 0.343069 0.254245
22 0.491212 0.317257 0.343069 0.254245
3 0.81167 0.357728 0.204282 0.248244
23 0.581268 0.329918 0.565284 0.247658
14 0.491212 0.317257 0.343069 0.254245
15 0.513044 0.351874 0.28849 0.144028
20 0.491212 0.317257 0.343069 0.254245
6 0.625418 0.43267 0.578344 0.385246
31 0.586336 0.35041 0.553588 0.155152
17 0.44521 0.588993 0.781261 0.345433
23 0.81167 0.357728 0.204282 0.248244
26 0.553588 0.357655 0.712647 0.239022
6 0.710698 0.354728 0.407784 0.234338
14 0.778142 0.35685 0.280693 0.245316
31 0.581268 0.329918 0.565284 0.247658
35 0.524739 0.36351 0.799974 0.193355
34 0.498229 0.351581 0.317339 0.151639
17 0.333323 0.616511 0.47016 0.307963
27 0.625418 0.43267 0.578344 0.385246
9 0.438582 0.599385 0.766447 0.330503
23 0.683798 0.356265 0.453786 0.233021
13 0.586336 0.35041 0.553588 0.155152
7 0.695494 0.378806 0.347747 0.218384
26 0.737598 0.359192 0.350866 0.245902
4 0.581268 0.329918 0.565284 0.247658
28 0.803873 0.35685 0.224554 0.24356
4 0.329034 0.613583 0.544232 0.30445
33 0.508366 0.389637 0.298626 0.220726
0 0.296092 0.604801 0.465092 0.282201
17 0.704461 0.377049 0.353205 0.216628
10 0.581268 0.329918 0.565284 0.247658
11 0.438582 0.599385 0.766447 0.330503
14 0.44521 0.588993 0.781261 0.345433
23 0.528248 0.427693 0.768006 0.368267
23 0.704461 0.377049 0.353205 0.216628
3 0.581268 0.329918 0.565284 0.247658
16 0.296092 0.604801 0.465092 0.282201
15 0.481856 0.529274 0.828043 0.487119
16 0.481856 0.529274 0.828043 0.487119
21 0.47016 0.524883 0.857672 0.49356
7 0.468601 0.520492 0.851434 0.496487
3 0.481856 0.529274 0.828043 0.487119
13 0.475618 0.521736 0.848316 0.499854
28 0.468601 0.520492 0.851434 0.496487
18 0.47016 0.524883 0.857672 0.49356
14 0.47016 0.524883 0.857672 0.49356
26 0.47016 0.524883 0.857672 0.49356
1 0.47016 0.524883 0.857672 0.49356
23 0.475618 0.521736 0.848316 0.499854
20 0.481856 0.529274 0.828043 0.487119
19 0.47016 0.524883 0.857672 0.49356
2 0.47016 0.524883 0.857672 0.49356
9 0.47016 0.524883 0.857672 0.49356
6 0.468601 0.520492 0.851434 0.496487
8 0.47016 0.524883 0.857672 0.49356
24 0.468601 0.520492 0.851434 0.496487
33 0.468601 0.520492 0.851434 0.496487
11 0.47016 0.524883 0.857672 0.49356
17 0.468601 0.520492 0.851434 0.496487
29 0.468601 0.520492 0.851434 0.496487
0 0.468601 0.520492 0.851434 0.496487
32 0.468601 0.520492 0.851434 0.496487
15 0.385563 0.59719 0.647932 0.344262
5 0.481856 0.529274 0.828043 0.487119
16 0.385563 0.59719 0.647932 0.344262
22 0.481856 0.529274 0.828043 0.487119
34 0.468601 0.520492 0.851434 0.496487
1 0.390241 0.573478 0.658848 0.397541
27 0.47016 0.524883 0.857672 0.49356
30 0.481856 0.529274 0.828043 0.487119
10 0.481856 0.529274 0.828043 0.487119
12 0.481856 0.529274 0.828043 0.487119
14 0.385563 0.59719 0.647932 0.344262
28 0.390241 0.573478 0.658848 0.397541
35 0.47016 0.524883 0.857672 0.49356
25 0.47016 0.524883 0.857672 0.49356
32 0.390241 0.573478 0.658848 0.397541
20 0.385563 0.59719 0.647932 0.344262
18 0.385563 0.59719 0.647932 0.344262
24 0.390241 0.573478 0.658848 0.397541
26 0.385563 0.59719 0.647932 0.344262
21 0.390241 0.573478 0.658848 0.397541
23 0.41909 0.590164 0.722784 0.364169
17 0.390241 0.573478 0.658848 0.397541
13 0.402716 0.547717 0.674442 0.439696
4 0.47016 0.524883 0.857672 0.49356
31 0.481856 0.529274 0.828043 0.487119
19 0.385563 0.59719 0.647932 0.344262
7 0.385563 0.59719 0.647932 0.344262
6 0.390241 0.573478 0.658848 0.397541
0 0.390241 0.573478 0.658848 0.397541
30 0.390241 0.573478 0.658848 0.397541
8 0.390241 0.573478 0.658848 0.397541
3 0.385563 0.59719 0.647932 0.344262
11 0.385563 0.59719 0.647932 0.344262
5 0.390241 0.573478 0.658848 0.397541
33 0.390241 0.573478 0.658848 0.397541
2 0.390241 0.573478 0.658848 0.397541
34 0.390241 0.573478 0.658848 0.397541
15 0.488873 0.38993 0.843637 0.779859
3 0.488873 0.38993 0.843637 0.779859
27 0.390241 0.573478 0.658848 0.397541
18 0.49745 0.358314 0.293168 0.151054
9 0.390241 0.573478 0.658848 0.397541
2 0.488873 0.38993 0.843637 0.779859
13 0.488873 0.38993 0.843637 0.779859
25 0.382931 0.604215 0.64072 0.338407
16 0.488873 0.38993 0.843637 0.779859
29 0.390241 0.573478 0.658848 0.397541
22 0.390241 0.573478 0.658848 0.397541
23 0.488873 0.38993 0.843637 0.779859
10 0.488873 0.38993 0.843637 0.779859
8 0.488873 0.38993 0.843637 0.779859
12 0.390241 0.573478 0.658848 0.397541
35 0.390241 0.573478 0.658848 0.397541
15 0.509828 0.389271 0.764303 0.35846
24 0.503687 0.357728 0.295507 0.148712
18 0.488873 0.38993 0.843637 0.779859
20 0.488873 0.38993 0.843637 0.779859
4 0.503687 0.357728 0.295507 0.148712
15 0.574543 0.339505 0.472694 0.335041
10 0.41909 0.590164 0.722784 0.364169
11 0.498132 0.35685 0.290244 0.144614
21 0.488873 0.38993 0.843637 0.779859
26 0.482246 0.391686 0.849095 0.769321
16 0.509828 0.389271 0.764303 0.35846
13 0.49745 0.358314 0.293168 0.151054
14 0.482246 0.391686 0.849095 0.769321
19 0.488873 0.38993 0.843637 0.779859
31 0.488873 0.38993 0.843637 0.779859
13 0.370553 0.607143 0.618693 0.331382
23 0.323186 0.599678 0.531757 0.339286
13 0.508463 0.413422 0.79822 0.38627
19 0.509828 0.389271 0.764303 0.35846
19 0.574543 0.339505 0.472694 0.335041
31 0.382931 0.604215 0.64072 0.338407
4 0.390241 0.573478 0.658848 0.397541
10 0.508463 0.413422 0.79822 0.38627
2 0.508463 0.413422 0.79822 0.38627
20 0.503687 0.357728 0.295507 0.148712
12 0.488873 0.38993 0.843637 0.779859
3 0.484195 0.425937 0.859231 0.424473
18 0.509828 0.389271 0.764303 0.35846
8 0.508463 0.413422 0.79822 0.38627
26 0.503687 0.357728 0.295507 0.148712
7 0.488873 0.38993 0.843637 0.779859
26 0.574543 0.339505 0.472694 0.335041
21 0.509828 0.389271 0.764303 0.35846
12 0.574543 0.339505 0.472694 0.335041
17 0.49745 0.358314 0.293168 0.151054
7 0.637796 0.461944 0.55047 0.444965
23 0.574543 0.339505 0.472694 0.335041
13 0.629122 0.461944 0.569377 0.453162
15 0.503687 0.357728 0.295507 0.148712
23 0.509828 0.389271 0.764303 0.35846
6 0.503687 0.357728 0.295507 0.148712
12 0.509828 0.389271 0.764303 0.35846
25 0.488873 0.38993 0.843637 0.779859
19 0.503687 0.357728 0.295507 0.148712
13 0.569572 0.339505 0.671323 0.381879
21 0.323186 0.599678 0.531757 0.339286
18 0.574543 0.339505 0.472694 0.335041
15 0.569572 0.339505 0.671323 0.381879
20 0.509828 0.389271 0.764303 0.35846
9 0.488873 0.38993 0.843637 0.779859
10 0.574543 0.339505 0.472694 0.335041
9 0.509828 0.389271 0.764303 0.35846
25 0.509828 0.389271 0.764303 0.35846
26 0.509828 0.389271 0.764303 0.35846
7 0.484195 0.425937 0.859231 0.424473
35 0.574543 0.339505 0.472694 0.335041
2 0.609824 0.438232 0.607973 0.40808
14 0.509828 0.389271 0.764303 0.35846
21 0.574543 0.339505 0.472694 0.335041
14 0.385075 0.551522 0.658263 0.492974
7 0.385075 0.551522 0.658263 0.492974
35 0.488873 0.38993 0.843637 0.779859
14 0.637796 0.461944 0.55047 0.444965
11 0.171242 0.63466 0.225919 0.117096
5 0.488873 0.38993 0.843637 0.779859
23 0.503687 0.357728 0.295507 0.148712
16 0.574543 0.339505 0.472694 0.335041
25 0.574543 0.339505 0.472694 0.335041
4 0.488873 0.38993 0.843637 0.779859
13 0.574543 0.339505 0.472694 0.335041
1 0.509828 0.389271 0.764303 0.35846
30 0.482246 0.391686 0.849095 0.769321
24 0.332933 0.61007 0.542673 0.323185
33 0.488873 0.38993 0.843637 0.779859
14 0.574543 0.339505 0.472694 0.335041
35 0.509828 0.389271 0.764303 0.35846
30 0.317339 0.608753 0.516163 0.321136
3 0.574543 0.339505 0.472694 0.335041
5 0.508463 0.413422 0.79822 0.38627
8 0.574543 0.339505 0.472694 0.335041
