16 0.673662 0.947892 0.0233911 0.0983606
18 0.691595 0.508197 0.558267 0.282201
16 0.691595 0.508197 0.558267 0.282201
15 0.670544 0.94555 0.0272895 0.100703
33 0.903674 0.197892 0.188688 0.395785
7 0.675222 0.502927 0.576979 0.295082
1 0.691595 0.508197 0.558267 0.282201
11 0.43751 0.268296 0.22124 0.119145
21 0.691595 0.508197 0.558267 0.282201
22 0.691595 0.508197 0.558267 0.282201
26 0.43751 0.268296 0.22124 0.119145
19 0.691595 0.508197 0.558267 0.282201
11 0.776388 0.302693 0.206231 0.120609
15 0.691595 0.519028 0.54891 0.265222
15 0.661187 0.946721 0.0483415 0.0983606
5 0.670544 0.94555 0.0272895 0.100703
20 0.691595 0.508197 0.558267 0.282201
10 0.672493 0.946721 0.0241708 0.0983606
7 0.904454 0.199063 0.190247 0.398126
0 0.686917 0.501756 0.559826 0.296253
35 0.669082 0.500585 0.617329 0.303279
26 0.776388 0.302693 0.206231 0.120609
16 0.393749 0.754098 0.015594 0.0515223
18 0.43751 0.268296 0.22124 0.119145
16 0.547351 0.476581 0.83584 0.248244
21 0.903674 0.197892 0.188688 0.395785
32 0.691595 0.508197 0.558267 0.282201
34 0.662064 0.498244 0.611091 0.305621
11 0.662747 0.293618 0.179331 0.122951
18 0.902115 0.198039 0.190247 0.396077
5 0.43751 0.268296 0.22124 0.119145
24 0.43751 0.268296 0.22124 0.119145
19 0.904454 0.199063 0.190247 0.398126
18 0.782821 0.3024 0.199604 0.118852
1 0.903674 0.197892 0.190247 0.395785
33 0.669082 0.500585 0.617329 0.303279
26 0.659628 0.947307 0.0506806 0.101874
7 0.73175 0.532787 0.467041 0.234192
5 0.661187 0.946721 0.0483415 0.0983606
7 0.664306 0.947307 0.0639356 0.100703
21 0.438972 0.272102 0.221435 0.11329
34 0.467041 0.691452 0.934083 0.617096
33 0.552029 0.489461 0.848316 0.269321
11 0.728242 0.300937 0.315 0.124122
26 0.905445 0.199063 0.18911 0.398126
15 0.903674 0.197892 0.190247 0.395785
17 0.776388 0.302693 0.206231 0.120609
16 0.599591 0.862998 0.0202723 0.059719
23 0.667425 0.29457 0.193366 0.122804
22 0.903674 0.197892 0.188688 0.395785
26 0.691595 0.508197 0.558267 0.282201
16 0.903674 0.197892 0.190247 0.395785
17 0.43751 0.268296 0.22124 0.119145
7 0.662747 0.293618 0.179331 0.122951
17 0.786719 0.550937 0.369579 0.190867
5 0.776388 0.302693 0.206231 0.120609
1 0.73175 0.532787 0.467041 0.234192
17 0.661187 0.946721 0.0483415 0.0983606
14 0.671323 0.504098 0.584776 0.305621
23 0.782821 0.3024 0.199604 0.118852
33 0.455736 0.390515 0.911471 0.413349
15 0.631948 0.500585 0.700952 0.299766
16 0.222995 0.314915 0.44443 0.296399
9 0.691595 0.508197 0.558267 0.282201
14 0.904454 0.199063 0.190247 0.398126
26 0.859231 0.962529 0.0218317 0.0632319
2 0.73175 0.532787 0.467041 0.234192
23 0.43751 0.268296 0.22124 0.119145
18 0.73175 0.532787 0.467041 0.234192
18 0.667425 0.29457 0.193366 0.122804
0 0.43751 0.268296 0.22124 0.119145
27 0.691595 0.508197 0.558267 0.282201
14 0.437413 0.269321 0.215198 0.119438
26 0.736428 0.530738 0.459244 0.239461
18 0.222995 0.314915 0.44443 0.296399
33 0.758081 0.197014 0.483837 0.394028
16 0.728242 0.295375 0.304084 0.127049
5 0.662747 0.293618 0.179331 0.122951
1 0.758081 0.197014 0.483837 0.394028
7 0.547351 0.476581 0.83584 0.248244
7 0.78516 0.302986 0.194925 0.118852
18 0.547351 0.476581 0.83584 0.248244
7 0.672493 0.946721 0.0241708 0.0983606
0 0.663916 0.947307 0.0615964 0.100703
26 0.662747 0.293618 0.179331 0.122951
4 0.903674 0.197892 0.188688 0.395785
33 0.427277 0.685012 0.854553 0.59719
16 0.972288 0.491218 0.0265099 0.0737705
14 0.776388 0.302693 0.206231 0.120609
3 0.675222 0.502927 0.576979 0.295082
11 0.786719 0.546253 0.372697 0.204918
23 0.671323 0.504098 0.584776 0.305621
18 0.434294 0.392198 0.86235 0.407641
1 0.552029 0.489461 0.848316 0.269321
21 0.432735 0.375805 0.865469 0.392418
16 0.78516 0.302986 0.194925 0.118852
8 0.78516 0.302986 0.194925 0.118852
0 0.903674 0.197892 0.190247 0.395785
17 0.661967 0.292155 0.177772 0.12178
21 0.518892 0.713115 0.936422 0.573771
0 0.776388 0.302693 0.206231 0.120609
15 0.860791 0.963115 0.0249505 0.0620609
15 0.434294 0.392198 0.86235 0.407641
1 0.451447 0.37822 0.902895 0.400468
23 0.785745 0.543325 0.371528 0.217799
35 0.552029 0.489461 0.848316 0.269321
7 0.436243 0.272248 0.217537 0.117681
8 0.663916 0.947307 0.0615964 0.100703
3 0.902115 0.198039 0.190247 0.396077
9 0.905445 0.199063 0.18911 0.398126
11 0.659628 0.947307 0.0506806 0.101874
9 0.73175 0.532787 0.467041 0.234192
26 0.544232 0.71897 0.881063 0.562061
0 0.806212 0.553279 0.321237 0.183841
6 0.903674 0.197892 0.188688 0.395785
23 0.841298 0.555035 0.246386 0.185012
26 0.455736 0.390515 0.911471 0.413349
16 0.661187 0.946721 0.0483415 0.0983606
21 0.547351 0.476581 0.83584 0.248244
14 0.73175 0.532787 0.467041 0.234192
32 0.904454 0.197014 0.187128 0.394028
7 0.434294 0.392198 0.86235 0.407641
20 0.902115 0.198039 0.190247 0.396077
24 0.776388 0.302693 0.206231 0.120609
21 0.222995 0.314915 0.44443 0.296399
33 0.786719 0.546253 0.372697 0.204918
16 0.73175 0.532787 0.467041 0.234192
33 0.659628 0.947307 0.0506806 0.101874
24 0.694714 0.509953 0.537994 0.284543
16 0.86235 0.9637 0.0249505 0.0608899
33 0.726682 0.295375 0.305643 0.126464
7 0.364706 0.327283 0.723173 0.314988
34 0.906013 0.19877 0.187128 0.397541
14 0.662747 0.293618 0.179331 0.122951
24 0.905835 0.201112 0.18833 0.402225
15 0.714207 0.292813 0.341509 0.134514
33 0.859231 0.962529 0.0218317 0.0632319
27 0.904454 0.199063 0.190247 0.398126
35 0.488873 0.394028 0.916929 0.418033
34 0.451447 0.37822 0.902895 0.400468
4 0.675222 0.502927 0.576979 0.295082
19 0.714207 0.292813 0.341509 0.134514
16 0.318508 0.320331 0.635457 0.304303
32 0.672883 0.94555 0.0249505 0.104215
26 0.728242 0.300937 0.315 0.124122
19 0.73175 0.532787 0.467041 0.234192
18 0.318508 0.320331 0.635457 0.304303
16 0.438972 0.272102 0.221435 0.11329
13 0.904454 0.198917 0.190247 0.397834
23 0.585946 0.449649 0.368799 0.162763
6 0.43829 0.269028 0.219681 0.114169
15 0.39336 0.754098 0.015594 0.0515223
14 0.659628 0.919204 0.0452227 0.0468384
15 0.659628 0.919204 0.0452227 0.0468384
8 0.662747 0.293618 0.179331 0.122951
33 0.344043 0.327576 0.686527 0.323185
1 0.467041 0.691452 0.934083 0.617096
12 0.672883 0.94555 0.0249505 0.104215
3 0.786719 0.546253 0.372697 0.204918
14 0.661187 0.946721 0.0483415 0.0983606
0 0.662747 0.293618 0.179331 0.122951
7 0.919268 0.9637 0.151262 0.0725996
14 0.721224 0.299107 0.327475 0.13832
14 0.434294 0.392198 0.86235 0.407641
5 0.728242 0.300937 0.315 0.124122
15 0.758081 0.197014 0.483837 0.394028
15 0.454664 0.272395 0.754556 0.14315
26 0.465482 0.576112 0.930964 0.783372
23 0.726682 0.295375 0.305643 0.126464
6 0.782821 0.3024 0.199604 0.118852
7 0.786719 0.550937 0.369579 0.190867
18 0.714207 0.292813 0.341509 0.134514
25 0.691595 0.519028 0.54891 0.265222
34 0.567233 0.584895 0.841298 0.467213
15 0.547351 0.476581 0.83584 0.248244
14 0.364706 0.327283 0.723173 0.314988
34 0.477178 0.499122 0.954355 0.650468
8 0.43829 0.269028 0.219681 0.114169
27 0.547351 0.476581 0.83584 0.248244
18 0.806212 0.553279 0.321237 0.183841
18 0.659628 0.947307 0.0506806 0.101874
5 0.859231 0.962529 0.0218317 0.0632319
16 0.661967 0.292155 0.177772 0.12178
6 0.667425 0.29457 0.193366 0.122804
33 0.565105 0.776932 0.86979 0.442623
14 0.672493 0.946721 0.0241708 0.0983606
33 0.684188 0.676815 0.62766 0.629977
7 0.714207 0.292813 0.341509 0.134514
18 0.859231 0.962529 0.0218317 0.0632319
22 0.714207 0.292813 0.341509 0.134514
14 0.467041 0.691452 0.934083 0.617096
30 0.662064 0.498244 0.611091 0.305621
26 0.786719 0.546253 0.372697 0.204918
19 0.454664 0.272395 0.754556 0.14315
1 0.567233 0.584895 0.841298 0.467213
5 0.786719 0.546253 0.372697 0.204918
21 0.364706 0.327283 0.723173 0.314988
21 0.776388 0.302693 0.206231 0.120609
0 0.758081 0.197014 0.483837 0.394028
4 0.427277 0.685012 0.854553 0.59719
0 0.859231 0.962529 0.0218317 0.0632319
20 0.78516 0.302986 0.194925 0.118852
21 0.662747 0.293618 0.179331 0.122951
22 0.73175 0.532787 0.467041 0.234192
16 0.141613 0.298009 0.281667 0.251171
7 0.54891 0.854801 0.0639355 0.12178
31 0.691595 0.508197 0.558267 0.282201
16 0.96839 0.486534 0.0311881 0.0761124
20 0.73175 0.532787 0.467041 0.234192
17 0.659628 0.919204 0.0452227 0.0468384
22 0.552029 0.489461 0.848316 0.269321
32 0.552029 0.489461 0.848316 0.269321
10 0.649492 0.501171 0.656509 0.296253
21 0.73175 0.532787 0.467041 0.234192
16 0.660407 0.946136 0.0686138 0.101873
26 0.364706 0.327283 0.723173 0.314988
27 0.73175 0.532787 0.467041 0.234192
8 0.905835 0.201112 0.18833 0.402225
17 0.728242 0.295375 0.304084 0.127049
18 0.427277 0.685012 0.854553 0.59719
33 0.776388 0.302693 0.206231 0.120609
16 0.786719 0.546253 0.372697 0.204918
11 0.675222 0.502927 0.576979 0.295082
30 0.903674 0.197892 0.190247 0.395785
24 0.764887 0.537471 0.410123 0.224824
35 0.903674 0.197892 0.190247 0.395785
12 0.86157 0.9637 0.0249505 0.0632319
4 0.547351 0.476581 0.83584 0.248244
23 0.672493 0.947307 0.0257301 0.0983606
33 0.43751 0.268296 0.22124 0.119145
3 0.782821 0.3024 0.199604 0.118852
16 0.758081 0.197014 0.483837 0.394028
3 0.568792 0.483607 0.777363 0.274005
33 0.567233 0.584895 0.841298 0.467213
2 0.904454 0.198917 0.190247 0.397834
15 0.96839 0.486534 0.0311881 0.0761124
8 0.728242 0.300937 0.315 0.124122
35 0.474838 0.657787 0.949677 0.684426
31 0.904454 0.198917 0.190247 0.397834
33 0.477178 0.499122 0.954355 0.650468
31 0.73175 0.532787 0.467041 0.234192
0 0.158864 0.308255 0.309542 0.244145
5 0.969949 0.490632 0.0280693 0.0714286
33 0.545791 0.676815 0.867028 0.64637
3 0.43751 0.268296 0.22124 0.119145
15 0.598811 0.861241 0.0218317 0.0550351
16 0.465482 0.576112 0.930964 0.783372
16 0.410513 0.262002 0.41792 0.144614
18 0.410513 0.262002 0.41792 0.144614
15 0.232741 0.311549 0.463923 0.294936
23 0.403106 0.350995 0.806212 0.358899
22 0.431565 0.623536 0.86313 0.495316
0 0.694714 0.291642 0.371138 0.135685
3 0.722004 0.298009 0.324356 0.128806
19 0.547351 0.476581 0.83584 0.248244
8 0.786719 0.550937 0.369579 0.190867
17 0.672493 0.946721 0.0241708 0.0983606
16 0.472889 0.267418 0.294727 0.133782
21 0.465482 0.576112 0.930964 0.783372
34 0.532536 0.47219 0.874825 0.242974
16 0.54969 0.850117 0.0608167 0.12178
12 0.657678 0.918618 0.0350866 0.0456675
0 0.736428 0.530738 0.459244 0.239461
3 0.667425 0.29457 0.193366 0.122804
23 0.904454 0.198917 0.190247 0.397834
22 0.451447 0.37822 0.902895 0.400468
34 0.736428 0.530738 0.459244 0.239461
35 0.222995 0.314915 0.44443 0.296399
1 0.714207 0.292813 0.341509 0.134514
19 0.488873 0.394028 0.916929 0.418033
7 0.222995 0.314915 0.44443 0.296399
16 0.484195 0.399883 0.912251 0.415691
35 0.714207 0.292813 0.341509 0.134514
14 0.547351 0.476581 0.83584 0.248244
24 0.667425 0.29457 0.193366 0.122804
24 0.344043 0.327576 0.686527 0.323185
32 0.423378 0.365047 0.846756 0.388173
10 0.431565 0.623536 0.86313 0.495316
18 0.345213 0.639344 0.690426 0.504684
26 0.632728 0.497073 0.426497 0.172131
14 0.786719 0.546253 0.372697 0.204918
22 0.758081 0.197014 0.483837 0.394028
24 0.721224 0.299107 0.327475 0.13832
32 0.736428 0.530738 0.459244 0.239461
10 0.73175 0.532787 0.467041 0.234192
14 0.899776 0.960187 0.199604 0.0772833
6 0.669082 0.500585 0.617329 0.303279
22 0.360612 0.331382 0.717326 0.325527
7 0.859231 0.962529 0.0218317 0.0632319
1 0.477178 0.499122 0.954355 0.650468
19 0.318508 0.320331 0.635457 0.304303
14 0.668984 0.9274 0.0280693 0.0655738
15 0.54969 0.850117 0.0608167 0.12178
32 0.714207 0.292813 0.341509 0.134514
9 0.547351 0.476581 0.83584 0.248244
16 0.6799 0.926229 0.096683 0.142857
33 0.224749 0.321721 0.448718 0.29918
21 0.724343 0.294204 0.321237 0.135831
23 0.727852 0.525176 0.473279 0.251756
16 0.259251 0.587676 0.518502 0.389052
16 0.660407 0.946136 0.0499009 0.100703
16 0.667035 0.94555 0.0350866 0.0995317
16 0.799974 0.553864 0.293168 0.183841
16 0.658068 0.292155 0.160619 0.122365
16 0.434976 0.274297 0.215393 0.106557
16 0.698223 0.504098 0.331373 0.167447
33 0.659628 0.292813 0.160619 0.121633
1 0.766057 0.532494 0.396868 0.217213
3 0.818687 0.553279 0.277574 0.18267
33 0.818687 0.553279 0.277574 0.18267
16 0.509925 0.462822 0.196485 0.152225
0 0.660407 0.946136 0.0499009 0.100703
16 0.632338 0.502927 0.216757 0.167447
14 0.660407 0.946136 0.0499009 0.100703
33 0.434976 0.274297 0.215393 0.106557
15 0.658848 0.29274 0.158279 0.120023
16 0.782041 0.305621 0.198044 0.118852
26 0.658068 0.292155 0.160619 0.122365
15 0.752412 0.534251 0.427277 0.224239
14 0.658068 0.292155 0.160619 0.122365
3 0.658068 0.292155 0.160619 0.122365
33 0.766057 0.532494 0.396868 0.217213
33 0.698223 0.504098 0.331373 0.167447
17 0.818687 0.553279 0.277574 0.18267
32 0.670154 0.944965 0.0304083 0.0995315
3 0.782041 0.305621 0.198044 0.118852
33 0.907573 0.203747 0.180891 0.39637
17 0.660407 0.29274 0.162178 0.122951
16 0.752412 0.534251 0.427277 0.224239
17 0.660407 0.947307 0.0499009 0.100703
28 0.818687 0.553279 0.277574 0.18267
33 0.632338 0.502927 0.216757 0.167447
14 0.772685 0.306499 0.212079 0.123536
18 0.658848 0.29274 0.158279 0.120023
14 0.799974 0.553864 0.293168 0.183841
16 0.96761 0.487119 0.0467821 0.0796253
0 0.818687 0.553279 0.277574 0.18267
32 0.766057 0.532494 0.396868 0.217213
13 0.698613 0.523419 0.534875 0.229508
16 0.670933 0.946136 0.0662746 0.101873
32 0.658848 0.29274 0.158279 0.120023
15 0.677561 0.51815 0.567623 0.229508
9 0.752412 0.534251 0.427277 0.224239
13 0.670154 0.944965 0.0304083 0.0995315
33 0.778337 0.305913 0.205451 0.121194
15 0.799974 0.553864 0.293168 0.183841
0 0.658068 0.292155 0.160619 0.122365
28 0.659628 0.292813 0.160619 0.121633
21 0.778337 0.305913 0.205451 0.121194
33 0.765667 0.546253 0.315 0.188525
20 0.658068 0.292155 0.160619 0.122365
18 0.818687 0.553279 0.277574 0.18267
0 0.766057 0.532494 0.396868 0.217213
28 0.781261 0.307377 0.199604 0.121194
3 0.698223 0.504098 0.331373 0.167447
10 0.752412 0.534251 0.427277 0.224239
3 0.434976 0.274297 0.215393 0.106557
0 0.772685 0.306499 0.212079 0.123536
5 0.43751 0.275176 0.219681 0.11007
10 0.904454 0.202869 0.18401 0.397541
7 0.718885 0.528981 0.492772 0.233607
10 0.660407 0.946136 0.0499009 0.100703
33 0.691595 0.526347 0.547351 0.230679
7 0.799974 0.553864 0.293168 0.183841
17 0.778337 0.305913 0.205451 0.121194
26 0.772685 0.306499 0.212079 0.123536
16 0.846561 0.553279 0.224944 0.18267
16 0.492772 0.504098 0.101361 0.0597189
14 0.632338 0.501756 0.215198 0.175644
7 0.901335 0.200527 0.190247 0.393443
1 0.691595 0.526347 0.547351 0.230679
20 0.818687 0.553279 0.277574 0.18267
24 0.818687 0.553279 0.277574 0.18267
0 0.433904 0.276932 0.214418 0.107728
16 0.751633 0.519614 0.325915 0.180913
5 0.752412 0.534251 0.427277 0.224239
0 0.691595 0.526347 0.547351 0.230679
14 0.435951 0.273712 0.218122 0.11007
33 0.509925 0.462822 0.196485 0.152225
8 0.799974 0.553864 0.293168 0.183841
2 0.698613 0.523419 0.534875 0.229508
28 0.433904 0.276932 0.214418 0.107728
22 0.752412 0.534251 0.427277 0.224239
18 0.778337 0.305913 0.205451 0.121194
5 0.658068 0.292155 0.160619 0.122365
30 0.766057 0.532494 0.396868 0.217213
32 0.691595 0.526347 0.547351 0.230679
28 0.698223 0.504098 0.331373 0.167447
3 0.632338 0.502927 0.216757 0.167447
28 0.647153 0.502927 0.230792 0.17096
14 0.901335 0.200527 0.190247 0.393443
1 0.658848 0.29274 0.158279 0.120023
32 0.907573 0.203747 0.180891 0.39637
11 0.658068 0.292155 0.160619 0.122365
21 0.807966 0.554742 0.292778 0.180913
20 0.782041 0.305621 0.198044 0.118852
16 0.927845 0.79918 0.140346 0.152225
5 0.818687 0.553279 0.277574 0.18267
16 0.907573 0.203747 0.180891 0.39637
16 0.685358 0.523126 0.555148 0.237119
23 0.242877 0.322014 0.437413 0.289227
15 0.433904 0.276932 0.214418 0.107728
24 0.658068 0.292155 0.160619 0.122365
24 0.772685 0.306499 0.212079 0.123536
21 0.434976 0.274297 0.215393 0.106557
1 0.907573 0.203747 0.180891 0.39637
16 0.477957 0.270785 0.116955 0.0936768
24 0.43751 0.275176 0.219681 0.11007
26 0.818687 0.553279 0.277574 0.18267
17 0.632338 0.502927 0.216757 0.167447
15 0.660407 0.946136 0.0499009 0.100703
26 0.901335 0.202283 0.193366 0.397541
15 0.647153 0.502927 0.230792 0.17096
14 0.698223 0.504098 0.331373 0.167447
7 0.658848 0.29274 0.158279 0.120023
16 0.664696 0.495902 0.10526 0.138173
15 0.901335 0.202283 0.193366 0.397541
16 0.607778 0.49678 0.353205 0.185597
16 0.504467 0.504098 0.0701732 0.0579625
0 0.698223 0.504098 0.331373 0.167447
15 0.670154 0.944965 0.0304083 0.0995315
18 0.433904 0.276932 0.214418 0.107728
5 0.772685 0.306499 0.212079 0.123536
5 0.661187 0.943794 0.0467821 0.0983607
0 0.632338 0.502927 0.216757 0.167447
21 0.658068 0.292155 0.160619 0.122365
33 0.927845 0.79918 0.140346 0.152225
15 0.653504 0.495316 0.692992 0.214286
15 0.772685 0.306499 0.212079 0.123536
14 0.670154 0.944965 0.0304083 0.0995315
26 0.718885 0.528981 0.492772 0.233607
19 0.901335 0.200527 0.190247 0.393443
16 0.488873 0.502635 0.155161 0.0755269
24 0.766057 0.532494 0.396868 0.217213
11 0.818687 0.553279 0.277574 0.18267
26 0.433904 0.276932 0.214418 0.107728
16 0.539554 0.480094 0.266658 0.181499
6 0.907573 0.203747 0.180891 0.39637
8 0.658068 0.292155 0.160619 0.122365
17 0.698223 0.504098 0.331373 0.167447
21 0.272311 0.322892 0.493941 0.289813
33 0.653504 0.495316 0.692992 0.214286
18 0.752412 0.534251 0.427277 0.224239
33 0.512865 0.671985 0.97427 0.65603
22 0.658848 0.29274 0.158279 0.120023
14 0.846561 0.553279 0.224944 0.18267
21 0.718885 0.528981 0.492772 0.233607
30 0.691595 0.526347 0.547351 0.230679
16 0.451447 0.270053 0.112277 0.0998243
16 0.954355 0.820843 0.0873266 0.115925
17 0.435951 0.273712 0.218122 0.11007
7 0.511484 0.456674 0.203502 0.156909
14 0.502908 0.461358 0.187128 0.153396
16 0.668984 0.505269 0.102921 0.0995316
23 0.782041 0.305621 0.198044 0.118852
11 0.781261 0.307377 0.199604 0.121194
32 0.765667 0.30445 0.227673 0.122951
15 0.726682 0.293984 0.308762 0.122804
21 0.698223 0.504098 0.331373 0.167447
2 0.763328 0.542155 0.407004 0.210773
16 0.980865 0.480679 0.0311881 0.0725995
0 0.907573 0.203747 0.180891 0.39637
16 0.934083 0.816159 0.121633 0.112412
23 0.835061 0.553864 0.251064 0.181499
3 0.677561 0.51815 0.567623 0.229508
5 0.698223 0.504098 0.331373 0.167447
9 0.658068 0.292155 0.160619 0.122365
8 0.781261 0.307377 0.199604 0.121194
9 0.685358 0.523126 0.555148 0.237119
30 0.907573 0.203747 0.180891 0.39637
16 0.949677 0.796253 0.0966831 0.0948478
23 0.352815 0.326112 0.662746 0.295082
16 0.466652 0.456089 0.306423 0.165105
16 0.242877 0.322014 0.437413 0.289227
10 0.677561 0.51815 0.567623 0.229508
23 0.698613 0.523419 0.534875 0.229508
3 0.242877 0.322014 0.437413 0.289227
18 0.632338 0.501756 0.215198 0.175644
32 0.653504 0.495316 0.692992 0.214286
16 0.722784 0.301229 0.310321 0.132319
0 0.653504 0.495316 0.692992 0.214286
12 0.658068 0.292155 0.160619 0.122365
20 0.632338 0.502927 0.216757 0.167447
20 0.698223 0.504098 0.331373 0.167447
23 0.659628 0.292813 0.160619 0.121633
20 0.242877 0.322014 0.437413 0.289227
7 0.670154 0.508782 0.608947 0.223653
12 0.242877 0.322014 0.437413 0.289227
17 0.664696 0.495902 0.10526 0.138173
16 0.488093 0.483021 0.215198 0.110656
13 0.901335 0.205064 0.193366 0.404274
16 0.672883 0.944965 0.0265099 0.103044
16 0.880283 0.786885 0.23547 0.173302
16 0.81167 0.298302 0.10448 0.0971897
16 0.454176 0.252635 0.108379 0.0550351
8 0.433904 0.276932 0.214418 0.107728
18 0.242877 0.322014 0.437413 0.289227
26 0.782626 0.540691 0.36529 0.210187
21 0.503899 0.678718 0.992203 0.642564
28 0.516163 0.459602 0.204282 0.152225
33 0.751633 0.519614 0.325915 0.180913
13 0.352815 0.326112 0.662746 0.295082
7 0.43751 0.275176 0.219681 0.11007
9 0.901335 0.202283 0.193366 0.397541
15 0.242877 0.322014 0.437413 0.289227
33 0.722784 0.301229 0.310321 0.132319
6 0.782041 0.305621 0.198044 0.118852
10 0.242877 0.322014 0.437413 0.289227
20 0.434976 0.274297 0.215393 0.106557
7 0.698223 0.504098 0.331373 0.167447
8 0.698223 0.504098 0.331373 0.167447
21 0.39258 0.327283 0.743056 0.296253
16 0.499009 0.302693 0.0857672 0.0497658
25 0.763328 0.542155 0.407004 0.210773
6 0.509746 0.676229 0.980507 0.647541
21 0.907573 0.203747 0.180891 0.39637
16 0.86235 0.966042 0.0249505 0.0632319
28 0.402716 0.327576 0.766447 0.300351
33 0.685748 0.19877 0.624541 0.394028
22 0.904454 0.202869 0.18401 0.397541
7 0.39258 0.327283 0.743056 0.296253
32 0.660407 0.946136 0.0499009 0.100703
3 0.780481 0.541569 0.318118 0.194379
12 0.647153 0.502927 0.230792 0.17096
13 0.242877 0.322014 0.437413 0.289227
22 0.685358 0.523126 0.555148 0.237119
13 0.763328 0.542155 0.407004 0.210773
12 0.828823 0.553279 0.257302 0.181499
26 0.670154 0.508782 0.608947 0.223653
8 0.632338 0.502927 0.216757 0.167447
0 0.539554 0.524005 0.857672 0.251756
7 0.524171 0.68911 0.951658 0.62178
33 0.607778 0.49678 0.353205 0.185597
14 0.661187 0.94555 0.0717326 0.103044
28 0.901335 0.203601 0.190247 0.393735
16 0.696274 0.293618 0.0842078 0.105972
5 0.632338 0.502927 0.216757 0.167447
25 0.698613 0.523419 0.534875 0.229508
24 0.409343 0.334895 0.778142 0.319672
33 0.488873 0.502635 0.155161 0.0755269
1 0.818687 0.553279 0.277574 0.18267
16 0.677171 0.947307 0.0951236 0.100703
14 0.96761 0.487119 0.0467821 0.0796253
18 0.883402 0.964871 0.0795295 0.0679157
18 0.901335 0.200527 0.190247 0.393443
24 0.698223 0.504098 0.331373 0.167447
16 0.669764 0.532201 0.102921 0.057377
10 0.661187 0.291642 0.163737 0.121633
3 0.752412 0.534251 0.427277 0.224239
16 0.458855 0.250585 0.065495 0.0468384
10 0.799974 0.553864 0.293168 0.183841
33 0.670544 0.944965 0.0249505 0.100703
24 0.632338 0.502927 0.216757 0.167447
16 0.47172 0.259075 0.106039 0.0649883
7 0.772685 0.306499 0.212079 0.123536
27 0.276404 0.3226 0.510705 0.290398
6 0.659628 0.292813 0.160619 0.121633
33 0.880283 0.786885 0.23547 0.173302
15 0.513255 0.691891 0.97349 0.613876
26 0.503899 0.678718 0.992203 0.642564
1 0.772685 0.306499 0.212079 0.123536
1 0.433904 0.276932 0.214418 0.107728
0 0.509925 0.462822 0.196485 0.152225
21 0.632338 0.502927 0.216757 0.167447
24 0.901335 0.200527 0.190247 0.393443
24 0.691595 0.526347 0.547351 0.230679
19 0.766057 0.532494 0.396868 0.217213
16 0.944999 0.761124 0.106039 0.058548
15 0.846561 0.553279 0.224944 0.18267
5 0.677561 0.51815 0.567623 0.229508
16 0.653504 0.495316 0.692992 0.214286
14 0.477178 0.451405 0.274455 0.167447
3 0.509925 0.462822 0.196485 0.152225
21 0.515773 0.462529 0.211299 0.148712
26 0.39258 0.327283 0.743056 0.296253
33 0.883402 0.964871 0.0795295 0.0679157
18 0.677561 0.51815 0.567623 0.229508
33 0.664306 0.947892 0.065495 0.103044
34 0.901335 0.203601 0.190247 0.393735
33 0.539554 0.524005 0.857672 0.251756
18 0.780481 0.541569 0.318118 0.194379
12 0.781261 0.307377 0.199604 0.121194
17 0.780481 0.541569 0.318118 0.194379
5 0.242877 0.322014 0.437413 0.289227
17 0.752412 0.534251 0.427277 0.224239
16 0.495501 0.282494 0.0912251 0.0714286
20 0.352815 0.326112 0.662746 0.295082
16 0.930184 0.797424 0.127871 0.113583
29 0.659628 0.292813 0.160619 0.121633
0 0.927065 0.79274 0.141906 0.152225
11 0.433904 0.276932 0.214418 0.107728
4 0.242877 0.322014 0.437413 0.289227
0 0.402716 0.327576 0.766447 0.300351
20 0.752412 0.534251 0.427277 0.224239
9 0.781261 0.307377 0.199604 0.121194
16 0.503899 0.678718 0.992203 0.642564
16 0.887301 0.966042 0.0842078 0.0608899
2 0.901335 0.202283 0.193366 0.397541
33 0.539554 0.480094 0.266658 0.181499
15 0.402716 0.327576 0.766447 0.300351
16 0.657679 0.289813 0.160619 0.12178
16 0.795296 0.557377 0.321237 0.18267
16 0.431175 0.276347 0.212859 0.107728
16 0.670544 0.946136 0.0397648 0.103045
16 0.663136 0.946136 0.0467821 0.0948478
16 0.684578 0.502342 0.268217 0.168618
16 0.780482 0.305547 0.194925 0.125439
14 0.657679 0.289813 0.160619 0.12178
16 0.493941 0.275761 0.0982424 0.10363
7 0.795296 0.557377 0.321237 0.18267
16 0.62688 0.498244 0.265099 0.175644
16 0.181476 0.363583 0.253793 0.127635
14 0.430006 0.276273 0.211299 0.107875
16 0.514993 0.462237 0.219096 0.149883
18 0.824145 0.557962 0.274455 0.180328
7 0.657679 0.289813 0.160619 0.12178
33 0.659628 0.290105 0.15594 0.122365
18 0.657679 0.289813 0.160619 0.12178
7 0.430006 0.276273 0.211299 0.107875
33 0.795296 0.557377 0.321237 0.18267
16 0.672103 0.946721 0.0608168 0.100703
16 0.614405 0.478337 0.141906 0.135831
0 0.661967 0.946136 0.0530197 0.103045
16 0.173289 0.350703 0.315779 0.141686
19 0.657679 0.289813 0.160619 0.12178
26 0.657679 0.289813 0.160619 0.12178
5 0.663136 0.946136 0.0467821 0.0948478
33 0.429616 0.276932 0.207401 0.111241
14 0.795296 0.557377 0.321237 0.18267
0 0.657679 0.289813 0.160619 0.12178
14 0.78438 0.305547 0.185569 0.125439
16 0.480686 0.504684 0.123193 0.0620609
16 0.169585 0.378513 0.286151 0.169204
0 0.795296 0.557377 0.321237 0.18267
18 0.78438 0.305547 0.185569 0.125439
15 0.430006 0.276273 0.211299 0.107875
16 0.41714 0.42096 0.109938 0.111241
0 0.78438 0.305547 0.185569 0.125439
7 0.78438 0.305547 0.185569 0.125439
15 0.795296 0.557377 0.321237 0.18267
16 0.207011 0.385831 0.21013 0.134075
18 0.661967 0.946136 0.0530197 0.103045
19 0.431175 0.276347 0.212859 0.107728
15 0.181476 0.363583 0.253793 0.127635
15 0.657679 0.289813 0.160619 0.12178
33 0.78438 0.305547 0.185569 0.125439
16 0.563335 0.497073 0.359443 0.180328
19 0.824145 0.557962 0.274455 0.180328
16 0.763718 0.504684 0.303304 0.155738
18 0.430006 0.276273 0.211299 0.107875
16 0.484975 0.501756 0.158279 0.0761124
0 0.430395 0.275029 0.20818 0.112705
16 0.360612 0.423888 0.18323 0.131148
16 0.945778 0.799766 0.102921 0.145199
16 0.388974 0.424766 0.148338 0.124707
19 0.181476 0.363583 0.253793 0.127635
15 0.165492 0.297497 0.286151 0.232875
16 0.177041 0.299766 0.305546 0.236534
5 0.670544 0.946136 0.0397648 0.103045
16 0.565284 0.476581 0.201943 0.135831
16 0.712258 0.293326 0.158279 0.129391
26 0.181476 0.363583 0.253793 0.127635
16 0.254134 0.388173 0.219194 0.122951
16 0.96683 0.484485 0.0483415 0.0831382
16 0.52279 0.282494 0.136448 0.110656
16 0.764108 0.51815 0.416361 0.192037
5 0.430395 0.275029 0.20818 0.112705
14 0.684578 0.502342 0.268217 0.168618
14 0.169585 0.378513 0.286151 0.169204
33 0.684578 0.502342 0.268217 0.168618
7 0.693155 0.502927 0.263539 0.162763
15 0.78438 0.305547 0.185569 0.125439
7 0.62688 0.498244 0.265099 0.175644
14 0.638186 0.496487 0.212859 0.168618
0 0.670544 0.946136 0.0397648 0.103045
16 0.454176 0.423302 0.202722 0.114754
16 0.73136 0.302035 0.283812 0.135978
10 0.783016 0.54596 0.358273 0.209016
14 0.181476 0.363583 0.253793 0.127635
33 0.661967 0.946136 0.0530197 0.103045
11 0.165492 0.297497 0.286151 0.232875
16 0.467139 0.45082 0.243072 0.172131
9 0.657679 0.289813 0.160619 0.12178
14 0.661967 0.946136 0.0530197 0.103045
18 0.670544 0.946136 0.0397648 0.103045
33 0.670544 0.946136 0.0397648 0.103045
19 0.774244 0.551522 0.346188 0.19555
7 0.667425 0.946136 0.0467821 0.0960187
16 0.308957 0.389637 0.106429 0.108314
5 0.658068 0.29091 0.160619 0.120755
15 0.340389 0.280445 0.39833 0.138759
16 0.871902 0.74356 0.214808 0.117096
18 0.177041 0.299766 0.305546 0.236534
16 0.311881 0.415105 0.277574 0.162763
15 0.283422 0.317623 0.516942 0.245316
10 0.659628 0.290105 0.15594 0.122365
18 0.167538 0.364169 0.279328 0.135831
26 0.824145 0.557962 0.274455 0.180328
3 0.657679 0.289813 0.160619 0.12178
15 0.173289 0.350703 0.315779 0.141686
33 0.514993 0.462237 0.219096 0.149883
16 0.928625 0.79274 0.132549 0.152225
28 0.824145 0.557962 0.274455 0.180328
16 0.842858 0.555913 0.238589 0.180913
33 0.638186 0.496487 0.212859 0.168618
14 0.670544 0.946136 0.0397648 0.103045
3 0.780482 0.305547 0.194925 0.125439
33 0.493941 0.275761 0.0982424 0.10363
26 0.430006 0.276273 0.211299 0.107875
17 0.661967 0.946136 0.0530197 0.103045
28 0.657679 0.289813 0.160619 0.12178
13 0.663136 0.946136 0.0467821 0.0948478
16 0.83584 0.717213 0.121634 0.0620609
19 0.684578 0.502342 0.268217 0.168618
9 0.780482 0.305547 0.194925 0.125439
19 0.169585 0.378513 0.286151 0.169204
8 0.795296 0.557377 0.321237 0.18267
19 0.780481 0.306792 0.196485 0.126464
32 0.783016 0.54596 0.358273 0.209016
14 0.499399 0.460187 0.18323 0.155738
13 0.670544 0.946136 0.0397648 0.103045
7 0.494331 0.500585 0.165297 0.0766979
16 0.457685 0.258197 0.140346 0.0632318
16 0.187323 0.416276 0.3649 0.259953
16 0.879504 0.769321 0.237029 0.166276
15 0.10392 0.288056 0.163299 0.223653
19 0.403203 0.422717 0.115201 0.115925
3 0.430395 0.275029 0.20818 0.112705
26 0.78438 0.305547 0.185569 0.125439
7 0.493941 0.275761 0.0982424 0.10363
26 0.165492 0.297497 0.286151 0.232875
14 0.585556 0.498244 0.329034 0.177986
14 0.614405 0.478337 0.141906 0.135831
33 0.181476 0.363583 0.253793 0.127635
33 0.585556 0.498244 0.329034 0.177986
16 0.682629 0.942623 0.0670544 0.112412
7 0.183035 0.377635 0.260031 0.163934
9 0.431175 0.276347 0.212859 0.107728
32 0.78438 0.305547 0.185569 0.125439
16 0.331373 0.396663 0.1575 0.112412
16 0.954355 0.814988 0.0842078 0.124122
16 0.670544 0.935597 0.0202723 0.0843091
19 0.614405 0.478337 0.141906 0.135831
33 0.73136 0.302035 0.283812 0.135978
19 0.62688 0.498244 0.265099 0.175644
16 0.253988 0.413642 0.351256 0.185597
33 0.614405 0.478337 0.141906 0.135831
33 0.494331 0.500585 0.165297 0.0766979
15 0.350476 0.316159 0.658848 0.285714
9 0.783016 0.54596 0.358273 0.209016
7 0.502128 0.460187 0.18401 0.151054
18 0.783016 0.54596 0.358273 0.209016
10 0.430006 0.276273 0.211299 0.107875
7 0.777363 0.536885 0.39141 0.224824
7 0.871902 0.74356 0.214808 0.117096
3 0.824145 0.557962 0.274455 0.180328
1 0.786134 0.551815 0.348917 0.199649
5 0.824145 0.557962 0.274455 0.180328
7 0.614405 0.478337 0.141906 0.135831
33 0.678341 0.947307 0.0826484 0.100703
5 0.78438 0.305547 0.185569 0.125439
19 0.672103 0.946721 0.0608168 0.100703
16 0.545012 0.846604 0.0537994 0.124122
16 0.361782 0.423302 0.250284 0.140515
17 0.795296 0.557377 0.321237 0.18267
33 0.877165 0.745902 0.230792 0.12178
18 0.10392 0.288056 0.163299 0.223653
16 0.420162 0.295667 0.245021 0.151054
15 0.662747 0.500585 0.26042 0.173302
7 0.928625 0.795082 0.138787 0.149883
14 0.420162 0.295667 0.245021 0.151054
11 0.795296 0.557377 0.321237 0.18267
17 0.165492 0.297497 0.286151 0.232875
33 0.670544 0.935597 0.0202723 0.0843091
8 0.780482 0.305547 0.194925 0.125439
7 0.763718 0.504684 0.303304 0.155738
16 0.467431 0.290105 0.196485 0.140515
16 0.283422 0.470433 0.325136 0.227752
15 0.494331 0.500585 0.165297 0.0766979
33 0.514213 0.691745 0.945778 0.616511
15 0.670544 0.947307 0.0686137 0.101874
16 0.475618 0.248536 0.0935642 0.0485948
16 0.293363 0.296546 0.500958 0.20726
7 0.563335 0.497073 0.359443 0.180328
14 0.678341 0.947307 0.0826484 0.100703
16 0.420259 0.246194 0.0842078 0.0570843
19 0.514993 0.462237 0.219096 0.149883
17 0.658068 0.290105 0.159059 0.125878
16 0.596472 0.286227 0.174653 0.113729
14 0.173289 0.350703 0.315779 0.141686
17 0.670544 0.946136 0.0397648 0.103045
16 0.560995 0.287471 0.187908 0.116511
15 0.169585 0.378513 0.286151 0.169204
16 0.665475 0.485656 0.112277 0.124707
15 0.670544 0.946136 0.0397648 0.103045
10 0.721614 0.529859 0.477957 0.228337
16 0.340389 0.280445 0.39833 0.138759
16 0.398818 0.245755 0.0927846 0.0550351
1 0.658068 0.29091 0.160619 0.120755
16 0.504467 0.503806 0.0717326 0.0603044
17 0.10392 0.288056 0.163299 0.223653
28 0.430006 0.276273 0.211299 0.107875
10 0.780482 0.305547 0.194925 0.125439
16 0.722004 0.698478 0.126312 0.138173
14 0.493941 0.275761 0.0982424 0.10363
14 0.62844 0.287471 0.201163 0.11534
32 0.658068 0.29091 0.160619 0.120755
28 0.177041 0.299766 0.305546 0.236534
33 0.739937 0.549766 0.442871 0.214286
14 0.165492 0.297497 0.286151 0.232875
18 0.293363 0.296546 0.500958 0.20726
16 0.632338 0.485363 0.202722 0.15281
9 0.818687 0.556792 0.285371 0.180328
11 0.657679 0.289813 0.160619 0.12178
19 0.565284 0.476581 0.201943 0.135831
16 0.700172 0.693208 0.146584 0.131148
18 0.415191 0.42096 0.0943439 0.117096
19 0.493941 0.275761 0.0982424 0.10363
7 0.712258 0.293326 0.158279 0.129391
19 0.454176 0.423302 0.202722 0.114754
28 0.684578 0.502342 0.268217 0.168618
16 0.838959 0.726581 0.145025 0.0831382
26 0.340389 0.280445 0.39833 0.138759
19 0.173289 0.350703 0.315779 0.141686
16 0.387122 0.252049 0.122413 0.0690867
16 0.721614 0.497951 0.211299 0.144614
33 0.565284 0.476581 0.201943 0.135831
26 0.657289 0.499122 0.241708 0.169204
33 0.763718 0.504684 0.303304 0.155738
26 0.283422 0.317623 0.516942 0.245316
15 0.640915 0.298595 0.472499 0.142272
16 0.234739 0.30745 0.314902 0.245755
16 0.334151 0.443794 0.333615 0.160422
24 0.785939 0.555913 0.349306 0.192623
19 0.871902 0.74356 0.214808 0.117096
33 0.928625 0.79274 0.132549 0.152225
14 0.494331 0.500585 0.165297 0.0766979
18 0.678341 0.947307 0.0826484 0.100703
28 0.78438 0.305547 0.185569 0.125439
15 0.502128 0.460187 0.18401 0.151054
7 0.340389 0.280445 0.39833 0.138759
14 0.426107 0.420375 0.13021 0.11007
32 0.824145 0.557962 0.274455 0.180328
16 0.590624 0.511124 0.457685 0.210773
26 0.362951 0.313232 0.683798 0.276347
16 0.432735 0.262441 0.169975 0.0822599
0 0.96761 0.485363 0.0514603 0.087822
26 0.173289 0.350703 0.315779 0.141686
7 0.283422 0.317623 0.516942 0.245316
11 0.781456 0.305621 0.192976 0.126464
33 0.426107 0.420375 0.13021 0.11007
19 0.494331 0.500585 0.165297 0.0766979
15 0.431955 0.365047 0.83584 0.365925
17 0.415191 0.42096 0.0943439 0.117096
14 0.928625 0.79274 0.132549 0.152225
16 0.62844 0.287471 0.201163 0.11534
14 0.467139 0.45082 0.243072 0.172131
14 0.360612 0.423888 0.18323 0.131148
16 0.448329 0.472482 0.272116 0.227166
14 0.187323 0.416276 0.3649 0.259953
26 0.783016 0.54596 0.358273 0.209016
14 0.565284 0.476581 0.201943 0.135831
15 0.493941 0.674619 0.931744 0.592213
19 0.763718 0.504684 0.303304 0.155738
23 0.407004 0.313525 0.779702 0.262881
33 0.62844 0.287471 0.201163 0.11534
22 0.658068 0.29091 0.160619 0.120755
7 0.879504 0.769321 0.237029 0.166276
33 0.44443 0.517564 0.88886 0.759953
23 0.430395 0.275029 0.20818 0.112705
14 0.308957 0.389637 0.106429 0.108314
10 0.818687 0.556792 0.285371 0.180328
21 0.430006 0.276273 0.211299 0.107875
8 0.657679 0.289813 0.160619 0.12178
16 0.2612 0.30906 0.488093 0.265954
15 0.493941 0.275761 0.0982424 0.10363
14 0.403203 0.422717 0.115201 0.115925
16 0.675222 0.946136 0.10448 0.103045
32 0.640915 0.298595 0.472499 0.142272
11 0.173289 0.350703 0.315779 0.141686
14 0.871902 0.74356 0.214808 0.117096
16 0.845197 0.724824 0.134109 0.0562061
16 0.49745 0.275322 0.198044 0.103337
33 0.640915 0.298595 0.472499 0.142272
5 0.783016 0.54596 0.358273 0.209016
18 0.693155 0.502927 0.263539 0.162763
16 0.411293 0.45082 0.374257 0.186183
24 0.437413 0.541569 0.856113 0.72014
3 0.663136 0.946136 0.0467821 0.0948478
14 0.454176 0.423302 0.202722 0.114754
23 0.824145 0.557962 0.274455 0.180328
16 0.362951 0.313232 0.683798 0.276347
19 0.73136 0.302035 0.283812 0.135978
7 0.565284 0.476581 0.201943 0.135831
33 0.945778 0.799766 0.102921 0.145199
16 0.817128 0.709602 0.0779702 0.0515223
26 0.437413 0.541569 0.856113 0.72014
7 0.454176 0.423302 0.202722 0.114754
26 0.431955 0.365047 0.83584 0.365925
2 0.786134 0.551815 0.348917 0.199649
