23 0.768006 0.685012 0.305643 0.172131
17 0.774244 0.68267 0.297846 0.168618
11 0.769956 0.68267 0.301745 0.17096
7 0.769956 0.68267 0.301745 0.17096
0 0.768006 0.685012 0.305643 0.172131
8 0.774244 0.68267 0.297846 0.168618
18 0.776583 0.68267 0.308762 0.177986
33 0.774244 0.685597 0.297846 0.168618
14 0.774244 0.68267 0.297846 0.168618
21 0.774244 0.685597 0.297846 0.168618
26 0.778142 0.686183 0.28849 0.163934
22 0.774244 0.686183 0.294727 0.161592
24 0.776583 0.68267 0.308762 0.177986
5 0.774244 0.68267 0.297846 0.168618
6 0.774244 0.68267 0.297846 0.168618
15 0.774244 0.686183 0.294727 0.161592
20 0.772295 0.686183 0.295507 0.160422
3 0.774244 0.68267 0.297846 0.168618
1 0.772295 0.686183 0.295507 0.160422
16 0.774244 0.686183 0.294727 0.161592
9 0.772295 0.686183 0.295507 0.160422
19 0.772295 0.686183 0.295507 0.160422
35 0.774244 0.686183 0.294727 0.161592
32 0.772295 0.686183 0.295507 0.160422
4 0.772295 0.686183 0.295507 0.160422
7 0.578929 0.774005 0.0553588 0.0725996
26 0.578929 0.774005 0.0553588 0.0725996
27 0.772295 0.686183 0.295507 0.160422
12 0.768006 0.685012 0.305643 0.172131
31 0.772295 0.686183 0.295507 0.160422
33 0.577759 0.775176 0.0499009 0.0702576
25 0.774244 0.686183 0.294727 0.161592
2 0.772295 0.686183 0.295507 0.160422
12 0.183035 0.644028 0.0284591 0.0199063
28 0.774244 0.685597 0.297846 0.168618
16 0.582047 0.773419 0.0662747 0.0714286
17 0.578929 0.774005 0.0553588 0.0725996
16 0.577759 0.778103 0.0483415 0.0655737
16 0.178552 0.662763 0.0206621 0.0562061
11 0.578929 0.774005 0.0553588 0.0725996
16 0.594912 0.776347 0.0171534 0.0702576
30 0.774244 0.686183 0.294727 0.161592
34 0.774244 0.68911 0.297846 0.160422
16 0.570742 0.779859 0.0335272 0.0608899
13 0.773659 0.68267 0.299016 0.166276
0 0.578929 0.774005 0.0553588 0.0725996
14 0.577759 0.775176 0.0499009 0.0702576
16 0.773464 0.745902 0.290049 0.0538642
10 0.772295 0.686183 0.295507 0.160422
18 0.578929 0.774005 0.0553588 0.0725996
12 0.182255 0.660422 0.0304084 0.0515222
26 0.180891 0.666862 0.0206621 0.0690866
15 0.577759 0.778103 0.0483415 0.0655737
22 0.774244 0.603191 0.297846 0.334602
7 0.722004 0.745902 0.187128 0.0515223
16 0.817907 0.742389 0.0608168 0.0409836
16 0.698613 0.748244 0.0280692 0.0374707
5 0.579708 0.774005 0.0584777 0.0761124
17 0.782041 0.620609 0.300965 0.297424
12 0.578929 0.774005 0.0553588 0.0725996
3 0.774244 0.603191 0.297846 0.334602
21 0.778337 0.607143 0.305253 0.327869
10 0.774244 0.603191 0.297846 0.334602
33 0.372697 0.767564 0.0335272 0.0409836
16 0.31344 0.694379 0.0233911 0.0421545
20 0.778337 0.607143 0.305253 0.327869
16 0.763328 0.744731 0.0249505 0.0421546
34 0.774244 0.603191 0.297846 0.334602
23 0.774244 0.603191 0.297846 0.334602
33 0.773464 0.745902 0.290049 0.0538642
4 0.778337 0.607143 0.305253 0.327869
24 0.578929 0.774005 0.0553588 0.0725996
13 0.775219 0.637588 0.302134 0.261124
16 0.768786 0.609485 0.297846 0.322014
16 0.599201 0.775176 0.0179331 0.0702576
21 0.577759 0.775176 0.0499009 0.0702576
31 0.578929 0.774005 0.0553588 0.0725996
16 0.713427 0.542155 0.0436633 0.0573771
26 0.31344 0.694379 0.0233911 0.0421545
3 0.778337 0.690867 0.305253 0.161592
5 0.778922 0.696721 0.307202 0.145199
33 0.778337 0.690867 0.305253 0.161592
1 0.778922 0.696721 0.307202 0.145199
15 0.777363 0.696721 0.307202 0.145199
22 0.777363 0.696721 0.307202 0.145199
18 0.775024 0.690867 0.294727 0.166276
0 0.775024 0.690867 0.294727 0.166276
28 0.778337 0.690867 0.305253 0.161592
24 0.775024 0.690867 0.294727 0.166276
14 0.778337 0.690867 0.305253 0.161592
32 0.777363 0.696721 0.307202 0.145199
16 0.775024 0.690867 0.294727 0.166276
17 0.775024 0.690867 0.294727 0.166276
7 0.778922 0.696721 0.307202 0.145199
30 0.777363 0.696721 0.307202 0.145199
8 0.778337 0.690867 0.305253 0.161592
9 0.778922 0.696721 0.307202 0.145199
26 0.778337 0.690867 0.305253 0.161592
10 0.777363 0.696721 0.307202 0.145199
23 0.775024 0.690867 0.294727 0.166276
20 0.778337 0.690867 0.305253 0.161592
27 0.778922 0.696721 0.307202 0.145199
19 0.778922 0.696721 0.307202 0.145199
11 0.778337 0.690867 0.305253 0.161592
35 0.777363 0.696721 0.307202 0.145199
4 0.778922 0.696721 0.307202 0.145199
21 0.777363 0.696721 0.307202 0.145199
2 0.778922 0.696721 0.307202 0.145199
16 0.177772 0.660422 0.0159839 0.0526932
14 0.177723 0.642857 0.0156915 0.0210773
25 0.777363 0.696721 0.307202 0.145199
32 0.182791 0.644028 0.027387 0.0234192
16 0.177723 0.642857 0.0156915 0.0210773
34 0.777363 0.696721 0.307202 0.145199
32 0.177723 0.642857 0.0156915 0.0210773
13 0.778922 0.684426 0.307202 0.166276
6 0.778337 0.690867 0.305253 0.161592
13 0.177772 0.660422 0.0159839 0.0526932
13 0.177723 0.642857 0.0156915 0.0210773
17 0.789838 0.711944 0.277574 0.122951
29 0.78516 0.694379 0.28849 0.151054
12 0.774244 0.688525 0.293168 0.168618
32 0.177772 0.660422 0.0159839 0.0526932
20 0.177723 0.642857 0.0156915 0.0210773
3 0.789838 0.711944 0.277574 0.122951
11 0.789838 0.711944 0.277574 0.122951
32 0.181671 0.666276 0.0300185 0.0655737
15 0.177723 0.642857 0.0156915 0.0210773
14 0.177772 0.660422 0.0159839 0.0526932
16 0.181671 0.666276 0.0300185 0.0655737
31 0.778922 0.696721 0.307202 0.145199
14 0.789838 0.711944 0.277574 0.122951
16 0.182791 0.644028 0.027387 0.0234192
14 0.182791 0.644028 0.027387 0.0234192
33 0.789838 0.711944 0.277574 0.122951
17 0.177723 0.642857 0.0156915 0.0210773
13 0.776583 0.651054 0.311881 0.240047
16 0.789838 0.711944 0.277574 0.122951
16 0.176602 0.668618 0.015594 0.0714286
18 0.789838 0.711944 0.277574 0.122951
32 0.178357 0.638173 0.0163737 0.0351288
14 0.178357 0.638173 0.0163737 0.0351288
0 0.789838 0.711944 0.277574 0.122951
20 0.177772 0.660422 0.0159839 0.0526932
5 0.777363 0.66452 0.308762 0.216628
5 0.177772 0.660422 0.0159839 0.0526932
0 0.177723 0.642857 0.0156915 0.0210773
14 0.176018 0.669204 0.0191027 0.0702576
20 0.789838 0.711944 0.277574 0.122951
33 0.177723 0.642857 0.0156915 0.0210773
23 0.778142 0.613437 0.307203 0.321136
2 0.776583 0.651054 0.311881 0.240047
13 0.178357 0.638173 0.0163737 0.0351288
24 0.789838 0.711944 0.277574 0.122951
23 0.790813 0.708431 0.280303 0.12178
6 0.789838 0.711944 0.277574 0.122951
5 0.176018 0.669204 0.0191027 0.0702576
26 0.790813 0.708431 0.280303 0.12178
10 0.177723 0.642857 0.0156915 0.0210773
17 0.176018 0.669204 0.0191027 0.0702576
8 0.177723 0.642857 0.0156915 0.0210773
10 0.778142 0.613437 0.307203 0.321136
31 0.776583 0.651054 0.311881 0.240047
12 0.779702 0.614754 0.308762 0.319672
10 0.777363 0.66452 0.308762 0.216628
16 0.779702 0.614754 0.308762 0.319672
15 0.181671 0.666276 0.0300185 0.0655737
10 0.177772 0.660422 0.0159839 0.0526932
15 0.777363 0.66452 0.308762 0.216628
33 0.183035 0.667447 0.0226114 0.0679157
5 0.779702 0.614754 0.308762 0.319672
3 0.779702 0.614754 0.308762 0.319672
18 0.776583 0.686183 0.285371 0.180328
14 0.775024 0.689695 0.290049 0.166276
3 0.773464 0.689695 0.297846 0.168618
7 0.773464 0.688525 0.299405 0.166276
5 0.773464 0.688525 0.299405 0.166276
17 0.773464 0.688525 0.299405 0.166276
4 0.773464 0.688525 0.299405 0.166276
16 0.775024 0.689695 0.290049 0.166276
1 0.773464 0.688525 0.299405 0.166276
20 0.773464 0.688525 0.299405 0.166276
15 0.775803 0.689695 0.28693 0.168618
21 0.773464 0.688525 0.299405 0.166276
27 0.773464 0.688525 0.299405 0.166276
9 0.773464 0.688525 0.299405 0.166276
35 0.773464 0.689695 0.297846 0.168618
19 0.773464 0.688525 0.299405 0.166276
29 0.773464 0.688525 0.299405 0.166276
31 0.773464 0.688525 0.299405 0.166276
26 0.775024 0.689695 0.290049 0.166276
2 0.773464 0.688525 0.299405 0.166276
11 0.773464 0.688525 0.299405 0.166276
23 0.775803 0.689695 0.28693 0.168618
8 0.773464 0.688525 0.299405 0.166276
7 0.775803 0.720726 0.290049 0.0983606
30 0.773464 0.689695 0.297846 0.168618
18 0.775803 0.720726 0.290049 0.0983606
24 0.775024 0.689695 0.290049 0.166276
13 0.775024 0.688525 0.296287 0.17096
14 0.775803 0.720726 0.290049 0.0983606
25 0.773464 0.688525 0.299405 0.166276
6 0.775024 0.689695 0.290049 0.166276
28 0.773074 0.692037 0.300185 0.161592
0 0.776583 0.686183 0.285371 0.180328
19 0.775803 0.720726 0.290049 0.0983606
32 0.775803 0.689695 0.28693 0.168618
12 0.773464 0.688525 0.299405 0.166276
16 0.775803 0.720726 0.290049 0.0983606
33 0.775024 0.689695 0.290049 0.166276
22 0.773464 0.689695 0.297846 0.168618
0 0.775803 0.720726 0.290049 0.0983606
15 0.775803 0.720726 0.290049 0.0983606
33 0.17899 0.644614 0.0131575 0.0222483
34 0.773659 0.683841 0.299016 0.175644
10 0.773464 0.689695 0.297846 0.168618
17 0.775803 0.720726 0.290049 0.0983606
26 0.775803 0.720726 0.290049 0.0983606
9 0.776583 0.711944 0.282252 0.119438
5 0.775803 0.720726 0.290049 0.0983606
6 0.775803 0.720726 0.290049 0.0983606
33 0.775803 0.720726 0.290049 0.0983606
16 0.178211 0.667447 0.0154966 0.0749414
4 0.775803 0.720726 0.290049 0.0983606
16 0.17899 0.644614 0.0131575 0.0222483
10 0.775803 0.720726 0.290049 0.0983606
3 0.776583 0.711944 0.282252 0.119438
12 0.775803 0.720726 0.290049 0.0983606
11 0.776583 0.711944 0.282252 0.119438
31 0.775803 0.720726 0.290049 0.0983606
33 0.180111 0.669789 0.0272896 0.0737705
27 0.775803 0.720726 0.290049 0.0983606
3 0.772685 0.619438 0.297846 0.320843
33 0.178211 0.667447 0.0154966 0.0749414
8 0.775803 0.720726 0.290049 0.0983606
23 0.772685 0.619438 0.297846 0.320843
1 0.775803 0.720726 0.290049 0.0983606
24 0.775803 0.720726 0.290049 0.0983606
21 0.775803 0.720726 0.290049 0.0983606
28 0.775803 0.720726 0.290049 0.0983606
12 0.772685 0.619438 0.297846 0.320843
23 0.776583 0.711944 0.282252 0.119438
25 0.775803 0.720726 0.290049 0.0983606
20 0.772685 0.619438 0.297846 0.320843
14 0.772685 0.619438 0.297846 0.320843
13 0.772685 0.619438 0.297846 0.320843
29 0.776583 0.711944 0.282252 0.119438
20 0.775803 0.720726 0.290049 0.0983606
16 0.180111 0.669789 0.0272896 0.0737705
13 0.178211 0.667447 0.0154966 0.0749414
4 0.772685 0.619438 0.297846 0.320843
18 0.772685 0.619438 0.297846 0.320843
13 0.17899 0.644614 0.0131575 0.0222483
32 0.775803 0.720726 0.290049 0.0983606
34 0.772685 0.619438 0.297846 0.320843
5 0.772685 0.619438 0.297846 0.320843
18 0.17899 0.644614 0.0131575 0.0222483
16 0.772295 0.663349 0.301745 0.234192
27 0.772685 0.619438 0.297846 0.320843
35 0.772685 0.619438 0.297846 0.320843
15 0.772295 0.663349 0.301745 0.234192
10 0.772685 0.612998 0.299406 0.337236
21 0.772685 0.619438 0.297846 0.320843
11 0.772685 0.619438 0.297846 0.320843
0 0.17899 0.644614 0.0131575 0.0222483
2 0.772685 0.619438 0.297846 0.320843
24 0.770345 0.747073 0.316559 0.241218
4 0.17899 0.644614 0.0131575 0.0222483
