11 0.682303 0.611872 0.27822 0.22831
18 0.324201 0.549087 0.361609 0.444064
15 0.327123 0.547945 0.35966 0.440639
11 0.322691 0.54395 0.37476 0.445206
23 0.325321 0.512557 0.36872 0.372146
21 0.327123 0.547945 0.35966 0.440639
7 0.665547 0.611872 0.236916 0.232877
7 0.326734 0.547374 0.361219 0.453196
16 0.324201 0.549087 0.361609 0.444064
17 0.322691 0.54395 0.37476 0.445206
18 0.682303 0.611872 0.27822 0.22831
8 0.665547 0.611872 0.236916 0.232877
23 0.682303 0.611872 0.27822 0.22831
17 0.682303 0.611872 0.27822 0.22831
1 0.326977 0.545662 0.359953 0.456621
26 0.682303 0.611872 0.27822 0.22831
5 0.682303 0.611872 0.27822 0.22831
20 0.327123 0.547945 0.35966 0.440639
21 0.682303 0.611872 0.27822 0.22831
11 0.79024 0.636986 0.196391 0.1621
26 0.79024 0.636986 0.196391 0.1621
3 0.324201 0.549087 0.361609 0.444064
14 0.327123 0.547945 0.35966 0.440639
8 0.329267 0.538242 0.366285 0.428082
5 0.79024 0.636986 0.196391 0.1621
26 0.326734 0.547374 0.361219 0.453196
16 0.717762 0.615297 0.335112 0.229452
9 0.32576 0.549087 0.36005 0.445205
0 0.682303 0.611872 0.27822 0.22831
31 0.32576 0.549087 0.36005 0.445205
2 0.32576 0.549087 0.36005 0.445205
22 0.325711 0.545662 0.360147 0.456621
11 0.745428 0.617009 0.293807 0.208904
0 0.329267 0.538242 0.366285 0.428082
26 0.745428 0.617009 0.293807 0.208904
24 0.682303 0.611872 0.27822 0.22831
33 0.682303 0.611872 0.27822 0.22831
15 0.676458 0.616438 0.0420837 0.210046
16 0.666716 0.613014 0.24393 0.234018
16 0.676458 0.616438 0.0420837 0.210046
32 0.325711 0.545662 0.360147 0.456621
4 0.32576 0.549087 0.36005 0.445205
23 0.371545 0.495434 0.270038 0.328767
7 0.716983 0.611872 0.339787 0.224886
19 0.327123 0.547945 0.35966 0.440639
18 0.79024 0.636986 0.196391 0.1621
34 0.326734 0.547374 0.361219 0.453196
6 0.716983 0.611872 0.339787 0.224886
14 0.688927 0.614155 0.296145 0.230594
35 0.324201 0.549087 0.361609 0.444064
8 0.716983 0.611872 0.339787 0.224886
33 0.325711 0.545662 0.360147 0.456621
13 0.325954 0.550228 0.361998 0.449772
10 0.32576 0.549087 0.36005 0.445205
0 0.369792 0.518265 0.272765 0.378995
5 0.745428 0.617009 0.293807 0.208904
24 0.32649 0.549087 0.362485 0.449772
31 0.653857 0.61758 0.215874 0.23516
15 0.714645 0.613014 0.339787 0.237443
16 0.675678 0.680365 0.0140279 0.0787672
16 0.68503 0.615297 0.0646843 0.212329
7 0.793357 0.627854 0.196391 0.191781
5 0.322691 0.54395 0.37476 0.445206
3 0.666716 0.613014 0.24393 0.234018
17 0.79024 0.636986 0.196391 0.1621
15 0.694382 0.615297 0.133265 0.212329
16 0.616449 0.673516 0.0545531 0.100457
18 0.369792 0.518265 0.272765 0.378995
17 0.37135 0.542808 0.273545 0.41895
19 0.66243 0.616438 0.229123 0.234018
16 0.676068 0.613585 0.0202626 0.211187
27 0.327123 0.547945 0.35966 0.440639
1 0.714645 0.613014 0.339787 0.237443
20 0.714645 0.613014 0.339787 0.237443
30 0.325711 0.545662 0.360147 0.456621
33 0.369792 0.518265 0.272765 0.378995
33 0.745428 0.617009 0.293807 0.208904
22 0.714645 0.613014 0.339787 0.237443
7 0.803488 0.644406 0.165218 0.15411
18 0.745428 0.617009 0.293807 0.208904
23 0.758287 0.612443 0.268089 0.210046
25 0.326149 0.549087 0.363947 0.454338
20 0.665547 0.611872 0.236916 0.232877
11 0.369792 0.518265 0.272765 0.378995
16 0.389665 0.710616 0.0171452 0.101598
31 0.806606 0.643836 0.160542 0.152968
28 0.33555 0.539954 0.35138 0.424658
4 0.682303 0.611872 0.27822 0.22831
16 0.66165 0.613014 0.137162 0.155251
16 0.624632 0.623288 0.110665 0.197489
17 0.758287 0.612443 0.268089 0.210046
23 0.79024 0.636986 0.196391 0.1621
31 0.793357 0.627854 0.196391 0.191781
12 0.682303 0.611872 0.27822 0.22831
9 0.714645 0.613014 0.339787 0.237443
0 0.79024 0.636986 0.196391 0.1621
16 0.691655 0.618721 0.145735 0.219178
26 0.369792 0.518265 0.272765 0.378995
21 0.371545 0.495434 0.270038 0.328767
6 0.665547 0.611872 0.236916 0.232877
6 0.322691 0.54395 0.37476 0.445206
24 0.745428 0.617009 0.293807 0.208904
14 0.79024 0.636986 0.196391 0.1621
16 0.793357 0.627854 0.196391 0.191781
5 0.676458 0.616438 0.0420837 0.210046
31 0.714645 0.613014 0.339787 0.237443
3 0.716983 0.611872 0.339787 0.224886
16 0.610215 0.597032 0.101313 0.136986
15 0.620346 0.63242 0.0849469 0.180365
16 0.833882 0.649543 0.109106 0.125571
16 0.617618 0.638699 0.0911815 0.16895
16 0.603201 0.692922 0.0124693 0.0605023
33 0.793357 0.627854 0.196391 0.191781
20 0.793357 0.627854 0.196391 0.191781
19 0.718542 0.611872 0.346022 0.240868
5 0.676068 0.613585 0.0202626 0.211187
3 0.796474 0.640411 0.183922 0.152968
21 0.806606 0.643836 0.160542 0.152968
5 0.676068 0.616438 0.111444 0.212329
24 0.79024 0.636986 0.196391 0.1621
30 0.716983 0.616438 0.341346 0.239726
0 0.745428 0.617009 0.293807 0.208904
21 0.793357 0.627854 0.196391 0.191781
16 0.280948 0.702055 0.0736466 0.121005
16 0.813814 0.635274 0.164828 0.130137
21 0.758287 0.612443 0.268089 0.210046
16 0.618398 0.653539 0.0600083 0.146119
10 0.665547 0.611872 0.236916 0.232877
3 0.37135 0.542808 0.273545 0.41895
5 0.618398 0.653539 0.0600083 0.146119
16 0.758287 0.612443 0.268089 0.210046
17 0.38304 0.471461 0.246268 0.278539
14 0.745428 0.617009 0.293807 0.208904
8 0.806606 0.643836 0.160542 0.152968
34 0.75517 0.665525 0.431748 0.351598
25 0.714645 0.613014 0.339787 0.237443
12 0.806606 0.643836 0.160542 0.152968
33 0.806606 0.643836 0.160542 0.152968
9 0.665547 0.611872 0.236916 0.232877
32 0.716983 0.616438 0.341346 0.239726
5 0.667885 0.60274 0.196391 0.190639
20 0.806606 0.643836 0.160542 0.152968
16 0.630088 0.60274 0.0576703 0.118721
35 0.718542 0.611872 0.346022 0.240868
16 0.977279 0.662671 0.0374078 0.0627854
15 0.612942 0.601598 0.148073 0.203196
16 0.37135 0.542808 0.273545 0.41895
27 0.717762 0.607306 0.347581 0.244292
5 0.68503 0.615297 0.0646843 0.212329
13 0.716593 0.607306 0.345243 0.247717
16 0.38304 0.471461 0.246268 0.278539
6 0.79024 0.636986 0.196391 0.1621
9 0.796474 0.640411 0.183922 0.152968
15 0.68503 0.615297 0.0646843 0.212329
14 0.321522 0.392123 0.377877 0.745434
15 0.392003 0.710046 0.0187039 0.0913242
17 0.658533 0.585616 0.254061 0.294521
2 0.718542 0.611872 0.346022 0.240868
16 0.667885 0.60274 0.196391 0.190639
16 0.841676 0.631279 0.0966368 0.0684932
7 0.676458 0.616438 0.0420837 0.210046
8 0.369792 0.518265 0.272765 0.378995
4 0.79024 0.636986 0.196391 0.1621
7 0.280948 0.702055 0.0736466 0.121005
15 0.833882 0.649543 0.109106 0.125571
0 0.389665 0.710616 0.0171452 0.101598
12 0.325954 0.547945 0.363557 0.458904
17 0.667495 0.615868 0.142617 0.210046
7 0.832129 0.644977 0.118848 0.143836
18 0.321522 0.392123 0.377877 0.745434
5 0.630088 0.60274 0.0576703 0.118721
7 0.28504 0.576484 0.273155 0.365297
1 0.656195 0.611872 0.221329 0.237443
34 0.443828 0.542237 0.617229 0.452055
15 0.676068 0.613585 0.0202626 0.211187
15 0.624632 0.623288 0.110665 0.197489
7 0.723217 0.66153 0.364726 0.334475
5 0.620346 0.63242 0.0849469 0.180365
5 0.369792 0.518265 0.272765 0.378995
3 0.704514 0.474886 0.369402 0.498858
31 0.369792 0.518265 0.272765 0.378995
19 0.806606 0.643836 0.160542 0.152968
12 0.793357 0.627854 0.196391 0.191781
15 0.604759 0.583333 0.118458 0.157534
1 0.677627 0.585616 0.281338 0.299087
23 0.676458 0.616438 0.0420837 0.210046
24 0.369792 0.518265 0.272765 0.378995
23 0.704514 0.474886 0.369402 0.498858
4 0.745428 0.617009 0.293807 0.208904
16 0.605539 0.616438 0.124693 0.212329
1 0.758287 0.612443 0.268089 0.210046
4 0.321522 0.392123 0.377877 0.745434
30 0.723217 0.66153 0.364726 0.334475
10 0.717762 0.607306 0.347581 0.244292
16 0.692824 0.578767 0.102871 0.133562
8 0.677627 0.585616 0.281338 0.299087
16 0.340762 0.678082 0.319135 0.165525
13 0.715034 0.47089 0.34836 0.507991
16 0.630867 0.695205 0.0148073 0.0616438
17 0.282166 0.567352 0.272668 0.388128
28 0.665547 0.611872 0.236916 0.232877
16 0.675289 0.670091 0.0218212 0.10274
5 0.610215 0.597032 0.101313 0.136986
14 0.671002 0.616438 0.180804 0.216895
26 0.953899 0.635274 0.0841676 0.124429
19 0.325808 0.392694 0.373981 0.753425
24 0.443828 0.542237 0.617229 0.452055
7 0.955458 0.667808 0.0779329 0.0890411
16 0.723217 0.66153 0.364726 0.334475
0 0.709189 0.6621 0.364726 0.332192
26 0.723217 0.66153 0.364726 0.334475
1 0.369207 0.487443 0.280948 0.309361
16 0.97572 0.641553 0.0436424 0.0981735
16 0.835246 0.610731 0.224836 0.180365
24 0.75517 0.665525 0.431748 0.351598
33 0.280948 0.702055 0.0736466 0.121005
32 0.723217 0.66153 0.364726 0.334475
25 0.598525 0.546233 0.670223 0.398402
33 0.389665 0.710616 0.0171452 0.101598
15 0.252308 0.694635 0.0190936 0.11758
35 0.321522 0.392123 0.377877 0.745434
23 0.325808 0.392694 0.373981 0.753425
12 0.369792 0.518265 0.272765 0.378995
16 0.392003 0.710046 0.0187039 0.0890411
1 0.598525 0.546233 0.670223 0.398402
16 0.270817 0.692352 0.214316 0.133562
28 0.723217 0.66153 0.364726 0.334475
7 0.676068 0.613585 0.0202626 0.211187
16 0.667885 0.611872 0.250944 0.22831
33 0.691265 0.611872 0.297704 0.22831
16 0.791019 0.645548 0.210419 0.158676
16 0.746208 0.615868 0.318746 0.223744
16 0.346022 0.549087 0.402134 0.44863
3 0.319087 0.538242 0.353133 0.453196
16 0.843234 0.636415 0.102871 0.10274
16 0.849469 0.625 0.0904022 0.0913242
15 0.424734 0.554795 0.565793 0.436073
3 0.691265 0.611872 0.297704 0.22831
5 0.721269 0.615297 0.377975 0.221461
28 0.691265 0.611872 0.297704 0.22831
0 0.691265 0.611872 0.297704 0.22831
33 0.746208 0.615868 0.318746 0.223744
9 0.424734 0.554795 0.565793 0.436073
16 0.611773 0.639269 0.116899 0.16895
1 0.364336 0.542237 0.438762 0.438356
26 0.706852 0.613014 0.328877 0.22831
5 0.779134 0.639269 0.302769 0.171233
16 0.607877 0.603881 0.116899 0.122146
17 0.66243 0.615297 0.23224 0.232877
1 0.766081 0.608448 0.452011 0.223744
16 0.834661 0.648402 0.10443 0.116438
7 0.424734 0.554795 0.565793 0.436073
14 0.691265 0.611872 0.297704 0.22831
5 0.38343 0.55137 0.475391 0.440639
15 0.346022 0.549087 0.402134 0.44863
33 0.319087 0.538242 0.353133 0.453196
8 0.691265 0.611872 0.297704 0.22831
30 0.346022 0.549087 0.402134 0.44863
21 0.683861 0.616438 0.281338 0.232877
18 0.314849 0.5371 0.335891 0.462329
33 0.773874 0.63984 0.244709 0.173516
10 0.424734 0.554795 0.565793 0.436073
16 0.913374 0.644977 0.168335 0.152968
14 0.321668 0.53653 0.351088 0.458904
32 0.336475 0.539384 0.379144 0.446347
17 0.319087 0.538242 0.353133 0.453196
0 0.364336 0.542237 0.438762 0.438356
16 0.424734 0.554795 0.565793 0.436073
5 0.667885 0.611872 0.250944 0.22831
7 0.741921 0.614726 0.347581 0.221461
32 0.409148 0.543379 0.53462 0.431507
20 0.691265 0.611872 0.297704 0.22831
16 0.652299 0.597032 0.0896229 0.164384
16 0.667106 0.61758 0.0794915 0.212329
15 0.766081 0.608448 0.452011 0.223744
15 0.683861 0.616438 0.281338 0.232877
7 0.667885 0.611872 0.250944 0.22831
16 0.684251 0.615297 0.105989 0.216895
14 0.774653 0.64726 0.249385 0.157534
16 0.851807 0.646119 0.291469 0.158676
3 0.774653 0.64726 0.249385 0.157534
1 0.457466 0.555936 0.628139 0.436073
24 0.321668 0.53653 0.351088 0.458904
16 0.61567 0.611872 0.163659 0.221461
24 0.691265 0.611872 0.297704 0.22831
2 0.457466 0.555936 0.628139 0.436073
23 0.32347 0.538813 0.355277 0.440639
22 0.766081 0.608448 0.452011 0.223744
13 0.378072 0.546804 0.467403 0.458904
7 0.346022 0.549087 0.402134 0.44863
32 0.766081 0.608448 0.452011 0.223744
23 0.721269 0.615297 0.377975 0.221461
17 0.721269 0.615297 0.377975 0.221461
18 0.779134 0.639269 0.302769 0.171233
5 0.90558 0.648973 0.183922 0.150685
16 0.610215 0.68379 0.0919608 0.0799087
16 0.483963 0.604452 0.166776 0.142694
11 0.706852 0.613014 0.328877 0.22831
13 0.737245 0.608448 0.509681 0.25
34 0.409148 0.543379 0.53462 0.431507
18 0.687368 0.613585 0.288352 0.227169
5 0.319087 0.538242 0.353133 0.453196
16 0.809723 0.644977 0.129369 0.126712
33 0.822192 0.646119 0.352257 0.159817
33 0.409148 0.543379 0.53462 0.431507
34 0.530333 0.541096 0.850248 0.415525
22 0.38343 0.55137 0.475391 0.440639
16 0.601642 0.589041 0.110665 0.180365
9 0.770367 0.608448 0.437204 0.221461
9 0.346022 0.549087 0.402134 0.44863
8 0.319087 0.538242 0.353133 0.453196
1 0.687368 0.613585 0.288352 0.227169
0 0.773874 0.63984 0.244709 0.173516
7 0.779134 0.639269 0.302769 0.171233
17 0.409148 0.543379 0.53462 0.431507
2 0.737245 0.608448 0.509681 0.25
5 0.737245 0.608448 0.509681 0.25
16 0.829206 0.628425 0.0997541 0.0958904
17 0.779134 0.639269 0.302769 0.171233
18 0.38343 0.55137 0.475391 0.440639
3 0.38343 0.55137 0.475391 0.440639
16 0.601642 0.672374 0.10443 0.113014
16 0.634374 0.603881 0.0631256 0.111872
19 0.346022 0.549087 0.402134 0.44863
21 0.319087 0.538242 0.353133 0.453196
33 0.61567 0.611872 0.163659 0.221461
16 0.779134 0.639269 0.302769 0.171233
21 0.424734 0.554795 0.565793 0.436073
10 0.337109 0.541096 0.382553 0.47032
30 0.424734 0.554795 0.565793 0.436073
9 0.667885 0.611872 0.250944 0.22831
18 0.741921 0.614726 0.347581 0.221461
28 0.364336 0.542237 0.438762 0.438356
14 0.913374 0.644977 0.168335 0.152968
21 0.746208 0.615868 0.318746 0.223744
24 0.779134 0.639269 0.302769 0.171233
3 0.610117 0.592466 0.728088 0.280822
10 0.737245 0.608448 0.509681 0.25
19 0.66243 0.615297 0.23224 0.232877
7 0.530333 0.541096 0.850248 0.415525
32 0.664378 0.613014 0.248606 0.226027
3 0.737245 0.608448 0.509681 0.25
26 0.649961 0.610731 0.211978 0.226027
14 0.648402 0.612443 0.210419 0.226027
14 0.61567 0.611872 0.163659 0.221461
28 0.779134 0.639269 0.302769 0.171233
18 0.90558 0.648973 0.183922 0.150685
32 0.509681 0.520548 0.89467 0.406393
16 0.942988 0.642694 0.109106 0.126712
0 0.749715 0.607306 0.445776 0.223744
15 0.746208 0.615868 0.318746 0.223744
26 0.38343 0.55137 0.475391 0.440639
33 0.913374 0.644977 0.168335 0.152968
0 0.871095 0.648402 0.249775 0.150685
23 0.779134 0.639269 0.302769 0.171233
3 0.822192 0.646119 0.352257 0.159817
3 0.90558 0.648973 0.183922 0.150685
21 0.773874 0.63984 0.244709 0.173516
1 0.51124 0.534247 0.947664 0.412101
33 0.485522 0.604452 0.163659 0.149543
0 0.910256 0.64726 0.17457 0.152968
30 0.766081 0.608448 0.452011 0.223744
16 0.782252 0.643265 0.112613 0.140411
17 0.791019 0.645548 0.210419 0.158676
15 0.601642 0.589041 0.110665 0.180365
16 0.68542 0.623859 0.165997 0.18379
15 0.779134 0.639269 0.302769 0.171233
33 0.749715 0.607306 0.445776 0.223744
14 0.773095 0.608448 0.445776 0.22032
15 0.642947 0.613014 0.188598 0.226027
2 0.528385 0.549658 0.89467 0.410959
15 0.607097 0.646119 0.112223 0.158676
1 0.871095 0.648402 0.249775 0.150685
13 0.528385 0.549658 0.89467 0.410959
22 0.68581 0.607306 0.610994 0.248858
1 0.779134 0.639269 0.302769 0.171233
15 0.68581 0.607306 0.610994 0.248858
16 0.622684 0.690069 0.0763743 0.0696347
17 0.530333 0.541096 0.850248 0.415525
16 0.943768 0.66153 0.101313 0.0878995
26 0.770367 0.608448 0.437204 0.221461
16 0.83622 0.674087 0.0981955 0.086758
16 0.775433 0.631279 0.0810503 0.116438
17 0.90558 0.648973 0.183922 0.150685
14 0.424734 0.554795 0.565793 0.436073
0 0.509681 0.520548 0.89467 0.406393
29 0.691265 0.611872 0.297704 0.22831
24 0.90558 0.648973 0.183922 0.150685
19 0.791019 0.645548 0.210419 0.158676
3 0.525658 0.550228 0.8596 0.383562
31 0.683861 0.616438 0.281338 0.232877
35 0.346022 0.549087 0.402134 0.44863
33 0.501985 0.553082 0.744844 0.425799
15 0.528385 0.549658 0.89467 0.410959
0 0.746208 0.615868 0.318746 0.223744
16 0.675678 0.558219 0.0233799 0.0936073
20 0.319087 0.538242 0.353133 0.453196
3 0.485522 0.604452 0.163659 0.149543
26 0.779134 0.639269 0.302769 0.171233
16 0.758287 0.640411 0.129369 0.134703
28 0.648402 0.612443 0.210419 0.226027
13 0.610117 0.592466 0.728088 0.280822
34 0.336475 0.539384 0.379144 0.446347
17 0.602421 0.64726 0.112223 0.15411
10 0.721269 0.615297 0.377975 0.221461
20 0.38343 0.55137 0.475391 0.440639
4 0.424734 0.554795 0.565793 0.436073
11 0.319087 0.538242 0.353133 0.453196
12 0.683861 0.616438 0.281338 0.232877
19 0.766081 0.608448 0.452011 0.223744
16 0.671782 0.655251 0.0452011 0.125571
10 0.667885 0.611872 0.250944 0.22831
14 0.746208 0.615868 0.318746 0.223744
14 0.605149 0.592466 0.113003 0.146119
16 0.461363 0.609589 0.118458 0.127854
5 0.841481 0.646119 0.315239 0.155251
33 0.871095 0.648402 0.249775 0.150685
3 0.746208 0.615868 0.318746 0.223744
20 0.746208 0.615868 0.318746 0.223744
20 0.791019 0.645548 0.210419 0.158676
5 0.501985 0.553082 0.744844 0.425799
24 0.409148 0.543379 0.53462 0.431507
34 0.773095 0.608448 0.445776 0.22032
14 0.830765 0.635845 0.112223 0.10274
16 0.766081 0.608448 0.452011 0.223744
11 0.649961 0.610731 0.211978 0.226027
15 0.830765 0.635845 0.112223 0.10274
2 0.337109 0.541096 0.382553 0.47032
2 0.610117 0.592466 0.728088 0.280822
4 0.773095 0.608448 0.445776 0.22032
23 0.408271 0.55137 0.536373 0.449772
5 0.610117 0.592466 0.728088 0.280822
7 0.68581 0.607306 0.610994 0.248858
16 0.930519 0.615297 0.105989 0.0730594
16 0.922726 0.644977 0.129369 0.13242
8 0.774653 0.64726 0.249385 0.157534
35 0.766081 0.608448 0.452011 0.223744
27 0.38343 0.55137 0.475391 0.440639
16 0.687758 0.574772 0.0997541 0.119863
25 0.408271 0.55137 0.536373 0.449772
17 0.483963 0.604452 0.166776 0.142694
9 0.774653 0.64726 0.249385 0.157534
22 0.687368 0.613585 0.288352 0.227169
5 0.481236 0.600457 0.190936 0.173516
1 0.68581 0.607306 0.610994 0.248858
18 0.642947 0.613014 0.188598 0.226027
14 0.871095 0.648402 0.249775 0.150685
11 0.90558 0.648973 0.183922 0.150685
21 0.766081 0.608448 0.452011 0.223744
23 0.667885 0.611872 0.250944 0.22831
25 0.765301 0.606164 0.462922 0.255708
16 0.54592 0.611872 0.312511 0.205479
22 0.473053 0.543379 0.66243 0.422374
9 0.68581 0.607306 0.610994 0.248858
17 0.820634 0.644977 0.123134 0.118721
15 0.803488 0.641553 0.129369 0.130137
16 0.863497 0.610731 0.0779329 0.0673516
11 0.779134 0.639269 0.302769 0.171233
16 0.695162 0.641553 0.143397 0.125571
3 0.648402 0.612443 0.210419 0.226027
21 0.485522 0.604452 0.163659 0.149543
1 0.791019 0.645548 0.210419 0.158676
18 0.791019 0.645548 0.210419 0.158676
16 0.753611 0.630137 0.0981954 0.111872
0 0.642947 0.613014 0.188598 0.226027
28 0.90558 0.648973 0.183922 0.150685
15 0.684251 0.615297 0.105989 0.216895
6 0.706852 0.613014 0.328877 0.22831
30 0.68581 0.607306 0.610994 0.248858
16 0.59268 0.614155 0.236137 0.226027
7 0.791019 0.645548 0.210419 0.158676
22 0.509681 0.520548 0.89467 0.406393
16 0.968706 0.610731 0.0576703 0.0707763
10 0.610117 0.592466 0.728088 0.280822
0 0.822192 0.646119 0.352257 0.159817
0 0.473053 0.543379 0.66243 0.422374
26 0.913374 0.644977 0.168335 0.152968
16 0.724776 0.63242 0.152749 0.114155
14 0.602421 0.64726 0.112223 0.15411
30 0.509681 0.520548 0.89467 0.406393
26 0.473053 0.543379 0.66243 0.422374
31 0.408271 0.55137 0.536373 0.449772
16 0.865055 0.634703 0.0997541 0.109589
16 0.930519 0.65411 0.118458 0.100457
21 0.642947 0.613014 0.188598 0.226027
21 0.911815 0.645548 0.171452 0.151827
28 0.310173 0.507991 0.324201 0.399543
28 0.473053 0.543379 0.66243 0.422374
19 0.911815 0.64726 0.168335 0.152968
10 0.791019 0.645548 0.210419 0.158676
0 0.305887 0.537671 0.31407 0.46347
0 0.605928 0.664384 0.113003 0.121005
5 0.579042 0.61016 0.335112 0.222603
1 0.913374 0.644977 0.168335 0.152968
15 0.913374 0.644977 0.168335 0.152968
15 0.297655 0.511416 0.294684 0.409817
4 0.346022 0.549087 0.402134 0.44863
24 0.530333 0.541096 0.850248 0.415525
31 0.642947 0.613014 0.188598 0.226027
27 0.773095 0.608448 0.445776 0.22032
12 0.337109 0.541096 0.382553 0.47032
8 0.648402 0.612443 0.210419 0.226027
4 0.779134 0.639269 0.302769 0.171233
26 0.791019 0.645548 0.210419 0.158676
9 0.528385 0.549658 0.89467 0.410959
26 0.483963 0.604452 0.166776 0.142694
32 0.675678 0.558219 0.0233799 0.0936073
19 0.424734 0.554795 0.565793 0.436073
0 0.483963 0.604452 0.166776 0.142694
23 0.910256 0.64726 0.17457 0.152968
17 0.684251 0.615297 0.105989 0.216895
6 0.791019 0.645548 0.210419 0.158676
16 0.603201 0.692922 0.0171452 0.0684932
20 0.913374 0.644977 0.168335 0.152968
33 0.648402 0.612443 0.210419 0.226027
15 0.579042 0.61016 0.335112 0.222603
15 0.791019 0.645548 0.210419 0.158676
8 0.90558 0.648973 0.183922 0.150685
5 0.791019 0.645548 0.210419 0.158676
21 0.68581 0.607306 0.610994 0.248858
15 0.607877 0.603881 0.116899 0.122146
5 0.535399 0.599315 0.289131 0.182648
20 0.485522 0.604452 0.163659 0.149543
29 0.773874 0.63984 0.244709 0.173516
7 0.913374 0.644977 0.168335 0.152968
3 0.61567 0.611872 0.163659 0.221461
0 0.834661 0.648402 0.10443 0.116438
25 0.610117 0.592466 0.728088 0.280822
16 0.816932 0.644406 0.161711 0.141553
16 0.652299 0.614726 0.227564 0.229452
7 0.809139 0.644977 0.167945 0.148402
7 0.652299 0.614726 0.227564 0.229452
18 0.81284 0.645548 0.163659 0.143836
0 0.814399 0.644406 0.157424 0.144977
14 0.809139 0.644977 0.167945 0.148402
3 0.32498 0.549087 0.363167 0.461187
33 0.657754 0.616438 0.229123 0.22831
19 0.814399 0.644406 0.157424 0.144977
16 0.824725 0.647831 0.133655 0.11758
33 0.816542 0.644406 0.16249 0.140411
0 0.652299 0.614726 0.227564 0.229452
15 0.333894 0.550228 0.379631 0.454338
5 0.809139 0.644977 0.167945 0.148402
15 0.809139 0.644977 0.167945 0.148402
7 0.32498 0.549087 0.363167 0.461187
1 0.398237 0.552511 0.505005 0.452055
5 0.398237 0.552511 0.505005 0.452055
5 0.70919 0.61758 0.367843 0.255708
14 0.333894 0.550228 0.379631 0.454338
16 0.827453 0.626712 0.131317 0.0958904
9 0.333894 0.550228 0.379631 0.454338
14 0.657754 0.616438 0.229123 0.22831
16 0.333894 0.550228 0.379631 0.454338
19 0.333894 0.550228 0.379631 0.454338
7 0.401354 0.549087 0.515916 0.452055
9 0.814399 0.644406 0.157424 0.144977
7 0.702955 0.621005 0.384989 0.253425
16 0.706852 0.616438 0.33667 0.221461
8 0.333894 0.550228 0.379631 0.454338
3 0.70919 0.61758 0.367843 0.255708
16 0.858041 0.648402 0.101313 0.130137
18 0.32498 0.549087 0.363167 0.461187
23 0.346022 0.545662 0.425514 0.452055
18 0.652299 0.614726 0.227564 0.229452
32 0.401354 0.549087 0.515916 0.452055
32 0.809139 0.644977 0.167945 0.148402
18 0.363752 0.534247 0.274714 0.422374
1 0.70919 0.61758 0.367843 0.255708
9 0.70919 0.61758 0.367843 0.255708
26 0.814399 0.644406 0.157424 0.144977
19 0.652299 0.614726 0.227564 0.229452
3 0.816542 0.644406 0.16249 0.140411
1 0.324785 0.545662 0.368233 0.458904
10 0.346022 0.545662 0.425514 0.452055
2 0.333894 0.550228 0.379631 0.454338
9 0.652299 0.614726 0.227564 0.229452
33 0.766081 0.64669 0.246268 0.160959
7 0.532964 0.554224 0.779524 0.454338
32 0.32498 0.549087 0.363167 0.461187
13 0.333894 0.550228 0.379631 0.454338
1 0.532964 0.554224 0.779524 0.454338
14 0.7201 0.610731 0.355374 0.251142
14 0.766081 0.64669 0.246268 0.160959
7 0.766081 0.64669 0.246268 0.160959
15 0.652299 0.614726 0.227564 0.229452
1 0.81284 0.645548 0.163659 0.143836
30 0.32498 0.549087 0.363167 0.461187
29 0.333894 0.550228 0.379631 0.454338
33 0.401354 0.549087 0.515916 0.452055
21 0.333894 0.550228 0.379631 0.454338
20 0.333894 0.550228 0.379631 0.454338
3 0.532964 0.554224 0.779524 0.454338
9 0.532964 0.554224 0.779524 0.454338
16 0.766081 0.64669 0.246268 0.160959
0 0.329608 0.543379 0.375734 0.465753
24 0.324785 0.545662 0.368233 0.458904
10 0.816932 0.644406 0.161711 0.141553
33 0.324785 0.545662 0.368233 0.458904
4 0.70919 0.61758 0.367843 0.255708
32 0.702955 0.621005 0.384989 0.253425
10 0.440321 0.545662 0.599304 0.454338
32 0.532964 0.554224 0.779524 0.454338
33 0.532964 0.554224 0.779524 0.454338
17 0.816737 0.648402 0.141838 0.125571
5 0.766081 0.64669 0.246268 0.160959
5 0.532964 0.554224 0.779524 0.454338
14 0.621125 0.613014 0.163659 0.22831
26 0.652299 0.614726 0.227564 0.229452
23 0.440321 0.545662 0.599304 0.454338
17 0.401354 0.549087 0.515916 0.452055
26 0.333894 0.550228 0.379631 0.454338
33 0.727114 0.618721 0.330436 0.22831
25 0.814399 0.644406 0.157424 0.144977
6 0.324785 0.545662 0.368233 0.458904
2 0.532964 0.554224 0.779524 0.454338
15 0.7201 0.610731 0.355374 0.251142
10 0.652299 0.614726 0.227564 0.229452
5 0.651129 0.617009 0.217433 0.22831
28 0.324785 0.545662 0.368233 0.458904
19 0.70919 0.61758 0.367843 0.255708
16 0.837 0.667238 0.105989 0.0947489
26 0.766081 0.64669 0.246268 0.160959
25 0.333894 0.550228 0.379631 0.454338
18 0.824725 0.647831 0.133655 0.11758
22 0.702955 0.621005 0.384989 0.253425
16 0.924284 0.666667 0.143397 0.100457
18 0.70919 0.61758 0.367843 0.255708
17 0.324785 0.545662 0.368233 0.458904
25 0.702955 0.621005 0.384989 0.253425
4 0.32498 0.549087 0.363167 0.461187
4 0.809139 0.644977 0.167945 0.148402
33 0.621125 0.613014 0.163659 0.22831
27 0.70919 0.61758 0.367843 0.255708
28 0.401354 0.549087 0.515916 0.452055
18 0.766081 0.64669 0.246268 0.160959
24 0.401354 0.549087 0.515916 0.452055
35 0.32498 0.549087 0.363167 0.461187
3 0.657754 0.616438 0.229123 0.22831
22 0.398237 0.552511 0.505005 0.452055
15 0.363752 0.534247 0.274714 0.422374
27 0.32498 0.549087 0.363167 0.461187
30 0.702955 0.621005 0.384989 0.253425
8 0.657754 0.616438 0.229123 0.22831
18 0.827453 0.626712 0.131317 0.0958904
31 0.333894 0.550228 0.379631 0.454338
2 0.70919 0.61758 0.367843 0.255708
7 0.858041 0.648402 0.101313 0.130137
16 0.532964 0.554224 0.779524 0.454338
8 0.532964 0.554224 0.779524 0.454338
3 0.625801 0.613014 0.562676 0.267123
19 0.532964 0.554224 0.779524 0.454338
28 0.657754 0.616438 0.229123 0.22831
5 0.824725 0.647831 0.133655 0.11758
10 0.527996 0.549658 0.862717 0.461187
17 0.7201 0.610731 0.355374 0.251142
31 0.70919 0.61758 0.367843 0.255708
34 0.401354 0.549087 0.515916 0.452055
1 0.657754 0.616438 0.229123 0.22831
16 0.363752 0.534247 0.274714 0.422374
21 0.816542 0.644406 0.16249 0.140411
15 0.766081 0.64669 0.246268 0.160959
8 0.81284 0.645548 0.163659 0.143836
11 0.814399 0.644406 0.157424 0.144977
0 0.702955 0.621005 0.384989 0.253425
20 0.70919 0.61758 0.367843 0.255708
13 0.7201 0.610731 0.355374 0.251142
13 0.532964 0.554224 0.779524 0.454338
15 0.532964 0.554224 0.779524 0.454338
10 0.67412 0.610731 0.459804 0.267123
11 0.333894 0.550228 0.379631 0.454338
14 0.532964 0.554224 0.779524 0.454338
5 0.625801 0.613014 0.562676 0.267123
28 0.809139 0.644977 0.167945 0.148402
19 0.766081 0.64669 0.246268 0.160959
16 0.58138 0.613585 0.216653 0.218037
8 0.70919 0.61758 0.367843 0.255708
7 0.556051 0.622146 0.719321 0.276256
17 0.513968 0.547945 0.780109 0.454338
32 0.652299 0.614726 0.227564 0.229452
33 0.858041 0.648402 0.101313 0.130137
23 0.809139 0.644977 0.167945 0.148402
35 0.70919 0.61758 0.367843 0.255708
0 0.824725 0.647831 0.133655 0.11758
32 0.556051 0.622146 0.719321 0.276256
30 0.401354 0.549087 0.515916 0.452055
16 0.490198 0.610731 0.173011 0.163242
31 0.813814 0.643836 0.158593 0.148402
6 0.401354 0.549087 0.515916 0.452055
21 0.70919 0.61758 0.367843 0.255708
29 0.532964 0.554224 0.779524 0.454338
3 0.394341 0.533676 0.784005 0.476027
12 0.814399 0.644406 0.157424 0.144977
0 0.532964 0.554224 0.779524 0.454338
25 0.657364 0.616438 0.230681 0.226027
31 0.657364 0.616438 0.230681 0.226027
7 0.363752 0.534247 0.274714 0.422374
33 0.827453 0.626712 0.131317 0.0958904
25 0.532964 0.554224 0.779524 0.454338
18 0.401354 0.549087 0.515916 0.452055
27 0.813814 0.643836 0.158593 0.148402
14 0.858041 0.648402 0.101313 0.130137
5 0.363752 0.534247 0.274714 0.422374
17 0.652299 0.614726 0.227564 0.229452
24 0.816542 0.644406 0.16249 0.140411
1 0.556051 0.622146 0.719321 0.276256
32 0.766081 0.64669 0.246268 0.160959
26 0.363752 0.534247 0.274714 0.422374
19 0.858041 0.648402 0.101313 0.130137
3 0.401354 0.549087 0.515916 0.452055
0 0.827453 0.626712 0.131317 0.0958904
29 0.814399 0.644406 0.157424 0.144977
7 0.824725 0.647831 0.133655 0.11758
5 0.324785 0.545662 0.368233 0.458904
12 0.653857 0.615297 0.224447 0.229452
11 0.657754 0.616438 0.229123 0.22831
34 0.324785 0.545662 0.368233 0.458904
21 0.532964 0.554224 0.779524 0.454338
34 0.7201 0.610731 0.355374 0.251142
12 0.346022 0.545662 0.425514 0.452055
22 0.324785 0.545662 0.368233 0.458904
6 0.814399 0.644406 0.157424 0.144977
24 0.513968 0.547945 0.780109 0.454338
24 0.657754 0.616438 0.229123 0.22831
0 0.341346 0.537671 0.628919 0.472603
14 0.828427 0.637557 0.158983 0.126712
26 0.532964 0.554224 0.779524 0.454338
25 0.625801 0.613014 0.562676 0.267123
27 0.532964 0.554224 0.779524 0.454338
4 0.401354 0.549087 0.515916 0.452055
21 0.657754 0.616438 0.229123 0.22831
23 0.657754 0.616438 0.229123 0.22831
27 0.401354 0.549087 0.515916 0.452055
29 0.7201 0.610731 0.355374 0.251142
0 0.766081 0.64669 0.246268 0.160959
10 0.727114 0.618721 0.330436 0.22831
22 0.645674 0.615297 0.214316 0.230594
4 0.532964 0.554224 0.779524 0.454338
34 0.513968 0.547945 0.780109 0.454338
3 0.766081 0.64669 0.246268 0.160959
23 0.67412 0.610731 0.459804 0.267123
10 0.766081 0.64669 0.246268 0.160959
22 0.532964 0.554224 0.779524 0.454338
4 0.363752 0.534247 0.274714 0.422374
18 0.532964 0.554224 0.779524 0.454338
7 0.739583 0.619292 0.294586 0.210046
30 0.513968 0.547945 0.780109 0.454338
11 0.363752 0.534247 0.274714 0.422374
9 0.556051 0.622146 0.719321 0.276256
26 0.702955 0.621005 0.384989 0.253425
33 0.924284 0.666667 0.143397 0.100457
35 0.401354 0.549087 0.515916 0.452055
0 0.556051 0.622146 0.719321 0.276256
30 0.556051 0.622146 0.719321 0.276256
11 0.70919 0.61758 0.367843 0.255708
23 0.527996 0.549658 0.862717 0.461187
28 0.513968 0.547945 0.780109 0.454338
14 0.363752 0.534247 0.274714 0.422374
4 0.645674 0.615297 0.214316 0.230594
4 0.766081 0.64669 0.246268 0.160959
17 0.827453 0.626712 0.131317 0.0958904
17 0.363752 0.534247 0.274714 0.422374
27 0.653857 0.615297 0.224447 0.229452
16 0.692824 0.626142 0.422396 0.254566
16 0.61528 0.629566 0.144176 0.186073
9 0.766081 0.64669 0.246268 0.160959
13 0.813814 0.643836 0.158593 0.148402
18 0.605539 0.630137 0.132486 0.182648
20 0.813814 0.643836 0.158593 0.148402
10 0.57758 0.61016 0.651324 0.27968
17 0.802709 0.635845 0.132486 0.136986
6 0.513968 0.547945 0.780109 0.454338
3 0.621125 0.613014 0.163659 0.22831
2 0.625801 0.613014 0.562676 0.267123
23 0.363752 0.534247 0.274714 0.422374
17 0.766081 0.64669 0.246268 0.160959
15 0.827453 0.626712 0.131317 0.0958904
16 0.810697 0.662671 0.143007 0.111872
20 0.657754 0.616438 0.229123 0.22831
28 0.766081 0.64669 0.246268 0.160959
25 0.341346 0.537671 0.628919 0.472603
22 0.556051 0.622146 0.719321 0.276256
13 0.625801 0.613014 0.562676 0.267123
16 0.793357 0.614155 0.110665 0.100457
13 0.657754 0.616438 0.229123 0.22831
5 0.827453 0.626712 0.131317 0.0958904
1 0.621125 0.613014 0.163659 0.22831
20 0.440321 0.545662 0.599304 0.454338
15 0.341346 0.537671 0.628919 0.472603
29 0.657754 0.616438 0.229123 0.22831
16 0.611773 0.584475 0.144955 0.139269
33 0.781083 0.611301 0.214705 0.218037
17 0.804268 0.642694 0.168335 0.157534
9 0.341346 0.537671 0.628919 0.472603
19 0.363752 0.534247 0.274714 0.422374
16 0.832323 0.607306 0.12781 0.0844749
31 0.532964 0.554224 0.779524 0.454338
13 0.827453 0.626712 0.131317 0.0958904
13 0.363752 0.534247 0.274714 0.422374
16 0.843234 0.631279 0.121575 0.0844749
4 0.556051 0.622146 0.719321 0.276256
3 0.824725 0.647831 0.133655 0.11758
5 0.394341 0.533676 0.784005 0.476027
19 0.625801 0.613014 0.562676 0.267123
17 0.818296 0.667238 0.138721 0.0993151
8 0.363752 0.534247 0.274714 0.422374
30 0.814399 0.644406 0.157424 0.144977
10 0.485912 0.398402 0.971823 0.796804
19 0.739583 0.619292 0.294586 0.210046
2 0.394341 0.533676 0.784005 0.476027
15 0.556051 0.622146 0.719321 0.276256
19 0.924284 0.666667 0.143397 0.100457
14 0.827453 0.626712 0.131317 0.0958904
11 0.766081 0.64669 0.246268 0.160959
12 0.440321 0.545662 0.599304 0.454338
14 0.924284 0.666667 0.143397 0.100457
5 0.457856 0.00656393 0.907919 0.0131279
4 0.394341 0.533676 0.784005 0.476027
33 0.363752 0.534247 0.274714 0.422374
24 0.363752 0.534247 0.274714 0.422374
6 0.657754 0.616438 0.229123 0.22831
14 0.625801 0.613014 0.562676 0.267123
16 0.84791 0.652968 0.118458 0.0936073
7 0.924284 0.666667 0.143397 0.100457
7 0.795111 0.684932 0.202236 0.248858
28 0.858041 0.648402 0.101313 0.130137
28 0.70919 0.61758 0.367843 0.255708
28 0.363752 0.534247 0.274714 0.422374
1 0.766081 0.64669 0.246268 0.160959
