1 0.427734 0.43125 0.769531 0.652083
33 0.427734 0.43125 0.769531 0.652083
7 0.414844 0.433854 0.770312 0.651042
18 0.546484 0.552995 0.667969 0.348177
7 0.495312 0.56263 0.7625 0.376823
27 0.412109 0.429427 0.769531 0.655729
16 0.427734 0.43125 0.769531 0.652083
19 0.495312 0.56263 0.7625 0.376823
33 0.290234 0.43125 0.499219 0.658333
14 0.48584 0.55 0.779883 0.4
21 0.412109 0.429427 0.769531 0.655729
14 0.427344 0.434635 0.789062 0.653646
19 0.427344 0.434635 0.789062 0.653646
2 0.279687 0.410417 0.490625 0.619792
0 0.427734 0.43125 0.769531 0.652083
21 0.48584 0.55 0.779883 0.4
1 0.460156 0.564453 0.821875 0.389844
15 0.370313 0.429948 0.657031 0.652604
32 0.414844 0.433854 0.770312 0.651042
20 0.546484 0.552995 0.667969 0.348177
33 0.460156 0.564453 0.821875 0.389844
32 0.495312 0.56263 0.7625 0.376823
3 0.48584 0.55 0.779883 0.4
15 0.521191 0.559896 0.74668 0.361458
22 0.521191 0.559896 0.74668 0.361458
2 0.395312 0.438542 0.732813 0.670833
20 0.281445 0.420833 0.480078 0.641667
26 0.427344 0.434635 0.789062 0.653646
3 0.427734 0.43125 0.769531 0.652083
22 0.370313 0.429948 0.657031 0.652604
16 0.495312 0.56263 0.7625 0.376823
0 0.542969 0.55638 0.675 0.34349
6 0.427734 0.43125 0.769531 0.652083
26 0.542969 0.55638 0.675 0.34349
24 0.414844 0.433854 0.770312 0.651042
1 0.290234 0.43125 0.499219 0.658333
16 0.281055 0.41849 0.481641 0.640104
9 0.421875 0.434635 0.759375 0.659896
4 0.546484 0.552995 0.667969 0.348177
4 0.412109 0.429427 0.769531 0.655729
27 0.521191 0.559896 0.74668 0.361458
34 0.521484 0.561589 0.735156 0.358073
21 0.290234 0.43125 0.499219 0.658333
35 0.412109 0.429427 0.769531 0.655729
7 0.623437 0.541536 0.520312 0.308594
35 0.495312 0.56263 0.7625 0.376823
20 0.421875 0.434635 0.759375 0.659896
18 0.427734 0.43125 0.769531 0.652083
35 0.290234 0.43125 0.499219 0.658333
24 0.521484 0.561589 0.735156 0.358073
13 0.279687 0.410417 0.490625 0.619792
26 0.279687 0.410417 0.490625 0.619792
18 0.281445 0.420833 0.480078 0.641667
3 0.281445 0.420833 0.480078 0.641667
0 0.290234 0.43125 0.499219 0.658333
13 0.395312 0.438542 0.732813 0.670833
26 0.623437 0.541536 0.520312 0.308594
14 0.279687 0.410417 0.490625 0.619792
30 0.421875 0.434635 0.759375 0.659896
27 0.279687 0.410417 0.490625 0.619792
6 0.460156 0.564453 0.821875 0.389844
9 0.546484 0.552995 0.667969 0.348177
19 0.629004 0.540625 0.50918 0.322917
23 0.694531 0.464062 0.389062 0.15625
34 0.418359 0.43125 0.749219 0.652083
25 0.421875 0.434635 0.759375 0.659896
34 0.290234 0.43125 0.499219 0.658333
15 0.280469 0.372917 0.478906 0.540625
31 0.546484 0.552995 0.667969 0.348177
8 0.412109 0.429427 0.769531 0.655729
9 0.279687 0.410417 0.490625 0.619792
30 0.460156 0.564453 0.821875 0.389844
19 0.290234 0.43125 0.499219 0.658333
1 0.534473 0.547396 0.693555 0.323958
11 0.694531 0.464062 0.389062 0.15625
32 0.296484 0.428646 0.511719 0.653125
7 0.279687 0.410417 0.490625 0.619792
24 0.623437 0.541536 0.520312 0.308594
24 0.420703 0.584896 0.771094 0.344792
2 0.629004 0.540625 0.50918 0.322917
22 0.278516 0.419271 0.475781 0.636458
33 0.534473 0.547396 0.693555 0.323958
6 0.290234 0.43125 0.499219 0.658333
11 0.546484 0.552995 0.667969 0.348177
27 0.629004 0.540625 0.50918 0.322917
27 0.420703 0.584896 0.771094 0.344792
9 0.629004 0.540625 0.50918 0.322917
17 0.694531 0.464062 0.389062 0.15625
15 0.629004 0.540625 0.50918 0.322917
14 0.629004 0.540625 0.50918 0.322917
4 0.281055 0.41849 0.481641 0.640104
17 0.731641 0.456771 0.305469 0.134375
21 0.694531 0.464062 0.389062 0.15625
25 0.290234 0.43125 0.499219 0.658333
26 0.438281 0.583333 0.804687 0.347917
28 0.521484 0.561589 0.735156 0.358073
30 0.290234 0.43125 0.499219 0.658333
34 0.420703 0.584896 0.771094 0.344792
3 0.511035 0.477865 0.76543 0.554687
4 0.629004 0.540625 0.50918 0.322917
18 0.685938 0.466406 0.39375 0.156771
21 0.361719 0.313542 0.329687 0.209896
23 0.361719 0.313542 0.329687 0.209896
10 0.279687 0.410417 0.490625 0.619792
17 0.350781 0.329167 0.353906 0.171354
25 0.542969 0.55638 0.675 0.34349
0 0.623437 0.541536 0.520312 0.308594
4 0.511035 0.477865 0.76543 0.554687
22 0.629004 0.540625 0.50918 0.322917
35 0.629004 0.540625 0.50918 0.322917
12 0.290234 0.43125 0.499219 0.658333
23 0.549609 0.558333 0.666406 0.35625
18 0.629004 0.540625 0.50918 0.322917
12 0.460156 0.432812 0.835938 0.663542
2 0.522754 0.558854 0.741992 0.363542
12 0.548437 0.558203 0.66875 0.364844
15 0.511035 0.477865 0.76543 0.554687
11 0.380469 0.326562 0.289844 0.170833
14 0.511035 0.477865 0.76543 0.554687
0 0.420703 0.584896 0.771094 0.344792
21 0.629004 0.540625 0.50918 0.322917
17 0.38125 0.334375 0.285937 0.146875
16 0.245117 0.222266 0.137891 0.223177
0 0.694531 0.464062 0.389062 0.15625
8 0.290234 0.43125 0.499219 0.658333
13 0.522754 0.558854 0.741992 0.363542
11 0.421875 0.434635 0.759375 0.659896
11 0.741406 0.453646 0.28125 0.129167
13 0.655078 0.534375 0.457031 0.302083
31 0.629004 0.540625 0.50918 0.322917
4 0.679688 0.467708 0.41875 0.166667
28 0.414844 0.433854 0.770312 0.651042
32 0.623437 0.541536 0.520312 0.308594
23 0.731641 0.456771 0.305469 0.134375
0 0.380469 0.326562 0.289844 0.170833
23 0.460156 0.432812 0.835938 0.663542
8 0.710938 0.458594 0.348437 0.146354
23 0.280469 0.372917 0.478906 0.540625
21 0.746875 0.454687 0.26875 0.123958
23 0.353906 0.246615 0.396875 0.261979
2 0.511035 0.477865 0.76543 0.554687
15 0.420703 0.584896 0.771094 0.344792
0 0.168359 0.41875 0.278516 0.297917
33 0.685938 0.466406 0.39375 0.156771
14 0.439453 0.591667 0.677344 0.323958
18 0.282617 0.321094 0.479297 0.439062
31 0.280469 0.372917 0.478906 0.540625
3 0.685938 0.466406 0.39375 0.156771
8 0.521484 0.561589 0.735156 0.358073
23 0.167969 0.367188 0.279687 0.192188
19 0.511035 0.477865 0.76543 0.554687
31 0.417188 0.439063 0.782812 0.676042
25 0.621777 0.536458 0.525195 0.31875
8 0.343164 0.226302 0.337109 0.230208
18 0.344531 0.303125 0.378125 0.223958
11 0.280469 0.372917 0.478906 0.540625
0 0.363086 0.303711 0.323828 0.222786
1 0.439453 0.591667 0.677344 0.323958
25 0.511035 0.477865 0.76543 0.554687
17 0.391406 0.315104 0.264062 0.08125
23 0.529297 0.530339 0.476562 0.26849
17 0.467187 0.569792 0.821875 0.372917
28 0.606934 0.540104 0.550195 0.311458
17 0.418359 0.43125 0.749219 0.652083
0 0.353906 0.246615 0.396875 0.261979
5 0.66875 0.464062 0.426562 0.15625
34 0.623437 0.541536 0.520312 0.308594
9 0.420703 0.584896 0.771094 0.344792
19 0.274414 0.328125 0.492578 0.45625
14 0.685938 0.466406 0.39375 0.156771
27 0.511035 0.477865 0.76543 0.554687
24 0.66875 0.464062 0.426562 0.15625
28 0.439453 0.591667 0.677344 0.323958
10 0.629004 0.540625 0.50918 0.322917
0 0.167969 0.367188 0.279687 0.192188
17 0.585938 0.527214 0.390625 0.276823
22 0.420703 0.584896 0.771094 0.344792
33 0.511035 0.477865 0.76543 0.554687
23 0.168359 0.41875 0.278516 0.297917
4 0.282617 0.321094 0.479297 0.439062
14 0.282617 0.321094 0.479297 0.439062
13 0.511035 0.477865 0.76543 0.554687
3 0.353906 0.292122 0.34375 0.247005
26 0.741406 0.453646 0.28125 0.129167
18 0.438281 0.583333 0.804687 0.347917
8 0.380469 0.326562 0.289844 0.170833
18 0.363477 0.332552 0.323047 0.154687
11 0.391406 0.315104 0.264062 0.08125
2 0.282617 0.321094 0.479297 0.439062
16 0.623437 0.541536 0.520312 0.308594
11 0.350781 0.308073 0.353906 0.218229
1 0.511035 0.477865 0.76543 0.554687
30 0.534473 0.547396 0.693555 0.323958
4 0.438281 0.583333 0.804687 0.347917
10 0.282617 0.321094 0.479297 0.439062
26 0.380469 0.326562 0.289844 0.170833
1 0.644531 0.529687 0.476562 0.295833
6 0.685937 0.460156 0.40625 0.149479
22 0.511035 0.477865 0.76543 0.554687
16 0.288672 0.215885 0.228125 0.216146
17 0.353906 0.292122 0.34375 0.247005
31 0.511035 0.477865 0.76543 0.554687
26 0.685937 0.460156 0.40625 0.149479
25 0.420703 0.584896 0.771094 0.344792
24 0.290234 0.43125 0.499219 0.658333
16 0.450781 0.56263 0.8625 0.347656
15 0.441406 0.433333 0.795312 0.65625
15 0.450781 0.56263 0.8625 0.347656
19 0.450781 0.56263 0.8625 0.347656
16 0.441406 0.433333 0.795312 0.65625
7 0.467969 0.560417 0.814062 0.335417
33 0.450391 0.429948 0.811719 0.673438
21 0.450781 0.56263 0.8625 0.347656
9 0.425781 0.432812 0.760937 0.659375
0 0.450391 0.429948 0.811719 0.673438
15 0.27832 0.421354 0.473047 0.634375
16 0.27832 0.421354 0.473047 0.634375
3 0.459766 0.425 0.855469 0.646875
6 0.450391 0.429948 0.811719 0.673438
1 0.471875 0.43125 0.854687 0.670833
28 0.450781 0.564062 0.851562 0.344792
32 0.450781 0.564062 0.851562 0.344792
20 0.27832 0.421354 0.473047 0.634375
18 0.451562 0.56263 0.851562 0.34349
21 0.471875 0.43125 0.854687 0.670833
7 0.471875 0.43125 0.854687 0.670833
23 0.446875 0.559375 0.857812 0.335417
26 0.467969 0.560417 0.814062 0.335417
32 0.450391 0.429948 0.811719 0.673438
26 0.471875 0.43125 0.854687 0.670833
9 0.451562 0.56263 0.851562 0.34349
19 0.441406 0.433333 0.795312 0.65625
3 0.453125 0.561589 0.865625 0.34349
20 0.452344 0.504167 0.864062 0.471875
20 0.425781 0.432812 0.760937 0.659375
28 0.45625 0.426042 0.825 0.675
14 0.452344 0.431771 0.828125 0.669792
25 0.441406 0.433333 0.795312 0.65625
14 0.278125 0.424219 0.470312 0.634896
33 0.296875 0.428125 0.509375 0.6625
4 0.425781 0.432812 0.760937 0.659375
10 0.425781 0.432812 0.760937 0.659375
21 0.278125 0.424219 0.470312 0.634896
1 0.450781 0.564062 0.851562 0.344792
3 0.27832 0.421354 0.473047 0.634375
7 0.452344 0.504167 0.864062 0.471875
33 0.450781 0.564062 0.851562 0.344792
18 0.471875 0.43125 0.854687 0.670833
13 0.467187 0.552995 0.814062 0.323177
18 0.278125 0.424219 0.470312 0.634896
2 0.41875 0.43125 0.759375 0.655208
30 0.471875 0.43125 0.854687 0.670833
35 0.450391 0.429948 0.811719 0.673438
0 0.296875 0.428125 0.509375 0.6625
0 0.450781 0.564062 0.851562 0.344792
19 0.278125 0.424219 0.470312 0.634896
22 0.441406 0.433333 0.795312 0.65625
2 0.273828 0.344531 0.470312 0.471354
10 0.278125 0.424219 0.470312 0.634896
25 0.27832 0.421354 0.473047 0.634375
22 0.450781 0.56263 0.8625 0.347656
20 0.467187 0.552995 0.814062 0.323177
10 0.467187 0.552995 0.814062 0.323177
26 0.452344 0.504167 0.864062 0.471875
23 0.27832 0.421354 0.473047 0.634375
23 0.445312 0.447917 0.878125 0.577083
32 0.296875 0.428125 0.509375 0.6625
9 0.278125 0.424219 0.470312 0.634896
6 0.450781 0.56263 0.8625 0.347656
4 0.278125 0.424219 0.470312 0.634896
7 0.273828 0.344531 0.470312 0.471354
27 0.450391 0.429948 0.811719 0.673438
22 0.27832 0.421354 0.473047 0.634375
8 0.441406 0.433333 0.795312 0.65625
26 0.278125 0.424219 0.470312 0.634896
17 0.471875 0.43125 0.854687 0.670833
11 0.425781 0.432812 0.760937 0.659375
30 0.451562 0.56263 0.851562 0.34349
34 0.45625 0.426042 0.825 0.675
2 0.467187 0.552995 0.814062 0.323177
1 0.278125 0.424219 0.470312 0.634896
12 0.441406 0.433333 0.795312 0.65625
29 0.471875 0.43125 0.854687 0.670833
24 0.452344 0.431771 0.828125 0.669792
14 0.453125 0.561589 0.865625 0.34349
35 0.450781 0.56263 0.8625 0.347656
16 0.552344 0.54362 0.648438 0.302344
5 0.467187 0.552995 0.814062 0.323177
24 0.450781 0.564062 0.851562 0.344792
34 0.450781 0.564062 0.851562 0.344792
27 0.450781 0.564062 0.851562 0.344792
11 0.278125 0.424219 0.470312 0.634896
29 0.467969 0.560417 0.814062 0.335417
13 0.41875 0.43125 0.759375 0.655208
35 0.296875 0.428125 0.509375 0.6625
13 0.273828 0.344531 0.470312 0.471354
30 0.286328 0.390104 0.488281 0.572917
27 0.286328 0.390104 0.488281 0.572917
19 0.552344 0.54362 0.648438 0.302344
12 0.453125 0.561589 0.865625 0.34349
6 0.296875 0.428125 0.509375 0.6625
24 0.535156 0.541797 0.685937 0.29349
31 0.278125 0.424219 0.470312 0.634896
17 0.450781 0.564062 0.851562 0.344792
7 0.600391 0.534896 0.553906 0.278125
28 0.535156 0.541797 0.685937 0.29349
8 0.278125 0.424219 0.470312 0.634896
5 0.274219 0.36849 0.473437 0.526562
15 0.552344 0.54362 0.648438 0.302344
32 0.535156 0.541797 0.685937 0.29349
11 0.451562 0.56263 0.851562 0.34349
10 0.619629 0.527604 0.516992 0.26875
1 0.535156 0.541797 0.685937 0.29349
18 0.552344 0.54362 0.648438 0.302344
31 0.446875 0.559375 0.857812 0.335417
14 0.271875 0.294336 0.473437 0.366536
12 0.278125 0.424219 0.470312 0.634896
9 0.552344 0.54362 0.648438 0.302344
31 0.425781 0.432812 0.760937 0.659375
8 0.450781 0.56263 0.8625 0.347656
14 0.535156 0.541797 0.685937 0.29349
28 0.296875 0.428125 0.509375 0.6625
4 0.446875 0.559375 0.857812 0.335417
21 0.552344 0.54362 0.648438 0.302344
17 0.273828 0.344531 0.470312 0.471354
33 0.535156 0.541797 0.685937 0.29349
17 0.535156 0.541797 0.685937 0.29349
22 0.271875 0.294336 0.473437 0.366536
23 0.271484 0.298958 0.478125 0.384375
5 0.452344 0.504167 0.864062 0.471875
34 0.296875 0.428125 0.509375 0.6625
13 0.619629 0.527604 0.516992 0.26875
5 0.271875 0.294336 0.473437 0.366536
21 0.271875 0.294336 0.473437 0.366536
15 0.271875 0.294336 0.473437 0.366536
5 0.619629 0.527604 0.516992 0.26875
22 0.552344 0.54362 0.648438 0.302344
23 0.552344 0.54362 0.648438 0.302344
18 0.271875 0.294336 0.473437 0.366536
33 0.273828 0.344531 0.470312 0.471354
10 0.271484 0.298958 0.478125 0.384375
0 0.535156 0.541797 0.685937 0.29349
33 0.190234 0.383073 0.288281 0.574479
29 0.273828 0.344531 0.470312 0.471354
26 0.271875 0.294336 0.473437 0.366536
22 0.160547 0.364583 0.230859 0.527083
4 0.160547 0.364583 0.230859 0.527083
26 0.585547 0.531771 0.586719 0.271875
35 0.273828 0.344531 0.470312 0.471354
13 0.448438 0.511979 0.86875 0.444792
27 0.552344 0.54362 0.648438 0.302344
4 0.271875 0.294336 0.473437 0.366536
2 0.452344 0.504167 0.864062 0.471875
15 0.160547 0.364583 0.230859 0.527083
2 0.619629 0.527604 0.516992 0.26875
3 0.160547 0.364583 0.230859 0.527083
0 0.190234 0.383073 0.288281 0.574479
31 0.271875 0.294336 0.473437 0.366536
5 0.41875 0.43125 0.759375 0.655208
31 0.552344 0.54362 0.648438 0.302344
7 0.296875 0.428125 0.509375 0.6625
20 0.271875 0.294336 0.473437 0.366536
3 0.271484 0.292708 0.475781 0.365104
4 0.552344 0.54362 0.648438 0.302344
16 0.271484 0.298958 0.478125 0.384375
32 0.160547 0.364583 0.230859 0.527083
25 0.451562 0.56263 0.851562 0.34349
1 0.271875 0.294336 0.473437 0.366536
19 0.271875 0.294336 0.473437 0.366536
35 0.160547 0.364583 0.230859 0.527083
32 0.273828 0.344531 0.470312 0.471354
27 0.160547 0.364583 0.230859 0.527083
33 0.684375 0.525 0.392187 0.260417
30 0.535156 0.541797 0.685937 0.29349
5 0.160547 0.364583 0.230859 0.527083
1 0.619629 0.527604 0.516992 0.26875
29 0.452344 0.504167 0.864062 0.471875
8 0.552344 0.54362 0.648438 0.302344
34 0.535156 0.541797 0.685937 0.29349
35 0.535156 0.541797 0.685937 0.29349
9 0.271875 0.294336 0.473437 0.366536
24 0.684375 0.525 0.392187 0.260417
3 0.552344 0.54362 0.648438 0.302344
18 0.160547 0.364583 0.230859 0.527083
11 0.271875 0.294336 0.473437 0.366536
24 0.296875 0.428125 0.509375 0.6625
29 0.600391 0.534896 0.553906 0.278125
25 0.160547 0.364583 0.230859 0.527083
8 0.271875 0.294336 0.473437 0.366536
25 0.600391 0.534896 0.553906 0.278125
27 0.271875 0.294336 0.473437 0.366536
25 0.271875 0.294336 0.473437 0.366536
32 0.684375 0.525 0.392187 0.260417
13 0.680859 0.516667 0.399219 0.24375
34 0.160547 0.364583 0.230859 0.527083
10 0.160547 0.364583 0.230859 0.527083
7 0.684375 0.525 0.392187 0.260417
