18 0.53125 0.61875 0.380469 0.360714
1 0.530371 0.622321 0.376758 0.364286
16 0.53125 0.61875 0.380469 0.360714
20 0.53125 0.61875 0.380469 0.360714
15 0.53125 0.61875 0.380469 0.360714
11 0.575781 0.517857 0.15625 0.135714
7 0.53125 0.61875 0.380469 0.360714
18 0.575781 0.517857 0.15625 0.135714
23 0.532422 0.668304 0.3625 0.254464
26 0.529687 0.621429 0.371094 0.3625
21 0.53125 0.61875 0.380469 0.360714
22 0.53125 0.61875 0.380469 0.360714
0 0.508203 0.619643 0.3375 0.35
26 0.575781 0.517857 0.15625 0.135714
14 0.529687 0.621429 0.371094 0.3625
19 0.529687 0.621429 0.371094 0.3625
11 0.516797 0.629464 0.349219 0.339286
3 0.535937 0.620536 0.385937 0.360714
9 0.530469 0.619643 0.373437 0.3625
23 0.505566 0.625446 0.331055 0.347321
24 0.529687 0.621429 0.371094 0.3625
8 0.530859 0.640179 0.375781 0.316071
30 0.530371 0.622321 0.376758 0.364286
17 0.516797 0.629464 0.349219 0.339286
17 0.570312 0.530357 0.175 0.155357
33 0.530371 0.622321 0.376758 0.364286
32 0.530371 0.622321 0.376758 0.364286
0 0.575781 0.517857 0.15625 0.135714
0 0.532422 0.668304 0.3625 0.254464
11 0.507715 0.514286 0.300195 0.141071
17 0.518848 0.557589 0.345117 0.226786
35 0.535937 0.620536 0.385937 0.360714
16 0.662109 0.674107 0.1125 0.114286
16 0.573047 0.516964 0.161719 0.133929
34 0.526953 0.620982 0.365625 0.365179
5 0.662891 0.671429 0.108594 0.107143
11 0.662891 0.671429 0.108594 0.107143
8 0.577344 0.516071 0.15625 0.133929
7 0.577344 0.516071 0.15625 0.133929
23 0.573047 0.516964 0.161719 0.133929
26 0.507715 0.514286 0.300195 0.141071
4 0.528027 0.619196 0.373633 0.36875
33 0.496973 0.520536 0.32793 0.164286
5 0.579687 0.517857 0.154687 0.139286
3 0.577344 0.516071 0.15625 0.133929
18 0.509375 0.671429 0.328125 0.260714
18 0.661719 0.672321 0.10625 0.101786
3 0.532422 0.668304 0.3625 0.254464
33 0.570312 0.530357 0.175 0.155357
16 0.518848 0.557589 0.345117 0.226786
18 0.485254 0.588839 0.273242 0.294643
16 0.642969 0.641071 0.15625 0.2375
5 0.530859 0.640179 0.375781 0.316071
23 0.491504 0.499107 0.338867 0.183929
26 0.662891 0.671429 0.108594 0.107143
26 0.261328 0.425893 0.132031 0.101786
8 0.662109 0.674107 0.1125 0.114286
14 0.577344 0.516071 0.15625 0.133929
7 0.509375 0.671429 0.328125 0.260714
17 0.507715 0.514286 0.300195 0.141071
21 0.496973 0.520536 0.32793 0.164286
11 0.532422 0.668304 0.3625 0.254464
27 0.530469 0.619643 0.373437 0.3625
31 0.535937 0.620536 0.385937 0.360714
33 0.532422 0.668304 0.3625 0.254464
26 0.603906 0.625893 0.226562 0.216071
25 0.530566 0.617857 0.37793 0.373214
33 0.56875 0.614732 0.30625 0.220536
5 0.507715 0.514286 0.300195 0.141071
14 0.509375 0.671429 0.328125 0.260714
26 0.532422 0.668304 0.3625 0.254464
21 0.573047 0.516964 0.161719 0.133929
18 0.496973 0.520536 0.32793 0.164286
11 0.438281 0.548214 0.18125 0.207143
24 0.575781 0.517857 0.15625 0.135714
2 0.524609 0.617411 0.360156 0.358036
23 0.507715 0.514286 0.300195 0.141071
16 0.492578 0.605357 0.288281 0.321429
21 0.518848 0.557589 0.345117 0.226786
8 0.5 0.559821 0.315625 0.242857
6 0.575781 0.517857 0.15625 0.135714
8 0.507715 0.514286 0.300195 0.141071
17 0.532422 0.668304 0.3625 0.254464
7 0.662109 0.671429 0.111719 0.110714
17 0.467188 0.580804 0.239062 0.274107
23 0.662891 0.671429 0.108594 0.107143
7 0.518848 0.557589 0.345117 0.226786
11 0.508984 0.7 0.30625 0.196429
33 0.518848 0.557589 0.345117 0.226786
26 0.438281 0.548214 0.18125 0.207143
18 0.261328 0.425893 0.132031 0.101786
11 0.261328 0.425893 0.132031 0.101786
6 0.530371 0.622321 0.376758 0.364286
31 0.570312 0.530357 0.175 0.155357
14 0.492578 0.605357 0.288281 0.321429
10 0.528027 0.619196 0.373633 0.36875
26 0.491504 0.499107 0.338867 0.183929
17 0.491504 0.499107 0.338867 0.183929
28 0.529687 0.621429 0.371094 0.3625
12 0.518848 0.557589 0.345117 0.226786
5 0.261328 0.425893 0.132031 0.101786
11 0.485254 0.588839 0.273242 0.294643
9 0.492578 0.605357 0.288281 0.321429
21 0.662891 0.671429 0.108594 0.107143
5 0.5375 0.691964 0.366406 0.192857
16 0.260156 0.433036 0.133594 0.0857143
3 0.507715 0.514286 0.300195 0.141071
17 0.662109 0.671875 0.108594 0.107143
7 0.467188 0.580804 0.239062 0.274107
13 0.528027 0.619196 0.373633 0.36875
18 0.438281 0.548214 0.18125 0.207143
3 0.491504 0.499107 0.338867 0.183929
26 0.210498 0.404464 0.239941 0.139286
17 0.508984 0.7 0.30625 0.196429
17 0.209326 0.404464 0.237598 0.150893
21 0.508984 0.7 0.30625 0.196429
28 0.577344 0.516071 0.15625 0.133929
17 0.547266 0.689286 0.35 0.164286
18 0.261719 0.441964 0.13125 0.0821429
31 0.6625 0.670536 0.109375 0.107143
16 0.467188 0.580804 0.239062 0.274107
14 0.375684 0.484375 0.698633 0.638393
24 0.261328 0.425893 0.132031 0.101786
9 0.573047 0.516964 0.161719 0.133929
14 0.491504 0.499107 0.338867 0.183929
1 0.518848 0.557589 0.345117 0.226786
0 0.496973 0.520536 0.32793 0.164286
19 0.485254 0.588839 0.273242 0.294643
34 0.410547 0.475893 0.626562 0.655357
11 0.491504 0.499107 0.338867 0.183929
20 0.565625 0.529464 0.184375 0.15
14 0.507715 0.514286 0.300195 0.141071
7 0.444922 0.551786 0.192187 0.214286
0 0.485254 0.588839 0.273242 0.294643
22 0.410547 0.475893 0.626562 0.655357
12 0.530566 0.617857 0.37793 0.373214
12 0.575781 0.517857 0.15625 0.135714
31 0.518848 0.557589 0.345117 0.226786
20 0.518848 0.557589 0.345117 0.226786
23 0.485254 0.588839 0.273242 0.294643
7 0.260547 0.44375 0.132812 0.0767858
21 0.492578 0.605357 0.288281 0.321429
21 0.532422 0.668304 0.3625 0.254464
10 0.410547 0.475893 0.626562 0.655357
0 0.662891 0.671429 0.108594 0.107143
14 0.366406 0.59375 0.68125 0.414286
7 0.496973 0.520536 0.32793 0.164286
18 0.453125 0.573661 0.2125 0.258036
11 0.603906 0.625893 0.226562 0.216071
24 0.532422 0.668304 0.3625 0.254464
31 0.496973 0.520536 0.32793 0.164286
3 0.492578 0.605357 0.288281 0.321429
27 0.366406 0.59375 0.68125 0.414286
15 0.410547 0.475893 0.626562 0.655357
8 0.603906 0.625893 0.226562 0.216071
15 0.496875 0.490625 0.328906 0.209821
16 0.249609 0.410268 0.160156 0.161607
12 0.509375 0.671429 0.328125 0.260714
23 0.603906 0.625893 0.226562 0.216071
7 0.547266 0.689286 0.35 0.164286
17 0.261719 0.441964 0.13125 0.0821429
1 0.375684 0.484375 0.698633 0.638393
31 0.547266 0.689286 0.35 0.164286
19 0.508984 0.7 0.30625 0.196429
4 0.375684 0.484375 0.698633 0.638393
7 0.603906 0.625893 0.226562 0.216071
14 0.5 0.559821 0.315625 0.242857
6 0.662109 0.674107 0.1125 0.114286
14 0.662109 0.671875 0.108594 0.107143
3 0.486035 0.611161 0.529492 0.388393
3 0.662109 0.674107 0.1125 0.114286
33 0.642969 0.641071 0.15625 0.2375
4 0.56875 0.614732 0.30625 0.220536
1 0.508203 0.490179 0.296094 0.208929
3 0.375684 0.484375 0.698633 0.638393
23 0.576562 0.616071 0.475 0.375
6 0.485254 0.588839 0.273242 0.294643
33 0.6625 0.670536 0.109375 0.107143
8 0.508984 0.7 0.30625 0.196429
16 0.486035 0.611161 0.529492 0.388393
12 0.479687 0.595982 0.267187 0.302679
18 0.486035 0.611161 0.529492 0.388393
12 0.496973 0.520536 0.32793 0.164286
12 0.453125 0.573661 0.2125 0.258036
6 0.532422 0.668304 0.3625 0.254464
3 0.366406 0.59375 0.68125 0.414286
16 0.508203 0.490179 0.296094 0.208929
23 0.496875 0.533036 0.310156 0.198214
5 0.438281 0.548214 0.18125 0.207143
15 0.531152 0.636607 0.373633 0.383929
16 0.529297 0.636607 0.375781 0.3875
32 0.52959 0.633036 0.37207 0.373214
1 0.52959 0.633036 0.37207 0.373214
13 0.469531 0.630357 0.498438 0.392857
33 0.52959 0.633036 0.37207 0.373214
3 0.469531 0.630357 0.498438 0.392857
7 0.529297 0.636607 0.375781 0.3875
0 0.52959 0.633036 0.37207 0.373214
30 0.529297 0.636607 0.375781 0.3875
9 0.529297 0.636607 0.375781 0.3875
21 0.529297 0.636607 0.375781 0.3875
18 0.529297 0.636607 0.375781 0.3875
23 0.469531 0.630357 0.498438 0.392857
2 0.469531 0.630357 0.498438 0.392857
20 0.529297 0.636607 0.375781 0.3875
19 0.529297 0.636607 0.375781 0.3875
22 0.529297 0.636607 0.375781 0.3875
10 0.469531 0.630357 0.498438 0.392857
14 0.531152 0.636607 0.373633 0.383929
5 0.469531 0.630357 0.498438 0.392857
24 0.530371 0.633482 0.370508 0.374107
26 0.529297 0.636607 0.375781 0.3875
28 0.530371 0.633482 0.370508 0.374107
3 0.578906 0.526786 0.153125 0.132143
16 0.435938 0.627679 0.659375 0.389286
35 0.52959 0.633036 0.37207 0.373214
34 0.530371 0.633482 0.370508 0.374107
1 0.653516 0.641071 0.621094 0.385714
15 0.653516 0.641071 0.621094 0.385714
17 0.578906 0.526786 0.153125 0.132143
33 0.579687 0.527679 0.159375 0.146429
7 0.653516 0.641071 0.621094 0.385714
17 0.530371 0.633482 0.370508 0.374107
25 0.469531 0.630357 0.498438 0.392857
9 0.653516 0.641071 0.621094 0.385714
15 0.578906 0.526786 0.153125 0.132143
28 0.579687 0.525446 0.159375 0.126786
14 0.578906 0.526786 0.153125 0.132143
13 0.666406 0.64375 0.648438 0.4
4 0.469531 0.630357 0.498438 0.392857
2 0.666406 0.64375 0.648438 0.4
3 0.467578 0.615625 0.877344 0.397321
14 0.435938 0.627679 0.659375 0.389286
27 0.529297 0.636607 0.375781 0.3875
15 0.435938 0.627679 0.659375 0.389286
31 0.516406 0.633036 0.420313 0.391071
6 0.52959 0.633036 0.37207 0.373214
20 0.435938 0.627679 0.659375 0.389286
24 0.578906 0.526786 0.153125 0.132143
0 0.578906 0.526786 0.153125 0.132143
22 0.435938 0.627679 0.659375 0.389286
12 0.469531 0.630357 0.498438 0.392857
16 0.653516 0.641071 0.621094 0.385714
18 0.435938 0.627679 0.659375 0.389286
21 0.435938 0.627679 0.659375 0.389286
10 0.666406 0.64375 0.648438 0.4
33 0.653516 0.641071 0.621094 0.385714
21 0.653516 0.641071 0.621094 0.385714
8 0.578906 0.526786 0.153125 0.132143
21 0.579687 0.527679 0.159375 0.146429
7 0.578906 0.526786 0.153125 0.132143
32 0.583594 0.522768 0.160938 0.141964
18 0.578906 0.526786 0.153125 0.132143
3 0.510254 0.751786 0.310742 0.1625
7 0.467578 0.615625 0.877344 0.397321
16 0.578906 0.526786 0.153125 0.132143
26 0.579687 0.525446 0.159375 0.126786
5 0.666406 0.64375 0.648438 0.4
14 0.653516 0.641071 0.621094 0.385714
27 0.435938 0.627679 0.659375 0.389286
4 0.203125 0.354464 0.40625 0.467857
5 0.578906 0.526786 0.153125 0.132143
1 0.435938 0.627679 0.659375 0.389286
10 0.578906 0.526786 0.153125 0.132143
33 0.607031 0.552679 0.220312 0.196429
4 0.401563 0.420089 0.798437 0.636607
3 0.509375 0.645982 0.322656 0.388393
8 0.531152 0.636607 0.373633 0.383929
22 0.666406 0.64375 0.648438 0.4
19 0.435938 0.627679 0.659375 0.389286
31 0.666406 0.64375 0.648438 0.4
11 0.578906 0.526786 0.153125 0.132143
26 0.467578 0.615625 0.877344 0.397321
16 0.591797 0.528125 0.20625 0.151786
4 0.653516 0.641071 0.621094 0.385714
16 0.58125 0.545089 0.13125 0.0651786
35 0.175 0.313393 0.346875 0.452679
15 0.667969 0.725893 0.664062 0.548214
23 0.579687 0.527679 0.159375 0.146429
9 0.435938 0.627679 0.659375 0.389286
3 0.666406 0.64375 0.648438 0.4
8 0.653516 0.641071 0.621094 0.385714
2 0.667969 0.725893 0.664062 0.548214
25 0.653516 0.641071 0.621094 0.385714
30 0.435938 0.627679 0.659375 0.389286
26 0.653516 0.641071 0.621094 0.385714
18 0.510254 0.751786 0.310742 0.1625
5 0.541406 0.632143 0.398437 0.371429
31 0.582031 0.526786 0.157812 0.146429
25 0.521484 0.629911 0.353906 0.370536
17 0.653516 0.641071 0.621094 0.385714
35 0.435938 0.627679 0.659375 0.389286
28 0.607031 0.552679 0.220312 0.196429
30 0.653516 0.641071 0.621094 0.385714
7 0.667969 0.725893 0.664062 0.548214
23 0.666406 0.64375 0.648438 0.4
34 0.665234 0.721429 0.669531 0.557143
23 0.467578 0.615625 0.877344 0.397321
29 0.653516 0.641071 0.621094 0.385714
12 0.521484 0.629911 0.353906 0.370536
1 0.578906 0.526786 0.153125 0.132143
5 0.467578 0.615625 0.877344 0.397321
12 0.579687 0.527679 0.159375 0.146429
3 0.667969 0.725893 0.664062 0.548214
33 0.546094 0.589286 0.332812 0.280357
20 0.584375 0.526786 0.164062 0.135714
9 0.578906 0.526786 0.153125 0.132143
4 0.467578 0.615625 0.877344 0.397321
33 0.667969 0.725893 0.664062 0.548214
13 0.448047 0.546317 0.850781 0.514509
31 0.435938 0.627679 0.659375 0.389286
4 0.521484 0.629911 0.353906 0.370536
32 0.460938 0.976786 0.0367188 0.0392857
14 0.667969 0.725893 0.664062 0.548214
29 0.530371 0.633482 0.370508 0.374107
32 0.471094 0.623214 0.860937 0.396429
0 0.523437 0.721429 0.3375 0.217857
24 0.510254 0.751786 0.310742 0.1625
0 0.653516 0.641071 0.621094 0.385714
32 0.665234 0.721429 0.669531 0.557143
18 0.460938 0.566853 0.90625 0.489509
3 0.532812 0.728571 0.934375 0.542857
13 0.667969 0.725893 0.664062 0.548214
11 0.502441 0.636607 0.304492 0.3875
23 0.509375 0.645982 0.322656 0.388393
15 0.439062 0.611607 0.175781 0.3375
3 0.463281 0.503683 0.907812 0.56942
33 0.485156 0.620536 0.26875 0.357143
18 0.203125 0.354464 0.40625 0.467857
15 0.460938 0.566853 0.90625 0.489509
18 0.653516 0.641071 0.621094 0.385714
14 0.448047 0.546317 0.850781 0.514509
12 0.178467 0.29933 0.354004 0.479018
33 0.506641 0.748214 0.316406 0.160714
32 0.653516 0.641071 0.621094 0.385714
32 0.58125 0.545089 0.13125 0.0651786
31 0.387402 0.404018 0.770508 0.596429
34 0.203125 0.354464 0.40625 0.467857
17 0.485156 0.620536 0.26875 0.357143
21 0.460938 0.566853 0.90625 0.489509
17 0.467578 0.615625 0.877344 0.397321
21 0.667969 0.725893 0.664062 0.548214
15 0.607031 0.552679 0.220312 0.196429
15 0.591797 0.528125 0.20625 0.151786
25 0.387402 0.404018 0.770508 0.596429
26 0.667969 0.725893 0.664062 0.548214
17 0.523437 0.721429 0.3375 0.217857
20 0.666406 0.64375 0.648438 0.4
4 0.16875 0.296819 0.332422 0.438504
34 0.460938 0.566853 0.90625 0.489509
0 0.56875 0.545982 0.121094 0.0901786
13 0.584375 0.526786 0.164062 0.135714
9 0.667969 0.725893 0.664062 0.548214
24 0.665234 0.721429 0.669531 0.557143
27 0.203125 0.354464 0.40625 0.467857
31 0.203125 0.354464 0.40625 0.467857
19 0.653516 0.641071 0.621094 0.385714
28 0.665234 0.721429 0.669531 0.557143
16 0.56875 0.545982 0.121094 0.0901786
17 0.510254 0.751786 0.310742 0.1625
34 0.435938 0.627679 0.659375 0.389286
17 0.665234 0.721429 0.669531 0.557143
23 0.474609 0.536719 0.933594 0.515848
35 0.401563 0.420089 0.798437 0.636607
0 0.485156 0.620536 0.26875 0.357143
12 0.387402 0.404018 0.770508 0.596429
23 0.510254 0.751786 0.310742 0.1625
1 0.460938 0.566853 0.90625 0.489509
27 0.460938 0.566853 0.90625 0.489509
14 0.506641 0.748214 0.316406 0.160714
17 0.423047 0.448214 0.838281 0.666071
3 0.523437 0.721429 0.3375 0.217857
21 0.175 0.313393 0.346875 0.452679
28 0.471094 0.623214 0.860937 0.396429
17 0.175 0.313393 0.346875 0.452679
34 0.401563 0.420089 0.798437 0.636607
4 0.463281 0.503683 0.907812 0.56942
5 0.474609 0.536719 0.933594 0.515848
5 0.175 0.313393 0.346875 0.452679
6 0.471094 0.623214 0.860937 0.396429
6 0.667969 0.725893 0.664062 0.548214
2 0.532812 0.728571 0.934375 0.542857
1 0.667969 0.725893 0.664062 0.548214
29 0.578906 0.526786 0.153125 0.132143
0 0.510254 0.751786 0.310742 0.1625
17 0.22832 0.348103 0.456641 0.502009
12 0.439062 0.611607 0.175781 0.3375
13 0.475781 0.461161 0.951562 0.54375
14 0.532031 0.646429 0.375 0.403571
15 0.532031 0.646429 0.375 0.403571
16 0.532031 0.646429 0.375 0.403571
26 0.532031 0.646429 0.375 0.403571
13 0.532031 0.646429 0.375 0.403571
23 0.532031 0.646429 0.375 0.403571
18 0.529004 0.642857 0.36543 0.405357
21 0.532031 0.646429 0.375 0.403571
18 0.502441 0.75625 0.298242 0.178571
20 0.532031 0.646429 0.375 0.403571
26 0.575781 0.519643 0.15 0.139286
28 0.528516 0.641964 0.370312 0.394643
19 0.528516 0.641964 0.370312 0.394643
15 0.575 0.528125 0.149219 0.155357
7 0.538184 0.641964 0.383008 0.394643
16 0.575781 0.519643 0.15 0.139286
15 0.502441 0.75625 0.298242 0.178571
24 0.538184 0.641964 0.383008 0.394643
15 0.504687 0.712054 0.289062 0.277679
26 0.502441 0.75625 0.298242 0.178571
18 0.504687 0.712054 0.289062 0.277679
14 0.502441 0.75625 0.298242 0.178571
11 0.574219 0.519643 0.148438 0.1375
11 0.502441 0.75625 0.298242 0.178571
3 0.532031 0.646429 0.375 0.403571
8 0.532031 0.646429 0.375 0.403571
11 0.511035 0.641071 0.30918 0.401786
5 0.532031 0.646429 0.375 0.403571
11 0.504687 0.712054 0.289062 0.277679
1 0.528516 0.641964 0.370312 0.394643
19 0.502441 0.75625 0.298242 0.178571
18 0.260156 0.457143 0.130469 0.0723215
16 0.502441 0.75625 0.298242 0.178571
26 0.504687 0.712054 0.289062 0.277679
2 0.532031 0.646429 0.375 0.403571
15 0.260547 0.455357 0.130078 0.0803571
16 0.260547 0.455357 0.130078 0.0803571
17 0.511035 0.641071 0.30918 0.401786
14 0.575 0.528125 0.149219 0.155357
13 0.575781 0.519643 0.15 0.139286
9 0.539453 0.649107 0.385938 0.405357
32 0.538184 0.641964 0.383008 0.394643
30 0.518359 0.640179 0.346094 0.392857
14 0.504687 0.712054 0.289062 0.277679
6 0.528516 0.641964 0.370312 0.394643
19 0.260547 0.455357 0.130078 0.0803571
26 0.260547 0.455357 0.130078 0.0803571
20 0.575781 0.519643 0.15 0.139286
14 0.260156 0.456696 0.13125 0.0723214
18 0.574219 0.519643 0.148438 0.1375
0 0.528516 0.641964 0.370312 0.394643
16 0.53125 0.713839 0.335938 0.261607
19 0.575 0.528571 0.151562 0.158929
4 0.502441 0.75625 0.298242 0.178571
16 0.258203 0.441071 0.125781 0.0553572
17 0.574219 0.519643 0.148438 0.1375
10 0.527734 0.645536 0.375781 0.401786
17 0.502441 0.75625 0.298242 0.178571
28 0.575781 0.519643 0.15 0.139286
17 0.504687 0.712054 0.289062 0.277679
20 0.502441 0.75625 0.298242 0.178571
19 0.53125 0.713839 0.335938 0.261607
0 0.258203 0.441071 0.125781 0.0553572
33 0.575781 0.519643 0.15 0.139286
11 0.260547 0.455357 0.130078 0.0803571
33 0.528516 0.641964 0.370312 0.394643
12 0.502441 0.75625 0.298242 0.178571
19 0.565234 0.757143 0.16875 0.175
29 0.538184 0.641964 0.383008 0.394643
13 0.615625 0.656696 0.5375 0.408036
17 0.260156 0.457143 0.130469 0.0723215
5 0.575781 0.519643 0.15 0.139286
18 0.565234 0.757143 0.16875 0.175
16 0.511719 0.584821 0.279687 0.280357
15 0.491016 0.600893 0.28125 0.317857
27 0.528516 0.641964 0.370312 0.394643
13 0.502441 0.75625 0.298242 0.178571
22 0.532031 0.646429 0.375 0.403571
21 0.574219 0.519643 0.148438 0.1375
13 0.504687 0.712054 0.289062 0.277679
4 0.574219 0.519643 0.148438 0.1375
31 0.539453 0.649107 0.385938 0.405357
16 0.544922 0.751786 0.228906 0.191071
33 0.260547 0.455357 0.130078 0.0803571
14 0.25625 0.449107 0.135938 0.103571
32 0.574219 0.518304 0.15 0.138393
21 0.260547 0.455357 0.130078 0.0803571
18 0.25625 0.449107 0.135938 0.103571
5 0.260547 0.455357 0.130078 0.0803571
12 0.575 0.528125 0.149219 0.155357
19 0.544922 0.751786 0.228906 0.191071
7 0.615625 0.656696 0.5375 0.408036
17 0.258203 0.441071 0.125781 0.0553572
20 0.504687 0.712054 0.289062 0.277679
14 0.565234 0.757143 0.16875 0.175
15 0.615625 0.656696 0.5375 0.408036
25 0.528516 0.641964 0.370312 0.394643
7 0.574219 0.519643 0.148438 0.1375
14 0.615625 0.656696 0.5375 0.408036
4 0.511035 0.641071 0.30918 0.401786
16 0.260742 0.436607 0.129297 0.108929
24 0.621875 0.675446 0.559375 0.45625
34 0.538184 0.641964 0.383008 0.394643
18 0.257812 0.442857 0.125781 0.0553571
9 0.574219 0.519643 0.148438 0.1375
15 0.53291 0.734821 0.343555 0.225
4 0.504687 0.712054 0.289062 0.277679
16 0.615625 0.656696 0.5375 0.408036
19 0.511719 0.584821 0.279687 0.280357
11 0.53291 0.734821 0.343555 0.225
35 0.528516 0.641964 0.370312 0.394643
5 0.53125 0.713839 0.335938 0.261607
12 0.532031 0.646429 0.375 0.403571
4 0.260156 0.456696 0.13125 0.0723214
15 0.565234 0.757143 0.16875 0.175
16 0.257812 0.429018 0.125781 0.0696429
12 0.504687 0.712054 0.289062 0.277679
28 0.502441 0.75625 0.298242 0.178571
26 0.258594 0.426786 0.13125 0.1125
7 0.260547 0.455357 0.130078 0.0803571
28 0.53125 0.713839 0.335938 0.261607
3 0.575781 0.519643 0.148438 0.134821
3 0.260156 0.457143 0.130469 0.0723215
2 0.615625 0.656696 0.5375 0.408036
11 0.476953 0.594643 0.250781 0.303571
16 0.660937 0.667857 0.1125 0.0839286
5 0.502441 0.75625 0.298242 0.178571
26 0.53291 0.734821 0.343555 0.225
16 0.565234 0.757143 0.16875 0.175
24 0.574219 0.519643 0.148438 0.1375
20 0.260547 0.455357 0.130078 0.0803571
17 0.574219 0.645982 0.457812 0.399107
29 0.574219 0.519643 0.148438 0.1375
21 0.502441 0.75625 0.298242 0.178571
7 0.502441 0.75625 0.298242 0.178571
21 0.615625 0.656696 0.5375 0.408036
20 0.258203 0.441071 0.125781 0.0553572
10 0.574219 0.519643 0.148438 0.1375
17 0.565234 0.757143 0.16875 0.175
18 0.53291 0.734821 0.343555 0.225
9 0.507031 0.754911 0.282031 0.177679
18 0.258594 0.426786 0.13125 0.1125
14 0.552344 0.730357 0.334375 0.2125
11 0.544922 0.751786 0.228906 0.191071
13 0.260156 0.456696 0.13125 0.0723214
17 0.476953 0.594643 0.250781 0.303571
8 0.615625 0.656696 0.5375 0.408036
11 0.260742 0.436607 0.129297 0.108929
15 0.445703 0.592857 0.190625 0.298214
26 0.615625 0.656696 0.5375 0.408036
14 0.511719 0.584821 0.279687 0.280357
23 0.575781 0.519643 0.148438 0.134821
11 0.59375 0.533929 0.195312 0.171429
14 0.258594 0.426786 0.13125 0.1125
13 0.491016 0.600893 0.28125 0.317857
12 0.260156 0.457143 0.130469 0.0723215
1 0.615625 0.656696 0.5375 0.408036
5 0.615625 0.656696 0.5375 0.408036
5 0.260742 0.436607 0.129297 0.108929
28 0.621875 0.675446 0.559375 0.45625
16 0.637891 0.691071 0.163281 0.1375
20 0.260742 0.436607 0.129297 0.108929
31 0.575 0.528125 0.149219 0.155357
32 0.53125 0.713839 0.335938 0.261607
18 0.257812 0.429018 0.125781 0.0696429
11 0.565234 0.757143 0.16875 0.175
30 0.536816 0.697321 0.401367 0.496429
10 0.260547 0.455357 0.130078 0.0803571
19 0.615625 0.656696 0.5375 0.408036
24 0.502441 0.75625 0.298242 0.178571
24 0.513281 0.696429 0.342187 0.498214
29 0.615625 0.656696 0.5375 0.408036
21 0.504687 0.712054 0.289062 0.277679
26 0.225 0.419643 0.198438 0.133036
26 0.565234 0.757143 0.16875 0.175
3 0.615625 0.656696 0.5375 0.408036
14 0.225 0.419643 0.198438 0.133036
0 0.260156 0.457143 0.130469 0.0723215
9 0.615625 0.656696 0.5375 0.408036
14 0.258203 0.441071 0.125781 0.0553572
23 0.615625 0.656696 0.5375 0.408036
24 0.260547 0.455357 0.130078 0.0803571
33 0.507031 0.754911 0.282031 0.177679
18 0.491016 0.600893 0.28125 0.317857
19 0.637891 0.691071 0.163281 0.1375
3 0.53125 0.713839 0.335938 0.261607
7 0.53125 0.713839 0.335938 0.261607
15 0.440625 0.638839 0.8375 0.420536
18 0.544922 0.751786 0.228906 0.191071
7 0.257812 0.442857 0.125781 0.0553571
15 0.59375 0.533929 0.195312 0.171429
15 0.260742 0.436607 0.129297 0.108929
26 0.491016 0.600893 0.28125 0.317857
24 0.504687 0.712054 0.289062 0.277679
6 0.260547 0.455357 0.130078 0.0803571
17 0.53291 0.734821 0.343555 0.225
9 0.260156 0.456696 0.13125 0.0723214
33 0.53291 0.734821 0.343555 0.225
5 0.258203 0.441071 0.125781 0.0553572
26 0.660937 0.667857 0.1125 0.0839286
3 0.260742 0.436607 0.129297 0.108929
6 0.502441 0.75625 0.298242 0.178571
18 0.615625 0.656696 0.5375 0.408036
6 0.575781 0.519643 0.148438 0.134821
16 0.460938 0.976786 0.0359375 0.0357143
14 0.480078 0.554911 0.942969 0.572321
0 0.257812 0.429018 0.125781 0.0696429
4 0.25625 0.449107 0.135938 0.103571
8 0.574219 0.519643 0.148438 0.1375
26 0.480078 0.554911 0.942969 0.572321
11 0.536816 0.697321 0.401367 0.496429
28 0.260547 0.455357 0.130078 0.0803571
26 0.59375 0.533929 0.195312 0.171429
3 0.502441 0.75625 0.298242 0.178571
12 0.565234 0.757143 0.16875 0.175
18 0.225 0.419643 0.198438 0.133036
28 0.505469 0.605357 0.310937 0.326786
19 0.663281 0.68125 0.1125 0.120536
32 0.260156 0.456696 0.13125 0.0723214
23 0.260547 0.455357 0.130078 0.0803571
19 0.260742 0.436607 0.129297 0.108929
7 0.59375 0.533929 0.195312 0.171429
16 0.225 0.419643 0.198438 0.133036
13 0.25625 0.449107 0.135938 0.103571
0 0.574219 0.519643 0.148438 0.1375
5 0.225 0.419643 0.198438 0.133036
33 0.511719 0.584821 0.279687 0.280357
4 0.258594 0.426786 0.13125 0.1125
33 0.260742 0.436607 0.129297 0.108929
25 0.260156 0.457143 0.130469 0.0723215
17 0.257812 0.429018 0.125781 0.0696429
30 0.621875 0.675446 0.559375 0.45625
30 0.511719 0.584821 0.279687 0.280357
27 0.615625 0.656696 0.5375 0.408036
17 0.25625 0.449107 0.135938 0.103571
32 0.258594 0.426786 0.13125 0.1125
20 0.565234 0.757143 0.16875 0.175
13 0.258594 0.426786 0.13125 0.1125
14 0.544922 0.751786 0.228906 0.191071
10 0.617188 0.650446 0.540625 0.425893
23 0.480078 0.554911 0.942969 0.572321
26 0.544922 0.751786 0.228906 0.191071
4 0.565234 0.757143 0.16875 0.175
21 0.53291 0.734821 0.343555 0.225
23 0.440625 0.638839 0.8375 0.420536
17 0.536816 0.697321 0.401367 0.496429
19 0.59375 0.733036 0.198438 0.214286
28 0.260742 0.436607 0.129297 0.108929
28 0.59375 0.533929 0.195312 0.171429
15 0.544922 0.751786 0.228906 0.191071
16 0.440625 0.638839 0.8375 0.420536
15 0.660937 0.667857 0.1125 0.0839286
32 0.615625 0.656696 0.5375 0.408036
18 0.260938 0.491071 0.134375 0.173214
26 0.566016 0.591071 0.309375 0.3
30 0.53291 0.734821 0.343555 0.225
33 0.615625 0.656696 0.5375 0.408036
24 0.25957 0.435268 0.130859 0.104464
14 0.440625 0.638839 0.8375 0.420536
14 0.59375 0.533929 0.195312 0.171429
18 0.660937 0.667857 0.1125 0.0839286
31 0.615625 0.656696 0.5375 0.408036
12 0.25625 0.449107 0.135938 0.103571
31 0.504687 0.712054 0.289062 0.277679
11 0.660938 0.679911 0.111719 0.113393
15 0.637891 0.691071 0.163281 0.1375
6 0.504687 0.712054 0.289062 0.277679
20 0.59375 0.533929 0.195312 0.171429
30 0.260547 0.455357 0.130078 0.0803571
3 0.258203 0.441071 0.125781 0.0553572
21 0.260742 0.436607 0.129297 0.108929
1 0.575781 0.519643 0.148438 0.134821
18 0.440625 0.638839 0.8375 0.420536
3 0.440625 0.638839 0.8375 0.420536
0 0.460938 0.976786 0.0359375 0.0357143
28 0.225 0.419643 0.198438 0.133036
21 0.565234 0.757143 0.16875 0.175
14 0.440723 0.492745 0.693555 0.712723
15 0.480078 0.554911 0.942969 0.572321
19 0.260938 0.491071 0.134375 0.173214
15 0.663281 0.68125 0.1125 0.120536
