18 0.397185 0.736737 0.667832 0.209549
21 0.406851 0.736074 0.643814 0.212202
22 0.40812 0.738727 0.645181 0.206897
7 0.478418 0.738727 0.514739 0.20557
4 0.406851 0.736074 0.643814 0.212202
15 0.406851 0.736074 0.643814 0.212202
16 0.397185 0.736737 0.667832 0.209549
1 0.40812 0.738727 0.645181 0.206897
14 0.406851 0.736074 0.643814 0.212202
20 0.397185 0.736737 0.667832 0.209549
23 0.549497 0.742706 0.376486 0.206897
35 0.40812 0.738727 0.645181 0.206897
3 0.397185 0.736737 0.667832 0.209549
17 0.549497 0.742706 0.376486 0.206897
27 0.406851 0.736074 0.643814 0.212202
32 0.418665 0.736074 0.649867 0.209549
11 0.270648 0.745358 0.395232 0.076923
18 0.547544 0.741379 0.374924 0.204244
26 0.478418 0.738727 0.514739 0.20557
3 0.547544 0.741379 0.374924 0.204244
19 0.418665 0.736074 0.649867 0.209549
33 0.547544 0.741379 0.374924 0.204244
11 0.549497 0.742706 0.376486 0.206897
9 0.477637 0.7374 0.516301 0.209549
8 0.549107 0.740053 0.373361 0.198939
34 0.411537 0.73939 0.667247 0.21618
4 0.390155 0.684516 0.682673 0.320623
13 0.478906 0.738727 0.510638 0.212202
2 0.478906 0.738727 0.510638 0.212202
24 0.547544 0.741379 0.374924 0.204244
23 0.269086 0.724138 0.389764 0.111406
11 0.40812 0.738727 0.645181 0.206897
0 0.549497 0.742706 0.376486 0.206897
31 0.397185 0.736737 0.667832 0.209549
21 0.270648 0.745358 0.395232 0.076923
18 0.253464 0.744695 0.357739 0.0729443
5 0.253464 0.744695 0.357739 0.0729443
0 0.412025 0.7374 0.636589 0.209549
33 0.412025 0.7374 0.636589 0.209549
7 0.0894593 0.331897 0.1136 0.0656499
26 0.549888 0.742706 0.370237 0.212202
5 0.547544 0.741379 0.374924 0.204244
25 0.397185 0.736737 0.667832 0.209549
17 0.253464 0.744695 0.357739 0.0729443
14 0.390155 0.684516 0.682673 0.320623
16 0.973239 0.823607 0.0468655 0.0557029
14 0.51552 0.740053 0.438192 0.212202
23 0.397185 0.736737 0.667832 0.209549
7 0.279435 0.752653 0.40812 0.096817
3 0.390155 0.684516 0.682673 0.320623
23 0.401481 0.667772 0.652211 0.35809
21 0.551059 0.740053 0.375705 0.201592
7 0.247996 0.752653 0.333526 0.0729443
26 0.973239 0.823607 0.0468655 0.0557029
12 0.390155 0.684516 0.682673 0.320623
10 0.477637 0.7374 0.516301 0.209549
7 0.216362 0.744032 0.281974 0.0742706
30 0.412025 0.7374 0.636589 0.209549
11 0.216362 0.744032 0.281974 0.0742706
23 0.270648 0.745358 0.395232 0.076923
20 0.270648 0.745358 0.395232 0.076923
15 0.51552 0.740053 0.438192 0.212202
8 0.253464 0.744695 0.357739 0.0729443
35 0.514348 0.740053 0.439754 0.210875
17 0.275334 0.758621 0.289785 0.0742706
18 0.401481 0.667772 0.652211 0.35809
22 0.514348 0.740053 0.439754 0.210875
22 0.390155 0.684516 0.682673 0.320623
24 0.253464 0.744695 0.357739 0.0729443
4 0.547544 0.741379 0.374924 0.204244
35 0.390155 0.684516 0.682673 0.320623
11 0.269086 0.724138 0.389764 0.111406
19 0.51552 0.740053 0.438192 0.212202
17 0.0894593 0.331897 0.1136 0.0656499
16 0.0890443 0.331565 0.115211 0.066313
17 0.549985 0.689655 0.368479 0.0981432
33 0.973239 0.823607 0.0468655 0.0557029
6 0.412025 0.7374 0.636589 0.209549
10 0.390155 0.684516 0.682673 0.320623
6 0.253464 0.744695 0.357739 0.0729443
0 0.270648 0.745358 0.395232 0.076923
4 0.253464 0.744695 0.357739 0.0729443
11 0.306969 0.759947 0.224954 0.0649867
17 0.553403 0.70557 0.366331 0.139257
33 0.247215 0.742706 0.328058 0.0769231
1 0.51552 0.740053 0.438192 0.212202
16 0.51552 0.740053 0.438192 0.212202
34 0.514348 0.740053 0.439754 0.210875
26 0.253464 0.744695 0.357739 0.0729443
19 0.474903 0.685013 0.520206 0.322281
34 0.390155 0.684516 0.682673 0.320623
14 0.253464 0.744695 0.357739 0.0729443
20 0.51552 0.740053 0.438192 0.212202
18 0.403726 0.768568 0.66256 0.140584
17 0.24331 0.728117 0.342899 0.103448
20 0.401481 0.667772 0.652211 0.35809
14 0.279435 0.752653 0.40812 0.096817
21 0.411244 0.661804 0.656897 0.372679
3 0.403726 0.768568 0.66256 0.140584
21 0.973239 0.823607 0.0468655 0.0557029
4 0.403726 0.768568 0.66256 0.140584
24 0.471681 0.742706 0.52665 0.209549
16 0.401481 0.667772 0.652211 0.35809
8 0.478906 0.738727 0.510638 0.212202
31 0.51552 0.740053 0.438192 0.212202
16 0.706887 0.78382 0.0359302 0.111406
19 0.411244 0.661804 0.656897 0.372679
33 0.0894593 0.331897 0.1136 0.0656499
27 0.403726 0.768568 0.66256 0.140584
7 0.403726 0.768568 0.66256 0.140584
7 0.306969 0.759947 0.224954 0.0649867
7 0.973239 0.823607 0.0468655 0.0557029
12 0.551059 0.740053 0.375705 0.201592
23 0.604564 0.740716 0.253073 0.204244
14 0.403726 0.768568 0.66256 0.140584
5 0.0890687 0.328249 0.116334 0.0689655
14 0.0897278 0.330239 0.11814 0.0689655
6 0.547544 0.741379 0.374924 0.204244
22 0.403433 0.763926 0.656116 0.114058
32 0.403726 0.768568 0.66256 0.140584
8 0.474903 0.685013 0.520206 0.322281
26 0.0882632 0.330902 0.112477 0.0623342
28 0.471681 0.742706 0.52665 0.209549
33 0.295252 0.728117 0.448346 0.106101
15 0.403726 0.768568 0.66256 0.140584
1 0.403726 0.768568 0.66256 0.140584
16 0.700638 0.782493 0.0578007 0.106101
11 0.275334 0.758621 0.289785 0.0742706
7 0.973239 0.837533 0.051552 0.0875331
1 0.390155 0.684516 0.682673 0.320623
11 0.403726 0.768568 0.66256 0.140584
21 0.269086 0.724138 0.389764 0.111406
7 0.549888 0.742706 0.370237 0.212202
21 0.403726 0.768568 0.66256 0.140584
17 0.0901183 0.304708 0.127513 0.120027
17 0.40812 0.738727 0.645181 0.206897
18 0.0894593 0.331897 0.1136 0.0656499
18 0.386152 0.753316 0.622724 0.0928382
26 0.314194 0.777188 0.21519 0.0901857
20 0.403726 0.768568 0.66256 0.140584
6 0.306969 0.759947 0.224954 0.0649867
35 0.403726 0.768568 0.66256 0.140584
32 0.514348 0.740053 0.439754 0.210875
26 0.306969 0.759947 0.224954 0.0649867
21 0.407046 0.748011 0.652796 0.188329
35 0.407046 0.748011 0.652796 0.188329
18 0.407046 0.748011 0.652796 0.188329
13 0.389764 0.746684 0.681892 0.196287
3 0.393279 0.744032 0.663146 0.200265
7 0.407046 0.748011 0.652796 0.188329
3 0.54403 0.746684 0.369456 0.196287
16 0.407046 0.748011 0.652796 0.188329
4 0.407046 0.748011 0.652796 0.188329
20 0.407046 0.748011 0.652796 0.188329
12 0.393279 0.744032 0.663146 0.200265
15 0.389764 0.746684 0.681892 0.196287
30 0.407046 0.748011 0.652796 0.188329
23 0.389764 0.746684 0.681892 0.196287
5 0.389764 0.746684 0.681892 0.196287
17 0.54403 0.748011 0.354615 0.19496
27 0.403726 0.748011 0.64069 0.190981
19 0.407046 0.748011 0.652796 0.188329
2 0.408608 0.746021 0.649672 0.197613
33 0.54403 0.746684 0.369456 0.196287
18 0.54403 0.748011 0.354615 0.19496
3 0.547935 0.70557 0.349147 0.111406
17 0.437313 0.748011 0.5907 0.189655
18 0.547935 0.70557 0.349147 0.111406
1 0.407046 0.748011 0.652796 0.188329
28 0.54403 0.748011 0.354615 0.19496
22 0.389764 0.746684 0.681892 0.196287
23 0.54403 0.748011 0.354615 0.19496
9 0.407046 0.748011 0.652796 0.188329
17 0.547935 0.70557 0.349147 0.111406
24 0.54403 0.746684 0.369456 0.196287
10 0.389764 0.746684 0.681892 0.196287
14 0.547935 0.70557 0.349147 0.111406
14 0.458891 0.747347 0.545982 0.190981
14 0.54403 0.748011 0.354615 0.19496
34 0.396403 0.750663 0.674081 0.201592
25 0.389764 0.746684 0.681892 0.196287
0 0.54403 0.748011 0.354615 0.19496
24 0.547935 0.70557 0.349147 0.111406
15 0.54403 0.748011 0.354615 0.19496
28 0.547935 0.70557 0.349147 0.111406
8 0.54403 0.748011 0.354615 0.19496
31 0.448248 0.746021 0.568829 0.19496
16 0.973731 0.823607 0.0525371 0.0583555
26 0.437313 0.748011 0.5907 0.189655
5 0.54403 0.746684 0.369456 0.196287
11 0.54403 0.748011 0.354615 0.19496
7 0.496383 0.744032 0.485057 0.198939
24 0.414076 0.751989 0.630926 0.202918
0 0.547935 0.70557 0.349147 0.111406
18 0.539734 0.680371 0.323371 0.0583555
16 0.54403 0.746684 0.369456 0.196287
28 0.414076 0.751989 0.630926 0.202918
5 0.547935 0.70557 0.349147 0.111406
23 0.547935 0.70557 0.349147 0.111406
20 0.54403 0.748011 0.354615 0.19496
0 0.396403 0.750663 0.674081 0.201592
22 0.54403 0.748011 0.354615 0.19496
11 0.547935 0.70557 0.349147 0.111406
23 0.380293 0.681863 0.700052 0.339191
32 0.403726 0.748011 0.64069 0.190981
35 0.498726 0.749337 0.870916 0.204244
8 0.547935 0.70557 0.349147 0.111406
14 0.539734 0.680371 0.323371 0.0583555
1 0.54403 0.748011 0.354615 0.19496
6 0.396403 0.750663 0.674081 0.201592
3 0.539734 0.680371 0.323371 0.0583555
15 0.547935 0.70557 0.349147 0.111406
26 0.532704 0.745358 0.385078 0.196286
17 0.542467 0.683024 0.353834 0.0742705
33 0.547935 0.70557 0.349147 0.111406
21 0.496383 0.744032 0.485057 0.198939
22 0.547935 0.70557 0.349147 0.111406
26 0.310093 0.789788 0.226516 0.100796
35 0.496383 0.744032 0.485057 0.198939
18 0.498726 0.749337 0.870916 0.204244
33 0.414076 0.751989 0.630926 0.202918
20 0.547935 0.70557 0.349147 0.111406
11 0.407046 0.748011 0.652796 0.188329
17 0.577226 0.730769 0.313998 0.161804
1 0.498726 0.749337 0.870916 0.204244
6 0.54403 0.748011 0.354615 0.19496
3 0.391326 0.679708 0.6733 0.339523
26 0.539734 0.680371 0.323371 0.0583555
4 0.496383 0.744032 0.485057 0.198939
28 0.546861 0.681698 0.352858 0.071618
21 0.498726 0.749337 0.870916 0.204244
13 0.380293 0.681863 0.700052 0.339191
14 0.302868 0.786472 0.239404 0.106101
13 0.496383 0.744032 0.485057 0.198939
0 0.539734 0.680371 0.323371 0.0583555
1 0.547935 0.70557 0.349147 0.111406
24 0.539734 0.680371 0.323371 0.0583555
5 0.539734 0.680371 0.323371 0.0583555
15 0.256637 0.78183 0.345925 0.114058
5 0.380293 0.681863 0.700052 0.339191
34 0.496383 0.744032 0.485057 0.198939
4 0.498726 0.749337 0.870916 0.204244
15 0.302868 0.786472 0.239404 0.106101
5 0.310093 0.789788 0.226516 0.100796
27 0.498726 0.749337 0.870916 0.204244
32 0.546861 0.681698 0.352858 0.071618
12 0.532704 0.745358 0.385078 0.196286
11 0.539734 0.680371 0.323371 0.0583555
4 0.423742 0.775199 0.698295 0.125995
26 0.547935 0.70557 0.349147 0.111406
29 0.505366 0.746684 0.446784 0.196287
27 0.496383 0.744032 0.485057 0.198939
33 0.256637 0.78183 0.345925 0.114058
28 0.577226 0.730769 0.313998 0.161804
12 0.380293 0.681863 0.700052 0.339191
30 0.498726 0.749337 0.870916 0.204244
27 0.423742 0.775199 0.698295 0.125995
16 0.380293 0.681863 0.700052 0.339191
16 0.31517 0.785146 0.220268 0.108753
16 0.498726 0.749337 0.870916 0.204244
29 0.407046 0.748011 0.652796 0.188329
15 0.539734 0.680371 0.323371 0.0583555
33 0.302868 0.786472 0.239404 0.106101
20 0.391326 0.679708 0.6733 0.339523
16 0.547935 0.70557 0.349147 0.111406
15 0.577226 0.730769 0.313998 0.161804
14 0.256637 0.78183 0.345925 0.114058
31 0.391326 0.679708 0.6733 0.339523
19 0.380293 0.681863 0.700052 0.339191
4 0.391326 0.679708 0.6733 0.339523
35 0.423742 0.775199 0.698295 0.125995
17 0.498726 0.749337 0.870916 0.204244
23 0.542467 0.683024 0.353834 0.0742705
3 0.310093 0.789788 0.226516 0.100796
8 0.458891 0.747347 0.545982 0.190981
33 0.539734 0.680371 0.323371 0.0583555
21 0.547935 0.70557 0.349147 0.111406
28 0.302868 0.786472 0.239404 0.106101
32 0.498726 0.749337 0.870916 0.204244
24 0.310093 0.789788 0.226516 0.100796
32 0.96699 0.823607 0.0624872 0.0583555
10 0.54403 0.746684 0.369456 0.196287
14 0.380293 0.681863 0.700052 0.339191
12 0.547935 0.70557 0.349147 0.111406
22 0.391326 0.679708 0.6733 0.339523
6 0.547935 0.70557 0.349147 0.111406
17 0.528701 0.745358 0.536023 0.198939
34 0.423742 0.775199 0.698295 0.125995
0 0.310093 0.789788 0.226516 0.100796
3 0.423742 0.775199 0.698295 0.125995
17 0.256637 0.78183 0.345925 0.114058
18 0.435849 0.692142 0.598315 0.315981
18 0.423742 0.775199 0.698295 0.125995
2 0.386249 0.678879 0.695952 0.339854
9 0.498726 0.749337 0.870916 0.204244
11 0.577226 0.730769 0.313998 0.161804
15 0.386249 0.678879 0.695952 0.339854
17 0.970114 0.82626 0.0562385 0.0503979
24 0.256637 0.78183 0.345925 0.114058
10 0.380293 0.681863 0.700052 0.339191
14 0.973731 0.823607 0.0525371 0.0583555
18 0.31517 0.785146 0.220268 0.108753
16 0.539734 0.680371 0.323371 0.0583555
31 0.447955 0.758621 0.75219 0.164456
30 0.496383 0.744032 0.485057 0.198939
28 0.530361 0.680371 0.310874 0.0557029
7 0.498726 0.749337 0.870916 0.204244
2 0.528701 0.745358 0.536023 0.198939
27 0.380293 0.681863 0.700052 0.339191
9 0.555355 0.744695 0.360864 0.188329
32 0.54403 0.748011 0.354615 0.19496
7 0.256637 0.78183 0.345925 0.114058
11 0.310093 0.789788 0.226516 0.100796
19 0.54403 0.746684 0.369456 0.196287
8 0.542467 0.683024 0.353834 0.0742705
26 0.256637 0.78183 0.345925 0.114058
17 0.302868 0.786472 0.239404 0.106101
21 0.423742 0.775199 0.698295 0.125995
5 0.28295 0.75 0.418274 0.0689656
22 0.539734 0.680371 0.323371 0.0583555
15 0.496383 0.748011 0.543639 0.209549
7 0.302868 0.786472 0.239404 0.106101
3 0.396403 0.746684 0.660022 0.19496
35 0.388885 0.746684 0.678182 0.190981
4 0.396403 0.746684 0.660022 0.19496
3 0.385761 0.708389 0.685993 0.26492
12 0.396403 0.746684 0.660022 0.19496
12 0.394353 0.672248 0.659436 0.342507
27 0.396403 0.746684 0.660022 0.19496
20 0.396403 0.746684 0.660022 0.19496
29 0.388885 0.746684 0.678182 0.190981
17 0.388885 0.746684 0.678182 0.190981
4 0.394353 0.672248 0.659436 0.342507
18 0.388885 0.746684 0.678182 0.190981
21 0.388885 0.746684 0.678182 0.190981
5 0.388885 0.746684 0.678182 0.190981
35 0.394353 0.672248 0.659436 0.342507
7 0.388885 0.746684 0.678182 0.190981
31 0.396403 0.746684 0.660022 0.19496
5 0.394353 0.672248 0.659436 0.342507
34 0.385761 0.708389 0.685993 0.26492
9 0.388885 0.746684 0.678182 0.190981
25 0.396403 0.746684 0.660022 0.19496
27 0.394353 0.672248 0.659436 0.342507
19 0.396403 0.746684 0.660022 0.19496
34 0.39406 0.753979 0.674081 0.208223
11 0.388885 0.746684 0.678182 0.190981
20 0.394353 0.672248 0.659436 0.342507
2 0.396403 0.746684 0.660022 0.19496
18 0.394353 0.672248 0.659436 0.342507
14 0.385761 0.708389 0.685993 0.26492
3 0.400309 0.654012 0.636589 0.381631
15 0.396403 0.746684 0.660022 0.19496
30 0.396403 0.746684 0.660022 0.19496
19 0.394353 0.672248 0.659436 0.342507
8 0.396403 0.746684 0.660022 0.19496
13 0.385761 0.708389 0.685993 0.26492
1 0.396403 0.746684 0.660022 0.19496
14 0.464749 0.744695 0.531142 0.189655
12 0.394353 0.820623 0.654749 0.358753
25 0.394353 0.672248 0.659436 0.342507
15 0.385761 0.708389 0.685993 0.26492
28 0.396403 0.746684 0.660022 0.19496
3 0.392791 0.477454 0.66256 0.754642
35 0.394353 0.820623 0.654749 0.358753
13 0.439852 0.744032 0.580936 0.190981
21 0.394353 0.672248 0.659436 0.342507
4 0.394353 0.820623 0.654749 0.358753
34 0.394353 0.820623 0.654749 0.358753
23 0.385761 0.708389 0.685993 0.26492
17 0.394353 0.672248 0.659436 0.342507
8 0.385761 0.708389 0.685993 0.26492
6 0.39406 0.753979 0.674081 0.208223
2 0.385761 0.708389 0.685993 0.26492
6 0.394353 0.820623 0.654749 0.358753
9 0.394353 0.672248 0.659436 0.342507
27 0.394353 0.820623 0.654749 0.358753
12 0.392791 0.477454 0.66256 0.754642
16 0.396403 0.746684 0.660022 0.19496
16 0.970114 0.824934 0.0531142 0.0596817
11 0.394353 0.672248 0.659436 0.342507
18 0.392791 0.477454 0.66256 0.754642
3 0.394353 0.820623 0.654749 0.358753
25 0.394353 0.820623 0.654749 0.358753
34 0.388885 0.621021 0.69849 0.456897
34 0.392791 0.477454 0.66256 0.754642
30 0.394353 0.672248 0.659436 0.342507
15 0.400309 0.654012 0.636589 0.381631
31 0.385761 0.708389 0.685993 0.26492
20 0.394353 0.820623 0.654749 0.358753
17 0.394353 0.820623 0.654749 0.358753
10 0.394353 0.672248 0.659436 0.342507
32 0.400699 0.737566 0.638932 0.227785
28 0.394353 0.820623 0.654749 0.358753
21 0.394353 0.820623 0.654749 0.358753
13 0.388885 0.621021 0.69849 0.456897
29 0.394353 0.672248 0.659436 0.342507
16 0.385761 0.708389 0.685993 0.26492
33 0.970114 0.824934 0.0531142 0.0596817
1 0.385761 0.708389 0.685993 0.26492
35 0.392791 0.477454 0.66256 0.754642
24 0.388983 0.75 0.677987 0.196286
7 0.394353 0.672248 0.659436 0.342507
4 0.392791 0.477454 0.66256 0.754642
23 0.439852 0.744032 0.580936 0.190981
23 0.400309 0.654012 0.636589 0.381631
22 0.396403 0.746684 0.660022 0.19496
18 0.394353 0.820623 0.654749 0.358753
29 0.394353 0.820623 0.654749 0.358753
30 0.394353 0.820623 0.654749 0.358753
14 0.400309 0.654012 0.636589 0.381631
15 0.394353 0.820623 0.654749 0.358753
23 0.392791 0.477454 0.66256 0.754642
18 0.970114 0.824934 0.0531142 0.0596817
2 0.394353 0.820623 0.654749 0.358753
8 0.388885 0.621021 0.69849 0.456897
22 0.385761 0.708389 0.685993 0.26492
27 0.392791 0.477454 0.66256 0.754642
28 0.394353 0.672248 0.659436 0.342507
13 0.392791 0.477454 0.66256 0.754642
14 0.392791 0.477454 0.66256 0.754642
2 0.400309 0.654012 0.636589 0.381631
8 0.392791 0.477454 0.66256 0.754642
16 0.392791 0.477454 0.66256 0.754642
10 0.439852 0.744032 0.580936 0.190981
0 0.396403 0.746684 0.660022 0.19496
1 0.394353 0.820623 0.654749 0.358753
19 0.970114 0.824934 0.0531142 0.0596817
9 0.394353 0.820623 0.654749 0.358753
20 0.392791 0.477454 0.66256 0.754642
33 0.394353 0.820623 0.654749 0.358753
10 0.392791 0.477454 0.66256 0.754642
16 0.400309 0.654012 0.636589 0.381631
31 0.394353 0.820623 0.654749 0.358753
33 0.39406 0.753979 0.674081 0.208223
1 0.400309 0.654012 0.636589 0.381631
22 0.400309 0.654012 0.636589 0.381631
21 0.392791 0.477454 0.66256 0.754642
19 0.392791 0.477454 0.66256 0.754642
31 0.400309 0.654012 0.636589 0.381631
3 0.970114 0.824934 0.0531142 0.0596817
5 0.970114 0.824934 0.0531142 0.0596817
0 0.394353 0.820623 0.654749 0.358753
5 0.394353 0.820623 0.654749 0.358753
32 0.394353 0.820623 0.654749 0.358753
5 0.392791 0.477454 0.66256 0.754642
24 0.394353 0.820623 0.654749 0.358753
0 0.970114 0.824934 0.0531142 0.0596817
15 0.392791 0.477454 0.66256 0.754642
22 0.394353 0.820623 0.654749 0.358753
7 0.970114 0.824934 0.0531142 0.0596817
26 0.970114 0.824934 0.0531142 0.0596817
2 0.392791 0.477454 0.66256 0.754642
14 0.970114 0.824934 0.0531142 0.0596817
26 0.394353 0.672248 0.659436 0.342507
7 0.394353 0.820623 0.654749 0.358753
26 0.388885 0.746684 0.678182 0.190981
17 0.970114 0.824934 0.0531142 0.0596817
32 0.400309 0.654012 0.636589 0.381631
10 0.970114 0.824934 0.0531142 0.0596817
17 0.452251 0.429708 0.807648 0.848806
11 0.394353 0.820623 0.654749 0.358753
8 0.394353 0.820623 0.654749 0.358753
3 0.467092 0.452918 0.843578 0.885942
15 0.970114 0.824934 0.0531142 0.0596817
33 0.422961 0.431034 0.71626 0.862069
7 0.392791 0.477454 0.66256 0.754642
