16 0.403496 0.372365 0.123973 0.219555
16 0.183035 0.611388 0.119684 0.21048
26 0.403886 0.372951 0.123973 0.221897
26 0.18284 0.610656 0.122413 0.209602
26 0.521621 0.477459 0.123193 0.212529
16 0.520841 0.47863 0.123193 0.217213
11 0.403886 0.372951 0.123973 0.221897
18 0.521621 0.477459 0.123193 0.212529
17 0.294727 0.492389 0.128651 0.221311
17 0.642084 0.58548 0.125532 0.213115
18 0.403886 0.372951 0.123973 0.221897
17 0.521621 0.477459 0.123193 0.212529
17 0.403496 0.372073 0.124752 0.219555
18 0.185618 0.611241 0.123095 0.217799
14 0.403983 0.372365 0.124557 0.221311
26 0.642084 0.58548 0.125532 0.213115
18 0.642084 0.58548 0.125532 0.213115
15 0.185618 0.611241 0.123095 0.217799
18 0.294727 0.492389 0.128651 0.221311
7 0.183571 0.611241 0.120951 0.209602
7 0.640915 0.586066 0.124752 0.208431
26 0.294727 0.492389 0.126312 0.22014
7 0.41792 0.615925 0.123973 0.20726
11 0.641695 0.585334 0.124752 0.211066
14 0.183571 0.611241 0.120951 0.209602
7 0.403983 0.372365 0.124557 0.221311
16 0.641305 0.586505 0.125532 0.218091
11 0.294532 0.491803 0.127871 0.220141
16 0.294337 0.492974 0.128651 0.221311
17 0.41909 0.614754 0.124752 0.206089
11 0.520841 0.477752 0.123193 0.209602
11 0.18284 0.610656 0.122413 0.209602
20 0.185618 0.611241 0.123095 0.217799
7 0.520841 0.477459 0.121633 0.206674
17 0.183571 0.611241 0.120951 0.209602
18 0.4187 0.613437 0.124752 0.20404
16 0.41909 0.61534 0.123973 0.20726
5 0.521621 0.477459 0.123193 0.212529
20 0.403496 0.372365 0.123973 0.219555
14 0.640525 0.586505 0.125532 0.215749
14 0.521621 0.477459 0.123193 0.212529
15 0.643254 0.584309 0.118515 0.209602
23 0.294143 0.492096 0.128651 0.223068
7 0.294337 0.492974 0.128651 0.221311
5 0.640525 0.586505 0.125532 0.215749
33 0.403106 0.37178 0.124752 0.221311
4 0.18245 0.61007 0.122413 0.209602
14 0.41909 0.61534 0.123973 0.20726
14 0.294727 0.492389 0.128651 0.221311
11 0.41909 0.614754 0.124752 0.206089
20 0.640915 0.584309 0.125532 0.20726
26 0.41909 0.614754 0.124752 0.206089
5 0.403886 0.372951 0.123973 0.221897
24 0.403886 0.372951 0.123973 0.221897
19 0.18362 0.611388 0.123973 0.215164
33 0.183035 0.611388 0.119684 0.21048
28 0.403496 0.372365 0.123973 0.219555
1 0.184984 0.608753 0.122803 0.213408
0 0.41909 0.614754 0.124752 0.206089
21 0.640915 0.584309 0.125532 0.20726
33 0.294143 0.492096 0.128651 0.223068
23 0.641305 0.586505 0.125532 0.218091
21 0.185618 0.611241 0.123095 0.217799
33 0.520841 0.47863 0.123193 0.217213
23 0.403983 0.373244 0.124557 0.223068
4 0.403886 0.372951 0.123973 0.221897
22 0.640915 0.584309 0.125532 0.20726
0 0.184984 0.608753 0.122803 0.213408
24 0.521621 0.477459 0.123193 0.212529
5 0.18284 0.610656 0.122413 0.209602
33 0.640525 0.586505 0.125532 0.215749
19 0.640915 0.584309 0.125532 0.20726
22 0.185618 0.611241 0.123095 0.217799
23 0.41909 0.61534 0.123973 0.20726
28 0.183035 0.611388 0.119684 0.21048
5 0.41792 0.615925 0.123973 0.20726
3 0.640915 0.586505 0.125532 0.211066
15 0.404275 0.371707 0.125532 0.209748
8 0.641695 0.585334 0.124752 0.211066
20 0.520841 0.478923 0.123193 0.208431
24 0.18284 0.610656 0.122413 0.209602
19 0.404275 0.371707 0.125532 0.209748
0 0.642474 0.717799 0.123973 0.476581
0 0.520841 0.47863 0.123193 0.217213
0 0.294727 0.492389 0.128651 0.221311
15 0.296871 0.493267 0.120464 0.228923
21 0.403496 0.372365 0.123973 0.219555
0 0.641305 0.586505 0.125532 0.218091
23 0.183035 0.612559 0.121633 0.212822
3 0.403496 0.372365 0.123973 0.219555
23 0.520841 0.47863 0.123193 0.217213
0 0.403886 0.372951 0.123973 0.221897
33 0.41909 0.61534 0.123973 0.20726
28 0.520841 0.47863 0.123193 0.217213
24 0.294727 0.492389 0.128651 0.221311
8 0.520841 0.47863 0.123193 0.217213
5 0.294727 0.492389 0.126312 0.22014
4 0.641695 0.584895 0.123193 0.213115
4 0.521621 0.477459 0.123193 0.212529
8 0.4187 0.613583 0.123973 0.20726
24 0.642084 0.58548 0.125532 0.213115
20 0.294727 0.493852 0.123973 0.223068
30 0.185618 0.611241 0.123095 0.217799
28 0.640915 0.586066 0.124752 0.208431
3 0.520841 0.47863 0.123193 0.217213
3 0.295312 0.492974 0.127871 0.217799
8 0.294532 0.491803 0.127871 0.220141
21 0.520841 0.478923 0.123193 0.208431
21 0.294143 0.492096 0.128651 0.223068
19 0.294727 0.493852 0.123973 0.223068
8 0.403496 0.372365 0.123973 0.219555
12 0.41909 0.614754 0.124752 0.206089
9 0.18362 0.611388 0.123973 0.215164
31 0.403496 0.372073 0.124752 0.219555
6 0.640525 0.586505 0.125532 0.215749
31 0.18362 0.611388 0.123973 0.215164
22 0.294727 0.493852 0.123973 0.223068
15 0.296871 0.551815 0.120464 0.350703
15 0.447939 0.449722 0.237809 0.366364
6 0.403983 0.372365 0.124557 0.221311
32 0.18362 0.611388 0.123973 0.215164
9 0.640915 0.586066 0.124752 0.208431
15 0.642474 0.717799 0.123973 0.476581
21 0.41792 0.614169 0.123973 0.204918
8 0.183571 0.611241 0.120951 0.209602
24 0.41948 0.6149 0.124752 0.205796
4 0.294727 0.492389 0.126312 0.22014
12 0.294532 0.491803 0.127871 0.220141
3 0.4187 0.613583 0.123973 0.20726
15 0.404665 0.440867 0.0779702 0.0784543
31 0.520451 0.477166 0.122413 0.211944
12 0.183571 0.611241 0.120951 0.209602
28 0.41792 0.614169 0.123973 0.204918
28 0.295312 0.492974 0.127871 0.217799
20 0.642474 0.717799 0.123973 0.476581
35 0.185618 0.611241 0.123095 0.217799
31 0.640915 0.586066 0.124752 0.208431
12 0.403983 0.373244 0.122998 0.224239
9 0.403496 0.372365 0.123973 0.219555
15 0.52318 0.490925 0.121633 0.23829
16 0.524739 0.501756 0.101361 0.159251
9 0.520841 0.478923 0.123193 0.208431
31 0.294337 0.492974 0.128651 0.221311
1 0.640915 0.725849 0.126312 0.492096
18 0.447939 0.449722 0.237809 0.366364
25 0.296871 0.493267 0.120464 0.228923
35 0.640915 0.584309 0.125532 0.20726
4 0.41948 0.614608 0.124752 0.206382
25 0.641695 0.584895 0.123193 0.209602
6 0.41792 0.615925 0.123973 0.20726
9 0.41792 0.614169 0.123973 0.204918
12 0.642084 0.58548 0.125532 0.213115
6 0.52201 0.478923 0.123193 0.215457
12 0.521621 0.477459 0.123193 0.212529
15 0.194877 0.597775 0.155258 0.271663
16 0.395309 0.319745 0.0187129 0.107582
32 0.640915 0.584309 0.125532 0.20726
1 0.640915 0.584309 0.125532 0.20726
25 0.184984 0.608753 0.122803 0.213408
19 0.520841 0.477459 0.121633 0.206674
35 0.404275 0.371707 0.125532 0.209748
30 0.640915 0.725849 0.126312 0.492096
3 0.167149 0.620023 0.184205 0.235363
15 0.526689 0.464286 0.107599 0.125293
14 0.191076 0.631294 0.145707 0.264344
6 0.294337 0.492974 0.128651 0.221311
20 0.4187 0.613583 0.123973 0.20726
1 0.421429 0.504025 0.158279 0.483753
31 0.41792 0.614169 0.123973 0.204918
3 0.183035 0.611388 0.119684 0.21048
25 0.403496 0.372292 0.126312 0.219116
34 0.191076 0.631294 0.145707 0.264344
15 0.247945 0.587237 0.244826 0.413349
15 0.419869 0.67784 0.123973 0.342213
13 0.554368 0.545667 0.232351 0.354801
1 0.294532 0.491803 0.125922 0.225995
9 0.294532 0.491803 0.125922 0.225995
1 0.194877 0.597775 0.155258 0.271663
25 0.642474 0.717799 0.123973 0.476581
16 0.406127 0.450234 0.0750463 0.0620609
2 0.554368 0.545667 0.232351 0.354801
24 0.191076 0.631294 0.145707 0.264344
16 0.5224 0.536885 0.120074 0.314988
16 0.405542 0.404859 0.113642 0.150468
18 0.640915 0.725849 0.126312 0.492096
0 0.184448 0.734338 0.123875 0.472775
9 0.640915 0.725849 0.126312 0.492096
30 0.184205 0.749268 0.122803 0.499122
16 0.417823 0.657494 0.124947 0.296253
16 0.403008 0.42096 0.0875216 0.118267
15 0.407394 0.501464 0.128651 0.480679
16 0.302134 0.520492 0.0686138 0.138173
15 0.41792 0.608753 0.125532 0.20404
20 0.447939 0.449722 0.237809 0.366364
35 0.52318 0.490925 0.121633 0.23829
0 0.419869 0.67784 0.123973 0.342213
9 0.184205 0.749268 0.122803 0.499122
18 0.167149 0.620023 0.184205 0.235363
27 0.18362 0.611388 0.123973 0.215164
22 0.404275 0.371707 0.125532 0.209748
30 0.643254 0.584309 0.118515 0.209602
30 0.247945 0.587237 0.244826 0.413349
6 0.18323 0.61007 0.120854 0.209602
30 0.407394 0.501464 0.128651 0.480679
20 0.419869 0.67784 0.123973 0.342213
18 0.418018 0.659836 0.126117 0.306792
15 0.647932 0.63466 0.0826484 0.11007
33 0.418018 0.659836 0.126117 0.306792
2 0.18362 0.611388 0.123973 0.215164
18 0.296871 0.551815 0.120464 0.350703
16 0.640915 0.725849 0.126312 0.492096
12 0.404665 0.457845 0.0787499 0.0433255
0 0.296871 0.551815 0.120464 0.350703
16 0.296871 0.551815 0.120464 0.350703
30 0.167149 0.620023 0.184205 0.235363
20 0.167149 0.620023 0.184205 0.235363
1 0.296871 0.551815 0.120464 0.350703
26 0.41792 0.493267 0.125532 0.451405
7 0.459634 0.454333 0.242487 0.264637
33 0.184205 0.749268 0.122803 0.499122
2 0.194877 0.597775 0.155258 0.271663
8 0.191076 0.631294 0.145707 0.264344
22 0.640915 0.725849 0.126312 0.492096
20 0.296871 0.551815 0.120464 0.350703
27 0.403983 0.370902 0.127676 0.211944
30 0.5224 0.536885 0.120074 0.314988
25 0.518112 0.483021 0.13099 0.221311
16 0.407394 0.501464 0.128651 0.480679
1 0.419869 0.67784 0.123973 0.342213
19 0.41792 0.608753 0.125532 0.20404
22 0.194877 0.597775 0.155258 0.271663
33 0.640915 0.725849 0.126312 0.492096
22 0.52318 0.490925 0.121633 0.23829
14 0.298821 0.543325 0.132939 0.332553
10 0.403203 0.372951 0.127676 0.216628
0 0.421429 0.504025 0.158279 0.483753
10 0.294532 0.491803 0.125922 0.225995
15 0.167149 0.620023 0.184205 0.235363
10 0.18362 0.611388 0.123973 0.215164
19 0.640915 0.725849 0.126312 0.492096
15 0.404665 0.457845 0.0787499 0.0433255
5 0.302134 0.524005 0.111497 0.167447
16 0.342874 0.437354 0.249894 0.357143
22 0.296871 0.551815 0.120464 0.350703
7 0.419869 0.67784 0.123973 0.342213
31 0.296871 0.551815 0.120464 0.350703
30 0.296871 0.493267 0.120464 0.228923
15 0.527858 0.496487 0.10526 0.175644
33 0.296871 0.551815 0.120464 0.350703
7 0.520841 0.516101 0.123193 0.294496
25 0.407394 0.501464 0.128651 0.480679
19 0.407394 0.501464 0.128651 0.480679
7 0.416458 0.50966 0.129236 0.45726
4 0.640915 0.725849 0.126312 0.492096
32 0.404275 0.371707 0.125532 0.209748
18 0.459634 0.454333 0.242487 0.264637
1 0.555148 0.53952 0.302524 0.351874
10 0.554368 0.545667 0.232351 0.354801
32 0.294532 0.491803 0.125922 0.225995
12 0.186154 0.692037 0.0814788 0.0421545
30 0.404275 0.371707 0.125532 0.209748
2 0.643254 0.584163 0.127871 0.208724
21 0.407394 0.501464 0.128651 0.480679
14 0.642474 0.735948 0.129431 0.518735
22 0.419869 0.67784 0.123973 0.342213
11 0.447939 0.449722 0.237809 0.366364
13 0.18401 0.612559 0.123973 0.22219
11 0.296871 0.551815 0.120464 0.350703
16 0.167149 0.620023 0.184205 0.235363
12 0.201943 0.685012 0.0491212 0.0538641
17 0.404568 0.397248 0.134304 0.306206
35 0.296871 0.493267 0.120464 0.228923
1 0.520841 0.516101 0.123193 0.294496
3 0.247945 0.587237 0.244826 0.413349
11 0.407394 0.501464 0.128651 0.480679
12 0.404665 0.440867 0.0779702 0.0784543
15 0.186544 0.665691 0.0818687 0.100703
16 0.447939 0.449722 0.237809 0.366364
9 0.419869 0.67784 0.123973 0.342213
7 0.642474 0.735948 0.129431 0.518735
25 0.247945 0.587237 0.244826 0.413349
14 0.554368 0.545667 0.232351 0.354801
26 0.191076 0.631294 0.145707 0.264344
22 0.447939 0.449722 0.237809 0.366364
10 0.643254 0.584163 0.127871 0.208724
21 0.242828 0.513466 0.236347 0.25644
9 0.297261 0.557377 0.126702 0.351288
1 0.184448 0.734338 0.123875 0.472775
18 0.5224 0.536885 0.120074 0.314988
4 0.419869 0.67784 0.123973 0.342213
16 0.516942 0.427986 0.0171534 0.0936768
21 0.447939 0.449722 0.237809 0.366364
31 0.447939 0.449722 0.237809 0.366364
24 0.297261 0.557377 0.126702 0.351288
22 0.41792 0.618267 0.127091 0.216628
33 0.194877 0.597775 0.155258 0.271663
0 0.191076 0.631294 0.145707 0.264344
21 0.184205 0.749268 0.122803 0.499122
18 0.242828 0.513466 0.236347 0.25644
34 0.421429 0.504025 0.158279 0.483753
17 0.404275 0.373244 0.120854 0.219555
14 0.403886 0.373244 0.122413 0.223068
17 0.294143 0.494145 0.127871 0.220141
14 0.521621 0.478044 0.121633 0.214871
26 0.403886 0.373244 0.122413 0.223068
11 0.403886 0.373244 0.122413 0.223068
17 0.642474 0.586797 0.126312 0.212822
17 0.4187 0.620462 0.123973 0.215749
17 0.182255 0.62661 0.118125 0.238583
15 0.642474 0.586797 0.126312 0.212822
15 0.521621 0.478044 0.121633 0.214871
14 0.642474 0.586797 0.126312 0.212822
3 0.404275 0.373244 0.120854 0.219555
18 0.403886 0.373244 0.122413 0.223068
15 0.294143 0.494145 0.127871 0.220141
11 0.294143 0.494145 0.127871 0.220141
17 0.521621 0.478044 0.121633 0.214871
15 0.4187 0.620462 0.123973 0.215749
15 0.403886 0.373244 0.122413 0.223068
14 0.4187 0.620462 0.123973 0.215749
18 0.521621 0.478044 0.121633 0.214871
26 0.642474 0.586797 0.126312 0.212822
14 0.294727 0.49356 0.127091 0.222482
26 0.521621 0.478044 0.121633 0.214871
11 0.641695 0.584895 0.123973 0.214286
3 0.641695 0.584895 0.123973 0.214286
3 0.294727 0.49356 0.127091 0.222482
28 0.403886 0.373244 0.122413 0.223068
14 0.182255 0.623097 0.119294 0.233899
20 0.294727 0.49356 0.127091 0.222482
11 0.521621 0.478044 0.121633 0.214871
18 0.642474 0.586797 0.126312 0.212822
26 0.4187 0.620462 0.123973 0.215749
11 0.4187 0.620462 0.123973 0.215749
3 0.418602 0.616071 0.123388 0.212822
28 0.294727 0.49356 0.127091 0.222482
18 0.4187 0.620462 0.123973 0.215749
18 0.182255 0.623097 0.119294 0.233899
12 0.642474 0.586797 0.126312 0.212822
21 0.404275 0.373244 0.120854 0.219555
20 0.404275 0.373244 0.120854 0.219555
13 0.403886 0.373244 0.122413 0.223068
16 0.293558 0.491803 0.124752 0.216628
3 0.182255 0.62661 0.118125 0.238583
26 0.294143 0.494145 0.127871 0.220141
11 0.182255 0.62661 0.118125 0.238583
12 0.403886 0.373244 0.122413 0.223068
16 0.404275 0.374122 0.121633 0.219555
5 0.641695 0.584895 0.123973 0.214286
12 0.521621 0.478044 0.121633 0.214871
15 0.182255 0.62661 0.118125 0.238583
13 0.41948 0.621194 0.123973 0.215457
16 0.418602 0.616071 0.123388 0.212822
33 0.404275 0.373244 0.120854 0.219555
3 0.520451 0.478337 0.120854 0.21897
18 0.294727 0.49356 0.127091 0.222482
12 0.4187 0.620462 0.123973 0.215749
28 0.41948 0.621194 0.123973 0.215457
28 0.521621 0.478044 0.121633 0.214871
21 0.294143 0.494145 0.127871 0.220141
13 0.5224 0.47863 0.120074 0.216042
5 0.520451 0.478337 0.120854 0.21897
20 0.641695 0.584895 0.123973 0.214286
33 0.293558 0.491803 0.124752 0.216628
26 0.182255 0.62661 0.118125 0.238583
21 0.641695 0.584895 0.123973 0.214286
16 0.520061 0.480094 0.120074 0.215457
20 0.182255 0.62661 0.118125 0.238583
33 0.520061 0.480094 0.120074 0.215457
28 0.643254 0.586651 0.124752 0.210773
24 0.404275 0.372878 0.120854 0.222629
33 0.641695 0.586066 0.123193 0.210773
5 0.404275 0.373244 0.120854 0.219555
33 0.418602 0.624268 0.121828 0.224532
13 0.643254 0.586651 0.124752 0.210773
16 0.182255 0.62661 0.118125 0.238583
12 0.294727 0.49356 0.127091 0.222482
12 0.182255 0.62661 0.118125 0.238583
20 0.4187 0.620462 0.123973 0.215749
16 0.641695 0.584895 0.123973 0.214286
5 0.293558 0.491803 0.124752 0.216628
5 0.418602 0.616071 0.123388 0.212822
20 0.521621 0.478044 0.121633 0.214871
24 0.641695 0.586066 0.123193 0.210773
21 0.4187 0.620462 0.123973 0.215749
32 0.404763 0.374195 0.122998 0.222336
28 0.182645 0.618852 0.118125 0.228337
21 0.520451 0.478337 0.120854 0.21897
19 0.418602 0.624268 0.121828 0.224532
24 0.293558 0.491803 0.124752 0.216628
24 0.520451 0.478337 0.120854 0.21897
32 0.642474 0.584163 0.127871 0.213407
8 0.642474 0.586797 0.126312 0.212822
8 0.403886 0.373244 0.122413 0.223068
21 0.182645 0.618852 0.118125 0.228337
8 0.294727 0.49356 0.127091 0.222482
24 0.418602 0.616071 0.123388 0.212822
32 0.41948 0.621194 0.123973 0.215457
13 0.182109 0.620609 0.119977 0.224824
19 0.642474 0.584163 0.127871 0.213407
8 0.4187 0.620462 0.123973 0.215749
13 0.294727 0.49356 0.127091 0.222482
33 0.181671 0.627488 0.119294 0.246194
19 0.520061 0.480094 0.120074 0.215457
7 0.642474 0.584163 0.127871 0.213407
19 0.293948 0.492974 0.123193 0.225995
24 0.181671 0.627488 0.119294 0.246194
8 0.521621 0.478044 0.121633 0.214871
0 0.642474 0.586797 0.126312 0.212822
32 0.5224 0.47863 0.120074 0.216042
23 0.404275 0.372878 0.120854 0.222629
8 0.182255 0.623097 0.119294 0.233899
0 0.4187 0.620462 0.123973 0.215749
0 0.182255 0.62661 0.118125 0.238583
19 0.398818 0.369438 0.126312 0.209602
23 0.293168 0.492389 0.124752 0.21897
7 0.398818 0.369438 0.126312 0.209602
0 0.404275 0.373244 0.120854 0.219555
0 0.521621 0.478044 0.121633 0.214871
22 0.521621 0.478044 0.121633 0.214871
22 0.403886 0.373244 0.122413 0.223068
23 0.641695 0.584895 0.123973 0.214286
0 0.294143 0.494145 0.127871 0.220141
6 0.404275 0.372878 0.120854 0.222629
32 0.184984 0.629977 0.118905 0.238876
30 0.643644 0.586066 0.125532 0.213115
19 0.181671 0.627488 0.119294 0.246194
6 0.641695 0.584895 0.123973 0.214286
32 0.294727 0.491803 0.127871 0.21897
1 0.641695 0.586066 0.123193 0.210773
5 0.181671 0.627488 0.119294 0.246194
4 0.404275 0.373829 0.121633 0.221897
1 0.418602 0.616071 0.123388 0.212822
1 0.293168 0.492389 0.124752 0.21897
22 0.41948 0.621194 0.123973 0.215457
29 0.642474 0.586797 0.126312 0.212822
23 0.182109 0.62178 0.119197 0.227166
1 0.404275 0.372878 0.120854 0.222629
22 0.642474 0.586797 0.126312 0.212822
4 0.642864 0.58548 0.125532 0.213115
15 0.552029 0.503513 0.179331 0.249414
29 0.4187 0.620462 0.123973 0.215749
6 0.520451 0.478337 0.120854 0.21897
22 0.294727 0.49356 0.127091 0.222482
29 0.403886 0.373244 0.122413 0.223068
6 0.181671 0.627488 0.119294 0.246194
6 0.293168 0.492389 0.124752 0.21897
23 0.4187 0.620462 0.123973 0.215749
6 0.418602 0.624268 0.121828 0.224532
23 0.521621 0.478044 0.121633 0.214871
30 0.185179 0.629977 0.119294 0.247073
29 0.294143 0.494145 0.127871 0.220141
1 0.520451 0.478337 0.120854 0.21897
30 0.398818 0.369438 0.126312 0.209602
30 0.295897 0.494438 0.129431 0.221897
1 0.182255 0.62661 0.118125 0.238583
2 0.399987 0.370609 0.12943 0.209016
7 0.418602 0.616071 0.123388 0.212822
4 0.182255 0.627488 0.119684 0.246194
31 0.404275 0.373244 0.120854 0.219555
25 0.399987 0.370609 0.12943 0.209016
14 0.4187 0.667301 0.123973 0.311768
7 0.520061 0.480094 0.120074 0.215457
33 0.35262 0.395492 0.228842 0.266393
7 0.294143 0.494145 0.127871 0.220141
9 0.642474 0.584163 0.127871 0.213407
25 0.643644 0.586066 0.125532 0.213115
7 0.182255 0.62661 0.118125 0.238583
15 0.451447 0.435597 0.230012 0.283372
9 0.404275 0.373829 0.121633 0.221897
2 0.182791 0.632904 0.120172 0.244731
9 0.185179 0.629977 0.119294 0.247073
4 0.295117 0.492389 0.127091 0.221311
4 0.521621 0.478044 0.121633 0.214871
31 0.520061 0.480094 0.120074 0.215457
4 0.41909 0.620023 0.123973 0.214286
10 0.294143 0.494145 0.127871 0.220141
2 0.642474 0.584895 0.129431 0.210773
10 0.404275 0.373244 0.120854 0.219555
29 0.521621 0.478044 0.121633 0.214871
15 0.349501 0.43911 0.236639 0.307963
10 0.18401 0.630123 0.120464 0.240925
29 0.182645 0.618852 0.118125 0.228337
16 0.552029 0.503513 0.179331 0.249414
21 0.35262 0.395492 0.228842 0.266393
15 0.583997 0.540691 0.247945 0.314403
16 0.345018 0.435524 0.237029 0.349093
9 0.4187 0.620462 0.123973 0.215749
9 0.520841 0.480386 0.121633 0.217213
9 0.295117 0.492389 0.127091 0.221311
31 0.418602 0.624268 0.121828 0.224532
14 0.35262 0.395492 0.228842 0.266393
13 0.49745 0.483899 0.180891 0.227752
22 0.182255 0.62661 0.118125 0.238583
31 0.641695 0.586066 0.123193 0.210773
13 0.555148 0.533372 0.305643 0.316159
10 0.4187 0.620462 0.123973 0.215749
10 0.642474 0.586797 0.126312 0.212822
31 0.293558 0.491803 0.124752 0.216628
30 0.552029 0.503513 0.179331 0.249414
31 0.181671 0.627488 0.119294 0.246194
23 0.583997 0.540691 0.247945 0.314403
27 0.642474 0.584895 0.129431 0.210773
28 0.463143 0.374122 0.229232 0.222482
2 0.583997 0.540691 0.247945 0.314403
1 0.4187 0.660422 0.120854 0.296253
16 0.405835 0.459016 0.0779702 0.0468384
11 0.475228 0.466335 0.215977 0.252342
19 0.35262 0.395492 0.228842 0.266393
35 0.644424 0.584895 0.123193 0.213115
33 0.463143 0.374122 0.229232 0.222482
15 0.466944 0.46692 0.234105 0.234778
11 0.463143 0.374122 0.229232 0.222482
21 0.241513 0.554157 0.23547 0.337822
25 0.184058 0.617096 0.124655 0.278689
30 0.419869 0.62178 0.122413 0.216628
18 0.4187 0.667301 0.123973 0.311768
17 0.4187 0.667301 0.123973 0.311768
16 0.451447 0.435597 0.230012 0.283372
35 0.184984 0.629977 0.118905 0.238876
16 0.499009 0.528396 0.168416 0.308548
3 0.463143 0.374122 0.229232 0.222482
25 0.294337 0.492974 0.134888 0.224824
15 0.424158 0.5524 0.15672 0.368267
15 0.35184 0.55445 0.242097 0.37822
16 0.468601 0.600703 0.222215 0.250585
34 0.642474 0.584163 0.127871 0.213407
16 0.463143 0.374122 0.229232 0.222482
14 0.475228 0.466335 0.215977 0.252342
33 0.241513 0.554157 0.23547 0.337822
30 0.451447 0.435597 0.230012 0.283372
20 0.463143 0.374122 0.229232 0.222482
15 0.49745 0.483899 0.180891 0.227752
16 0.241513 0.554157 0.23547 0.337822
16 0.566843 0.555621 0.299406 0.289227
34 0.182791 0.633343 0.119392 0.239169
30 0.524739 0.47863 0.121633 0.209016
27 0.399987 0.370609 0.12943 0.209016
13 0.466944 0.46692 0.234105 0.234778
25 0.466944 0.46692 0.234105 0.234778
15 0.245021 0.541276 0.23508 0.3226
25 0.4187 0.620462 0.123973 0.215749
2 0.49745 0.483899 0.180891 0.227752
30 0.349501 0.43911 0.236639 0.307963
19 0.552029 0.503513 0.179331 0.249414
21 0.475228 0.466335 0.215977 0.252342
30 0.566843 0.555621 0.299406 0.289227
16 0.4187 0.667301 0.123973 0.311768
27 0.294337 0.492974 0.134888 0.224824
13 0.457588 0.400176 0.254378 0.266979
16 0.402716 0.435597 0.0912251 0.0995316
17 0.405445 0.452576 0.0795296 0.0620609
2 0.466944 0.46692 0.234105 0.234778
15 0.499009 0.528396 0.168416 0.308548
25 0.49745 0.483899 0.180891 0.227752
2 0.295507 0.49356 0.13021 0.233021
5 0.583997 0.540691 0.247945 0.314403
17 0.475228 0.466335 0.215977 0.252342
24 0.4187 0.660422 0.120854 0.296253
17 0.468601 0.600703 0.222215 0.250585
15 0.347357 0.391101 0.228453 0.264637
27 0.182791 0.632904 0.120172 0.244731
18 0.552029 0.503513 0.179331 0.249414
10 0.583997 0.540691 0.247945 0.314403
35 0.398818 0.369438 0.126312 0.209602
3 0.475228 0.466335 0.215977 0.252342
26 0.466944 0.46692 0.234105 0.234778
14 0.555148 0.533372 0.305643 0.316159
16 0.226893 0.61007 0.221435 0.241218
10 0.521621 0.478044 0.121633 0.214871
3 0.347357 0.391101 0.228453 0.264637
34 0.401936 0.387881 0.125532 0.245902
7 0.466944 0.46692 0.234105 0.234778
16 0.163348 0.629977 0.164127 0.245902
17 0.463143 0.374122 0.229232 0.222482
21 0.499009 0.528396 0.168416 0.308548
26 0.349501 0.43911 0.236639 0.307963
14 0.552029 0.503513 0.179331 0.249414
28 0.468601 0.600703 0.222215 0.250585
17 0.183181 0.672131 0.118612 0.34192
19 0.475228 0.466335 0.215977 0.252342
19 0.241513 0.554157 0.23547 0.337822
19 0.451447 0.435597 0.230012 0.283372
2 0.35184 0.55445 0.242097 0.37822
26 0.35184 0.55445 0.242097 0.37822
15 0.163348 0.629977 0.164127 0.245902
3 0.583997 0.540691 0.247945 0.314403
1 0.349501 0.43911 0.236639 0.307963
5 0.347357 0.391101 0.228453 0.264637
24 0.349501 0.43911 0.236639 0.307963
25 0.52318 0.481265 0.125532 0.215457
3 0.4187 0.660422 0.120854 0.296253
26 0.463143 0.374122 0.229232 0.222482
18 0.583997 0.540691 0.247945 0.314403
11 0.4187 0.667301 0.123973 0.311768
17 0.35262 0.395492 0.228842 0.266393
12 0.555148 0.533372 0.305643 0.316159
24 0.451447 0.435597 0.230012 0.283372
32 0.552029 0.503513 0.179331 0.249414
14 0.49745 0.483899 0.180891 0.227752
18 0.403106 0.371487 0.119294 0.223068
26 0.403106 0.371487 0.119294 0.223068
18 0.181329 0.633636 0.118417 0.254977
11 0.403203 0.370902 0.119879 0.221897
18 0.521621 0.475117 0.120074 0.2137
16 0.404275 0.371194 0.119294 0.223653
18 0.294532 0.490047 0.123583 0.214286
15 0.403106 0.371487 0.119294 0.223068
18 0.419382 0.614754 0.11871 0.208431
16 0.182401 0.634075 0.115493 0.25644
16 0.296287 0.49034 0.116955 0.214871
14 0.403203 0.370902 0.119879 0.221897
18 0.642474 0.584895 0.120074 0.214286
17 0.181329 0.633636 0.118417 0.254977
16 0.419382 0.614754 0.11871 0.208431
17 0.403106 0.371487 0.119294 0.223068
15 0.5224 0.47541 0.121633 0.211944
11 0.294727 0.489461 0.120854 0.214286
19 0.419577 0.634075 0.11832 0.248244
20 0.404275 0.371194 0.119294 0.223653
15 0.181329 0.633636 0.118417 0.254977
15 0.294727 0.490925 0.124752 0.212529
19 0.294727 0.489461 0.120854 0.214286
13 0.403008 0.371121 0.11871 0.221458
14 0.180891 0.635831 0.118515 0.262295
26 0.521621 0.475117 0.120074 0.2137
15 0.418602 0.617096 0.121828 0.213115
14 0.294727 0.489461 0.120854 0.214286
26 0.294727 0.489461 0.120854 0.214286
26 0.181329 0.633636 0.118417 0.254977
11 0.182401 0.634075 0.115493 0.25644
19 0.521621 0.474532 0.118515 0.210187
14 0.419382 0.614754 0.11871 0.208431
19 0.182255 0.635831 0.117735 0.262295
11 0.419382 0.614754 0.11871 0.208431
17 0.419382 0.614754 0.11871 0.208431
19 0.643254 0.584455 0.119294 0.212822
16 0.521621 0.476874 0.121633 0.2137
14 0.521621 0.474532 0.118515 0.210187
26 0.419382 0.614754 0.11871 0.208431
19 0.403203 0.370902 0.119879 0.221897
4 0.403106 0.371487 0.119294 0.223068
15 0.641695 0.585334 0.121633 0.218091
17 0.294727 0.490925 0.124752 0.212529
28 0.404275 0.371194 0.119294 0.223653
17 0.521621 0.475117 0.120074 0.2137
20 0.181329 0.633636 0.118417 0.254977
11 0.521621 0.475117 0.120074 0.2137
17 0.642474 0.584895 0.120074 0.214286
13 0.180501 0.631148 0.116176 0.249414
13 0.294532 0.490047 0.123583 0.214286
20 0.419382 0.614754 0.11871 0.208431
13 0.5224 0.47541 0.121633 0.211944
26 0.643254 0.584895 0.124752 0.214286
3 0.419577 0.634075 0.11832 0.248244
7 0.641695 0.585334 0.121633 0.218091
20 0.296287 0.49034 0.116955 0.214871
32 0.180062 0.635246 0.116273 0.25644
16 0.642474 0.584895 0.120074 0.214286
5 0.403106 0.371487 0.119294 0.223068
3 0.180891 0.635831 0.118515 0.262295
14 0.642084 0.58548 0.120854 0.217799
0 0.180891 0.635831 0.118515 0.262295
13 0.418602 0.617096 0.121828 0.213115
11 0.642474 0.584895 0.120074 0.214286
3 0.643254 0.584455 0.119294 0.212822
24 0.403106 0.371487 0.119294 0.223068
13 0.643254 0.584895 0.124752 0.214286
3 0.403203 0.370902 0.119879 0.221897
28 0.182401 0.634075 0.115493 0.25644
32 0.402716 0.371487 0.118515 0.223068
0 0.419577 0.634075 0.11832 0.248244
20 0.521621 0.475117 0.120074 0.2137
12 0.181329 0.633636 0.118417 0.254977
23 0.403106 0.371487 0.119294 0.223068
3 0.294727 0.491218 0.121633 0.213115
7 0.294727 0.489461 0.120854 0.214286
24 0.419577 0.634075 0.11832 0.248244
7 0.419577 0.634075 0.11832 0.248244
32 0.294337 0.491803 0.122413 0.217799
28 0.294727 0.489461 0.120854 0.214286
12 0.403106 0.371487 0.119294 0.223068
24 0.294727 0.489461 0.120854 0.214286
5 0.641695 0.585334 0.121633 0.218091
24 0.180891 0.635831 0.118515 0.262295
7 0.180842 0.636417 0.114714 0.248244
33 0.419577 0.634075 0.11832 0.248244
5 0.521621 0.475117 0.120074 0.2137
23 0.180891 0.635831 0.118515 0.262295
28 0.419382 0.614754 0.11871 0.208431
23 0.294727 0.491218 0.121633 0.213115
5 0.294727 0.489461 0.120854 0.214286
0 0.641695 0.585334 0.121633 0.218091
20 0.641695 0.585334 0.121633 0.218091
21 0.403203 0.370902 0.119879 0.221897
32 0.641695 0.585334 0.121633 0.218091
24 0.643254 0.584455 0.119294 0.212822
4 0.181329 0.633636 0.118417 0.254977
4 0.294532 0.490047 0.123583 0.214286
32 0.41909 0.618267 0.119294 0.211944
4 0.521621 0.475117 0.120074 0.2137
5 0.182401 0.634075 0.115493 0.25644
15 0.60115 0.565281 0.201163 0.16452
21 0.641695 0.585334 0.121633 0.218091
5 0.419577 0.634075 0.11832 0.248244
33 0.295117 0.489461 0.120074 0.216628
0 0.294337 0.490632 0.123193 0.216628
33 0.182255 0.635831 0.117735 0.262295
7 0.404275 0.371194 0.119294 0.223653
12 0.294727 0.490925 0.124752 0.212529
4 0.419382 0.614754 0.11871 0.208431
24 0.521621 0.475117 0.120074 0.2137
12 0.418602 0.617096 0.121828 0.213115
21 0.294727 0.490925 0.124752 0.212529
3 0.521621 0.475117 0.120074 0.2137
1 0.641695 0.585334 0.121633 0.218091
21 0.181329 0.635978 0.117638 0.254977
23 0.639745 0.587822 0.123973 0.214286
28 0.52318 0.47541 0.116176 0.215457
16 0.60115 0.565281 0.201163 0.16452
9 0.641695 0.585334 0.121633 0.218091
12 0.5224 0.47541 0.121633 0.211944
6 0.180891 0.635831 0.118515 0.262295
30 0.181329 0.635978 0.117638 0.254977
7 0.521621 0.474532 0.118515 0.210187
4 0.642474 0.584895 0.120074 0.214286
32 0.521621 0.476874 0.121633 0.2137
0 0.403203 0.370902 0.119879 0.221897
23 0.419577 0.634075 0.11832 0.248244
30 0.641695 0.585334 0.121633 0.218091
10 0.181329 0.635978 0.117638 0.254977
33 0.643254 0.584455 0.119294 0.212822
6 0.403203 0.370902 0.119879 0.221897
33 0.521621 0.474532 0.118515 0.210187
9 0.294727 0.490925 0.124752 0.212529
21 0.419382 0.614754 0.11871 0.208431
29 0.404665 0.372073 0.117735 0.224239
33 0.402716 0.372292 0.119294 0.222629
22 0.641695 0.585334 0.121633 0.218091
13 0.60115 0.565281 0.201163 0.16452
0 0.521621 0.476874 0.121633 0.2137
18 0.60115 0.565281 0.201163 0.16452
15 0.411585 0.598361 0.129625 0.285714
2 0.180842 0.636417 0.114714 0.248244
9 0.403008 0.371121 0.11871 0.221458
10 0.639745 0.587822 0.123973 0.214286
15 0.343849 0.38166 0.226893 0.243706
15 0.476008 0.481557 0.215977 0.219555
1 0.180842 0.636417 0.114714 0.248244
9 0.180842 0.636417 0.114714 0.248244
23 0.521621 0.475117 0.120074 0.2137
25 0.181329 0.633636 0.118417 0.254977
12 0.643254 0.584895 0.124752 0.214286
6 0.294727 0.489461 0.120854 0.214286
9 0.418602 0.617096 0.121828 0.213115
28 0.643254 0.584455 0.119294 0.212822
25 0.403106 0.371487 0.119294 0.223068
8 0.180842 0.636417 0.114714 0.248244
22 0.403106 0.371487 0.119294 0.223068
21 0.521621 0.474532 0.118515 0.210187
6 0.419577 0.634075 0.11832 0.248244
2 0.639745 0.587822 0.123973 0.214286
8 0.294727 0.490925 0.124752 0.212529
25 0.294727 0.490925 0.124752 0.212529
10 0.419382 0.614754 0.11871 0.208431
31 0.403203 0.370902 0.119879 0.221897
16 0.476008 0.481557 0.215977 0.219555
29 0.641695 0.585334 0.121633 0.218091
30 0.403203 0.370902 0.119879 0.221897
10 0.404665 0.372073 0.117735 0.224239
29 0.420357 0.614169 0.115201 0.213115
6 0.643254 0.584455 0.119294 0.212822
23 0.60115 0.565281 0.201163 0.16452
8 0.641695 0.585334 0.121633 0.218091
8 0.403008 0.371121 0.11871 0.221458
8 0.418602 0.617096 0.121828 0.213115
31 0.641695 0.585334 0.121633 0.218091
31 0.521621 0.474532 0.118515 0.210187
21 0.60115 0.565281 0.201163 0.16452
31 0.419577 0.634075 0.11832 0.248244
22 0.181329 0.635978 0.117638 0.254977
16 0.343849 0.38166 0.226893 0.243706
15 0.363926 0.587676 0.227283 0.286007
6 0.521621 0.475117 0.120074 0.2137
31 0.294727 0.489461 0.120854 0.214286
9 0.521621 0.476874 0.121633 0.2137
22 0.5224 0.47541 0.121633 0.211944
26 0.60115 0.565281 0.201163 0.16452
25 0.419577 0.634075 0.11832 0.248244
26 0.349306 0.382611 0.23547 0.241803
29 0.296287 0.49034 0.116955 0.214871
31 0.180891 0.635831 0.118515 0.262295
2 0.402326 0.372365 0.119294 0.223068
13 0.5762 0.485363 0.233911 0.23185
29 0.182401 0.634075 0.115493 0.25644
14 0.60115 0.565281 0.201163 0.16452
19 0.60115 0.565281 0.201163 0.16452
14 0.349306 0.382611 0.23547 0.241803
14 0.363926 0.587676 0.227283 0.286007
16 0.411585 0.598361 0.129625 0.285714
30 0.294727 0.489461 0.120854 0.214286
13 0.458075 0.444965 0.245606 0.24356
30 0.521621 0.474532 0.118515 0.210187
1 0.294727 0.489461 0.120854 0.214286
30 0.419577 0.634075 0.11832 0.248244
15 0.458075 0.444965 0.245606 0.24356
10 0.60115 0.565281 0.201163 0.16452
1 0.419577 0.634075 0.11832 0.248244
30 0.60115 0.565281 0.201163 0.16452
2 0.60115 0.565281 0.201163 0.16452
22 0.294532 0.490047 0.123583 0.214286
2 0.521621 0.477752 0.118515 0.213115
25 0.643254 0.584455 0.119294 0.212822
16 0.320068 0.488876 0.169195 0.224824
10 0.295117 0.489461 0.120074 0.216628
29 0.52318 0.47541 0.116176 0.215457
20 0.60115 0.565281 0.201163 0.16452
25 0.521621 0.474532 0.118515 0.210187
18 0.343849 0.38166 0.226893 0.243706
14 0.458075 0.444965 0.245606 0.24356
18 0.476008 0.481557 0.215977 0.219555
24 0.349306 0.382611 0.23547 0.241803
26 0.363926 0.587676 0.227283 0.286007
23 0.343849 0.38166 0.226893 0.243706
23 0.5762 0.485363 0.233911 0.23185
23 0.411585 0.598361 0.129625 0.285714
3 0.60115 0.565281 0.201163 0.16452
8 0.521621 0.477752 0.118515 0.213115
15 0.5762 0.485363 0.233911 0.23185
13 0.411585 0.598361 0.129625 0.285714
1 0.521621 0.474532 0.118515 0.210187
22 0.41831 0.637149 0.120854 0.254977
5 0.60115 0.565281 0.201163 0.16452
13 0.363926 0.587676 0.227283 0.286007
2 0.295507 0.493267 0.115396 0.217213
13 0.234105 0.593823 0.224944 0.329918
14 0.5762 0.485363 0.233911 0.23185
10 0.521231 0.475995 0.118515 0.216628
2 0.41831 0.626464 0.122413 0.230679
21 0.476008 0.481557 0.215977 0.219555
1 0.404275 0.371194 0.119294 0.223653
14 0.411585 0.598361 0.129625 0.285714
16 0.247165 0.578601 0.215977 0.177693
19 0.349306 0.382611 0.23547 0.241803
26 0.458075 0.444965 0.245606 0.24356
0 0.349306 0.382611 0.23547 0.241803
18 0.411585 0.598361 0.129625 0.285714
15 0.234105 0.593823 0.224944 0.329918
13 0.476008 0.481557 0.215977 0.219555
18 0.421429 0.700234 0.0795296 0.162763
19 0.247165 0.578601 0.215977 0.177693
15 0.465579 0.587676 0.233716 0.290691
16 0.422209 0.687354 0.0756311 0.100703
27 0.180842 0.636417 0.114714 0.248244
14 0.499789 0.476581 0.166856 0.216628
15 0.320068 0.488876 0.169195 0.224824
26 0.476008 0.481557 0.215977 0.219555
28 0.349306 0.382611 0.23547 0.241803
35 0.641695 0.585334 0.121633 0.218091
19 0.440921 0.385246 0.161398 0.209016
9 0.60115 0.565281 0.201163 0.16452
16 0.363926 0.587676 0.227283 0.286007
27 0.419577 0.634075 0.11832 0.248244
16 0.458075 0.444965 0.245606 0.24356
27 0.641695 0.585334 0.121633 0.218091
16 0.421429 0.665105 0.0849875 0.125293
15 0.507976 0.561768 0.426497 0.2863
30 0.349306 0.382611 0.23547 0.241803
13 0.564504 0.550937 0.274455 0.373536
16 0.405542 0.447892 0.0762159 0.0685012
22 0.60115 0.565281 0.201163 0.16452
16 0.404665 0.427986 0.0849875 0.111241
35 0.180062 0.635246 0.116273 0.25644
16 0.421429 0.700234 0.0795296 0.162763
23 0.458075 0.444965 0.245606 0.24356
18 0.363926 0.587676 0.227283 0.286007
27 0.295117 0.489461 0.120074 0.216628
23 0.368409 0.375 0.175433 0.219555
19 0.476008 0.481557 0.215977 0.219555
23 0.476008 0.481557 0.215977 0.219555
14 0.247165 0.578601 0.215977 0.177693
17 0.422209 0.687354 0.0756311 0.100703
1 0.349306 0.382611 0.23547 0.241803
9 0.476008 0.481557 0.215977 0.219555
24 0.206621 0.631148 0.169975 0.250585
15 0.368409 0.375 0.175433 0.219555
26 0.411585 0.598361 0.129625 0.285714
7 0.60115 0.565281 0.201163 0.16452
16 0.507976 0.561768 0.426497 0.2863
16 0.474059 0.547717 0.219096 0.362412
7 0.349306 0.382611 0.23547 0.241803
20 0.343849 0.38166 0.226893 0.243706
35 0.403008 0.371121 0.11871 0.221458
16 0.5762 0.485363 0.233911 0.23185
1 0.60115 0.565281 0.201163 0.16452
15 0.3649 0.576112 0.335272 0.354801
26 0.234105 0.593823 0.224944 0.329918
16 0.285956 0.526932 0.153211 0.29274
34 0.181329 0.635978 0.117638 0.254977
16 0.234105 0.593823 0.224944 0.329918
