7 0.622982 0.478337 0.0545791 0.0942623
16 0.622982 0.478923 0.0561385 0.101874
15 0.622202 0.471897 0.0545791 0.0281031
12 0.622982 0.472482 0.0561385 0.0257611
11 0.622202 0.475995 0.0576979 0.090164
0 0.622982 0.478337 0.0545791 0.0942623
31 0.622982 0.478337 0.0545791 0.0942623
16 0.623761 0.489461 0.0514603 0.0761124
5 0.622982 0.479215 0.0545791 0.104215
18 0.613625 0.464286 0.0787498 0.112412
18 0.622982 0.478337 0.0545791 0.0942623
23 0.622982 0.479215 0.0545791 0.104215
33 0.622982 0.478337 0.0545791 0.0942623
11 0.613625 0.464286 0.0787498 0.112412
26 0.622982 0.478337 0.0545791 0.0942623
8 0.622202 0.475995 0.0576979 0.090164
21 0.622982 0.478337 0.0545791 0.0942623
17 0.622982 0.478923 0.0561385 0.101874
5 0.613625 0.464286 0.0787498 0.112412
14 0.622982 0.478337 0.0545791 0.0942623
26 0.613625 0.464286 0.0787498 0.112412
4 0.613625 0.464286 0.0787498 0.112412
3 0.566064 0.453162 0.177772 0.150468
23 0.613625 0.464286 0.0787498 0.112412
20 0.622202 0.475995 0.0576979 0.090164
15 0.623761 0.489461 0.0514603 0.0761124
16 0.622202 0.471897 0.0545791 0.0281031
17 0.572301 0.465457 0.165297 0.129977
3 0.622982 0.478923 0.0561385 0.101874
23 0.566064 0.453162 0.177772 0.150468
6 0.622982 0.479215 0.0545791 0.104215
16 0.591404 0.461358 0.120854 0.155738
34 0.414022 0.40603 0.474838 0.285714
11 0.566064 0.453162 0.177772 0.150468
16 0.613625 0.467799 0.0748514 0.0380562
21 0.355934 0.385539 0.593353 0.328454
7 0.365485 0.382611 0.572691 0.329625
32 0.365485 0.382611 0.572691 0.329625
16 0.619083 0.474239 0.0670543 0.0269321
3 0.356714 0.382611 0.591794 0.332553
18 0.355934 0.385539 0.593353 0.328454
28 0.365485 0.382611 0.572691 0.329625
34 0.365485 0.382611 0.572691 0.329625
35 0.365485 0.382611 0.572691 0.329625
16 0.356714 0.382611 0.591794 0.332553
23 0.348527 0.384002 0.605828 0.330357
17 0.381664 0.385831 0.552809 0.322014
13 0.351256 0.387588 0.60115 0.326698
5 0.200383 0.0265753 0.306033 0.0520894
2 0.355934 0.385539 0.593353 0.328454
4 0.355934 0.385539 0.593353 0.328454
26 0.203307 0.0278835 0.299016 0.0550351
15 0.356714 0.382611 0.591794 0.332553
27 0.365485 0.382611 0.572691 0.329625
32 0.613625 0.461944 0.0748514 0.0515222
9 0.355934 0.385539 0.593353 0.328454
18 0.203307 0.0278835 0.299016 0.0550351
14 0.613625 0.467799 0.0748514 0.0380562
17 0.612846 0.464286 0.073292 0.0468384
20 0.356714 0.382611 0.591794 0.332553
19 0.355934 0.385539 0.593353 0.328454
26 0.365485 0.382611 0.572691 0.329625
5 0.355934 0.385539 0.593353 0.328454
12 0.351256 0.387588 0.60115 0.326698
31 0.355934 0.385539 0.593353 0.328454
0 0.200383 0.0265753 0.306033 0.0520894
10 0.351256 0.387588 0.60115 0.326698
24 0.203307 0.0278835 0.299016 0.0550351
14 0.200383 0.0265753 0.306033 0.0520894
0 0.612846 0.464286 0.073292 0.0468384
14 0.381664 0.385831 0.552809 0.322014
33 0.203307 0.0278835 0.299016 0.0550351
11 0.200383 0.0265753 0.306033 0.0520894
3 0.203307 0.0278835 0.299016 0.0550351
17 0.200383 0.0265753 0.306033 0.0520894
2 0.357883 0.426815 0.658068 0.249414
1 0.365485 0.382611 0.572691 0.329625
0 0.376986 0.382611 0.590234 0.332553
23 0.203307 0.0278835 0.299016 0.0550351
16 0.200383 0.0265753 0.306033 0.0520894
16 0.614405 0.494145 0.0701732 0.059719
33 0.365485 0.382611 0.572691 0.329625
24 0.365485 0.382611 0.572691 0.329625
16 0.612066 0.482728 0.073292 0.0848946
15 0.200383 0.0265753 0.306033 0.0520894
5 0.256717 0.026127 0.49706 0.0522541
15 0.613625 0.467799 0.0748514 0.0380562
5 0.260079 0.028103 0.307105 0.051815
7 0.482635 0.411007 0.924726 0.269321
30 0.365485 0.382611 0.572691 0.329625
3 0.357883 0.426815 0.658068 0.249414
16 0.611286 0.456089 0.0717326 0.0550351
16 0.609727 0.464871 0.0764108 0.0749415
16 0.610896 0.473653 0.0748514 0.105386
33 0.609727 0.464871 0.0764108 0.0749415
18 0.609727 0.464871 0.0764108 0.0749415
7 0.609727 0.464871 0.0764108 0.0749415
33 0.610896 0.473653 0.0748514 0.105386
7 0.610896 0.473653 0.0748514 0.105386
0 0.609727 0.464871 0.0764108 0.0749415
5 0.609727 0.464871 0.0764108 0.0749415
26 0.610896 0.473653 0.0748514 0.105386
14 0.610896 0.473653 0.0748514 0.105386
19 0.609727 0.464871 0.0764108 0.0749415
0 0.610896 0.473653 0.0748514 0.105386
14 0.609727 0.464871 0.0764108 0.0749415
3 0.609727 0.464871 0.0764108 0.0749415
19 0.610896 0.473653 0.0748514 0.105386
33 0.611286 0.456089 0.0717326 0.0550351
0 0.611286 0.456089 0.0717326 0.0550351
17 0.611286 0.462822 0.0740717 0.0603045
18 0.610896 0.473653 0.0748514 0.105386
9 0.610896 0.473653 0.0748514 0.105386
23 0.609727 0.464871 0.0764108 0.0749415
1 0.609727 0.464871 0.0764108 0.0749415
4 0.610507 0.474824 0.0771905 0.0960187
32 0.610507 0.474824 0.0771905 0.0960187
26 0.609727 0.464871 0.0764108 0.0749415
15 0.609727 0.464871 0.0764108 0.0749415
9 0.609727 0.464871 0.0764108 0.0749415
3 0.610896 0.473653 0.0748514 0.105386
18 0.611286 0.456089 0.0717326 0.0550351
10 0.610896 0.473653 0.0748514 0.105386
15 0.610896 0.473653 0.0748514 0.105386
21 0.610896 0.473653 0.0748514 0.105386
33 0.83584 0.0509734 0.0124752 0.0851142
5 0.610896 0.473653 0.0748514 0.105386
28 0.610896 0.473653 0.0748514 0.105386
11 0.610896 0.473653 0.0748514 0.105386
11 0.609727 0.464871 0.0764108 0.0749415
28 0.609727 0.464871 0.0764108 0.0749415
10 0.609727 0.464871 0.0764108 0.0749415
21 0.609727 0.464871 0.0764108 0.0749415
17 0.610896 0.473653 0.0748514 0.105386
14 0.611286 0.456089 0.0717326 0.0550351
25 0.610896 0.473653 0.0748514 0.105386
31 0.610896 0.473653 0.0748514 0.105386
24 0.609727 0.464871 0.0764108 0.0749415
16 0.618304 0.48185 0.0592573 0.0936768
8 0.609727 0.464871 0.0764108 0.0749415
16 0.83584 0.0509734 0.0124752 0.0851142
1 0.610896 0.473653 0.0748514 0.105386
13 0.609727 0.477166 0.081089 0.11534
16 0.274065 0.716628 0.0569182 0.0187354
26 0.83584 0.0509734 0.0124752 0.0851142
13 0.611286 0.456089 0.0717326 0.0550351
33 0.592573 0.446136 0.0343069 0.0351288
30 0.607388 0.47014 0.0787499 0.0895784
20 0.611286 0.462822 0.0740717 0.0603045
23 0.610896 0.473653 0.0748514 0.105386
16 0.276794 0.702576 0.0717326 0.0398127
5 0.611286 0.456089 0.0717326 0.0550351
15 0.83584 0.0509734 0.0124752 0.0851142
16 0.672103 0.715457 0.0670544 0.0351288
20 0.610896 0.473653 0.0748514 0.105386
7 0.618304 0.48185 0.0592573 0.0936768
5 0.83584 0.0509734 0.0124752 0.0851142
24 0.610896 0.473653 0.0748514 0.105386
6 0.609727 0.464871 0.0764108 0.0749415
29 0.610896 0.473653 0.0748514 0.105386
33 0.832722 0.0526932 0.0218317 0.0885539
16 0.291608 0.694379 0.0382054 0.0187354
14 0.83584 0.0509734 0.0124752 0.0851142
18 0.83584 0.0509734 0.0124752 0.0851142
27 0.610896 0.473653 0.0748514 0.105386
8 0.610896 0.473653 0.0748514 0.105386
17 0.608167 0.454625 0.0764108 0.0509368
18 0.618304 0.48185 0.0592573 0.0936768
12 0.610896 0.473653 0.0748514 0.105386
16 0.592573 0.446136 0.0343069 0.0351288
31 0.609727 0.464871 0.0764108 0.0749415
7 0.611286 0.456089 0.0717326 0.0550351
16 0.656119 0.715457 0.0951237 0.030445
4 0.588675 0.468677 0.120074 0.129977
16 0.646373 0.713115 0.120074 0.0538642
16 0.280693 0.711944 0.0748514 0.0409836
0 0.83584 0.0509734 0.0124752 0.0851142
6 0.610896 0.473653 0.0748514 0.105386
18 0.588675 0.468677 0.120074 0.129977
3 0.611286 0.456089 0.0717326 0.0550351
15 0.611286 0.456089 0.0717326 0.0550351
25 0.609727 0.464871 0.0764108 0.0749415
33 0.604269 0.464286 0.0873266 0.162763
14 0.588675 0.468677 0.120074 0.129977
32 0.588675 0.468677 0.120074 0.129977
16 0.656899 0.7137 0.159839 0.0632319
4 0.608167 0.454625 0.0764108 0.0509368
16 0.832722 0.0526932 0.0218317 0.0885539
16 0.833501 0.0529859 0.0171534 0.0764052
18 0.604269 0.464286 0.0873266 0.162763
16 0.662747 0.704333 0.132549 0.0562061
4 0.611286 0.462822 0.0740717 0.0603045
26 0.832722 0.0526932 0.0218317 0.0885539
16 0.586726 0.472482 0.13021 0.124122
16 0.604269 0.464286 0.0873266 0.162763
7 0.586726 0.472482 0.13021 0.124122
20 0.617134 0.456382 0.0662747 0.0626464
5 0.618304 0.48185 0.0592573 0.0936768
