19 0.470277 0.500882 0.775079 0.494706
7 0.484327 0.495882 0.917138 0.514118
1 0.423445 0.505 0.815667 0.464118
14 0.470277 0.500882 0.775079 0.494706
15 0.470277 0.500882 0.775079 0.494706
3 0.470277 0.500882 0.775079 0.494706
21 0.423445 0.505 0.815667 0.464118
27 0.470277 0.500882 0.775079 0.494706
17 0.0976654 0.538235 0.189477 0.155294
16 0.469887 0.471471 0.796154 0.541765
16 0.970995 0.592941 0.0312218 0.122353
26 0.469887 0.471471 0.796154 0.541765
11 0.0976654 0.538235 0.189477 0.155294
7 0.0961044 0.54 0.188696 0.154118
32 0.470277 0.500882 0.775079 0.494706
33 0.423445 0.505 0.815667 0.464118
7 0.399638 0.473529 0.783665 0.385882
22 0.423445 0.505 0.815667 0.464118
16 0.973337 0.596324 0.0468325 0.139118
23 0.0951287 0.538823 0.181671 0.155294
0 0.470277 0.500882 0.775079 0.494706
6 0.470277 0.500882 0.775079 0.494706
16 0.407443 0.475882 0.796154 0.388235
7 0.537466 0.556176 0.925068 0.381765
26 0.0975923 0.538235 0.190404 0.150588
16 0.0964946 0.537647 0.183232 0.157647
34 0.467155 0.520588 0.864061 0.463529
33 0.508914 0.549118 0.958507 0.405294
23 0.886369 0.514706 0.227262 0.151765
18 0.317681 0.471176 0.628337 0.38
23 0.640826 0.489118 0.340317 0.23
33 0.0976654 0.538235 0.189477 0.155294
1 0.508914 0.549118 0.958507 0.405294
17 0.885588 0.527059 0.228824 0.175294
33 0.503841 0.441471 0.976459 0.618235
35 0.470277 0.500882 0.775079 0.494706
23 0.240798 0.435882 0.455057 0.289412
15 0.969434 0.593088 0.0312218 0.122059
33 0.870305 0.521471 0.25914 0.158235
18 0.0975923 0.538235 0.190404 0.150588
11 0.883247 0.516471 0.233507 0.168235
16 0.970995 0.602206 0.0218552 0.101471
21 0.317681 0.471176 0.628337 0.38
20 0.469887 0.471471 0.796154 0.541765
9 0.506572 0.496471 0.972557 0.511765
26 0.886369 0.514706 0.227262 0.151765
5 0.0951287 0.538823 0.181671 0.155294
18 0.886369 0.514706 0.227262 0.151765
18 0.470277 0.500882 0.775079 0.494706
1 0.324706 0.472647 0.640045 0.379412
14 0.0975923 0.538235 0.190404 0.150588
15 0.317681 0.471176 0.628337 0.38
16 0.125765 0.538823 0.25114 0.164706
7 0.558088 0.709412 0.0764932 0.0964706
7 0.867183 0.535294 0.263824 0.202353
24 0.471058 0.518824 0.771957 0.468235
19 0.532783 0.545 0.934434 0.397059
20 0.400419 0.482647 0.797715 0.411176
26 0.532783 0.545 0.934434 0.397059
14 0.881686 0.525882 0.236629 0.18
26 0.407443 0.475882 0.796154 0.388235
32 0.407443 0.475882 0.796154 0.388235
5 0.883247 0.516471 0.233507 0.168235
33 0.971776 0.589559 0.0374661 0.126765
16 0.232602 0.435294 0.45974 0.289412
15 0.548784 0.554118 0.902432 0.375294
0 0.0976654 0.538235 0.189477 0.155294
8 0.0976654 0.538235 0.189477 0.155294
19 0.523807 0.421176 0.952387 0.642353
22 0.548784 0.554118 0.902432 0.375294
32 0.508914 0.549118 0.958507 0.405294
21 0.883247 0.516471 0.233507 0.168235
3 0.100495 0.538235 0.197477 0.156471
14 0.317681 0.471176 0.628337 0.38
14 0.508914 0.549118 0.958507 0.405294
4 0.407053 0.490294 0.812545 0.424118
7 0.693184 0.512941 0.613631 0.296471
0 0.886369 0.514706 0.227262 0.151765
33 0.953495 0.581765 0.0930091 0.111765
3 0.317681 0.471176 0.628337 0.38
19 0.382076 0.472941 0.755566 0.381176
35 0.508914 0.549118 0.958507 0.405294
12 0.469887 0.471471 0.796154 0.541765
34 0.578835 0.547647 0.84233 0.350588
23 0.383247 0.474706 0.752443 0.381176
27 0.537466 0.556176 0.925068 0.381765
5 0.970995 0.592941 0.0312218 0.122353
21 0.971776 0.589559 0.0374661 0.126765
0 0.508914 0.549118 0.958507 0.405294
14 0.463643 0.401765 0.889819 0.669412
4 0.565894 0.545 0.867964 0.375882
27 0.675622 0.504706 0.648756 0.341176
16 0.559259 0.743529 0.0757127 0.0235294
23 0.257189 0.405294 0.384808 0.223529
0 0.757127 0.514118 0.485498 0.251765
16 0.973337 0.57 0.0468325 0.0894118
6 0.0996168 0.538823 0.196111 0.156471
1 0.503841 0.441471 0.976459 0.618235
16 0.532783 0.545 0.934434 0.397059
15 0.558869 0.733529 0.0764932 0.04
22 0.295826 0.472941 0.583846 0.378824
35 0.392223 0.472647 0.773518 0.380588
16 0.953495 0.581765 0.0930091 0.111765
26 0.675622 0.504706 0.648756 0.341176
27 0.317681 0.471176 0.628337 0.38
31 0.0961044 0.54 0.188696 0.154118
7 0.830498 0.577647 0.163914 0.0858824
15 0.463643 0.401765 0.889819 0.669412
21 0.0944457 0.538235 0.180305 0.156471
24 0.554248 0.557647 0.891505 0.368235
24 0.0975923 0.538235 0.190404 0.150588
17 0.645119 0.517059 0.344219 0.275294
16 0.830498 0.577647 0.163914 0.0858824
19 0.675622 0.504706 0.648756 0.341176
23 0.469887 0.471471 0.796154 0.541765
20 0.295826 0.472941 0.583846 0.378824
16 0.510147 0.431765 0.979706 0.631765
4 0.51405 0.498235 0.9719 0.497647
10 0.510147 0.431765 0.979706 0.631765
14 0.972556 0.588235 0.0374661 0.131765
33 0.317681 0.471176 0.628337 0.38
24 0.399638 0.473529 0.783665 0.385882
7 0.972556 0.588235 0.0374661 0.131765
34 0.371929 0.587647 0.720441 0.175294
32 0.523807 0.421176 0.952387 0.642353
34 0.693184 0.512941 0.613631 0.296471
5 0.930407 0.604853 0.0780543 0.0632353
17 0.471058 0.518824 0.771957 0.468235
6 0.382076 0.472941 0.755566 0.381176
8 0.867183 0.507059 0.265385 0.128235
16 0.925724 0.603382 0.0718099 0.0661765
0 0.867183 0.535294 0.263824 0.202353
9 0.0951287 0.538823 0.181671 0.155294
17 0.141181 0.532353 0.275727 0.161176
26 0.930407 0.604853 0.0780543 0.0632353
9 0.392223 0.472647 0.773518 0.380588
16 0.249579 0.401471 0.34461 0.225294
16 0.772738 0.592941 0.117081 0.0870589
22 0.463643 0.401765 0.889819 0.669412
22 0.0913235 0.541176 0.177964 0.152941
34 0.382076 0.472941 0.755566 0.381176
14 0.75953 0.507059 0.480939 0.274118
12 0.896844 0.494412 0.20138 0.105294
7 0.786787 0.587647 0.092104 0.0823529
9 0.565894 0.545 0.867964 0.375882
0 0.693184 0.512941 0.613631 0.296471
1 0.886369 0.514706 0.227262 0.151765
7 0.757127 0.514118 0.485498 0.251765
8 0.881686 0.525882 0.236629 0.18
10 0.565894 0.545 0.867964 0.375882
9 0.675622 0.504706 0.648756 0.341176
17 0.883247 0.496471 0.233507 0.131176
26 0.946799 0.466765 0.104593 0.0629412
7 0.925724 0.603382 0.0718099 0.0661765
26 0.54332 0.406471 0.91336 0.664706
9 0.971776 0.589559 0.0374661 0.126765
28 0.471058 0.518824 0.771957 0.468235
16 0.867183 0.535294 0.263824 0.202353
11 0.392223 0.472647 0.773518 0.380588
16 0.967873 0.553529 0.0343439 0.0552941
0 0.240798 0.435882 0.455057 0.289412
4 0.886369 0.514706 0.227262 0.151765
21 0.532783 0.545 0.934434 0.397059
0 0.503841 0.441471 0.976459 0.618235
0 0.971776 0.589559 0.0374661 0.126765
15 0.0913235 0.541176 0.177964 0.152941
16 0.768835 0.617647 0.0515158 0.0282353
24 0.886369 0.514706 0.227262 0.151765
0 0.399638 0.473529 0.783665 0.385882
7 0.759078 0.612353 0.0663461 0.0529412
8 0.407053 0.490294 0.812545 0.424118
4 0.556589 0.392647 0.886821 0.655882
7 0.867183 0.507059 0.265385 0.128235
23 0.556589 0.392647 0.886821 0.655882
16 0.9894 0.589412 0.0211992 0.0482353
11 0.896844 0.494412 0.20138 0.105294
16 0.786787 0.587647 0.092104 0.0823529
14 0.675622 0.504706 0.648756 0.341176
6 0.548784 0.554118 0.902432 0.375294
33 0.925724 0.603382 0.0718099 0.0661765
16 0.558869 0.709412 0.0788349 0.0917647
15 0.867183 0.535294 0.263824 0.202353
27 0.409005 0.533235 0.77586 0.382941
16 0.867183 0.507059 0.265385 0.128235
30 0.423445 0.505 0.815667 0.464118
12 0.561991 0.741176 0.0749321 0.017647
16 0.958507 0.604118 0.018733 0.0611765
17 0.885198 0.578823 0.229604 0.115294
16 0.0566869 0.601765 0.0378563 0.0235294
1 0.371929 0.587647 0.720441 0.175294
33 0.619813 0.374779 0.760373 0.602206
8 0.971776 0.589559 0.0374661 0.126765
21 0.54332 0.406471 0.91336 0.664706
27 0.75953 0.507059 0.480939 0.274118
4 0.75953 0.507059 0.480939 0.274118
15 0.266751 0.548529 0.528818 0.161765
8 0.484327 0.495882 0.917138 0.514118
0 0.212113 0.465 0.40315 0.374706
7 0.843767 0.577059 0.20138 0.107059
24 0.307924 0.503235 0.608043 0.319412
15 0.973337 0.596324 0.0468325 0.139118
18 0.532783 0.545 0.934434 0.397059
32 0.675622 0.504706 0.648756 0.341176
16 0.180696 0.434706 0.347342 0.265882
34 0.503841 0.441471 0.976459 0.618235
12 0.0961044 0.54 0.188696 0.154118
35 0.371929 0.587647 0.720441 0.175294
33 0.772738 0.592941 0.117081 0.0870589
14 0.925724 0.603382 0.0718099 0.0661765
18 0.510147 0.431765 0.979706 0.631765
4 0.675622 0.504706 0.648756 0.341176
21 0.693184 0.512941 0.613631 0.296471
34 0.757127 0.514118 0.485498 0.251765
26 0.867183 0.535294 0.263824 0.202353
20 0.0913235 0.541176 0.177964 0.152941
11 0.867183 0.507059 0.265385 0.128235
18 0.75953 0.507059 0.480939 0.274118
21 0.266751 0.548529 0.528818 0.161765
8 0.257189 0.405294 0.384808 0.223529
3 0.532783 0.545 0.934434 0.397059
26 0.971776 0.589559 0.0374661 0.126765
10 0.400419 0.482647 0.797715 0.411176
7 0.896844 0.494412 0.20138 0.105294
16 0.196697 0.584853 0.35983 0.147941
19 0.880515 0.537941 0.238971 0.200588
16 0.794398 0.575588 0.0784446 0.0582353
1 0.675622 0.504706 0.648756 0.341176
2 0.675622 0.504706 0.648756 0.341176
9 0.75953 0.507059 0.480939 0.274118
1 0.334853 0.55 0.665803 0.212941
16 0.988948 0.598824 0.0218552 0.0717647
16 0.843767 0.577059 0.20138 0.107059
32 0.867183 0.535294 0.263824 0.202353
9 0.772738 0.592941 0.117081 0.0870589
23 0.946799 0.466765 0.104593 0.0629412
22 0.867183 0.535294 0.263824 0.202353
20 0.867183 0.535294 0.263824 0.202353
12 0.383247 0.474706 0.752443 0.381176
6 0.510147 0.431765 0.979706 0.631765
10 0.675622 0.504706 0.648756 0.341176
3 0.621312 0.486471 0.391833 0.229412
18 0.640826 0.489118 0.340317 0.23
12 0.558869 0.733529 0.0764932 0.04
17 0.399638 0.473529 0.783665 0.385882
34 0.307924 0.503235 0.608043 0.319412
9 0.786787 0.587647 0.092104 0.0823529
20 0.491742 0.381471 0.955385 0.741765
16 0.266751 0.548529 0.528818 0.161765
23 0.209186 0.463529 0.41681 0.377647
11 0.679072 0.511176 0.363733 0.262353
9 0.558869 0.709412 0.0788349 0.0917647
1 0.757127 0.514118 0.485498 0.251765
16 0.917138 0.552941 0.163914 0.208235
9 0.830498 0.577647 0.163914 0.0858824
5 0.974118 0.588382 0.0468325 0.133824
7 0.772738 0.592941 0.117081 0.0870589
7 0.749321 0.611765 0.0874208 0.0588235
3 0.75953 0.507059 0.480939 0.274118
21 0.640826 0.489118 0.340317 0.23
9 0.867183 0.535294 0.263824 0.202353
23 0.970995 0.591176 0.0343439 0.125882
7 0.54332 0.406471 0.91336 0.664706
17 0.660339 0.481765 0.3169 0.204706
18 0.22265 0.407941 0.377393 0.233529
26 0.750882 0.597647 0.0999095 0.0847059
3 0.463643 0.401765 0.889819 0.669412
27 0.523807 0.421176 0.952387 0.642353
11 0.22265 0.407941 0.377393 0.233529
33 0.675622 0.504706 0.648756 0.341176
2 0.870368 0.536177 0.259265 0.202941
1 0.867183 0.535294 0.263824 0.202353
15 0.559649 0.742353 0.0780543 0.0188235
33 0.371929 0.587647 0.720441 0.175294
26 0.75953 0.507059 0.480939 0.274118
22 0.266751 0.548529 0.528818 0.161765
8 0.190648 0.43 0.35905 0.276471
30 0.574152 0.558235 0.851697 0.371765
16 0.785226 0.584706 0.0967873 0.0552941
3 0.257189 0.405294 0.384808 0.223529
27 0.619813 0.374779 0.760373 0.602206
24 0.693184 0.512941 0.613631 0.296471
35 0.693184 0.512941 0.613631 0.296471
16 0.282166 0.597059 0.333292 0.124706
18 0.971776 0.589559 0.0374661 0.126765
25 0.407443 0.475882 0.796154 0.388235
17 0.958507 0.606471 0.0156108 0.06
25 0.508914 0.549118 0.958507 0.405294
24 0.371929 0.587647 0.720441 0.175294
28 0.399638 0.473529 0.783665 0.385882
18 0.946799 0.466765 0.104593 0.0629412
33 0.885198 0.578823 0.229604 0.115294
25 0.463643 0.401765 0.889819 0.669412
22 0.675622 0.504706 0.648756 0.341176
7 0.266751 0.548529 0.528818 0.161765
17 0.190648 0.43 0.35905 0.276471
2 0.490181 0.464632 0.939774 0.555441
14 0.733773 0.412059 0.532455 0.474706
5 0.867183 0.507059 0.265385 0.128235
4 0.878111 0.575 0.232602 0.108824
16 0.885198 0.578823 0.229604 0.115294
7 0.762653 0.512941 0.474695 0.251765
16 0.763824 0.510588 0.472353 0.247059
33 0.937432 0.588088 0.123326 0.132059
16 0.532783 0.509118 0.934434 0.251176
14 0.122253 0.541176 0.23787 0.155294
32 0.597568 0.508235 0.804864 0.244706
10 0.757907 0.512941 0.483937 0.254118
3 0.754457 0.512941 0.491086 0.250588
15 0.150059 0.540882 0.289581 0.153529
15 0.754457 0.512941 0.491086 0.250588
28 0.172305 0.542353 0.338756 0.16
1 0.763824 0.510588 0.472353 0.247059
9 0.763824 0.510588 0.472353 0.247059
5 0.754457 0.512941 0.491086 0.250588
0 0.937432 0.588088 0.123326 0.132059
14 0.172305 0.542353 0.338756 0.16
32 0.762653 0.512941 0.474695 0.251765
3 0.697025 0.515 0.327828 0.261765
33 0.111618 0.542353 0.218552 0.158824
18 0.673218 0.513235 0.281776 0.258235
3 0.111618 0.542353 0.218552 0.158824
26 0.150059 0.540882 0.289581 0.153529
16 0.111618 0.542353 0.218552 0.158824
16 0.975679 0.59 0.0468325 0.124706
27 0.398467 0.481471 0.787568 0.374706
16 0.938213 0.587647 0.121765 0.132941
0 0.763824 0.510588 0.472353 0.247059
16 0.172305 0.542353 0.338756 0.16
17 0.936652 0.589412 0.124887 0.132941
7 0.597568 0.508235 0.804864 0.244706
23 0.252506 0.477059 0.498767 0.365882
33 0.597568 0.508235 0.804864 0.244706
18 0.150059 0.540882 0.289581 0.153529
18 0.938213 0.587647 0.121765 0.129412
23 0.754457 0.512941 0.491086 0.250588
9 0.597568 0.508235 0.804864 0.244706
2 0.754457 0.512941 0.491086 0.250588
3 0.936652 0.589412 0.124887 0.132941
1 0.597568 0.508235 0.804864 0.244706
7 0.937432 0.588088 0.123326 0.132059
21 0.763824 0.510588 0.472353 0.247059
18 0.754457 0.512941 0.491086 0.250588
19 0.763824 0.510588 0.472353 0.247059
26 0.762653 0.512941 0.474695 0.251765
3 0.172305 0.542353 0.338756 0.16
17 0.1003 0.541176 0.193575 0.156471
17 0.41681 0.481176 0.818009 0.376471
14 0.938665 0.588382 0.12267 0.131471
15 0.938665 0.588382 0.12267 0.131471
16 0.182257 0.466471 0.348903 0.356471
0 0.597568 0.508235 0.804864 0.244706
15 0.567517 0.512647 0.864966 0.252353
33 0.762653 0.512941 0.474695 0.251765
18 0.88754 0.499412 0.224921 0.0947059
17 0.134253 0.534706 0.255238 0.149412
3 0.567517 0.512647 0.864966 0.252353
1 0.938993 0.588823 0.118643 0.130588
12 0.150059 0.540882 0.289581 0.153529
19 0.567517 0.512647 0.864966 0.252353
7 0.41681 0.481176 0.818009 0.376471
21 0.348903 0.477941 0.691561 0.374706
0 0.111618 0.542353 0.218552 0.158824
18 0.38754 0.48 0.766493 0.371765
21 0.936652 0.589412 0.124887 0.132941
21 0.111618 0.542353 0.218552 0.158824
15 0.468716 0.483015 0.926504 0.428088
0 0.88754 0.499412 0.224921 0.0947059
24 0.697025 0.515 0.327828 0.261765
22 0.757907 0.512941 0.483937 0.254118
4 0.410956 0.482059 0.812545 0.372353
26 0.597568 0.508235 0.804864 0.244706
30 0.763824 0.510588 0.472353 0.247059
33 0.172305 0.542353 0.338756 0.16
20 0.348903 0.477941 0.691561 0.374706
26 0.937432 0.588088 0.123326 0.132059
13 0.757907 0.512941 0.483937 0.254118
32 0.510928 0.553529 0.978145 0.36
21 0.597568 0.508235 0.804864 0.244706
4 0.757907 0.512941 0.483937 0.254118
16 0.387832 0.48 0.766688 0.372941
35 0.348903 0.477941 0.691561 0.374706
32 0.113374 0.537059 0.21621 0.149412
11 0.111618 0.542353 0.218552 0.158824
28 0.755175 0.511176 0.487839 0.249412
15 0.348903 0.477941 0.691561 0.374706
28 0.134253 0.534706 0.255238 0.149412
30 0.597568 0.508235 0.804864 0.244706
17 0.697025 0.515 0.327828 0.261765
18 0.1003 0.541176 0.193575 0.156471
3 0.468716 0.483015 0.926504 0.428088
15 0.1003 0.541176 0.193575 0.156471
24 0.150059 0.540882 0.289581 0.153529
24 0.937432 0.588088 0.123326 0.132059
23 0.567517 0.512647 0.864966 0.252353
24 0.755238 0.513235 0.489525 0.251176
11 0.172305 0.542353 0.338756 0.16
33 0.510928 0.553529 0.978145 0.36
20 0.754457 0.512941 0.491086 0.250588
14 0.41681 0.481176 0.818009 0.376471
16 0.510928 0.553529 0.978145 0.36
5 0.938213 0.587647 0.121765 0.132941
24 0.1003 0.541176 0.193575 0.156471
29 0.111618 0.542353 0.218552 0.158824
7 0.501109 0.504706 0.989728 0.477647
3 0.348903 0.477941 0.691561 0.374706
18 0.567517 0.512647 0.864966 0.252353
17 0.762653 0.517059 0.474695 0.252941
25 0.763824 0.510588 0.472353 0.247059
35 0.762653 0.512941 0.474695 0.251765
1 0.387832 0.48 0.766688 0.372941
30 0.348903 0.477941 0.691561 0.374706
8 0.938213 0.587647 0.121765 0.129412
28 0.398467 0.481471 0.787568 0.374706
20 0.1003 0.541176 0.193575 0.156471
15 0.499157 0.339412 0.990509 0.678823
9 0.172695 0.548235 0.337585 0.174118
0 0.697025 0.515 0.327828 0.261765
33 0.697025 0.515 0.327828 0.261765
14 0.754457 0.512941 0.491086 0.250588
16 0.56082 0.744706 0.0757127 0.0211765
11 0.936652 0.589412 0.124887 0.132941
20 0.150059 0.540882 0.289581 0.153529
28 0.574152 0.511765 0.851697 0.250588
16 0.972556 0.561176 0.0437103 0.0764706
14 0.67595 0.517353 0.285679 0.264118
20 0.697025 0.515 0.327828 0.261765
34 0.755175 0.511176 0.487839 0.249412
13 0.309095 0.477647 0.608823 0.363529
33 0.498767 0.48 0.986606 0.454118
27 0.567517 0.512647 0.864966 0.252353
5 0.567517 0.512647 0.864966 0.252353
14 0.974118 0.59 0.0515158 0.128235
21 0.468716 0.483015 0.926504 0.428088
32 0.398467 0.481471 0.787568 0.374706
0 0.387832 0.48 0.766688 0.372941
26 0.1003 0.541176 0.193575 0.156471
5 0.88754 0.499412 0.224921 0.0947059
14 0.567517 0.512647 0.864966 0.252353
7 0.150059 0.540882 0.289581 0.153529
34 0.480814 0.501471 0.946018 0.448824
3 0.199478 0.400588 0.146645 0.223529
17 0.182257 0.466471 0.348903 0.356471
23 0.41759 0.481471 0.822692 0.357059
23 0.88754 0.499412 0.224921 0.0947059
23 0.697025 0.515 0.327828 0.261765
17 0.882661 0.525882 0.234678 0.148235
28 0.937432 0.588088 0.123326 0.132059
22 0.348903 0.477941 0.691561 0.374706
0 0.882014 0.519412 0.235724 0.141176
32 0.561991 0.744118 0.073371 0.0223529
19 0.936652 0.589412 0.124887 0.132941
5 0.38754 0.48 0.766493 0.371765
31 0.757907 0.512941 0.483937 0.254118
10 0.937432 0.588088 0.123326 0.132059
5 0.150059 0.540882 0.289581 0.153529
16 0.936652 0.607059 0.0967873 0.0588235
20 0.567517 0.512647 0.864966 0.252353
9 0.387832 0.48 0.766688 0.372941
17 0.172305 0.542353 0.338756 0.16
17 0.199234 0.404706 0.14362 0.225882
22 0.532783 0.509118 0.934434 0.251176
13 0.573371 0.492059 0.853258 0.31
10 0.348903 0.477941 0.691561 0.374706
27 0.755238 0.513235 0.489525 0.251176
23 0.111618 0.542353 0.218552 0.158824
2 0.410956 0.482059 0.812545 0.372353
23 0.938213 0.587647 0.121765 0.129412
17 0.559649 0.731765 0.0764932 0.0470588
5 0.1003 0.541176 0.193575 0.156471
18 0.498767 0.48 0.986606 0.454118
28 0.697025 0.515 0.327828 0.261765
33 0.882014 0.519412 0.235724 0.141176
9 0.938213 0.587647 0.121765 0.132941
15 0.510928 0.553529 0.978145 0.36
16 0.147523 0.454118 0.252115 0.325882
33 0.875441 0.551176 0.249118 0.194118
6 0.936652 0.589412 0.124887 0.132941
16 0.697025 0.515 0.327828 0.261765
0 0.56082 0.744706 0.0757127 0.0211765
28 0.198697 0.402353 0.141181 0.224706
12 0.348903 0.477941 0.691561 0.374706
19 0.348903 0.477941 0.691561 0.374706
20 0.199234 0.404706 0.14362 0.225882
13 0.113374 0.537059 0.21621 0.149412
24 0.88754 0.499412 0.224921 0.0947059
24 0.41681 0.481176 0.818009 0.376471
0 0.509367 0.501176 0.981267 0.461176
23 0.172305 0.542353 0.338756 0.16
14 0.875441 0.530294 0.249118 0.159412
12 0.937432 0.588088 0.123326 0.132059
17 0.194941 0.514706 0.37427 0.256471
5 0.697025 0.515 0.327828 0.261765
26 0.498767 0.48 0.986606 0.454118
33 0.314559 0.478824 0.625995 0.371765
14 0.561991 0.744118 0.073371 0.0223529
10 0.567517 0.512647 0.864966 0.252353
34 0.398467 0.481471 0.787568 0.374706
31 0.38754 0.48 0.766493 0.371765
1 0.88754 0.499412 0.224921 0.0947059
3 0.510928 0.553529 0.978145 0.36
18 0.198697 0.402353 0.141181 0.224706
17 0.501109 0.504706 0.989728 0.477647
32 0.498767 0.48 0.986606 0.454118
35 0.532783 0.509118 0.934434 0.251176
33 0.194941 0.514706 0.37427 0.256471
32 0.938213 0.587647 0.121765 0.129412
27 0.280215 0.479412 0.557308 0.374118
0 0.450276 0.0351838 0.324901 0.0691912
24 0.574152 0.511765 0.851697 0.250588
16 0.498767 0.48 0.986606 0.454118
29 0.762653 0.512941 0.474695 0.251765
16 0.986606 0.598235 0.0249774 0.102353
28 0.885198 0.498235 0.229604 0.0941176
16 0.426176 0.625882 0.220113 0.0776471
2 0.573371 0.492059 0.853258 0.31
27 0.501109 0.504706 0.989728 0.477647
0 0.199234 0.404706 0.14362 0.225882
15 0.208795 0.480294 0.412907 0.377059
19 0.509367 0.525882 0.981267 0.344706
33 0.199624 0.405294 0.146352 0.223529
1 0.134253 0.534706 0.255238 0.149412
3 0.423445 0.627059 0.211527 0.0752941
1 0.517172 0.532941 0.965656 0.295294
5 0.450276 0.0351838 0.324901 0.0691912
10 0.509367 0.525882 0.981267 0.344706
16 0.199234 0.404706 0.14362 0.225882
6 0.172305 0.542353 0.338756 0.16
8 0.111618 0.542353 0.218552 0.158824
8 0.697025 0.515 0.327828 0.261765
32 0.974118 0.589412 0.0499547 0.127059
3 0.778982 0.0293382 0.173281 0.0586765
0 0.172305 0.542353 0.338756 0.16
28 0.480814 0.501471 0.946018 0.448824
26 0.510928 0.553529 0.978145 0.36
28 0.1003 0.541176 0.193575 0.156471
3 0.476912 0.35 0.950701 0.649412
18 0.782299 0.0290441 0.168207 0.0557353
16 0.875441 0.530294 0.249118 0.159412
0 0.875441 0.551176 0.249118 0.194118
6 0.532783 0.509118 0.934434 0.251176
16 0.980362 0.58 0.037466 0.107059
12 0.198697 0.402353 0.141181 0.224706
3 0.882661 0.525882 0.234678 0.148235
18 0.450276 0.0351838 0.324901 0.0691912
16 0.240407 0.478235 0.477692 0.371765
16 0.194941 0.514706 0.37427 0.256471
3 0.208795 0.480294 0.412907 0.377059
0 0.517172 0.532941 0.965656 0.295294
20 0.938213 0.587647 0.121765 0.132941
18 0.208795 0.480294 0.412907 0.377059
26 0.38754 0.48 0.766493 0.371765
22 0.468716 0.483015 0.926504 0.428088
17 0.875441 0.551176 0.249118 0.194118
16 0.729808 0.588235 0.207624 0.109412
8 0.88754 0.499412 0.224921 0.0947059
5 0.252506 0.477059 0.498767 0.365882
19 0.499157 0.339412 0.990509 0.678823
33 0.182257 0.466471 0.348903 0.356471
8 0.198697 0.402353 0.141181 0.224706
14 0.499157 0.339412 0.990509 0.678823
6 0.510928 0.553529 0.978145 0.36
6 0.111618 0.542353 0.218552 0.158824
14 0.280215 0.479412 0.557308 0.374118
34 0.517172 0.532941 0.965656 0.295294
11 0.198697 0.402353 0.141181 0.224706
21 0.172305 0.542353 0.338756 0.16
3 0.884941 0.500588 0.228309 0.0982353
17 0.56082 0.744706 0.0757127 0.0211765
21 0.697025 0.515 0.327828 0.261765
8 0.182257 0.466471 0.348903 0.356471
13 0.672047 0.515882 0.277873 0.26
11 0.160402 0.459412 0.311827 0.336471
33 0.409687 0.628235 0.182842 0.0752941
12 0.240407 0.478235 0.477692 0.371765
33 0.495645 0.337059 0.966312 0.674118
7 0.499157 0.339412 0.990509 0.678823
11 0.778982 0.0293382 0.173281 0.0586765
33 0.88754 0.499412 0.224921 0.0947059
17 0.885198 0.498235 0.229604 0.0941176
0 0.147718 0.464412 0.261482 0.347647
21 0.510928 0.553529 0.978145 0.36
2 0.510928 0.480588 0.978145 0.455294
14 0.885198 0.498235 0.229604 0.0941176
1 0.697025 0.515 0.327828 0.261765
30 0.217381 0.535882 0.43086 0.262353
1 0.509367 0.501176 0.981267 0.461176
18 0.510928 0.553529 0.978145 0.36
25 0.38754 0.48 0.766493 0.371765
28 0.505854 0.567941 0.988292 0.387647
3 0.153962 0.468235 0.285679 0.357647
14 0.194941 0.514706 0.37427 0.256471
18 0.882661 0.525882 0.234678 0.148235
3 0.450276 0.0351838 0.324901 0.0691912
13 0.455837 0.482647 0.910113 0.359412
22 0.938213 0.587647 0.121765 0.129412
17 0.597568 0.508235 0.804864 0.244706
5 0.778982 0.0293382 0.173281 0.0586765
21 0.240407 0.478235 0.477692 0.371765
6 0.468716 0.483015 0.926504 0.428088
35 0.407443 0.577059 0.814887 0.214118
3 0.409687 0.477059 0.788544 0.401176
10 0.409687 0.477059 0.788544 0.401176
16 0.975679 0.589559 0.0437104 0.133823
35 0.405492 0.480588 0.781323 0.383529
12 0.409687 0.477059 0.788544 0.401176
27 0.405492 0.480588 0.781323 0.383529
28 0.405492 0.480588 0.781323 0.383529
7 0.405492 0.480588 0.781323 0.383529
2 0.404321 0.461103 0.778982 0.433088
34 0.405492 0.480588 0.781323 0.383529
33 0.404321 0.461103 0.778982 0.433088
9 0.405492 0.480588 0.781323 0.383529
17 0.405492 0.480588 0.781323 0.383529
4 0.409687 0.477059 0.788544 0.401176
29 0.405492 0.480588 0.781323 0.383529
21 0.405492 0.480588 0.781323 0.383529
3 0.410175 0.335 0.779762 0.67
32 0.405492 0.480588 0.781323 0.383529
33 0.974898 0.589412 0.0452714 0.134118
1 0.405492 0.480588 0.781323 0.383529
4 0.889819 0.325294 0.21543 0.645882
8 0.401199 0.483529 0.774299 0.381176
5 0.401199 0.483529 0.774299 0.381176
33 0.933529 0.547647 0.131131 0.201176
18 0.404321 0.461103 0.778982 0.433088
6 0.405492 0.480588 0.781323 0.383529
3 0.889819 0.325294 0.21543 0.645882
25 0.409687 0.477059 0.788544 0.401176
0 0.974898 0.589412 0.0452714 0.134118
24 0.405004 0.476176 0.766688 0.380588
18 0.975679 0.589559 0.0437104 0.133823
7 0.974898 0.589412 0.0452714 0.134118
10 0.408614 0.334706 0.784446 0.669412
15 0.409687 0.477059 0.788544 0.401176
12 0.416127 0.334706 0.79752 0.669412
33 0.939774 0.587059 0.118643 0.134118
19 0.409687 0.477059 0.788544 0.401176
14 0.908552 0.542353 0.177964 0.18
16 0.939774 0.587059 0.118643 0.134118
33 0.424615 0.334706 0.814887 0.669412
10 0.889819 0.325294 0.21543 0.645882
33 0.889819 0.325294 0.21543 0.645882
2 0.410175 0.335 0.779762 0.67
16 0.785031 0.576471 0.122155 0.123529
2 0.889819 0.325294 0.21543 0.645882
16 0.409687 0.477059 0.788544 0.401176
20 0.405492 0.480588 0.781323 0.383529
7 0.939774 0.587059 0.118643 0.134118
14 0.405492 0.480588 0.781323 0.383529
16 0.908552 0.542353 0.177964 0.18
14 0.974898 0.589412 0.0452714 0.134118
3 0.975679 0.589559 0.0437104 0.133823
7 0.933529 0.547647 0.131131 0.201176
0 0.405492 0.480588 0.781323 0.383529
10 0.975679 0.589559 0.0437104 0.133823
7 0.865622 0.325294 0.262262 0.650588
19 0.975679 0.589559 0.0437104 0.133823
31 0.889819 0.325294 0.21543 0.645882
15 0.889819 0.325294 0.21543 0.645882
22 0.889819 0.325294 0.21543 0.645882
9 0.889819 0.325294 0.21543 0.645882
0 0.939774 0.587059 0.118643 0.134118
32 0.865622 0.325294 0.262262 0.650588
18 0.917919 0.327353 0.162353 0.65
3 0.921821 0.332353 0.152986 0.635294
8 0.416127 0.334706 0.79752 0.669412
14 0.939774 0.587059 0.118643 0.134118
1 0.865622 0.325294 0.262262 0.650588
33 0.921821 0.332353 0.152986 0.635294
34 0.889819 0.325294 0.21543 0.645882
4 0.418371 0.334118 0.807081 0.668235
27 0.410175 0.335 0.779762 0.67
0 0.865622 0.325294 0.262262 0.650588
7 0.410175 0.335 0.779762 0.67
19 0.410175 0.335 0.779762 0.67
6 0.865622 0.325294 0.262262 0.650588
8 0.889819 0.325294 0.21543 0.645882
21 0.889819 0.325294 0.21543 0.645882
22 0.409687 0.477059 0.788544 0.401176
13 0.404321 0.461103 0.778982 0.433088
13 0.917919 0.327353 0.162353 0.65
35 0.418371 0.334118 0.807081 0.668235
25 0.416127 0.334706 0.79752 0.669412
32 0.416127 0.334706 0.79752 0.669412
11 0.401199 0.483529 0.774299 0.381176
16 0.933529 0.547647 0.131131 0.201176
9 0.410175 0.335 0.779762 0.67
18 0.410175 0.335 0.779762 0.67
7 0.864061 0.532941 0.270068 0.251765
2 0.921821 0.332353 0.152986 0.635294
18 0.93431 0.534118 0.126448 0.164706
14 0.933529 0.547647 0.131131 0.201176
9 0.974898 0.589412 0.0452714 0.134118
0 0.933529 0.547647 0.131131 0.201176
8 0.921821 0.332353 0.152986 0.635294
23 0.40276 0.48 0.780543 0.392941
34 0.424615 0.334706 0.814887 0.669412
17 0.416712 0.337059 0.791666 0.674118
1 0.416127 0.334706 0.79752 0.669412
33 0.880452 0.543529 0.238846 0.188235
18 0.946018 0.59 0.104593 0.134118
29 0.416712 0.337059 0.791666 0.674118
30 0.889819 0.325294 0.21543 0.645882
4 0.921821 0.332353 0.152986 0.635294
9 0.939774 0.587059 0.118643 0.134118
20 0.410175 0.335 0.779762 0.67
9 0.921821 0.332353 0.152986 0.635294
26 0.405004 0.476176 0.766688 0.380588
5 0.975679 0.589559 0.0437104 0.133823
27 0.865622 0.325294 0.262262 0.650588
35 0.889819 0.325294 0.21543 0.645882
18 0.865622 0.325294 0.262262 0.650588
15 0.410175 0.335 0.779762 0.67
26 0.974898 0.589412 0.0452714 0.134118
26 0.93509 0.539412 0.124887 0.18
13 0.422664 0.327059 0.796934 0.654118
10 0.946018 0.59 0.104593 0.134118
18 0.908552 0.542353 0.177964 0.18
30 0.405492 0.480588 0.781323 0.383529
6 0.424615 0.334706 0.814887 0.669412
19 0.946018 0.59 0.104593 0.134118
31 0.404321 0.461103 0.778982 0.433088
28 0.424615 0.334706 0.814887 0.669412
33 0.785031 0.576471 0.122155 0.123529
10 0.933529 0.547647 0.131131 0.201176
25 0.865622 0.325294 0.262262 0.650588
32 0.864061 0.532941 0.270068 0.251765
31 0.974898 0.589412 0.0452714 0.134118
21 0.410175 0.335 0.779762 0.67
29 0.889819 0.325294 0.21543 0.645882
29 0.921821 0.332353 0.152986 0.635294
20 0.889819 0.325294 0.21543 0.645882
3 0.428518 0.327353 0.811765 0.654706
13 0.908552 0.542353 0.177964 0.18
14 0.785031 0.576471 0.122155 0.123529
16 0.969434 0.552059 0.037466 0.0547059
5 0.889819 0.325294 0.21543 0.645882
33 0.84845 0.558529 0.299728 0.199412
14 0.889819 0.325294 0.21543 0.645882
15 0.921821 0.332353 0.152986 0.635294
18 0.651753 0.51 0.307534 0.265882
18 0.102641 0.541765 0.202551 0.16
1 0.921821 0.332353 0.152986 0.635294
6 0.921821 0.332353 0.152986 0.635294
19 0.865622 0.325294 0.262262 0.650588
7 0.921821 0.332353 0.152986 0.635294
3 0.946018 0.59 0.104593 0.134118
8 0.975679 0.589559 0.0437104 0.133823
16 0.416127 0.334706 0.79752 0.669412
13 0.974118 0.589265 0.0468325 0.127353
28 0.865622 0.325294 0.262262 0.650588
15 0.974118 0.588823 0.0468325 0.135294
22 0.416127 0.334706 0.79752 0.669412
19 0.933529 0.547647 0.131131 0.201176
17 0.865622 0.325294 0.262262 0.650588
1 0.768054 0.33 0.454276 0.654118
16 0.861719 0.544118 0.263824 0.184706
10 0.768054 0.33 0.454276 0.654118
14 0.921821 0.332353 0.152986 0.635294
7 0.783665 0.584118 0.120204 0.107059
5 0.416712 0.337059 0.791666 0.674118
24 0.878111 0.330588 0.240407 0.638824
33 0.768054 0.33 0.454276 0.654118
17 0.946018 0.59 0.104593 0.134118
28 0.908552 0.542353 0.177964 0.18
34 0.921821 0.332353 0.152986 0.635294
10 0.921821 0.332353 0.152986 0.635294
21 0.921821 0.332353 0.152986 0.635294
19 0.783665 0.584118 0.120204 0.107059
0 0.921821 0.332353 0.152986 0.635294
17 0.974898 0.589412 0.0452714 0.134118
1 0.84845 0.558529 0.299728 0.199412
25 0.917919 0.327353 0.162353 0.65
25 0.768054 0.33 0.454276 0.654118
23 0.403931 0.392353 0.795373 0.549412
24 0.864061 0.532941 0.270068 0.251765
0 0.424615 0.334706 0.814887 0.669412
26 0.946018 0.59 0.104593 0.134118
17 0.933529 0.547647 0.131131 0.201176
32 0.768054 0.33 0.454276 0.654118
31 0.410175 0.335 0.779762 0.67
30 0.972556 0.591176 0.0499547 0.137647
23 0.91948 0.335294 0.156109 0.637647
12 0.889819 0.325294 0.21543 0.645882
19 0.908552 0.542353 0.177964 0.18
31 0.921821 0.332353 0.152986 0.635294
14 0.410175 0.335 0.779762 0.67
9 0.864061 0.532941 0.270068 0.251765
16 0.8625 0.329706 0.271629 0.659412
15 0.932749 0.541765 0.12957 0.201176
3 0.864061 0.532941 0.270068 0.251765
28 0.974898 0.589412 0.0452714 0.134118
7 0.908552 0.542353 0.177964 0.18
32 0.932749 0.541765 0.12957 0.201176
32 0.975679 0.589559 0.0437104 0.133823
5 0.939774 0.587059 0.118643 0.134118
33 0.740735 0.537941 0.504231 0.244118
18 0.428518 0.327353 0.811765 0.654706
24 0.416712 0.337059 0.791666 0.674118
35 0.428518 0.327353 0.811765 0.654706
14 0.864061 0.532941 0.270068 0.251765
3 0.933529 0.547647 0.131131 0.201176
1 0.972556 0.591176 0.0499547 0.137647
11 0.889819 0.325294 0.21543 0.645882
2 0.428518 0.327353 0.811765 0.654706
16 0.917919 0.327353 0.162353 0.65
16 0.935871 0.585882 0.104593 0.0976471
33 0.969434 0.552059 0.037466 0.0547059
25 0.974898 0.589412 0.0452714 0.134118
15 0.946018 0.59 0.104593 0.134118
20 0.428518 0.327353 0.811765 0.654706
1 0.740735 0.537941 0.504231 0.244118
21 0.946018 0.59 0.104593 0.134118
2 0.864061 0.532941 0.270068 0.251765
16 0.558869 0.698823 0.073371 0.110588
13 0.878111 0.330588 0.240407 0.638824
0 0.908552 0.542353 0.177964 0.18
1 0.933529 0.547647 0.131131 0.201176
19 0.917919 0.327353 0.162353 0.65
24 0.974898 0.589412 0.0452714 0.134118
16 0.54638 0.688235 0.0437104 0.129412
15 0.864061 0.532941 0.270068 0.251765
7 0.428518 0.327353 0.811765 0.654706
4 0.916357 0.538823 0.162353 0.178824
22 0.84845 0.558529 0.299728 0.199412
31 0.946018 0.59 0.104593 0.134118
17 0.428518 0.327353 0.811765 0.654706
10 0.783665 0.578823 0.121765 0.117647
1 0.946018 0.59 0.104593 0.134118
21 0.974898 0.589412 0.0452714 0.134118
19 0.428518 0.327353 0.811765 0.654706
7 0.768054 0.33 0.454276 0.654118
18 0.864061 0.532941 0.270068 0.251765
10 0.84845 0.558529 0.299728 0.199412
4 0.428518 0.327353 0.811765 0.654706
26 0.889819 0.325294 0.21543 0.645882
9 0.768054 0.33 0.454276 0.654118
11 0.921821 0.332353 0.152986 0.635294
17 0.921821 0.332353 0.152986 0.635294
7 0.58531 0.513529 0.49662 0.264706
11 0.410175 0.335 0.779762 0.67
18 0.785031 0.576471 0.122155 0.123529
17 0.558869 0.698823 0.073371 0.110588
5 0.864061 0.532941 0.270068 0.251765
10 0.740735 0.537941 0.504231 0.244118
19 0.864061 0.532941 0.270068 0.251765
23 0.975679 0.589559 0.0437104 0.133823
26 0.410175 0.335 0.779762 0.67
16 0.768054 0.33 0.454276 0.654118
27 0.921821 0.332353 0.152986 0.635294
17 0.624044 0.513529 0.414468 0.263529
5 0.916357 0.538823 0.162353 0.178824
17 0.864061 0.532941 0.270068 0.251765
6 0.946018 0.59 0.104593 0.134118
34 0.864061 0.532941 0.270068 0.251765
26 0.908552 0.542353 0.177964 0.18
15 0.0956165 0.542059 0.189282 0.162941
15 0.624044 0.513529 0.414468 0.263529
32 0.921821 0.332353 0.152986 0.635294
3 0.768054 0.33 0.454276 0.654118
28 0.921821 0.332353 0.152986 0.635294
13 0.621312 0.512353 0.421493 0.269412
5 0.921821 0.332353 0.152986 0.635294
11 0.946018 0.59 0.104593 0.134118
9 0.932749 0.541765 0.12957 0.201176
29 0.428518 0.327353 0.811765 0.654706
24 0.921821 0.332353 0.152986 0.635294
32 0.740735 0.537941 0.504231 0.244118
30 0.921821 0.332353 0.152986 0.635294
25 0.740735 0.537941 0.504231 0.244118
16 0.552624 0.586912 0.0921041 0.325
7 0.712245 0.514706 0.570577 0.277647
16 0.722002 0.588088 0.24509 0.110882
22 0.768054 0.33 0.454276 0.654118
29 0.864061 0.532941 0.270068 0.251765
13 0.864061 0.532941 0.270068 0.251765
30 0.768054 0.33 0.454276 0.654118
22 0.921821 0.332353 0.152986 0.635294
5 0.624044 0.513529 0.414468 0.263529
16 0.969434 0.584118 0.0437104 0.117647
25 0.864061 0.532941 0.270068 0.251765
0 0.84845 0.558529 0.299728 0.199412
31 0.428518 0.327353 0.811765 0.654706
26 0.861719 0.544118 0.263824 0.184706
26 0.785031 0.576471 0.122155 0.123529
25 0.946018 0.59 0.104593 0.134118
33 0.673511 0.323235 0.644924 0.646471
0 0.768054 0.33 0.454276 0.654118
9 0.428518 0.327353 0.811765 0.654706
10 0.683658 0.323824 0.627752 0.647647
18 0.106325 0.580588 0.197916 0.0858824
24 0.93509 0.539412 0.124887 0.18
4 0.974898 0.589412 0.0452714 0.134118
4 0.84845 0.558529 0.299728 0.199412
15 0.428518 0.327353 0.811765 0.654706
30 0.425786 0.329412 0.812545 0.658823
5 0.768054 0.33 0.454276 0.654118
29 0.946018 0.59 0.104593 0.134118
27 0.425006 0.312353 0.807862 0.624706
35 0.921821 0.332353 0.152986 0.635294
