23 0.369587 0.421103 0.241968 0.337794
7 0.369977 0.422353 0.241968 0.337647
9 0.369587 0.421103 0.241968 0.337794
18 0.371538 0.41875 0.239627 0.337794
14 0.369977 0.419706 0.241968 0.332353
32 0.369587 0.41875 0.241968 0.333088
3 0.369587 0.42 0.242749 0.334118
28 0.369587 0.42 0.242749 0.334118
15 0.371538 0.41875 0.239627 0.337794
24 0.369977 0.422353 0.241968 0.337647
20 0.369977 0.419706 0.241968 0.332353
11 0.369977 0.419706 0.241968 0.332353
2 0.369977 0.419706 0.241968 0.332353
31 0.369587 0.421103 0.241968 0.337794
29 0.369587 0.421103 0.241968 0.337794
16 0.369782 0.419118 0.239236 0.333529
17 0.369782 0.419118 0.239236 0.333529
0 0.369977 0.419118 0.241968 0.332353
26 0.370563 0.418529 0.239236 0.334706
21 0.369587 0.42 0.242749 0.334118
10 0.369587 0.421103 0.241968 0.337794
1 0.369587 0.42 0.242749 0.334118
35 0.369782 0.417647 0.240798 0.336471
13 0.369782 0.419118 0.239236 0.333529
6 0.369587 0.42 0.242749 0.334118
30 0.369977 0.419706 0.241968 0.332353
8 0.369782 0.419118 0.239236 0.333529
12 0.369977 0.419706 0.241968 0.332353
5 0.369977 0.419706 0.241968 0.332353
27 0.369587 0.423456 0.241968 0.331912
22 0.369587 0.421103 0.241968 0.337794
34 0.369587 0.42 0.242749 0.334118
4 0.369977 0.419706 0.241968 0.332353
25 0.369977 0.419706 0.241968 0.332353
33 0.369587 0.421103 0.241968 0.337794
19 0.369587 0.42 0.242749 0.334118
18 0.36627 0.482647 0.232212 0.208824
23 0.374661 0.360294 0.266946 0.452353
9 0.863343 0.203676 0.273314 0.407353
17 0.36627 0.482647 0.232212 0.208824
9 0.671267 0.0395588 0.611946 0.0791176
9 0.742359 0.100147 0.515283 0.200294
9 0.554186 0.0250735 0.69 0.0501471
9 0.61419 0.0285662 0.633996 0.0571324
9 0.798753 0.172647 0.402494 0.345294
12 0.36627 0.482647 0.232212 0.208824
23 0.50306 0.421471 0.528428 0.342941
9 0.453495 0.0237868 0.760249 0.0475735
9 0.901589 0.245147 0.196821 0.490294
28 0.3169 0.407647 0.135034 0.305294
9 0.113179 0.876471 0.226357 0.247059
9 0.923445 0.535882 0.153111 0.730588
9 0.605018 0.886176 0.555551 0.227647
15 0.36627 0.482647 0.232212 0.208824
9 0.496523 0.886176 0.500914 0.227647
18 0.370368 0.422647 0.238846 0.337059
28 0.370368 0.422647 0.238846 0.337059
20 0.370368 0.422647 0.238846 0.337059
15 0.370953 0.421471 0.236895 0.338235
14 0.371148 0.424118 0.234943 0.332941
17 0.370368 0.422647 0.238846 0.337059
35 0.370368 0.422647 0.238846 0.337059
12 0.370368 0.422647 0.238846 0.337059
27 0.370953 0.421471 0.236895 0.338235
26 0.370953 0.421471 0.236895 0.338235
13 0.371148 0.421176 0.235724 0.331765
24 0.371148 0.424118 0.234943 0.332941
21 0.371148 0.421176 0.235724 0.331765
4 0.372124 0.422353 0.239236 0.341176
16 0.372124 0.422353 0.239236 0.341176
0 0.372124 0.422353 0.239236 0.341176
31 0.370953 0.421471 0.236895 0.338235
3 0.370563 0.424706 0.239236 0.336471
23 0.370368 0.422647 0.238846 0.337059
1 0.370368 0.422647 0.238846 0.337059
7 0.372124 0.422353 0.239236 0.341176
9 0.371929 0.421471 0.238066 0.338235
19 0.371148 0.424118 0.234943 0.332941
29 0.370368 0.422647 0.238846 0.337059
30 0.372124 0.422353 0.239236 0.341176
32 0.370368 0.422647 0.238846 0.337059
5 0.370368 0.422647 0.238846 0.337059
33 0.370953 0.421471 0.236895 0.338235
2 0.372124 0.422353 0.239236 0.341176
25 0.372124 0.422353 0.239236 0.341176
22 0.370368 0.422647 0.238846 0.337059
8 0.371929 0.421471 0.238066 0.338235
11 0.371343 0.423824 0.234553 0.331176
34 0.372124 0.422353 0.239236 0.341176
14 0.309095 0.420588 0.111618 0.330588
10 0.371148 0.424118 0.234943 0.332941
28 0.309095 0.420588 0.111618 0.330588
15 0.309095 0.420588 0.111618 0.330588
9 0.299143 0.425294 0.375831 0.341176
6 0.371148 0.421176 0.235724 0.331765
17 0.309095 0.420588 0.111618 0.330588
16 0.374075 0.419412 0.246261 0.330588
29 0.370758 0.412941 0.238846 0.336471
18 0.37349 0.418529 0.239627 0.333529
28 0.372904 0.414044 0.240017 0.338971
14 0.372709 0.416176 0.238846 0.341765
26 0.37349 0.418529 0.239627 0.333529
23 0.372904 0.414044 0.240017 0.338971
1 0.372904 0.414044 0.240017 0.338971
5 0.372904 0.414044 0.240017 0.338971
15 0.374075 0.419412 0.246261 0.330588
9 0.370758 0.412941 0.238846 0.336471
13 0.370953 0.416176 0.239236 0.342941
6 0.370758 0.412941 0.238846 0.336471
11 0.374075 0.419412 0.246261 0.330588
3 0.371538 0.417059 0.240407 0.34
17 0.37349 0.418529 0.239627 0.333529
19 0.372904 0.414044 0.240017 0.338971
34 0.370758 0.412941 0.238846 0.336471
22 0.370758 0.412941 0.238846 0.336471
7 0.370758 0.412941 0.238846 0.336471
30 0.372709 0.416176 0.238846 0.341765
20 0.372709 0.416176 0.238846 0.341765
8 0.370758 0.412941 0.238846 0.336471
25 0.370758 0.412941 0.238846 0.336471
10 0.370758 0.412941 0.238846 0.336471
21 0.372904 0.414044 0.240017 0.338971
31 0.370758 0.412941 0.238846 0.336471
24 0.372904 0.414044 0.240017 0.338971
4 0.370758 0.412941 0.238846 0.336471
0 0.372709 0.416176 0.238846 0.341765
2 0.370758 0.412941 0.238846 0.336471
12 0.370758 0.412941 0.238846 0.336471
33 0.370953 0.416176 0.239236 0.342941
27 0.370953 0.416176 0.239236 0.342941
35 0.369977 0.415221 0.241968 0.337794
11 0.319632 0.420515 0.138156 0.333088
3 0.320413 0.418309 0.138937 0.329265
32 0.37388 0.420588 0.24509 0.336471
15 0.319632 0.420515 0.138156 0.333088
23 0.319632 0.420515 0.138156 0.333088
16 0.320413 0.418309 0.138937 0.329265
23 0.303046 0.412059 0.37427 0.347647
18 0.370953 0.423235 0.24392 0.33
16 0.370368 0.422868 0.24431 0.344853
28 0.368221 0.421838 0.248603 0.336324
0 0.370953 0.423235 0.24392 0.33
15 0.369392 0.423456 0.236895 0.321324
32 0.370368 0.422868 0.24431 0.344853
7 0.369197 0.421471 0.237285 0.328824
14 0.370953 0.423235 0.24392 0.33
20 0.369002 0.420882 0.247042 0.345294
23 0.368221 0.421838 0.248603 0.336324
19 0.369002 0.420882 0.247042 0.345294
13 0.368221 0.421838 0.248603 0.336324
26 0.368221 0.421838 0.248603 0.336324
10 0.370368 0.422868 0.24431 0.344853
1 0.369197 0.421471 0.237285 0.328824
8 0.370368 0.422868 0.24431 0.344853
9 0.370368 0.422868 0.24431 0.344853
21 0.370953 0.423235 0.24392 0.33
3 0.370368 0.422868 0.24431 0.344853
11 0.369392 0.423824 0.238456 0.321765
17 0.369197 0.420588 0.238846 0.328235
27 0.368221 0.421838 0.248603 0.336324
6 0.369392 0.423456 0.236895 0.321324
5 0.369197 0.421471 0.237285 0.328824
30 0.370953 0.423235 0.24392 0.33
24 0.369392 0.423824 0.238456 0.321765
33 0.370953 0.423235 0.24392 0.33
31 0.368221 0.421838 0.248603 0.336324
15 0.35983 0.49 0.220113 0.201176
4 0.370953 0.423235 0.24392 0.33
35 0.368221 0.421838 0.248603 0.336324
22 0.369197 0.421471 0.237285 0.328824
2 0.370368 0.422868 0.24431 0.344853
15 0.255042 0.5 0.506182 1
12 0.369002 0.420882 0.247042 0.345294
25 0.369002 0.425 0.242359 0.319412
29 0.370368 0.422868 0.24431 0.344853
33 0.255042 0.5 0.506182 1
34 0.368221 0.421838 0.248603 0.336324
16 0.264214 0.498824 0.526866 0.997647
19 0.35983 0.49 0.220113 0.201176
8 0.255042 0.5 0.506182 1
3 0.247042 0.993529 0.494084 0.0129412
32 0.369197 0.423015 0.241968 0.336324
1 0.369197 0.423015 0.241968 0.336324
9 0.369002 0.421176 0.240017 0.334118
18 0.370173 0.421765 0.240017 0.334118
33 0.369002 0.421176 0.240017 0.334118
7 0.369197 0.423015 0.241968 0.336324
0 0.369002 0.421176 0.240017 0.334118
22 0.369002 0.421176 0.240017 0.334118
17 0.370173 0.421765 0.240017 0.334118
8 0.368807 0.422059 0.241188 0.332353
16 0.368807 0.422059 0.241188 0.332353
10 0.369197 0.422426 0.239627 0.3375
21 0.369002 0.421176 0.240017 0.334118
25 0.370953 0.424706 0.240017 0.335294
26 0.370953 0.424706 0.240017 0.335294
5 0.368807 0.422059 0.241188 0.332353
31 0.369002 0.421176 0.240017 0.334118
27 0.370953 0.424706 0.240017 0.335294
30 0.369197 0.422426 0.239627 0.3375
35 0.370173 0.421765 0.240017 0.334118
14 0.369002 0.421176 0.240017 0.334118
3 0.369002 0.421176 0.240017 0.334118
2 0.369197 0.423015 0.241968 0.336324
33 0.371538 0.484412 0.242749 0.21
6 0.369197 0.422426 0.239627 0.3375
4 0.369197 0.422426 0.239627 0.3375
23 0.369197 0.422426 0.239627 0.3375
28 0.369002 0.421176 0.240017 0.334118
15 0.368807 0.422059 0.241188 0.332353
13 0.369197 0.422426 0.239627 0.3375
12 0.369197 0.422426 0.239627 0.3375
34 0.369197 0.423015 0.241968 0.336324
20 0.369002 0.421176 0.240017 0.334118
11 0.370173 0.421765 0.240017 0.334118
29 0.368026 0.417574 0.239627 0.337794
19 0.369197 0.423015 0.241968 0.336324
18 0.371538 0.484412 0.242749 0.21
24 0.370173 0.421765 0.240017 0.334118
0 0.371538 0.484412 0.242749 0.21
32 0.370173 0.478529 0.241578 0.224118
7 0.371538 0.484412 0.242749 0.21
0 0.369977 0.421765 0.241188 0.337647
32 0.367831 0.420882 0.24392 0.335882
1 0.369977 0.419118 0.241188 0.335882
10 0.369197 0.418235 0.241188 0.336471
7 0.370368 0.420882 0.237285 0.339412
8 0.369977 0.421765 0.241188 0.337647
33 0.369977 0.419118 0.241188 0.335882
9 0.368221 0.420662 0.240797 0.339853
25 0.369977 0.421765 0.241188 0.337647
16 0.368221 0.420662 0.240797 0.339853
21 0.369587 0.421691 0.241968 0.335441
26 0.369587 0.421691 0.241968 0.335441
18 0.369977 0.421765 0.241188 0.337647
14 0.369977 0.421765 0.241188 0.337647
6 0.369977 0.421765 0.241188 0.337647
22 0.370368 0.420882 0.237285 0.339412
19 0.369977 0.421765 0.241188 0.337647
5 0.368221 0.420662 0.240797 0.339853
23 0.368221 0.420662 0.240797 0.339853
15 0.370368 0.420882 0.237285 0.339412
2 0.369977 0.420294 0.241968 0.338235
24 0.371538 0.422279 0.243529 0.335441
11 0.369587 0.421691 0.241968 0.335441
31 0.370368 0.420882 0.237285 0.339412
30 0.369977 0.419118 0.241188 0.335882
3 0.368221 0.420662 0.240797 0.339853
27 0.369977 0.421765 0.241188 0.337647
17 0.369977 0.421765 0.241188 0.337647
20 0.368807 0.419706 0.239627 0.337059
13 0.370368 0.420882 0.237285 0.339412
35 0.369977 0.420294 0.241968 0.338235
0 0.371538 0.498235 0.241968 0.18
0 0.369197 0.422059 0.238846 0.335882
32 0.367245 0.423529 0.24431 0.335294
7 0.368416 0.422353 0.241188 0.34
8 0.369197 0.422059 0.238846 0.335882
10 0.369197 0.422059 0.238846 0.335882
9 0.369392 0.421471 0.238456 0.338235
1 0.369392 0.421471 0.238456 0.338235
18 0.370758 0.421765 0.24509 0.341176
33 0.369392 0.421471 0.238456 0.338235
3 0.370758 0.421765 0.24509 0.341176
14 0.370758 0.421765 0.24509 0.341176
19 0.368611 0.423235 0.241578 0.335882
2 0.369392 0.421471 0.238456 0.338235
21 0.368611 0.423235 0.241578 0.335882
16 0.368611 0.423235 0.241578 0.335882
15 0.370758 0.421765 0.24509 0.341176
27 0.371734 0.421471 0.2447 0.340588
23 0.370758 0.421765 0.24509 0.341176
25 0.369392 0.421471 0.238456 0.338235
11 0.370758 0.421765 0.24509 0.341176
13 0.370563 0.422941 0.245481 0.344706
26 0.370758 0.421765 0.24509 0.341176
20 0.370758 0.421765 0.24509 0.341176
6 0.368416 0.422353 0.241188 0.34
22 0.368416 0.422353 0.241188 0.34
28 0.370758 0.421765 0.24509 0.341176
5 0.368416 0.422353 0.241188 0.34
17 0.371734 0.421471 0.2447 0.340588
29 0.368416 0.422353 0.241188 0.34
24 0.368611 0.423529 0.243139 0.336471
4 0.371734 0.421471 0.2447 0.340588
35 0.371734 0.421471 0.2447 0.340588
31 0.368416 0.422353 0.241188 0.34
30 0.368416 0.422353 0.241188 0.34
12 0.368026 0.423529 0.243529 0.335294
34 0.368416 0.422353 0.241188 0.34
32 0.370368 0.418529 0.240407 0.335882
9 0.371538 0.418529 0.24509 0.332353
33 0.370953 0.420294 0.240017 0.337059
8 0.370953 0.420294 0.240017 0.337059
0 0.370368 0.418529 0.240407 0.335882
1 0.370368 0.418529 0.240407 0.335882
25 0.370953 0.420294 0.240017 0.337059
18 0.371538 0.418529 0.24509 0.332353
5 0.371538 0.418529 0.24509 0.332353
10 0.370953 0.420294 0.240017 0.337059
7 0.371538 0.418529 0.24509 0.332353
27 0.371538 0.418529 0.24509 0.332353
2 0.370368 0.418529 0.240407 0.335882
3 0.371538 0.418529 0.24509 0.332353
4 0.371538 0.419118 0.240407 0.335882
31 0.371538 0.418529 0.24509 0.332353
20 0.371538 0.418529 0.24509 0.332353
14 0.370953 0.420294 0.240017 0.337059
21 0.370953 0.420294 0.240017 0.337059
17 0.370953 0.420294 0.240017 0.337059
35 0.370953 0.420294 0.240017 0.337059
6 0.370368 0.418529 0.240407 0.335882
22 0.370953 0.420294 0.240017 0.337059
16 0.370953 0.420294 0.240017 0.337059
15 0.370368 0.418529 0.240407 0.335882
18 0.371343 0.416765 0.236114 0.337059
20 0.371343 0.412647 0.240798 0.334706
0 0.371343 0.412647 0.240798 0.334706
14 0.371538 0.416544 0.234943 0.336323
17 0.371343 0.419412 0.236895 0.337647
1 0.371343 0.412647 0.240798 0.334706
23 0.371343 0.416765 0.236114 0.337059
16 0.371343 0.419412 0.236895 0.337647
28 0.371538 0.416544 0.234943 0.336323
13 0.371343 0.416765 0.236114 0.337059
15 0.371343 0.416765 0.236114 0.337059
26 0.371343 0.416765 0.236114 0.337059
32 0.370368 0.414412 0.241188 0.335882
21 0.371538 0.416544 0.234943 0.336323
19 0.371343 0.416765 0.236114 0.337059
9 0.370368 0.414412 0.241188 0.335882
10 0.371538 0.416544 0.234943 0.336323
27 0.371343 0.412647 0.240798 0.334706
33 0.371343 0.412647 0.240798 0.334706
11 0.371343 0.416765 0.236114 0.337059
3 0.371343 0.412647 0.240798 0.334706
8 0.371734 0.419412 0.235334 0.335294
24 0.371538 0.416544 0.234943 0.336323
7 0.371538 0.416544 0.234943 0.336323
35 0.371538 0.416544 0.234943 0.336323
5 0.371343 0.412647 0.240798 0.334706
12 0.371734 0.419412 0.235334 0.335294
4 0.371343 0.412647 0.240798 0.334706
32 0.370953 0.419706 0.242359 0.341765
1 0.366465 0.419412 0.238066 0.334118
7 0.372514 0.421103 0.242359 0.344853
6 0.370953 0.419706 0.242359 0.341765
10 0.370953 0.419706 0.242359 0.341765
9 0.370953 0.419706 0.242359 0.341765
0 0.370953 0.419706 0.242359 0.341765
2 0.370953 0.419706 0.242359 0.341765
33 0.368416 0.421765 0.238846 0.337647
21 0.370953 0.419706 0.242359 0.341765
8 0.370953 0.419706 0.242359 0.341765
25 0.369977 0.421471 0.241968 0.338235
15 0.370953 0.419706 0.242359 0.341765
31 0.370953 0.419706 0.242359 0.341765
18 0.368416 0.421765 0.238846 0.337647
4 0.372514 0.421103 0.242359 0.344853
14 0.370953 0.419706 0.242359 0.341765
19 0.370953 0.419706 0.242359 0.341765
22 0.370953 0.419706 0.242359 0.341765
11 0.370953 0.419706 0.242359 0.341765
8 0.369977 0.418309 0.238066 0.330441
9 0.370953 0.418824 0.239236 0.334118
0 0.371148 0.418897 0.238066 0.333971
7 0.371343 0.419706 0.241578 0.332353
5 0.371148 0.418897 0.243529 0.332794
1 0.370953 0.418824 0.239236 0.334118
25 0.370758 0.418824 0.240407 0.329412
3 0.371148 0.418897 0.243529 0.332794
31 0.371343 0.419706 0.241578 0.332353
22 0.371148 0.418897 0.243529 0.332794
33 0.371734 0.419412 0.239236 0.335294
20 0.370563 0.420074 0.239236 0.333971
17 0.370563 0.420074 0.239236 0.333971
32 0.370563 0.420074 0.239236 0.333971
10 0.370368 0.419706 0.239627 0.332353
6 0.371148 0.418897 0.238066 0.333971
18 0.370563 0.420074 0.239236 0.333971
27 0.371343 0.419706 0.241578 0.332353
21 0.369782 0.419706 0.239236 0.333529
4 0.371148 0.418897 0.243529 0.332794
16 0.371343 0.419706 0.241578 0.332353
11 0.371734 0.419412 0.239236 0.335294
26 0.370563 0.420074 0.239236 0.333971
32 0.370758 0.419706 0.236504 0.333529
33 0.371343 0.420588 0.236895 0.334118
9 0.369782 0.422059 0.239236 0.337059
1 0.370953 0.421838 0.242359 0.335147
7 0.370953 0.421838 0.242359 0.335147
0 0.370758 0.419706 0.236504 0.333529
2 0.370563 0.420882 0.237675 0.334706
10 0.369782 0.422059 0.239236 0.337059
25 0.371148 0.420662 0.242749 0.333971
5 0.370953 0.421838 0.242359 0.335147
8 0.369782 0.422059 0.239236 0.337059
18 0.370953 0.421838 0.242359 0.335147
21 0.370563 0.420882 0.237675 0.334706
15 0.371343 0.420588 0.236895 0.334118
6 0.370758 0.419706 0.236504 0.333529
3 0.369782 0.422059 0.239236 0.337059
19 0.370563 0.420882 0.237675 0.334706
20 0.369782 0.422059 0.239236 0.337059
32 0.370953 0.419118 0.238456 0.333529
1 0.369197 0.421176 0.240407 0.329412
7 0.371538 0.422426 0.238066 0.330441
9 0.371538 0.422426 0.238066 0.330441
6 0.369782 0.420294 0.239236 0.335882
0 0.369977 0.42125 0.240407 0.333971
10 0.370953 0.420515 0.240017 0.331912
8 0.369977 0.42125 0.240407 0.333971
33 0.371538 0.422426 0.238066 0.330441
25 0.371538 0.422426 0.238066 0.330441
31 0.369782 0.420294 0.239236 0.335882
2 0.369782 0.420294 0.239236 0.335882
21 0.369197 0.421471 0.237285 0.333529
15 0.369197 0.420882 0.235724 0.337059
5 0.371538 0.422426 0.238066 0.330441
22 0.369782 0.420294 0.239236 0.335882
4 0.370953 0.419118 0.238456 0.333529
3 0.371538 0.422426 0.238066 0.330441
18 0.371538 0.422426 0.238066 0.330441
19 0.369197 0.420882 0.235724 0.337059
14 0.371538 0.422426 0.238066 0.330441
32 0.369392 0.422868 0.240798 0.331912
6 0.369977 0.421471 0.239627 0.338235
1 0.369002 0.422353 0.236895 0.330588
10 0.369977 0.423823 0.238846 0.342941
25 0.369977 0.422941 0.240407 0.336471
9 0.369977 0.422941 0.240407 0.336471
7 0.369977 0.423823 0.238846 0.342941
2 0.369977 0.421471 0.239627 0.338235
33 0.369977 0.422941 0.240407 0.336471
8 0.369977 0.422941 0.240407 0.336471
0 0.369977 0.422941 0.240407 0.336471
31 0.369977 0.423823 0.238846 0.342941
21 0.369977 0.421471 0.239627 0.338235
4 0.369977 0.421471 0.239627 0.338235
32 0.369392 0.417132 0.236895 0.332794
9 0.3731 0.417132 0.235724 0.329265
25 0.369782 0.417132 0.236114 0.335147
6 0.369392 0.418235 0.236114 0.332941
1 0.372709 0.419338 0.236505 0.328382
33 0.372709 0.415882 0.237285 0.328235
7 0.372709 0.419338 0.236505 0.328382
5 0.3731 0.417132 0.235724 0.329265
0 0.369782 0.417132 0.236114 0.335147
2 0.369392 0.418235 0.236114 0.332941
8 0.369587 0.418824 0.236504 0.334118
4 0.369782 0.417132 0.236114 0.335147
18 0.136205 0.362059 0.0766883 0.201765
10 0.372709 0.419338 0.236505 0.328382
21 0.369782 0.417132 0.236114 0.335147
17 0.136205 0.362059 0.0766883 0.201765
14 0.369782 0.417132 0.236114 0.335147
32 0.370758 0.423529 0.234943 0.329412
9 0.371538 0.422941 0.240407 0.335294
8 0.371538 0.422941 0.240407 0.335294
1 0.371343 0.423824 0.236114 0.333529
7 0.371343 0.423824 0.236114 0.333529
25 0.370758 0.423456 0.235724 0.330735
27 0.371148 0.422868 0.236504 0.333088
33 0.371148 0.424706 0.235724 0.336471
0 0.371538 0.422941 0.240407 0.335294
31 0.370758 0.423456 0.235724 0.330735
5 0.371343 0.423824 0.236114 0.333529
3 0.371343 0.423824 0.236114 0.333529
10 0.372709 0.422059 0.238066 0.331176
18 0.371148 0.422868 0.236504 0.333088
20 0.371929 0.422059 0.241188 0.332353
21 0.371343 0.423824 0.236114 0.333529
22 0.371148 0.422868 0.236504 0.333088
14 0.371148 0.422868 0.236504 0.333088
32 0.370758 0.42 0.237285 0.337647
7 0.371343 0.419412 0.239236 0.335294
9 0.371343 0.419412 0.239236 0.335294
25 0.370563 0.418897 0.237675 0.336323
1 0.371343 0.419412 0.239236 0.335294
8 0.369977 0.420515 0.238846 0.338971
4 0.370758 0.42 0.237285 0.337647
33 0.371343 0.419412 0.239236 0.335294
5 0.371343 0.419412 0.239236 0.335294
31 0.370563 0.418897 0.237675 0.336323
6 0.370758 0.42 0.237285 0.337647
0 0.370563 0.420662 0.237675 0.339853
22 0.371343 0.419412 0.239236 0.335294
32 0.369977 0.420882 0.238846 0.334706
9 0.369587 0.419926 0.243529 0.330735
7 0.369977 0.420882 0.238846 0.335882
1 0.369977 0.420882 0.238846 0.335882
8 0.369977 0.420882 0.238846 0.335882
25 0.369977 0.420882 0.238846 0.334706
0 0.369782 0.421103 0.239236 0.336618
4 0.369587 0.420882 0.238066 0.335882
33 0.369977 0.420882 0.238846 0.335882
31 0.369782 0.421103 0.239236 0.336618
5 0.369977 0.420882 0.238846 0.335882
21 0.369782 0.421103 0.239236 0.336618
32 0.371343 0.424706 0.241578 0.337647
8 0.371929 0.426176 0.238846 0.335882
0 0.371929 0.426176 0.238846 0.335882
9 0.371929 0.426176 0.238846 0.335882
25 0.371929 0.426176 0.238846 0.335882
7 0.371343 0.425588 0.239236 0.333529
6 0.371538 0.426471 0.241968 0.335294
31 0.371538 0.425588 0.241188 0.334706
18 0.369977 0.425588 0.241968 0.339412
21 0.371929 0.426176 0.238846 0.335882
1 0.369587 0.423235 0.240407 0.335882
4 0.371538 0.425588 0.241188 0.334706
35 0.371929 0.425294 0.239627 0.337647
27 0.369977 0.425588 0.241968 0.339412
10 0.369587 0.422353 0.241188 0.338824
14 0.369977 0.425588 0.241968 0.339412
33 0.371929 0.426176 0.238846 0.335882
15 0.371929 0.425294 0.239627 0.337647
19 0.371929 0.426176 0.238846 0.335882
16 0.371929 0.426176 0.238846 0.335882
20 0.371538 0.425588 0.241188 0.334706
26 0.371929 0.426176 0.238846 0.335882
32 0.369002 0.422059 0.237675 0.337059
32 0.555747 0.396471 0.148303 0.405882
32 0.578382 0.376985 0.184208 0.451912
32 0.369197 0.420662 0.238846 0.335147
9 0.369197 0.422059 0.238846 0.337059
1 0.370563 0.422868 0.240798 0.336618
20 0.370563 0.422868 0.240798 0.336618
8 0.369197 0.422059 0.238846 0.337059
7 0.370563 0.422868 0.240798 0.336618
25 0.369392 0.421176 0.238456 0.336471
6 0.369197 0.420662 0.238846 0.335147
4 0.369197 0.420662 0.238846 0.335147
3 0.370758 0.421176 0.241188 0.337647
18 0.370563 0.422868 0.240798 0.336618
31 0.370758 0.421176 0.241188 0.337647
33 0.370758 0.421176 0.241188 0.337647
5 0.369197 0.422059 0.238846 0.337059
32 0.368807 0.420662 0.238846 0.332794
9 0.369197 0.422353 0.238846 0.334118
1 0.369587 0.423603 0.239627 0.332794
7 0.369197 0.422941 0.241968 0.335294
8 0.369197 0.422941 0.241968 0.335294
6 0.369587 0.421176 0.241968 0.336471
31 0.369197 0.421471 0.238846 0.331176
0 0.369197 0.422941 0.241968 0.335294
21 0.369197 0.421471 0.238846 0.331176
25 0.369197 0.422353 0.238846 0.334118
2 0.369197 0.421471 0.238846 0.331176
20 0.370563 0.424412 0.240798 0.335882
3 0.369197 0.421471 0.238846 0.331176
33 0.369587 0.423603 0.239627 0.332794
15 0.369197 0.421471 0.238846 0.331176
32 0.370563 0.421176 0.234553 0.335294
9 0.371929 0.422353 0.237285 0.329412
25 0.368807 0.42 0.238846 0.334118
8 0.368807 0.42 0.238846 0.334118
1 0.371929 0.422353 0.237285 0.329412
33 0.371929 0.422353 0.237285 0.329412
31 0.369002 0.421176 0.236895 0.334118
6 0.369002 0.421176 0.236895 0.334118
35 0.368807 0.42 0.238846 0.334118
27 0.368807 0.42 0.238846 0.334118
3 0.371929 0.422353 0.237285 0.329412
20 0.371929 0.422353 0.237285 0.329412
7 0.369002 0.421176 0.236895 0.334118
5 0.371929 0.422353 0.237285 0.329412
32 0.369782 0.419412 0.240017 0.336471
1 0.370563 0.421471 0.241578 0.333529
9 0.369782 0.422279 0.240798 0.338971
8 0.370563 0.421471 0.241578 0.333529
7 0.370563 0.421471 0.241578 0.333529
0 0.370563 0.421471 0.241578 0.333529
31 0.369782 0.422279 0.240798 0.338971
32 0.369977 0.423235 0.237285 0.333529
1 0.371148 0.423015 0.239627 0.333971
9 0.370368 0.424044 0.238846 0.335441
8 0.371148 0.423015 0.239627 0.333971
7 0.371148 0.423015 0.239627 0.333971
33 0.370368 0.424044 0.238846 0.335441
25 0.371148 0.423015 0.239627 0.333971
0 0.371148 0.423015 0.239627 0.333971
32 0.370953 0.421765 0.238456 0.335294
9 0.371148 0.424118 0.239627 0.335294
1 0.371343 0.422647 0.243139 0.332353
33 0.371148 0.424118 0.239627 0.335294
32 0.372709 0.423529 0.232602 0.334118
9 0.370368 0.423529 0.234943 0.334118
1 0.368807 0.419706 0.238066 0.33
8 0.370368 0.423529 0.234943 0.334118
25 0.370368 0.423529 0.234943 0.334118
6 0.369392 0.422059 0.233773 0.333529
32 0.371148 0.420882 0.239627 0.327647
9 0.370368 0.420882 0.241188 0.328824
0 0.370563 0.423015 0.240798 0.330441
25 0.370563 0.423015 0.240798 0.330441
7 0.370953 0.421103 0.240798 0.329559
1 0.370953 0.421103 0.240798 0.329559
6 0.370563 0.423015 0.240798 0.330441
8 0.370953 0.421103 0.240798 0.329559
10 0.370953 0.421103 0.240798 0.329559
33 0.370368 0.420882 0.241188 0.328824
1 0.370368 0.421176 0.239627 0.334118
8 0.370368 0.421176 0.239627 0.334118
9 0.370173 0.420515 0.239236 0.333088
0 0.370368 0.421176 0.239627 0.334118
21 0.370173 0.420515 0.239236 0.333088
7 0.370173 0.420515 0.239236 0.333088
3 0.370173 0.420515 0.239236 0.333088
14 0.370368 0.421691 0.240407 0.333088
33 0.370368 0.420882 0.239627 0.333529
32 0.370368 0.421176 0.239627 0.334118
15 0.370173 0.420515 0.239236 0.333088
16 0.370368 0.421691 0.240407 0.333088
32 0.370173 0.420882 0.240017 0.335882
8 0.370758 0.421176 0.241968 0.334118
9 0.369977 0.420662 0.240407 0.3375
1 0.370758 0.421176 0.241968 0.334118
0 0.370368 0.421838 0.239627 0.332794
25 0.369977 0.420662 0.240407 0.3375
6 0.370368 0.420588 0.240407 0.336471
31 0.370173 0.420882 0.240017 0.335882
21 0.369977 0.420662 0.240407 0.3375
33 0.370563 0.42125 0.240017 0.335147
9 0.369392 0.42 0.241578 0.330588
32 0.369392 0.42 0.241578 0.330588
8 0.369587 0.422941 0.241968 0.332941
0 0.369587 0.422941 0.241968 0.332941
1 0.369392 0.423529 0.240798 0.330588
25 0.369782 0.421176 0.240798 0.332941
6 0.369782 0.421176 0.240798 0.332941
32 0.370368 0.420074 0.240407 0.3375
9 0.370368 0.420074 0.240407 0.3375
0 0.369782 0.422426 0.242359 0.331618
8 0.370368 0.423456 0.238846 0.333088
6 0.369392 0.42 0.243139 0.334118
1 0.370758 0.422353 0.238846 0.331765
25 0.369782 0.422426 0.242359 0.331618
7 0.370758 0.422353 0.238846 0.331765
21 0.369587 0.420294 0.241188 0.335882
32 0.369977 0.419926 0.241968 0.330735
9 0.368807 0.422059 0.241968 0.333529
1 0.368807 0.422059 0.241968 0.333529
8 0.368807 0.420588 0.242749 0.330588
7 0.369782 0.421765 0.240798 0.330588
9 0.369197 0.420882 0.239627 0.333529
32 0.369977 0.419706 0.240407 0.333529
25 0.368611 0.42 0.241578 0.328235
1 0.368611 0.42 0.241578 0.328235
8 0.369197 0.420882 0.239627 0.333529
31 0.369002 0.420882 0.241578 0.33
6 0.368611 0.42 0.241578 0.328235
7 0.368611 0.42 0.241578 0.328235
32 0.368807 0.422279 0.241188 0.329559
9 0.369002 0.421765 0.242359 0.332941
1 0.369392 0.419118 0.242359 0.331176
8 0.368807 0.421838 0.241968 0.331618
25 0.368807 0.422279 0.241188 0.329559
7 0.369392 0.419118 0.242359 0.331176
0 0.368807 0.422279 0.241188 0.329559
18 0.369587 0.419706 0.242749 0.334706
6 0.369977 0.421765 0.241188 0.328235
20 0.369587 0.419706 0.242749 0.334706
9 0.370563 0.419118 0.240017 0.335882
32 0.370563 0.419118 0.240017 0.335882
1 0.370173 0.422059 0.241578 0.33
8 0.370758 0.41875 0.237285 0.329559
0 0.372319 0.418897 0.235724 0.328088
25 0.370173 0.422059 0.241578 0.33
6 0.372709 0.418824 0.236505 0.334118
7 0.370173 0.422059 0.241578 0.33
9 0.370368 0.42 0.238846 0.331765
32 0.370758 0.420882 0.238846 0.325294
1 0.369977 0.420294 0.243529 0.326471
6 0.370368 0.420074 0.238846 0.331618
8 0.369977 0.420294 0.243529 0.326471
0 0.370368 0.420074 0.238846 0.331618
20 0.369977 0.420294 0.243529 0.326471
32 0.370173 0.420662 0.238456 0.328088
9 0.369587 0.421176 0.238066 0.330588
6 0.368807 0.418529 0.241188 0.333529
0 0.368807 0.418529 0.241188 0.333529
1 0.369782 0.421176 0.241578 0.328235
9 0.369587 0.423824 0.236504 0.333529
32 0.370953 0.423456 0.236895 0.329559
1 0.369782 0.423824 0.236114 0.331176
8 0.369782 0.423824 0.236114 0.331176
7 0.370173 0.422059 0.239236 0.333529
15 0.668145 0.101691 0.0569796 0.121324
26 0.668145 0.101691 0.0569796 0.121324
32 0.371929 0.421691 0.238846 0.331912
9 0.369587 0.422426 0.240407 0.330441
31 0.369977 0.420882 0.240407 0.327647
6 0.369977 0.422941 0.239627 0.329412
1 0.369977 0.420882 0.240407 0.327647
7 0.369977 0.420882 0.240407 0.327647
25 0.370563 0.422941 0.238456 0.328235
32 0.369977 0.42 0.239627 0.336471
9 0.369392 0.419706 0.242359 0.333529
1 0.370758 0.418162 0.241188 0.330735
33 0.370368 0.417647 0.241188 0.329412
2 0.370368 0.417647 0.241188 0.329412
9 0.371734 0.420588 0.240017 0.335294
32 0.371343 0.42125 0.238456 0.332794
8 0.372514 0.42 0.238456 0.332941
0 0.372709 0.419118 0.238066 0.334706
6 0.372124 0.420662 0.240017 0.330441
7 0.371734 0.419412 0.240017 0.332941
25 0.371343 0.42 0.240017 0.334118
1 0.371734 0.419412 0.240017 0.332941
32 0.369977 0.421765 0.238066 0.332941
9 0.369782 0.42125 0.241578 0.333971
1 0.369782 0.42125 0.241578 0.333971
1 0.370368 0.423529 0.238846 0.329412
9 0.369977 0.422941 0.237285 0.327059
32 0.369587 0.422868 0.238066 0.327206
8 0.369197 0.423824 0.238846 0.327647
0 0.370173 0.421765 0.236895 0.329412
33 0.370368 0.423529 0.238846 0.329412
7 0.370368 0.423529 0.238846 0.329412
32 0.371734 0.419412 0.237675 0.332941
9 0.369977 0.420074 0.238846 0.331618
1 0.369977 0.420074 0.238846 0.331618
32 0.370368 0.421765 0.238846 0.330588
9 0.370173 0.423824 0.240798 0.328824
1 0.371148 0.423015 0.238066 0.329265
0 0.372709 0.42 0.235724 0.331765
8 0.370173 0.423824 0.240798 0.328824
32 0.369977 0.421691 0.239627 0.329559
9 0.369782 0.419926 0.240798 0.331912
1 0.370368 0.420882 0.240407 0.33
9 0.370368 0.423235 0.241188 0.331176
8 0.370368 0.423235 0.241188 0.331176
1 0.369977 0.422647 0.241188 0.327647
0 0.369782 0.422059 0.241578 0.33
25 0.370173 0.421765 0.241578 0.330588
7 0.370953 0.421765 0.241578 0.330588
32 0.370173 0.421765 0.241578 0.330588
5 0.369587 0.421176 0.242749 0.331765
14 0.369587 0.421176 0.242749 0.331765
8 0.370173 0.422279 0.241578 0.329559
1 0.369782 0.421765 0.241578 0.328235
0 0.369977 0.422059 0.241968 0.327647
9 0.369977 0.422353 0.241968 0.327059
7 0.369977 0.423824 0.241188 0.33
32 0.369977 0.422353 0.241968 0.327059
17 0.248018 0.0841912 0.0464423 0.0772059
8 0.369977 0.423603 0.240407 0.333971
1 0.370173 0.421691 0.239236 0.331912
9 0.369977 0.421765 0.240407 0.331765
0 0.371148 0.421176 0.238846 0.334118
7 0.370173 0.421691 0.239236 0.331912
32 0.371343 0.422279 0.243139 0.329559
14 0.369977 0.419706 0.242749 0.327647
8 0.370368 0.422647 0.241188 0.333529
9 0.371538 0.421765 0.24509 0.332941
1 0.372319 0.422353 0.247432 0.332941
0 0.370368 0.420588 0.241188 0.332941
7 0.370953 0.420882 0.243139 0.332353
5 0.370953 0.420882 0.243139 0.332353
9 0.370563 0.420588 0.239236 0.334118
8 0.370368 0.420515 0.240407 0.334265
32 0.371148 0.420882 0.240407 0.335882
7 0.370368 0.420515 0.240407 0.334265
25 0.370368 0.420515 0.240407 0.334265
1 0.369587 0.420294 0.240407 0.333529
0 0.369977 0.422059 0.240407 0.334706
32 0.370173 0.421765 0.240017 0.331765
9 0.369002 0.421176 0.240017 0.331765
1 0.368416 0.42 0.241188 0.331765
32 0.370368 0.418309 0.242749 0.331618
9 0.370758 0.409926 0.241968 0.353088
25 0.370368 0.42 0.242749 0.335294
0 0.369782 0.419412 0.243139 0.334118
6 0.370758 0.409926 0.241968 0.353088
8 0.370563 0.418824 0.242359 0.334118
7 0.370563 0.418824 0.242359 0.334118
1 0.370563 0.418824 0.242359 0.334118
10 0.370368 0.418309 0.242749 0.331618
32 0.370368 0.421176 0.241188 0.330588
9 0.370173 0.420074 0.242359 0.330441
1 0.370173 0.420074 0.242359 0.330441
32 0.368416 0.421765 0.241968 0.330588
9 0.368416 0.422353 0.241968 0.329412
1 0.368416 0.421765 0.241968 0.330588
32 0.370563 0.421471 0.241578 0.331176
1 0.370173 0.422059 0.241578 0.332353
9 0.370953 0.420882 0.240017 0.332353
7 0.370563 0.421471 0.241578 0.331176
32 0.369197 0.423824 0.241188 0.328824
9 0.369977 0.424118 0.239627 0.325882
1 0.368807 0.425368 0.241188 0.326912
3 0.133473 0.336471 0.0612726 0.256471
15 0.133473 0.336471 0.0612726 0.256471
32 0.369587 0.422059 0.240407 0.331176
9 0.369587 0.420882 0.240407 0.33
1 0.369197 0.422279 0.240407 0.329559
32 0.371148 0.421103 0.241188 0.330735
9 0.369977 0.421103 0.241188 0.330735
6 0.369392 0.419118 0.241578 0.332353
0 0.369977 0.420588 0.241968 0.331765
32 0.369977 0.42125 0.239627 0.333971
9 0.370953 0.420662 0.240017 0.332794
32 0.370758 0.417353 0.238066 0.335882
7 0.371148 0.420294 0.238846 0.332353
1 0.370953 0.421765 0.240017 0.335294
8 0.370758 0.419118 0.239627 0.332353
0 0.371148 0.420294 0.238846 0.332353
25 0.371148 0.42 0.238846 0.332941
6 0.370758 0.419118 0.239627 0.332353
9 0.370758 0.422426 0.241188 0.332794
0 0.370953 0.422279 0.242359 0.329559
32 0.370758 0.418235 0.239627 0.336471
6 0.371148 0.421471 0.241188 0.331176
8 0.370758 0.423529 0.241968 0.334118
7 0.370953 0.422279 0.242359 0.329559
25 0.370758 0.423529 0.241968 0.334118
7 0.369977 0.422059 0.239627 0.332353
32 0.369782 0.422059 0.238456 0.332353
0 0.370953 0.420882 0.237675 0.333529
9 0.369782 0.422059 0.238456 0.332353
1 0.371343 0.422353 0.237675 0.331765
6 0.369782 0.422059 0.238456 0.332353
25 0.369977 0.422059 0.239627 0.332353
8 0.369977 0.422279 0.238846 0.334265
7 0.369587 0.421765 0.238066 0.331765
32 0.369782 0.421176 0.237675 0.332941
0 0.369977 0.420294 0.238846 0.333529
25 0.369197 0.421765 0.238066 0.334118
31 0.368807 0.421176 0.239627 0.332941
9 0.369782 0.421176 0.237675 0.332941
32 0.369587 0.422059 0.240407 0.327647
7 0.369977 0.423015 0.240407 0.328088
9 0.369587 0.422647 0.240407 0.328824
25 0.370953 0.422059 0.240798 0.326471
5 0.116496 0.648382 0.192404 0.347941
1 0.369587 0.422353 0.241188 0.327059
32 0.370758 0.421471 0.240407 0.333529
9 0.369782 0.422426 0.241578 0.331618
32 0.369782 0.420294 0.238456 0.33
9 0.370173 0.420294 0.236895 0.334706
7 0.370368 0.421471 0.238846 0.331176
32 0.370173 0.422647 0.239236 0.33
7 0.370953 0.422941 0.238456 0.327059
1 0.369392 0.422647 0.240017 0.328824
31 0.371343 0.422426 0.236895 0.329265
33 0.369392 0.420882 0.238456 0.331176
0 0.371343 0.422426 0.236895 0.329265
9 0.369392 0.420882 0.238456 0.331176
10 0.370953 0.422941 0.238456 0.327059
32 0.369977 0.421838 0.238066 0.335147
9 0.370368 0.422647 0.237285 0.332353
32 0.369392 0.423456 0.240017 0.330735
7 0.369782 0.422647 0.239236 0.327647
9 0.368807 0.422059 0.239627 0.331176
25 0.369782 0.422647 0.239236 0.327647
1 0.369002 0.422059 0.240017 0.332353
32 0.369197 0.422353 0.241968 0.332941
1 0.369392 0.42125 0.241578 0.332794
7 0.369392 0.421176 0.241578 0.330588
32 0.369587 0.423015 0.239627 0.330441
7 0.369782 0.422279 0.239236 0.328382
14 0.385198 0.805882 0.0741516 0.123529
7 0.0610287 0.257647 0.053955 0.23
15 0.38832 0.807059 0.0694683 0.124706
0 0.385198 0.805882 0.0741516 0.123529
32 0.370563 0.422941 0.240017 0.329412
7 0.370758 0.422647 0.238846 0.328824
32 0.370368 0.423015 0.238066 0.330441
32 0.369197 0.422941 0.238846 0.330588
9 0.369587 0.421471 0.238066 0.331176
7 0.369782 0.421765 0.238456 0.328235
32 0.370368 0.422426 0.239627 0.332794
9 0.370173 0.422059 0.240017 0.332353
7 0.370953 0.422426 0.240017 0.329265
25 0.370953 0.422426 0.240017 0.329265
7 0.767664 0.508824 0.281776 0.257647
32 0.369587 0.421691 0.239627 0.333088
1 0.369587 0.423824 0.241968 0.331176
7 0.370758 0.423235 0.240407 0.332353
9 0.370563 0.422353 0.240798 0.331765
2 0.370368 0.422353 0.241968 0.332941
32 0.369587 0.422353 0.238846 0.332941
5 0.38832 0.8 0.07181 0.138824
32 0.369587 0.421176 0.238066 0.332941
15 0.666193 0.0986948 0.0694683 0.114081
32 0.369782 0.422868 0.239236 0.330735
15 0.653705 0.104338 0.0967873 0.104265
33 0.700928 0.435368 0.295045 0.338676
32 0.369197 0.420588 0.238846 0.332941
32 0.369587 0.420588 0.238066 0.335294
9 0.370368 0.420662 0.240407 0.332794
25 0.370368 0.420662 0.240407 0.332794
7 0.370368 0.420662 0.240407 0.332794
32 0.369977 0.421103 0.239627 0.334265
9 0.370173 0.421838 0.240017 0.330441
1 0.370173 0.421765 0.240017 0.332941
25 0.370953 0.421471 0.238456 0.328824
7 0.370953 0.421471 0.238456 0.328824
32 0.369782 0.421765 0.239236 0.332941
7 0.369977 0.421691 0.239627 0.329559
25 0.369977 0.421691 0.239627 0.329559
9 0.370758 0.421765 0.240407 0.331765
32 0.370368 0.420588 0.238066 0.334118
9 0.370368 0.421471 0.239627 0.333529
7 0.370368 0.421471 0.239627 0.333529
1 0.369977 0.421471 0.238846 0.332353
25 0.370368 0.421471 0.239627 0.333529
32 0.370368 0.420515 0.238846 0.330735
9 0.370953 0.421176 0.241578 0.330588
7 0.370368 0.42125 0.239627 0.329265
0 0.371734 0.420882 0.237675 0.331176
25 0.370953 0.421176 0.241578 0.330588
8 0.370953 0.421176 0.241578 0.330588
6 0.371538 0.419706 0.237285 0.333529
1 0.370368 0.42125 0.239627 0.329265
20 0.371734 0.420882 0.237675 0.331176
9 0.370758 0.421471 0.241188 0.333529
32 0.370563 0.420588 0.240798 0.332941
0 0.370953 0.419926 0.238456 0.334265
7 0.370368 0.421103 0.240407 0.329559
8 0.370368 0.421103 0.240407 0.329559
1 0.369977 0.420882 0.241188 0.333529
25 0.370368 0.421103 0.240407 0.329559
6 0.370563 0.419926 0.238456 0.333088
9 0.370758 0.421176 0.239627 0.334118
32 0.369977 0.420588 0.239627 0.334118
0 0.371343 0.420882 0.237675 0.332353
8 0.370563 0.421103 0.240017 0.330735
6 0.370953 0.420515 0.237675 0.333088
7 0.370563 0.421103 0.240017 0.330735
1 0.371343 0.420882 0.237675 0.332353
25 0.370563 0.421103 0.240017 0.330735
32 0.370758 0.420294 0.237285 0.333529
9 0.370368 0.420882 0.240407 0.328824
25 0.370368 0.420882 0.240407 0.328824
7 0.370368 0.420882 0.240407 0.328824
32 0.370953 0.421691 0.238456 0.329559
9 0.370758 0.420074 0.240407 0.326912
7 0.370758 0.420074 0.240407 0.326912
25 0.370758 0.420074 0.240407 0.326912
32 0.370758 0.421691 0.239627 0.330735
9 0.370953 0.421765 0.240017 0.331765
7 0.371148 0.421176 0.239627 0.328235
1 0.371148 0.421176 0.239627 0.328235
32 0.370173 0.420588 0.240017 0.331765
7 0.371929 0.421176 0.239627 0.329412
25 0.371929 0.421176 0.239627 0.329412
9 0.371929 0.421176 0.239627 0.329412
32 0.369587 0.420294 0.238846 0.332353
7 0.371148 0.420882 0.238066 0.33
25 0.371148 0.420882 0.238066 0.33
32 0.369977 0.421471 0.240407 0.332353
7 0.370758 0.422353 0.238846 0.329412
9 0.369977 0.421471 0.240407 0.332353
0 0.370368 0.420882 0.238846 0.333529
1 0.369587 0.421765 0.239627 0.331765
25 0.370758 0.422353 0.238846 0.329412
10 0.370368 0.422426 0.238846 0.329265
32 0.369782 0.422059 0.240017 0.333529
7 0.370758 0.422353 0.240407 0.331765
9 0.369587 0.421471 0.240407 0.332353
1 0.370173 0.422059 0.240017 0.332353
0 0.369977 0.421103 0.240407 0.334265
25 0.370758 0.422353 0.240407 0.331765
10 0.369782 0.422426 0.240798 0.331618
32 0.370563 0.421176 0.240798 0.331765
1 0.370368 0.421838 0.241188 0.331618
7 0.371343 0.42125 0.240798 0.329265
9 0.370563 0.421176 0.240798 0.331765
32 0.370563 0.422059 0.240017 0.331176
9 0.370173 0.422059 0.240798 0.331176
1 0.370563 0.422059 0.240017 0.331176
0 0.370173 0.421176 0.240798 0.332941
32 0.370563 0.421471 0.239236 0.332353
9 0.370563 0.421765 0.240017 0.331765
7 0.371148 0.421838 0.240407 0.330441
0 0.370758 0.421471 0.239627 0.332353
1 0.370758 0.422059 0.239627 0.33
6 0.370563 0.421471 0.239236 0.332353
32 0.370758 0.421765 0.240407 0.330588
9 0.370758 0.421471 0.239627 0.333529
32 0.370368 0.422353 0.238846 0.332941
9 0.370173 0.421765 0.238456 0.331765
1 0.370368 0.422353 0.238846 0.332941
15 0.635752 0.153382 0.0882014 0.0920588
32 0.369977 0.421691 0.238066 0.333088
9 0.370368 0.421691 0.238846 0.330735
1 0.370173 0.422279 0.238456 0.331912
32 0.370563 0.421176 0.239236 0.334118
9 0.370563 0.421471 0.239236 0.331176
1 0.370368 0.422059 0.238846 0.332353
32 0.370368 0.42125 0.239627 0.335147
1 0.370173 0.422279 0.240017 0.331912
9 0.370563 0.421176 0.240798 0.334118
7 0.370368 0.422059 0.239627 0.332353
32 0.369977 0.422059 0.240407 0.332353
7 0.370758 0.421471 0.240407 0.331176
1 0.369977 0.422059 0.240407 0.332353
9 0.370758 0.421471 0.240407 0.331176
0 0.370758 0.421471 0.240407 0.331176
32 0.370368 0.421765 0.241188 0.332941
7 0.370758 0.421691 0.240407 0.333088
9 0.370563 0.420882 0.241578 0.334706
1 0.369977 0.421471 0.241188 0.334706
32 0.370173 0.422279 0.240798 0.331912
7 0.370563 0.42125 0.240017 0.331618
1 0.369977 0.422353 0.241188 0.332941
25 0.844548 0.521765 0.0749321 0.363529
32 0.370173 0.422279 0.239236 0.333088
7 0.370173 0.421765 0.239236 0.332941
9 0.370173 0.421765 0.239236 0.332941
1 0.370173 0.422279 0.239236 0.333088
32 0.369977 0.422868 0.238846 0.333088
1 0.369977 0.422868 0.238846 0.333088
32 0.369587 0.422868 0.238066 0.334265
7 0.369782 0.422279 0.238456 0.331912
1 0.369197 0.422059 0.238066 0.334706
32 0.369392 0.422647 0.238456 0.333529
1 0.369392 0.422647 0.238456 0.333529
7 0.369587 0.422279 0.238846 0.331912
32 0.369197 0.422279 0.239627 0.333088
1 0.369002 0.421838 0.239236 0.333971
7 0.369197 0.422059 0.239627 0.332353
9 0.416029 0.0645588 0.807081 0.129118
32 0.369392 0.422647 0.239236 0.333529
1 0.368807 0.421765 0.238846 0.335294
9 0.369392 0.421103 0.239236 0.335441
9 0.408224 0.0638235 0.778982 0.127647
32 0.369197 0.422647 0.238846 0.333529
1 0.368807 0.422353 0.238846 0.334118
9 0.408126 0.0638235 0.782299 0.127647
9 0.369197 0.421765 0.238846 0.332941
32 0.369587 0.422426 0.238846 0.335147
1 0.369197 0.421838 0.238846 0.335147
32 0.370173 0.422647 0.239236 0.332353
1 0.369587 0.422279 0.239627 0.333088
7 0.370173 0.421691 0.240017 0.331912
9 0.370173 0.421691 0.240017 0.331912
32 0.370173 0.422647 0.239236 0.331176
7 0.370368 0.421471 0.239627 0.331176
1 0.369197 0.422059 0.239627 0.332353
2 0.370368 0.421471 0.239627 0.331176
32 0.369587 0.422426 0.239627 0.333971
1 0.369587 0.421838 0.239627 0.333971
15 0.630679 0.156471 0.090543 0.104706
32 0.369782 0.422353 0.240017 0.334118
1 0.369587 0.421691 0.239627 0.334265
15 0.63302 0.156765 0.0889819 0.103235
32 0.369587 0.422059 0.239627 0.334706
32 0.369587 0.422279 0.239627 0.333088
15 0.63302 0.159265 0.099129 0.107941
32 0.370368 0.422941 0.238846 0.331765
31 0.60336 0.171213 0.196697 0.128162
15 0.63224 0.160441 0.106154 0.110294
32 0.369587 0.421765 0.239627 0.330588
15 0.633801 0.157794 0.0952263 0.105588
1 0.369197 0.421471 0.238846 0.333529
32 0.370173 0.422426 0.238456 0.332794
9 0.369587 0.420882 0.238066 0.334706
1 0.369002 0.420882 0.238456 0.334706
15 0.635362 0.158235 0.0921041 0.105882
32 0.369587 0.421471 0.238066 0.331176
9 0.369587 0.420662 0.237285 0.335147
1 0.369197 0.420882 0.238066 0.334706
32 0.369002 0.421838 0.238456 0.333971
9 0.369197 0.420588 0.238066 0.335294
1 0.368807 0.420882 0.238066 0.334706
15 0.633801 0.156618 0.090543 0.1
32 0.369197 0.422059 0.238846 0.333529
1 0.369392 0.420882 0.238456 0.334706
9 0.369782 0.420588 0.238456 0.335294
32 0.369392 0.422279 0.238456 0.333088
1 0.369587 0.421176 0.238066 0.334118
32 0.369782 0.420588 0.237675 0.334118
1 0.369392 0.421838 0.238456 0.333971
7 0.370173 0.421103 0.238456 0.331912
9 0.369782 0.420882 0.237675 0.334706
32 0.369977 0.420882 0.238066 0.334706
1 0.369782 0.421765 0.238456 0.334118
7 0.370563 0.420882 0.239236 0.332353
9 0.369977 0.421103 0.237285 0.334265
32 0.369977 0.420882 0.237285 0.334706
7 0.370368 0.420882 0.238846 0.332353
1 0.369782 0.421103 0.237675 0.334265
9 0.370368 0.420882 0.238846 0.332353
32 0.369587 0.42125 0.237285 0.333971
7 0.369977 0.421471 0.238066 0.332353
9 0.369587 0.421471 0.236504 0.333529
1 0.369392 0.421471 0.236895 0.333529
0 0.369977 0.421471 0.238066 0.332353
32 0.369587 0.421176 0.237285 0.334118
7 0.369977 0.421691 0.238066 0.331912
9 0.369587 0.421471 0.236504 0.333529
1 0.369392 0.422059 0.237675 0.332353
32 0.369587 0.421176 0.237285 0.332941
7 0.369977 0.421765 0.238066 0.331765
1 0.369392 0.422059 0.237675 0.332353
9 0.369977 0.421765 0.238066 0.331765
32 0.369392 0.421691 0.236895 0.331912
7 0.369977 0.422059 0.238066 0.332353
1 0.369197 0.422647 0.238066 0.332353
9 0.369977 0.422059 0.238066 0.332353
32 0.369392 0.422647 0.238456 0.332353
7 0.370173 0.422279 0.238456 0.331912
1 0.369392 0.422647 0.238456 0.332353
9 0.370173 0.422279 0.238456 0.331912
32 0.369392 0.422647 0.238456 0.333529
9 0.370368 0.422279 0.238846 0.331912
32 0.369392 0.422647 0.238456 0.333529
9 0.370173 0.422279 0.238456 0.331912
32 0.369392 0.422647 0.238456 0.333529
9 0.369977 0.422279 0.238846 0.331912
32 0.369587 0.422426 0.238066 0.333971
9 0.369782 0.421765 0.236895 0.334118
32 0.369197 0.422941 0.238846 0.334118
9 0.369587 0.422059 0.237285 0.334706
1 0.369197 0.422059 0.238066 0.334706
32 0.369587 0.422941 0.238066 0.332941
9 0.369587 0.422279 0.237285 0.334265
1 0.369197 0.422059 0.238066 0.334706
32 0.369587 0.423235 0.238066 0.333529
9 0.369587 0.422279 0.237285 0.334265
1 0.369392 0.422059 0.237675 0.334706
32 0.369782 0.422941 0.237675 0.332941
9 0.369587 0.422279 0.237285 0.333088
1 0.369392 0.422353 0.237675 0.334118
32 0.369782 0.423235 0.237675 0.333529
9 0.369587 0.422059 0.237285 0.333529
1 0.369587 0.422353 0.237285 0.334118
32 0.369587 0.423235 0.238066 0.334706
9 0.369587 0.421765 0.237285 0.334118
1 0.369587 0.422059 0.237285 0.334706
32 0.369587 0.423235 0.238066 0.334706
9 0.369587 0.421765 0.237285 0.334118
1 0.369587 0.422059 0.237285 0.334706
32 0.370368 0.423015 0.237285 0.333971
9 0.369782 0.421765 0.236895 0.334118
1 0.369587 0.422059 0.237285 0.334706
32 0.370368 0.423015 0.237285 0.333971
9 0.369782 0.421765 0.236895 0.334118
1 0.369782 0.422059 0.236895 0.334706
32 0.370368 0.423015 0.237285 0.333971
9 0.369782 0.421765 0.236895 0.334118
1 0.369587 0.422059 0.237285 0.334706
32 0.369392 0.422647 0.238456 0.333529
9 0.370368 0.422279 0.238846 0.331912
