35 0.449219 0.190278 0.895312 0.311806
34 0.512109 0.249696 0.975781 0.232552
23 0.460938 0.191493 0.920312 0.311458
35 0.513281 0.245312 0.973438 0.238542
3 0.438281 0.190625 0.876562 0.311806
34 0.485156 0.192752 0.970312 0.315885
4 0.485156 0.192752 0.970312 0.315885
3 0.530469 0.250521 0.939062 0.236458
29 0.460938 0.191493 0.920312 0.311458
20 0.438281 0.190625 0.876562 0.311806
23 0.530469 0.250521 0.939062 0.236458
4 0.512109 0.249696 0.975781 0.232552
29 0.530469 0.250521 0.939062 0.236458
12 0.485156 0.192752 0.970312 0.315885
12 0.532031 0.251215 0.935938 0.234375
21 0.485156 0.192752 0.970312 0.315885
18 0.421094 0.190451 0.839062 0.313542
28 0.449219 0.190278 0.895312 0.311806
9 0.438281 0.190625 0.876562 0.311806
14 0.438281 0.190625 0.876562 0.311806
31 0.438281 0.190625 0.876562 0.311806
19 0.460938 0.191493 0.920312 0.311458
27 0.438281 0.190625 0.876562 0.311806
20 0.532031 0.251215 0.935938 0.234375
23 0.690234 0.250868 0.607031 0.239236
25 0.471875 0.198437 0.94375 0.321181
32 0.438281 0.190625 0.876562 0.311806
9 0.558594 0.251042 0.882812 0.234722
15 0.449219 0.190278 0.895312 0.311806
21 0.512109 0.249696 0.975781 0.232552
2 0.532031 0.251215 0.935938 0.234375
7 0.428516 0.194488 0.855469 0.319358
3 0.690234 0.250868 0.607031 0.239236
31 0.530469 0.250521 0.939062 0.236458
23 0.512891 0.184028 0.974219 0.368056
28 0.513281 0.245312 0.973438 0.238542
19 0.512109 0.249696 0.975781 0.232552
35 0.7 0.250694 0.589062 0.238889
23 0.334375 0.18559 0.666406 0.308681
29 0.7 0.250694 0.589062 0.238889
2 0.460938 0.191493 0.920312 0.311458
17 0.460938 0.191493 0.920312 0.311458
25 0.512109 0.249696 0.975781 0.232552
32 0.532031 0.251215 0.935938 0.234375
35 0.512891 0.184028 0.974219 0.368056
27 0.513281 0.245312 0.973438 0.238542
35 0.301562 0.187674 0.600781 0.314931
20 0.7 0.250694 0.589062 0.238889
18 0.513281 0.245312 0.973438 0.238542
3 0.512891 0.184028 0.974219 0.368056
34 0.690234 0.250868 0.607031 0.239236
6 0.532031 0.251215 0.935938 0.234375
34 0.4625 0.229861 0.892187 0.434722
3 0.301562 0.187674 0.600781 0.314931
12 0.7 0.250694 0.589062 0.238889
31 0.7 0.250694 0.589062 0.238889
5 0.438281 0.190625 0.876562 0.311806
1 0.460938 0.191493 0.920312 0.311458
14 0.512109 0.249696 0.975781 0.232552
32 0.301562 0.187674 0.600781 0.314931
10 0.460938 0.191493 0.920312 0.311458
17 0.530469 0.250521 0.939062 0.236458
10 0.530469 0.250521 0.939062 0.236458
6 0.449219 0.190278 0.895312 0.311806
15 0.532031 0.251215 0.935938 0.234375
23 0.461328 0.188194 0.922656 0.376389
24 0.428516 0.194488 0.855469 0.319358
35 0.4625 0.229861 0.892187 0.434722
13 0.491797 0.196571 0.983594 0.308941
5 0.559375 0.251085 0.879687 0.238108
12 0.334375 0.18559 0.666406 0.308681
34 0.334375 0.18559 0.666406 0.308681
29 0.334375 0.18559 0.666406 0.308681
31 0.301562 0.187674 0.600781 0.314931
7 0.603516 0.251215 0.791406 0.239236
2 0.334375 0.18559 0.666406 0.308681
23 0.414062 0.241146 0.81875 0.444792
12 0.986719 0.254687 0.0203125 0.0222222
7 0.30293 0.19184 0.603516 0.320486
9 0.7 0.250694 0.589062 0.238889
1 0.512109 0.249696 0.975781 0.232552
4 0.690234 0.250868 0.607031 0.239236
20 0.301562 0.187674 0.600781 0.314931
16 0.986719 0.254687 0.0203125 0.0222222
20 0.500781 0.184028 0.998438 0.368056
29 0.527734 0.184549 0.944531 0.369097
35 0.461328 0.188194 0.922656 0.376389
4 0.334375 0.18559 0.666406 0.308681
11 0.485156 0.192752 0.970312 0.315885
31 0.527734 0.184549 0.944531 0.369097
30 0.401172 0.188368 0.800781 0.311458
13 0.513281 0.245312 0.973438 0.238542
27 0.301562 0.187674 0.600781 0.314931
25 0.334375 0.18559 0.666406 0.308681
22 0.401172 0.188368 0.800781 0.311458
31 0.197461 0.182465 0.391016 0.313542
9 0.539844 0.102257 0.910937 0.204514
9 0.56875 0.175347 0.84375 0.350694
19 0.512891 0.184028 0.974219 0.368056
18 0.355859 0.192057 0.58125 0.32283
2 0.7 0.250694 0.589062 0.238889
21 0.467187 0.188368 0.93125 0.376736
23 0.490625 0.102865 0.953125 0.205729
31 0.321094 0.178646 0.638281 0.357292
23 0.321094 0.178646 0.638281 0.357292
21 0.4625 0.229861 0.892187 0.434722
4 0.728125 0.227431 0.5375 0.18125
10 0.334375 0.18559 0.666406 0.308681
21 0.690234 0.250868 0.607031 0.239236
24 0.500781 0.184028 0.998438 0.368056
9 0.700391 0.111198 0.599219 0.222396
8 0.530469 0.250521 0.939062 0.236458
24 0.414062 0.241146 0.81875 0.444792
23 0.223437 0.183377 0.445312 0.312413
20 0.461328 0.188194 0.922656 0.376389
28 0.7 0.250694 0.589062 0.238889
5 0.690234 0.250868 0.607031 0.239236
12 0.653906 0.233637 0.54375 0.193837
18 0.698047 0.239887 0.555469 0.211892
9 0.479297 0.312153 0.853906 0.624306
23 0.522656 0.0888889 0.954687 0.177778
3 0.461328 0.188194 0.922656 0.376389
9 0.732227 0.192882 0.535547 0.385764
35 0.321094 0.178646 0.638281 0.357292
24 0.27832 0.181944 0.554297 0.305556
9 0.617969 0.30816 0.746875 0.616319
9 0.27832 0.181944 0.554297 0.305556
20 0.4625 0.229861 0.892187 0.434722
18 0.339844 0.268403 0.522656 0.16875
31 0.461328 0.188194 0.922656 0.376389
26 0.460938 0.191493 0.920312 0.311458
22 0.532031 0.251215 0.935938 0.234375
34 0.332422 0.265972 0.660156 0.488889
12 0.329297 0.270139 0.498437 0.170833
4 0.339844 0.268403 0.522656 0.16875
19 0.690234 0.250868 0.607031 0.239236
9 0.87207 0.244965 0.255859 0.489931
13 0.4625 0.229861 0.892187 0.434722
13 0.334375 0.18559 0.666406 0.308681
12 0.607422 0.297396 0.450781 0.142708
10 0.690234 0.250868 0.607031 0.239236
3 0.4625 0.229861 0.892187 0.434722
9 0.12998 0.19375 0.259961 0.3875
23 0.686719 0.187674 0.614062 0.351042
27 0.690234 0.250868 0.607031 0.239236
12 0.744531 0.229687 0.510938 0.187153
11 0.558594 0.251042 0.882812 0.234722
12 0.592969 0.249653 0.59375 0.227778
18 0.461328 0.188194 0.922656 0.376389
8 0.986719 0.254687 0.0203125 0.0222222
34 0.612109 0.190104 0.766406 0.380208
30 0.603516 0.251215 0.791406 0.239236
23 0.244727 0.274306 0.483984 0.507639
9 0.414062 0.241146 0.81875 0.444792
9 0.88125 0.206597 0.2375 0.413194
7 0.197461 0.182465 0.391016 0.313542
16 0.428516 0.194488 0.855469 0.319358
10 0.527734 0.184549 0.944531 0.369097
7 0.9875 0.253819 0.0234375 0.0267361
9 0.520703 0.231597 0.957031 0.325
9 0.744531 0.338802 0.495313 0.597396
15 0.7 0.250694 0.589062 0.238889
35 0.332422 0.265972 0.660156 0.488889
2 0.524219 0.205729 0.929687 0.410764
7 0.737891 0.25191 0.513281 0.242014
24 0.499219 0.236111 0.998437 0.251389
28 0.524219 0.205729 0.929687 0.410764
6 0.7 0.250694 0.589062 0.238889
14 0.301562 0.187674 0.600781 0.314931
28 0.301562 0.187674 0.600781 0.314931
21 0.490625 0.102865 0.953125 0.205729
18 0.500781 0.184028 0.998438 0.368056
25 0.461328 0.188194 0.922656 0.376389
35 0.490625 0.102865 0.953125 0.205729
31 0.686719 0.187674 0.614062 0.351042
25 0.690234 0.250868 0.607031 0.239236
9 0.119141 0.856944 0.238281 0.286111
32 0.524219 0.205729 0.929687 0.410764
13 0.7 0.250694 0.589062 0.238889
11 0.986719 0.254687 0.0203125 0.0222222
0 0.4625 0.197396 0.925 0.316319
5 0.301562 0.187674 0.600781 0.314931
23 0.479297 0.312153 0.853906 0.624306
9 0.886133 0.152431 0.227734 0.304861
9 0.490625 0.102865 0.953125 0.205729
9 0.122656 0.180556 0.245312 0.361111
31 0.244727 0.274306 0.483984 0.507639
3 0.504687 0.248915 0.93125 0.236892
31 0.504687 0.248915 0.93125 0.236892
32 0.504687 0.248915 0.93125 0.236892
3 0.485156 0.191319 0.9625 0.322222
31 0.5125 0.190104 0.917187 0.380208
34 0.510156 0.251215 0.932812 0.227431
4 0.504687 0.248915 0.93125 0.236892
12 0.504687 0.248915 0.93125 0.236892
22 0.504687 0.248915 0.93125 0.236892
10 0.504687 0.248915 0.93125 0.236892
7 0.504687 0.248915 0.93125 0.236892
27 0.504687 0.248915 0.93125 0.236892
3 0.662109 0.257292 0.622656 0.234028
25 0.504687 0.248915 0.93125 0.236892
4 0.485156 0.191319 0.9625 0.322222
3 0.442969 0.268229 0.885937 0.459375
34 0.500781 0.205382 0.948437 0.312847
30 0.504687 0.248915 0.93125 0.236892
5 0.777344 0.253776 0.376562 0.219531
3 0.777344 0.253776 0.376562 0.219531
9 0.777344 0.253776 0.376562 0.219531
29 0.504687 0.248915 0.93125 0.236892
10 0.777344 0.253776 0.376562 0.219531
35 0.504687 0.248915 0.93125 0.236892
31 0.662109 0.257292 0.622656 0.234028
32 0.5125 0.190104 0.917187 0.380208
29 0.485156 0.191319 0.9625 0.322222
31 0.467188 0.247743 0.925 0.439236
9 0.494922 0.221354 0.960156 0.285069
2 0.504687 0.248915 0.93125 0.236892
25 0.777344 0.253776 0.376562 0.219531
25 0.485156 0.191319 0.9625 0.322222
5 0.485156 0.191319 0.9625 0.322222
32 0.662109 0.257292 0.622656 0.234028
27 0.485156 0.191319 0.9625 0.322222
12 0.485156 0.191319 0.9625 0.322222
35 0.496484 0.187674 0.971094 0.328125
3 0.330469 0.193576 0.659375 0.315625
33 0.504687 0.248915 0.93125 0.236892
22 0.485156 0.191319 0.9625 0.322222
4 0.442969 0.268229 0.885937 0.459375
31 0.349609 0.190625 0.699219 0.319444
7 0.45 0.195182 0.9 0.329774
10 0.5125 0.190104 0.917187 0.380208
25 0.662109 0.257292 0.622656 0.234028
4 0.754297 0.253646 0.428906 0.221181
34 0.662109 0.257292 0.622656 0.234028
30 0.485156 0.191319 0.9625 0.322222
4 0.859375 0.274826 0.21875 0.0857639
6 0.503906 0.211155 0.95625 0.299913
28 0.494922 0.221354 0.960156 0.285069
10 0.662109 0.257292 0.622656 0.234028
25 0.442969 0.268229 0.885937 0.459375
1 0.777344 0.253776 0.376562 0.219531
26 0.504687 0.248915 0.93125 0.236892
7 0.442969 0.268229 0.885937 0.459375
34 0.467188 0.247743 0.925 0.439236
4 0.810156 0.260764 0.320312 0.209028
1 0.494922 0.221354 0.960156 0.285069
7 0.662109 0.257292 0.622656 0.234028
30 0.442969 0.268229 0.885937 0.459375
3 0.249609 0.175694 0.494531 0.285417
18 0.548437 0.32283 0.15 0.0404514
9 0.467188 0.247743 0.925 0.439236
29 0.442969 0.268229 0.885937 0.459375
18 0.0595703 0.30816 0.118164 0.0256945
30 0.777344 0.253776 0.376562 0.219531
4 0.847656 0.262153 0.25 0.0604167
29 0.633496 0.255252 0.683008 0.227691
8 0.494922 0.221354 0.960156 0.285069
2 0.502344 0.194444 0.967188 0.322222
18 0.0452637 0.306597 0.0895508 0.0236111
30 0.662109 0.257292 0.622656 0.234028
27 0.442969 0.268229 0.885937 0.459375
8 0.791406 0.255903 0.353125 0.218056
27 0.662109 0.257292 0.622656 0.234028
12 0.442969 0.268229 0.885937 0.459375
16 0.504687 0.248915 0.93125 0.236892
9 0.163867 0.12934 0.327734 0.191319
4 0.662109 0.257292 0.622656 0.234028
35 0.467188 0.247743 0.925 0.439236
7 0.541797 0.192882 0.866406 0.385764
29 0.171289 0.146354 0.338672 0.232986
27 0.777344 0.253776 0.376562 0.219531
31 0.551562 0.291319 0.835938 0.582639
3 0.81875 0.285243 0.301562 0.161458
5 0.442969 0.268229 0.885937 0.459375
25 0.330469 0.193576 0.659375 0.315625
22 0.662109 0.257292 0.622656 0.234028
32 0.349609 0.190625 0.699219 0.319444
3 0.501172 0.188238 0.996094 0.312413
3 0.4875 0.230035 0.975 0.210069
25 0.501172 0.188238 0.996094 0.312413
3 0.283203 0.174132 0.552344 0.311458
31 0.501172 0.188238 0.996094 0.312413
5 0.490625 0.18303 0.967188 0.313802
4 0.501172 0.188238 0.996094 0.312413
35 0.501172 0.188238 0.996094 0.312413
4 0.481641 0.227474 0.963281 0.206858
31 0.4875 0.230035 0.975 0.210069
5 0.481641 0.227474 0.963281 0.206858
25 0.4875 0.230035 0.975 0.210069
3 0.722266 0.22309 0.489844 0.210069
5 0.283203 0.174132 0.552344 0.311458
9 0.4875 0.230035 0.975 0.210069
29 0.501172 0.188238 0.996094 0.312413
9 0.489844 0.16875 0.979687 0.3375
3 0.4875 0.170486 0.975 0.340972
27 0.501172 0.188238 0.996094 0.312413
34 0.501172 0.188238 0.996094 0.312413
28 0.501172 0.188238 0.996094 0.312413
29 0.4875 0.230035 0.975 0.210069
22 0.496094 0.171181 0.985937 0.342361
12 0.501172 0.188238 0.996094 0.312413
31 0.283203 0.174132 0.552344 0.311458
22 0.485547 0.213542 0.971094 0.239583
29 0.283203 0.174132 0.552344 0.311458
1 0.501172 0.188238 0.996094 0.312413
25 0.283203 0.174132 0.552344 0.311458
4 0.330664 0.174306 0.647266 0.305556
27 0.4875 0.230035 0.975 0.210069
6 0.497656 0.16684 0.989063 0.333681
6 0.489844 0.213151 0.979687 0.247309
31 0.4875 0.170486 0.975 0.340972
17 0.501172 0.188238 0.996094 0.312413
3 0.124902 0.158333 0.239258 0.270139
35 0.4875 0.230035 0.975 0.210069
34 0.4875 0.230035 0.975 0.210069
3 0.492578 0.647135 0.985156 0.705729
22 0.410937 0.177257 0.809375 0.317708
3 0.75625 0.172222 0.451563 0.144792
6 0.410937 0.177257 0.809375 0.317708
13 0.497656 0.16684 0.989063 0.333681
9 0.374805 0.174132 0.731641 0.312153
25 0.4875 0.170486 0.975 0.340972
5 0.722266 0.22309 0.489844 0.210069
1 0.481641 0.227474 0.963281 0.206858
23 0.501172 0.188238 0.996094 0.312413
4 0.4875 0.170486 0.975 0.340972
28 0.4875 0.230035 0.975 0.210069
4 0.491406 0.672917 0.982812 0.654167
10 0.485547 0.213542 0.971094 0.239583
13 0.489844 0.213151 0.979687 0.247309
8 0.489844 0.16875 0.979687 0.3375
12 0.481641 0.227474 0.963281 0.206858
8 0.485547 0.213542 0.971094 0.239583
7 0.499609 0.173264 0.992969 0.346528
10 0.489844 0.16875 0.979687 0.3375
32 0.499609 0.173264 0.992969 0.346528
4 0.725781 0.223568 0.48125 0.204253
30 0.419531 0.178429 0.823437 0.311892
30 0.497656 0.16684 0.989063 0.333681
34 0.374805 0.174132 0.731641 0.312153
1 0.283203 0.174132 0.552344 0.311458
31 0.725781 0.223568 0.48125 0.204253
31 0.492578 0.647135 0.985156 0.705729
20 0.982812 0.252431 0.015625 0.028125
21 0.501172 0.188238 0.996094 0.312413
30 0.489844 0.213151 0.979687 0.247309
20 0.498437 0.181944 0.989062 0.303472
13 0.417187 0.176389 0.820312 0.313194
16 0.984375 0.255035 0.015625 0.0309028
4 0.983594 0.257292 0.015625 0.0232639
16 0.9875 0.256771 0.0203125 0.0302083
27 0.374805 0.174132 0.731641 0.312153
6 0.283203 0.174132 0.552344 0.311458
7 0.485547 0.213542 0.971094 0.239583
14 0.501172 0.188238 0.996094 0.312413
29 0.493359 0.655556 0.986719 0.688889
16 0.490625 0.18303 0.967188 0.313802
32 0.485547 0.213542 0.971094 0.239583
22 0.283203 0.174132 0.552344 0.311458
30 0.283203 0.174132 0.552344 0.311458
27 0.492578 0.647135 0.985156 0.705729
20 0.984375 0.255035 0.015625 0.0309028
23 0.330664 0.174306 0.647266 0.305556
14 0.982812 0.252431 0.015625 0.028125
33 0.499609 0.173264 0.992969 0.346528
29 0.124902 0.158333 0.239258 0.270139
5 0.124902 0.158333 0.239258 0.270139
15 0.498437 0.181944 0.989062 0.303472
13 0.283203 0.174132 0.552344 0.311458
11 0.501172 0.188238 0.996094 0.312413
3 0.4875 0.312153 0.975 0.413194
34 0.4875 0.170486 0.975 0.340972
14 0.984375 0.255035 0.015625 0.0309028
28 0.283203 0.174132 0.552344 0.311458
29 0.4875 0.170486 0.975 0.340972
18 0.501172 0.188238 0.996094 0.312413
19 0.499609 0.173264 0.992969 0.346528
17 0.4875 0.230035 0.975 0.210069
7 0.410937 0.177257 0.809375 0.317708
29 0.722266 0.22309 0.489844 0.210069
9 0.725781 0.223568 0.48125 0.204253
23 0.481641 0.227474 0.963281 0.206858
35 0.330664 0.174306 0.647266 0.305556
24 0.490625 0.18303 0.967188 0.313802
2 0.496094 0.171181 0.985937 0.342361
16 0.9875 0.2625 0.0218749 0.0472222
3 0.496094 0.175694 0.959375 0.351389
3 0.370313 0.190104 0.73125 0.322569
4 0.50625 0.177083 0.946875 0.354167
27 0.50625 0.177083 0.946875 0.354167
35 0.50625 0.177083 0.946875 0.354167
4 0.370313 0.190104 0.73125 0.322569
20 0.496094 0.175694 0.959375 0.351389
3 0.202734 0.136285 0.402344 0.206944
31 0.496094 0.175694 0.959375 0.351389
17 0.496094 0.175694 0.959375 0.351389
3 0.262695 0.190799 0.514453 0.327431
28 0.50625 0.177083 0.946875 0.354167
29 0.496094 0.175694 0.959375 0.351389
12 0.50625 0.177083 0.946875 0.354167
5 0.50625 0.177083 0.946875 0.354167
3 0.151172 0.13559 0.285156 0.201042
20 0.370313 0.190104 0.73125 0.322569
34 0.370313 0.190104 0.73125 0.322569
35 0.370313 0.190104 0.73125 0.322569
31 0.370313 0.190104 0.73125 0.322569
18 0.50625 0.177083 0.946875 0.354167
27 0.370313 0.190104 0.73125 0.322569
34 0.479687 0.175347 0.959375 0.350694
5 0.370313 0.190104 0.73125 0.322569
12 0.370313 0.190104 0.73125 0.322569
18 0.735547 0.249306 0.491406 0.224306
3 0.279297 0.136458 0.433594 0.207292
4 0.735547 0.249306 0.491406 0.224306
17 0.370313 0.190104 0.73125 0.322569
3 0.249609 0.189062 0.341406 0.312153
28 0.370313 0.190104 0.73125 0.322569
12 0.753906 0.248437 0.4625 0.224653
9 0.50625 0.177083 0.946875 0.354167
3 0.164355 0.173568 0.320508 0.268142
3 0.111133 0.128993 0.217578 0.182292
29 0.370313 0.190104 0.73125 0.322569
11 0.496094 0.175694 0.959375 0.351389
4 0.262695 0.190799 0.514453 0.327431
30 0.496094 0.175694 0.959375 0.351389
4 0.621875 0.240799 0.751562 0.239236
12 0.202734 0.136285 0.402344 0.206944
4 0.808594 0.231597 0.378125 0.263194
21 0.479687 0.175347 0.959375 0.350694
25 0.735547 0.249306 0.491406 0.224306
3 0.621875 0.240799 0.751562 0.239236
15 0.496094 0.175694 0.959375 0.351389
23 0.496094 0.175694 0.959375 0.351389
25 0.50625 0.177083 0.946875 0.354167
8 0.496094 0.175694 0.959375 0.351389
30 0.199561 0.136545 0.391504 0.210938
3 0.236133 0.295833 0.284766 0.111806
20 0.262695 0.190799 0.514453 0.327431
22 0.479687 0.175347 0.959375 0.350694
3 0.714062 0.25191 0.565625 0.223958
24 0.50625 0.177083 0.946875 0.354167
18 0.801367 0.243576 0.347266 0.208681
21 0.370313 0.190104 0.73125 0.322569
3 0.80293 0.249653 0.384766 0.229861
14 0.496094 0.175694 0.959375 0.351389
5 0.735547 0.249306 0.491406 0.224306
7 0.735547 0.249306 0.491406 0.224306
12 0.544531 0.240104 0.450781 0.221875
11 0.370313 0.190104 0.73125 0.322569
3 0.226172 0.944792 0.452344 0.110417
19 0.479687 0.175347 0.959375 0.350694
12 0.810742 0.246875 0.337891 0.214583
3 0.544531 0.240104 0.450781 0.221875
26 0.50625 0.177083 0.946875 0.354167
22 0.320312 0.190668 0.632812 0.314497
3 0.320312 0.190668 0.632812 0.314497
5 0.307812 0.194618 0.609375 0.325347
3 0.453125 0.197613 0.90625 0.318663
22 0.453125 0.197613 0.90625 0.318663
31 0.307812 0.194618 0.609375 0.325347
31 0.454687 0.197222 0.909375 0.321528
5 0.454687 0.197222 0.909375 0.321528
34 0.507812 0.247743 0.979687 0.245486
34 0.454687 0.197222 0.909375 0.321528
34 0.307812 0.194618 0.609375 0.325347
5 0.203467 0.190278 0.391504 0.315972
9 0.453125 0.197613 0.90625 0.318663
31 0.203467 0.190278 0.391504 0.315972
22 0.203467 0.190278 0.391504 0.315972
3 0.203467 0.190278 0.391504 0.315972
9 0.320312 0.190668 0.632812 0.314497
31 0.515625 0.246354 0.95625 0.243403
29 0.453125 0.197613 0.90625 0.318663
4 0.489062 0.207465 0.978125 0.313542
29 0.320312 0.190668 0.632812 0.314497
3 0.510937 0.246181 0.96875 0.249306
35 0.489062 0.207465 0.978125 0.313542
22 0.510937 0.246181 0.96875 0.249306
29 0.203467 0.190278 0.391504 0.315972
9 0.510937 0.246181 0.96875 0.249306
6 0.507812 0.247743 0.979687 0.245486
4 0.320312 0.190668 0.632812 0.314497
1 0.454687 0.197222 0.909375 0.321528
1 0.307812 0.194618 0.609375 0.325347
4 0.708203 0.246007 0.574219 0.239931
34 0.203467 0.190278 0.391504 0.315972
25 0.320312 0.190668 0.632812 0.314497
5 0.510937 0.246181 0.96875 0.249306
25 0.489062 0.207465 0.978125 0.313542
6 0.479687 0.201736 0.959375 0.316667
7 0.307812 0.194618 0.609375 0.325347
7 0.454687 0.197222 0.909375 0.321528
30 0.263672 0.192014 0.517187 0.322917
29 0.510937 0.246181 0.96875 0.249306
6 0.320312 0.190668 0.632812 0.314497
4 0.557031 0.246701 0.875 0.241319
7 0.203467 0.190278 0.391504 0.315972
18 0.479687 0.201736 0.959375 0.316667
1 0.510937 0.246181 0.96875 0.249306
32 0.4875 0.204861 0.975 0.311111
9 0.203467 0.190278 0.391504 0.315972
35 0.320312 0.190668 0.632812 0.314497
27 0.489062 0.207465 0.978125 0.313542
35 0.708203 0.246007 0.574219 0.239931
30 0.454687 0.197222 0.909375 0.321528
25 0.203467 0.190278 0.391504 0.315972
3 0.708203 0.246007 0.574219 0.239931
32 0.515625 0.246354 0.95625 0.243403
28 0.479687 0.201736 0.959375 0.316667
34 0.503125 0.459722 0.984375 0.670833
32 0.307812 0.194618 0.609375 0.325347
12 0.489062 0.207465 0.978125 0.313542
34 0.687891 0.246528 0.611719 0.238889
8 0.453125 0.197613 0.90625 0.318663
7 0.510937 0.246181 0.96875 0.249306
1 0.203467 0.190278 0.391504 0.315972
25 0.557031 0.246701 0.875 0.241319
35 0.557031 0.246701 0.875 0.241319
20 0.478125 0.198958 0.95625 0.316667
17 0.479687 0.201736 0.959375 0.316667
25 0.687891 0.246528 0.611719 0.238889
8 0.320312 0.190668 0.632812 0.314497
23 0.479687 0.201736 0.959375 0.316667
12 0.557031 0.246701 0.875 0.241319
6 0.203467 0.190278 0.391504 0.315972
18 0.510937 0.246181 0.96875 0.249306
18 0.320312 0.190668 0.632812 0.314497
12 0.687891 0.246528 0.611719 0.238889
21 0.478125 0.198958 0.95625 0.316667
6 0.687891 0.246528 0.611719 0.238889
3 0.503125 0.459722 0.984375 0.670833
2 0.203467 0.190278 0.391504 0.315972
14 0.453125 0.197613 0.90625 0.318663
18 0.716016 0.250694 0.567969 0.229861
31 0.499219 0.497569 0.996875 0.857639
2 0.479687 0.201736 0.959375 0.316667
2 0.307812 0.194618 0.609375 0.325347
20 0.515625 0.246354 0.95625 0.243403
4 0.203467 0.190278 0.391504 0.315972
14 0.320312 0.190668 0.632812 0.314497
22 0.687891 0.246528 0.611719 0.238889
20 0.307812 0.194618 0.609375 0.325347
8 0.510937 0.246181 0.96875 0.249306
27 0.320312 0.190668 0.632812 0.314497
12 0.320312 0.190668 0.632812 0.314497
28 0.320312 0.190668 0.632812 0.314497
30 0.510937 0.246181 0.96875 0.249306
21 0.307812 0.194618 0.609375 0.325347
16 0.454687 0.197222 0.909375 0.321528
23 0.307812 0.194618 0.609375 0.325347
32 0.203467 0.190278 0.391504 0.315972
17 0.320312 0.190668 0.632812 0.314497
0 0.453125 0.197613 0.90625 0.318663
11 0.454687 0.197222 0.909375 0.321528
2 0.510937 0.246181 0.96875 0.249306
5 0.687891 0.246528 0.611719 0.238889
9 0.5 0.505903 1 0.88125
3 0.187891 0.138021 0.3625 0.212153
16 0.307812 0.194618 0.609375 0.325347
16 0.203467 0.190278 0.391504 0.315972
15 0.478125 0.198958 0.95625 0.316667
13 0.454687 0.197222 0.909375 0.321528
9 0.687891 0.246528 0.611719 0.238889
13 0.263672 0.192014 0.517187 0.322917
11 0.307812 0.194618 0.609375 0.325347
0 0.320312 0.190668 0.632812 0.314497
24 0.478125 0.198958 0.95625 0.316667
8 0.203467 0.190278 0.391504 0.315972
21 0.515625 0.246354 0.95625 0.243403
33 0.489062 0.207465 0.978125 0.313542
31 0.696875 0.246181 0.59375 0.235417
33 0.263672 0.192014 0.517187 0.322917
27 0.708203 0.246007 0.574219 0.239931
20 0.203467 0.190278 0.391504 0.315972
4 0.484375 0.195312 0.96875 0.321875
35 0.484375 0.195312 0.96875 0.321875
3 0.495703 0.189931 0.971094 0.379861
25 0.496875 0.187847 0.975 0.375694
3 0.26875 0.188368 0.530469 0.319792
31 0.484375 0.195312 0.96875 0.321875
12 0.49375 0.182986 0.9875 0.3625
22 0.496875 0.187847 0.975 0.375694
29 0.496875 0.187847 0.975 0.375694
35 0.494922 0.190451 0.975781 0.380903
4 0.494922 0.190451 0.975781 0.380903
9 0.509766 0.190451 0.955469 0.380903
31 0.494922 0.190451 0.975781 0.380903
6 0.509766 0.190451 0.955469 0.380903
8 0.509766 0.190451 0.955469 0.380903
34 0.49375 0.182986 0.9875 0.3625
29 0.26875 0.188368 0.530469 0.319792
4 0.304297 0.190799 0.600781 0.323958
5 0.496875 0.187847 0.975 0.375694
27 0.49375 0.182986 0.9875 0.3625
31 0.26875 0.188368 0.530469 0.319792
28 0.496875 0.187847 0.975 0.375694
18 0.49375 0.182986 0.9875 0.3625
21 0.494531 0.187847 0.989062 0.375694
3 0.383984 0.188889 0.760937 0.33125
20 0.494531 0.187847 0.989062 0.375694
15 0.494922 0.190451 0.975781 0.380903
7 0.496875 0.187847 0.975 0.375694
29 0.383984 0.188889 0.760937 0.33125
26 0.496875 0.187847 0.975 0.375694
11 0.494531 0.187847 0.989062 0.375694
17 0.494531 0.187847 0.989062 0.375694
4 0.343945 0.298611 0.293359 0.109028
13 0.494922 0.190451 0.975781 0.380903
4 0.614062 0.254687 0.38125 0.230903
14 0.494922 0.190451 0.975781 0.380903
29 0.578906 0.248611 0.81875 0.247222
34 0.578906 0.248611 0.81875 0.247222
33 0.496875 0.187847 0.975 0.375694
3 0.578906 0.248611 0.81875 0.247222
29 0.493359 0.408333 0.974219 0.783333
10 0.496875 0.187847 0.975 0.375694
19 0.494922 0.190451 0.975781 0.380903
35 0.26875 0.188368 0.530469 0.319792
3 0.493359 0.408333 0.974219 0.783333
25 0.578906 0.248611 0.81875 0.247222
25 0.616406 0.277951 0.390625 0.185069
15 0.484375 0.195312 0.96875 0.321875
24 0.494922 0.190451 0.975781 0.380903
2 0.496875 0.187847 0.975 0.375694
9 0.578906 0.248611 0.81875 0.247222
3 0.721484 0.243359 0.538281 0.238281
3 0.493359 0.184549 0.978906 0.369097
5 0.26875 0.188368 0.530469 0.319792
8 0.578906 0.248611 0.81875 0.247222
4 0.381152 0.297396 0.179883 0.106597
32 0.496875 0.187847 0.975 0.375694
27 0.26875 0.188368 0.530469 0.319792
5 0.616406 0.277951 0.390625 0.185069
20 0.26875 0.188368 0.530469 0.319792
23 0.494922 0.190451 0.975781 0.380903
29 0.721484 0.243359 0.538281 0.238281
3 0.616406 0.277951 0.390625 0.185069
34 0.496484 0.18559 0.963281 0.371181
20 0.461328 0.194618 0.921094 0.317014
27 0.496484 0.18559 0.963281 0.371181
4 0.60625 0.302431 0.375 0.123611
25 0.343945 0.299306 0.354297 0.110417
1 0.509766 0.190451 0.955469 0.380903
22 0.578906 0.248611 0.81875 0.247222
0 0.496875 0.187847 0.975 0.375694
4 0.355664 0.296875 0.447266 0.111111
25 0.60625 0.302431 0.375 0.123611
8 0.382715 0.297569 0.168945 0.109028
12 0.496484 0.18559 0.963281 0.371181
16 0.494922 0.190451 0.975781 0.380903
13 0.484375 0.195312 0.96875 0.321875
34 0.721484 0.243359 0.538281 0.238281
18 0.382715 0.297569 0.168945 0.109028
12 0.614062 0.254687 0.38125 0.230903
18 0.496484 0.18559 0.963281 0.371181
14 0.484375 0.195312 0.96875 0.321875
29 0.435156 0.177474 0.870312 0.313802
29 0.503516 0.22704 0.986719 0.298698
3 0.429688 0.179687 0.859375 0.325347
29 0.274609 0.168229 0.547656 0.289236
3 0.265234 0.156944 0.524219 0.268056
3 0.505469 0.233507 0.982812 0.287153
31 0.494531 0.188889 0.989062 0.330556
29 0.642285 0.25191 0.71543 0.244097
5 0.344727 0.165321 0.689453 0.289496
22 0.494531 0.188889 0.989062 0.330556
31 0.372852 0.168403 0.745703 0.298611
34 0.490234 0.18316 0.975781 0.325347
34 0.541406 0.250651 0.917187 0.248003
5 0.250781 0.163715 0.500781 0.277778
5 0.490234 0.18316 0.975781 0.325347
31 0.530859 0.251215 0.938281 0.245486
22 0.372852 0.168403 0.745703 0.298611
31 0.250781 0.163715 0.500781 0.277778
22 0.530859 0.251215 0.938281 0.245486
3 0.642285 0.25191 0.71543 0.244097
34 0.372852 0.168403 0.745703 0.298611
5 0.505469 0.233507 0.982812 0.287153
9 0.494531 0.188889 0.989062 0.330556
22 0.250781 0.163715 0.500781 0.277778
9 0.344727 0.165321 0.689453 0.289496
4 0.719531 0.254514 0.54375 0.222222
6 0.494531 0.188889 0.989062 0.330556
7 0.494531 0.188889 0.989062 0.330556
6 0.530859 0.251215 0.938281 0.245486
9 0.250781 0.163715 0.500781 0.277778
34 0.250781 0.163715 0.500781 0.277778
6 0.372852 0.168403 0.745703 0.298611
25 0.712891 0.252257 0.553906 0.226042
23 0.435156 0.177474 0.870312 0.313802
4 0.344727 0.165321 0.689453 0.289496
6 0.250781 0.163715 0.500781 0.277778
3 0.201221 0.139149 0.39834 0.21684
9 0.541406 0.250651 0.917187 0.248003
25 0.488281 0.198611 0.976562 0.340278
29 0.502344 0.307292 0.985937 0.41875
5 0.642285 0.25191 0.71543 0.244097
7 0.372852 0.168403 0.745703 0.298611
25 0.250781 0.163715 0.500781 0.277778
4 0.250781 0.163715 0.500781 0.277778
25 0.344727 0.165321 0.689453 0.289496
4 0.488281 0.198611 0.976562 0.340278
19 0.494531 0.188889 0.989062 0.330556
35 0.494531 0.188889 0.989062 0.330556
3 0.298047 0.242535 0.449219 0.189931
11 0.494531 0.188889 0.989062 0.330556
7 0.530859 0.251215 0.938281 0.245486
21 0.494531 0.188889 0.989062 0.330556
35 0.250781 0.163715 0.500781 0.277778
3 0.288086 0.267188 0.427734 0.115625
13 0.490234 0.18316 0.975781 0.325347
25 0.530859 0.251215 0.938281 0.245486
30 0.494531 0.188889 0.989062 0.330556
3 0.317383 0.277951 0.515234 0.133681
4 0.530859 0.251215 0.938281 0.245486
26 0.494531 0.188889 0.989062 0.330556
35 0.344727 0.165321 0.689453 0.289496
2 0.494531 0.188889 0.989062 0.330556
24 0.490234 0.18316 0.975781 0.325347
7 0.250781 0.163715 0.500781 0.277778
27 0.494531 0.188889 0.989062 0.330556
23 0.250781 0.163715 0.500781 0.277778
14 0.494531 0.188889 0.989062 0.330556
3 0.735156 0.265972 0.529688 0.209722
12 0.494531 0.188889 0.989062 0.330556
29 0.199219 0.16059 0.385937 0.258681
3 0.324609 0.129861 0.499219 0.210069
1 0.494531 0.188889 0.989062 0.330556
19 0.530859 0.251215 0.938281 0.245486
28 0.494531 0.188889 0.989062 0.330556
11 0.372852 0.168403 0.745703 0.298611
13 0.372852 0.168403 0.745703 0.298611
23 0.503516 0.22704 0.986719 0.298698
18 0.719531 0.254514 0.54375 0.222222
20 0.494531 0.188889 0.989062 0.330556
35 0.530859 0.251215 0.938281 0.245486
8 0.717187 0.301042 0.154688 0.127778
11 0.250781 0.163715 0.500781 0.277778
24 0.372852 0.168403 0.745703 0.298611
3 0.303516 0.282465 0.482031 0.0892361
15 0.494531 0.188889 0.989062 0.330556
19 0.250781 0.163715 0.500781 0.277778
19 0.344727 0.165321 0.689453 0.289496
27 0.250781 0.163715 0.500781 0.277778
13 0.530859 0.251215 0.938281 0.245486
21 0.344727 0.165321 0.689453 0.289496
4 0.288086 0.267188 0.427734 0.115625
3 0.314062 0.18954 0.479687 0.313976
30 0.372852 0.168403 0.745703 0.298611
17 0.494531 0.188889 0.989062 0.330556
13 0.265234 0.156944 0.524219 0.268056
29 0.607813 0.285113 0.784375 0.32283
10 0.494531 0.188889 0.989062 0.330556
27 0.344727 0.165321 0.689453 0.289496
12 0.719531 0.254514 0.54375 0.222222
28 0.344727 0.165321 0.689453 0.289496
24 0.530859 0.251215 0.938281 0.245486
30 0.250781 0.163715 0.500781 0.277778
15 0.372852 0.168403 0.745703 0.298611
21 0.250781 0.163715 0.500781 0.277778
1 0.344727 0.165321 0.689453 0.289496
34 0.726953 0.240929 0.544531 0.267448
20 0.250781 0.163715 0.500781 0.277778
2 0.541406 0.250651 0.917187 0.248003
26 0.344727 0.165321 0.689453 0.289496
15 0.250781 0.163715 0.500781 0.277778
14 0.344727 0.165321 0.689453 0.289496
12 0.530859 0.251215 0.938281 0.245486
5 0.719531 0.254514 0.54375 0.222222
8 0.250781 0.163715 0.500781 0.277778
8 0.494531 0.188889 0.989062 0.330556
3 0.468359 0.186979 0.932031 0.324653
3 0.29375 0.185417 0.579687 0.324306
3 0.508594 0.254123 0.976562 0.334809
3 0.515625 0.247222 0.964062 0.228472
3 0.742969 0.25 0.509375 0.222222
29 0.4875 0.19375 0.975 0.327083
29 0.508594 0.254123 0.976562 0.334809
31 0.505469 0.233724 0.979687 0.290191
29 0.513281 0.25204 0.96875 0.232031
5 0.496094 0.207595 0.970312 0.341753
4 0.513281 0.25204 0.96875 0.232031
29 0.257617 0.18559 0.511328 0.320486
5 0.504687 0.263368 0.9875 0.263542
4 0.696875 0.250651 0.6 0.222309
27 0.742969 0.25 0.509375 0.222222
11 0.257617 0.18559 0.511328 0.320486
31 0.611035 0.251563 0.776367 0.226736
4 0.508594 0.254123 0.976562 0.334809
5 0.621875 0.25 0.75625 0.223611
22 0.508594 0.254123 0.976562 0.334809
31 0.741797 0.252257 0.513281 0.221875
4 0.487891 0.189236 0.974219 0.324306
21 0.257617 0.18559 0.511328 0.320486
9 0.508594 0.254123 0.976562 0.334809
35 0.513281 0.25204 0.96875 0.232031
31 0.468359 0.186979 0.932031 0.324653
18 0.257617 0.18559 0.511328 0.320486
29 0.742969 0.25 0.509375 0.222222
27 0.621875 0.25 0.75625 0.223611
5 0.742969 0.25 0.509375 0.222222
20 0.257617 0.18559 0.511328 0.320486
27 0.29375 0.185417 0.579687 0.324306
3 0.508594 0.328125 0.973437 0.509028
5 0.29375 0.185417 0.579687 0.324306
9 0.487891 0.189236 0.974219 0.324306
15 0.258008 0.186154 0.510547 0.317969
9 0.515625 0.247222 0.964062 0.228472
35 0.491016 0.203993 0.972656 0.332292
27 0.468359 0.186979 0.932031 0.324653
13 0.257617 0.18559 0.511328 0.320486
27 0.505469 0.233724 0.979687 0.290191
25 0.508594 0.254123 0.976562 0.334809
35 0.741797 0.252257 0.513281 0.221875
22 0.487891 0.189236 0.974219 0.324306
29 0.508594 0.328125 0.973437 0.509028
31 0.29375 0.185417 0.579687 0.324306
11 0.468359 0.186979 0.932031 0.324653
26 0.257617 0.18559 0.511328 0.320486
25 0.515625 0.247222 0.964062 0.228472
23 0.257617 0.18559 0.511328 0.320486
3 0.205078 0.187847 0.403906 0.316667
18 0.742969 0.25 0.509375 0.222222
21 0.468359 0.186979 0.932031 0.324653
22 0.515625 0.247222 0.964062 0.228472
28 0.258008 0.186154 0.510547 0.317969
24 0.257617 0.18559 0.511328 0.320486
18 0.468359 0.186979 0.932031 0.324653
20 0.468359 0.186979 0.932031 0.324653
23 0.4875 0.19375 0.975 0.327083
20 0.742969 0.25 0.509375 0.222222
4 0.29375 0.185417 0.579687 0.324306
12 0.505469 0.233724 0.979687 0.290191
28 0.742969 0.25 0.509375 0.222222
34 0.508594 0.254123 0.976562 0.334809
9 0.696875 0.250651 0.6 0.222309
3 0.761719 0.356597 0.473437 0.435417
8 0.515625 0.247222 0.964062 0.228472
30 0.4875 0.19375 0.975 0.327083
14 0.258008 0.186154 0.510547 0.317969
19 0.257617 0.18559 0.511328 0.320486
12 0.739063 0.254557 0.521875 0.220747
27 0.393359 0.3 0.144531 0.102778
28 0.469922 0.188021 0.935156 0.318403
30 0.257617 0.18559 0.511328 0.320486
8 0.739063 0.254557 0.521875 0.220747
8 0.508594 0.254123 0.976562 0.334809
13 0.468359 0.186979 0.932031 0.324653
6 0.508594 0.254123 0.976562 0.334809
7 0.496094 0.207595 0.970312 0.341753
34 0.515625 0.247222 0.964062 0.228472
12 0.277344 0.267014 0.165625 0.0743055
33 0.393359 0.3 0.144531 0.102778
25 0.487891 0.189236 0.974219 0.324306
30 0.508594 0.254123 0.976562 0.334809
12 0.344727 0.183377 0.552734 0.336024
26 0.468359 0.186979 0.932031 0.324653
23 0.742969 0.25 0.509375 0.222222
32 0.388379 0.300174 0.162305 0.103125
25 0.739063 0.254557 0.521875 0.220747
6 0.487891 0.189236 0.974219 0.324306
20 0.621875 0.25 0.75625 0.223611
34 0.487891 0.189236 0.974219 0.324306
15 0.469922 0.188021 0.935156 0.318403
8 0.487891 0.189236 0.974219 0.324306
18 0.344727 0.183377 0.552734 0.336024
23 0.508594 0.254123 0.976562 0.334809
21 0.742969 0.25 0.509375 0.222222
14 0.487891 0.189236 0.974219 0.324306
12 0.621875 0.25 0.75625 0.223611
20 0.505469 0.233724 0.979687 0.290191
7 0.504687 0.263368 0.9875 0.263542
24 0.352734 0.146007 0.594531 0.292014
6 0.515625 0.247222 0.964062 0.228472
28 0.621875 0.25 0.75625 0.223611
4 0.74375 0.227431 0.5125 0.192361
24 0.469922 0.188021 0.935156 0.318403
11 0.742969 0.25 0.509375 0.222222
12 0.349805 0.298958 0.226953 0.0993056
16 0.258008 0.186154 0.510547 0.317969
19 0.487891 0.189236 0.974219 0.324306
3 0.791406 0.422222 0.414062 0.605556
22 0.696875 0.250651 0.6 0.222309
27 0.349805 0.298958 0.226953 0.0993056
16 0.345703 0.298264 0.238281 0.0986111
23 0.515625 0.247222 0.964062 0.228472
18 0.349805 0.298958 0.226953 0.0993056
21 0.508594 0.254123 0.976562 0.334809
18 0.621875 0.25 0.75625 0.223611
27 0.392969 0.315972 0.128906 0.0715278
9 0.302148 0.187674 0.595703 0.319097
3 0.482031 0.18928 0.964062 0.315885
4 0.491406 0.178819 0.982812 0.338889
4 0.558594 0.248958 0.88125 0.227083
3 0.558594 0.248958 0.88125 0.227083
35 0.483594 0.18316 0.967187 0.323958
4 0.699609 0.248264 0.591406 0.220139
27 0.483594 0.18316 0.967187 0.323958
28 0.483594 0.18316 0.967187 0.323958
12 0.708203 0.247917 0.558594 0.219444
3 0.213281 0.138976 0.425 0.213715
12 0.364062 0.184549 0.626562 0.315625
20 0.483594 0.18316 0.967187 0.323958
35 0.527344 0.23941 0.942187 0.242708
12 0.491406 0.190625 0.982812 0.345833
34 0.517187 0.188151 0.95625 0.336892
3 0.491406 0.189583 0.982812 0.379167
34 0.527344 0.23941 0.942187 0.242708
12 0.296094 0.294792 0.428125 0.122917
4 0.491406 0.189583 0.982812 0.379167
3 0.332617 0.138194 0.531641 0.230556
3 0.685156 0.247266 0.623437 0.231858
5 0.483594 0.18316 0.967187 0.323958
31 0.484766 0.194965 0.969531 0.324653
4 0.695312 0.200043 0.609375 0.117969
35 0.491406 0.189583 0.982812 0.379167
3 0.169043 0.10293 0.333789 0.146224
12 0.333789 0.153776 0.528516 0.261892
18 0.699609 0.248264 0.591406 0.220139
17 0.491406 0.178819 0.982812 0.338889
28 0.527344 0.23941 0.942187 0.242708
29 0.483594 0.18316 0.967187 0.323958
20 0.527344 0.23941 0.942187 0.242708
12 0.325586 0.210938 0.503516 0.293403
18 0.483594 0.18316 0.967187 0.323958
12 0.389844 0.240929 0.639062 0.204253
12 0.284766 0.276042 0.175 0.0527778
20 0.491406 0.189583 0.982812 0.379167
25 0.491406 0.178819 0.982812 0.338889
12 0.551953 0.249262 0.896094 0.226476
12 0.695312 0.200043 0.609375 0.117969
3 0.236328 0.185938 0.458594 0.315625
4 0.364062 0.184549 0.626562 0.315625
3 0.351367 0.178168 0.583203 0.317969
27 0.527344 0.23941 0.942187 0.242708
29 0.189502 0.133681 0.375684 0.203472
29 0.558594 0.248958 0.88125 0.227083
4 0.292773 0.277083 0.188672 0.0527778
34 0.491406 0.189583 0.982812 0.379167
28 0.491406 0.189583 0.982812 0.379167
12 0.386621 0.16072 0.620508 0.201476
12 0.325 0.280382 0.271094 0.065625
12 0.346094 0.27309 0.245313 0.0579861
4 0.333789 0.153776 0.528516 0.261892
12 0.213281 0.138976 0.425 0.213715
21 0.483594 0.18316 0.967187 0.323958
5 0.527344 0.23941 0.942187 0.242708
31 0.527344 0.23941 0.942187 0.242708
23 0.483594 0.18316 0.967187 0.323958
12 0.188477 0.114735 0.365234 0.164974
25 0.527344 0.23941 0.942187 0.242708
3 0.223633 0.115278 0.313672 0.170833
27 0.491406 0.189583 0.982812 0.379167
29 0.169043 0.10293 0.333789 0.146224
27 0.699609 0.248264 0.591406 0.220139
12 0.342773 0.293924 0.264453 0.109375
17 0.527344 0.23941 0.942187 0.242708
18 0.364062 0.184549 0.626562 0.315625
34 0.513281 0.204818 0.951562 0.311198
29 0.528125 0.237109 0.9375 0.248003
4 0.416406 0.189583 0.823437 0.334722
3 0.433203 0.188542 0.855469 0.334028
35 0.269922 0.188194 0.527344 0.323611
25 0.492578 0.18941 0.977344 0.337153
34 0.537109 0.247917 0.922656 0.228472
4 0.269922 0.188194 0.527344 0.323611
3 0.528125 0.237109 0.9375 0.248003
35 0.433203 0.188542 0.855469 0.334028
31 0.495703 0.18928 0.983594 0.336024
22 0.491797 0.18928 0.969531 0.338108
29 0.496094 0.191363 0.960938 0.33533
31 0.528125 0.237109 0.9375 0.248003
4 0.286328 0.274306 0.18125 0.0572917
22 0.522656 0.243012 0.948437 0.238281
12 0.14502 0.166146 0.125195 0.0597222
12 0.285742 0.275694 0.194922 0.05625
12 0.13064 0.16684 0.190674 0.0663195
31 0.345312 0.188021 0.679688 0.328819
25 0.345312 0.188021 0.679688 0.328819
4 0.687109 0.252951 0.577344 0.220486
25 0.522656 0.243012 0.948437 0.238281
3 0.269922 0.188194 0.527344 0.323611
27 0.269922 0.188194 0.527344 0.323611
14 0.985937 0.252431 0.021875 0.0270833
4 0.528125 0.237109 0.9375 0.248003
5 0.495703 0.18928 0.983594 0.336024
12 0.495703 0.18928 0.983594 0.336024
14 0.985937 0.256597 0.025 0.03125
12 0.345312 0.188021 0.679688 0.328819
12 0.168066 0.163021 0.0662109 0.0489583
27 0.433203 0.188542 0.855469 0.334028
12 0.0587891 0.161458 0.10625 0.0256944
12 0.124023 0.186068 0.221094 0.109809
5 0.528125 0.237109 0.9375 0.248003
22 0.345312 0.188021 0.679688 0.328819
12 0.221875 0.144271 0.433594 0.209722
12 0.264844 0.273785 0.136719 0.0569444
14 0.984375 0.256424 0.01875 0.025
34 0.345312 0.188021 0.679688 0.328819
5 0.345312 0.188021 0.679688 0.328819
9 0.495703 0.18928 0.983594 0.336024
4 0.985937 0.253299 0.021875 0.025
28 0.433203 0.188542 0.855469 0.334028
17 0.433203 0.188542 0.855469 0.334028
3 0.308594 0.14566 0.523437 0.223611
13 0.528125 0.237109 0.9375 0.248003
6 0.491016 0.190321 0.967969 0.336024
29 0.678223 0.25434 0.637305 0.218403
13 0.491016 0.190321 0.967969 0.336024
3 0.285742 0.275694 0.194922 0.05625
12 0.687109 0.252951 0.577344 0.220486
1 0.491016 0.190321 0.967969 0.336024
12 0.173145 0.196875 0.199023 0.124653
12 0.328125 0.275694 0.252344 0.0583333
20 0.433203 0.188542 0.855469 0.334028
12 0.528125 0.237109 0.9375 0.248003
12 0.0595215 0.165799 0.105566 0.0385417
4 0.0657715 0.163194 0.118066 0.0309028
18 0.345312 0.188021 0.679688 0.328819
12 0.378906 0.255382 0.571875 0.180208
7 0.491016 0.190321 0.967969 0.336024
16 0.985937 0.256597 0.025 0.03125
12 0.330859 0.175174 0.529687 0.275347
8 0.495703 0.18928 0.983594 0.336024
20 0.984375 0.256424 0.01875 0.025
16 0.984375 0.256424 0.01875 0.025
4 0.379297 0.285937 0.513281 0.132292
34 0.678223 0.25434 0.637305 0.218403
4 0.395703 0.3 0.325781 0.104167
20 0.269922 0.188194 0.527344 0.323611
6 0.985937 0.253299 0.021875 0.025
6 0.522656 0.243012 0.948437 0.238281
4 0.378906 0.255382 0.571875 0.180208
34 0.491016 0.610764 0.972656 0.635417
16 0.985937 0.252431 0.021875 0.0270833
3 0.458594 0.190972 0.895313 0.320139
35 0.458594 0.190972 0.895313 0.320139
4 0.719141 0.24566 0.546094 0.211458
3 0.533203 0.236111 0.914844 0.259028
29 0.530859 0.215799 0.925781 0.294792
34 0.525781 0.222613 0.934375 0.283941
31 0.524219 0.215929 0.942187 0.291753
4 0.462109 0.196181 0.903906 0.317361
4 0.539062 0.229514 0.909375 0.270833
4 0.649902 0.242014 0.68457 0.244444
22 0.525781 0.222613 0.934375 0.283941
27 0.458594 0.190972 0.895313 0.320139
3 0.332812 0.194748 0.651562 0.309809
35 0.539062 0.229514 0.909375 0.270833
31 0.421484 0.189583 0.830469 0.31875
3 0.652246 0.246701 0.681445 0.235764
4 0.39834 0.295312 0.629883 0.105208
4 0.720312 0.199306 0.542187 0.116667
5 0.525781 0.222613 0.934375 0.283941
3 0.361328 0.294097 0.638281 0.104861
35 0.724219 0.245139 0.539062 0.240278
29 0.421484 0.189583 0.830469 0.31875
29 0.652246 0.246701 0.681445 0.235764
3 0.364062 0.295139 0.271875 0.104861
25 0.525781 0.222613 0.934375 0.283941
4 0.271289 0.274479 0.185938 0.0618056
27 0.395703 0.298264 0.15 0.108333
3 0.235156 0.142361 0.455469 0.220139
12 0.271289 0.274479 0.185938 0.0618056
3 0.329297 0.137674 0.576562 0.215625
25 0.650098 0.248264 0.607617 0.225
20 0.458594 0.190972 0.895313 0.320139
12 0.39834 0.295312 0.629883 0.105208
12 0.726172 0.247569 0.533594 0.234028
27 0.539062 0.229514 0.909375 0.270833
3 0.403125 0.297396 0.178906 0.105208
3 0.502344 0.194618 0.982813 0.320486
35 0.503125 0.193359 0.99375 0.317448
34 0.519531 0.210764 0.954687 0.299306
25 0.532031 0.214627 0.935938 0.29783
22 0.516406 0.210113 0.959375 0.30408
29 0.502344 0.194618 0.982813 0.320486
31 0.519531 0.210764 0.954687 0.299306
4 0.503125 0.193359 0.99375 0.317448
7 0.519531 0.210764 0.954687 0.299306
9 0.535937 0.214931 0.928125 0.294444
6 0.516406 0.210113 0.959375 0.30408
1 0.535937 0.214931 0.928125 0.294444
2 0.519531 0.210764 0.954687 0.299306
28 0.503125 0.193359 0.99375 0.317448
5 0.516406 0.210113 0.959375 0.30408
27 0.503125 0.193359 0.99375 0.317448
12 0.522656 0.202127 0.942187 0.306858
3 0.309766 0.190278 0.597656 0.321528
8 0.516406 0.210113 0.959375 0.30408
20 0.503125 0.193359 0.99375 0.317448
15 0.519531 0.210764 0.954687 0.299306
17 0.503125 0.193359 0.99375 0.317448
13 0.521875 0.202778 0.940625 0.309028
14 0.519531 0.210764 0.954687 0.299306
29 0.309766 0.190278 0.597656 0.321528
32 0.516406 0.210113 0.959375 0.30408
19 0.521875 0.202778 0.940625 0.309028
18 0.503125 0.193359 0.99375 0.317448
23 0.503125 0.193359 0.99375 0.317448
11 0.519531 0.210764 0.954687 0.299306
21 0.503125 0.193359 0.99375 0.317448
4 0.643066 0.23572 0.707617 0.257726
30 0.520703 0.192708 0.939844 0.327778
35 0.643066 0.23572 0.707617 0.257726
10 0.519531 0.210764 0.954687 0.299306
25 0.643066 0.23572 0.707617 0.257726
3 0.643066 0.23572 0.707617 0.257726
26 0.521875 0.202778 0.940625 0.309028
33 0.519531 0.210764 0.954687 0.299306
24 0.521875 0.202778 0.940625 0.309028
4 0.739062 0.246181 0.5125 0.230556
3 0.739062 0.246181 0.5125 0.230556
9 0.430469 0.192535 0.842188 0.322569
35 0.302344 0.19184 0.585938 0.320486
34 0.643066 0.23572 0.707617 0.257726
16 0.519531 0.210764 0.954687 0.299306
3 0.474609 0.19375 0.942969 0.324306
35 0.496094 0.196224 0.970312 0.32283
31 0.496094 0.196224 0.970312 0.32283
27 0.474609 0.19375 0.942969 0.324306
29 0.507031 0.204167 0.978125 0.313194
4 0.486719 0.194141 0.970312 0.326302
34 0.507031 0.204167 0.978125 0.313194
3 0.316797 0.192535 0.625781 0.320486
5 0.496094 0.196224 0.970312 0.32283
28 0.496094 0.196224 0.970312 0.32283
27 0.316797 0.192535 0.625781 0.320486
17 0.507031 0.204167 0.978125 0.313194
12 0.496094 0.196224 0.970312 0.32283
20 0.476562 0.192752 0.95 0.323524
22 0.507031 0.204167 0.978125 0.313194
6 0.507031 0.204167 0.978125 0.313194
3 0.225977 0.188715 0.440234 0.305903
21 0.486719 0.194141 0.970312 0.326302
7 0.507031 0.204167 0.978125 0.313194
13 0.507031 0.204167 0.978125 0.313194
29 0.316797 0.192535 0.625781 0.320486
19 0.507031 0.204167 0.978125 0.313194
31 0.316797 0.192535 0.625781 0.320486
25 0.507031 0.204167 0.978125 0.313194
9 0.507031 0.204167 0.978125 0.313194
15 0.507031 0.204167 0.978125 0.313194
23 0.496094 0.196224 0.970312 0.32283
29 0.633203 0.227257 0.725781 0.278819
2 0.507031 0.204167 0.978125 0.313194
35 0.316797 0.192535 0.625781 0.320486
3 0.496094 0.189583 0.975 0.315972
31 0.496094 0.189583 0.975 0.315972
29 0.496094 0.189583 0.975 0.315972
4 0.636621 0.25191 0.718945 0.225347
3 0.304687 0.184028 0.442187 0.302083
4 0.502734 0.237457 0.969531 0.243142
35 0.502344 0.244792 0.970312 0.236806
31 0.2875 0.175694 0.55625 0.288542
34 0.501562 0.24796 0.982812 0.233941
5 0.496094 0.189583 0.975 0.315972
34 0.496094 0.189583 0.975 0.315972
29 0.2875 0.175694 0.55625 0.288542
12 0.273486 0.296875 0.386621 0.109028
34 0.2875 0.175694 0.55625 0.288542
3 0.502344 0.244792 0.970312 0.236806
22 0.41875 0.185938 0.821875 0.308681
31 0.502344 0.244792 0.970312 0.236806
22 0.287695 0.163845 0.558984 0.261892
5 0.2875 0.175694 0.55625 0.288542
3 0.266797 0.298438 0.401563 0.110069
4 0.273486 0.296875 0.386621 0.109028
12 0.501562 0.24796 0.982812 0.233941
27 0.273486 0.296875 0.386621 0.109028
35 0.49375 0.192882 0.978125 0.327431
20 0.304687 0.184028 0.442187 0.302083
25 0.501562 0.24796 0.982812 0.233941
27 0.502734 0.237457 0.969531 0.243142
35 0.636621 0.25191 0.718945 0.225347
12 0.636621 0.25191 0.718945 0.225347
20 0.266797 0.298438 0.401563 0.110069
34 0.636621 0.25191 0.718945 0.225347
29 0.502344 0.244792 0.970312 0.236806
22 0.502344 0.244792 0.970312 0.236806
12 0.304687 0.184028 0.442187 0.302083
23 0.304687 0.184028 0.442187 0.302083
27 0.496094 0.189583 0.975 0.315972
35 0.2875 0.175694 0.55625 0.288542
30 0.497656 0.180035 0.976562 0.291319
13 0.251953 0.168924 0.486719 0.275347
4 0.496094 0.189583 0.975 0.315972
21 0.492188 0.198437 0.976562 0.326736
3 0.265039 0.323698 0.403516 0.0692708
3 0.34707 0.293924 0.229297 0.110069
9 0.496094 0.189583 0.975 0.315972
28 0.505469 0.191319 0.989063 0.322917
18 0.273486 0.296875 0.386621 0.109028
4 0.34707 0.293924 0.229297 0.110069
25 0.496094 0.198655 0.970312 0.31658
25 0.636621 0.25191 0.718945 0.225347
12 0.496094 0.198655 0.970312 0.31658
21 0.251953 0.168924 0.486719 0.275347
3 0.264795 0.346528 0.396973 0.0381944
15 0.304687 0.184028 0.442187 0.302083
23 0.41875 0.185938 0.821875 0.308681
12 0.34707 0.293924 0.229297 0.110069
13 0.497656 0.180035 0.976562 0.291319
27 0.304687 0.184028 0.442187 0.302083
17 0.502734 0.237457 0.969531 0.243142
3 0.238281 0.153993 0.4625 0.239236
5 0.502344 0.244792 0.970312 0.236806
20 0.496094 0.189583 0.975 0.315972
3 0.636621 0.25191 0.718945 0.225347
30 0.2875 0.175694 0.55625 0.288542
28 0.502344 0.244792 0.970312 0.236806
6 0.251953 0.168924 0.486719 0.275347
28 0.2875 0.175694 0.55625 0.288542
9 0.2875 0.175694 0.55625 0.288542
4 0.304687 0.184028 0.442187 0.302083
17 0.251953 0.168924 0.486719 0.275347
25 0.273486 0.296875 0.386621 0.109028
18 0.503125 0.244141 0.982812 0.233247
3 0.22832 0.35 0.327734 0.0388889
4 0.22832 0.35 0.327734 0.0388889
6 0.501562 0.24796 0.982812 0.233941
17 0.497656 0.180035 0.976562 0.291319
7 0.496094 0.189583 0.975 0.315972
35 0.273486 0.296875 0.386621 0.109028
4 0.297266 0.272222 0.199219 0.0597222
4 0.198047 0.353819 0.284766 0.0368056
23 0.248633 0.16059 0.480859 0.252778
21 0.501562 0.24796 0.982812 0.233941
11 0.497656 0.180035 0.976562 0.291319
31 0.273486 0.296875 0.386621 0.109028
15 0.496094 0.189583 0.975 0.315972
4 0.703906 0.247266 0.585937 0.229774
4 0.472656 0.176736 0.932812 0.289583
35 0.4875 0.181424 0.9625 0.310069
25 0.536719 0.246137 0.920312 0.231337
27 0.4875 0.181424 0.9625 0.310069
25 0.703906 0.247266 0.585937 0.229774
4 0.307812 0.170095 0.6 0.272309
3 0.472656 0.176736 0.932812 0.289583
31 0.520312 0.239236 0.951563 0.243056
4 0.536719 0.246137 0.920312 0.231337
35 0.511328 0.226345 0.955469 0.263976
22 0.520312 0.245095 0.951563 0.23342
34 0.533594 0.246701 0.925 0.231597
27 0.307812 0.170095 0.6 0.272309
35 0.307812 0.170095 0.6 0.272309
31 0.503125 0.192535 0.965625 0.321875
25 0.505469 0.19375 0.970312 0.326389
3 0.307812 0.170095 0.6 0.272309
34 0.744531 0.247917 0.503125 0.227083
3 0.511328 0.226345 0.955469 0.263976
34 0.505469 0.19375 0.970312 0.326389
27 0.511328 0.226345 0.955469 0.263976
3 0.733203 0.247917 0.527344 0.229167
31 0.703906 0.247266 0.585937 0.229774
35 0.703906 0.247266 0.585937 0.229774
22 0.505469 0.19375 0.970312 0.326389
22 0.69375 0.248611 0.609375 0.227083
12 0.498437 0.186285 0.96875 0.321875
29 0.501562 0.18954 0.976562 0.320226
12 0.533594 0.246701 0.925 0.231597
12 0.703906 0.247266 0.585937 0.229774
17 0.4875 0.181424 0.9625 0.310069
6 0.520312 0.245095 0.951563 0.23342
21 0.501562 0.18954 0.976562 0.320226
3 0.609277 0.246007 0.775195 0.231597
27 0.703906 0.247266 0.585937 0.229774
31 0.384766 0.172222 0.753906 0.279167
28 0.501562 0.18954 0.976562 0.320226
5 0.498437 0.186285 0.96875 0.321875
12 0.311768 0.289583 0.32959 0.0944445
18 0.490625 0.186675 0.965625 0.311372
12 0.384766 0.172222 0.753906 0.279167
32 0.520312 0.245095 0.951563 0.23342
29 0.733203 0.247917 0.527344 0.229167
3 0.321289 0.291667 0.334766 0.104861
5 0.321484 0.172439 0.628906 0.273872
5 0.533594 0.246701 0.925 0.231597
18 0.311768 0.289583 0.32959 0.0944445
17 0.307812 0.170095 0.6 0.272309
29 0.520312 0.239236 0.951563 0.243056
5 0.69375 0.248611 0.609375 0.227083
2 0.520312 0.239236 0.951563 0.243056
9 0.536719 0.246137 0.920312 0.231337
25 0.384766 0.172222 0.753906 0.279167
18 0.321484 0.172439 0.628906 0.273872
27 0.311768 0.289583 0.32959 0.0944445
18 0.305469 0.280903 0.454687 0.0791667
12 0.314453 0.168707 0.53125 0.279948
6 0.505469 0.19375 0.970312 0.326389
3 0.246484 0.125087 0.474219 0.185937
20 0.490625 0.186675 0.965625 0.311372
17 0.520312 0.239236 0.951563 0.243056
7 0.533594 0.246701 0.925 0.231597
21 0.384766 0.172222 0.753906 0.279167
18 0.536719 0.246137 0.920312 0.231337
27 0.305469 0.280903 0.454687 0.0791667
28 0.384766 0.172222 0.753906 0.279167
33 0.536719 0.246137 0.920312 0.231337
23 0.490625 0.183681 0.96875 0.306944
34 0.384766 0.172222 0.753906 0.279167
29 0.384766 0.172222 0.753906 0.279167
21 0.520312 0.245095 0.951563 0.23342
3 0.305469 0.280903 0.454687 0.0791667
6 0.69375 0.248611 0.609375 0.227083
3 0.4875 0.194401 0.975 0.318837
3 0.498828 0.246528 0.997656 0.238194
29 0.492578 0.193707 0.985156 0.31467
31 0.501172 0.240972 0.994531 0.247917
27 0.433984 0.192405 0.867969 0.31658
29 0.498828 0.246528 0.997656 0.238194
20 0.279883 0.188498 0.551172 0.313281
27 0.501172 0.240972 0.994531 0.247917
31 0.433984 0.192405 0.867969 0.31658
20 0.392871 0.190582 0.776758 0.317448
4 0.501172 0.240972 0.994531 0.247917
5 0.501172 0.240972 0.994531 0.247917
4 0.718359 0.24796 0.542969 0.232552
35 0.501172 0.240972 0.994531 0.247917
3 0.279883 0.188498 0.551172 0.313281
27 0.279883 0.188498 0.551172 0.313281
4 0.433984 0.192405 0.867969 0.31658
35 0.433984 0.192405 0.867969 0.31658
28 0.433984 0.192405 0.867969 0.31658
34 0.520312 0.248915 0.95625 0.229948
23 0.433984 0.192405 0.867969 0.31658
21 0.4875 0.194401 0.975 0.318837
23 0.321875 0.189974 0.476562 0.321441
3 0.669434 0.247526 0.65332 0.235503
35 0.279883 0.188498 0.551172 0.313281
28 0.279883 0.188498 0.551172 0.313281
29 0.669434 0.247526 0.65332 0.235503
30 0.4875 0.194401 0.975 0.318837
22 0.498828 0.246528 0.997656 0.238194
34 0.669434 0.247526 0.65332 0.235503
11 0.433984 0.192405 0.867969 0.31658
9 0.501172 0.240972 0.994531 0.247917
29 0.279883 0.188498 0.551172 0.313281
5 0.494141 0.193403 0.988281 0.309722
3 0.500781 0.187326 0.989062 0.343403
3 0.508203 0.242535 0.977344 0.243403
3 0.363281 0.18559 0.720312 0.323958
29 0.500781 0.187326 0.989062 0.343403
29 0.502344 0.243099 0.99375 0.245747
3 0.736719 0.251215 0.520312 0.235069
34 0.5 0.248437 0.998437 0.237153
29 0.363281 0.18559 0.720312 0.323958
4 0.736719 0.251215 0.520312 0.235069
4 0.508984 0.249132 0.980469 0.235069
31 0.5 0.248437 0.998437 0.237153
29 0.737891 0.251215 0.517969 0.231597
31 0.503516 0.197743 0.988281 0.327431
12 0.732031 0.24822 0.532812 0.235503
5 0.502344 0.243099 0.99375 0.245747
4 0.503516 0.197743 0.988281 0.327431
27 0.500781 0.187326 0.989062 0.343403
34 0.503516 0.197743 0.988281 0.327431
3 0.25 0.189931 0.489062 0.324306
20 0.732031 0.24822 0.532812 0.235503
27 0.511328 0.249479 0.977344 0.232292
28 0.502344 0.243099 0.99375 0.245747
35 0.511328 0.249479 0.977344 0.232292
8 0.511328 0.249479 0.977344 0.232292
3 0.220654 0.349219 0.321973 0.0543403
34 0.689844 0.251345 0.614062 0.229948
29 0.50625 0.430903 0.9875 0.613194
9 0.502344 0.243099 0.99375 0.245747
5 0.500781 0.187326 0.989062 0.343403
27 0.732031 0.24822 0.532812 0.235503
18 0.732031 0.24822 0.532812 0.235503
3 0.50625 0.430903 0.9875 0.613194
29 0.512109 0.534375 0.975781 0.575694
21 0.503516 0.197743 0.988281 0.327431
3 0.512109 0.534375 0.975781 0.575694
31 0.736719 0.251215 0.520312 0.235069
21 0.5 0.248437 0.998437 0.237153
20 0.502344 0.243099 0.99375 0.245747
17 0.511328 0.249479 0.977344 0.232292
27 0.363281 0.18559 0.720312 0.323958
25 0.508984 0.249132 0.980469 0.235069
29 0.25 0.189931 0.489062 0.324306
12 0.511328 0.249479 0.977344 0.232292
5 0.736719 0.251215 0.520312 0.235069
3 0.179102 0.355556 0.328516 0.0458334
23 0.502344 0.243099 0.99375 0.245747
35 0.736719 0.251215 0.520312 0.235069
29 0.596094 0.587153 0.803125 0.584028
9 0.503125 0.187326 0.992188 0.342014
8 0.503516 0.197743 0.988281 0.327431
28 0.732031 0.24822 0.532812 0.235503
31 0.363281 0.18559 0.720312 0.323958
23 0.500781 0.187326 0.989062 0.343403
8 0.736719 0.251215 0.520312 0.235069
19 0.502344 0.243099 0.99375 0.245747
3 0.596094 0.587153 0.803125 0.584028
3 0.466406 0.184418 0.923437 0.323524
4 0.667871 0.250694 0.648633 0.225
3 0.49375 0.23572 0.96875 0.248698
27 0.470312 0.185069 0.928125 0.323611
4 0.514063 0.249957 0.95625 0.225087
4 0.488281 0.196007 0.96875 0.316319
31 0.479687 0.186979 0.953125 0.324653
3 0.271875 0.185069 0.533594 0.313194
31 0.49375 0.23572 0.96875 0.248698
34 0.614453 0.25 0.758594 0.229861
3 0.214453 0.165799 0.417969 0.247569
27 0.49375 0.23572 0.96875 0.248698
3 0.634473 0.250694 0.720117 0.225
27 0.271875 0.185069 0.533594 0.313194
35 0.5 0.247873 0.9875 0.229253
25 0.509375 0.249653 0.965625 0.232639
5 0.5 0.247873 0.9875 0.229253
35 0.488281 0.196007 0.96875 0.316319
29 0.5 0.247873 0.9875 0.229253
34 0.740625 0.249262 0.509375 0.223003
5 0.488281 0.196007 0.96875 0.316319
29 0.488281 0.196007 0.96875 0.316319
3 0.31875 0.289062 0.495312 0.107986
22 0.509375 0.249653 0.965625 0.232639
31 0.634473 0.250694 0.720117 0.225
25 0.654687 0.250304 0.676562 0.22717
3 0.740625 0.249262 0.509375 0.223003
3 0.391016 0.247917 0.590625 0.196528
5 0.667871 0.250694 0.648633 0.225
29 0.667871 0.250694 0.648633 0.225
3 0.332422 0.341319 0.510937 0.0743056
35 0.667871 0.250694 0.648633 0.225
27 0.634473 0.250694 0.720117 0.225
12 0.654687 0.250304 0.676562 0.22717
3 0.244922 0.194141 0.477344 0.220052
3 0.347266 0.376476 0.535937 0.116493
8 0.514063 0.249957 0.95625 0.225087
12 0.509375 0.249653 0.965625 0.232639
28 0.514063 0.249957 0.95625 0.225087
3 0.499609 0.196181 0.989844 0.326389
34 0.510156 0.241319 0.975 0.241667
29 0.509766 0.217057 0.971094 0.296441
3 0.284766 0.192535 0.558594 0.314236
4 0.707031 0.250347 0.55625 0.227778
4 0.504687 0.217014 0.96875 0.295833
31 0.509766 0.217057 0.971094 0.296441
27 0.501172 0.200694 0.991406 0.336806
29 0.624609 0.245182 0.746094 0.230469
35 0.508594 0.226693 0.973437 0.274392
3 0.509766 0.42283 0.955469 0.226562
34 0.673828 0.23316 0.647656 0.260069
34 0.507812 0.184896 0.973437 0.369792
3 0.533594 0.244271 0.928125 0.233681
13 0.510156 0.241319 0.975 0.241667
4 0.630566 0.240278 0.73418 0.244444
12 0.510156 0.241319 0.975 0.241667
28 0.510156 0.241319 0.975 0.241667
3 0.227734 0.172569 0.446875 0.26875
21 0.508594 0.226693 0.973437 0.274392
3 0.497656 0.198437 0.989063 0.336458
27 0.497656 0.198437 0.989063 0.336458
3 0.316211 0.192752 0.622266 0.32283
27 0.316211 0.192752 0.622266 0.32283
29 0.505469 0.202778 0.975 0.330556
4 0.505469 0.202778 0.975 0.330556
31 0.505469 0.202778 0.975 0.330556
9 0.505469 0.202778 0.975 0.330556
5 0.505469 0.202778 0.975 0.330556
17 0.505469 0.202778 0.975 0.330556
7 0.505469 0.202778 0.975 0.330556
23 0.505469 0.202778 0.975 0.330556
20 0.505469 0.202778 0.975 0.330556
28 0.505469 0.202778 0.975 0.330556
35 0.505469 0.202778 0.975 0.330556
18 0.505469 0.202778 0.975 0.330556
3 0.420312 0.194835 0.828125 0.332552
4 0.707031 0.244748 0.578125 0.243837
4 0.519922 0.215972 0.953906 0.306944
29 0.435156 0.193229 0.854687 0.333681
3 0.519531 0.224262 0.954687 0.293142
3 0.707031 0.246007 0.579687 0.245486
4 0.412891 0.192405 0.811719 0.326302
3 0.29375 0.193099 0.572656 0.32283
27 0.487891 0.194097 0.955469 0.338889
4 0.607715 0.182639 0.775195 0.365278
4 0.616309 0.740451 0.75957 0.482986
29 0.707031 0.246007 0.579687 0.245486
4 0.590625 0.812674 0.803125 0.374653
35 0.519922 0.209201 0.952344 0.328819
4 0.589844 0.8875 0.79375 0.225
4 0.635254 0.649653 0.72793 0.645139
5 0.707031 0.246007 0.579687 0.245486
29 0.519531 0.224262 0.954687 0.293142
3 0.496484 0.194271 0.982031 0.331597
3 0.507422 0.254514 0.964844 0.222917
4 0.507422 0.254514 0.964844 0.222917
27 0.494922 0.188194 0.972656 0.31875
4 0.497656 0.194488 0.982812 0.330469
27 0.507422 0.254514 0.964844 0.222917
20 0.464453 0.190972 0.914844 0.313889
4 0.678906 0.249479 0.632812 0.235764
35 0.494922 0.188194 0.972656 0.31875
17 0.426562 0.189062 0.840625 0.310069
27 0.35 0.18928 0.688281 0.306858
18 0.467187 0.184549 0.91875 0.304514
3 0.686719 0.250347 0.61875 0.234722
31 0.507422 0.254514 0.964844 0.222917
35 0.507422 0.254514 0.964844 0.222917
27 0.678906 0.249479 0.632812 0.235764
31 0.496484 0.194271 0.982031 0.331597
29 0.507422 0.254514 0.964844 0.222917
4 0.35 0.18928 0.688281 0.306858
27 0.411328 0.283333 0.153125 0.075
27 0.394922 0.328125 0.117188 0.0465278
27 0.421973 0.273438 0.135742 0.0552083
3 0.408496 0.295833 0.168945 0.101389
23 0.461719 0.188021 0.910937 0.313542
18 0.384277 0.328559 0.0923828 0.0470486
29 0.496484 0.194271 0.982031 0.331597
27 0.400879 0.300694 0.137305 0.0986111
20 0.261133 0.211502 0.522266 0.27283
3 0.273828 0.291319 0.447656 0.109028
35 0.400879 0.300694 0.137305 0.0986111
4 0.273828 0.291319 0.447656 0.109028
12 0.467187 0.184549 0.91875 0.304514
17 0.507422 0.254514 0.964844 0.222917
20 0.507422 0.254514 0.964844 0.222917
20 0.273828 0.291319 0.447656 0.109028
27 0.439844 0.270312 0.0984375 0.0614583
3 0.396875 0.312674 0.119531 0.0760417
35 0.394922 0.328125 0.117188 0.0465278
3 0.35 0.18928 0.688281 0.306858
9 0.400879 0.300694 0.137305 0.0986111
18 0.507422 0.254514 0.964844 0.222917
3 0.303125 0.276042 0.215625 0.0548611
25 0.629297 0.254861 0.588281 0.222222
35 0.396875 0.312674 0.119531 0.0760417
27 0.396875 0.312674 0.119531 0.0760417
27 0.451563 0.273264 0.075 0.0545139
19 0.507422 0.254514 0.964844 0.222917
3 0.474609 0.194965 0.932031 0.327431
29 0.503906 0.23941 0.967187 0.254514
20 0.477344 0.195095 0.939062 0.324392
20 0.333984 0.195443 0.652344 0.323698
3 0.521875 0.250174 0.946875 0.228125
23 0.504297 0.194488 0.991406 0.327691
5 0.521875 0.250174 0.946875 0.228125
28 0.504297 0.194488 0.991406 0.327691
5 0.495313 0.202821 0.985937 0.32908
3 0.333984 0.195443 0.652344 0.323698
35 0.504297 0.194488 0.991406 0.327691
29 0.619434 0.248264 0.74707 0.229861
29 0.474609 0.194965 0.932031 0.327431
31 0.496875 0.197049 0.990625 0.333681
31 0.504687 0.250868 0.975 0.228819
3 0.66416 0.248611 0.660742 0.230556
34 0.504687 0.250347 0.975 0.227083
27 0.474609 0.194965 0.932031 0.327431
4 0.568359 0.249306 0.850781 0.228472
23 0.50625 0.244792 0.960937 0.240278
34 0.495313 0.202821 0.985937 0.32908
4 0.496875 0.199479 0.99375 0.337153
28 0.50625 0.244792 0.960937 0.240278
3 0.216406 0.188845 0.420312 0.312587
17 0.504297 0.194488 0.991406 0.327691
23 0.353516 0.193056 0.691406 0.323611
20 0.233594 0.194618 0.453125 0.321875
35 0.353516 0.193056 0.691406 0.323611
9 0.503906 0.23941 0.967187 0.254514
20 0.50625 0.244792 0.960937 0.240278
8 0.496875 0.197049 0.990625 0.333681
31 0.649316 0.249479 0.685742 0.228819
22 0.522656 0.250174 0.942187 0.228125
25 0.568359 0.249306 0.850781 0.228472
27 0.619434 0.248264 0.74707 0.229861
8 0.504687 0.250347 0.975 0.227083
21 0.504297 0.194488 0.991406 0.327691
26 0.503516 0.200521 0.992969 0.333681
18 0.504297 0.194488 0.991406 0.327691
30 0.503516 0.200521 0.992969 0.333681
28 0.353516 0.193056 0.691406 0.323611
35 0.568359 0.249306 0.850781 0.228472
27 0.242969 0.190972 0.471875 0.318056
11 0.503516 0.200521 0.992969 0.333681
4 0.701562 0.250347 0.553125 0.235417
31 0.353516 0.193056 0.691406 0.323611
13 0.504687 0.250347 0.975 0.227083
1 0.496875 0.197049 0.990625 0.333681
5 0.66416 0.248611 0.660742 0.230556
5 0.353516 0.193056 0.691406 0.323611
30 0.504687 0.250347 0.975 0.227083
21 0.568359 0.249306 0.850781 0.228472
15 0.503516 0.200521 0.992969 0.333681
19 0.496875 0.199479 0.99375 0.337153
18 0.353516 0.193056 0.691406 0.323611
29 0.5125 0.411111 0.953125 0.221528
13 0.496875 0.197049 0.990625 0.333681
4 0.353516 0.193056 0.691406 0.323611
27 0.503906 0.23941 0.967187 0.254514
34 0.649316 0.249479 0.685742 0.228819
28 0.649316 0.249479 0.685742 0.228819
23 0.649316 0.249479 0.685742 0.228819
1 0.504687 0.250868 0.975 0.228819
6 0.504687 0.250868 0.975 0.228819
35 0.500781 0.192882 0.992187 0.334375
3 0.491016 0.187457 0.967969 0.313976
27 0.491016 0.187457 0.967969 0.313976
35 0.686328 0.250998 0.610156 0.224392
4 0.501172 0.192188 0.994531 0.333681
31 0.500781 0.192882 0.992187 0.334375
3 0.258203 0.185807 0.50625 0.307552
27 0.734766 0.248264 0.496094 0.23125
20 0.504687 0.19184 0.990625 0.312847
29 0.496094 0.193012 0.965625 0.33967
4 0.734766 0.248264 0.496094 0.23125
27 0.258203 0.185807 0.50625 0.307552
5 0.49375 0.191623 0.978125 0.341753
3 0.686328 0.250998 0.610156 0.224392
17 0.496094 0.193012 0.965625 0.33967
28 0.49375 0.191623 0.978125 0.341753
18 0.504687 0.19184 0.990625 0.312847
23 0.49375 0.191623 0.978125 0.341753
34 0.735156 0.246875 0.496875 0.233333
34 0.496094 0.193012 0.965625 0.33967
27 0.615723 0.251563 0.760742 0.227431
4 0.596973 0.24553 0.798242 0.233247
31 0.746875 0.249479 0.49375 0.231597
25 0.734766 0.248264 0.496094 0.23125
3 0.291211 0.0913194 0.526172 0.124653
22 0.734766 0.248264 0.496094 0.23125
3 0.498047 0.195833 0.985156 0.326389
3 0.501562 0.248958 0.984375 0.230556
3 0.270898 0.194444 0.530078 0.309028
27 0.485937 0.196181 0.965625 0.31875
3 0.491797 0.443403 0.969531 0.252083
29 0.488672 0.197396 0.972656 0.329514
4 0.488281 0.195312 0.970312 0.330903
31 0.501562 0.203472 0.971875 0.319444
5 0.501562 0.203472 0.971875 0.319444
4 0.514062 0.249132 0.9625 0.231597
3 0.277148 0.42283 0.540234 0.239063
27 0.514062 0.249132 0.9625 0.231597
3 0.491406 0.555903 0.965625 0.414583
31 0.514062 0.249132 0.9625 0.231597
35 0.501562 0.203472 0.971875 0.319444
5 0.514062 0.249132 0.9625 0.231597
29 0.501562 0.248958 0.984375 0.230556
27 0.270898 0.194444 0.530078 0.309028
27 0.429297 0.442708 0.849219 0.242361
17 0.679297 0.25 0.625781 0.230556
3 0.679297 0.25 0.625781 0.230556
4 0.679297 0.25 0.625781 0.230556
8 0.501562 0.203472 0.971875 0.319444
3 0.236719 0.245833 0.4625 0.413194
3 0.234766 0.374653 0.460156 0.404861
7 0.501562 0.203472 0.971875 0.319444
18 0.58125 0.249696 0.828125 0.231163
23 0.501562 0.203472 0.971875 0.319444
35 0.514062 0.249132 0.9625 0.231597
27 0.679297 0.25 0.625781 0.230556
27 0.277148 0.42283 0.540234 0.239063
3 0.4875 0.194965 0.964062 0.328125
29 0.487109 0.193403 0.974219 0.339583
4 0.484766 0.194618 0.969531 0.334375
3 0.287109 0.192361 0.564844 0.30625
31 0.486719 0.19375 0.973437 0.341667
3 0.492969 0.491319 0.970312 0.982639
9 0.486719 0.19375 0.973437 0.341667
5 0.486719 0.19375 0.973437 0.341667
29 0.503125 0.244618 0.984375 0.237847
3 0.345508 0.328472 0.498828 0.0618056
27 0.4875 0.194965 0.964062 0.328125
3 0.503125 0.244618 0.984375 0.237847
33 0.7125 0.311632 0.140625 0.104514
8 0.497656 0.192405 0.982812 0.34158
3 0.313721 0.315972 0.396777 0.0798611
17 0.579687 0.24809 0.834375 0.230903
23 0.486719 0.19375 0.973437 0.341667
17 0.709375 0.246137 0.570312 0.231337
3 0.331201 0.296701 0.321191 0.108681
19 0.4875 0.195139 0.9625 0.328472
4 0.572656 0.243403 0.848437 0.2375
26 0.4875 0.195139 0.9625 0.328472
8 0.719922 0.310937 0.0929687 0.107292
21 0.4875 0.195139 0.9625 0.328472
3 0.218359 0.17309 0.426562 0.275347
3 0.4875 0.194835 0.964062 0.330469
4 0.489453 0.195139 0.971094 0.334028
35 0.491797 0.195139 0.972656 0.331944
31 0.489844 0.193924 0.973438 0.334375
29 0.49375 0.197222 0.98125 0.334722
34 0.505078 0.200347 0.977344 0.330556
5 0.489844 0.193924 0.973438 0.334375
27 0.491797 0.195139 0.972656 0.331944
17 0.489062 0.190451 0.9625 0.324653
20 0.489062 0.190451 0.9625 0.324653
25 0.505078 0.200347 0.977344 0.330556
3 0.290234 0.196701 0.571094 0.321875
3 0.24375 0.160243 0.482812 0.255208
23 0.489062 0.190451 0.9625 0.324653
28 0.489062 0.190451 0.9625 0.324653
9 0.489844 0.193924 0.973438 0.334375
18 0.489062 0.190451 0.9625 0.324653
3 0.483594 0.193446 0.964062 0.342274
29 0.485937 0.19809 0.96875 0.341319
3 0.234766 0.156076 0.469531 0.246181
3 0.308984 0.295139 0.474219 0.122222
27 0.474609 0.193403 0.941406 0.323611
3 0.580469 0.249132 0.826563 0.237153
27 0.674609 0.249002 0.636719 0.236719
31 0.485937 0.19809 0.96875 0.341319
3 0.430078 0.29566 0.603906 0.119792
31 0.580469 0.249132 0.826563 0.237153
20 0.485937 0.19809 0.96875 0.341319
4 0.580469 0.249132 0.826563 0.237153
3 0.395703 0.242404 0.592969 0.225608
23 0.485937 0.19809 0.96875 0.341319
3 0.301172 0.322917 0.467969 0.0826389
3 0.275781 0.186849 0.473437 0.268663
35 0.590625 0.24796 0.80625 0.24158
3 0.286328 0.341753 0.440625 0.0512153
3 0.345117 0.200304 0.545703 0.270226
3 0.429297 0.214062 0.611719 0.293403
3 0.380469 0.274306 0.5625 0.152083
27 0.524609 0.247526 0.928906 0.241059
4 0.483594 0.197743 0.964062 0.335764
26 0.485937 0.19809 0.96875 0.341319
21 0.485937 0.19809 0.96875 0.341319
5 0.580469 0.249132 0.826563 0.237153
30 0.485937 0.19809 0.96875 0.341319
3 0.344727 0.123785 0.548047 0.191319
3 0.320703 0.102691 0.486719 0.149826
29 0.524609 0.247526 0.928906 0.241059
3 0.238672 0.105404 0.477344 0.152387
5 0.492969 0.202257 0.979687 0.334375
3 0.298828 0.370833 0.471094 0.108333
35 0.485937 0.19809 0.96875 0.341319
19 0.485937 0.19809 0.96875 0.341319
20 0.524609 0.247526 0.928906 0.241059
25 0.674609 0.249002 0.636719 0.236719
13 0.485937 0.19809 0.96875 0.341319
18 0.671484 0.248438 0.644531 0.239236
29 0.674609 0.249002 0.636719 0.236719
17 0.485937 0.19809 0.96875 0.341319
11 0.485937 0.19809 0.96875 0.341319
3 0.485156 0.191319 0.9625 0.315278
29 0.489844 0.188238 0.979687 0.349913
23 0.489844 0.183377 0.979687 0.355469
31 0.489844 0.188238 0.979687 0.349913
5 0.490625 0.182292 0.98125 0.364583
4 0.490625 0.182292 0.98125 0.364583
20 0.490625 0.182292 0.98125 0.364583
35 0.499219 0.182292 0.990625 0.364583
34 0.499219 0.182292 0.990625 0.364583
17 0.490625 0.182292 0.98125 0.364583
3 0.346484 0.293576 0.2625 0.107292
27 0.489844 0.188238 0.979687 0.349913
7 0.489844 0.188238 0.979687 0.349913
30 0.489844 0.188238 0.979687 0.349913
9 0.489844 0.188238 0.979687 0.349913
28 0.490625 0.182292 0.98125 0.364583
19 0.489844 0.188238 0.979687 0.349913
18 0.490625 0.182292 0.98125 0.364583
26 0.485547 0.190451 0.963281 0.317708
35 0.623438 0.221181 0.7375 0.283333
8 0.486719 0.188194 0.973437 0.339583
3 0.742188 0.245833 0.46875 0.239583
1 0.490625 0.182292 0.98125 0.364583
34 0.623438 0.221181 0.7375 0.283333
21 0.489844 0.188238 0.979687 0.349913
13 0.489844 0.188238 0.979687 0.349913
20 0.337891 0.29375 0.284375 0.10625
11 0.489844 0.188238 0.979687 0.349913
3 0.482031 0.188194 0.954687 0.319444
27 0.478906 0.192318 0.948437 0.30842
4 0.499609 0.193056 0.980469 0.334028
29 0.492969 0.18954 0.967188 0.326476
35 0.508984 0.196007 0.969531 0.337153
3 0.344531 0.184549 0.673437 0.297569
20 0.499609 0.193056 0.980469 0.334028
31 0.499609 0.193056 0.980469 0.334028
17 0.499609 0.193056 0.980469 0.334028
23 0.499609 0.193056 0.980469 0.334028
7 0.978125 0.250347 0.0375 0.0322917
18 0.499609 0.193056 0.980469 0.334028
5 0.499609 0.193056 0.980469 0.334028
7 0.970312 0.251215 0.053125 0.0364583
7 0.982031 0.254514 0.03125 0.0375
19 0.499609 0.193056 0.980469 0.334028
26 0.482812 0.182465 0.957812 0.308681
21 0.492969 0.18954 0.967188 0.326476
28 0.499609 0.193056 0.980469 0.334028
25 0.970312 0.251215 0.053125 0.0364583
27 0.344531 0.184549 0.673437 0.297569
11 0.482812 0.182465 0.957812 0.308681
3 0.490625 0.198958 0.98125 0.35625
29 0.497656 0.190972 0.982812 0.365972
31 0.5 0.192361 0.973437 0.373611
27 0.491016 0.19809 0.982031 0.362153
4 0.730469 0.251389 0.521875 0.232639
4 0.495313 0.189931 0.98125 0.369444
3 0.292578 0.197873 0.577344 0.334809
20 0.497656 0.190972 0.982812 0.365972
17 0.495313 0.189931 0.98125 0.369444
35 0.503906 0.189236 0.982812 0.365972
23 0.495313 0.189931 0.98125 0.369444
5 0.5 0.192361 0.973437 0.373611
9 0.5 0.192361 0.973437 0.373611
3 0.490625 0.185243 0.973437 0.330903
27 0.498828 0.188542 0.996094 0.340972
29 0.499219 0.18559 0.998437 0.346875
31 0.496094 0.187674 0.992188 0.357986
3 0.343164 0.195486 0.542578 0.313889
4 0.496094 0.187674 0.992188 0.357986
3 0.248828 0.151432 0.497656 0.229774
3 0.339453 0.295486 0.296094 0.107639
3 0.229297 0.103624 0.458594 0.137543
27 0.500391 0.205556 0.977344 0.325694
3 0.498437 0.2 0.990625 0.338889
35 0.501562 0.213542 0.9875 0.306944
4 0.499219 0.208333 0.976562 0.327083
3 0.279297 0.193229 0.546094 0.308681
31 0.501562 0.213542 0.9875 0.306944
3 0.492188 0.201042 0.982812 0.344444
4 0.492188 0.201042 0.982812 0.344444
27 0.492188 0.201042 0.982812 0.344444
17 0.494141 0.199306 0.988281 0.349306
35 0.494141 0.199306 0.988281 0.349306
3 0.273633 0.0953993 0.544922 0.131771
23 0.35 0.0942708 0.53125 0.123958
29 0.494141 0.199306 0.988281 0.349306
3 0.371094 0.0960938 0.507031 0.113368
27 0.35 0.0942708 0.53125 0.123958
20 0.494531 0.196354 0.989062 0.355903
12 0.35 0.0942708 0.53125 0.123958
8 0.711719 0.311111 0.167187 0.108333
3 0.267188 0.15625 0.529687 0.252778
3 0.486719 0.18559 0.967188 0.329514
29 0.480859 0.182639 0.961719 0.353472
3 0.332422 0.191667 0.658594 0.313889
23 0.486719 0.18559 0.967188 0.329514
34 0.491406 0.184028 0.979687 0.368056
31 0.480859 0.182639 0.961719 0.353472
20 0.485937 0.1875 0.965625 0.334722
35 0.490625 0.186458 0.98125 0.372917
27 0.480859 0.182639 0.961719 0.353472
28 0.491406 0.184028 0.979687 0.368056
4 0.480859 0.182639 0.961719 0.353472
5 0.486719 0.18559 0.967188 0.329514
30 0.480469 0.201215 0.954687 0.365625
21 0.480859 0.182639 0.961719 0.353472
3 0.499219 0.189583 0.99375 0.322917
4 0.5 0.197222 1 0.330556
28 0.503125 0.23572 0.9875 0.259809
29 0.5 0.197222 1 0.330556
27 0.500781 0.194097 0.998438 0.328472
17 0.498437 0.210243 0.99375 0.307292
34 0.503125 0.23572 0.9875 0.259809
35 0.498437 0.210243 0.99375 0.307292
20 0.498437 0.210243 0.99375 0.307292
26 0.5 0.195443 1 0.328559
29 0.518359 0.244618 0.960156 0.241319
3 0.518359 0.244618 0.960156 0.241319
25 0.444531 0.275868 0.0898438 0.0576389
19 0.5 0.195443 1 0.328559
3 0.491016 0.188715 0.974219 0.308681
29 0.4875 0.192708 0.975 0.324306
3 0.273828 0.292882 0.434375 0.105903
27 0.485937 0.193576 0.971875 0.326736
3 0.252734 0.277083 0.410156 0.115972
3 0.264453 0.099566 0.446094 0.125868
3 0.311719 0.187326 0.615625 0.301736
4 0.4875 0.192708 0.975 0.324306
3 0.494141 0.188498 0.988281 0.33342
35 0.495312 0.192708 0.990625 0.345139
27 0.491406 0.18941 0.976562 0.328819
4 0.491406 0.189193 0.982812 0.338976
18 0.983594 0.328472 0.028125 0.0243056
28 0.495312 0.192708 0.990625 0.345139
17 0.984375 0.328125 0.028125 0.0319444
17 0.494531 0.189583 0.979687 0.323611
4 0.503125 0.206901 0.99375 0.323003
35 0.5125 0.20625 0.975 0.323611
3 0.500781 0.199696 0.998438 0.336024
27 0.500781 0.199696 0.998438 0.336024
31 0.5125 0.20625 0.975 0.323611
28 0.502344 0.199957 0.995312 0.344531
20 0.5125 0.20625 0.975 0.323611
17 0.502344 0.199957 0.995312 0.344531
3 0.513672 0.760243 0.972656 0.479514
3 0.513281 0.834028 0.973438 0.331944
18 0.5 0.199826 1 0.346181
3 0.498437 0.19809 0.996875 0.342708
3 0.500781 0.664583 0.982813 0.659722
27 0.500781 0.203125 0.99375 0.336806
4 0.5 0.200521 1 0.344097
27 0.495703 0.656944 0.983594 0.675
17 0.495703 0.656944 0.983594 0.675
35 0.503516 0.207118 0.986719 0.324653
3 0.335156 0.193576 0.6625 0.319792
7 0.495703 0.667014 0.982031 0.628472
3 0.500781 0.194271 0.992187 0.348264
29 0.500391 0.199957 0.983594 0.340365
17 0.512109 0.207595 0.966406 0.322309
3 0.249219 0.174609 0.4875 0.282726
27 0.500781 0.20191 0.985937 0.342014
4 0.500781 0.20191 0.985937 0.342014
33 0.501172 0.194575 0.982031 0.353906
12 0.728516 0.243056 0.511719 0.244444
3 0.330859 0.188194 0.650781 0.322222
3 0.494531 0.196354 0.976562 0.326736
35 0.518359 0.216319 0.957031 0.302778
4 0.505859 0.213368 0.950781 0.311458
29 0.518359 0.216319 0.957031 0.302778
27 0.492578 0.201563 0.980469 0.339931
34 0.521875 0.229167 0.942187 0.273611
3 0.33457 0.192535 0.660547 0.317014
17 0.515625 0.221484 0.959375 0.294531
28 0.515625 0.221484 0.959375 0.294531
31 0.492578 0.201563 0.980469 0.339931
20 0.505859 0.213368 0.950781 0.311458
34 0.642871 0.2375 0.701758 0.252778
34 0.509375 0.676562 0.967187 0.646875
5 0.489844 0.20178 0.978125 0.32908
3 0.503516 0.2 0.992969 0.330556
29 0.508203 0.206076 0.983594 0.329514
27 0.503125 0.207986 0.99375 0.34375
23 0.508203 0.206076 0.983594 0.329514
3 0.275 0.180903 0.546875 0.290972
35 0.508203 0.206076 0.983594 0.329514
28 0.508203 0.206076 0.983594 0.329514
18 0.984375 0.332292 0.028125 0.025
34 0.510156 0.870833 0.960937 0.258333
4 0.508203 0.206076 0.983594 0.329514
3 0.501172 0.199306 0.997656 0.316667
29 0.510156 0.205556 0.970312 0.321528
35 0.510156 0.205556 0.970312 0.321528
3 0.315625 0.19566 0.621875 0.311458
34 0.517578 0.208854 0.963281 0.315625
4 0.500781 0.206988 0.998438 0.31658
31 0.500391 0.202778 0.999219 0.322222
28 0.517578 0.208854 0.963281 0.315625
34 0.504297 0.871528 0.991406 0.256944
29 0.504297 0.871528 0.991406 0.256944
17 0.500391 0.201779 0.999219 0.321441
34 0.502344 0.917361 0.995312 0.165278
31 0.582812 0.317014 0.0484375 0.0201389
3 0.498437 0.194792 0.978125 0.336111
29 0.521875 0.198611 0.946875 0.3375
34 0.521875 0.198611 0.946875 0.3375
20 0.463672 0.187196 0.913281 0.314497
23 0.497656 0.19796 0.979687 0.342969
28 0.497656 0.19796 0.979687 0.342969
3 0.283203 0.186111 0.553906 0.309028
4 0.498437 0.194792 0.978125 0.336111
35 0.498437 0.194792 0.978125 0.336111
5 0.498437 0.194792 0.978125 0.336111
27 0.498437 0.194792 0.978125 0.336111
29 0.589062 0.245833 0.810937 0.243056
34 0.589062 0.245833 0.810937 0.243056
20 0.301172 0.187196 0.585156 0.311719
8 0.497656 0.19796 0.979687 0.342969
9 0.497266 0.197222 0.983594 0.342361
31 0.517187 0.197396 0.959375 0.341319
3 0.498437 0.189062 0.984375 0.328125
29 0.494531 0.190321 0.985937 0.333941
23 0.496875 0.189583 0.984375 0.328472
34 0.506641 0.182292 0.975781 0.352083
35 0.506641 0.182292 0.975781 0.352083
31 0.583594 0.317187 0.0492188 0.0246528
35 0.586719 0.317187 0.05625 0.0246528
29 0.0538574 0.30625 0.0432617 0.0211806
31 0.585938 0.324219 0.053125 0.0293403
29 0.0645996 0.306771 0.0407227 0.021875
5 0.499219 0.186675 0.9875 0.329427
31 0.0538574 0.30625 0.0432617 0.0211806
4 0.502734 0.182292 0.986719 0.348611
31 0.505469 0.178516 0.979687 0.352691
28 0.506641 0.182292 0.975781 0.352083
31 0.0645996 0.306771 0.0407227 0.021875
20 0.487109 0.191146 0.969531 0.321181
29 0.507031 0.202734 0.98125 0.319531
3 0.501562 0.196875 0.98125 0.320833
29 0.582812 0.315278 0.0484375 0.01875
31 0.582031 0.315625 0.04375 0.01875
29 0.567969 0.313889 0.075 0.0208333
23 0.507031 0.202734 0.98125 0.319531
3 0.504687 0.200043 0.9875 0.325608
29 0.510937 0.199826 0.975 0.330903
31 0.582031 0.318403 0.046875 0.0215278
23 0.510937 0.199826 0.975 0.330903
28 0.510937 0.199826 0.975 0.330903
18 0.586719 0.326389 0.05 0.0243056
30 0.509766 0.19375 0.972656 0.35
16 0.582812 0.325347 0.046875 0.0236111
7 0.509766 0.19375 0.972656 0.35
20 0.510547 0.190278 0.974219 0.35
34 0.510937 0.199826 0.975 0.330903
26 0.509766 0.19375 0.972656 0.35
17 0.510547 0.190278 0.974219 0.35
9 0.509766 0.19375 0.972656 0.35
13 0.509766 0.19375 0.972656 0.35
31 0.586719 0.326389 0.05 0.0243056
5 0.505469 0.203299 0.989063 0.329514
3 0.503125 0.198655 0.984375 0.31658
3 0.332031 0.192882 0.646875 0.314931
3 0.571094 0.243403 0.851562 0.240972
29 0.516406 0.217535 0.959375 0.292014
31 0.585156 0.317014 0.046875 0.0201389
3 0.494531 0.205208 0.965625 0.309028
4 0.515625 0.245443 0.957812 0.23967
27 0.519922 0.244444 0.952344 0.242361
29 0.517969 0.246354 0.954687 0.239236
35 0.515625 0.245443 0.957812 0.23967
17 0.515625 0.245443 0.957812 0.23967
3 0.219141 0.0935764 0.403906 0.116319
3 0.541797 0.246354 0.908594 0.238542
3 0.279492 0.190234 0.548047 0.307726
28 0.515625 0.245443 0.957812 0.23967
34 0.5125 0.247222 0.965625 0.238889
26 0.519922 0.244444 0.952344 0.242361
3 0.494531 0.188845 0.970312 0.329253
29 0.471875 0.188368 0.921875 0.321875
3 0.316406 0.188715 0.620312 0.312847
4 0.501172 0.19184 0.989844 0.330208
27 0.501172 0.19184 0.989844 0.330208
17 0.501172 0.19184 0.989844 0.330208
35 0.471875 0.188368 0.921875 0.321875
31 0.471875 0.188368 0.921875 0.321875
3 0.507812 0.199132 0.98125 0.324653
27 0.5125 0.203429 0.975 0.32092
29 0.5 0.197613 0.975 0.32283
20 0.5 0.197613 0.975 0.32283
4 0.5125 0.203429 0.975 0.32092
3 0.325391 0.192361 0.636719 0.311806
31 0.5 0.197613 0.975 0.32283
35 0.5125 0.203429 0.975 0.32092
31 0.579687 0.316319 0.04375 0.0208333
3 0.504297 0.204514 0.991406 0.316667
29 0.511719 0.217404 0.976562 0.299913
4 0.511719 0.217404 0.976562 0.299913
27 0.511719 0.211502 0.976562 0.312413
17 0.511719 0.217404 0.976562 0.299913
3 0.503906 0.196354 0.992188 0.326042
29 0.513281 0.205382 0.973438 0.322569
34 0.514063 0.210937 0.971875 0.312847
31 0.5125 0.209592 0.975 0.32526
28 0.511719 0.205903 0.976562 0.321528
23 0.504687 0.200868 0.990625 0.327431
35 0.5125 0.209592 0.975 0.32526
3 0.501562 0.200174 0.990625 0.324653
29 0.501562 0.204687 0.990625 0.325347
35 0.510938 0.214931 0.970312 0.30625
23 0.502734 0.20816 0.994531 0.326736
34 0.511719 0.210069 0.973437 0.317361
31 0.580469 0.315972 0.040625 0.0173611
20 0.509375 0.211154 0.973438 0.32283
3 0.2875 0.194488 0.565625 0.313802
3 0.504687 0.191146 0.990625 0.323958
29 0.520312 0.213368 0.953125 0.298264
34 0.520312 0.213368 0.953125 0.298264
35 0.520312 0.213368 0.953125 0.298264
31 0.515625 0.207335 0.96875 0.308941
3 0.290625 0.188542 0.573437 0.310417
3 0.494141 0.189193 0.967969 0.323003
29 0.507031 0.193576 0.985937 0.329514
31 0.496094 0.188368 0.96875 0.323264
3 0.262305 0.189757 0.512891 0.309375
34 0.507812 0.196875 0.984375 0.33125
23 0.507812 0.196875 0.984375 0.33125
35 0.507031 0.193576 0.985937 0.329514
4 0.497266 0.192665 0.974219 0.334809
5 0.496094 0.188368 0.96875 0.323264
27 0.497266 0.192665 0.974219 0.334809
12 0.726953 0.23316 0.536719 0.197569
13 0.510156 0.204818 0.973437 0.313976
3 0.494531 0.197396 0.976562 0.319097
29 0.977344 0.331944 0.0421875 0.0236111
35 0.503125 0.203125 0.99375 0.31875
29 0.501562 0.2 0.990625 0.322917
4 0.503125 0.203125 0.99375 0.31875
29 0.984375 0.331944 0.0265625 0.0229167
29 0.969531 0.333681 0.0546875 0.0236111
31 0.501562 0.2 0.990625 0.322917
29 0.0432617 0.306597 0.0328125 0.0173611
29 0.971875 0.34375 0.0546875 0.0361111
34 0.503125 0.203125 0.99375 0.31875
3 0.504297 0.198437 0.991406 0.342014
18 0.585156 0.326736 0.053125 0.0243056
29 0.507031 0.196701 0.985937 0.355208
35 0.514063 0.199653 0.971875 0.340972
11 0.9875 0.254514 0.0218749 0.0388889
3 0.238867 0.195139 0.469922 0.320833
4 0.514063 0.199653 0.971875 0.340972
11 0.984375 0.269097 0.025 0.111111
3 0.39375 0.294792 0.155469 0.115972
3 0.503125 0.201042 0.990625 0.340972
29 0.503906 0.203082 0.992188 0.345226
31 0.503906 0.203082 0.992188 0.345226
4 0.504687 0.202127 0.989062 0.338802
3 0.504297 0.198611 0.991406 0.338194
29 0.503125 0.201389 0.99375 0.343056
4 0.511719 0.202083 0.976562 0.333333
31 0.503906 0.20191 0.992188 0.343403
35 0.511719 0.202083 0.976562 0.333333
34 0.503906 0.201693 0.992188 0.33342
3 0.490234 0.19566 0.966406 0.334375
29 0.513281 0.201042 0.971875 0.331944
34 0.513281 0.201042 0.971875 0.331944
12 0.984375 0.328472 0.028125 0.0291667
31 0.505078 0.200347 0.983594 0.344444
23 0.50625 0.200174 0.9875 0.339931
5 0.505078 0.200347 0.983594 0.344444
12 0.985156 0.321354 0.028125 0.0434028
12 0.984375 0.335069 0.028125 0.0631944
18 0.984375 0.329861 0.028125 0.0256945
3 0.5 0.195139 0.978125 0.336111
4 0.51875 0.198785 0.9625 0.332986
29 0.507812 0.195703 0.984375 0.34401
35 0.51875 0.196701 0.959375 0.338542
27 0.51875 0.198785 0.9625 0.332986
12 0.984375 0.328125 0.028125 0.0277778
17 0.51875 0.196701 0.959375 0.338542
3 0.491406 0.195312 0.967187 0.323264
29 0.504687 0.198785 0.990625 0.329514
34 0.505469 0.199696 0.989063 0.328385
31 0.504687 0.194401 0.979687 0.338281
9 0.504687 0.194401 0.979687 0.338281
4 0.504687 0.194401 0.979687 0.338281
3 0.501562 0.198264 0.990625 0.338194
29 0.501562 0.199002 0.990625 0.339497
35 0.514844 0.202821 0.96875 0.328385
17 0.507812 0.199957 0.984375 0.336892
12 0.984375 0.329253 0.0296875 0.0262153
34 0.507031 0.203776 0.985937 0.336892
4 0.501953 0.198785 0.989844 0.345486
31 0.503906 0.197917 0.992188 0.344444
18 0.983594 0.330208 0.0296874 0.0236111
9 0.503906 0.197917 0.992188 0.344444
28 0.514844 0.202821 0.96875 0.328385
3 0.498437 0.194965 0.98125 0.332986
29 0.498047 0.196875 0.980469 0.335417
31 0.502344 0.194444 0.979687 0.345833
12 0.984375 0.327691 0.028125 0.0237847
18 0.984375 0.32908 0.028125 0.0223959
3 0.271094 0.197526 0.53125 0.317448
0 0.986719 0.253993 0.021875 0.034375
3 0.497656 0.19184 0.979687 0.335069
29 0.501562 0.194488 0.990625 0.337413
31 0.503125 0.190104 0.990625 0.340625
12 0.985156 0.328125 0.028125 0.0270833
30 0.503125 0.190104 0.990625 0.340625
12 0.984375 0.334722 0.03125 0.0659722
34 0.500781 0.197917 0.985937 0.333333
18 0.984375 0.329514 0.028125 0.0243056
4 0.500781 0.197917 0.985937 0.333333
29 0.503125 0.197526 0.990625 0.335503
3 0.479297 0.194792 0.944531 0.330556
31 0.491016 0.19579 0.967969 0.342448
18 0.984375 0.32908 0.028125 0.0251736
34 0.504687 0.20204 0.9875 0.332031
3 0.500781 0.197222 0.992187 0.343056
27 0.514844 0.210243 0.965625 0.309375
17 0.514844 0.210243 0.965625 0.309375
4 0.512891 0.213715 0.967969 0.305903
29 0.501562 0.195529 0.989063 0.347135
3 0.502734 0.193707 0.994531 0.33342
17 0.518359 0.206901 0.955469 0.313976
29 0.503125 0.196528 0.99375 0.333333
35 0.514844 0.195312 0.960938 0.337153
4 0.502734 0.193707 0.994531 0.33342
27 0.514844 0.195312 0.960938 0.337153
28 0.521094 0.19809 0.946875 0.324653
20 0.514844 0.195312 0.960938 0.337153
31 0.503906 0.190799 0.992188 0.341319
34 0.5125 0.201042 0.965625 0.329167
26 0.514844 0.195312 0.960938 0.337153
23 0.503125 0.196528 0.99375 0.333333
3 0.498828 0.195095 0.989844 0.334809
29 0.500781 0.196528 0.995312 0.341667
27 0.509375 0.202604 0.978125 0.333681
4 0.5 0.197222 0.996875 0.336806
17 0.511719 0.198437 0.973437 0.337847
18 0.983594 0.330208 0.0296874 0.0229167
35 0.511719 0.198437 0.973437 0.337847
31 0.983594 0.330208 0.0296874 0.0229167
3 0.496875 0.193707 0.984375 0.332031
29 0.504687 0.198264 0.98125 0.334028
34 0.505078 0.199262 0.983594 0.334809
31 0.501172 0.192535 0.996094 0.342708
32 0.707031 0.288194 0.104688 0.0586806
3 0.497656 0.193576 0.984375 0.328819
29 0.500781 0.199002 0.99375 0.332552
4 0.496875 0.197396 0.98125 0.342708
3 0.504297 0.193576 0.991406 0.332292
29 0.500781 0.199957 0.982813 0.346615
4 0.500781 0.199957 0.982813 0.346615
3 0.501953 0.195312 0.986719 0.332986
29 0.502734 0.196701 0.994531 0.335764
4 0.500781 0.199132 0.984375 0.343403
3 0.496875 0.194141 0.979687 0.333246
29 0.500781 0.197179 0.982813 0.335503
31 0.580078 0.313715 0.0445313 0.0190972
29 0.979687 0.329514 0.0374999 0.0263889
3 0.219141 0.177083 0.428906 0.2875
29 0.96875 0.329861 0.059375 0.0291667
4 0.500781 0.197179 0.982813 0.335503
3 0.492969 0.190929 0.973437 0.327865
29 0.501562 0.193012 0.989063 0.336892
4 0.501562 0.193012 0.989063 0.336892
29 0.979687 0.329861 0.0374999 0.03125
34 0.501562 0.193012 0.989063 0.336892
35 0.500391 0.190321 0.989844 0.349913
11 0.985937 0.253125 0.021875 0.04375
3 0.494531 0.193229 0.98125 0.326736
27 0.503516 0.203646 0.985156 0.322569
4 0.496875 0.197179 0.990625 0.332726
29 0.496875 0.197179 0.990625 0.332726
29 0.978906 0.330469 0.0375 0.0237847
3 0.496875 0.193793 0.979687 0.336024
29 0.495312 0.193229 0.990625 0.341319
34 0.495312 0.193229 0.990625 0.341319
4 0.495312 0.193229 0.990625 0.341319
29 0.964844 0.331858 0.0515625 0.0223958
29 0.978125 0.330469 0.040625 0.0223958
9 0.497656 0.188845 0.985937 0.35217
17 0.497656 0.188845 0.985937 0.35217
31 0.497656 0.188845 0.985937 0.35217
35 0.495312 0.193229 0.990625 0.341319
3 0.492969 0.196181 0.970312 0.336806
29 0.509375 0.199132 0.959375 0.337153
35 0.509375 0.199132 0.959375 0.337153
31 0.499219 0.196701 0.973437 0.344097
4 0.495703 0.196224 0.969531 0.344358
3 0.490625 0.193576 0.971875 0.329514
29 0.501562 0.188238 0.976562 0.348524
3 0.494922 0.193576 0.977344 0.332986
29 0.510156 0.190104 0.960937 0.348264
3 0.496094 0.194965 0.982812 0.331597
29 0.494141 0.195833 0.980469 0.3375
4 0.507031 0.202083 0.971875 0.329167
17 0.513281 0.194792 0.959375 0.340972
34 0.507031 0.202083 0.971875 0.329167
35 0.513281 0.194792 0.959375 0.340972
3 0.501953 0.197396 0.989844 0.330208
29 0.499219 0.199826 0.992188 0.337153
3 0.476562 0.194792 0.942187 0.320833
29 0.494531 0.195833 0.985937 0.329167
4 0.493359 0.194444 0.975781 0.327778
3 0.501172 0.196528 0.985156 0.331944
29 0.501562 0.198568 0.984375 0.336198
29 0.0455566 0.305208 0.0393555 0.0194445
29 0.0534668 0.304861 0.0469727 0.0208333
27 0.498437 0.197917 0.990625 0.333333
3 0.499219 0.194401 0.9875 0.330642
29 0.495703 0.194141 0.991406 0.33533
31 0.984375 0.330556 0.028125 0.0208333
4 0.5 0.192882 0.985937 0.335764
3 0.508594 0.196528 0.970312 0.333333
29 0.504687 0.19171 0.990625 0.342274
3 0.501562 0.192188 0.990625 0.332292
27 0.510156 0.199349 0.976562 0.331858
29 0.502344 0.196224 0.995312 0.334635
4 0.510156 0.199349 0.976562 0.331858
3 0.503906 0.191276 0.992188 0.330642
29 0.504297 0.192361 0.986719 0.3375
4 0.508984 0.196484 0.974219 0.334115
35 0.514453 0.198264 0.966406 0.332639
27 0.514453 0.198264 0.966406 0.332639
3 0.502344 0.192057 0.995312 0.336719
29 0.503125 0.192014 0.99375 0.340972
3 0.504687 0.195312 0.990625 0.334375
29 0.504687 0.195139 0.990625 0.336111
27 0.510938 0.198264 0.970312 0.334028
3 0.325 0.110937 0.554688 0.159722
3 0.49375 0.196181 0.98125 0.328472
29 0.502344 0.200043 0.995312 0.340191
34 0.502344 0.200043 0.995312 0.340191
17 0.503516 0.201693 0.992969 0.33967
33 0.503516 0.201693 0.992969 0.33967
4 0.502344 0.200043 0.995312 0.340191
35 0.507031 0.201215 0.982812 0.337847
31 0.503516 0.201693 0.992969 0.33967
8 0.502734 0.201736 0.994531 0.338889
9 0.503516 0.201693 0.992969 0.33967
11 0.503516 0.201693 0.992969 0.33967
25 0.503516 0.201693 0.992969 0.33967
13 0.503516 0.201693 0.992969 0.33967
3 0.504297 0.194965 0.991406 0.332986
29 0.505469 0.197266 0.989063 0.336024
4 0.505469 0.197266 0.989063 0.336024
33 0.505859 0.196354 0.988281 0.342708
17 0.505859 0.196354 0.988281 0.342708
3 0.502734 0.19375 0.994531 0.329167
29 0.501562 0.196224 0.990625 0.332552
4 0.501562 0.196224 0.990625 0.332552
31 0.984375 0.331337 0.025 0.0220486
17 0.502344 0.194618 0.992187 0.337153
29 0.98125 0.33125 0.034375 0.0236111
34 0.501562 0.196224 0.990625 0.332552
35 0.509766 0.197266 0.969531 0.333941
31 0.98125 0.33125 0.034375 0.0236111
12 0.985937 0.256597 0.01875 0.0295139
33 0.502344 0.194618 0.992187 0.337153
8 0.502734 0.196007 0.994531 0.332986
34 0.986719 0.253472 0.01875 0.0680555
29 0.984375 0.331337 0.025 0.0220486
3 0.503906 0.194054 0.992188 0.334115
29 0.503906 0.193924 0.989062 0.338542
31 0.984375 0.33125 0.025 0.0201389
31 0.979687 0.330903 0.034375 0.0215278
29 0.979687 0.330903 0.034375 0.0215278
0 0.985937 0.251736 0.01875 0.0375
6 0.985937 0.251736 0.01875 0.0298611
29 0.984375 0.33125 0.025 0.0201389
4 0.504687 0.194965 0.990625 0.348264
3 0.500781 0.195182 0.989062 0.338802
29 0.502734 0.196832 0.989844 0.341059
29 0.984375 0.33125 0.025 0.0201389
34 0.502734 0.196832 0.989844 0.341059
29 0.98125 0.33125 0.034375 0.0222222
31 0.984375 0.33125 0.025 0.0201389
3 0.495703 0.194835 0.982031 0.32908
29 0.502734 0.196528 0.994531 0.339583
29 0.984375 0.33125 0.025 0.0201389
29 0.979687 0.330556 0.034375 0.0229167
3 0.501172 0.195139 0.986719 0.336111
29 0.502344 0.19579 0.984375 0.340365
31 0.501953 0.19566 0.986719 0.345486
3 0.499609 0.197049 0.982031 0.336458
3 0.358398 0.195833 0.705859 0.325694
29 0.501562 0.19796 0.984375 0.340885
3 0.498437 0.196007 0.984375 0.335069
3 0.351172 0.0014974 0.596094 0.00299479
29 0.5 0.198958 0.9875 0.341667
3 0.498437 0.195486 0.982813 0.334028
3 0.350977 0.000455729 0.590234 0.000911458
29 0.5 0.198915 0.984375 0.345226
4 0.5 0.198915 0.984375 0.345226
3 0.5 0.195486 0.984375 0.336111
4 0.498437 0.198611 0.978125 0.338889
29 0.498047 0.197569 0.982031 0.350694
3 0.35332 0.000585937 0.612109 0.00117187
3 0.499219 0.196701 0.984375 0.339931
3 0.346484 0 0.594531 0
17 0.985937 0.256944 0.01875 0.025
31 0.984375 0.331597 0.025 0.0194444
3 0.439453 0 0.585156 0
17 0.986719 0.252778 0.0203125 0.0291667
3 0.499219 0.193576 0.982812 0.330903
3 0.344531 0 0.588281 0
3 0.439062 0 0.574219 0
3 0.206055 0 0.403516 0
3 0.269141 0 0.538281 0
5 0.316016 0 0.607031 0
0 0.985937 0.253819 0.015625 0.0229167
3 0.503906 0.196181 0.992188 0.336111
3 0.342773 0 0.597266 0
29 0.504687 0.197049 0.990625 0.342708
0 0.9875 0.253819 0.015625 0.0222222
4 0.500781 0.196007 0.9875 0.341319
3 0.200391 0 0.396875 0
3 0.501562 0.195443 0.989063 0.33342
3 0.353906 0 0.60625 0
29 0.502734 0.196224 0.989844 0.342274
4 0.5 0.196137 0.99375 0.338976
3 0.498438 0.197222 0.9875 0.3375
31 0.982812 0.332639 0.028125 0.0194444
4 0.496094 0.195833 0.992188 0.345833
29 0.499219 0.197396 0.989062 0.344097
3 0.503125 0.197743 0.990625 0.336458
29 0.5 0.195833 0.990625 0.344444
31 0.583203 0.314757 0.0515625 0.021875
31 0.982812 0.331858 0.028125 0.019618
17 0.9875 0.252778 0.01875 0.0284722
17 0.514844 0.197873 0.959375 0.342448
3 0.355469 0 0.573437 0
3 0.500781 0.195486 0.9875 0.334028
31 0.580078 0.317361 0.0398437 0.0201389
31 0.983594 0.332639 0.0265625 0.0180555
31 0.577344 0.314931 0.0375 0.01875
29 0.500781 0.195833 0.985937 0.336806
17 0.986719 0.253819 0.01875 0.0277778
31 0.58125 0.324653 0.0375 0.0215278
4 0.499219 0.199002 0.985937 0.336719
3 0.498437 0.19822 0.984375 0.33967
31 0.983594 0.332292 0.0265625 0.0194445
29 0.498437 0.197526 0.982813 0.342448
4 0.498437 0.197526 0.982813 0.342448
31 0.580859 0.315972 0.040625 0.0201389
3 0.5 0.197222 0.982812 0.340278
29 0.497656 0.197917 0.979687 0.344444
31 0.983594 0.332292 0.0265625 0.01875
4 0.497656 0.197917 0.979687 0.344444
17 0.986719 0.253993 0.0203125 0.0302083
31 0.576562 0.314236 0.0375 0.01875
35 0.505078 0.200694 0.971094 0.3375
18 0.983594 0.332292 0.0265625 0.01875
31 0.580469 0.316667 0.0414063 0.0201389
3 0.500781 0.196918 0.985937 0.336719
29 0.499219 0.197873 0.984375 0.337587
31 0.982812 0.331597 0.028125 0.0194444
17 0.985937 0.257639 0.01875 0.0256944
4 0.499219 0.197873 0.984375 0.337587
31 0.985937 0.257639 0.01875 0.0256944
3 0.5 0.196181 0.9875 0.334722
31 0.982812 0.331944 0.028125 0.0180555
29 0.498437 0.197743 0.984375 0.337847
31 0.985937 0.257986 0.01875 0.0243056
3 0.5 0.194835 0.985937 0.33533
29 0.499219 0.195486 0.984375 0.3375
31 0.982812 0.331944 0.028125 0.0180555
34 0.985937 0.251563 0.0203125 0.034375
29 0.980469 0.330903 0.0328125 0.0208333
3 0.498047 0.194965 0.982031 0.335069
29 0.5 0.19566 0.982812 0.337153
31 0.982812 0.331944 0.028125 0.0180555
3 0.495313 0.194792 0.978125 0.333333
29 0.497266 0.195312 0.983594 0.335764
31 0.982812 0.331944 0.0296875 0.0194445
3 0.489062 0.194748 0.967188 0.327865
29 0.498828 0.19566 0.986719 0.336458
31 0.982812 0.332292 0.0296875 0.0194445
3 0.485937 0.194618 0.9625 0.328819
29 0.5 0.19566 0.9875 0.337153
31 0.982812 0.332639 0.028125 0.0194444
3 0.496875 0.196571 0.98125 0.338802
29 0.5 0.197396 0.9875 0.340625
4 0.5 0.197396 0.9875 0.340625
17 0.5 0.197396 0.9875 0.340625
3 0.496875 0.195833 0.978125 0.336111
29 0.499219 0.197049 0.982812 0.337847
4 0.499219 0.197049 0.982812 0.337847
35 0.499219 0.197049 0.982812 0.337847
17 0.499219 0.197049 0.982812 0.337847
31 0.983594 0.333333 0.028125 0.0180555
3 0.492188 0.194618 0.975 0.329514
29 0.500781 0.196181 0.989062 0.336111
31 0.982812 0.332639 0.028125 0.0180555
4 0.500781 0.196181 0.989062 0.336111
3 0.492578 0.193576 0.974219 0.326736
29 0.503125 0.195833 0.99375 0.334028
31 0.982812 0.331944 0.028125 0.0166667
4 0.503125 0.195833 0.99375 0.334028
3 0.500781 0.194965 0.9875 0.332292
29 0.504297 0.198568 0.991406 0.33342
31 0.982812 0.331944 0.028125 0.0166667
4 0.504297 0.198568 0.991406 0.33342
3 0.500781 0.195095 0.985937 0.33342
31 0.982812 0.331944 0.028125 0.0166667
29 0.504687 0.199002 0.990625 0.336024
4 0.504687 0.199002 0.990625 0.336024
31 0.979687 0.331163 0.034375 0.0196181
3 0.500781 0.195833 0.982813 0.334722
31 0.982031 0.331944 0.0296875 0.0180555
4 0.504297 0.199653 0.985156 0.336806
29 0.504297 0.199653 0.985156 0.336806
17 0.502344 0.197005 0.989062 0.337934
3 0.5 0.198437 0.984375 0.339931
4 0.503125 0.201562 0.985937 0.341319
31 0.982812 0.332292 0.028125 0.0180555
35 0.509375 0.201562 0.975 0.338542
29 0.503125 0.201562 0.985937 0.341319
17 0.509375 0.201562 0.975 0.338542
3 0.498437 0.199132 0.98125 0.340625
4 0.501172 0.202257 0.985156 0.341319
31 0.982812 0.331944 0.028125 0.0180555
29 0.5 0.2 0.9875 0.341667
35 0.5 0.2 0.9875 0.341667
17 0.5 0.2 0.9875 0.341667
3 0.5 0.196875 0.98125 0.336111
4 0.501562 0.200694 0.984375 0.339583
31 0.982812 0.331597 0.028125 0.01875
29 0.500391 0.197873 0.986719 0.338976
35 0.500391 0.197873 0.986719 0.338976
3 0.5 0.197049 0.984375 0.336458
31 0.982812 0.331597 0.028125 0.01875
4 0.501562 0.199609 0.982812 0.336892
29 0.499219 0.19605 0.985937 0.336372
3 0.261719 0.194141 0.514062 0.325608
3 0.499219 0.19566 0.982812 0.333681
4 0.503125 0.198958 0.982812 0.335417
29 0.500781 0.196007 0.985937 0.335764
31 0.982812 0.331944 0.028125 0.0194445
3 0.500781 0.196701 0.985937 0.333681
4 0.502344 0.198568 0.982813 0.332726
29 0.500781 0.196137 0.985937 0.33342
31 0.982812 0.331944 0.028125 0.0194445
3 0.500781 0.196701 0.982813 0.333681
4 0.502734 0.198958 0.982031 0.332639
29 0.500781 0.196528 0.984375 0.333333
31 0.982812 0.331597 0.028125 0.0194444
3 0.264844 0.194488 0.520312 0.32283
3 0.501562 0.196528 0.982812 0.334722
4 0.503125 0.198958 0.98125 0.334722
29 0.501562 0.19579 0.984375 0.334809
3 0.269336 0.194618 0.529297 0.323958
31 0.982812 0.331597 0.028125 0.0194444
17 0.501562 0.19579 0.984375 0.334809
35 0.501562 0.19579 0.984375 0.334809
3 0.5 0.195312 0.98125 0.331597
4 0.504297 0.199002 0.985156 0.333246
29 0.501562 0.195616 0.9875 0.333767
3 0.278906 0.194444 0.548437 0.323611
31 0.982812 0.331858 0.028125 0.019618
35 0.501562 0.195616 0.9875 0.333767
17 0.501562 0.195616 0.9875 0.333767
3 0.500781 0.195486 0.982813 0.331944
4 0.505078 0.199306 0.986719 0.334028
29 0.502734 0.195833 0.988281 0.334722
31 0.982812 0.331597 0.028125 0.0194444
3 0.288281 0.194271 0.567187 0.323264
17 0.502734 0.195833 0.988281 0.334722
3 0.5 0.19566 0.982812 0.332292
4 0.504687 0.199306 0.9875 0.334028
29 0.502344 0.196007 0.9875 0.335069
17 0.502344 0.196007 0.9875 0.335069
3 0.500781 0.195877 0.982813 0.333246
4 0.505469 0.199349 0.989063 0.33533
29 0.502344 0.19579 0.989062 0.336892
17 0.507812 0.198655 0.975 0.33533
35 0.507812 0.198655 0.975 0.33533
3 0.500391 0.196007 0.982031 0.332986
4 0.505078 0.199653 0.989844 0.334722
29 0.503125 0.195833 0.990625 0.3375
17 0.508594 0.198915 0.975 0.335503
35 0.508594 0.198915 0.975 0.335503
3 0.504297 0.197049 0.991406 0.335764
4 0.508594 0.198958 0.973437 0.336111
17 0.508594 0.198958 0.973437 0.336111
29 0.503125 0.196181 0.990625 0.338194
35 0.508594 0.198958 0.973437 0.336111
3 0.502344 0.198264 0.989062 0.336111
4 0.508594 0.200868 0.975 0.334375
29 0.501562 0.197917 0.9875 0.3375
31 0.982812 0.331858 0.028125 0.019618
17 0.508594 0.200868 0.975 0.334375
3 0.501562 0.198958 0.9875 0.336806
31 0.983594 0.331944 0.0265625 0.0201389
4 0.508594 0.20191 0.976562 0.334375
29 0.501562 0.198915 0.9875 0.337587
15 0.98125 0.927778 0.034375 0.129167
15 0.979687 0.911111 0.0390625 0.152778
15 0.982812 0.945833 0.034375 0.0944444
17 0.985937 0.256597 0.01875 0.0284722
12 0.985937 0.256597 0.01875 0.0284722
3 0.501562 0.199306 0.9875 0.336111
31 0.983594 0.332292 0.028125 0.0208333
4 0.508984 0.202257 0.975781 0.332986
29 0.500781 0.199479 0.985937 0.336458
17 0.985937 0.256597 0.01875 0.0288195
15 0.982031 0.928472 0.034375 0.127778
15 0.982812 0.947222 0.03125 0.0916667
12 0.985937 0.256597 0.01875 0.0288195
17 0.9875 0.252431 0.0218749 0.0333333
3 0.500781 0.198785 0.985937 0.335069
31 0.983594 0.332292 0.028125 0.0208333
17 0.985156 0.256597 0.0203125 0.0284722
29 0.5 0.198828 0.985937 0.335677
4 0.508984 0.20191 0.975781 0.332292
3 0.284375 0.195486 0.559375 0.325694
17 0.9875 0.252431 0.0218749 0.0333333
3 0.501562 0.198307 0.984375 0.333941
31 0.983594 0.332292 0.028125 0.0208333
17 0.985156 0.256944 0.0203125 0.028125
3 0.285937 0.194792 0.5625 0.324306
29 0.500781 0.198264 0.984375 0.334028
4 0.509375 0.201693 0.975 0.330642
17 0.9875 0.252431 0.0218749 0.0326389
3 0.501562 0.197917 0.984375 0.333333
4 0.509766 0.203516 0.974219 0.330469
31 0.982812 0.332292 0.028125 0.0208333
17 0.985156 0.256944 0.0203125 0.0277778
3 0.286328 0.194488 0.563281 0.324219
29 0.501562 0.19796 0.984375 0.333247
17 0.9875 0.252431 0.0218749 0.0326389
3 0.501562 0.197613 0.984375 0.333246
4 0.509766 0.203429 0.974219 0.329948
17 0.985937 0.257118 0.01875 0.0274305
31 0.982812 0.332639 0.028125 0.0208333
3 0.287109 0.194618 0.564844 0.323958
29 0.500781 0.197743 0.985937 0.332986
17 0.9875 0.252778 0.0218749 0.0319444
3 0.501172 0.197396 0.985156 0.332986
4 0.509375 0.203125 0.975 0.329861
17 0.985937 0.257118 0.01875 0.0274305
29 0.500781 0.197396 0.985937 0.332986
31 0.982812 0.332639 0.028125 0.0208333
3 0.2875 0.194401 0.565625 0.323698
3 0.501172 0.197266 0.985156 0.333246
29 0.500781 0.197352 0.984375 0.333073
17 0.985937 0.256944 0.01875 0.0274306
4 0.509375 0.202821 0.975 0.329774
31 0.982812 0.332639 0.028125 0.0208333
3 0.500781 0.196918 0.985937 0.333246
29 0.500781 0.197005 0.984375 0.333073
4 0.508984 0.200347 0.975781 0.330556
17 0.985937 0.256944 0.01875 0.0277778
31 0.982812 0.332639 0.028125 0.0208333
3 0.5 0.19566 0.982812 0.332292
4 0.504687 0.199306 0.9875 0.334028
29 0.501953 0.196007 0.988281 0.335069
17 0.501953 0.196007 0.988281 0.335069
