30 0.502734 0.504774 0.153906 0.643229
29 0.501562 0.504861 0.15625 0.643056
32 0.5 0.503819 0.157813 0.642361
33 0.502734 0.504774 0.153906 0.643229
7 0.499219 0.502778 0.157812 0.640278
22 0.502734 0.504774 0.153906 0.643229
31 0.5 0.503819 0.157813 0.642361
11 0.502734 0.504774 0.153906 0.643229
2 0.502734 0.504774 0.153906 0.643229
10 0.501562 0.504861 0.15625 0.643056
16 0.5 0.504514 0.15625 0.64375
5 0.5 0.504167 0.153125 0.644444
3 0.5 0.503819 0.157813 0.642361
1 0.499219 0.503125 0.15625 0.640972
8 0.5 0.503819 0.157813 0.642361
13 0.501562 0.507639 0.160937 0.644444
6 0.499219 0.503125 0.15625 0.640972
23 0.501562 0.504861 0.15625 0.643056
14 0.502734 0.504774 0.153906 0.643229
4 0.501562 0.508333 0.159375 0.647222
28 0.499219 0.503125 0.15625 0.640972
9 0.502734 0.504774 0.153906 0.643229
20 0.502734 0.504774 0.153906 0.643229
24 0.499219 0.502778 0.157812 0.640278
27 0.5 0.503819 0.157813 0.642361
7 0.474219 0.505556 0.220312 0.655556
18 0.500781 0.506597 0.157812 0.642361
0 0.5 0.504514 0.15625 0.64375
35 0.5 0.503819 0.157813 0.642361
12 0.501562 0.504861 0.15625 0.643056
24 0.474219 0.505556 0.220312 0.655556
15 0.5 0.503819 0.157813 0.642361
25 0.499219 0.502778 0.157812 0.640278
34 0.499219 0.502778 0.157812 0.640278
21 0.5 0.503819 0.157813 0.642361
33 0.500781 0.608333 0.159375 0.436111
17 0.499219 0.503125 0.15625 0.640972
30 0.532422 0.504253 0.214062 0.666493
33 0.474219 0.505556 0.220312 0.655556
7 0.529687 0.510764 0.207812 0.659028
9 0.391016 0.0443576 0.732813 0.0887153
9 0.501562 0.635417 0.157812 0.380556
9 0.755859 0.118403 0.488281 0.236806
9 0.392969 0.0266276 0.748438 0.0532552
9 0.858203 0.236111 0.283594 0.472222
30 0.474219 0.505556 0.220312 0.655556
13 0.500781 0.608333 0.159375 0.436111
9 0.471777 0.501042 0.225195 0.653472
9 0.30625 0.107031 0.551562 0.214062
9 0.455078 0.444444 0.276563 0.888889
4 0.501562 0.635417 0.157812 0.380556
9 0.783594 0.191146 0.432813 0.382292
23 0.471777 0.501042 0.225195 0.653472
29 0.471777 0.501042 0.225195 0.653472
10 0.500781 0.608333 0.159375 0.436111
9 0.707812 0.0516927 0.54375 0.103385
31 0.532422 0.504253 0.214062 0.666493
9 0.119141 0.858333 0.238281 0.283333
25 0.500781 0.635417 0.157812 0.379167
9 0.533594 0.0303819 0.720312 0.0607639
29 0.532422 0.504253 0.214062 0.666493
9 0.107324 0.256076 0.214648 0.512153
9 0.789648 0.378472 0.420703 0.756944
9 0.791016 0.214583 0.417969 0.429167
19 0.500781 0.506163 0.157031 0.643229
9 0.905469 0.305208 0.189063 0.610417
31 0.499219 0.510764 0.153125 0.642361
30 0.499219 0.510764 0.153125 0.642361
3 0.5 0.506944 0.155469 0.641667
32 0.499219 0.510764 0.153125 0.642361
22 0.499219 0.510764 0.153125 0.642361
7 0.5 0.506944 0.155469 0.641667
9 0.499219 0.510764 0.153125 0.642361
4 0.499219 0.510764 0.153125 0.642361
5 0.501562 0.511198 0.154688 0.653993
1 0.5 0.506944 0.155469 0.641667
10 0.499219 0.510764 0.153125 0.642361
29 0.499219 0.510764 0.153125 0.642361
0 0.501562 0.511198 0.154688 0.653993
12 0.499219 0.510764 0.153125 0.642361
33 0.499219 0.510764 0.153125 0.642361
34 0.499219 0.510764 0.153125 0.642361
2 0.501562 0.509722 0.157031 0.643056
25 0.5 0.506944 0.155469 0.641667
8 0.501562 0.509722 0.157031 0.643056
30 0.501562 0.634722 0.15625 0.3875
27 0.5 0.509809 0.159375 0.647049
16 0.499219 0.510764 0.153125 0.642361
5 0.501562 0.634722 0.15625 0.3875
7 0.500781 0.641667 0.154687 0.379167
31 0.635547 0.506944 0.432031 0.644444
3 0.502344 0.635069 0.154688 0.385417
21 0.501562 0.511198 0.154688 0.653993
3 0.527344 0.505642 0.220312 0.669271
26 0.499219 0.510764 0.153125 0.642361
6 0.500781 0.50625 0.15625 0.638889
31 0.405859 0.515278 0.342969 0.647222
18 0.501562 0.506944 0.15625 0.647222
32 0.405859 0.515278 0.342969 0.647222
31 0.32832 0.513542 0.498828 0.654861
2 0.501562 0.634722 0.15625 0.3875
3 0.635547 0.506944 0.432031 0.644444
3 0.297266 0.52092 0.594531 0.656771
28 0.500781 0.50625 0.15625 0.638889
20 0.501172 0.507292 0.157031 0.646528
14 0.501562 0.511198 0.154688 0.653993
1 0.501562 0.634722 0.15625 0.3875
19 0.501562 0.511198 0.154688 0.653993
9 0.405859 0.515278 0.342969 0.647222
15 0.501562 0.511198 0.154688 0.653993
31 0.527344 0.505642 0.220312 0.669271
30 0.405859 0.515278 0.342969 0.647222
30 0.635547 0.506944 0.432031 0.644444
29 0.297656 0.525347 0.595312 0.647917
9 0.32832 0.513542 0.498828 0.654861
7 0.405859 0.515278 0.342969 0.647222
34 0.405859 0.515278 0.342969 0.647222
0 0.501562 0.634722 0.15625 0.3875
3 0.690625 0.480903 0.615625 0.713194
32 0.582812 0.510764 0.342188 0.647917
31 0.707031 0.49592 0.582812 0.68316
11 0.501562 0.509722 0.157031 0.643056
3 0.405859 0.515278 0.342969 0.647222
32 0.32832 0.513542 0.498828 0.654861
29 0.405859 0.515278 0.342969 0.647222
10 0.501562 0.634722 0.15625 0.3875
9 0.501562 0.634722 0.15625 0.3875
30 0.527344 0.505642 0.220312 0.669271
3 0.569922 0.442014 0.847656 0.802083
3 0.541797 0.514236 0.11875 0.639583
34 0.501562 0.634722 0.15625 0.3875
30 0.297656 0.525347 0.595312 0.647917
0 0.541797 0.514236 0.11875 0.639583
35 0.499609 0.507639 0.15625 0.643055
22 0.499609 0.502691 0.158594 0.64184
1 0.5 0.500347 0.159375 0.64375
9 0.5 0.500347 0.159375 0.64375
25 0.5 0.500347 0.159375 0.64375
8 0.5 0.500347 0.159375 0.64375
6 0.5 0.500347 0.159375 0.64375
29 0.5 0.500347 0.159375 0.64375
7 0.5 0.500347 0.159375 0.64375
30 0.499609 0.502691 0.158594 0.64184
5 0.504297 0.504861 0.160156 0.636111
31 0.5 0.500347 0.159375 0.64375
3 0.5 0.500347 0.159375 0.64375
34 0.502734 0.503125 0.157812 0.64375
10 0.5 0.500347 0.159375 0.64375
33 0.499609 0.502691 0.158594 0.64184
2 0.5 0.500347 0.159375 0.64375
28 0.5 0.500347 0.159375 0.64375
16 0.5 0.500347 0.159375 0.64375
11 0.5 0.500347 0.159375 0.64375
4 0.502344 0.506163 0.1625 0.640451
29 0.293359 0.506597 0.586719 0.66875
15 0.5 0.500347 0.159375 0.64375
24 0.5 0.500347 0.159375 0.64375
14 0.5 0.500347 0.159375 0.64375
32 0.498047 0.501302 0.158594 0.640451
23 0.502734 0.503125 0.157812 0.64375
5 0.293359 0.506597 0.586719 0.66875
19 0.500391 0.501736 0.158594 0.64375
13 0.499609 0.502691 0.158594 0.64184
7 0.504687 0.627778 0.1625 0.397222
3 0.504687 0.627778 0.1625 0.397222
12 0.5 0.500347 0.159375 0.64375
5 0.504687 0.627778 0.1625 0.397222
4 0.504687 0.627778 0.1625 0.397222
20 0.5 0.500347 0.159375 0.64375
21 0.504297 0.504861 0.160156 0.636111
3 0.697656 0.496528 0.55625 0.665278
27 0.504297 0.504861 0.160156 0.636111
1 0.697656 0.496528 0.55625 0.665278
25 0.697656 0.496528 0.55625 0.665278
1 0.504687 0.627778 0.1625 0.397222
34 0.293359 0.506597 0.586719 0.66875
0 0.504297 0.504861 0.160156 0.636111
5 0.620703 0.509375 0.411719 0.659028
26 0.5 0.500347 0.159375 0.64375
9 0.293359 0.506597 0.586719 0.66875
3 0.293359 0.506597 0.586719 0.66875
6 0.293359 0.506597 0.586719 0.66875
29 0.697656 0.496528 0.55625 0.665278
8 0.620703 0.509375 0.411719 0.659028
25 0.504687 0.627778 0.1625 0.397222
31 0.697656 0.496528 0.55625 0.665278
17 0.5 0.500347 0.159375 0.64375
30 0.620703 0.509375 0.411719 0.659028
13 0.293359 0.506597 0.586719 0.66875
1 0.293359 0.506597 0.586719 0.66875
22 0.697656 0.496528 0.55625 0.665278
34 0.697656 0.496528 0.55625 0.665278
6 0.697656 0.496528 0.55625 0.665278
25 0.293359 0.506597 0.586719 0.66875
9 0.697656 0.496528 0.55625 0.665278
30 0.293359 0.506597 0.586719 0.66875
30 0.504687 0.627778 0.1625 0.397222
34 0.504687 0.627778 0.1625 0.397222
31 0.504687 0.627778 0.1625 0.397222
23 0.293359 0.496875 0.586719 0.679861
22 0.293359 0.506597 0.586719 0.66875
31 0.293359 0.506597 0.586719 0.66875
18 0.504297 0.504861 0.160156 0.636111
7 0.293359 0.506597 0.586719 0.66875
9 0.504687 0.627778 0.1625 0.397222
8 0.293359 0.506597 0.586719 0.66875
10 0.504687 0.627778 0.1625 0.397222
35 0.502734 0.503125 0.157812 0.64375
9 0.5 0.520139 0.154687 0.681944
5 0.5 0.520139 0.154687 0.681944
31 0.5 0.504253 0.157813 0.641493
32 0.5 0.504253 0.157813 0.641493
30 0.5 0.504253 0.157813 0.641493
10 0.5 0.520139 0.154687 0.681944
22 0.499219 0.504774 0.154687 0.640451
7 0.5 0.504253 0.157813 0.641493
9 0.525781 0.522569 0.10625 0.671528
6 0.498828 0.506858 0.159375 0.646007
5 0.525781 0.522569 0.10625 0.671528
25 0.499219 0.504774 0.154687 0.640451
2 0.5 0.520139 0.154687 0.681944
3 0.500781 0.507639 0.15625 0.643055
10 0.525781 0.522569 0.10625 0.671528
1 0.510937 0.52092 0.135938 0.68316
22 0.525781 0.522569 0.10625 0.671528
33 0.500781 0.504861 0.157812 0.645833
27 0.5 0.504253 0.157813 0.641493
29 0.499219 0.504774 0.154687 0.640451
8 0.498828 0.506858 0.159375 0.646007
25 0.525781 0.522569 0.10625 0.671528
4 0.5 0.504253 0.157813 0.641493
34 0.5 0.520139 0.154687 0.681944
12 0.499219 0.504774 0.154687 0.640451
30 0.525781 0.522569 0.10625 0.671528
7 0.525781 0.522569 0.10625 0.671528
31 0.525781 0.522569 0.10625 0.671528
15 0.5 0.519097 0.153125 0.684028
7 0.404687 0.5 0.809375 1
13 0.5 0.520139 0.154687 0.681944
0 0.5 0.504253 0.157813 0.641493
18 0.5 0.520139 0.154687 0.681944
16 0.5 0.504253 0.157813 0.641493
34 0.525781 0.522569 0.10625 0.671528
33 0.423828 0.5 0.828906 1
3 0.525781 0.522569 0.10625 0.671528
2 0.525781 0.522569 0.10625 0.671528
11 0.5 0.504253 0.157813 0.641493
14 0.5 0.519097 0.153125 0.684028
8 0.403516 0.5 0.807031 1
32 0.423828 0.5 0.828906 1
4 0.525781 0.522569 0.10625 0.671528
15 0.403516 0.5 0.807031 1
20 0.471094 0.604861 0.0796875 0.436111
11 0.403516 0.5 0.807031 1
32 0.525781 0.522569 0.10625 0.671528
29 0.404687 0.5 0.809375 1
19 0.5 0.520139 0.154687 0.681944
28 0.5 0.504253 0.157813 0.641493
13 0.403516 0.5 0.807031 1
20 0.498828 0.506858 0.159375 0.646007
9 0.423828 0.5 0.828906 1
14 0.404687 0.5 0.809375 1
35 0.499219 0.504774 0.154687 0.640451
3 0.404687 0.5 0.809375 1
19 0.403516 0.5 0.807031 1
10 0.423828 0.5 0.828906 1
0 0.404687 0.5 0.809375 1
5 0.549219 0.504861 0.254687 0.647222
16 0.404687 0.5 0.809375 1
4 0.361523 0.5 0.723047 1
32 0.549219 0.504861 0.254687 0.647222
2 0.404687 0.5 0.809375 1
26 0.5 0.519097 0.153125 0.684028
7 0.415625 0.5 0.828125 1
22 0.549219 0.504861 0.254687 0.647222
21 0.498828 0.506858 0.159375 0.646007
7 0.359766 0.508333 0.690625 0.733333
6 0.403516 0.5 0.807031 1
28 0.403516 0.5 0.807031 1
30 0.423828 0.5 0.828906 1
3 0.461719 0.633681 0.0757812 0.388194
15 0.525781 0.522569 0.10625 0.671528
18 0.525781 0.522569 0.10625 0.671528
29 0.525781 0.522569 0.10625 0.671528
9 0.359766 0.508333 0.690625 0.733333
30 0.549219 0.504861 0.254687 0.647222
29 0.415625 0.5 0.828125 1
7 0.549219 0.504861 0.254687 0.647222
10 0.5375 0.503559 0.234375 0.649826
5 0.423828 0.5 0.828906 1
31 0.404687 0.5 0.809375 1
35 0.403516 0.5 0.807031 1
10 0.359766 0.508333 0.690625 0.733333
25 0.549219 0.504861 0.254687 0.647222
34 0.404687 0.5 0.809375 1
32 0.5 0.503125 0.15 0.647917
22 0.5 0.503472 0.150781 0.645833
7 0.500781 0.504514 0.154687 0.646528
2 0.500391 0.500087 0.153125 0.648438
6 0.499219 0.502778 0.151563 0.647222
30 0.5 0.503472 0.150781 0.645833
1 0.499219 0.502778 0.151563 0.647222
34 0.5 0.503472 0.150781 0.645833
31 0.5 0.503472 0.150781 0.645833
9 0.499219 0.502778 0.151563 0.647222
5 0.499219 0.502778 0.151563 0.647222
0 0.500781 0.504514 0.154687 0.646528
29 0.5 0.503472 0.150781 0.645833
10 0.500781 0.504514 0.154687 0.646528
8 0.5 0.503125 0.15 0.647917
3 0.501172 0.503472 0.155469 0.651389
33 0.500391 0.500087 0.153125 0.648438
25 0.500781 0.504514 0.154687 0.646528
4 0.501172 0.503472 0.155469 0.651389
16 0.499219 0.502778 0.151563 0.647222
11 0.499219 0.502778 0.151563 0.647222
12 0.5 0.503472 0.150781 0.645833
21 0.499219 0.502778 0.151563 0.647222
14 0.500781 0.504514 0.154687 0.646528
27 0.500781 0.504514 0.154687 0.646528
15 0.500781 0.504514 0.154687 0.646528
13 0.500781 0.504514 0.154687 0.646528
26 0.500781 0.504514 0.154687 0.646528
17 0.500781 0.504514 0.154687 0.646528
18 0.500781 0.504514 0.154687 0.646528
20 0.5 0.503472 0.150781 0.645833
19 0.499219 0.502778 0.151563 0.647222
23 0.500391 0.500087 0.153125 0.648438
35 0.500781 0.504514 0.154687 0.646528
32 0.557031 0.503125 0.270312 0.660417
31 0.503125 0.507031 0.151563 0.635937
22 0.503906 0.507639 0.153125 0.640278
30 0.500781 0.507292 0.152344 0.638194
7 0.503125 0.510764 0.15625 0.649305
5 0.503125 0.510764 0.15625 0.649305
29 0.503125 0.506597 0.15625 0.638194
9 0.503125 0.510764 0.15625 0.649305
1 0.502734 0.511111 0.157812 0.641667
3 0.503125 0.506597 0.15625 0.638194
32 0.502734 0.511111 0.157812 0.641667
2 0.503125 0.505903 0.148438 0.634028
6 0.503125 0.506597 0.15625 0.638194
33 0.503125 0.507031 0.151563 0.635937
8 0.503125 0.506597 0.15625 0.638194
25 0.503125 0.507031 0.151563 0.635937
10 0.502734 0.511111 0.157812 0.641667
0 0.503125 0.510764 0.15625 0.649305
20 0.503125 0.506597 0.15625 0.638194
11 0.503125 0.506597 0.15625 0.638194
16 0.503125 0.505903 0.148438 0.634028
12 0.503125 0.507031 0.151563 0.635937
21 0.503125 0.510764 0.15625 0.649305
29 0.291602 0.471181 0.583203 0.71875
14 0.503125 0.505208 0.15625 0.638194
23 0.503125 0.506597 0.15625 0.638194
4 0.503125 0.510764 0.15625 0.649305
15 0.503125 0.506597 0.15625 0.638194
26 0.503125 0.505903 0.148438 0.634028
34 0.503125 0.505208 0.15625 0.638194
19 0.503125 0.510764 0.15625 0.649305
30 0.681641 0.526302 0.503906 0.672396
13 0.503125 0.510764 0.15625 0.649305
30 0.298828 0.497222 0.597656 0.680556
30 0.553906 0.511458 0.25625 0.64375
35 0.503125 0.506597 0.15625 0.638194
27 0.503125 0.506597 0.15625 0.638194
24 0.503125 0.505903 0.148438 0.634028
3 0.292578 0.529167 0.585156 0.736111
31 0.291602 0.471181 0.583203 0.71875
7 0.502344 0.495052 0.159375 0.665451
9 0.5 0.503472 0.1625 0.643055
8 0.501562 0.505903 0.160937 0.646528
3 0.5 0.504253 0.164844 0.649826
1 0.502344 0.495052 0.159375 0.665451
22 0.500781 0.504253 0.1625 0.647049
0 0.501562 0.505903 0.160937 0.646528
33 0.5 0.503472 0.1625 0.643055
6 0.5 0.504253 0.164844 0.649826
25 0.499219 0.505208 0.160937 0.647917
15 0.5 0.504253 0.164844 0.649826
29 0.5 0.504253 0.164844 0.649826
11 0.5 0.504253 0.164844 0.649826
23 0.5 0.504253 0.164844 0.649826
14 0.5 0.504253 0.164844 0.649826
5 0.501562 0.49592 0.159375 0.663715
10 0.5 0.503472 0.1625 0.643055
4 0.499219 0.505208 0.160937 0.647917
18 0.5 0.504253 0.164844 0.649826
21 0.5 0.504253 0.164844 0.649826
32 0.500391 0.50243 0.163281 0.642361
16 0.500781 0.504253 0.1625 0.647049
31 0.5 0.503472 0.159375 0.644444
27 0.499219 0.505208 0.160937 0.647917
2 0.502344 0.495052 0.159375 0.665451
26 0.5 0.503472 0.1625 0.643055
20 0.5 0.504253 0.164844 0.649826
30 0.502344 0.495052 0.159375 0.665451
28 0.5 0.504253 0.164844 0.649826
13 0.5 0.503472 0.1625 0.643055
12 0.499219 0.505208 0.160937 0.647917
19 0.5 0.504253 0.164844 0.649826
35 0.5 0.504253 0.164844 0.649826
17 0.5 0.503472 0.1625 0.643055
24 0.5 0.504253 0.164844 0.649826
7 0.499609 0.623958 0.157812 0.407639
34 0.5 0.504253 0.164844 0.649826
3 0.499609 0.623958 0.157812 0.407639
30 0.499609 0.623958 0.157812 0.407639
22 0.499609 0.623958 0.157812 0.407639
31 0.501562 0.511111 0.164062 0.65
22 0.501562 0.511111 0.164062 0.65
25 0.501562 0.511111 0.164062 0.65
5 0.503516 0.507292 0.161719 0.646528
9 0.501562 0.511111 0.164062 0.65
7 0.502734 0.506944 0.161719 0.647222
8 0.502734 0.506944 0.161719 0.647222
3 0.501562 0.511111 0.164062 0.65
33 0.504297 0.510764 0.167969 0.650694
1 0.502734 0.506944 0.161719 0.647222
32 0.502344 0.510417 0.1625 0.648611
4 0.501562 0.511111 0.164062 0.65
35 0.501562 0.511111 0.164062 0.65
29 0.501562 0.511111 0.164062 0.65
30 0.504297 0.510764 0.167969 0.650694
27 0.501562 0.511111 0.164062 0.65
12 0.501562 0.511111 0.164062 0.65
6 0.504297 0.510764 0.167969 0.650694
2 0.502734 0.506944 0.161719 0.647222
34 0.502734 0.506944 0.161719 0.647222
10 0.501562 0.511111 0.164062 0.65
14 0.502344 0.510417 0.1625 0.648611
18 0.501562 0.511111 0.164062 0.65
0 0.502734 0.506944 0.161719 0.647222
7 0.546875 0.510069 0.250781 0.65625
21 0.502734 0.506944 0.161719 0.647222
31 0.542187 0.507726 0.24375 0.653993
20 0.502344 0.510417 0.1625 0.648611
22 0.542187 0.507726 0.24375 0.653993
5 0.542187 0.507726 0.24375 0.653993
9 0.542187 0.507726 0.24375 0.653993
23 0.502344 0.510503 0.165625 0.649826
11 0.502344 0.510417 0.1625 0.648611
3 0.542187 0.507726 0.24375 0.653993
9 0.505078 0.506597 0.160156 0.649306
7 0.505078 0.506597 0.160156 0.649306
4 0.504687 0.501736 0.160937 0.64375
5 0.503516 0.504514 0.161719 0.649306
3 0.504687 0.501736 0.160937 0.64375
25 0.504687 0.501736 0.160937 0.64375
22 0.505078 0.506597 0.160156 0.649306
1 0.504687 0.500694 0.1625 0.643055
8 0.505078 0.506597 0.160156 0.649306
34 0.504687 0.501736 0.160937 0.64375
6 0.503516 0.504514 0.161719 0.649306
0 0.504297 0.50408 0.161719 0.657118
31 0.503516 0.504514 0.161719 0.649306
29 0.503906 0.502083 0.160937 0.641667
33 0.503906 0.502083 0.160937 0.641667
12 0.504687 0.501736 0.160937 0.64375
10 0.504297 0.50408 0.161719 0.657118
32 0.504687 0.500694 0.1625 0.643055
35 0.504687 0.501736 0.160937 0.64375
30 0.502344 0.50243 0.158594 0.645139
20 0.504687 0.500694 0.1625 0.643055
17 0.504687 0.500694 0.1625 0.643055
2 0.505078 0.506597 0.160156 0.649306
19 0.505078 0.506597 0.160156 0.649306
28 0.504687 0.500694 0.1625 0.643055
3 0.543359 0.504774 0.235937 0.651563
5 0.543359 0.504774 0.235937 0.651563
21 0.505078 0.506597 0.160156 0.649306
15 0.504687 0.500694 0.1625 0.643055
14 0.503906 0.502083 0.160937 0.641667
34 0.543359 0.504774 0.235937 0.651563
27 0.503906 0.502083 0.160937 0.641667
29 0.543359 0.504774 0.235937 0.651563
9 0.543359 0.504774 0.235937 0.651563
16 0.504687 0.500694 0.1625 0.643055
25 0.497656 0.505208 0.159375 0.653472
22 0.497656 0.505208 0.159375 0.653472
9 0.497656 0.505556 0.157812 0.65
6 0.501562 0.504254 0.15625 0.65816
31 0.497656 0.505556 0.157812 0.65
4 0.501562 0.504254 0.15625 0.65816
5 0.497656 0.505556 0.157812 0.65
7 0.497656 0.505208 0.159375 0.653472
3 0.497656 0.505556 0.157812 0.65
34 0.496875 0.506944 0.157812 0.652778
8 0.497656 0.505556 0.157812 0.65
32 0.497656 0.505556 0.157812 0.65
29 0.496484 0.504167 0.15625 0.652778
1 0.497656 0.505556 0.157812 0.65
22 0.536719 0.503559 0.229687 0.660937
33 0.497656 0.505556 0.157812 0.65
35 0.497656 0.504861 0.154688 0.654167
15 0.497656 0.505556 0.157812 0.65
9 0.536719 0.503559 0.229687 0.660937
17 0.497656 0.505556 0.157812 0.65
9 0.503906 0.503819 0.164062 0.645139
6 0.503906 0.507986 0.165625 0.652083
8 0.503906 0.503819 0.164062 0.645139
25 0.501953 0.508333 0.159375 0.65
22 0.503906 0.507986 0.165625 0.652083
31 0.502344 0.504514 0.159375 0.647917
5 0.503906 0.507986 0.165625 0.652083
4 0.502344 0.504514 0.159375 0.647917
7 0.503906 0.503819 0.164062 0.645139
0 0.503906 0.507986 0.165625 0.652083
3 0.502344 0.504514 0.159375 0.647917
11 0.503906 0.507986 0.165625 0.652083
34 0.502734 0.503559 0.160156 0.647049
32 0.503906 0.507986 0.165625 0.652083
1 0.503906 0.507986 0.165625 0.652083
10 0.503906 0.507986 0.165625 0.652083
33 0.503906 0.507986 0.165625 0.652083
29 0.503906 0.507986 0.165625 0.652083
13 0.503906 0.507986 0.165625 0.652083
2 0.503906 0.507986 0.165625 0.652083
32 0.502734 0.50408 0.160156 0.655729
33 0.503906 0.498264 0.1625 0.65625
9 0.503906 0.498264 0.1625 0.65625
7 0.502734 0.50408 0.160156 0.655729
1 0.502734 0.50408 0.160156 0.655729
25 0.503125 0.496528 0.159375 0.655556
22 0.502344 0.498958 0.1625 0.657639
31 0.503906 0.498264 0.1625 0.65625
10 0.502734 0.50408 0.160156 0.655729
8 0.502344 0.495833 0.160937 0.655556
2 0.502734 0.50408 0.160156 0.655729
5 0.503906 0.498264 0.1625 0.65625
0 0.502734 0.50408 0.160156 0.655729
3 0.503906 0.498264 0.1625 0.65625
6 0.502344 0.495833 0.160937 0.655556
22 0.503125 0.505903 0.159375 0.642361
31 0.503125 0.505903 0.159375 0.642361
25 0.503125 0.505903 0.159375 0.642361
5 0.503906 0.502778 0.158594 0.651389
3 0.504297 0.502431 0.158594 0.650694
9 0.503906 0.501736 0.159375 0.645139
7 0.501562 0.501042 0.154688 0.647917
4 0.503125 0.505903 0.159375 0.642361
6 0.503125 0.500694 0.157812 0.655556
29 0.505469 0.503125 0.159375 0.647917
15 0.501562 0.501042 0.154688 0.647917
27 0.501562 0.501042 0.154688 0.647917
34 0.503125 0.505903 0.159375 0.642361
35 0.501562 0.501042 0.154688 0.647917
32 0.501562 0.501042 0.154688 0.647917
30 0.501562 0.501042 0.154688 0.647917
33 0.502344 0.502865 0.15625 0.652604
8 0.503125 0.505903 0.159375 0.642361
13 0.503906 0.501736 0.159375 0.645139
2 0.501562 0.501042 0.154688 0.647917
21 0.501562 0.501042 0.154688 0.647917
20 0.503125 0.505903 0.159375 0.642361
10 0.501562 0.501042 0.154688 0.647917
14 0.501562 0.501042 0.154688 0.647917
11 0.501562 0.501042 0.154688 0.647917
19 0.501562 0.501042 0.154688 0.647917
18 0.501562 0.501042 0.154688 0.647917
1 0.501562 0.501042 0.154688 0.647917
23 0.501562 0.501042 0.154688 0.647917
17 0.501562 0.501042 0.154688 0.647917
12 0.501562 0.501042 0.154688 0.647917
32 0.503125 0.507292 0.157812 0.649305
31 0.501172 0.504514 0.155469 0.642361
22 0.503125 0.506597 0.15625 0.645139
25 0.501172 0.504514 0.155469 0.642361
6 0.503125 0.507292 0.157812 0.649305
9 0.503125 0.502865 0.154687 0.640104
34 0.503125 0.506597 0.15625 0.645139
2 0.502344 0.50625 0.15625 0.644444
10 0.501172 0.504514 0.155469 0.642361
7 0.501172 0.504514 0.155469 0.642361
35 0.502344 0.50625 0.15625 0.644444
33 0.502344 0.504774 0.154688 0.646007
4 0.503125 0.502865 0.154687 0.640104
27 0.501172 0.504514 0.155469 0.642361
3 0.501172 0.504514 0.155469 0.642361
8 0.501172 0.504514 0.155469 0.642361
32 0.535937 0.503559 0.217188 0.644271
15 0.502344 0.50625 0.15625 0.644444
0 0.503125 0.507292 0.157812 0.649305
11 0.502344 0.50625 0.15625 0.644444
22 0.503906 0.500347 0.157813 0.647917
25 0.503125 0.502083 0.159375 0.65
31 0.502344 0.504774 0.157031 0.646007
9 0.502344 0.504774 0.157031 0.646007
5 0.502344 0.504774 0.157031 0.646007
33 0.502734 0.504253 0.158594 0.647049
3 0.500391 0.504514 0.157812 0.646528
32 0.502734 0.504253 0.158594 0.647049
7 0.503906 0.500347 0.157813 0.647917
4 0.502734 0.501302 0.159375 0.647396
6 0.502734 0.501302 0.159375 0.647396
27 0.5 0.506163 0.155469 0.646007
10 0.502734 0.504253 0.158594 0.647049
2 0.502734 0.504253 0.158594 0.647049
31 0.664844 0.510764 0.485937 0.654861
34 0.503906 0.500347 0.157813 0.647917
29 0.501562 0.505208 0.159375 0.646528
31 0.501172 0.503385 0.157031 0.646007
22 0.501953 0.503125 0.154687 0.646528
5 0.501953 0.501389 0.154687 0.636111
25 0.500781 0.50243 0.155469 0.649306
7 0.501953 0.501389 0.154687 0.636111
9 0.500781 0.50243 0.155469 0.649306
32 0.501172 0.503385 0.157031 0.646007
3 0.501172 0.503385 0.157031 0.646007
27 0.501172 0.503385 0.157031 0.646007
30 0.501172 0.503385 0.157031 0.646007
8 0.500781 0.50243 0.155469 0.649306
4 0.501562 0.508941 0.154688 0.639062
6 0.501953 0.501389 0.154687 0.636111
25 0.500781 0.508333 0.154687 0.644444
22 0.500781 0.507292 0.15625 0.647917
31 0.499219 0.506597 0.159375 0.646528
5 0.502344 0.509635 0.154688 0.64184
9 0.499219 0.506597 0.159375 0.646528
7 0.502344 0.509635 0.154688 0.64184
33 0.499219 0.506597 0.159375 0.646528
3 0.499219 0.504514 0.159375 0.646528
32 0.499219 0.506597 0.159375 0.646528
27 0.499219 0.504514 0.159375 0.646528
0 0.498437 0.525 0.167187 0.1
33 0.471191 0.510503 0.743555 0.678993
31 0.647656 0.530208 0.492188 0.764583
6 0.499219 0.506597 0.159375 0.646528
8 0.497656 0.520139 0.16875 0.106944
8 0.502344 0.509635 0.154688 0.64184
4 0.500781 0.508333 0.154687 0.644444
31 0.448828 0.507986 0.617188 0.65625
22 0.647656 0.530208 0.492188 0.764583
31 0.422559 0.510764 0.370508 0.659028
32 0.469141 0.493837 0.738281 0.67066
35 0.499219 0.504514 0.159375 0.646528
22 0.503125 0.511458 0.159375 0.646528
4 0.501953 0.509722 0.161719 0.643056
25 0.503125 0.511458 0.159375 0.646528
31 0.503125 0.511458 0.159375 0.646528
9 0.502344 0.513108 0.157812 0.643229
7 0.502344 0.513108 0.157812 0.643229
32 0.502344 0.513108 0.157812 0.643229
5 0.503125 0.511458 0.159375 0.646528
27 0.501953 0.509722 0.161719 0.643056
3 0.500781 0.509809 0.1625 0.642882
6 0.503125 0.511458 0.159375 0.646528
8 0.501953 0.509722 0.161719 0.643056
31 0.396191 0.5125 0.366992 0.644444
31 0.301367 0.533247 0.569141 0.69184
20 0.503125 0.511458 0.159375 0.646528
27 0.301367 0.533247 0.569141 0.69184
7 0.294922 0.520833 0.589844 0.658333
1 0.500781 0.509809 0.1625 0.642882
35 0.5 0.510069 0.1625 0.640972
3 0.301367 0.533247 0.569141 0.69184
34 0.503125 0.513802 0.159375 0.644618
32 0.294922 0.520833 0.589844 0.658333
33 0.500781 0.509809 0.1625 0.642882
5 0.396191 0.5125 0.366992 0.644444
31 0.502344 0.507986 0.159375 0.646528
25 0.501172 0.507552 0.158594 0.650174
9 0.500781 0.507639 0.157812 0.65
22 0.502344 0.505208 0.157812 0.64375
5 0.503125 0.507031 0.158594 0.64566
7 0.500781 0.507639 0.157812 0.65
3 0.502344 0.507031 0.157812 0.64566
8 0.500781 0.507639 0.157812 0.65
32 0.502344 0.505903 0.159375 0.646528
33 0.502734 0.506944 0.160156 0.644444
4 0.502344 0.505903 0.159375 0.646528
27 0.502344 0.505903 0.159375 0.646528
35 0.502344 0.505903 0.159375 0.646528
6 0.502344 0.505903 0.159375 0.646528
1 0.502344 0.505903 0.159375 0.646528
34 0.501953 0.506163 0.157813 0.644618
14 0.502344 0.505903 0.159375 0.646528
2 0.502344 0.505903 0.159375 0.646528
15 0.502344 0.505903 0.159375 0.646528
20 0.502344 0.505903 0.159375 0.646528
18 0.502344 0.505903 0.159375 0.646528
10 0.502344 0.505903 0.159375 0.646528
11 0.502344 0.505903 0.159375 0.646528
22 0.503125 0.50625 0.160937 0.652778
5 0.503125 0.50625 0.160937 0.652778
9 0.501562 0.508246 0.159375 0.644618
25 0.501562 0.506944 0.159375 0.647222
31 0.501562 0.508246 0.159375 0.644618
7 0.501562 0.508246 0.159375 0.644618
8 0.501562 0.506944 0.159375 0.647222
3 0.503125 0.50625 0.160937 0.652778
33 0.503125 0.50625 0.160937 0.652778
6 0.503125 0.50625 0.160937 0.652778
29 0.503125 0.50625 0.160937 0.652778
34 0.502344 0.505642 0.160937 0.649826
23 0.503125 0.50625 0.160937 0.652778
30 0.503125 0.50625 0.160937 0.652778
14 0.503125 0.50625 0.160937 0.652778
2 0.501562 0.506163 0.164062 0.652951
25 0.501562 0.507639 0.157812 0.645833
22 0.501562 0.507639 0.157812 0.645833
6 0.501562 0.507726 0.15625 0.64566
9 0.501562 0.507639 0.157812 0.645833
32 0.499609 0.507292 0.154688 0.64375
31 0.501562 0.509635 0.157812 0.648785
34 0.501562 0.507726 0.15625 0.64566
2 0.501562 0.507726 0.15625 0.64566
27 0.500781 0.510417 0.157812 0.6375
8 0.499609 0.507292 0.154688 0.64375
4 0.501562 0.507639 0.157812 0.645833
3 0.499609 0.507292 0.154688 0.64375
35 0.499609 0.507292 0.154688 0.64375
10 0.499609 0.507292 0.154688 0.64375
15 0.499609 0.507292 0.154688 0.64375
7 0.500781 0.510764 0.157812 0.636806
33 0.499609 0.507292 0.154688 0.64375
25 0.414844 0.509809 0.33125 0.649826
1 0.501562 0.507726 0.15625 0.64566
0 0.501562 0.507639 0.157812 0.645833
14 0.499609 0.507292 0.154688 0.64375
18 0.499609 0.507292 0.154688 0.64375
11 0.501562 0.509635 0.157812 0.648785
6 0.414844 0.509809 0.33125 0.649826
21 0.499609 0.507292 0.154688 0.64375
25 0.557031 0.509635 0.295313 0.650174
5 0.499609 0.507292 0.154688 0.64375
17 0.499609 0.507292 0.154688 0.64375
9 0.414844 0.509809 0.33125 0.649826
9 0.5 0.508333 0.157813 0.647222
22 0.500781 0.505903 0.159375 0.642361
25 0.5 0.506597 0.159375 0.647917
31 0.500781 0.505903 0.159375 0.642361
32 0.5 0.509028 0.15625 0.644444
7 0.5 0.509028 0.15625 0.644444
6 0.5 0.506597 0.159375 0.647917
33 0.500781 0.505903 0.159375 0.642361
8 0.5 0.508333 0.157813 0.647222
35 0.500781 0.505903 0.159375 0.642361
3 0.500781 0.505903 0.159375 0.642361
27 0.500781 0.505903 0.159375 0.642361
5 0.5 0.509722 0.157813 0.643056
15 0.500781 0.505903 0.159375 0.642361
4 0.5 0.509722 0.157813 0.643056
14 0.500781 0.505903 0.159375 0.642361
2 0.500781 0.505903 0.159375 0.642361
1 0.501172 0.508333 0.155469 0.645833
0 0.5 0.509375 0.159375 0.645139
18 0.500781 0.505903 0.159375 0.642361
11 0.500781 0.505903 0.159375 0.642361
34 0.5 0.509722 0.157813 0.643056
10 0.500781 0.505903 0.159375 0.642361
25 0.503906 0.506597 0.1625 0.649306
9 0.502344 0.505556 0.1625 0.647222
22 0.503906 0.506597 0.1625 0.649306
31 0.502344 0.504774 0.1625 0.648785
7 0.502344 0.505556 0.1625 0.647222
4 0.503906 0.506597 0.1625 0.649306
8 0.502344 0.505556 0.1625 0.647222
5 0.502344 0.501997 0.163281 0.65434
3 0.503906 0.503819 0.1625 0.649305
6 0.503906 0.503819 0.1625 0.649305
32 0.503906 0.506597 0.1625 0.649306
33 0.503906 0.506597 0.1625 0.649306
27 0.502344 0.504774 0.1625 0.648785
35 0.503906 0.506597 0.1625 0.649306
1 0.503906 0.503819 0.1625 0.649305
25 0.450391 0.501389 0.269531 0.666667
6 0.503516 0.507639 0.153906 0.640278
31 0.502344 0.509375 0.157031 0.646528
25 0.503906 0.50243 0.157031 0.645139
22 0.503906 0.50243 0.157031 0.645139
9 0.503516 0.507639 0.153906 0.640278
32 0.503125 0.502691 0.15625 0.644618
34 0.502344 0.509375 0.157031 0.646528
5 0.503516 0.507639 0.153906 0.640278
4 0.503906 0.510764 0.152344 0.647917
7 0.503516 0.507639 0.153906 0.640278
8 0.503516 0.507639 0.153906 0.640278
2 0.503906 0.50243 0.157031 0.645139
3 0.503906 0.50243 0.157031 0.645139
0 0.503516 0.507639 0.153906 0.640278
35 0.503906 0.50243 0.157031 0.645139
33 0.503906 0.50243 0.157031 0.645139
10 0.503906 0.50243 0.157031 0.645139
27 0.503906 0.50243 0.157031 0.645139
14 0.503906 0.50243 0.157031 0.645139
15 0.503906 0.50243 0.157031 0.645139
21 0.503906 0.50243 0.157031 0.645139
18 0.503906 0.50243 0.157031 0.645139
29 0.503125 0.507639 0.157812 0.644444
1 0.503906 0.50243 0.157031 0.645139
12 0.503906 0.50243 0.157031 0.645139
11 0.503125 0.503819 0.15625 0.645139
17 0.503906 0.50243 0.157031 0.645139
25 0.501562 0.506163 0.15625 0.64184
22 0.501562 0.506163 0.15625 0.64184
9 0.501953 0.505556 0.157031 0.647222
31 0.501953 0.505556 0.157031 0.647222
32 0.501953 0.505556 0.157031 0.647222
4 0.501953 0.505556 0.157031 0.647222
7 0.501953 0.505556 0.157031 0.647222
3 0.501953 0.505556 0.157031 0.647222
10 0.501953 0.505556 0.157031 0.647222
33 0.501953 0.505556 0.157031 0.647222
6 0.502344 0.506944 0.15625 0.638889
8 0.501562 0.513194 0.154688 0.65
5 0.501953 0.505556 0.157031 0.647222
27 0.501562 0.508681 0.154688 0.642361
25 0.475 0.567361 0.101562 0.522222
25 0.501562 0.504861 0.159375 0.644444
31 0.503906 0.507031 0.160156 0.64566
9 0.503906 0.507031 0.160156 0.64566
22 0.501562 0.504861 0.159375 0.644444
32 0.503125 0.508681 0.160937 0.645139
7 0.500781 0.507292 0.159375 0.64375
3 0.503906 0.507031 0.160156 0.64566
33 0.503906 0.507031 0.160156 0.64566
6 0.500781 0.506944 0.159375 0.647222
5 0.500781 0.506944 0.159375 0.647222
8 0.500781 0.506944 0.159375 0.647222
4 0.503906 0.507031 0.160156 0.64566
2 0.500781 0.506944 0.159375 0.647222
31 0.502344 0.508681 0.159375 0.645139
25 0.501953 0.507639 0.160156 0.648611
9 0.502344 0.509635 0.159375 0.646007
22 0.501953 0.507639 0.160156 0.648611
3 0.502344 0.508681 0.159375 0.645139
5 0.502344 0.508941 0.159375 0.644618
4 0.502344 0.508941 0.159375 0.644618
27 0.501953 0.507639 0.160156 0.648611
32 0.502344 0.509635 0.159375 0.646007
7 0.502344 0.508941 0.159375 0.644618
34 0.501953 0.507639 0.160156 0.648611
33 0.502344 0.508681 0.159375 0.645139
6 0.502344 0.514497 0.159375 0.637674
31 0.487598 0.505556 0.362305 0.641667
31 0.504687 0.506337 0.160937 0.647049
5 0.502344 0.507986 0.159375 0.642361
32 0.503906 0.506337 0.159375 0.64566
22 0.504687 0.506337 0.160937 0.647049
9 0.502344 0.506944 0.159375 0.645833
33 0.504687 0.506337 0.160937 0.647049
25 0.504687 0.506337 0.160937 0.647049
3 0.502344 0.505469 0.159375 0.647396
7 0.502344 0.507986 0.159375 0.642361
27 0.502344 0.505469 0.159375 0.647396
4 0.502344 0.507986 0.159375 0.642361
20 0.502344 0.505469 0.159375 0.647396
10 0.504687 0.506337 0.160937 0.647049
9 0.501562 0.507726 0.15625 0.637326
25 0.501562 0.505556 0.157812 0.647222
22 0.501562 0.504861 0.159375 0.645833
5 0.501562 0.506944 0.155469 0.641667
31 0.501562 0.504861 0.159375 0.645833
32 0.503125 0.504774 0.159375 0.646007
33 0.501562 0.504861 0.159375 0.645833
8 0.501562 0.50625 0.15625 0.634722
7 0.501562 0.507726 0.15625 0.637326
3 0.501562 0.504861 0.159375 0.645833
6 0.502344 0.505642 0.157812 0.647049
1 0.501562 0.505556 0.157812 0.647222
10 0.501562 0.504861 0.159375 0.645833
0 0.501562 0.505556 0.157812 0.647222
27 0.501562 0.504861 0.159375 0.645833
17 0.501562 0.504861 0.159375 0.645833
18 0.501562 0.504861 0.159375 0.645833
14 0.501562 0.505556 0.157812 0.647222
11 0.501562 0.505556 0.157812 0.647222
25 0.500781 0.501997 0.158594 0.640451
31 0.501562 0.506944 0.157031 0.647222
9 0.500781 0.501997 0.158594 0.640451
22 0.503125 0.502865 0.160937 0.647049
32 0.502734 0.504167 0.157031 0.640278
4 0.500781 0.501997 0.158594 0.640451
27 0.502734 0.506597 0.158594 0.646528
6 0.501172 0.501389 0.158594 0.641667
8 0.500781 0.501997 0.158594 0.640451
7 0.501172 0.501389 0.158594 0.641667
33 0.500781 0.501997 0.158594 0.640451
10 0.501172 0.501389 0.158594 0.641667
5 0.501562 0.506944 0.157031 0.647222
1 0.501172 0.501389 0.158594 0.641667
3 0.500781 0.501997 0.158594 0.640451
0 0.501172 0.501389 0.158594 0.641667
18 0.500781 0.501997 0.158594 0.640451
14 0.501172 0.501389 0.158594 0.641667
25 0.505859 0.505903 0.164844 0.645139
9 0.502344 0.502778 0.160937 0.638889
31 0.505859 0.505903 0.164844 0.645139
32 0.503125 0.504514 0.160937 0.64375
7 0.503906 0.505642 0.1625 0.644271
5 0.502344 0.502778 0.160937 0.638889
22 0.505859 0.505903 0.164844 0.645139
4 0.503125 0.504514 0.160937 0.64375
8 0.502344 0.502778 0.160937 0.638889
33 0.502344 0.503559 0.157812 0.647049
6 0.502344 0.502778 0.160937 0.638889
3 0.502344 0.503559 0.157812 0.647049
25 0.502734 0.512153 0.1625 0.657639
22 0.503125 0.509375 0.161719 0.645139
9 0.501562 0.501736 0.1625 0.646528
31 0.502344 0.501042 0.164062 0.647917
32 0.502344 0.502083 0.1625 0.648611
32 0.291797 0.513802 0.583594 0.672396
9 0.293359 0.515885 0.586719 0.67934
6 0.502344 0.502083 0.1625 0.648611
7 0.502734 0.514583 0.160937 0.661111
6 0.291797 0.513802 0.583594 0.672396
33 0.501562 0.501736 0.1625 0.646528
8 0.502344 0.502083 0.1625 0.648611
15 0.291797 0.513802 0.583594 0.672396
8 0.291797 0.513802 0.583594 0.672396
10 0.502344 0.501042 0.164062 0.647917
25 0.291797 0.513802 0.583594 0.672396
10 0.291797 0.513802 0.583594 0.672396
0 0.291797 0.513802 0.583594 0.672396
3 0.502344 0.502083 0.1625 0.648611
11 0.291797 0.513802 0.583594 0.672396
4 0.502344 0.502083 0.1625 0.648611
1 0.291797 0.513802 0.583594 0.672396
5 0.502734 0.514583 0.160937 0.661111
25 0.503125 0.503472 0.1625 0.641667
32 0.503906 0.503385 0.164062 0.64184
4 0.503906 0.503385 0.164062 0.64184
22 0.502344 0.509375 0.1625 0.650694
31 0.503516 0.504514 0.161719 0.640972
10 0.503906 0.503385 0.164062 0.64184
27 0.503906 0.503385 0.164062 0.64184
9 0.503516 0.504514 0.161719 0.640972
33 0.503516 0.504514 0.161719 0.640972
18 0.503906 0.503385 0.164062 0.64184
0 0.503906 0.503385 0.164062 0.64184
6 0.503516 0.504514 0.161719 0.640972
8 0.503906 0.503385 0.164062 0.64184
3 0.503516 0.504514 0.161719 0.640972
35 0.503516 0.504514 0.161719 0.640972
1 0.503906 0.503385 0.164062 0.64184
15 0.504687 0.50408 0.165625 0.64184
14 0.503516 0.504514 0.161719 0.640972
25 0.441309 0.508681 0.27832 0.638194
11 0.503516 0.504514 0.161719 0.640972
17 0.503516 0.504514 0.161719 0.640972
25 0.573437 0.504948 0.354687 0.651215
7 0.503906 0.503385 0.164062 0.64184
25 0.501953 0.510069 0.158594 0.642361
9 0.5 0.504948 0.159375 0.64566
32 0.5 0.504948 0.159375 0.64566
8 0.503125 0.505556 0.157812 0.645833
1 0.502734 0.505642 0.157812 0.647049
31 0.501953 0.510069 0.158594 0.642361
6 0.503125 0.504861 0.159375 0.643056
10 0.501172 0.506337 0.158594 0.647049
27 0.501172 0.510069 0.157812 0.646528
3 0.5 0.504948 0.159375 0.64566
33 0.5 0.504948 0.159375 0.64566
22 0.501562 0.511806 0.157812 0.648611
35 0.501172 0.510069 0.157812 0.646528
9 0.642578 0.506163 0.710156 0.648785
9 0.466309 0.507292 0.223633 0.646528
32 0.619922 0.509028 0.760156 0.648611
25 0.642578 0.506163 0.710156 0.648785
18 0.5 0.504948 0.159375 0.64566
0 0.5 0.504948 0.159375 0.64566
25 0.502344 0.507726 0.160156 0.637326
31 0.502344 0.50625 0.160937 0.6375
9 0.503125 0.507639 0.160937 0.638889
32 0.502344 0.507639 0.160937 0.6375
32 0.360547 0.543663 0.677344 0.702951
22 0.502344 0.50625 0.160937 0.6375
32 0.483594 0.582986 0.764062 0.834028
27 0.42334 0.567014 0.681445 0.784028
32 0.665625 0.508941 0.576562 0.646007
10 0.502344 0.507639 0.160937 0.6375
27 0.326562 0.548264 0.640625 0.715972
31 0.483594 0.582986 0.764062 0.834028
31 0.42334 0.567014 0.681445 0.784028
33 0.502344 0.50842 0.159375 0.641493
27 0.502344 0.507639 0.160937 0.6375
27 0.483594 0.582986 0.764062 0.834028
4 0.502344 0.50625 0.160937 0.6375
7 0.502344 0.507031 0.159375 0.638715
9 0.326562 0.548264 0.640625 0.715972
33 0.42334 0.567014 0.681445 0.784028
31 0.665625 0.508941 0.576562 0.646007
5 0.501953 0.504948 0.160937 0.631771
7 0.326562 0.548264 0.640625 0.715972
9 0.42334 0.567014 0.681445 0.784028
33 0.326562 0.548264 0.640625 0.715972
31 0.501562 0.505556 0.160156 0.640278
25 0.501562 0.507986 0.160937 0.638194
22 0.501562 0.507986 0.160937 0.638194
9 0.502344 0.507639 0.159375 0.630556
4 0.501172 0.5125 0.158594 0.647222
5 0.502344 0.505903 0.157812 0.640972
3 0.501172 0.506858 0.161719 0.64184
32 0.501172 0.506858 0.161719 0.64184
33 0.501172 0.506858 0.161719 0.64184
7 0.502344 0.507639 0.159375 0.630556
22 0.503906 0.510069 0.159375 0.64375
25 0.502344 0.506858 0.159375 0.643229
32 0.502344 0.506597 0.157812 0.642361
6 0.502344 0.506597 0.157812 0.642361
31 0.503125 0.509635 0.159375 0.64184
9 0.501562 0.50625 0.160937 0.643056
2 0.502344 0.506597 0.157812 0.642361
10 0.501562 0.50625 0.160937 0.643056
7 0.502344 0.507986 0.158594 0.646528
33 0.502344 0.507986 0.158594 0.646528
34 0.502344 0.506597 0.157812 0.642361
0 0.502344 0.507986 0.158594 0.646528
22 0.502734 0.50625 0.160156 0.638889
25 0.501562 0.505208 0.160937 0.639583
32 0.501562 0.505208 0.160937 0.639583
7 0.500781 0.514583 0.159375 0.651389
6 0.501562 0.505208 0.160937 0.639583
32 0.5625 0.505469 0.875 0.652951
31 0.501562 0.505208 0.160937 0.639583
9 0.501562 0.505208 0.160937 0.639583
2 0.501562 0.505208 0.160937 0.639583
9 0.5625 0.505469 0.875 0.652951
25 0.501562 0.504861 0.159375 0.643056
22 0.501562 0.504861 0.159375 0.640278
31 0.501562 0.504514 0.157031 0.640972
7 0.501562 0.513194 0.157812 0.654167
32 0.501562 0.513194 0.157812 0.654167
4 0.501562 0.505903 0.157812 0.642361
9 0.502734 0.506337 0.155469 0.64566
10 0.501562 0.513194 0.157812 0.654167
6 0.502734 0.506337 0.155469 0.64566
5 0.501562 0.513194 0.157812 0.654167
25 0.451953 0.504861 0.649219 0.647222
25 0.502344 0.505903 0.164062 0.636806
31 0.500781 0.504167 0.154687 0.6375
32 0.502344 0.504948 0.154688 0.640104
22 0.501562 0.502431 0.1625 0.636806
9 0.500781 0.509809 0.160937 0.637326
7 0.500781 0.504167 0.154687 0.6375
10 0.500781 0.504167 0.154687 0.6375
3 0.501562 0.506163 0.15625 0.643229
6 0.500781 0.509809 0.160937 0.637326
33 0.500781 0.504167 0.154687 0.6375
4 0.500781 0.509809 0.160937 0.637326
27 0.502344 0.504948 0.154688 0.640104
5 0.500781 0.509809 0.160937 0.637326
22 0.503516 0.507639 0.166406 0.644444
31 0.502344 0.517708 0.165625 0.661806
25 0.502344 0.506858 0.16875 0.643229
7 0.505469 0.508333 0.1625 0.634722
32 0.502344 0.506858 0.16875 0.643229
9 0.502344 0.506858 0.16875 0.643229
6 0.505469 0.508333 0.1625 0.634722
10 0.500781 0.517274 0.165625 0.661285
5 0.505469 0.508333 0.1625 0.634722
25 0.479687 0.5 0.239062 0.661111
3 0.502344 0.506858 0.16875 0.643229
31 0.479687 0.5 0.239062 0.661111
22 0.479687 0.5 0.239062 0.661111
22 0.459277 0.507031 0.637695 0.665104
31 0.459277 0.507031 0.637695 0.665104
4 0.505078 0.510069 0.166406 0.649306
32 0.459277 0.507031 0.637695 0.665104
25 0.459277 0.507031 0.637695 0.665104
25 0.504297 0.506597 0.166406 0.636805
31 0.503516 0.512587 0.1625 0.649826
32 0.503516 0.508681 0.1625 0.640972
22 0.502734 0.503125 0.160156 0.647917
4 0.502734 0.514931 0.161719 0.653472
7 0.504687 0.508333 0.160937 0.636111
9 0.502734 0.503125 0.160156 0.647917
27 0.503516 0.512587 0.1625 0.649826
6 0.504687 0.508333 0.160937 0.636111
0 0.504687 0.508333 0.160937 0.636111
22 0.502734 0.502778 0.159375 0.644444
25 0.503125 0.502083 0.160937 0.644444
31 0.503125 0.504514 0.160937 0.640972
32 0.500391 0.507639 0.158594 0.640278
33 0.500391 0.506163 0.158594 0.640451
31 0.502344 0.507639 0.159375 0.643055
25 0.499219 0.503472 0.164062 0.645833
22 0.501562 0.504167 0.160937 0.643055
7 0.501172 0.504514 0.160156 0.640972
9 0.499219 0.503472 0.164062 0.645833
6 0.499219 0.503472 0.164062 0.645833
32 0.499219 0.503472 0.164062 0.645833
5 0.500781 0.508681 0.159375 0.650694
14 0.499219 0.503472 0.164062 0.645833
0 0.499219 0.503472 0.164062 0.645833
10 0.500781 0.508681 0.159375 0.650694
15 0.499219 0.503472 0.164062 0.645833
33 0.499219 0.503472 0.164062 0.645833
18 0.499219 0.503472 0.164062 0.645833
3 0.500781 0.508681 0.159375 0.650694
8 0.499219 0.503472 0.164062 0.645833
4 0.500781 0.510069 0.159375 0.652083
11 0.489844 0.504861 0.18125 0.647222
31 0.502344 0.510069 0.160937 0.634028
25 0.502344 0.505556 0.160937 0.636111
9 0.501562 0.506337 0.160937 0.644271
7 0.502344 0.506597 0.160937 0.638194
22 0.501953 0.506944 0.160156 0.65
5 0.502344 0.510069 0.160937 0.634028
32 0.501953 0.506944 0.160156 0.65
4 0.502344 0.503472 0.159375 0.6375
6 0.501953 0.506944 0.160156 0.65
25 0.501562 0.504167 0.159375 0.641667
22 0.501562 0.509028 0.157812 0.640278
31 0.501562 0.511198 0.157812 0.635938
9 0.501562 0.504167 0.159375 0.641667
32 0.501562 0.504167 0.159375 0.641667
0 0.501562 0.504167 0.159375 0.641667
6 0.501562 0.511198 0.157812 0.635938
33 0.501562 0.504167 0.159375 0.641667
10 0.501562 0.505556 0.158594 0.644444
14 0.501562 0.504774 0.159375 0.644618
7 0.501562 0.504774 0.159375 0.644618
25 0.501562 0.506597 0.159375 0.639583
22 0.501562 0.506597 0.159375 0.639583
31 0.501562 0.51033 0.157812 0.636285
32 0.502344 0.509722 0.15625 0.6375
9 0.502344 0.509722 0.15625 0.6375
6 0.502344 0.509722 0.15625 0.6375
7 0.502344 0.509722 0.15625 0.6375
25 0.502344 0.504167 0.159375 0.644444
31 0.502344 0.508681 0.159375 0.636806
22 0.502344 0.504167 0.159375 0.644444
6 0.502344 0.505903 0.158594 0.646528
9 0.502344 0.504167 0.159375 0.644444
0 0.502344 0.504167 0.159375 0.644444
32 0.502734 0.505642 0.160156 0.644271
10 0.502344 0.504167 0.159375 0.644444
14 0.502344 0.504167 0.159375 0.644444
7 0.502344 0.505903 0.158594 0.646528
8 0.502344 0.505903 0.158594 0.646528
4 0.501953 0.507292 0.158594 0.639583
34 0.502344 0.505903 0.158594 0.646528
11 0.502344 0.504167 0.159375 0.644444
15 0.502344 0.504167 0.159375 0.644444
33 0.502344 0.505903 0.158594 0.646528
19 0.502344 0.504167 0.159375 0.644444
18 0.502344 0.504167 0.159375 0.644444
2 0.502344 0.505903 0.158594 0.646528
25 0.501562 0.507986 0.160937 0.639583
31 0.501953 0.504861 0.160156 0.640278
4 0.502344 0.504514 0.159375 0.646528
10 0.502344 0.503472 0.159375 0.645833
32 0.502344 0.504514 0.159375 0.646528
27 0.501562 0.508333 0.159375 0.641667
22 0.501562 0.508333 0.159375 0.641667
9 0.502344 0.503472 0.159375 0.645833
18 0.502344 0.504514 0.159375 0.646528
0 0.502344 0.503472 0.159375 0.645833
7 0.502344 0.503472 0.159375 0.645833
33 0.502344 0.504514 0.159375 0.646528
6 0.502344 0.503472 0.159375 0.645833
8 0.502344 0.503472 0.159375 0.645833
14 0.502344 0.504514 0.159375 0.646528
1 0.502344 0.504514 0.159375 0.646528
35 0.501562 0.508333 0.159375 0.641667
19 0.502344 0.503472 0.159375 0.645833
15 0.502344 0.504514 0.159375 0.646528
11 0.502344 0.503472 0.159375 0.645833
3 0.502344 0.504514 0.159375 0.646528
25 0.503125 0.50842 0.157812 0.641493
22 0.501953 0.510503 0.160937 0.64566
33 0.503125 0.50842 0.157812 0.641493
32 0.503516 0.507552 0.158594 0.639062
10 0.503125 0.507726 0.159375 0.640104
9 0.503125 0.50842 0.157812 0.641493
0 0.503125 0.50842 0.157812 0.641493
31 0.501562 0.511111 0.164062 0.640278
7 0.5 0.520226 0.164062 0.662326
18 0.503906 0.507986 0.157813 0.64375
8 0.503906 0.507986 0.157813 0.64375
4 0.503125 0.507726 0.159375 0.640104
14 0.503906 0.507986 0.157813 0.64375
27 0.503125 0.507726 0.159375 0.640104
6 0.503125 0.50842 0.157812 0.641493
1 0.503125 0.50842 0.157812 0.641493
11 0.503906 0.507986 0.157813 0.64375
17 0.503906 0.507986 0.157813 0.64375
3 0.503906 0.507986 0.157813 0.64375
2 0.503906 0.507292 0.159375 0.645139
25 0.502344 0.505469 0.1625 0.630729
22 0.502344 0.505903 0.1625 0.640972
7 0.501562 0.504861 0.160937 0.634722
6 0.500781 0.503125 0.158594 0.640972
10 0.500781 0.503125 0.158594 0.640972
33 0.501172 0.504253 0.158594 0.638715
9 0.500781 0.503125 0.158594 0.640972
0 0.500781 0.503125 0.158594 0.640972
8 0.501172 0.504253 0.158594 0.638715
32 0.500781 0.503125 0.158594 0.640972
31 0.502344 0.505903 0.1625 0.640972
14 0.501172 0.504253 0.158594 0.638715
18 0.500781 0.504861 0.159375 0.638889
2 0.500781 0.503125 0.158594 0.640972
17 0.500781 0.504861 0.159375 0.638889
1 0.501172 0.504253 0.158594 0.638715
34 0.500781 0.503125 0.158594 0.640972
11 0.500781 0.503125 0.158594 0.640972
16 0.501562 0.504861 0.160937 0.634722
15 0.501172 0.504253 0.158594 0.638715
4 0.500781 0.504861 0.159375 0.638889
13 0.500781 0.503125 0.158594 0.640972
3 0.500781 0.504861 0.159375 0.638889
20 0.500781 0.504861 0.159375 0.638889
19 0.501562 0.506858 0.160937 0.64184
5 0.502344 0.505903 0.1625 0.640972
22 0.502344 0.508333 0.159375 0.634722
25 0.502344 0.509028 0.158594 0.6375
32 0.502344 0.506163 0.158594 0.637674
10 0.502344 0.506163 0.158594 0.637674
33 0.502344 0.506163 0.158594 0.637674
31 0.502344 0.506163 0.158594 0.637674
7 0.502344 0.508333 0.159375 0.640278
9 0.502344 0.506163 0.158594 0.637674
0 0.502344 0.506163 0.158594 0.637674
4 0.502344 0.5125 0.157812 0.652778
14 0.502344 0.506163 0.158594 0.637674
27 0.502344 0.506163 0.158594 0.637674
25 0.501562 0.50625 0.157812 0.641667
22 0.501562 0.508333 0.159375 0.647222
31 0.501562 0.50625 0.157812 0.641667
32 0.501562 0.507292 0.15625 0.640972
33 0.501562 0.50625 0.157812 0.641667
9 0.501562 0.507552 0.157812 0.640451
10 0.501562 0.507292 0.15625 0.640972
22 0.500391 0.509375 0.160937 0.642361
25 0.502344 0.507986 0.159375 0.64375
9 0.500781 0.509028 0.1625 0.644444
31 0.500781 0.509028 0.1625 0.644444
25 0.413965 0.510417 0.331445 0.643055
6 0.500781 0.509028 0.1625 0.644444
10 0.500781 0.507986 0.160937 0.64375
32 0.500781 0.509028 0.1625 0.644444
9 0.413965 0.510417 0.331445 0.643055
7 0.500781 0.509028 0.1625 0.644444
6 0.35625 0.524306 0.44375 0.673611
0 0.500781 0.509028 0.1625 0.644444
25 0.502734 0.507292 0.158594 0.639583
22 0.502344 0.50842 0.159375 0.638715
31 0.502344 0.507639 0.159375 0.640278
9 0.503125 0.50625 0.157812 0.6375
32 0.503125 0.50625 0.157812 0.6375
7 0.503125 0.50625 0.157812 0.6375
31 0.502344 0.50625 0.15625 0.6375
25 0.501562 0.507292 0.157812 0.638194
32 0.501562 0.508247 0.157812 0.639062
22 0.502344 0.50625 0.15625 0.6375
9 0.501953 0.507292 0.157031 0.638194
33 0.502344 0.506858 0.15625 0.639062
7 0.501562 0.508247 0.157812 0.639062
27 0.501562 0.507292 0.157812 0.638194
4 0.501562 0.508247 0.157812 0.639062
10 0.501562 0.508247 0.157812 0.639062
25 0.502344 0.50625 0.159375 0.638889
22 0.501953 0.506163 0.159375 0.633507
32 0.502344 0.506337 0.157812 0.638715
9 0.502344 0.506337 0.157812 0.638715
10 0.502344 0.506337 0.157812 0.638715
25 0.502344 0.504514 0.157031 0.640972
22 0.502344 0.502431 0.160937 0.639583
32 0.502344 0.503819 0.15625 0.638194
10 0.502344 0.503819 0.15625 0.638194
9 0.502344 0.503819 0.15625 0.638194
4 0.502344 0.503819 0.15625 0.638194
6 0.502344 0.503819 0.15625 0.638194
33 0.502344 0.503819 0.15625 0.638194
31 0.502344 0.503819 0.15625 0.638194
1 0.502344 0.503819 0.15625 0.638194
7 0.502344 0.503819 0.15625 0.638194
2 0.502344 0.503819 0.15625 0.638194
25 0.502734 0.503819 0.1625 0.636806
31 0.503906 0.506944 0.160937 0.636111
4 0.503516 0.510764 0.160937 0.645139
22 0.502734 0.503819 0.1625 0.636806
32 0.503906 0.505556 0.1625 0.636111
7 0.503906 0.505556 0.1625 0.636111
27 0.503906 0.50842 0.1625 0.638715
9 0.503906 0.505556 0.1625 0.636111
25 0.503906 0.505469 0.159375 0.64184
22 0.501953 0.505903 0.161719 0.645139
31 0.502344 0.508681 0.157031 0.646528
9 0.502344 0.508681 0.157031 0.646528
10 0.502344 0.508681 0.157031 0.646528
4 0.503906 0.507292 0.159375 0.642361
31 0.503516 0.509635 0.157031 0.639062
25 0.503516 0.506163 0.153906 0.637674
9 0.503516 0.506163 0.153906 0.637674
22 0.501562 0.507986 0.160937 0.636806
33 0.503516 0.506163 0.153906 0.637674
27 0.503906 0.508681 0.15625 0.638194
3 0.503516 0.506163 0.153906 0.637674
32 0.503906 0.508681 0.15625 0.638194
4 0.503906 0.508681 0.15625 0.638194
10 0.503516 0.506163 0.153906 0.637674
7 0.503516 0.506163 0.153906 0.637674
5 0.503906 0.508681 0.15625 0.638194
25 0.501562 0.505469 0.157812 0.640451
9 0.500781 0.504948 0.157031 0.642882
31 0.500781 0.504948 0.15625 0.641493
22 0.501953 0.505556 0.157813 0.643055
4 0.500781 0.504948 0.15625 0.641493
32 0.500781 0.504948 0.15625 0.641493
25 0.502344 0.506944 0.160937 0.644444
22 0.502344 0.506944 0.160937 0.644444
31 0.501562 0.507552 0.159375 0.64184
25 0.469922 0.517361 0.0960937 0.625
25 0.502344 0.506163 0.158594 0.639062
22 0.502344 0.507986 0.157812 0.642361
9 0.502344 0.505903 0.157812 0.640972
32 0.502344 0.505903 0.157812 0.640972
31 0.502344 0.507986 0.157812 0.642361
4 0.502344 0.505903 0.157812 0.640972
25 0.501953 0.504948 0.155469 0.640104
22 0.502344 0.506944 0.15625 0.643055
9 0.501953 0.505556 0.155469 0.641667
31 0.501953 0.505556 0.155469 0.641667
25 0.503125 0.504167 0.157812 0.641667
25 0.501562 0.507292 0.159375 0.64375
22 0.501562 0.507292 0.159375 0.64375
31 0.502344 0.50408 0.160937 0.652951
27 0.502344 0.505903 0.159375 0.650694
25 0.501172 0.507726 0.160156 0.641493
22 0.501953 0.505903 0.161719 0.647917
31 0.500781 0.514931 0.159375 0.653472
7 0.500781 0.514931 0.159375 0.653472
25 0.502344 0.509028 0.15625 0.640278
22 0.501953 0.506337 0.160156 0.644271
31 0.501562 0.5125 0.15625 0.647222
27 0.502344 0.509028 0.15625 0.640278
25 0.500781 0.502691 0.15625 0.64184
22 0.501562 0.505903 0.159375 0.638194
31 0.501562 0.512413 0.15625 0.644618
25 0.501562 0.506163 0.157031 0.637674
22 0.501562 0.507552 0.159375 0.640451
31 0.500781 0.504861 0.157812 0.638889
9 0.502344 0.506597 0.154688 0.638194
25 0.500781 0.505903 0.158594 0.635417
22 0.501953 0.504167 0.158594 0.645833
31 0.501953 0.504167 0.158594 0.645833
7 0.499609 0.509028 0.158594 0.645833
32 0.500781 0.50625 0.159375 0.636111
25 0.450879 0.510069 0.218555 0.635417
25 0.533594 0.501736 0.234375 0.654861
25 0.502344 0.506597 0.159375 0.636805
7 0.501562 0.506163 0.157812 0.636285
9 0.501562 0.505556 0.157812 0.640278
22 0.501562 0.502778 0.159375 0.648611
31 0.501562 0.510417 0.157812 0.648611
8 0.501562 0.505556 0.157812 0.640278
32 0.501562 0.506163 0.157812 0.636285
1 0.501562 0.505556 0.157812 0.640278
27 0.501562 0.510417 0.157812 0.648611
4 0.501172 0.511458 0.157031 0.649306
33 0.501562 0.505556 0.157812 0.640278
10 0.501562 0.50625 0.157812 0.643056
18 0.502344 0.504167 0.157812 0.647222
5 0.501562 0.505556 0.157812 0.640278
25 0.501172 0.507639 0.158594 0.6375
22 0.501562 0.50408 0.159375 0.647396
31 0.501172 0.506163 0.160156 0.646007
25 0.501172 0.504167 0.158594 0.636111
22 0.501562 0.504514 0.15625 0.635417
7 0.503125 0.505208 0.154687 0.636806
32 0.501172 0.505208 0.158594 0.639583
31 0.500391 0.511719 0.157031 0.650174
9 0.500781 0.505556 0.159375 0.638889
10 0.500781 0.505556 0.159375 0.638889
33 0.501172 0.505208 0.158594 0.639583
6 0.500781 0.505556 0.159375 0.638889
1 0.500781 0.505556 0.159375 0.638889
22 0.502344 0.510069 0.159375 0.636805
25 0.503516 0.505556 0.163281 0.636111
31 0.503125 0.514497 0.159375 0.62934
7 0.501562 0.515885 0.157812 0.657118
10 0.501562 0.515885 0.157812 0.657118
25 0.502344 0.502691 0.159375 0.637674
22 0.502344 0.509809 0.159375 0.638715
31 0.502344 0.509809 0.159375 0.638715
7 0.501172 0.509028 0.158594 0.651389
25 0.405859 0.507292 0.441406 0.64375
4 0.502344 0.509375 0.157812 0.650694
31 0.502344 0.505556 0.160937 0.643055
22 0.503125 0.50625 0.159375 0.638889
25 0.500781 0.501389 0.159375 0.641667
7 0.503125 0.50625 0.159375 0.638889
4 0.501562 0.509375 0.159375 0.652083
5 0.502344 0.504253 0.159375 0.638715
32 0.500781 0.501389 0.159375 0.641667
9 0.500781 0.501389 0.159375 0.641667
22 0.503125 0.506944 0.157812 0.636111
31 0.500781 0.517014 0.157812 0.663194
25 0.500781 0.507292 0.157812 0.645139
25 0.4375 0.508333 0.321094 0.645833
22 0.502344 0.507726 0.160937 0.637326
25 0.501562 0.510417 0.160937 0.643055
31 0.501562 0.516667 0.159375 0.659722
25 0.501953 0.510503 0.160156 0.64566
22 0.502734 0.507986 0.160937 0.639583
7 0.501562 0.517708 0.159375 0.661806
31 0.501562 0.517708 0.159375 0.661806
25 0.470312 0.503559 0.232813 0.649826
22 0.502344 0.507639 0.160937 0.638889
25 0.500781 0.521875 0.159375 0.665972
31 0.500781 0.521875 0.159375 0.665972
7 0.500781 0.521875 0.159375 0.665972
25 0.501562 0.510417 0.160937 0.644444
22 0.502344 0.509028 0.160937 0.641667
31 0.501562 0.513542 0.159375 0.652083
7 0.501562 0.513542 0.159375 0.652083
4 0.501562 0.513542 0.159375 0.652083
27 0.502344 0.510764 0.159375 0.64375
10 0.501562 0.513542 0.159375 0.652083
5 0.501562 0.513542 0.159375 0.652083
22 0.503125 0.508681 0.160937 0.642361
25 0.502344 0.509028 0.1625 0.641667
31 0.502344 0.518056 0.160156 0.658333
5 0.502344 0.518056 0.160156 0.658333
25 0.503125 0.507639 0.160937 0.643055
22 0.502734 0.510764 0.160156 0.636806
31 0.502344 0.514497 0.159375 0.65434
4 0.502344 0.514497 0.159375 0.65434
25 0.501562 0.507639 0.160937 0.643055
22 0.501953 0.511024 0.160937 0.636285
31 0.501953 0.511024 0.160937 0.636285
4 0.501562 0.515278 0.160156 0.656944
25 0.501953 0.505903 0.160156 0.640972
22 0.502734 0.506597 0.160156 0.640972
31 0.502344 0.506337 0.160937 0.641493
25 0.502344 0.510069 0.160937 0.649306
22 0.503125 0.510503 0.160937 0.640104
31 0.503125 0.510503 0.160937 0.640104
25 0.501562 0.50842 0.159375 0.642882
22 0.502344 0.512413 0.159375 0.633507
31 0.502344 0.512413 0.159375 0.633507
25 0.501562 0.509028 0.159375 0.640278
31 0.502344 0.511198 0.159375 0.634549
22 0.502344 0.511198 0.159375 0.634549
4 0.501562 0.514236 0.159375 0.652083
25 0.501562 0.509375 0.160156 0.640972
31 0.503125 0.511719 0.160937 0.634896
22 0.501562 0.509375 0.160156 0.640972
10 0.350781 0.521181 0.48125 0.663194
25 0.402246 0.515625 0.362695 0.652083
32 0.374609 0.51658 0.444531 0.658507
25 0.502344 0.509115 0.160937 0.642882
22 0.503125 0.509809 0.160937 0.638715
31 0.503125 0.509809 0.160937 0.638715
25 0.417871 0.514236 0.32832 0.660417
25 0.502344 0.507986 0.160937 0.640972
22 0.502344 0.509028 0.160937 0.640278
31 0.502344 0.509809 0.1625 0.635938
4 0.498437 0.506597 0.166406 0.642361
25 0.502344 0.509115 0.160937 0.638715
22 0.501172 0.512153 0.160156 0.647917
31 0.501953 0.510417 0.161719 0.634722
25 0.503125 0.509028 0.160937 0.641667
22 0.502734 0.505208 0.161719 0.642361
31 0.502734 0.505208 0.161719 0.642361
25 0.500781 0.507292 0.159375 0.640972
22 0.501953 0.510503 0.160937 0.64566
31 0.501953 0.510503 0.160937 0.64566
27 0.501953 0.510503 0.160937 0.64566
25 0.501562 0.507639 0.159375 0.643055
22 0.503516 0.509375 0.164062 0.645139
31 0.502344 0.511806 0.161719 0.645833
25 0.501562 0.511111 0.160937 0.647222
22 0.502344 0.511111 0.160937 0.647222
31 0.503125 0.51033 0.1625 0.634896
30 0.0902344 0.470139 0.180469 0.940278
25 0.501562 0.509115 0.159375 0.647049
31 0.501562 0.509722 0.159375 0.648611
22 0.501562 0.509115 0.159375 0.647049
25 0.502344 0.510764 0.160937 0.647917
22 0.503125 0.51033 0.161719 0.643229
25 0.434277 0.511458 0.289258 0.649306
25 0.332227 0.517361 0.497266 0.6625
32 0.317969 0.540972 0.559375 0.711111
31 0.503906 0.50625 0.164062 0.643056
9 0.317969 0.540972 0.559375 0.711111
32 0.378516 0.514583 0.402344 0.654167
25 0.501562 0.507552 0.159375 0.64184
22 0.502344 0.509375 0.160937 0.642361
31 0.502344 0.510069 0.160156 0.642361
25 0.502344 0.507292 0.159375 0.636806
22 0.502344 0.509722 0.160937 0.640278
31 0.500781 0.513281 0.159375 0.652604
7 0.500781 0.513281 0.159375 0.652604
32 0.502344 0.507292 0.159375 0.636806
25 0.501172 0.506597 0.160156 0.640972
22 0.501562 0.506597 0.160937 0.640972
31 0.501562 0.50625 0.160937 0.641667
25 0.501562 0.505903 0.160937 0.639583
22 0.502734 0.507292 0.160156 0.638194
25 0.501562 0.50625 0.159375 0.641667
31 0.501953 0.505208 0.159375 0.636806
22 0.502344 0.508333 0.160937 0.638889
7 0.501562 0.50625 0.159375 0.641667
9 0.500781 0.506944 0.159375 0.644444
4 0.501562 0.50625 0.159375 0.641667
33 0.501562 0.50625 0.159375 0.641667
32 0.500781 0.506944 0.159375 0.644444
10 0.501562 0.50625 0.159375 0.641667
25 0.501953 0.506597 0.159375 0.640972
22 0.501953 0.506944 0.160156 0.638889
31 0.501953 0.507292 0.160156 0.640972
9 0.500781 0.509722 0.157812 0.643056
7 0.501562 0.507986 0.157812 0.642361
33 0.501953 0.507292 0.160156 0.640972
32 0.500781 0.509722 0.157812 0.643056
10 0.501562 0.507986 0.157812 0.642361
4 0.501562 0.507986 0.157812 0.642361
0 0.501562 0.508247 0.159375 0.64184
25 0.501562 0.506858 0.159375 0.639062
22 0.503125 0.508333 0.1625 0.641667
31 0.501562 0.507552 0.159375 0.639062
33 0.501562 0.507639 0.157812 0.640278
7 0.501562 0.507639 0.157812 0.640278
4 0.501562 0.507639 0.157812 0.640278
32 0.501562 0.507639 0.157812 0.640278
10 0.501562 0.507639 0.157812 0.640278
9 0.501562 0.507639 0.157812 0.640278
25 0.502344 0.507986 0.160937 0.639583
22 0.503906 0.508681 0.1625 0.64375
31 0.501172 0.516319 0.159375 0.660417
33 0.499609 0.507552 0.161719 0.639062
9 0.499609 0.507552 0.161719 0.639062
22 0.502344 0.508941 0.161719 0.640451
25 0.501953 0.508941 0.160937 0.639062
31 0.501562 0.508333 0.160937 0.638889
4 0.500781 0.517014 0.159375 0.660417
31 0.501562 0.507552 0.159375 0.639062
22 0.501562 0.508333 0.159375 0.640278
25 0.501562 0.507986 0.159375 0.639583
4 0.500781 0.515278 0.158594 0.655556
25 0.468359 0.510764 0.219531 0.639583
31 0.501562 0.506163 0.160937 0.636285
25 0.501953 0.507292 0.160937 0.638194
22 0.501562 0.507292 0.160937 0.639583
4 0.500781 0.514236 0.160937 0.654861
25 0.502344 0.50625 0.161719 0.638889
31 0.501953 0.505556 0.161719 0.6375
22 0.502344 0.506944 0.1625 0.641667
32 0.501562 0.505556 0.161719 0.638889
4 0.501172 0.515191 0.160937 0.658507
27 0.501953 0.506944 0.161719 0.641667
25 0.502344 0.506337 0.161719 0.640104
22 0.503906 0.508246 0.1625 0.640451
31 0.502344 0.507292 0.160156 0.64375
32 0.502344 0.50625 0.160937 0.640278
4 0.501562 0.512847 0.160937 0.654861
27 0.502344 0.507292 0.160156 0.64375
25 0.502344 0.507639 0.161719 0.643055
22 0.503125 0.505556 0.1625 0.645833
31 0.501562 0.513889 0.160937 0.658333
4 0.501562 0.513889 0.160937 0.658333
27 0.502344 0.507639 0.160937 0.644444
25 0.502344 0.508333 0.160937 0.643056
22 0.503125 0.507292 0.160937 0.64375
31 0.501562 0.513194 0.159375 0.656944
25 0.502344 0.507031 0.160937 0.641493
22 0.503125 0.507639 0.160937 0.640278
31 0.501172 0.5125 0.160937 0.655556
25 0.501953 0.506944 0.160156 0.640278
22 0.503125 0.508246 0.159375 0.640451
31 0.500781 0.512153 0.160937 0.653472
25 0.502344 0.505642 0.160937 0.638715
22 0.503125 0.507726 0.160156 0.640104
31 0.501562 0.5125 0.160156 0.655556
25 0.501562 0.506944 0.159375 0.643055
22 0.502344 0.507986 0.159375 0.64375
31 0.503125 0.507639 0.159375 0.644444
25 0.502734 0.506944 0.157812 0.644444
22 0.501562 0.507292 0.159375 0.640972
32 0.498437 0.508681 0.164062 0.647917
9 0.498437 0.508681 0.164062 0.647917
4 0.502734 0.507552 0.157031 0.643229
31 0.501562 0.507292 0.159375 0.640972
10 0.498437 0.508681 0.164062 0.647917
6 0.498437 0.508681 0.164062 0.647917
34 0.498437 0.508681 0.164062 0.647917
25 0.502344 0.507292 0.157812 0.64375
22 0.501562 0.507986 0.159375 0.639583
9 0.495703 0.508941 0.167969 0.648785
25 0.436328 0.513976 0.288281 0.652604
25 0.502344 0.507292 0.157812 0.64375
22 0.501562 0.509028 0.160156 0.643055
25 0.502344 0.507552 0.157812 0.64184
22 0.501172 0.509115 0.160156 0.642882
9 0.500781 0.507031 0.157812 0.644271
0 0.501953 0.510764 0.157031 0.645139
4 0.501953 0.510764 0.157031 0.645139
25 0.501953 0.506944 0.158594 0.643055
22 0.501562 0.509722 0.160937 0.644444
9 0.501172 0.507292 0.157812 0.646528
0 0.501172 0.507292 0.157812 0.646528
32 0.501172 0.507292 0.157812 0.646528
4 0.501953 0.509635 0.157031 0.644618
25 0.501953 0.506858 0.158594 0.64184
22 0.501562 0.509635 0.159375 0.64184
31 0.501562 0.509635 0.159375 0.64184
9 0.501562 0.509028 0.15625 0.643055
25 0.502344 0.506597 0.159375 0.640972
22 0.501172 0.510069 0.160937 0.642361
31 0.501172 0.510069 0.160937 0.642361
32 0.501562 0.509375 0.157812 0.642361
9 0.501562 0.509375 0.157812 0.642361
25 0.501562 0.506597 0.159375 0.640972
22 0.500391 0.510417 0.163281 0.643055
31 0.500391 0.510417 0.163281 0.643055
9 0.500781 0.507292 0.160937 0.64375
25 0.501562 0.506597 0.159375 0.639583
22 0.501172 0.508681 0.160937 0.64375
31 0.500391 0.510417 0.1625 0.641667
25 0.502344 0.507292 0.157812 0.639583
22 0.501172 0.508681 0.160937 0.64375
31 0.500781 0.510069 0.1625 0.640972
25 0.502344 0.507639 0.157812 0.640278
22 0.500781 0.509722 0.160937 0.643056
31 0.500781 0.510417 0.160937 0.640278
25 0.501953 0.507292 0.157031 0.640972
22 0.500781 0.509722 0.159375 0.643056
31 0.500781 0.510764 0.160937 0.640972
25 0.501562 0.507292 0.157812 0.640972
22 0.500781 0.51033 0.159375 0.643229
31 0.500781 0.511111 0.159375 0.641667
25 0.501562 0.507726 0.158594 0.642882
22 0.501562 0.510417 0.159375 0.643055
9 0.499219 0.509028 0.160937 0.647222
32 0.499219 0.509028 0.160937 0.647222
25 0.501562 0.507986 0.158594 0.642361
22 0.499609 0.508681 0.160156 0.646528
9 0.499609 0.508681 0.160156 0.646528
7 0.499609 0.508681 0.160156 0.646528
0 0.499609 0.508681 0.160156 0.646528
32 0.499609 0.508681 0.160156 0.646528
10 0.499609 0.508681 0.160156 0.646528
31 0.499609 0.508681 0.160156 0.646528
4 0.499609 0.508681 0.160156 0.646528
25 0.501562 0.507552 0.157812 0.640451
22 0.500781 0.507031 0.15625 0.642882
9 0.498438 0.508246 0.160937 0.644618
0 0.498438 0.508246 0.160937 0.644618
7 0.498438 0.508246 0.160937 0.644618
25 0.501562 0.507292 0.157812 0.639583
22 0.500781 0.507031 0.157812 0.641493
9 0.500781 0.507031 0.157812 0.641493
0 0.500781 0.507031 0.157812 0.641493
25 0.501562 0.507292 0.157812 0.639583
22 0.501172 0.507726 0.157031 0.642882
9 0.501172 0.507726 0.157031 0.642882
0 0.501172 0.507726 0.157031 0.642882
32 0.501172 0.507726 0.157031 0.642882
25 0.501562 0.506944 0.158594 0.640278
22 0.501172 0.507552 0.157031 0.643229
9 0.501172 0.507552 0.157031 0.643229
32 0.501172 0.507552 0.157031 0.643229
0 0.501172 0.507552 0.157031 0.643229
4 0.501172 0.507552 0.157031 0.643229
25 0.501562 0.507031 0.159375 0.640104
22 0.501562 0.506858 0.157812 0.64184
9 0.501562 0.507986 0.157812 0.642361
32 0.501562 0.507986 0.157812 0.642361
0 0.501562 0.506858 0.157812 0.64184
4 0.501562 0.506858 0.157812 0.64184
25 0.501562 0.507292 0.159375 0.640972
22 0.501172 0.507031 0.157812 0.642882
9 0.501172 0.507031 0.157812 0.642882
32 0.501172 0.507031 0.157812 0.642882
4 0.501172 0.507031 0.157812 0.642882
0 0.501172 0.507031 0.157812 0.642882
25 0.501562 0.507639 0.159375 0.640278
22 0.500781 0.507639 0.157812 0.643055
9 0.500781 0.507639 0.157812 0.643055
32 0.500781 0.507639 0.157812 0.643055
4 0.500781 0.507639 0.157812 0.643055
0 0.500781 0.507639 0.157812 0.643055
31 0.500781 0.507639 0.157812 0.643055
25 0.501172 0.508681 0.157812 0.640972
22 0.500781 0.507986 0.157812 0.64375
9 0.500781 0.507986 0.157812 0.64375
4 0.500781 0.507986 0.157812 0.64375
31 0.500781 0.507986 0.157812 0.64375
0 0.500781 0.507986 0.157812 0.64375
32 0.500781 0.507986 0.157812 0.64375
25 0.501562 0.508247 0.159375 0.64184
22 0.500781 0.508246 0.157812 0.644618
4 0.500781 0.508246 0.157812 0.644618
9 0.500781 0.508246 0.157812 0.644618
32 0.500781 0.508246 0.157812 0.644618
31 0.500781 0.508246 0.157812 0.644618
25 0.501562 0.508247 0.159375 0.64184
22 0.501172 0.507986 0.157031 0.645139
9 0.500781 0.50842 0.157812 0.644271
4 0.501172 0.507986 0.157031 0.645139
32 0.500781 0.50842 0.157812 0.644271
25 0.501562 0.507639 0.159375 0.641667
22 0.501172 0.507726 0.157031 0.64566
9 0.500781 0.508333 0.157812 0.644444
4 0.501172 0.507726 0.157031 0.64566
32 0.500781 0.508333 0.157812 0.644444
25 0.501562 0.507639 0.15625 0.641667
22 0.501172 0.507639 0.157031 0.645833
4 0.501172 0.507639 0.157031 0.645833
32 0.500781 0.508246 0.157812 0.644618
9 0.500781 0.508246 0.157812 0.644618
25 0.501562 0.507552 0.15625 0.64184
22 0.501172 0.507639 0.157031 0.645833
32 0.500781 0.508246 0.157812 0.644618
4 0.501172 0.507639 0.157031 0.645833
9 0.500781 0.508246 0.157812 0.644618
25 0.501562 0.507639 0.15625 0.641667
22 0.501172 0.507639 0.157031 0.645833
4 0.501172 0.507639 0.157031 0.645833
32 0.500781 0.508246 0.157812 0.644618
9 0.500781 0.508246 0.157812 0.644618
25 0.501562 0.507292 0.15625 0.640972
22 0.501172 0.507639 0.157031 0.645833
4 0.501172 0.507639 0.157031 0.645833
32 0.500781 0.508246 0.157812 0.644618
9 0.500781 0.508246 0.157812 0.644618
25 0.501562 0.507292 0.157812 0.640972
22 0.501172 0.507639 0.157031 0.645833
4 0.501172 0.507639 0.157031 0.645833
32 0.500781 0.508246 0.157812 0.644618
9 0.500781 0.508246 0.157812 0.644618
25 0.501562 0.507292 0.157812 0.639583
22 0.501172 0.507726 0.157031 0.642882
9 0.501172 0.507726 0.157031 0.642882
0 0.501172 0.507726 0.157031 0.642882
