32 0.498115 0.543131 0.974402 0.613419
10 0.496166 0.528754 0.987654 0.645367
34 0.48954 0.503195 0.97908 0.699681
3 0.496556 0.535543 0.977521 0.630192
9 0.496556 0.535543 0.977521 0.630192
33 0.48954 0.483626 0.97908 0.745208
1 0.487201 0.513478 0.974402 0.682308
2 0.487981 0.508886 0.975962 0.691494
29 0.487981 0.508886 0.975962 0.691494
34 0.535532 0.691693 0.888655 0.319489
0 0.495776 0.533446 0.985316 0.639177
4 0.498115 0.543131 0.974402 0.613419
6 0.487201 0.513478 0.974402 0.682308
21 0.487201 0.513478 0.974402 0.682308
22 0.48876 0.53115 0.977521 0.646965
7 0.491489 0.524361 0.964269 0.660543
8 0.487981 0.508886 0.975962 0.691494
35 0.498115 0.543131 0.974402 0.613419
29 0.535532 0.691693 0.888655 0.319489
23 0.496556 0.535543 0.977521 0.630192
14 0.48876 0.535144 0.960371 0.626198
12 0.498115 0.543131 0.974402 0.613419
19 0.498115 0.543131 0.974402 0.613419
12 0.535532 0.691693 0.888655 0.319489
30 0.48993 0.469249 0.979859 0.775559
17 0.496556 0.535543 0.977521 0.630192
34 0.478627 0.622604 0.935426 0.444888
10 0.535532 0.691693 0.888655 0.319489
28 0.498115 0.543131 0.974402 0.613419
10 0.558138 0.630192 0.843443 0.448882
26 0.498115 0.543131 0.974402 0.613419
7 0.368909 0.58147 0.721448 0.536741
29 0.558138 0.630192 0.843443 0.448882
31 0.496556 0.535543 0.977521 0.630192
7 0.295829 0.817891 0.0561256 0.0766773
22 0.535532 0.691693 0.888655 0.319489
7 0.385084 0.654553 0.75068 0.38099
18 0.497335 0.532348 0.977521 0.638179
11 0.496556 0.535543 0.977521 0.630192
2 0.535532 0.691693 0.888655 0.319489
8 0.764711 0.67492 0.445887 0.154952
27 0.495776 0.533446 0.985316 0.639177
8 0.20935 0.676518 0.393561 0.145367
16 0.48954 0.579473 0.951017 0.539137
30 0.535532 0.691693 0.888655 0.319489
33 0.535532 0.691693 0.888655 0.319489
33 0.500453 0.58147 0.96193 0.536741
34 0.495386 0.599042 0.961151 0.801917
3 0.535532 0.691693 0.888655 0.319489
32 0.535532 0.691693 0.888655 0.319489
24 0.477457 0.551118 0.937765 0.607029
5 0.487201 0.513478 0.974402 0.682308
24 0.368909 0.58147 0.721448 0.536741
7 0.478627 0.622604 0.935426 0.444888
12 0.558138 0.630192 0.843443 0.448882
16 0.48993 0.469249 0.979859 0.775559
20 0.498504 0.543131 0.970505 0.616613
32 0.478627 0.622604 0.935426 0.444888
4 0.20935 0.676518 0.393561 0.145367
7 0.616602 0.706869 0.720278 0.295527
9 0.535532 0.691693 0.888655 0.319489
31 0.535532 0.691693 0.888655 0.319489
22 0.558138 0.630192 0.843443 0.448882
25 0.48876 0.535144 0.960371 0.626198
30 0.500453 0.58147 0.96193 0.536741
9 0.225672 0.675319 0.432635 0.146166
15 0.487201 0.513478 0.974402 0.682308
8 0.535532 0.691693 0.888655 0.319489
31 0.234051 0.621406 0.464985 0.423323
31 0.674676 0.698083 0.60257 0.28754
12 0.674676 0.698083 0.60257 0.28754
5 0.794333 0.67492 0.364816 0.158147
31 0.108061 0.611821 0.214953 0.380192
2 0.478627 0.622604 0.935426 0.444888
9 0.368909 0.58147 0.721448 0.536741
7 0.740936 0.682508 0.471611 0.265974
31 0.558138 0.630192 0.843443 0.448882
34 0.385084 0.654553 0.75068 0.38099
21 0.535532 0.691693 0.888655 0.319489
10 0.794333 0.67492 0.364816 0.158147
29 0.613094 0.662141 0.728853 0.332268
9 0.794333 0.67492 0.364816 0.158147
0 0.295049 0.817891 0.0569051 0.0734824
4 0.794333 0.67492 0.364816 0.158147
7 0.791994 0.668131 0.372611 0.162141
4 0.478627 0.622604 0.935426 0.444888
3 0.558138 0.630192 0.843443 0.448882
29 0.674676 0.698083 0.60257 0.28754
9 0.478627 0.622604 0.935426 0.444888
31 0.447446 0.696486 0.891773 0.607029
18 0.515654 0.795527 0.288423 0.115016
34 0.674676 0.698083 0.60257 0.28754
4 0.535532 0.691693 0.888655 0.319489
29 0.491099 0.538738 0.947899 0.922524
8 0.781081 0.694888 0.417824 0.236422
10 0.613094 0.662141 0.728853 0.332268
9 0.385084 0.654553 0.75068 0.38099
31 0.335194 0.677316 0.66883 0.573482
28 0.514874 0.666134 0.933088 0.36262
18 0.774065 0.669728 0.428737 0.163738
31 0.740936 0.682508 0.471611 0.265974
4 0.491099 0.538738 0.947899 0.922524
5 0.86371 0.63738 0.230738 0.170927
6 0.535532 0.691693 0.888655 0.319489
31 0.848899 0.660144 0.265038 0.222843
31 0.613094 0.662141 0.728853 0.332268
32 0.0883783 0.615016 0.176367 0.380192
10 0.496945 0.295927 0.333635 0.0974441
12 0.491099 0.632887 0.96193 0.734225
7 0.216707 0.673722 0.413147 0.147764
31 0.39132 0.636182 0.779522 0.411342
23 0.535532 0.691693 0.888655 0.319489
12 0.740936 0.682508 0.471611 0.265974
10 0.385084 0.654553 0.75068 0.38099
35 0.491099 0.632887 0.96193 0.734225
24 0.385084 0.654553 0.75068 0.38099
1 0.535532 0.691693 0.888655 0.319489
18 0.781081 0.694888 0.417824 0.236422
5 0.848899 0.660144 0.265038 0.222843
21 0.558138 0.630192 0.843443 0.448882
31 0.289592 0.655751 0.566712 0.317891
9 0.491099 0.538738 0.947899 0.922524
34 0.0954914 0.610623 0.188644 0.38738
9 0.0883783 0.615016 0.176367 0.380192
35 0.13018 0.61262 0.258022 0.389776
32 0.234051 0.621406 0.464985 0.423323
14 0.368909 0.58147 0.721448 0.536741
13 0.486422 0.492013 0.972843 0.722045
34 0.613094 0.662141 0.728853 0.332268
31 0.794333 0.666134 0.374171 0.244409
10 0.368909 0.58147 0.721448 0.536741
12 0.613094 0.662141 0.728853 0.332268
32 0.13018 0.61262 0.258022 0.389776
17 0.297583 0.817093 0.0557358 0.0734824
5 0.966607 0.608626 0.0187085 0.122204
7 0.0883783 0.615016 0.176367 0.380192
8 0.13018 0.61262 0.258022 0.389776
9 0.497433 0.296725 0.331881 0.0966454
16 0.372612 0.539537 0.725735 0.642971
9 0.740546 0.422524 0.500453 0.845048
9 0.794333 0.666134 0.374171 0.244409
2 0.491099 0.632887 0.96193 0.734225
9 0.417824 0.423323 0.816939 0.846645
8 0.558138 0.630192 0.843443 0.448882
29 0.512146 0.68131 0.943222 0.63738
0 0.385084 0.654553 0.75068 0.38099
7 0.966607 0.607029 0.0187085 0.121406
34 0.473949 0.752995 0.932308 0.49401
12 0.0780496 0.689297 0.15493 0.314697
7 0.515654 0.795527 0.288423 0.115016
29 0.385084 0.654553 0.75068 0.38099
26 0.535532 0.691693 0.888655 0.319489
20 0.535532 0.691693 0.888655 0.319489
35 0.234051 0.621406 0.464985 0.423323
12 0.774065 0.669728 0.428737 0.163738
8 0.297583 0.817093 0.0557358 0.0734824
22 0.674676 0.698083 0.60257 0.28754
9 0.13018 0.61262 0.258022 0.389776
29 0.740936 0.682508 0.471611 0.265974
35 0.0883783 0.615016 0.176367 0.380192
9 0.8502 0.295128 0.299599 0.590256
19 0.535532 0.691693 0.888655 0.319489
33 0.613094 0.662141 0.728853 0.332268
23 0.740936 0.682508 0.471611 0.265974
35 0.514874 0.666134 0.933088 0.36262
33 0.503571 0.598642 0.954135 0.802716
5 0.496458 0.311102 0.332271 0.123003
9 0.535142 0.632188 0.883198 0.735623
20 0.848899 0.660144 0.265038 0.222843
8 0.234051 0.621406 0.464985 0.423323
8 0.0883783 0.615016 0.176367 0.380192
7 0.491099 0.632887 0.96193 0.734225
3 0.674676 0.698083 0.60257 0.28754
0 0.487591 0.790735 0.231518 0.124601
23 0.558138 0.630192 0.843443 0.448882
23 0.674676 0.698083 0.60257 0.28754
9 0.597796 0.45008 0.768804 0.90016
12 0.42367 0.653355 0.830191 0.375399
9 0.672727 0.696086 0.611145 0.310703
4 0.496945 0.295927 0.333635 0.0974441
2 0.385084 0.654553 0.75068 0.38099
28 0.490709 0.582268 0.958033 0.835463
20 0.478627 0.622604 0.935426 0.444888
9 0.455338 0.00229633 0.667076 0.00459265
12 0.0764175 0.675319 0.152348 0.516773
14 0.385084 0.654553 0.75068 0.38099
4 0.472488 0.546725 0.341236 0.601438
19 0.558138 0.630192 0.843443 0.448882
33 0.385084 0.654553 0.75068 0.38099
33 0.965828 0.611022 0.0218266 0.123003
18 0.297583 0.817093 0.0557358 0.0734824
5 0.908923 0.623802 0.140314 0.14377
25 0.764711 0.67492 0.445887 0.154952
9 0.473949 0.752995 0.932308 0.49401
13 0.8502 0.295128 0.299599 0.590256
9 0.775366 0.561102 0.449268 0.580671
5 0.740936 0.682508 0.471611 0.265974
14 0.478627 0.622604 0.935426 0.444888
7 0.296998 0.817093 0.558138 0.0782747
9 0.800895 0.348642 0.398209 0.697284
29 0.368909 0.58147 0.721448 0.536741
5 0.794333 0.666134 0.374171 0.244409
32 0.385084 0.654553 0.75068 0.38099
18 0.504448 0.793131 0.458164 0.113419
0 0.528906 0.795527 0.31025 0.115016
12 0.965828 0.611022 0.0218266 0.123003
0 0.368909 0.58147 0.721448 0.536741
0 0.558138 0.630192 0.843443 0.448882
10 0.674676 0.698083 0.60257 0.28754
18 0.216707 0.673722 0.413147 0.147764
25 0.496945 0.295927 0.333635 0.0974441
18 0.425229 0.710663 0.474729 0.278355
35 0.602473 0.698083 0.751654 0.306709
9 0.215538 0.678115 0.427958 0.533546
23 0.368909 0.58147 0.721448 0.536741
22 0.512146 0.68131 0.943222 0.63738
12 0.496458 0.296326 0.335389 0.0990415
26 0.558138 0.630192 0.843443 0.448882
34 0.740936 0.682508 0.471611 0.265974
9 0.555799 0.0238618 0.671948 0.0477236
30 0.848899 0.660144 0.265038 0.222843
9 0.617771 0.214657 0.616602 0.429313
25 0.965828 0.611022 0.0218266 0.123003
29 0.13018 0.61262 0.258022 0.389776
7 0.289592 0.655751 0.566712 0.317891
0 0.535532 0.691693 0.888655 0.319489
5 0.535532 0.691693 0.888655 0.319489
13 0.799336 0.296526 0.401327 0.593051
33 0.491489 0.790735 0.236195 0.124601
29 0.848899 0.660144 0.265038 0.222843
9 0.718656 0.385883 0.562688 0.729832
9 0.769778 0.758786 0.434194 0.468051
9 0.141581 0.615415 0.283161 0.419329
8 0.965828 0.611022 0.0218266 0.123003
31 0.65207 0.652556 0.649342 0.257188
9 0.104456 0.700879 0.208912 0.577476
9 0.386253 0.475938 0.708586 0.70627
31 0.129303 0.678914 0.256268 0.527157
9 0.799336 0.296526 0.401327 0.593051
20 0.765101 0.666134 0.429517 0.238019
22 0.613094 0.662141 0.728853 0.332268
30 0.765101 0.666134 0.429517 0.238019
35 0.735089 0.682907 0.486422 0.285942
35 0.794333 0.666134 0.374171 0.244409
9 0.787254 0.453674 0.425492 0.907348
30 0.674676 0.698083 0.60257 0.28754
1 0.558138 0.630192 0.843443 0.448882
9 0.613094 0.662141 0.728853 0.332268
9 0.851433 0.760383 0.286474 0.479233
16 0.774065 0.669728 0.428737 0.163738
9 0.125406 0.636182 0.250811 0.438498
8 0.528906 0.795527 0.31025 0.115016
5 0.849679 0.675319 0.255683 0.152556
12 0.234051 0.621406 0.464985 0.423323
24 0.503571 0.590256 0.969725 0.819489
9 0.848899 0.660144 0.265038 0.222843
28 0.473949 0.752995 0.932308 0.49401
3 0.965828 0.611022 0.0218266 0.123003
13 0.495776 0.593051 0.982198 0.813898
9 0.630633 0.788738 0.71716 0.422524
10 0.498017 0.296725 0.332271 0.107827
3 0.565933 0.549521 0.820057 0.58147
5 0.498017 0.296725 0.332271 0.107827
31 0.509028 0.548323 0.94634 0.585463
3 0.498017 0.296725 0.332271 0.107827
32 0.565933 0.549521 0.820057 0.58147
9 0.498017 0.296725 0.332271 0.107827
30 0.498017 0.296725 0.332271 0.107827
31 0.61894 0.586661 0.721837 0.714856
33 0.516044 0.566294 0.926072 0.543131
25 0.498017 0.296725 0.332271 0.107827
10 0.509028 0.548323 0.94634 0.585463
9 0.499284 0.551218 0.975182 0.582867
0 0.295439 0.81869 0.0584641 0.0734824
3 0.598575 0.61901 0.767245 0.434505
4 0.497335 0.295527 0.335974 0.103834
34 0.565933 0.549521 0.820057 0.58147
1 0.498017 0.296725 0.332271 0.107827
2 0.498017 0.296725 0.332271 0.107827
10 0.786538 0.674121 0.37573 0.156549
12 0.509028 0.548323 0.94634 0.585463
4 0.543327 0.306709 0.249447 0.0742812
8 0.498017 0.296725 0.332271 0.107827
22 0.516044 0.566294 0.926072 0.543131
32 0.598575 0.61901 0.767245 0.434505
3 0.786538 0.674121 0.37573 0.156549
7 0.498212 0.296326 0.335 0.10623
8 0.499284 0.551218 0.975182 0.582867
4 0.509028 0.548323 0.94634 0.585463
5 0.786538 0.674121 0.37573 0.156549
27 0.499284 0.551218 0.975182 0.582867
9 0.786538 0.674121 0.37573 0.156549
31 0.675456 0.554313 0.611925 0.576677
31 0.507469 0.638179 0.951017 0.404153
4 0.533973 0.319888 0.26036 0.0551118
7 0.509028 0.548323 0.94634 0.585463
29 0.516044 0.566294 0.926072 0.543131
30 0.516044 0.566294 0.926072 0.543131
9 0.209302 0.65655 0.403013 0.194888
2 0.516044 0.566294 0.926072 0.543131
3 0.628392 0.617013 0.710729 0.765974
33 0.598575 0.61901 0.767245 0.434505
4 0.461477 0.298622 0.255683 0.0880591
31 0.498017 0.296725 0.332271 0.107827
34 0.598575 0.61901 0.767245 0.434505
9 0.507469 0.638179 0.951017 0.404153
10 0.598575 0.61901 0.767245 0.434505
33 0.61894 0.586661 0.721837 0.714856
3 0.209302 0.65655 0.403013 0.194888
34 0.209302 0.65655 0.403013 0.194888
33 0.294659 0.817891 0.0639208 0.0766773
3 0.523839 0.660942 0.919836 0.341054
10 0.223723 0.670927 0.418603 0.169329
10 0.61894 0.586661 0.721837 0.714856
34 0.498017 0.296725 0.332271 0.107827
25 0.565933 0.549521 0.820057 0.58147
22 0.61894 0.586661 0.721837 0.714856
12 0.61894 0.586661 0.721837 0.714856
5 0.232298 0.666134 0.409249 0.169329
33 0.675456 0.554313 0.611925 0.576677
27 0.61894 0.586661 0.721837 0.714856
22 0.598575 0.61901 0.767245 0.434505
4 0.557358 0.335064 0.218266 0.0854632
3 0.677015 0.533946 0.608807 0.775559
1 0.499284 0.551218 0.975182 0.582867
3 0.345328 0.267971 0.640767 0.240415
3 0.295049 0.81869 0.0584641 0.0734824
3 0.496556 0.311901 0.341431 0.222843
8 0.232298 0.666134 0.409249 0.169329
4 0.61894 0.586661 0.721837 0.714856
30 0.61894 0.586661 0.721837 0.714856
31 0.552291 0.545927 0.615043 0.595048
18 0.295439 0.81869 0.0584641 0.0734824
10 0.675456 0.554313 0.611925 0.576677
32 0.498017 0.296725 0.332271 0.107827
35 0.565933 0.549521 0.820057 0.58147
11 0.498504 0.295527 0.332856 0.104633
8 0.295244 0.817891 0.0576846 0.0734824
22 0.675456 0.554313 0.611925 0.576677
29 0.209302 0.65655 0.403013 0.194888
26 0.516044 0.566294 0.926072 0.543131
3 0.40389 0.556709 0.788681 0.573482
32 0.677015 0.533946 0.608807 0.775559
3 0.480283 0.265176 0.370858 0.229233
4 0.209302 0.65655 0.403013 0.194888
3 0.5063 0.471146 0.363257 0.572085
2 0.598575 0.61901 0.767245 0.434505
30 0.598575 0.61901 0.767245 0.434505
3 0.560087 0.5 0.850459 1
15 0.295049 0.81869 0.0584641 0.0734824
29 0.598575 0.61901 0.767245 0.434505
8 0.507469 0.638179 0.951017 0.404153
32 0.628392 0.617013 0.710729 0.765974
3 0.616212 0.552616 0.579185 0.620008
33 0.523839 0.660942 0.919836 0.341054
2 0.61894 0.586661 0.721837 0.714856
28 0.209302 0.65655 0.403013 0.194888
32 0.523839 0.660942 0.919836 0.341054
25 0.209302 0.65655 0.403013 0.194888
9 0.61894 0.586661 0.721837 0.714856
9 0.208132 0.589856 0.400674 0.337859
25 0.786538 0.674121 0.37573 0.156549
14 0.295244 0.817891 0.0576846 0.0734824
30 0.675456 0.554313 0.611925 0.576677
27 0.498017 0.296725 0.332271 0.107827
34 0.523839 0.660942 0.919836 0.341054
12 0.497335 0.295527 0.335974 0.103834
9 0.467323 0.696885 0.923734 0.278754
18 0.674287 0.642971 0.181629 0.0894569
8 0.770168 0.675319 0.402233 0.158946
7 0.61894 0.586661 0.721837 0.714856
31 0.5063 0.471146 0.363257 0.572085
12 0.29427 0.819489 0.0580744 0.0766773
4 0.456118 0.327476 0.243016 0.0790735
7 0.232298 0.666134 0.409249 0.169329
9 0.350395 0.676917 0.696113 0.203674
19 0.498017 0.296725 0.332271 0.107827
3 0.330128 0.449681 0.660255 0.690096
14 0.498017 0.296725 0.332271 0.107827
3 0.346887 0.328175 0.642326 0.182308
31 0.560087 0.5 0.850459 1
28 0.499284 0.551218 0.975182 0.582867
31 0.467323 0.696885 0.923734 0.278754
16 0.29427 0.819489 0.0580744 0.0766773
2 0.675456 0.554313 0.611925 0.576677
6 0.209302 0.65655 0.403013 0.194888
4 0.867608 0.676518 0.22762 0.0527157
8 0.61894 0.586661 0.721837 0.714856
4 0.841104 0.690495 0.247888 0.122204
33 0.232298 0.666134 0.409249 0.169329
3 0.496556 0.421725 0.341431 0.34984
3 0.208132 0.589856 0.400674 0.337859
10 0.498504 0.253195 0.335974 0.236422
16 0.498212 0.296326 0.335 0.10623
9 0.675456 0.554313 0.611925 0.576677
0 0.232298 0.666134 0.409249 0.169329
3 0.697672 0.671725 0.567492 0.325879
0 0.497335 0.295527 0.335974 0.103834
1 0.209302 0.65655 0.403013 0.194888
10 0.499576 0.343051 0.335389 0.198882
31 0.496556 0.311901 0.341431 0.222843
9 0.370273 0.660144 0.735089 0.360224
34 0.628392 0.617013 0.710729 0.765974
6 0.295439 0.81869 0.0592437 0.0766773
26 0.498017 0.296725 0.332271 0.107827
31 0.496556 0.421725 0.341431 0.34984
32 0.616212 0.552616 0.579185 0.620008
29 0.61894 0.586661 0.721837 0.714856
3 0.190642 0.676917 0.348349 0.163738
34 0.75029 0.675719 0.462257 0.266773
9 0.252127 0.665336 0.368811 0.161342
5 0.295634 0.817891 0.0584641 0.0734824
29 0.675456 0.554313 0.611925 0.576677
18 0.497335 0.295527 0.335974 0.103834
7 0.598575 0.61901 0.767245 0.434505
16 0.232298 0.666134 0.409249 0.169329
10 0.759191 0.666933 0.481618 0.170927
24 0.498017 0.296725 0.332271 0.107827
1 0.781861 0.673323 0.388202 0.164537
7 0.675456 0.554313 0.611925 0.576677
31 0.345328 0.267971 0.640767 0.240415
32 0.40389 0.556709 0.788681 0.573482
27 0.507469 0.638179 0.951017 0.404153
0 0.516044 0.566294 0.926072 0.543131
10 0.523839 0.660942 0.919836 0.341054
4 0.507469 0.638179 0.951017 0.404153
19 0.232298 0.666134 0.409249 0.169329
18 0.0801933 0.760383 0.159217 0.0511182
33 0.498017 0.296725 0.332271 0.107827
31 0.378848 0.542332 0.597114 0.594249
12 0.507469 0.638179 0.951017 0.404153
27 0.675456 0.554313 0.611925 0.576677
3 0.252127 0.665336 0.368811 0.161342
4 0.853577 0.680112 0.266596 0.0710863
30 0.498504 0.253195 0.335974 0.236422
34 0.697672 0.671725 0.567492 0.325879
22 0.332466 0.816294 0.145771 0.0798722
31 0.330128 0.449681 0.660255 0.690096
34 0.208132 0.589856 0.400674 0.337859
6 0.499284 0.551218 0.975182 0.582867
21 0.498017 0.296725 0.332271 0.107827
29 0.523839 0.660942 0.919836 0.341054
8 0.675456 0.554313 0.611925 0.576677
9 0.221774 0.659345 0.427958 0.293131
26 0.61894 0.586661 0.721837 0.714856
25 0.598575 0.61901 0.767245 0.434505
32 0.697672 0.671725 0.567492 0.325879
22 0.523839 0.660942 0.919836 0.341054
33 0.697672 0.671725 0.567492 0.325879
4 0.671168 0.641374 0.187085 0.086262
4 0.0839935 0.673722 0.135247 0.0495208
31 0.480283 0.265176 0.370858 0.229233
2 0.786538 0.674121 0.37573 0.156549
25 0.628392 0.617013 0.710729 0.765974
29 0.345328 0.267971 0.640767 0.240415
8 0.697672 0.671725 0.567492 0.325879
4 0.421332 0.321985 0.194101 0.0716853
34 0.345328 0.267971 0.640767 0.240415
9 0.759191 0.666933 0.481618 0.170927
10 0.295439 0.817891 0.0592437 0.0734824
12 0.675456 0.554313 0.611925 0.576677
35 0.209302 0.65655 0.403013 0.194888
4 0.675456 0.554313 0.611925 0.576677
34 0.346887 0.328175 0.642326 0.182308
25 0.252127 0.665336 0.368811 0.161342
18 0.329933 0.641773 0.207743 0.114217
0 0.547224 0.8123 0.118487 0.071885
12 0.232882 0.671725 0.415095 0.164537
34 0.616212 0.552616 0.579185 0.620008
22 0.674287 0.642971 0.181629 0.0894569
30 0.223723 0.670927 0.418603 0.169329
0 0.76627 0.672524 0.433414 0.159744
23 0.499284 0.551218 0.975182 0.582867
33 0.771727 0.672923 0.397556 0.157348
31 0.209302 0.65655 0.403013 0.194888
8 0.48954 0.54403 0.97908 0.616414
6 0.487981 0.547524 0.975962 0.609425
9 0.487981 0.547524 0.975962 0.609425
1 0.48954 0.54403 0.97908 0.616414
25 0.48954 0.54403 0.97908 0.616414
34 0.48954 0.54403 0.97908 0.616414
22 0.487981 0.547524 0.975962 0.609425
7 0.48954 0.54403 0.97908 0.616414
15 0.487981 0.547524 0.975962 0.609425
10 0.48954 0.54403 0.97908 0.616414
28 0.487981 0.547524 0.975962 0.609425
31 0.487981 0.545128 0.975962 0.61262
0 0.487981 0.547524 0.975962 0.609425
4 0.499284 0.289137 0.334415 0.0830671
29 0.487981 0.545128 0.975962 0.61262
33 0.487981 0.547524 0.975962 0.609425
18 0.29388 0.817891 0.0584641 0.0670927
18 0.55424 0.809904 0.112251 0.0734825
19 0.48954 0.54403 0.97908 0.616414
30 0.487981 0.547524 0.975962 0.609425
6 0.470052 0.434505 0.933867 0.841853
3 0.487981 0.547524 0.975962 0.609425
2 0.487981 0.547524 0.975962 0.609425
32 0.487981 0.547524 0.975962 0.609425
11 0.48954 0.54403 0.97908 0.616414
9 0.470052 0.434505 0.933867 0.841853
17 0.487981 0.547524 0.975962 0.609425
16 0.487981 0.547524 0.975962 0.609425
19 0.297388 0.817891 0.0623618 0.0670927
13 0.487981 0.547524 0.975962 0.609425
27 0.297388 0.817891 0.0623618 0.0670927
0 0.29388 0.817891 0.0584641 0.0670927
7 0.296218 0.817891 0.0615823 0.0734824
15 0.470052 0.434505 0.933867 0.841853
7 0.553461 0.8123 0.11381 0.0702875
4 0.297388 0.817891 0.0623618 0.0670927
23 0.487981 0.547524 0.975962 0.609425
8 0.541768 0.64377 0.857474 0.372205
14 0.297388 0.817891 0.0631413 0.0734824
14 0.487981 0.547524 0.975962 0.609425
17 0.297388 0.817891 0.0623618 0.0670927
5 0.487981 0.545128 0.975962 0.61262
4 0.48954 0.54403 0.97908 0.616414
25 0.499284 0.289137 0.334415 0.0830671
5 0.499284 0.289137 0.334415 0.0830671
15 0.541768 0.64377 0.857474 0.372205
4 0.206768 0.661741 0.401064 0.192492
20 0.487981 0.547524 0.975962 0.609425
14 0.553461 0.8123 0.11381 0.0702875
16 0.2931 0.817891 0.0709365 0.0670927
11 0.29388 0.817891 0.0584641 0.0670927
24 0.48954 0.54403 0.97908 0.616414
21 0.487981 0.547524 0.975962 0.609425
23 0.296218 0.816294 0.0600232 0.0702875
15 0.388592 0.495108 0.753018 0.591254
33 0.29388 0.817891 0.0584641 0.0670927
15 0.296218 0.817891 0.0615823 0.0734824
8 0.297388 0.817891 0.0623618 0.0670927
25 0.206768 0.661741 0.401064 0.192492
8 0.801349 0.629792 0.350785 0.155751
8 0.438091 0.417332 0.860592 0.834665
4 0.936206 0.626198 0.0810702 0.119808
4 0.524618 0.292133 0.266597 0.0706869
26 0.487981 0.545128 0.975962 0.61262
15 0.667173 0.634984 0.617576 0.258786
35 0.487981 0.547524 0.975962 0.609425
14 0.348836 0.825879 0.169156 0.0894569
15 0.308301 0.63099 0.596334 0.295527
9 0.460698 0.541933 0.921395 0.59984
0 0.484083 0.538239 0.96193 0.594449
8 0.460698 0.541933 0.921395 0.59984
10 0.485642 0.542332 0.96193 0.599042
6 0.434194 0.533546 0.868388 0.587859
32 0.485642 0.542332 0.96193 0.599042
7 0.460698 0.541933 0.921395 0.59984
1 0.485642 0.542332 0.96193 0.599042
28 0.434194 0.533546 0.868388 0.587859
22 0.460698 0.541933 0.921395 0.59984
13 0.463426 0.537141 0.926852 0.59345
16 0.463426 0.537141 0.926852 0.59345
19 0.434194 0.533546 0.868388 0.587859
34 0.434194 0.533546 0.868388 0.587859
5 0.460698 0.541933 0.921395 0.59984
25 0.460698 0.541933 0.921395 0.59984
15 0.460698 0.541933 0.921395 0.59984
31 0.460698 0.541933 0.921395 0.59984
30 0.463426 0.537141 0.926852 0.59345
11 0.434194 0.533546 0.868388 0.587859
33 0.484083 0.538239 0.96193 0.594449
3 0.469272 0.543031 0.938545 0.596046
18 0.257437 0.626997 0.514874 0.239617
4 0.434194 0.533546 0.868388 0.587859
18 0.484083 0.538239 0.96193 0.594449
2 0.460698 0.541933 0.921395 0.59984
5 0.495776 0.321486 0.334415 0.15016
14 0.463426 0.537141 0.926852 0.59345
7 0.495776 0.321486 0.334415 0.15016
29 0.463426 0.537141 0.926852 0.59345
30 0.495386 0.303914 0.331297 0.115016
10 0.495776 0.321486 0.334415 0.15016
15 0.495776 0.321486 0.334415 0.15016
3 0.498115 0.306609 0.345328 0.123203
3 0.21242 0.640575 0.412367 0.177316
21 0.484083 0.538239 0.96193 0.594449
6 0.495386 0.303914 0.331297 0.115016
3 0.242821 0.633387 0.485642 0.228435
8 0.609196 0.543131 0.746003 0.610224
23 0.484083 0.538239 0.96193 0.594449
5 0.494607 0.297923 0.337533 0.104633
3 0.125113 0.671725 0.248668 0.209265
9 0.441209 0.718051 0.871506 0.563898
0 0.29349 0.817891 0.0647004 0.0702875
15 0.494607 0.297923 0.337533 0.104633
12 0.242821 0.633387 0.485642 0.228435
9 0.495776 0.321486 0.334415 0.15016
26 0.463426 0.537141 0.926852 0.59345
22 0.495386 0.303914 0.331297 0.115016
12 0.494607 0.297923 0.337533 0.104633
4 0.257437 0.626997 0.514874 0.239617
3 0.182603 0.663738 0.351954 0.198083
18 0.498115 0.306609 0.345328 0.123203
6 0.578795 0.541534 0.805246 0.603834
12 0.125113 0.671725 0.248668 0.209265
17 0.469272 0.543031 0.938545 0.596046
35 0.434194 0.533546 0.868388 0.587859
3 0.147135 0.638179 0.291151 0.145367
9 0.609196 0.543131 0.746003 0.610224
18 0.2284 0.654553 0.4568 0.218051
14 0.495386 0.303914 0.331297 0.115016
4 0.494607 0.297923 0.337533 0.104633
31 0.495386 0.303914 0.331297 0.115016
27 0.485642 0.542332 0.96193 0.599042
10 0.494607 0.297923 0.337533 0.104633
12 0.21242 0.640575 0.412367 0.177316
7 0.494607 0.297923 0.337533 0.104633
20 0.484083 0.538239 0.96193 0.594449
15 0.257437 0.626997 0.514874 0.239617
10 0.257437 0.626997 0.514874 0.239617
12 0.460698 0.541933 0.921395 0.59984
25 0.495386 0.303914 0.331297 0.115016
17 0.257437 0.626997 0.514874 0.239617
29 0.494607 0.297923 0.337533 0.104633
27 0.242821 0.633387 0.485642 0.228435
8 0.441209 0.718051 0.871506 0.563898
7 0.257437 0.626997 0.514874 0.239617
3 0.0921785 0.676518 0.17968 0.21246
12 0.182603 0.663738 0.351954 0.198083
0 0.257437 0.626997 0.514874 0.239617
4 0.441209 0.718051 0.871506 0.563898
19 0.495386 0.303914 0.331297 0.115016
34 0.495386 0.303914 0.331297 0.115016
10 0.492268 0.353435 0.340651 0.209265
19 0.257437 0.626997 0.514874 0.239617
24 0.463426 0.537141 0.926852 0.59345
9 0.481355 0.551018 0.96271 0.607228
8 0.493437 0.549521 0.986875 0.610224
1 0.492658 0.554213 0.985316 0.604034
0 0.455241 0.550319 0.910482 0.605431
22 0.492658 0.554213 0.985316 0.604034
6 0.481355 0.551018 0.96271 0.607228
34 0.492658 0.554213 0.985316 0.604034
9 0.421721 0.662141 0.843443 0.396166
31 0.492658 0.554213 0.985316 0.604034
7 0.477847 0.549121 0.955694 0.601438
5 0.492658 0.554213 0.985316 0.604034
9 0.336364 0.568291 0.664932 0.574281
25 0.492658 0.547823 0.985316 0.602436
9 0.349421 0.691294 0.691826 0.336262
32 0.492658 0.554213 0.985316 0.604034
33 0.481355 0.551018 0.96271 0.607228
29 0.492658 0.554213 0.985316 0.604034
3 0.492658 0.554213 0.985316 0.604034
18 0.481355 0.551018 0.96271 0.607228
28 0.481355 0.551018 0.96271 0.607228
4 0.298557 0.668131 0.597114 0.141374
4 0.481355 0.551018 0.96271 0.607228
4 0.743274 0.655351 0.499674 0.11901
10 0.477847 0.549121 0.955694 0.601438
17 0.481355 0.551018 0.96271 0.607228
8 0.336364 0.568291 0.664932 0.574281
9 0.481745 0.949681 0.963489 0.100639
8 0.421721 0.662141 0.843443 0.396166
8 0.349421 0.691294 0.691826 0.336262
0 0.421721 0.662141 0.843443 0.396166
4 0.275561 0.632588 0.128621 0.0926517
23 0.481355 0.551018 0.96271 0.607228
4 0.706247 0.636581 0.120046 0.0910543
0 0.336364 0.568291 0.664932 0.574281
4 0.71164 0.645367 0.57672 0.124601
9 0.200922 0.717452 0.390151 0.271166
21 0.481355 0.551018 0.96271 0.607228
30 0.492658 0.554213 0.985316 0.604034
11 0.477847 0.549121 0.955694 0.601438
2 0.458749 0.554313 0.917497 0.603834
3 0.238923 0.669329 0.465375 0.135783
25 0.276341 0.670128 0.552681 0.135783
3 0.500356 0.291534 0.340066 0.0894569
15 0.481355 0.551018 0.96271 0.607228
0 0.349421 0.691294 0.691826 0.336262
4 0.500356 0.291534 0.340066 0.0894569
13 0.481355 0.551018 0.96271 0.607228
22 0.421721 0.662141 0.843443 0.396166
25 0.743274 0.655351 0.499674 0.11901
14 0.481355 0.551018 0.96271 0.607228
9 0.398726 0.971246 0.797451 0.057508
7 0.336364 0.568291 0.664932 0.574281
27 0.481355 0.551018 0.96271 0.607228
19 0.481355 0.551018 0.96271 0.607228
34 0.481745 0.949681 0.963489 0.100639
9 0.189619 0.643371 0.372222 0.489617
29 0.481745 0.949681 0.963489 0.100639
8 0.481745 0.949681 0.963489 0.100639
25 0.706247 0.636581 0.120046 0.0910543
35 0.481355 0.551018 0.96271 0.607228
16 0.481355 0.551018 0.96271 0.607228
7 0.421721 0.662141 0.843443 0.396166
0 0.58659 0.624201 0.100558 0.103035
31 0.481745 0.949681 0.963489 0.100639
34 0.519551 0.667332 0.919056 0.38099
3 0.481745 0.949681 0.963489 0.100639
6 0.421721 0.662141 0.843443 0.396166
25 0.221384 0.672524 0.431076 0.153355
6 0.481745 0.949681 0.963489 0.100639
25 0.71164 0.645367 0.57672 0.124601
8 0.231908 0.693291 0.452902 0.325879
4 0.58737 0.619808 0.0966608 0.108626
8 0.535142 0.552815 0.906584 0.606829
9 0.535142 0.552815 0.906584 0.606829
6 0.535142 0.552815 0.906584 0.606829
0 0.535142 0.552815 0.906584 0.606829
18 0.491781 0.717053 0.23717 0.265575
25 0.535142 0.552815 0.906584 0.606829
16 0.488371 0.71885 0.234636 0.261981
17 0.491781 0.717053 0.23717 0.265575
22 0.535142 0.552815 0.906584 0.606829
23 0.494996 0.718051 0.238534 0.263578
14 0.48876 0.71885 0.229179 0.263578
10 0.535142 0.552815 0.906584 0.606829
8 0.381089 0.535144 0.748536 0.640575
19 0.494996 0.718051 0.238534 0.263578
24 0.491781 0.717053 0.23717 0.265575
29 0.513705 0.552815 0.968166 0.606829
26 0.491781 0.717053 0.23717 0.265575
15 0.48876 0.71885 0.229179 0.263578
13 0.491781 0.717053 0.23717 0.265575
31 0.523059 0.553914 0.922954 0.60623
4 0.258217 0.620607 0.490709 0.271566
1 0.535142 0.552815 0.906584 0.606829
3 0.535142 0.552815 0.906584 0.606829
7 0.535142 0.552815 0.906584 0.606829
28 0.533583 0.550319 0.89723 0.602236
15 0.479406 0.551917 0.941663 0.610224
16 0.618161 0.716454 0.492658 0.265176
20 0.48876 0.71885 0.229179 0.263578
0 0.48876 0.71885 0.229179 0.263578
33 0.523059 0.553914 0.922954 0.60623
23 0.511756 0.553514 0.973623 0.608626
11 0.488371 0.71885 0.234636 0.261981
28 0.491781 0.717053 0.23717 0.265575
21 0.491781 0.717053 0.23717 0.265575
8 0.488371 0.71885 0.234636 0.261981
4 0.535142 0.552815 0.906584 0.606829
5 0.535142 0.552815 0.906584 0.606829
11 0.513705 0.552815 0.968166 0.606829
25 0.493827 0.298323 0.34299 0.103834
17 0.535142 0.552815 0.906584 0.606829
4 0.493827 0.298323 0.34299 0.103834
16 0.511756 0.553514 0.973623 0.608626
25 0.258217 0.620607 0.490709 0.271566
9 0.381089 0.535144 0.748536 0.640575
13 0.511756 0.553514 0.973623 0.608626
12 0.491781 0.717053 0.23717 0.265575
16 0.468103 0.551218 0.529295 0.58127
12 0.246719 0.61861 0.475508 0.280351
19 0.513705 0.552815 0.968166 0.606829
0 0.493827 0.298323 0.34299 0.103834
34 0.535142 0.552815 0.906584 0.606829
27 0.493827 0.71865 0.239313 0.265575
26 0.523059 0.553914 0.922954 0.60623
21 0.513705 0.552815 0.968166 0.606829
24 0.511756 0.553514 0.973623 0.608626
6 0.493827 0.298323 0.34299 0.103834
14 0.533583 0.550319 0.89723 0.602236
34 0.494996 0.297923 0.34299 0.102236
4 0.752239 0.608227 0.444328 0.278754
7 0.494996 0.297923 0.34299 0.102236
0 0.381089 0.535144 0.748536 0.640575
35 0.491781 0.717053 0.23717 0.265575
20 0.533583 0.550319 0.89723 0.602236
8 0.246719 0.61861 0.475508 0.280351
31 0.494996 0.297923 0.34299 0.102236
5 0.494996 0.297923 0.34299 0.102236
8 0.493827 0.298323 0.34299 0.103834
6 0.381089 0.535144 0.748536 0.640575
8 0.53787 0.579073 0.885537 0.841853
8 0.712093 0.535144 0.532414 0.591054
3 0.258217 0.620607 0.490709 0.271566
7 0.492755 0.720248 0.238339 0.26238
27 0.535142 0.552815 0.906584 0.606829
4 0.450174 0.299521 0.24399 0.0846645
33 0.492755 0.720248 0.238339 0.26238
22 0.494996 0.297923 0.34299 0.102236
25 0.752239 0.608227 0.444328 0.278754
9 0.499674 0.547125 0.991552 0.586262
6 0.499284 0.555511 0.975182 0.603035
8 0.491099 0.554313 0.966607 0.599042
25 0.506236 0.554712 0.987528 0.598243
6 0.23639 0.681709 0.468883 0.163738
8 0.23639 0.681709 0.468883 0.163738
3 0.500453 0.550319 0.989993 0.602236
9 0.23639 0.681709 0.468883 0.163738
6 0.558917 0.654553 0.855915 0.401757
22 0.500453 0.550319 0.989993 0.602236
7 0.506236 0.554712 0.987528 0.598243
4 0.242626 0.678115 0.485252 0.161342
8 0.558917 0.654553 0.855915 0.401757
0 0.499674 0.547125 0.991552 0.586262
9 0.558917 0.654553 0.855915 0.401757
10 0.496556 0.554313 0.968166 0.600639
33 0.502792 0.552316 0.993111 0.595048
4 0.741262 0.658946 0.517476 0.148562
31 0.506236 0.554712 0.987528 0.598243
29 0.500453 0.550319 0.989993 0.602236
25 0.218656 0.675719 0.437312 0.172524
5 0.502792 0.552316 0.993111 0.595048
0 0.23639 0.681709 0.468883 0.163738
6 0.670779 0.709065 0.61972 0.26877
9 0.345328 0.678914 0.690657 0.164537
6 0.345328 0.678914 0.690657 0.164537
35 0.500453 0.550319 0.989993 0.602236
9 0.400285 0.655751 0.800569 0.239617
9 0.40691 0.560703 0.813821 0.41853
1 0.506236 0.554712 0.987528 0.598243
8 0.670779 0.709065 0.61972 0.26877
25 0.741262 0.658946 0.517476 0.148562
27 0.500453 0.550319 0.989993 0.602236
8 0.345328 0.678914 0.690657 0.164537
28 0.500453 0.550319 0.989993 0.602236
4 0.500453 0.550319 0.989993 0.602236
3 0.225282 0.678914 0.450564 0.159744
15 0.500453 0.550319 0.989993 0.602236
0 0.558917 0.654553 0.855915 0.401757
19 0.500453 0.550319 0.989993 0.602236
23 0.500453 0.550319 0.989993 0.602236
14 0.500453 0.550319 0.989993 0.602236
6 0.213199 0.692093 0.418603 0.219649
21 0.500453 0.550319 0.989993 0.602236
34 0.503181 0.551218 0.992332 0.589257
9 0.23678 0.611022 0.468103 0.314696
17 0.500453 0.550319 0.989993 0.602236
11 0.500453 0.550319 0.989993 0.602236
8 0.191762 0.680511 0.37573 0.198083
32 0.500453 0.550319 0.989993 0.602236
8 0.23678 0.611022 0.468103 0.314696
34 0.23639 0.681709 0.468883 0.163738
6 0.23678 0.611022 0.468103 0.314696
9 0.213199 0.692093 0.418603 0.219649
9 0.670779 0.709065 0.61972 0.26877
25 0.494217 0.304712 0.339092 0.107029
18 0.500453 0.550319 0.989993 0.602236
5 0.225282 0.678914 0.450564 0.159744
6 0.400285 0.655751 0.800569 0.239617
22 0.23639 0.681709 0.468883 0.163738
7 0.218656 0.675719 0.437312 0.172524
6 0.737428 0.65655 0.478627 0.180511
26 0.500453 0.550319 0.989993 0.602236
27 0.218656 0.675719 0.437312 0.172524
6 0.40691 0.560703 0.813821 0.41853
24 0.498115 0.558706 0.971284 0.591853
25 0.311614 0.682508 0.623228 0.158946
6 0.776599 0.634585 0.398725 0.229233
9 0.340066 0.603834 0.680133 0.321086
8 0.685979 0.680911 0.586201 0.184505
6 0.685979 0.680911 0.586201 0.184505
2 0.496556 0.554313 0.968166 0.600639
7 0.558917 0.654553 0.855915 0.401757
8 0.737428 0.65655 0.478627 0.180511
12 0.500453 0.550319 0.989993 0.602236
13 0.500453 0.550319 0.989993 0.602236
18 0.218656 0.675719 0.437312 0.172524
0 0.670779 0.709065 0.61972 0.26877
0 0.345328 0.678914 0.690657 0.164537
22 0.494217 0.304712 0.339092 0.107029
8 0.400285 0.655751 0.800569 0.239617
25 0.558917 0.654553 0.855915 0.401757
9 0.737428 0.65655 0.478627 0.180511
10 0.558917 0.654553 0.855915 0.401757
31 0.225282 0.678914 0.450564 0.159744
20 0.500453 0.550319 0.989993 0.602236
22 0.558917 0.654553 0.855915 0.401757
8 0.776599 0.634585 0.398725 0.229233
9 0.685979 0.680911 0.586201 0.184505
32 0.226841 0.675319 0.453682 0.173323
9 0.776599 0.634585 0.398725 0.229233
8 0.40691 0.560703 0.813821 0.41853
4 0.559697 0.703275 0.459918 0.304313
34 0.558917 0.654553 0.855915 0.401757
3 0.494217 0.304712 0.339092 0.107029
30 0.500453 0.550319 0.989993 0.602236
29 0.225282 0.678914 0.450564 0.159744
25 0.671948 0.678115 0.380407 0.204473
0 0.191762 0.680511 0.37573 0.198083
0 0.23678 0.611022 0.468103 0.314696
9 0.493048 0.542232 0.975182 0.621605
8 0.490709 0.548323 0.981418 0.61262
6 0.490319 0.544728 0.969725 0.613419
8 0.512536 0.710064 0.937765 0.246006
8 0.654799 0.70627 0.645444 0.239217
0 0.493437 0.539936 0.977521 0.615016
25 0.491099 0.555112 0.972843 0.621406
22 0.48954 0.548323 0.969725 0.61901
3 0.493048 0.542232 0.975182 0.621605
0 0.512536 0.710064 0.937765 0.246006
6 0.512536 0.710064 0.937765 0.246006
5 0.493048 0.542232 0.975182 0.621605
0 0.654799 0.70627 0.645444 0.239217
9 0.493048 0.710863 0.984536 0.261981
6 0.654799 0.70627 0.645444 0.239217
29 0.491099 0.540635 0.975962 0.621605
31 0.494997 0.554213 0.971284 0.613618
6 0.281407 0.694888 0.55424 0.263578
6 0.264648 0.601438 0.523839 0.453674
7 0.491099 0.540635 0.975962 0.621605
8 0.297583 0.569489 0.593606 0.445687
1 0.493048 0.542232 0.975182 0.621605
11 0.491099 0.540635 0.975962 0.621605
15 0.491099 0.540635 0.975962 0.621605
8 0.727684 0.690096 0.499674 0.233227
33 0.491099 0.540635 0.975962 0.621605
7 0.297583 0.569489 0.593606 0.445687
28 0.493048 0.542232 0.975182 0.621605
10 0.48954 0.548323 0.969725 0.61901
14 0.491099 0.540635 0.975962 0.621605
8 0.281407 0.694888 0.55424 0.263578
9 0.654799 0.70627 0.645444 0.239217
23 0.493048 0.542232 0.975182 0.621605
18 0.493048 0.542232 0.975182 0.621605
0 0.297583 0.569489 0.593606 0.445687
5 0.297583 0.569489 0.593606 0.445687
34 0.491099 0.555112 0.972843 0.621406
16 0.491099 0.540635 0.975962 0.621605
4 0.496945 0.550319 0.976741 0.618211
15 0.654799 0.70627 0.645444 0.239217
24 0.491099 0.540635 0.975962 0.621605
20 0.493048 0.542232 0.975182 0.621605
22 0.297583 0.569489 0.593606 0.445687
25 0.297583 0.569489 0.593606 0.445687
17 0.493048 0.542232 0.975182 0.621605
0 0.281407 0.694888 0.55424 0.263578
9 0.323502 0.710863 0.632192 0.239617
15 0.512536 0.710064 0.937765 0.246006
9 0.306352 0.629792 0.600232 0.404952
6 0.727684 0.690096 0.499674 0.233227
8 0.702349 0.541534 0.556579 0.560703
15 0.264648 0.601438 0.523839 0.453674
22 0.512536 0.710064 0.937765 0.246006
25 0.498504 0.363019 0.334415 0.233227
15 0.281407 0.694888 0.55424 0.263578
15 0.727684 0.690096 0.499674 0.233227
27 0.493048 0.542232 0.975182 0.621605
35 0.493048 0.542232 0.975182 0.621605
31 0.297583 0.569489 0.593606 0.445687
24 0.297583 0.569489 0.593606 0.445687
26 0.491099 0.540635 0.975962 0.621605
30 0.491099 0.540635 0.975962 0.621605
21 0.491099 0.540635 0.975962 0.621605
3 0.493437 0.54992 0.986875 0.61262
9 0.482524 0.546725 0.96193 0.609425
25 0.493437 0.54992 0.986875 0.61262
8 0.446666 0.546326 0.887096 0.610224
4 0.493437 0.54992 0.986875 0.61262
17 0.491878 0.547923 0.980639 0.607029
28 0.491878 0.547923 0.980639 0.607029
4 0.498115 0.296725 0.337533 0.0918531
5 0.497335 0.548323 0.975962 0.61262
0 0.446666 0.546326 0.887096 0.610224
20 0.491878 0.547923 0.980639 0.607029
27 0.491878 0.547923 0.980639 0.607029
35 0.491878 0.547923 0.980639 0.607029
8 0.291541 0.590256 0.578405 0.313099
8 0.578405 0.532748 0.79979 0.527157
8 0.270494 0.631789 0.53787 0.230032
6 0.482524 0.546725 0.96193 0.609425
0 0.291541 0.590256 0.578405 0.313099
9 0.578405 0.532748 0.79979 0.527157
31 0.493437 0.54992 0.986875 0.61262
1 0.491878 0.547923 0.980639 0.607029
15 0.491878 0.547923 0.980639 0.607029
22 0.491878 0.547923 0.980639 0.607029
9 0.396874 0.639377 0.787122 0.428914
18 0.491878 0.547923 0.980639 0.607029
8 0.629172 0.582268 0.69358 0.333866
34 0.484083 0.54992 0.968166 0.615815
33 0.491878 0.547923 0.980639 0.607029
4 0.700011 0.655351 0.540988 0.18131
0 0.268545 0.636182 0.527736 0.224441
8 0.683641 0.620208 0.583082 0.24361
8 0.396874 0.639377 0.787122 0.428914
9 0.629172 0.582268 0.69358 0.333866
34 0.498115 0.296725 0.337533 0.0918531
6 0.496945 0.297125 0.336753 0.0926518
25 0.498212 0.296925 0.335 0.0914537
9 0.683641 0.620208 0.583082 0.24361
12 0.493437 0.54992 0.986875 0.61262
26 0.491878 0.547923 0.980639 0.607029
4 0.697999 0.559105 0.604003 0.370607
25 0.291541 0.590256 0.578405 0.313099
21 0.491878 0.547923 0.980639 0.607029
25 0.270494 0.631789 0.53787 0.230032
7 0.493437 0.54992 0.986875 0.61262
23 0.491878 0.547923 0.980639 0.607029
14 0.491878 0.547923 0.980639 0.607029
8 0.700011 0.655351 0.540988 0.18131
3 0.498115 0.296725 0.337533 0.0918531
29 0.491878 0.547923 0.980639 0.607029
0 0.298167 0.817891 0.0752239 0.0766773
8 0.279654 0.658946 0.535142 0.340256
4 0.291541 0.590256 0.578405 0.313099
32 0.493048 0.549621 0.982977 0.614816
9 0.279654 0.658946 0.535142 0.340256
33 0.296413 0.817891 0.0713263 0.0750799
0 0.697999 0.559105 0.604003 0.370607
8 0.681239 0.53754 0.637522 0.416933
8 0.602571 0.496905 0.632972 0.464657
11 0.491878 0.547923 0.980639 0.607029
22 0.496945 0.297125 0.336753 0.0926518
6 0.473949 0.542332 0.924513 0.599042
9 0.481355 0.546326 0.940883 0.616613
8 0.502792 0.545927 0.941663 0.61901
22 0.481355 0.546326 0.940883 0.616613
25 0.50513 0.542232 0.943222 0.597644
4 0.727294 0.636981 0.519162 0.123003
9 0.313952 0.539237 0.610756 0.600439
25 0.282577 0.654153 0.565153 0.158147
0 0.481355 0.546326 0.940883 0.616613
7 0.481355 0.546326 0.940883 0.616613
4 0.723396 0.670527 0.530075 0.203674
34 0.473949 0.542332 0.924513 0.599042
4 0.26114 0.654153 0.52228 0.158147
6 0.269325 0.663738 0.524618 0.239617
6 0.675456 0.655751 0.60413 0.102236
8 0.2779 0.660144 0.555799 0.155751
6 0.627418 0.591853 0.701765 0.468051
9 0.269325 0.663738 0.524618 0.239617
4 0.873259 0.666933 0.205404 0.0559105
9 0.282577 0.654153 0.565153 0.158147
0 0.2779 0.660144 0.555799 0.155751
9 0.35858 0.63099 0.700011 0.448882
9 0.675456 0.655751 0.60413 0.102236
29 0.481355 0.546326 0.940883 0.616613
6 0.25315 0.638978 0.496166 0.166134
8 0.627418 0.591853 0.701765 0.468051
6 0.332856 0.542432 0.65168 0.614816
5 0.494996 0.541933 0.955694 0.598243
15 0.473949 0.542332 0.924513 0.599042
8 0.675456 0.655751 0.60413 0.102236
9 0.627418 0.591853 0.701765 0.468051
8 0.683641 0.641374 0.188644 0.0854632
6 0.614166 0.722843 0.731386 0.260383
31 0.494996 0.541933 0.955694 0.598243
9 0.298947 0.688898 0.579185 0.323482
22 0.26114 0.654153 0.52228 0.158147
8 0.614166 0.722843 0.731386 0.260383
4 0.494899 0.289137 0.341626 0.0846645
9 0.262699 0.554313 0.509807 0.495208
3 0.496945 0.543131 0.951796 0.599042
4 0.726904 0.657748 0.496556 0.138179
6 0.2779 0.660144 0.555799 0.155751
10 0.473949 0.542332 0.924513 0.599042
25 0.696503 0.63099 0.585421 0.107029
31 0.26114 0.654153 0.52228 0.158147
9 0.226061 0.640575 0.442769 0.170927
6 0.494899 0.289137 0.341626 0.0846645
9 0.614166 0.722843 0.731386 0.260383
25 0.251786 0.684505 0.503571 0.191693
4 0.496556 0.545927 0.94634 0.617412
0 0.32545 0.816294 0.125503 0.0766773
1 0.496945 0.543131 0.951796 0.599042
3 0.537091 0.286941 0.256463 0.0770767
6 0.298947 0.688898 0.579185 0.323482
6 0.35858 0.63099 0.700011 0.448882
6 0.262699 0.554313 0.509807 0.495208
7 0.258606 0.660543 0.517213 0.161342
8 0.806805 0.654952 0.230738 0.0559105
8 0.271079 0.645367 0.127452 0.100639
19 0.481355 0.546326 0.940883 0.616613
4 0.867608 0.676917 0.21203 0.0399361
17 0.494996 0.541933 0.955694 0.598243
25 0.723396 0.670527 0.530075 0.203674
8 0.491099 0.553115 0.982198 0.603035
9 0.492658 0.546426 0.985316 0.589257
8 0.644567 0.615815 0.665907 0.485623
8 0.528516 0.653355 0.904246 0.42492
8 0.771337 0.626997 0.420162 0.477636
8 0.293685 0.566294 0.567882 0.583067
6 0.491099 0.545627 0.982198 0.586062
8 0.273612 0.66893 0.516044 0.38738
8 0.830191 0.638179 0.294659 0.444089
8 0.567882 0.786342 0.823955 0.427316
8 0.747172 0.796326 0.476288 0.407348
4 0.708912 0.59345 0.582176 0.297125
9 0.370468 0.554712 0.699621 0.603035
8 0.712483 0.601837 0.551902 0.285144
0 0.720215 0.582268 0.55957 0.335463
0 0.493437 0.546725 0.975962 0.583866
25 0.708912 0.59345 0.582176 0.297125
0 0.30109 0.631789 0.553071 0.367412
0 0.303234 0.570687 0.604909 0.532748
0 0.719499 0.623003 0.512926 0.439297
25 0.492658 0.546426 0.985316 0.589257
22 0.492658 0.546426 0.985316 0.589257
4 0.498115 0.294728 0.339092 0.0870607
34 0.498115 0.294728 0.339092 0.0870607
8 0.312588 0.610224 0.625177 0.265176
9 0.708912 0.59345 0.582176 0.297125
16 0.0191714 0.68131 0.0374658 0.253994
8 0.849874 0.723442 0.26153 0.460463
16 0.0232395 0.704473 0.0453097 0.297125
0 0.311419 0.817891 0.109133 0.0798722
8 0.290762 0.673323 0.542547 0.166134
6 0.708912 0.59345 0.582176 0.297125
8 0.297777 0.777955 0.480186 0.444089
8 0.651583 0.855431 0.673702 0.289137
8 0.209691 0.61861 0.40847 0.511981
8 0.183383 0.674121 0.357021 0.447284
8 0.812262 0.788938 0.339872 0.422125
0 0.263868 0.691693 0.50591 0.231629
9 0.499674 0.537939 0.971284 0.609425
8 0.501233 0.537141 0.971284 0.630192
6 0.507795 0.545128 0.98441 0.607827
0 0.487981 0.53764 0.972843 0.629193
22 0.507795 0.545128 0.98441 0.607827
25 0.505846 0.536841 0.988307 0.630791
7 0.490319 0.545527 0.968166 0.603834
18 0.55424 0.774561 0.129401 0.144169
8 0.726125 0.625399 0.515264 0.432907
1 0.487981 0.53764 0.972843 0.629193
3 0.505846 0.536841 0.988307 0.630791
10 0.507795 0.545128 0.98441 0.607827
5 0.490319 0.545527 0.968166 0.603834
0 0.719109 0.647364 0.510587 0.198882
11 0.507795 0.545128 0.98441 0.607827
33 0.507795 0.545128 0.98441 0.607827
8 0.740546 0.669329 0.475508 0.298722
9 0.726125 0.625399 0.515264 0.432907
9 0.346887 0.542332 0.675066 0.591054
8 0.708586 0.640575 0.526957 0.202875
0 0.305378 0.578674 0.571779 0.339457
25 0.708586 0.640575 0.526957 0.202875
2 0.507795 0.545128 0.98441 0.607827
15 0.507795 0.545128 0.98441 0.607827
14 0.505846 0.536841 0.988307 0.630791
31 0.507795 0.545128 0.98441 0.607827
34 0.507795 0.545128 0.98441 0.607827
19 0.507795 0.545128 0.98441 0.607827
29 0.507795 0.545128 0.98441 0.607827
32 0.507795 0.545128 0.98441 0.607827
28 0.505846 0.536841 0.988307 0.630791
17 0.55424 0.774561 0.129401 0.144169
0 0.566712 0.761182 0.175392 0.172524
17 0.505846 0.536841 0.988307 0.630791
9 0.740546 0.669329 0.475508 0.298722
11 0.55424 0.774561 0.129401 0.144169
13 0.507795 0.545128 0.98441 0.607827
21 0.507795 0.545128 0.98441 0.607827
4 0.505846 0.536841 0.988307 0.630791
18 0.560476 0.761981 0.174613 0.170927
9 0.521827 0.914537 0.956347 0.170926
0 0.305573 0.639377 0.590878 0.229233
8 0.550343 0.664537 0.873065 0.372204
18 0.505846 0.536841 0.988307 0.630791
0 0.648562 0.747804 0.386643 0.197684
9 0.257632 0.582668 0.499674 0.374601
8 0.597016 0.701278 0.767245 0.276358
23 0.505846 0.536841 0.988307 0.630791
0 0.55424 0.774561 0.129401 0.144169
8 0.305378 0.578674 0.571779 0.339457
8 0.487981 0.547923 0.965048 0.611821
9 0.495776 0.555212 0.969725 0.611621
8 0.282187 0.666534 0.551902 0.371406
6 0.494996 0.547524 0.968166 0.61262
8 0.365986 0.603834 0.722617 0.49361
8 0.724176 0.680511 0.502012 0.337061
8 0.590196 0.665336 0.77465 0.373802
8 0.194832 0.691693 0.385181 0.324281
8 0.369104 0.707668 0.727294 0.292332
8 0.507469 0.636182 0.955694 0.441693
8 0.223528 0.63139 0.438481 0.446486
8 0.772506 0.73722 0.413147 0.388179
0 0.487981 0.547923 0.965048 0.611821
25 0.494996 0.547524 0.968166 0.61262
8 0.64788 0.810503 0.677989 0.378994
18 0.540988 0.775559 0.144991 0.15016
8 0.643203 0.551518 0.665517 0.571086
8 0.536311 0.787939 0.901127 0.424121
8 0.760034 0.794728 0.452123 0.410543
8 0.169741 0.489217 0.334805 0.636581
8 0.811482 0.66893 0.332076 0.323482
8 0.197609 0.75 0.3921 0.466454
8 0.514485 0.916534 0.952576 0.166933
8 0.730412 0.557907 0.487981 0.526358
9 0.365986 0.603834 0.722617 0.49361
25 0.498894 0.40655 0.337533 0.321885
8 0.27751 0.488918 0.550343 0.693091
8 0.496166 0.633387 0.982977 0.733227
8 0.13817 0.638179 0.276341 0.138978
8 0.148596 0.638578 0.292126 0.40016
0 0.721058 0.664537 0.444328 0.170927
8 0.821616 0.765575 0.349226 0.46885
7 0.487981 0.547923 0.965048 0.611821
8 0.840325 0.754792 0.288423 0.490415
0 0.268545 0.66893 0.530855 0.162141
8 0.708586 0.905751 0.569051 0.188498
8 0.291931 0.788938 0.574508 0.390176
8 0.286279 0.658147 0.158633 0.13738
9 0.500453 0.539936 0.99467 0.579872
8 0.497335 0.545927 0.989993 0.60623
8 0.281797 0.63099 0.559697 0.242812
0 0.281797 0.63099 0.559697 0.242812
8 0.705467 0.639776 0.534752 0.234824
8 0.879301 0.755591 0.168377 0.0830671
18 0.547224 0.789137 0.118487 0.118211
25 0.281797 0.63099 0.559697 0.242812
6 0.491099 0.546326 0.97908 0.608626
8 0.604909 0.666134 0.735869 0.305112
8 0.870726 0.772364 0.104456 0.057508
8 0.885537 0.77476 0.124724 0.0638977
0 0.76114 0.632588 0.47772 0.220447
8 0.137391 0.757188 0.0939324 0.0511182
0 0.286474 0.816294 0.14655 0.0766773
25 0.491099 0.546326 0.97908 0.608626
0 0.497335 0.545927 0.989993 0.60623
14 0.540209 0.779553 0.137196 0.134185
8 0.878521 0.715855 0.17929 0.105032
8 0.860592 0.761182 0.149668 0.0702875
8 0.846561 0.771566 0.102897 0.0670926
25 0.753798 0.636581 0.434973 0.217252
9 0.281797 0.63099 0.559697 0.242812
8 0.907364 0.750799 0.14655 0.086262
8 0.832529 0.803514 0.0608028 0.028754
8 0.921395 0.771566 0.149668 0.0766774
8 0.821811 0.685304 0.214758 0.126198
9 0.487201 0.638179 0.974402 0.429712
8 0.491878 0.6877 0.972843 0.330671
18 0.549953 0.808307 0.113031 0.0766774
8 0.846561 0.799521 0.0810703 0.028754
8 0.768609 0.634984 0.285305 0.182109
8 0.241652 0.60623 0.466154 0.301917
16 0.307521 0.817891 0.103676 0.0766773
8 0.764711 0.884984 0.0810702 0.0415335
8 0.644665 0.620607 0.24399 0.174121
8 0.137586 0.722843 0.242042 0.0990415
0 0.312199 0.815495 0.0912041 0.0782747
8 0.874624 0.78754 0.0966607 0.0447285
8 0.756136 0.617412 0.285305 0.13099
8 0.27483 0.816294 0.222066 0.0766773
8 0.738987 0.896166 0.116928 0.0287539
0 0.540209 0.779553 0.137196 0.134185
8 0.680912 0.618211 0.250227 0.13738
8 0.747951 0.884984 0.0912041 0.0415335
15 0.540209 0.779553 0.137196 0.134185
8 0.696893 0.714856 0.558138 0.375399
8 0.785953 0.883387 0.139924 0.0447285
8 0.144017 0.709265 0.219825 0.083067
22 0.497335 0.545927 0.989993 0.60623
17 0.547224 0.789137 0.118487 0.118211
8 0.904245 0.709065 0.137196 0.0898562
8 0.339092 0.607827 0.200337 0.115016
8 0.823955 0.776358 0.116928 0.0654952
33 0.286474 0.816294 0.14655 0.0766773
0 0.27483 0.816294 0.222066 0.0766773
8 0.88086 0.635783 0.187085 0.123003
8 0.860592 0.70607 0.169936 0.0798722
9 0.705467 0.639776 0.534752 0.234824
7 0.846561 0.799521 0.0810703 0.028754
7 0.307521 0.817891 0.103676 0.0766773
14 0.548784 0.791534 0.115369 0.110224
8 0.120339 0.752396 0.130375 0.0607028
8 0.891773 0.789137 0.0982197 0.0479233
8 0.927631 0.750799 0.134078 0.0702875
8 0.630633 0.614217 0.177731 0.142173
8 0.141093 0.631789 0.282187 0.11901
8 0.757695 0.896166 0.0608027 0.0255591
8 0.728074 0.896166 0.173054 0.0351438
8 0.677405 0.630192 0.221384 0.103834
15 0.307521 0.817891 0.103676 0.0766773
0 0.548784 0.791534 0.115369 0.110224
7 0.832529 0.803514 0.0608028 0.028754
8 0.299726 0.817093 0.121605 0.0766773
8 0.687538 0.623003 0.321163 0.209265
8 0.722617 0.621406 0.190203 0.0990416
10 0.299726 0.817093 0.121605 0.0766773
8 0.355852 0.601438 0.281407 0.118211
8 0.661035 0.652955 0.261919 0.149361
8 0.768998 0.638978 0.406131 0.215655
31 0.500453 0.539936 0.99467 0.579872
9 0.604909 0.666134 0.735869 0.305112
7 0.874624 0.78754 0.0966607 0.0447285
8 0.306352 0.63099 0.190983 0.15016
8 0.679743 0.658946 0.190203 0.126198
8 0.724955 0.884185 0.160582 0.0479233
6 0.281797 0.63099 0.559697 0.242812
8 0.827852 0.800319 0.0685979 0.0383386
11 0.547224 0.789137 0.118487 0.118211
9 0.434194 0.63099 0.849679 0.321086
8 0.224113 0.642572 0.424839 0.219649
27 0.547224 0.789137 0.118487 0.118211
8 0.264063 0.675319 0.494607 0.349042
8 0.688318 0.640974 0.138755 0.0926518
9 0.496556 0.552316 0.94634 0.601438
25 0.497335 0.549521 0.957253 0.597444
31 0.495776 0.551817 0.958812 0.599241
25 0.281018 0.623403 0.562035 0.242013
22 0.497335 0.549521 0.957253 0.597444
6 0.497335 0.549521 0.957253 0.597444
5 0.500453 0.550319 0.936985 0.595847
9 0.657527 0.551917 0.630633 0.595847
32 0.501622 0.551518 0.976741 0.591853
4 0.281018 0.623403 0.562035 0.242013
8 0.496556 0.552316 0.94634 0.601438
3 0.497335 0.549521 0.957253 0.597444
33 0.502012 0.550319 0.975962 0.595847
9 0.416265 0.658147 0.812262 0.351438
9 0.322137 0.65615 0.62011 0.302716
4 0.496556 0.293131 0.333635 0.0934505
25 0.710145 0.662939 0.528516 0.174121
4 0.710145 0.662939 0.528516 0.174121
27 0.497335 0.549521 0.957253 0.597444
9 0.71716 0.595847 0.50513 0.460064
27 0.259191 0.646166 0.497335 0.201278
4 0.497335 0.549521 0.957253 0.597444
10 0.501622 0.551518 0.976741 0.591853
3 0.277705 0.623802 0.535921 0.242812
25 0.0399018 0.47524 0.0123749 0.100639
34 0.496556 0.293131 0.333635 0.0934505
25 0.496556 0.293131 0.333635 0.0934505
9 0.283356 0.607029 0.546445 0.309904
7 0.497335 0.549521 0.957253 0.597444
9 0.651778 0.656949 0.642131 0.355431
25 0.24287 0.623802 0.388884 0.233227
9 0.260555 0.63738 0.500843 0.220447
5 0.0399505 0.476038 0.0134468 0.102236
35 0.497335 0.549521 0.957253 0.597444
6 0.29427 0.636182 0.566712 0.248403
8 0.501622 0.550319 0.989213 0.615016
9 0.498894 0.552716 0.991552 0.613419
8 0.50513 0.694888 0.938545 0.319489
8 0.631023 0.624601 0.696113 0.458466
8 0.666589 0.702077 0.620305 0.327476
8 0.30986 0.551018 0.61972 0.615216
0 0.494217 0.548023 0.982198 0.622804
9 0.487201 0.672125 0.974402 0.366613
8 0.111277 0.682109 0.207353 0.207668
8 0.26835 0.625799 0.534362 0.464058
9 0.312978 0.550719 0.625956 0.614217
25 0.494217 0.548023 0.982198 0.622804
8 0.661814 0.813898 0.650121 0.372204
8 0.898009 0.741214 0.193321 0.0926517
8 0.274002 0.69369 0.542547 0.333067
8 0.788876 0.743011 0.400674 0.466054
8 0.723007 0.733427 0.523059 0.395767
8 0.11381 0.730032 0.205404 0.111821
8 0.801285 0.645367 0.397429 0.709265
8 0.434584 0.65615 0.855136 0.404952
8 0.217487 0.658147 0.431855 0.388179
6 0.494217 0.548023 0.982198 0.622804
8 0.754188 0.896965 0.0600232 0.0287539
8 0.55424 0.79373 0.859033 0.41254
8 0.0836037 0.738019 0.167207 0.0910543
8 0.892553 0.714058 0.173054 0.142173
8 0.886253 0.753195 0.227494 0.100639
8 0.754577 0.881789 0.0608027 0.0447285
8 0.12392 0.744409 0.158292 0.0734824
8 0.723396 0.895367 0.135637 0.0367412
8 0.509028 0.54992 0.933867 0.611022
9 0.509028 0.54992 0.933867 0.611022
8 0.333051 0.600639 0.215538 0.151757
8 0.634531 0.676917 0.693775 0.352236
8 0.329933 0.587859 0.283356 0.115016
18 0.557358 0.778754 0.154345 0.142173
8 0.364037 0.601837 0.141873 0.15016
8 0.631023 0.598243 0.279848 0.153355
8 0.48954 0.658546 0.97908 0.39377
8 0.680133 0.611821 0.225282 0.132588
6 0.509028 0.547823 0.936985 0.607228
8 0.343964 0.580671 0.245939 0.159744
8 0.353903 0.585863 0.176172 0.174121
8 0.682861 0.634185 0.204235 0.0966453
8 0.307521 0.61262 0.209691 0.142971
8 0.730802 0.695687 0.485642 0.365815
8 0.311809 0.552716 0.622059 0.610224
0 0.247498 0.649361 0.47239 0.416933
8 0.712483 0.781749 0.528516 0.436502
8 0.613484 0.776358 0.740546 0.447284
8 0.378068 0.591454 0.108354 0.167732
0 0.719109 0.697284 0.53865 0.255591
8 0.662594 0.635383 0.258801 0.117412
8 0.710924 0.627396 0.268156 0.104633
8 0.823955 0.663738 0.24477 0.172524
25 0.509028 0.54992 0.933867 0.611022
8 0.70079 0.65016 0.160582 0.124601
8 0.762373 0.658946 0.258801 0.177316
18 0.305573 0.817891 0.0927631 0.0750799
0 0.30986 0.816294 0.0982198 0.0766773
8 0.386253 0.561502 0.205014 0.175719
8 0.118487 0.67492 0.199558 0.21885
8 0.722227 0.634185 0.205014 0.0990415
8 0.30986 0.816294 0.0982198 0.0766773
8 0.644275 0.574281 0.272053 0.138978
8 0.320773 0.640974 0.230739 0.171725
8 0.295244 0.78754 0.150838 0.134185
8 0.290957 0.817093 0.117318 0.0766773
8 0.624397 0.585064 0.216707 0.166134
8 0.873065 0.718051 0.177731 0.138978
8 0.770947 0.63738 0.282187 0.123003
8 0.383427 0.598642 0.0984146 0.0942492
8 0.388104 0.572684 0.142068 0.126198
8 0.384402 0.620607 0.0964658 0.115016
8 0.883978 0.698083 0.165259 0.178914
8 0.721448 0.639776 0.142653 0.0958467
8 0.625177 0.872604 0.726515 0.254792
8 0.673507 0.585463 0.249447 0.158147
8 0.12392 0.752396 0.137245 0.0623003
0 0.523059 0.715855 0.283746 0.267971
8 0.841884 0.771566 0.0997788 0.0607028
8 0.852797 0.776358 0.0810702 0.0447285
8 0.113055 0.742612 0.162092 0.0834665
8 0.145186 0.703275 0.241262 0.144569
0 0.776209 0.672524 0.393269 0.154952
8 0.742495 0.616613 0.26114 0.126198
17 0.557358 0.778754 0.154345 0.142173
8 0.781861 0.619808 0.251006 0.111821
0 0.71716 0.650958 0.508248 0.214058
8 0.581913 0.773962 0.126283 0.142173
8 0.719109 0.697284 0.53865 0.255591
18 0.292711 0.817891 0.0654799 0.0766773
0 0.585421 0.714058 0.261919 0.268371
8 0.742105 0.873802 0.478627 0.252396
8 0.83097 0.663738 0.257242 0.121406
8 0.422501 0.353035 0.201117 0.188498
8 0.291346 0.741214 0.164479 0.222045
8 0.372612 0.53754 0.232298 0.153355
8 0.88008 0.777955 0.11381 0.0495208
8 0.329543 0.630192 0.19527 0.118211
8 0.422891 0.54992 0.256463 0.144569
9 0.492658 0.552316 0.972843 0.598243
8 0.499674 0.551518 0.988434 0.603035
7 0.496945 0.553115 0.986095 0.59984
5 0.492658 0.550719 0.972843 0.604633
1 0.492658 0.552316 0.972843 0.598243
25 0.492658 0.552316 0.972843 0.598243
0 0.496945 0.553115 0.986095 0.59984
4 0.122775 0.656949 0.222554 0.0734824
6 0.499674 0.551518 0.988434 0.603035
0 0.297777 0.81869 0.0763932 0.0734824
8 0.496945 0.659345 0.953355 0.38738
8 0.603447 0.696086 0.738792 0.310703
24 0.435363 0.710863 0.348446 0.269968
9 0.496945 0.659345 0.953355 0.38738
3 0.492658 0.552316 0.972843 0.598243
8 0.679743 0.623003 0.579964 0.442492
24 0.48954 0.710863 0.263478 0.271566
22 0.496945 0.553115 0.986095 0.59984
0 0.675066 0.71885 0.576846 0.258786
9 0.603447 0.696086 0.738792 0.310703
24 0.55385 0.71246 0.379627 0.271566
9 0.670389 0.550719 0.601791 0.591853
8 0.497335 0.548023 0.965048 0.608427
9 0.495776 0.551018 0.963489 0.610423
6 0.491099 0.543231 0.968166 0.600439
25 0.491099 0.547923 0.960371 0.607029
0 0.497335 0.548023 0.965048 0.608427
22 0.497335 0.548023 0.965048 0.608427
25 0.708196 0.638179 0.532414 0.220447
31 0.491099 0.547923 0.960371 0.607029
25 0.680912 0.678115 0.618161 0.329073
34 0.491099 0.547923 0.960371 0.607029
5 0.495776 0.551018 0.963489 0.610423
7 0.495776 0.551018 0.963489 0.610423
10 0.495776 0.551018 0.963489 0.610423
3 0.495776 0.545427 0.966607 0.604034
9 0.497335 0.544329 0.949458 0.574281
8 0.495776 0.540335 0.957253 0.587061
6 0.495776 0.540335 0.957253 0.587061
25 0.497335 0.544329 0.949458 0.574281
0 0.275171 0.669728 0.536311 0.202077
8 0.275171 0.669728 0.536311 0.202077
10 0.501233 0.549121 0.983757 0.585463
31 0.497335 0.544329 0.949458 0.574281
3 0.497335 0.544329 0.949458 0.574281
4 0.886317 0.666134 0.169936 0.0607028
25 0.308301 0.655751 0.600232 0.233227
33 0.502402 0.54383 0.984536 0.584864
0 0.502012 0.544329 0.985316 0.591853
32 0.501233 0.549121 0.983757 0.585463
22 0.495776 0.53744 0.94634 0.559305
7 0.502012 0.544329 0.985316 0.591853
4 0.89645 0.674121 0.149668 0.0535144
9 0.503181 0.553115 0.992332 0.596645
8 0.503571 0.550419 0.991552 0.605232
25 0.503898 0.554712 0.992205 0.595048
8 0.558528 0.690096 0.841104 0.319489
6 0.502012 0.548323 0.991552 0.61901
8 0.663373 0.704074 0.61894 0.293131
6 0.558528 0.690096 0.841104 0.319489
8 0.494217 0.647764 0.972844 0.408946
7 0.689877 0.663339 0.174613 0.139776
25 0.279069 0.660942 0.558138 0.205272
6 0.663373 0.704074 0.61894 0.293131
4 0.279069 0.660942 0.558138 0.205272
9 0.494217 0.647764 0.972844 0.408946
9 0.558528 0.690096 0.841104 0.319489
3 0.500843 0.545627 0.990772 0.618011
31 0.500843 0.545627 0.990772 0.618011
4 0.498992 0.350739 0.330322 0.205871
32 0.503181 0.553115 0.992332 0.596645
0 0.502012 0.548323 0.991552 0.61901
4 0.500063 0.316693 0.328179 0.136581
8 0.689877 0.663339 0.174613 0.139776
33 0.503181 0.553115 0.992332 0.596645
25 0.558528 0.690096 0.841104 0.319489
6 0.494217 0.647764 0.972844 0.408946
25 0.501915 0.381789 0.338507 0.261981
10 0.503898 0.554712 0.992205 0.595048
8 0.504677 0.557508 0.990646 0.602236
9 0.496556 0.550419 0.957253 0.59405
0 0.254319 0.700879 0.482134 0.302716
8 0.254319 0.700879 0.482134 0.302716
8 0.502012 0.920927 0.991552 0.158147
25 0.719109 0.662939 0.509028 0.190096
9 0.505457 0.91853 0.989087 0.162939
25 0.504677 0.5623 0.990646 0.592652
25 0.254319 0.700879 0.482134 0.302716
8 0.296413 0.603435 0.576456 0.518371
4 0.501233 0.941693 0.986875 0.116613
8 0.653629 0.71226 0.639988 0.310304
3 0.507016 0.942093 0.985969 0.115815
6 0.504677 0.5623 0.990646 0.592652
7 0.507016 0.942093 0.985969 0.115815
8 0.719109 0.662939 0.509028 0.190096
8 0.558138 0.691693 0.838766 0.306709
8 0.581134 0.613419 0.786538 0.463259
0 0.719109 0.662939 0.509028 0.190096
9 0.502402 0.548622 0.961151 0.604034
8 0.502402 0.548622 0.961151 0.604034
25 0.509807 0.549521 0.938545 0.599042
25 0.289787 0.584265 0.569441 0.32508
6 0.502402 0.548622 0.961151 0.604034
9 0.311224 0.558407 0.594386 0.563698
9 0.596724 0.654153 0.758475 0.370607
25 0.243795 0.594249 0.438481 0.290735
1 0.502402 0.548622 0.961151 0.604034
5 0.509807 0.549521 0.938545 0.599042
9 0.620402 0.566194 0.708001 0.552915
8 0.705467 0.638179 0.116928 0.0798722
7 0.502402 0.548622 0.961151 0.604034
0 0.289787 0.584265 0.569441 0.32508
8 0.289787 0.584265 0.569441 0.32508
9 0.594775 0.525559 0.756136 0.552716
8 0.498115 0.51238 0.955694 0.518371
8 0.252565 0.625799 0.481745 0.254792
9 0.252565 0.625799 0.481745 0.254792
0 0.242236 0.598642 0.457969 0.309105
8 0.373586 0.622204 0.726904 0.263578
8 0.295829 0.63738 0.154345 0.108626
9 0.373586 0.622204 0.726904 0.263578
8 0.565836 0.482428 0.486617 0.446486
8 0.367934 0.628195 0.11381 0.101438
8 0.381186 0.627396 0.0834089 0.0966454
9 0.565836 0.482428 0.486617 0.446486
25 0.242236 0.598642 0.457969 0.309105
9 0.469272 0.511282 0.9136 0.479034
8 0.705078 0.634984 0.122385 0.0878594
22 0.30148 0.619808 0.185916 0.13099
7 0.367934 0.628195 0.11381 0.101438
8 0.30908 0.618211 0.190203 0.126198
7 0.329543 0.603035 0.238144 0.0902556
3 0.30148 0.619808 0.185916 0.13099
7 0.35137 0.597444 0.157853 0.0527157
7 0.516823 0.521565 0.915159 0.535144
25 0.74951 0.587859 0.476288 0.30032
8 0.654799 0.619808 0.207353 0.119808
5 0.291151 0.626997 0.159802 0.110224
7 0.30148 0.619808 0.185916 0.13099
7 0.381186 0.627396 0.0834089 0.0966454
1 0.516823 0.521565 0.915159 0.535144
9 0.476288 0.616613 0.926072 0.300319
22 0.6852 0.621006 0.17929 0.128594
25 0.497725 0.540735 0.959592 0.58147
9 0.745613 0.624201 0.485642 0.23722
7 0.381966 0.60024 0.0904245 0.0503195
8 0.476288 0.616613 0.926072 0.300319
6 0.252565 0.625799 0.481745 0.254792
8 0.329543 0.603035 0.238144 0.0902556
34 0.30148 0.619808 0.185916 0.13099
7 0.293295 0.626997 0.151617 0.108626
8 0.382745 0.611022 0.088086 0.0734824
5 0.329543 0.603035 0.238144 0.0902556
7 0.252565 0.625799 0.481745 0.254792
3 0.650901 0.611821 0.208912 0.146166
34 0.6852 0.621006 0.17929 0.128594
7 0.703908 0.634585 0.118487 0.0854632
8 0.683251 0.633387 0.133298 0.0878594
23 0.30148 0.619808 0.185916 0.13099
9 0.618551 0.61901 0.713263 0.28754
25 0.373586 0.622204 0.726904 0.263578
9 0.48915 0.552316 0.9783 0.604633
8 0.498894 0.548722 0.996229 0.605431
8 0.282966 0.551118 0.562035 0.565495
8 0.656358 0.693291 0.639208 0.309904
25 0.48915 0.552316 0.9783 0.604633
6 0.282966 0.551118 0.562035 0.565495
9 0.280433 0.54393 0.556968 0.578275
6 0.498894 0.548722 0.996229 0.605431
9 0.493827 0.550719 0.958033 0.591853
8 0.502012 0.55022 0.99467 0.594449
25 0.494217 0.54992 0.97908 0.596645
8 0.77465 0.670527 0.0253344 0.147764
8 0.654019 0.647764 0.0280627 0.151757
8 0.32584 0.65016 0.0374171 0.148562
8 0.638818 0.648163 0.0288423 0.144569
8 0.338702 0.650958 0.0304014 0.145367
8 0.194929 0.676518 0.051351 0.13738
6 0.494996 0.549421 0.952576 0.597644
8 0.761203 0.670927 0.0335195 0.151757
8 0.765491 0.650958 0.0545665 0.193291
9 0.279848 0.571885 0.55502 0.51278
8 0.210861 0.680511 0.0452123 0.129393
8 0.187085 0.654553 0.0892553 0.186102
8 0.79901 0.655751 0.0919836 0.186901
9 0.503118 0.546326 0.993764 0.594249
8 0.503898 0.550319 0.992205 0.600639
6 0.503898 0.550319 0.992205 0.600639
25 0.498504 0.551817 0.981418 0.604034
25 0.724955 0.639776 0.523839 0.271566
8 0.870726 0.776358 0.0498894 0.0543131
8 0.653239 0.682109 0.0226061 0.0830671
31 0.498504 0.551817 0.981418 0.604034
5 0.498504 0.551817 0.981418 0.604034
8 0.339872 0.679313 0.0241652 0.0822684
8 0.852018 0.78115 0.0873065 0.0670927
9 0.330517 0.55022 0.653239 0.592851
8 0.329543 0.667332 0.0288423 0.101438
8 0.640767 0.673722 0.0257243 0.0886581
9 0.668148 0.555212 0.609391 0.58766
8 0.775624 0.698482 0.0249447 0.0902556
8 0.205014 0.698083 0.0265037 0.086262
23 0.112081 0.632588 0.187037 0.124601
7 0.498504 0.551817 0.981418 0.604034
9 0.492658 0.535543 0.982198 0.564696
8 0.492658 0.535543 0.982198 0.564696
25 0.492658 0.539537 0.982198 0.564696
6 0.492658 0.539537 0.982198 0.564696
0 0.240093 0.602236 0.480186 0.338658
25 0.240093 0.602236 0.480186 0.338658
0 0.492658 0.539537 0.982198 0.564696
8 0.698452 0.638978 0.134857 0.0846645
8 0.651291 0.688498 0.0226061 0.0734824
33 0.487981 0.530451 0.972843 0.544529
25 0.692995 0.629393 0.573728 0.242812
7 0.697282 0.638978 0.133298 0.0814696
7 0.492658 0.539537 0.982198 0.564696
23 0.113201 0.629393 0.179339 0.116613
8 0.663373 0.701677 0.0280628 0.0535144
31 0.491878 0.545427 0.980639 0.580072
8 0.240093 0.602236 0.480186 0.338658
9 0.500453 0.539936 0.99467 0.600639
8 0.486422 0.538339 0.972843 0.592652
6 0.486032 0.541434 0.972064 0.605631
25 0.498894 0.540036 0.991552 0.610024
8 0.704688 0.638978 0.118487 0.0846645
8 0.327399 0.654153 0.0272833 0.129393
8 0.314927 0.660543 0.035858 0.132588
8 0.776209 0.674521 0.0222164 0.131789
8 0.339092 0.652556 0.0218266 0.134185
8 0.290177 0.651757 0.128621 0.146965
8 0.205014 0.685703 0.0226061 0.104633
8 0.321943 0.648562 0.0467713 0.146965
16 0.0166866 0.694089 0.0293782 0.236422
8 0.34182 0.634984 0.0265037 0.107029
8 0.217097 0.675319 0.0226062 0.130192
8 0.639598 0.658946 0.0272833 0.123003
8 0.764711 0.685304 0.0233857 0.111821
25 0.704688 0.638978 0.118487 0.0846645
8 0.653239 0.646965 0.0249447 0.154952
8 0.774065 0.65655 0.0296218 0.169329
1 0.491099 0.545128 0.97908 0.59984
34 0.70157 0.636581 0.13096 0.0830671
8 0.763932 0.661741 0.0327399 0.162141
8 0.641936 0.638179 0.0865269 0.174121
8 0.312199 0.654952 0.210471 0.13738
27 0.484083 0.708466 0.296218 0.28754
9 0.499674 0.549621 0.974402 0.597244
8 0.492268 0.548323 0.948678 0.59984
25 0.761593 0.693291 0.455241 0.238019
8 0.705857 0.636182 0.125503 0.0934505
0 0.761593 0.693291 0.455241 0.238019
6 0.492268 0.548323 0.948678 0.59984
9 0.761593 0.693291 0.455241 0.238019
6 0.761593 0.693291 0.455241 0.238019
8 0.329738 0.653355 0.0327399 0.13738
0 0.225282 0.649361 0.434973 0.177316
4 0.761593 0.693291 0.455241 0.238019
9 0.415875 0.468051 0.474729 0.440096
8 0.316876 0.651757 0.109133 0.140575
8 0.622838 0.648962 0.071716 0.139776
0 0.286085 0.633387 0.450564 0.141374
7 0.705857 0.636182 0.125503 0.0934505
8 0.295049 0.654553 0.127842 0.138179
25 0.744444 0.65655 0.413147 0.28754
8 0.313368 0.681709 0.60335 0.333067
8 0.30187 0.661342 0.0736648 0.13099
6 0.313368 0.681709 0.60335 0.333067
8 0.315317 0.635383 0.190203 0.108626
8 0.642326 0.650958 0.0280628 0.126198
8 0.342405 0.649361 0.0296218 0.15016
8 0.206184 0.672125 0.0311809 0.144569
0 0.22762 0.699681 0.446666 0.28115
34 0.718719 0.63738 0.174613 0.0990416
8 0.73353 0.641374 0.193321 0.0990415
6 0.703129 0.63778 0.13096 0.0990416
25 0.286085 0.633387 0.450564 0.141374
8 0.754188 0.705272 0.438871 0.258786
6 0.240093 0.694089 0.453682 0.301917
6 0.73353 0.641374 0.193321 0.0990415
8 0.656358 0.651358 0.0327399 0.142971
0 0.318824 0.590655 0.515264 0.202077
9 0.495776 0.550319 0.985316 0.600639
25 0.237754 0.592652 0.438091 0.297125
8 0.494217 0.547923 0.951017 0.603834
8 0.70157 0.630192 0.127842 0.105431
25 0.720668 0.576278 0.501233 0.350639
9 0.286085 0.551118 0.563594 0.592652
9 0.720668 0.576278 0.501233 0.350639
8 0.329738 0.65655 0.037417 0.127796
8 0.640767 0.648163 0.0498894 0.139776
8 0.778742 0.679712 0.034299 0.129393
7 0.696893 0.632588 0.138755 0.111821
8 0.339092 0.659744 0.037417 0.124601
8 0.639988 0.65016 0.0756136 0.146965
8 0.76588 0.679313 0.0350785 0.131789
8 0.313368 0.657748 0.0530075 0.133387
8 0.198193 0.670927 0.0565153 0.138978
8 0.292321 0.646166 0.169936 0.127796
9 0.687149 0.540735 0.562035 0.586262
9 0.405741 0.479233 0.459918 0.453674
8 0.695334 0.633387 0.0951017 0.0942492
9 0.497725 0.547524 0.986095 0.60623
8 0.496945 0.547823 0.942442 0.610423
1 0.494607 0.548323 0.973623 0.611022
8 0.776404 0.679313 0.0249447 0.123802
8 0.639988 0.661741 0.0187085 0.0998402
8 0.764711 0.676917 0.0218267 0.128594
8 0.202676 0.679313 0.0257242 0.114217
25 0.495776 0.553514 0.969725 0.599042
8 0.327399 0.655351 0.0272833 0.120607
8 0.654799 0.65655 0.0241652 0.116613
8 0.75029 0.677316 0.0288423 0.134185
16 0.0207061 0.690895 0.0381966 0.244409
8 0.309275 0.658546 0.0362478 0.126997
17 0.0207061 0.690895 0.0381966 0.244409
8 0.185088 0.678914 0.038294 0.118211
31 0.495776 0.553514 0.969725 0.599042
8 0.625956 0.658546 0.0241652 0.107827
8 0.761593 0.664137 0.0296219 0.160543
8 0.217487 0.681709 0.0272833 0.115815
8 0.788876 0.684505 0.0280627 0.119808
5 0.495776 0.553514 0.969725 0.599042
8 0.336364 0.657348 0.026114 0.119808
8 0.746782 0.672125 0.0530075 0.149361
8 0.629074 0.645367 0.0452123 0.151757
3 0.0207061 0.690895 0.0381966 0.244409
9 0.497335 0.552316 0.941663 0.604633
8 0.493048 0.544828 0.954914 0.602037
8 0.221384 0.634185 0.431855 0.436102
1 0.497725 0.545927 0.944001 0.603035
8 0.324671 0.658946 0.027673 0.115016
8 0.637259 0.667732 0.0233856 0.0942492
8 0.313758 0.658147 0.0327399 0.126198
8 0.625956 0.663738 0.0233857 0.107029
8 0.335584 0.653355 0.0272833 0.13099
8 0.201117 0.690895 0.0233857 0.0974441
0 0.497725 0.545927 0.944001 0.603035
25 0.497725 0.545927 0.944001 0.603035
8 0.346303 0.630192 0.167207 0.0942492
8 0.286669 0.649361 0.0958812 0.145367
8 0.650121 0.664537 0.0327399 0.107029
8 0.273028 0.661342 0.0970505 0.129393
8 0.280628 0.650559 0.141093 0.130192
0 0.220215 0.641773 0.433414 0.417732
8 0.215538 0.685304 0.0257242 0.111821
5 0.497725 0.545927 0.944001 0.603035
8 0.312199 0.645767 0.063531 0.152556
8 0.629074 0.650958 0.0514485 0.142173
8 0.335 0.642971 0.0498894 0.13738
9 0.354682 0.552017 0.693775 0.592452
8 0.189424 0.686102 0.0222164 0.119808
8 0.494607 0.551917 0.958033 0.600639
9 0.493437 0.551018 0.982198 0.610423
1 0.493437 0.551018 0.982198 0.610423
0 0.281213 0.817891 0.112641 0.0766773
34 0.867608 0.654553 0.216707 0.0678914
8 0.32584 0.658946 0.0413147 0.127796
8 0.311419 0.658147 0.0530075 0.13738
8 0.639208 0.658546 0.0436532 0.146166
8 0.200727 0.696486 0.0467713 0.170927
8 0.774065 0.683706 0.0436533 0.116613
8 0.765101 0.686102 0.0319604 0.108626
34 0.278289 0.61861 0.141093 0.120607
9 0.486032 0.552017 0.972064 0.622804
8 0.485642 0.548722 0.971284 0.610224
6 0.48954 0.545527 0.966607 0.610224
25 0.490319 0.547823 0.977521 0.608826
8 0.204625 0.678115 0.0148109 0.129393
8 0.641547 0.658147 0.0171495 0.110224
8 0.775624 0.686102 0.0233856 0.107029
8 0.767439 0.686102 0.019488 0.103834
1 0.487981 0.551917 0.975962 0.619808
8 0.328569 0.662141 0.017929 0.100639
9 0.326425 0.551118 0.65285 0.619808
8 0.187085 0.690895 0.0241652 0.158147
8 0.629074 0.652157 0.0132519 0.117412
8 0.316681 0.658946 0.0167597 0.108626
8 0.76666 0.663339 0.019488 0.162141
8 0.774065 0.65615 0.0233856 0.18131
8 0.624787 0.64377 0.0249447 0.0958467
8 0.206378 0.663738 0.0163699 0.15655
8 0.639988 0.651358 0.0249447 0.134984
8 0.331297 0.652157 0.01637 0.125399
8 0.754188 0.678914 0.0155904 0.121406
8 0.217487 0.672524 0.0190983 0.13738
8 0.166038 0.71226 0.0479406 0.134585
0 0.745223 0.671725 0.486422 0.309904
8 0.65246 0.654952 0.0233856 0.126198
8 0.339287 0.664537 0.0187085 0.0990415
8 0.788876 0.693291 0.0218266 0.0990416
8 0.643106 0.6873 0.0218267 0.0902556
31 0.490319 0.547823 0.977521 0.608826
0 0.282187 0.81869 0.109913 0.0734824
8 0.768609 0.721845 0.0218266 0.0579073
8 0.183967 0.730032 0.0346887 0.0670927
22 0.490319 0.547823 0.977521 0.608826
8 0.777963 0.726038 0.0249447 0.0495208
8 0.204235 0.730232 0.0187085 0.0603036
8 0.627515 0.686901 0.01637 0.0974441
33 0.490319 0.547823 0.977521 0.608826
8 0.343769 0.646965 0.01637 0.0958467
8 0.788876 0.65655 0.0187085 0.175719
8 0.746782 0.902556 0.0428737 0.0223642
8 0.328958 0.686901 0.0218266 0.0814697
8 0.781276 0.646566 0.0214369 0.152556
8 0.316681 0.691294 0.0198778 0.0870607
9 0.495776 0.548722 0.969725 0.597444
8 0.493437 0.547524 0.958812 0.598243
6 0.487591 0.545927 0.967387 0.595048
25 0.495776 0.548722 0.969725 0.597444
1 0.495776 0.551118 0.971284 0.597444
9 0.490319 0.54393 0.958812 0.599042
6 0.501622 0.546226 0.942442 0.600839
8 0.490709 0.541933 0.956473 0.596645
25 0.501622 0.546226 0.942442 0.600839
8 0.764711 0.686901 0.0265038 0.119808
31 0.491878 0.545927 0.96193 0.601438
8 0.754577 0.678514 0.0748342 0.141374
8 0.776404 0.685304 0.0265038 0.123003
8 0.202676 0.678914 0.0272833 0.145367
8 0.315706 0.662939 0.0304014 0.135783
8 0.763152 0.679712 0.112251 0.140575
8 0.327399 0.660543 0.0296218 0.132588
8 0.184747 0.691693 0.0381966 0.140575
8 0.638429 0.654952 0.0249447 0.148562
8 0.183626 0.672524 0.0458944 0.167732
8 0.624397 0.65655 0.037417 0.15016
32 0.500453 0.536741 0.951017 0.584665
8 0.775624 0.672524 0.246329 0.148562
9 0.491099 0.546226 0.974402 0.604034
8 0.491099 0.546226 0.974402 0.604034
6 0.497725 0.547524 0.959592 0.60623
8 0.76627 0.685304 0.0296219 0.123003
8 0.775624 0.684904 0.034299 0.125399
8 0.325645 0.659744 0.0413147 0.140575
8 0.639988 0.658946 0.0327399 0.13099
8 0.748341 0.679712 0.0483304 0.138978
25 0.497725 0.547524 0.959592 0.60623
1 0.490319 0.545527 0.971284 0.602236
8 0.625956 0.657348 0.0311809 0.138978
8 0.754577 0.681709 0.0296218 0.134984
8 0.188693 0.683706 0.0661619 0.164537
8 0.769388 0.679712 0.0452123 0.140575
9 0.499674 0.541534 0.947899 0.599042
8 0.77504 0.682109 0.027673 0.121406
8 0.499674 0.549121 0.949458 0.598243
8 0.763152 0.68131 0.0265038 0.123003
8 0.202871 0.670927 0.026114 0.156549
8 0.639988 0.655751 0.0202676 0.118211
8 0.327009 0.65655 0.0296218 0.124601
8 0.217487 0.66853 0.0229959 0.158147
8 0.65285 0.655351 0.0233856 0.126997
8 0.760813 0.662141 0.0327399 0.166134
8 0.638429 0.64377 0.0296219 0.154952
8 0.800569 0.682508 0.0545665 0.130192
8 0.339872 0.650958 0.0233857 0.134185
8 0.746782 0.662939 0.0381966 0.166134
8 0.771727 0.659744 0.0358581 0.172524
8 0.650901 0.63738 0.0327399 0.169329
8 0.317265 0.657348 0.0323502 0.13099
8 0.178949 0.686102 0.051351 0.167732
8 0.628295 0.654553 0.0210471 0.122204
8 0.75068 0.673722 0.0280628 0.139776
8 0.622838 0.651358 0.035858 0.133387
8 0.654799 0.670927 0.0280628 0.135783
8 0.641547 0.672923 0.0210472 0.114217
8 0.777183 0.720647 0.037417 0.0634984
8 0.228205 0.656949 0.0284526 0.197284
9 0.498894 0.865016 0.972843 0.269968
8 0.827852 0.665335 0.124724 0.166134
8 0.196829 0.730032 0.0452123 0.0750799
6 0.499674 0.549121 0.949458 0.598243
8 0.217876 0.713259 0.0288423 0.0990416
8 0.185331 0.670927 0.0467713 0.166134
8 0.763542 0.72524 0.0381966 0.0527157
8 0.325061 0.672923 0.0350785 0.111022
8 0.66883 0.648562 0.0654798 0.15016
8 0.665712 0.661741 0.0280627 0.133387
8 0.338702 0.664137 0.0315707 0.130192
8 0.625177 0.670128 0.0241652 0.126198
8 0.752239 0.667732 0.071716 0.148562
8 0.765491 0.661342 0.0795112 0.162939
8 0.661814 0.633387 0.208912 0.15016
0 0.756916 0.675719 0.455241 0.261981
8 0.498894 0.865016 0.972843 0.269968
8 0.649342 0.631789 0.159022 0.115016
8 0.350395 0.629792 0.0233857 0.1877
8 0.173639 0.735623 0.0666491 0.0814697
8 0.353123 0.638179 0.0210471 0.0894568
8 0.167305 0.702875 0.0598283 0.161342
25 0.756916 0.675719 0.455241 0.261981
8 0.314927 0.634984 0.0459918 0.13099
9 0.486422 0.554313 0.972843 0.600639
8 0.763932 0.6877 0.0249447 0.111821
8 0.774845 0.686901 0.0311809 0.113419
8 0.328958 0.663738 0.0304014 0.110224
8 0.638429 0.662939 0.0280628 0.102236
8 0.75068 0.685304 0.0233856 0.118211
8 0.748731 0.679712 0.0662594 0.132588
8 0.762373 0.679313 0.0405351 0.128594
8 0.31785 0.664537 0.027673 0.115016
8 0.654019 0.662939 0.0514485 0.111821
8 0.199947 0.686102 0.045602 0.116613
8 0.773286 0.678914 0.0467713 0.13099
8 0.336754 0.664537 0.0339092 0.110224
8 0.798036 0.688099 0.0689877 0.120607
8 0.636869 0.654553 0.0483303 0.128594
8 0.627515 0.662141 0.0202676 0.105431
8 0.214563 0.686502 0.0409249 0.11901
8 0.648952 0.654952 0.0779522 0.132588
8 0.789656 0.67492 0.187085 0.13738
8 0.62011 0.65655 0.0413147 0.126198
8 0.208132 0.678914 0.0459918 0.13099
8 0.81538 0.680911 0.168377 0.133387
8 0.311809 0.658946 0.0452123 0.127796
8 0.182993 0.6877 0.0584642 0.115016
8 0.638429 0.678514 0.0335195 0.0982428
8 0.649732 0.645367 0.143432 0.15016
8 0.761593 0.680511 0.138755 0.134185
8 0.209691 0.678914 0.0756136 0.134185
3 0.491099 0.550719 0.97908 0.603035
8 0.623618 0.673323 0.0265038 0.108626
8 0.294659 0.665336 0.0467713 0.124601
8 0.73431 0.689297 0.0405351 0.115016
8 0.327009 0.682907 0.0381966 0.0910543
8 0.337143 0.65655 0.0420942 0.129393
8 0.276341 0.662141 0.113031 0.127796
8 0.65285 0.679712 0.0491099 0.0958466
8 0.319994 0.688498 0.0350785 0.0798722
9 0.497725 0.550719 0.944001 0.601438
8 0.493827 0.551817 0.964269 0.600839
8 0.657137 0.644169 0.0327399 0.139776
8 0.624787 0.651757 0.0327399 0.126198
8 0.654799 0.664137 0.0327399 0.0950479
1 0.493048 0.551118 0.965828 0.600639
8 0.642716 0.650958 0.0249447 0.129393
8 0.627515 0.638179 0.0888655 0.145367
8 0.642326 0.664936 0.0218267 0.0886581
8 0.774845 0.686102 0.0296219 0.107029
8 0.328374 0.662939 0.0265037 0.0974441
8 0.796672 0.684505 0.0561256 0.119808
8 0.756136 0.671725 0.0249447 0.14377
8 0.338313 0.666534 0.0257242 0.0950479
8 0.656358 0.63099 0.110692 0.175719
8 0.629464 0.664537 0.017929 0.0926517
8 0.667271 0.635783 0.0483304 0.15016
8 0.215538 0.678914 0.0319604 0.124601
34 0.108914 0.648562 0.179729 0.0734825
8 0.201896 0.689297 0.0335194 0.100639
25 0.493048 0.551118 0.965828 0.600639
8 0.607248 0.636581 0.0623618 0.105431
8 0.10716 0.66893 0.162969 0.0966453
8 0.776404 0.666933 0.0296219 0.148562
8 0.664153 0.651358 0.034299 0.122204
9 0.494217 0.552316 0.972844 0.604633
8 0.492658 0.550419 0.972843 0.605232
8 0.777963 0.685703 0.0249447 0.109425
8 0.764711 0.688498 0.0218267 0.100639
9 0.490319 0.555811 0.968166 0.607228
8 0.492658 0.555212 0.975962 0.603634
0 0.755357 0.630192 0.445887 0.242812
8 0.777963 0.68131 0.0280628 0.118211
8 0.641547 0.657348 0.0296219 0.124601
8 0.327204 0.654153 0.0304013 0.127796
8 0.762373 0.680112 0.0280628 0.122204
8 0.623618 0.651757 0.0350785 0.142173
8 0.655578 0.657348 0.0381966 0.126198
8 0.314927 0.658147 0.0319604 0.13099
8 0.614653 0.646166 0.0608027 0.15655
8 0.74951 0.677316 0.0288423 0.132588
0 0.753798 0.701278 0.445887 0.292332
8 0.343379 0.654153 0.0272833 0.124601
8 0.201117 0.669728 0.0350785 0.141374
8 0.32584 0.648962 0.0381966 0.149361
8 0.219435 0.672125 0.0257242 0.133387
8 0.793553 0.680511 0.037417 0.124601
8 0.755357 0.630192 0.445887 0.242812
8 0.181288 0.675319 0.0552486 0.142971
8 0.745223 0.575879 0.461477 0.34984
8 0.777183 0.675319 0.035858 0.136581
8 0.634921 0.646965 0.0498894 0.15016
8 0.313758 0.651757 0.0452123 0.146965
8 0.65207 0.643371 0.0467713 0.160543
25 0.490319 0.555811 0.968166 0.607228
8 0.643885 0.673323 0.0452122 0.174121
8 0.498115 0.548622 0.985316 0.599241
9 0.499674 0.551917 0.986875 0.595847
1 0.499674 0.551917 0.986875 0.595847
18 0.29388 0.817891 0.0545665 0.0702875
6 0.491878 0.55022 0.951017 0.605631
0 0.757306 0.654952 0.443548 0.316294
25 0.491878 0.55022 0.951017 0.605631
8 0.777183 0.679313 0.0265038 0.126997
0 0.491878 0.55022 0.951017 0.605631
8 0.762373 0.679712 0.0280628 0.127796
33 0.499674 0.551917 0.986875 0.595847
8 0.641936 0.661741 0.0241652 0.109425
8 0.654409 0.658946 0.0280628 0.121406
8 0.791994 0.682109 0.0327399 0.127796
8 0.491878 0.553115 0.980639 0.598243
9 0.498894 0.553614 0.960371 0.597244
0 0.220994 0.682508 0.426399 0.245208
6 0.498894 0.553614 0.960371 0.597244
8 0.220994 0.682508 0.426399 0.245208
6 0.2779 0.701278 0.540209 0.269968
8 0.2779 0.701278 0.540209 0.269968
9 0.491878 0.549521 0.969725 0.600639
8 0.501233 0.553415 0.949458 0.596046
6 0.501233 0.553415 0.949458 0.596046
0 0.501233 0.553415 0.949458 0.596046
8 0.327399 0.654553 0.0226062 0.125399
8 0.327789 0.642572 0.0280628 0.157348
8 0.339092 0.649361 0.019488 0.134185
8 0.215928 0.673323 0.0218266 0.132588
8 0.313173 0.654153 0.0335195 0.13738
8 0.201506 0.675319 0.026114 0.130192
8 0.341626 0.642173 0.0198778 0.154952
8 0.314147 0.660144 0.0233857 0.120607
8 0.790435 0.665336 0.0265037 0.164537
8 0.777963 0.676518 0.0218266 0.126198
8 0.654019 0.63738 0.0187085 0.169329
8 0.779522 0.661342 0.0202676 0.167732
8 0.7499 0.667332 0.0311809 0.155751
8 0.640377 0.655351 0.0187085 0.11901
8 0.65168 0.655751 0.0187085 0.121406
8 0.626346 0.654952 0.0272833 0.13099
8 0.357995 0.634185 0.042484 0.118211
8 0.639988 0.635783 0.0233857 0.169329
8 0.763932 0.665336 0.0249447 0.158147
8 0.765101 0.677316 0.0210472 0.124601
8 0.627515 0.658147 0.0202676 0.115016
8 0.354488 0.638978 0.0257242 0.135783
9 0.48954 0.553115 0.963489 0.607827
8 0.48915 0.553115 0.9783 0.59984
8 0.788876 0.67492 0.0218266 0.140575
8 0.659476 0.625 0.0241652 0.144569
6 0.48915 0.553115 0.9783 0.59984
8 0.671948 0.629393 0.0218266 0.104633
8 0.654409 0.633387 0.0155904 0.164537
8 0.31025 0.654153 0.0257242 0.111821
8 0.807585 0.676518 0.0467713 0.146965
8 0.315317 0.657348 0.0257242 0.119808
8 0.777183 0.672125 0.0202676 0.133387
25 0.965048 0.630192 0.0218266 0.115016
8 0.214758 0.666134 0.0202676 0.151757
8 0.341431 0.638978 0.0171495 0.156549
9 0.48876 0.549421 0.971284 0.607228
8 0.487981 0.549421 0.963489 0.608826
8 0.754577 0.898562 0.0514485 0.0287539
8 0.746782 0.896965 0.0498893 0.0383387
8 0.493827 0.553514 0.976741 0.607029
9 0.495776 0.553115 0.955694 0.603035
8 0.294075 0.817891 0.0592437 0.0766773
8 0.724566 0.664936 0.519941 0.39377
9 0.491878 0.547524 0.955694 0.607827
6 0.497335 0.548822 0.951017 0.610024
8 0.491878 0.547524 0.955694 0.607827
9 0.486422 0.547224 0.972843 0.605232
8 0.495776 0.54992 0.966607 0.609425
6 0.965828 0.625799 0.0171495 0.107827
26 0.305573 0.81869 0.0834088 0.0766773
11 0.299531 0.819489 0.0756136 0.0766773
9 0.484863 0.552017 0.969725 0.602037
0 0.757306 0.644569 0.432635 0.210863
8 0.492268 0.554313 0.970505 0.607029
8 0.756916 0.645767 0.434973 0.210064
0 0.492268 0.555511 0.973623 0.607827
8 0.784394 0.686102 0.0432634 0.124601
9 0.486032 0.555012 0.970505 0.620008
8 0.492658 0.549521 0.96193 0.626198
8 0.315317 0.640176 0.0249447 0.166933
6 0.492658 0.549521 0.96193 0.626198
8 0.329738 0.653355 0.0245549 0.140575
8 0.797451 0.665735 0.0389761 0.170128
8 0.781081 0.676518 0.037417 0.145367
8 0.205599 0.680911 0.026114 0.171725
8 0.341041 0.652556 0.0218266 0.14377
8 0.217097 0.671725 0.0233857 0.151757
8 0.774845 0.661342 0.0420942 0.175719
8 0.184747 0.6873 0.0428737 0.1877
8 0.806026 0.664537 0.0530075 0.169329
8 0.304793 0.65016 0.0241652 0.138978
8 0.785758 0.659744 0.0452123 0.178914
8 0.654799 0.653355 0.0272833 0.148562
8 0.679743 0.647764 0.0491099 0.116613
8 0.653239 0.633786 0.0327399 0.186102
8 0.76627 0.674121 0.037417 0.148562
8 0.642326 0.648562 0.0296219 0.154952
25 0.492658 0.549521 0.96193 0.626198
8 0.755747 0.619808 0.44043 0.257188
0 0.755747 0.619808 0.44043 0.257188
8 0.343769 0.635783 0.0187085 0.177316
8 0.627125 0.649361 0.0280628 0.145367
8 0.188644 0.646166 0.0366375 0.104633
8 0.356242 0.618211 0.0311809 0.127796
8 0.304793 0.666933 0.0210471 0.134185
8 0.757695 0.663339 0.0514485 0.171725
8 0.665322 0.638578 0.0436533 0.176518
8 0.75029 0.670927 0.035858 0.156549
8 0.205014 0.651358 0.0210471 0.139776
9 0.492658 0.549521 0.972843 0.611821
8 0.498115 0.55022 0.974402 0.600839
7 0.963489 0.917732 0.0623617 0.0255591
7 0.965048 0.902556 0.0592436 0.0239616
0 0.757695 0.663738 0.444328 0.234824
8 0.708196 0.638179 0.13018 0.086262
8 0.289787 0.646965 0.0740546 0.148562
8 0.86371 0.776358 0.0452123 0.0319489
8 0.757695 0.663738 0.444328 0.234824
8 0.96271 0.920128 0.0670388 0.0351438
7 0.965048 0.896965 0.0592436 0.0271565
8 0.963489 0.917732 0.0623617 0.0255591
8 0.70157 0.653355 0.109133 0.129393
8 0.354293 0.640575 0.0561256 0.166134
8 0.315512 0.640575 0.0393659 0.174121
7 0.96271 0.920128 0.0670388 0.0351438
8 0.663763 0.642173 0.118487 0.172524
8 0.359165 0.627396 0.0557358 0.107827
6 0.48915 0.550319 0.9783 0.600639
8 0.966607 0.903355 0.0592436 0.0255591
8 0.788876 0.662939 0.185526 0.174121
8 0.143432 0.671725 0.101338 0.170927
8 0.116953 0.668131 0.159364 0.162141
8 0.848899 0.779553 0.0732751 0.0415335
8 0.592437 0.642173 0.110692 0.166134
8 0.965048 0.886581 0.0576846 0.0415335
8 0.678964 0.655351 0.127842 0.144569
8 0.647393 0.633387 0.0904246 0.188498
7 0.854356 0.790735 0.0592436 0.0287539
8 0.303039 0.648562 0.0385863 0.15655
8 0.683641 0.64976 0.0873065 0.130192
7 0.843443 0.796326 0.0670389 0.028754
17 0.840325 0.266374 0.0841884 0.091853
8 0.869947 0.755591 0.0685979 0.0415336
9 0.488371 0.547524 0.976741 0.607827
8 0.488371 0.547524 0.976741 0.607827
0 0.760424 0.672923 0.446666 0.270767
8 0.588149 0.624601 0.0951017 0.113419
8 0.667271 0.634585 0.0327399 0.114217
8 0.779327 0.683307 0.0222164 0.134984
8 0.790435 0.683706 0.0218266 0.138978
8 0.661035 0.628994 0.035858 0.155751
8 0.623618 0.639377 0.0311809 0.165335
8 0.754577 0.676518 0.0202676 0.145367
0 0.760034 0.609026 0.450564 0.377796
8 0.760034 0.609026 0.450564 0.377796
8 0.790435 0.672524 0.0171495 0.158147
8 0.76705 0.680911 0.0233856 0.139776
8 0.760424 0.672923 0.446666 0.270767
9 0.48915 0.555112 0.976741 0.618211
8 0.48876 0.551518 0.969725 0.609425
8 0.656747 0.640575 0.0241652 0.169329
8 0.755357 0.67492 0.0241652 0.140575
8 0.765491 0.677316 0.0280628 0.138978
8 0.779522 0.6877 0.0249447 0.119808
8 0.774065 0.678514 0.0265037 0.138179
8 0.660645 0.640575 0.0428737 0.172524
8 0.317655 0.65016 0.0268935 0.135783
8 0.791215 0.675719 0.0202676 0.148562
8 0.641157 0.638179 0.0257243 0.172524
8 0.626736 0.646965 0.0249447 0.15016
8 0.671558 0.650958 0.0413146 0.15016
8 0.669609 0.652556 0.0233856 0.15016
8 0.792774 0.690096 0.0265037 0.121406
8 0.327789 0.646166 0.0327399 0.15655
8 0.203455 0.663339 0.037417 0.173323
8 0.6205 0.646166 0.0265038 0.134185
25 0.48876 0.551518 0.969725 0.609425
8 0.310445 0.652556 0.0241652 0.113419
8 0.190983 0.669329 0.0448225 0.175719
1 0.642326 0.709265 0.431855 0.289137
8 0.357995 0.640575 0.0272833 0.169329
8 0.760813 0.674121 0.0452122 0.146965
8 0.772506 0.674521 0.0436533 0.147764
1 0.48876 0.551518 0.969725 0.609425
8 0.343574 0.641374 0.0249447 0.167732
8 0.643885 0.657348 0.0233857 0.135783
8 0.744833 0.679712 0.0171495 0.127796
8 0.318824 0.660543 0.0218266 0.127796
9 0.486422 0.551218 0.972843 0.603634
8 0.498894 0.550719 0.97908 0.609425
8 0.653239 0.646166 0.0592436 0.159744
8 0.61972 0.648562 0.0374171 0.119808
8 0.669609 0.654553 0.037417 0.128594
8 0.624397 0.646965 0.037417 0.154952
8 0.731971 0.584665 0.478627 0.389776
9 0.495776 0.553115 0.972843 0.61262
8 0.493437 0.552716 0.971284 0.610224
1 0.493437 0.552716 0.971284 0.610224
8 0.6205 0.649361 0.0491099 0.151757
8 0.643495 0.646965 0.0670389 0.15655
8 0.629854 0.644169 0.0623618 0.163738
8 0.657137 0.645367 0.0935427 0.158147
8 0.754577 0.670927 0.0327399 0.15016
8 0.318045 0.653355 0.0280628 0.132588
25 0.493437 0.552716 0.971284 0.610224
8 0.79979 0.667732 0.0452122 0.161342
8 0.673117 0.65016 0.0631413 0.123003
8 0.763932 0.66853 0.0405351 0.158147
8 0.311809 0.653754 0.0265037 0.122204
8 0.826293 0.675319 0.0997788 0.149361
8 0.191568 0.675319 0.0420942 0.147764
6 0.493437 0.552716 0.971284 0.610224
8 0.776404 0.669329 0.0389761 0.15655
8 0.786538 0.666134 0.132519 0.148562
8 0.664153 0.656949 0.0389761 0.138179
8 0.76705 0.679712 0.0311809 0.13738
8 0.780302 0.678914 0.0280628 0.138978
9 0.500843 0.554313 0.990772 0.613419
8 0.493437 0.555012 0.965048 0.613618
9 0.494217 0.558307 0.954135 0.603834
8 0.494217 0.565395 0.975962 0.576877
6 0.494217 0.565395 0.975962 0.576877
8 0.791994 0.661741 0.0280627 0.16853
9 0.499674 0.553614 0.989993 0.614816
8 0.792774 0.658946 0.0389761 0.180511
8 0.808364 0.666933 0.0561256 0.164537
8 0.857474 0.667332 0.177731 0.10623
8 0.779327 0.672125 0.0315707 0.152556
8 0.141191 0.749201 0.065285 0.0734824
8 0.777183 0.658946 0.0405351 0.182109
8 0.496166 0.553415 0.956473 0.608826
8 0.849679 0.666933 0.118487 0.111821
8 0.123554 0.698083 0.13018 0.174121
25 0.965828 0.629393 0.0171495 0.110224
9 0.495776 0.553614 0.97908 0.614816
8 0.491878 0.553514 0.958812 0.603834
23 0.285744 1 0.26572 0
23 0.343379 1 0.286085 0
13 0.235611 1 0.253345 0
23 0.235611 1 0.253345 0
13 0.285744 1 0.26572 0
1 0.491878 0.559505 0.971284 0.591853
5 0.491878 0.559505 0.971284 0.591853
13 0.726125 1 0.248668 0
13 0.343379 1 0.286085 0
13 0.564374 1 0.314927 0
23 0.396387 1 0.307911 0
9 0.494217 0.553514 0.975962 0.603834
7 0.965048 0.897764 0.0561256 0.0191693
8 0.494996 0.553614 0.969725 0.598842
8 0.111569 0.664936 0.176757 0.0934505
8 0.824539 0.672524 0.159412 0.162939
8 0.788876 0.670128 0.118487 0.166134
7 0.0330444 0.897764 0.0379773 0.0191693
9 0.503961 0.553914 0.986095 0.614217
8 0.493437 0.551118 0.972843 0.607029
1 0.493437 0.551118 0.972843 0.607029
8 0.802128 0.666534 0.0966608 0.171725
8 0.779327 0.668131 0.0721058 0.166933
8 0.645444 0.642173 0.0888655 0.177316
8 0.653629 0.656949 0.0763932 0.146166
3 0.493437 0.551118 0.972843 0.607029
25 0.493437 0.551118 0.972843 0.607029
9 0.501233 0.555212 0.977521 0.600439
8 0.498115 0.55022 0.952576 0.605631
13 0.27712 1 0.419383 0
8 0.754188 0.678115 0.0491099 0.142173
6 0.498115 0.55022 0.952576 0.605631
8 0.806026 0.67492 0.116928 0.154952
8 0.772506 0.673722 0.0748342 0.155751
13 0.357216 1 0.451733 0
17 0.760813 0.25 0.0904245 0.120607
23 0.264648 1 0.420162 0
9 0.493437 0.547524 0.971284 0.611022
8 0.48954 0.546326 0.963489 0.613419
8 0.818693 0.675319 0.118098 0.150958
8 0.78264 0.674521 0.0545665 0.150958
8 0.798036 0.673323 0.0533973 0.158147
8 0.754577 0.676917 0.0280627 0.136581
8 0.76627 0.674121 0.0452122 0.15016
8 0.644665 0.645367 0.0779522 0.164537
8 0.781081 0.67492 0.037417 0.153355
8 0.798425 0.669728 0.102507 0.144569
8 0.746003 0.683307 0.0233857 0.11901
8 0.627125 0.65016 0.0335195 0.146965
8 0.768609 0.677716 0.0327399 0.149361
9 0.492658 0.550419 0.968166 0.610024
8 0.763932 0.678115 0.0467713 0.146965
8 0.491099 0.549621 0.966607 0.608427
8 0.78264 0.676518 0.037417 0.153355
8 0.796672 0.677316 0.0498894 0.153355
8 0.770947 0.67492 0.0389762 0.156549
8 0.756526 0.67492 0.0335195 0.158147
8 0.356631 0.644569 0.0514485 0.135783
8 0.822396 0.679712 0.110692 0.148562
8 0.650121 0.654153 0.0795113 0.15016
8 0.168961 0.702875 0.0346887 0.140575
8 0.667271 0.658147 0.0420942 0.13738
8 0.306157 0.673722 0.0171495 0.114217
8 0.145966 0.6877 0.070157 0.191693
8 0.149376 0.753994 0.0471611 0.057508
8 0.220215 0.670927 0.0327399 0.158147
8 0.160094 0.750799 0.04073 0.057508
8 0.749121 0.681709 0.0335195 0.141374
8 0.180654 0.682109 0.0284526 0.127796
8 0.179485 0.702476 0.0284526 0.136581
8 0.2284 0.67492 0.0335195 0.142173
8 0.61933 0.634984 0.034299 0.108626
8 0.612315 0.628594 0.0491099 0.0974441
8 0.206184 0.665335 0.0327399 0.175719
8 0.6357 0.653355 0.0826293 0.14377
8 0.657527 0.656949 0.0405351 0.146166
8 0.162823 0.673323 0.0516433 0.118211
8 0.308301 0.656949 0.0327399 0.136581
8 0.19605 0.671326 0.0311809 0.160543
8 0.151422 0.763578 0.0364427 0.0383386
8 0.491099 0.54992 0.965048 0.609425
9 0.490319 0.550719 0.958812 0.614217
6 0.491099 0.54992 0.965048 0.609425
9 0.492658 0.542732 0.97908 0.591853
8 0.494217 0.54992 0.954135 0.590256
8 0.760813 0.686102 0.037417 0.13099
8 0.773286 0.673323 0.0841884 0.158147
8 0.646224 0.642572 0.0857474 0.171725
6 0.494217 0.54992 0.954135 0.590256
8 0.804662 0.667332 0.14616 0.170128
9 0.495776 0.548822 0.952576 0.602037
8 0.497335 0.549421 0.954135 0.600839
8 0.156294 0.680112 0.0666491 0.11262
8 0.175733 0.699281 0.0445302 0.0950479
8 0.756136 0.672524 0.0389762 0.156549
9 0.494607 0.550319 0.973623 0.603834
8 0.498894 0.551118 0.97908 0.602236
8 0.756136 0.678115 0.0452123 0.151757
8 0.153761 0.753994 0.0333246 0.057508
8 0.360529 0.653355 0.0288423 0.15016
8 0.156879 0.690895 0.0397556 0.178914
8 0.169351 0.698882 0.0315706 0.159744
8 0.787317 0.65615 0.0997788 0.194089
8 0.81616 0.658946 0.118487 0.190096
8 0.649342 0.636581 0.0732751 0.186901
0 0.727294 0.654153 0.459918 0.290735
8 0.164284 0.746006 0.0327399 0.0670927
9 0.490709 0.547125 0.972064 0.602236
8 0.493437 0.547125 0.958812 0.599042
8 0.814601 0.673722 0.110692 0.158946
9 0.496556 0.550319 0.977521 0.605431
8 0.495776 0.551218 0.975962 0.597244
1 0.48876 0.546725 0.969725 0.601438
6 0.495776 0.551218 0.975962 0.597244
0 0.748341 0.642971 0.399115 0.313099
9 0.494217 0.551118 0.975962 0.607029
8 0.497335 0.549621 0.957253 0.606829
6 0.497335 0.549621 0.957253 0.606829
9 0.496556 0.551518 0.980639 0.607827
8 0.491878 0.551218 0.980639 0.602037
6 0.491878 0.551218 0.980639 0.602037
9 0.492268 0.552716 0.976741 0.611821
8 0.495776 0.55022 0.960371 0.607228
6 0.495776 0.551218 0.97908 0.608427
9 0.500453 0.553115 0.991552 0.61262
8 0.497335 0.551118 0.97908 0.608626
9 0.498504 0.552017 0.997009 0.610024
8 0.48876 0.549121 0.977521 0.607827
6 0.966607 0.63099 0.0187085 0.115016
9 0.486422 0.551817 0.971284 0.608826
8 0.487981 0.551118 0.969725 0.603834
8 0.756916 0.688498 0.0296218 0.124601
8 0.61972 0.67492 0.0265037 0.107029
8 0.153468 0.753994 0.0288423 0.0543131
8 0.76705 0.684505 0.034299 0.13099
9 0.498894 0.54992 0.983757 0.60623
8 0.491099 0.551118 0.966607 0.605431
8 0.618161 0.675719 0.0296218 0.108626
8 0.626736 0.663738 0.037417 0.129393
8 0.756916 0.6877 0.034299 0.127796
26 0.177341 0.238419 0.0740546 0.111022
8 0.803687 0.680511 0.135637 0.142172
8 0.765101 0.683307 0.0413146 0.134984
9 0.491878 0.54992 0.977521 0.603035
8 0.494996 0.550719 0.96193 0.604633
8 0.665322 0.670128 0.0311809 0.127796
6 0.494996 0.550719 0.96193 0.604633
9 0.494217 0.551817 0.975962 0.608826
8 0.494996 0.551018 0.977521 0.608826
8 0.654019 0.672524 0.0304014 0.118211
8 0.664153 0.679712 0.0296219 0.105431
8 0.626736 0.667732 0.0272833 0.123003
8 0.665322 0.666933 0.0350785 0.119808
8 0.641547 0.66853 0.0296219 0.126198
8 0.648952 0.660543 0.0436533 0.138978
8 0.754577 0.689696 0.0265037 0.126997
8 0.61894 0.678115 0.0280627 0.102236
8 0.814601 0.675719 0.116928 0.154952
8 0.76705 0.688498 0.0296219 0.127796
9 0.492658 0.54992 0.968166 0.601438
8 0.496166 0.549421 0.953355 0.607228
6 0.496166 0.549421 0.953355 0.607228
9 0.494217 0.551118 0.968166 0.610224
8 0.493827 0.548023 0.958033 0.611621
0 0.761983 0.679712 0.434194 0.28754
9 0.494607 0.548622 0.9783 0.602436
8 0.491099 0.548622 0.975962 0.604034
22 0.192932 0.121605 0.371832 0.243211
9 0.495776 0.551118 0.97908 0.607029
8 0.498115 0.551018 0.980639 0.605631
25 0.966607 0.631789 0.0155904 0.116613
8 0.753408 0.672524 0.0311808 0.158147
9 0.496556 0.549521 0.983757 0.603834
3 0.493048 0.551018 0.981418 0.605631
8 0.131544 0.666134 0.096271 0.0942492
8 0.493048 0.551018 0.981418 0.605631
26 0.829411 0.302816 0.109133 0.191494
9 0.497335 0.548822 0.975962 0.602037
8 0.493827 0.550319 0.961151 0.610224
3 0.493827 0.550319 0.961151 0.610224
22 0.220215 0.114317 0.437312 0.228634
8 0.751459 0.677716 0.0296219 0.147764
9 0.493827 0.549521 0.954914 0.602236
8 0.75068 0.679712 0.0311809 0.142173
8 0.742495 0.683706 0.0304014 0.132588
9 0.48915 0.546725 0.964269 0.609425
8 0.491099 0.547025 0.963489 0.610423
8 0.751069 0.674521 0.0304014 0.150958
9 0.491878 0.546725 0.96193 0.60623
8 0.666491 0.664537 0.0233856 0.13099
8 0.740936 0.683706 0.0304014 0.135783
8 0.753018 0.677316 0.0265037 0.15016
8 0.65246 0.657748 0.0311808 0.141374
8 0.798231 0.679712 0.0452122 0.145367
3 0.496556 0.547923 0.980639 0.605431
9 0.494996 0.547823 0.980639 0.604034
3 0.495386 0.548722 0.979859 0.607029
8 0.306742 0.663339 0.019488 0.125399
9 0.48876 0.547823 0.966607 0.607228
8 0.490319 0.548722 0.965048 0.608626
8 0.305573 0.663738 0.017929 0.129393
8 0.151909 0.751597 0.0216317 0.0367412
9 0.497335 0.547823 0.975962 0.604034
8 0.495776 0.547125 0.954135 0.607029
1 0.495776 0.547125 0.954135 0.607029
3 0.497335 0.548323 0.972843 0.604633
8 0.305378 0.671725 0.0167597 0.110224
7 0.497335 0.548323 0.972843 0.604633
6 0.495776 0.547125 0.954135 0.605431
9 0.494996 0.547125 0.980639 0.599042
8 0.496945 0.545927 0.951796 0.59984
3 0.497335 0.549621 0.951017 0.598842
8 0.305573 0.665335 0.0202676 0.132588
6 0.497335 0.549621 0.951017 0.598842
9 0.494217 0.551917 0.975962 0.599042
8 0.493437 0.551118 0.958812 0.603834
3 0.494217 0.554413 0.972844 0.597244
7 0.494217 0.554413 0.972844 0.597244
1 0.494217 0.554413 0.972844 0.597244
9 0.491878 0.555112 0.974402 0.602236
8 0.492658 0.557408 0.972843 0.592851
8 0.800569 0.667332 0.0514485 0.16853
3 0.492658 0.557408 0.972843 0.592851
8 0.666491 0.665335 0.0280627 0.132588
8 0.748341 0.680511 0.0381966 0.140575
8 0.791994 0.678115 0.0296218 0.146965
8 0.742885 0.694489 0.034299 0.114217
8 0.654799 0.662939 0.0296219 0.135783
8 0.754188 0.682907 0.0272832 0.135783
8 0.305962 0.673722 0.0202676 0.115815
7 0.492658 0.557408 0.972843 0.592851
8 0.650901 0.650958 0.0389762 0.15655
9 0.491878 0.551518 0.958812 0.59984
3 0.491878 0.555911 0.977521 0.592652
8 0.491878 0.555911 0.977521 0.592652
7 0.493048 0.55631 0.981418 0.591853
9 0.493437 0.551518 0.980639 0.603035
8 0.751069 0.684105 0.0350785 0.130192
8 0.796672 0.674521 0.037417 0.152556
8 0.66922 0.662141 0.0218266 0.127796
8 0.746003 0.691294 0.0296219 0.117412
8 0.493048 0.555511 0.9783 0.596645
8 0.761203 0.67492 0.0366375 0.15016
8 0.778158 0.668131 0.0339092 0.165335
3 0.492658 0.555911 0.982198 0.597444
6 0.493048 0.555511 0.9783 0.596645
8 0.65246 0.64377 0.035858 0.167732
9 0.494996 0.553914 0.980639 0.595048
9 0.494996 0.552815 0.975962 0.605232
8 0.746782 0.690096 0.0452122 0.124601
8 0.666491 0.666134 0.037417 0.140575
8 0.73431 0.699281 0.0436533 0.109425
8 0.808949 0.678914 0.0970504 0.146965
9 0.491489 0.552316 0.968946 0.601438
3 0.493437 0.555811 0.96193 0.592851
8 0.748341 0.686502 0.0420942 0.131789
6 0.493437 0.555811 0.96193 0.592851
8 0.73431 0.696486 0.0436533 0.115016
9 0.490319 0.551018 0.965048 0.600839
3 0.493437 0.555212 0.96193 0.595647
6 0.493437 0.555212 0.96193 0.595647
9 0.495386 0.548722 0.975182 0.605431
9 0.496945 0.548722 0.973623 0.610224
9 0.494996 0.550319 0.974403 0.611821
15 0.106989 0.319089 0.0565153 0.162141
9 0.494217 0.553115 0.980639 0.607827
9 0.492658 0.551917 0.977521 0.607029
6 0.494217 0.554213 0.975962 0.600839
8 0.494217 0.554213 0.975962 0.600839
3 0.494217 0.554213 0.975962 0.600839
9 0.495386 0.548822 0.976741 0.608427
9 0.493827 0.548722 0.975182 0.608626
6 0.492658 0.548023 0.966607 0.611621
32 0.493827 0.549121 0.975182 0.611022
9 0.493827 0.547524 0.972064 0.604633
3 0.493827 0.547823 0.967387 0.607228
9 0.498894 0.549121 0.983757 0.59984
8 0.744444 0.6873 0.0296219 0.123802
9 0.501233 0.555012 0.982198 0.594449
8 0.751459 0.680511 0.0296219 0.138978
8 0.744444 0.6877 0.0288423 0.123003
9 0.495776 0.549621 0.97908 0.603634
3 0.498115 0.551917 0.977521 0.600639
9 0.495386 0.551018 0.973623 0.602436
3 0.495386 0.551018 0.973623 0.602436
9 0.494996 0.548722 0.975962 0.607029
9 0.494607 0.547923 0.9783 0.610224
9 0.494217 0.548722 0.97908 0.613419
6 0.492658 0.547524 0.972843 0.611022
9 0.492268 0.548622 0.973623 0.615216
6 0.492658 0.547125 0.969725 0.613419
8 0.492658 0.548323 0.974402 0.614217
9 0.494217 0.548323 0.972844 0.615815
9 0.494217 0.548722 0.972844 0.613419
6 0.493827 0.547524 0.968946 0.611022
8 0.493827 0.547524 0.968946 0.611022
32 0.493827 0.547524 0.968946 0.611022
9 0.494217 0.549621 0.974403 0.611621
9 0.495386 0.549621 0.973623 0.613219
9 0.495776 0.54992 0.974403 0.61262
9 0.494996 0.547524 0.968166 0.61262
8 0.492658 0.547524 0.960371 0.61262
9 0.498894 0.550419 0.975962 0.613219
8 0.491878 0.548722 0.96193 0.611821
9 0.499284 0.55022 0.979859 0.612021
8 0.493437 0.548822 0.958812 0.611621
9 0.494996 0.548323 0.968166 0.61262
9 0.494607 0.547524 0.967387 0.611022
9 0.494996 0.547923 0.968166 0.608626
9 0.495776 0.548722 0.966607 0.608626
9 0.494996 0.548722 0.968166 0.608626
9 0.494996 0.547923 0.968166 0.607029
9 0.495386 0.547923 0.968946 0.607029
9 0.494997 0.547923 0.971284 0.605431
9 0.495776 0.547823 0.971284 0.605631
8 0.496166 0.546426 0.968946 0.608427
9 0.496166 0.547823 0.970505 0.605631
9 0.496556 0.546725 0.968166 0.609425
9 0.497335 0.546725 0.969725 0.609425
9 0.494217 0.547923 0.960371 0.607029
9 0.493827 0.547923 0.959592 0.607029
9 0.491878 0.548722 0.96193 0.605431
9 0.491878 0.548323 0.96193 0.60623
9 0.493048 0.548323 0.959592 0.60623
9 0.494217 0.548622 0.957253 0.605631
9 0.494996 0.548622 0.955694 0.605631
9 0.495776 0.548622 0.954135 0.605631
9 0.495776 0.548822 0.954135 0.606829
9 0.495776 0.548822 0.954135 0.606829
9 0.495776 0.548822 0.954135 0.606829
9 0.496556 0.547823 0.969725 0.605631
