33 0.537153 0.494531 0.925694 0.985937
33 0.618056 0.6125 0.758333 0.775
32 0.43125 0.486719 0.826389 0.973437
1 0.518056 0.492188 0.963889 0.984375
33 0.673611 0.495312 0.652778 0.990625
32 0.615451 0.498437 0.769097 0.996875
0 0.43125 0.486719 0.826389 0.973437
7 0.6 0.471094 0.155556 0.0828125
33 0.335764 0.482031 0.671528 0.964062
14 0.310417 0.482422 0.620833 0.964844
32 0.800694 0.455078 0.398611 0.910156
1 0.722743 0.5 0.554514 1
32 0.620833 0.6375 0.744444 0.725
14 0.429861 0.494141 0.804167 0.983594
11 0.335764 0.482031 0.671528 0.964062
1 0.335764 0.482031 0.671528 0.964062
33 0.793056 0.472656 0.413889 0.945312
1 0.800694 0.455078 0.398611 0.910156
33 0.438194 0.558594 0.745833 0.882812
22 0.537153 0.494531 0.925694 0.985937
5 0.599306 0.471484 0.151389 0.0820312
0 0.800694 0.455078 0.398611 0.910156
2 0.335764 0.482031 0.671528 0.964062
32 0.310417 0.482422 0.620833 0.964844
0 0.310417 0.482422 0.620833 0.964844
9 0.335764 0.482031 0.671528 0.964062
0 0.610417 0.494531 0.779167 0.989062
11 0.518056 0.492188 0.963889 0.984375
3 0.43125 0.486719 0.826389 0.973437
33 0.709028 0.674609 0.577778 0.641406
8 0.620833 0.6375 0.744444 0.725
7 0.585069 0.597656 0.807639 0.804688
8 0.537153 0.494531 0.925694 0.985937
14 0.610417 0.494531 0.779167 0.989062
2 0.800694 0.455078 0.398611 0.910156
33 0.5 0.818555 1 0.362891
28 0.602778 0.470312 0.155556 0.0820312
15 0.601562 0.472656 0.152431 0.08125
9 0.759896 0.499219 0.480208 0.998437
2 0.537153 0.494531 0.925694 0.985937
32 0.709028 0.674609 0.577778 0.641406
22 0.618056 0.6125 0.758333 0.775
25 0.335764 0.482031 0.671528 0.964062
14 0.793056 0.472656 0.413889 0.945312
30 0.429861 0.494141 0.804167 0.983594
2 0.722743 0.5 0.554514 1
22 0.335764 0.482031 0.671528 0.964062
18 0.43125 0.486719 0.826389 0.973437
11 0.759896 0.499219 0.480208 0.998437
30 0.610417 0.494531 0.779167 0.989062
9 0.518056 0.492188 0.963889 0.984375
15 0.525694 0.478125 0.948611 0.95625
10 0.43125 0.486719 0.826389 0.973437
8 0.800694 0.455078 0.398611 0.910156
3 0.610417 0.494531 0.779167 0.989062
3 0.310417 0.482422 0.620833 0.964844
7 0.438194 0.558594 0.745833 0.882812
18 0.601389 0.470312 0.156944 0.08125
8 0.722743 0.5 0.554514 1
8 0.335764 0.482031 0.671528 0.964062
19 0.722743 0.5 0.554514 1
28 0.759896 0.499219 0.480208 0.998437
10 0.800694 0.455078 0.398611 0.910156
8 0.709028 0.674609 0.577778 0.641406
16 0.800694 0.455078 0.398611 0.910156
17 0.601389 0.470312 0.156944 0.08125
28 0.518056 0.492188 0.963889 0.984375
28 0.335764 0.482031 0.671528 0.964062
9 0.438194 0.558594 0.745833 0.882812
3 0.759896 0.499219 0.480208 0.998437
9 0.620833 0.6375 0.744444 0.725
10 0.620833 0.6375 0.744444 0.725
30 0.310417 0.482422 0.620833 0.964844
15 0.335764 0.482031 0.671528 0.964062
16 0.3125 0.454687 0.625 0.909375
14 0.601389 0.470312 0.156944 0.08125
27 0.5625 0.499219 0.875 0.998437
32 0.808333 0.199609 0.383333 0.399219
11 0.248958 0.445312 0.497917 0.890625
15 0.793056 0.472656 0.413889 0.945312
12 0.602778 0.470312 0.155556 0.0820312
9 0.248958 0.445312 0.497917 0.890625
7 0.310417 0.482422 0.620833 0.964844
33 0.470486 0.644531 0.925694 0.707812
30 0.800694 0.455078 0.398611 0.910156
31 0.5625 0.499219 0.875 0.998437
29 0.518056 0.492188 0.963889 0.984375
7 0.793056 0.472656 0.413889 0.945312
22 0.800694 0.455078 0.398611 0.910156
25 0.722743 0.5 0.554514 1
25 0.564236 0.497656 0.871528 0.995312
4 0.335764 0.482031 0.671528 0.964062
2 0.618056 0.6125 0.758333 0.775
29 0.618056 0.6125 0.758333 0.775
9 0.709028 0.674609 0.577778 0.641406
19 0.518056 0.492188 0.963889 0.984375
18 0.610417 0.494531 0.779167 0.989062
3 0.620833 0.6375 0.744444 0.725
0 0.601389 0.470312 0.156944 0.08125
33 0.601389 0.470312 0.156944 0.0820312
32 0.476736 0.636816 0.765972 0.726367
18 0.310417 0.482422 0.620833 0.964844
16 0.5125 0.382617 0.975 0.765234
10 0.709028 0.674609 0.577778 0.641406
10 0.722743 0.5 0.554514 1
19 0.335764 0.482031 0.671528 0.964062
10 0.3125 0.454687 0.625 0.909375
28 0.494444 0.818555 0.988889 0.359766
31 0.618056 0.6125 0.758333 0.775
18 0.759896 0.499219 0.480208 0.998437
4 0.809722 0.217969 0.369444 0.434375
32 0.5 0.818555 1 0.362891
32 0.809722 0.301562 0.380556 0.603125
25 0.800694 0.455078 0.398611 0.910156
1 0.618056 0.6125 0.758333 0.775
9 0.811806 0.131348 0.376389 0.262695
22 0.673611 0.495312 0.652778 0.990625
24 0.3125 0.454687 0.625 0.909375
8 0.476736 0.636816 0.765972 0.726367
6 0.518056 0.492188 0.963889 0.984375
16 0.564236 0.497656 0.871528 0.995312
27 0.620833 0.6375 0.744444 0.725
15 0.248958 0.445312 0.497917 0.890625
16 0.722743 0.5 0.554514 1
3 0.709028 0.674609 0.577778 0.641406
9 0.163194 0.137305 0.326389 0.274609
11 0.807639 0.361133 0.384722 0.722266
28 0.208854 0.817969 0.415625 0.353125
9 0.755556 0.118555 0.488889 0.237109
2 0.248958 0.445312 0.497917 0.890625
5 0.43125 0.486719 0.826389 0.973437
13 0.310069 0.49375 0.620139 0.9875
24 0.438194 0.558594 0.745833 0.882812
0 0.662153 0.61709 0.675694 0.76582
21 0.43125 0.486719 0.826389 0.973437
9 0.470486 0.644531 0.925694 0.707812
7 0.477431 0.458594 0.942361 0.917187
4 0.759896 0.499219 0.480208 0.998437
24 0.585069 0.597656 0.807639 0.804688
14 0.220486 0.446094 0.440972 0.890625
14 0.483681 0.627344 0.965972 0.739062
9 0.211111 0.840625 0.422222 0.31875
34 0.250347 0.480469 0.500694 0.960938
6 0.722743 0.5 0.554514 1
15 0.673611 0.495312 0.652778 0.990625
3 0.470486 0.644531 0.925694 0.707812
9 0.204861 0.445312 0.409722 0.848437
29 0.673611 0.495312 0.652778 0.990625
7 0.674305 0.642187 0.648611 0.715625
5 0.5 0.818555 1 0.362891
23 0.248958 0.445312 0.497917 0.890625
9 0.783333 0.492578 0.433333 0.985156
9 0.428125 0.105078 0.85625 0.210156
28 0.807639 0.361133 0.384722 0.722266
0 0.808333 0.199609 0.383333 0.399219
25 0.248958 0.445312 0.497917 0.890625
34 0.793056 0.472656 0.413889 0.945312
9 0.246528 0.136133 0.493056 0.272266
9 0.734722 0.758203 0.530556 0.472656
8 0.208854 0.817969 0.415625 0.353125
29 0.208854 0.817969 0.415625 0.353125
23 0.430556 0.356055 0.840278 0.712109
33 0.804167 0.340039 0.391667 0.680078
23 0.477431 0.458594 0.942361 0.917187
24 0.793056 0.472656 0.413889 0.945312
2 0.438194 0.558594 0.745833 0.882812
9 0.454167 0.823633 0.908333 0.352734
29 0.783507 0.496094 0.432986 0.992188
30 0.620833 0.6375 0.744444 0.725
22 0.709028 0.674609 0.577778 0.641406
27 0.709028 0.674609 0.577778 0.641406
11 0.208854 0.817969 0.415625 0.353125
9 0.580208 0.0931641 0.688194 0.186328
16 0.425 0.5 0.777778 1
9 0.528472 0.928906 0.943056 0.142188
0 0.476736 0.636816 0.765972 0.726367
31 0.709028 0.674609 0.577778 0.641406
31 0.494444 0.814062 0.988889 0.370312
6 0.208333 0.81875 0.413889 0.353125
0 0.5125 0.382617 0.975 0.765234
21 0.722743 0.5 0.554514 1
29 0.438194 0.558594 0.745833 0.882812
9 0.446875 0.230859 0.89375 0.461719
19 0.470486 0.644531 0.925694 0.707812
11 0.390625 0.610937 0.749306 0.778125
21 0.310417 0.482422 0.620833 0.964844
29 0.709028 0.674609 0.577778 0.641406
11 0.5 0.818555 1 0.362891
9 0.807639 0.361133 0.384722 0.722266
11 0.620833 0.6375 0.744444 0.725
8 0.494444 0.818555 0.988889 0.359766
23 0.446875 0.230859 0.89375 0.461719
21 0.601215 0.471094 0.153125 0.0828125
33 0.593056 0.720703 0.797222 0.549219
30 0.208854 0.817969 0.415625 0.353125
9 0.502431 0.282617 0.995139 0.565234
23 0.800694 0.455078 0.398611 0.910156
5 0.610417 0.494531 0.779167 0.989062
9 0.221528 0.88457 0.443056 0.230859
26 0.518056 0.492188 0.963889 0.984375
9 0.5 0.859375 1 0.28125
14 0.208854 0.817969 0.415625 0.353125
19 0.800694 0.455078 0.398611 0.910156
8 0.601389 0.470312 0.156944 0.08125
9 0.955556 0.473828 0.0888889 0.846094
23 0.502431 0.282617 0.995139 0.565234
15 0.809722 0.301562 0.380556 0.603125
29 0.335764 0.482031 0.671528 0.964062
9 0.722049 0.826367 0.555903 0.341016
9 0.527431 0.763672 0.945139 0.467969
19 0.494444 0.814062 0.988889 0.370312
9 0.224132 0.913281 0.448264 0.173438
33 0.808333 0.199609 0.383333 0.399219
3 0.807639 0.361133 0.384722 0.722266
29 0.494444 0.818555 0.988889 0.359766
9 0.847222 0.182812 0.305556 0.365625
9 0.670833 0.304492 0.658333 0.608984
31 0.809722 0.195703 0.380556 0.391406
9 0.221007 0.820898 0.442014 0.358203
5 0.208854 0.817969 0.415625 0.353125
18 0.601215 0.470312 0.147569 0.0828125
4 0.600694 0.470312 0.148611 0.0828125
3 0.600694 0.470312 0.148611 0.0828125
23 0.600694 0.470312 0.148611 0.0828125
12 0.603472 0.471094 0.15 0.084375
14 0.601215 0.470312 0.147569 0.0828125
6 0.600694 0.470312 0.148611 0.0828125
16 0.602083 0.470312 0.147222 0.0828125
17 0.601215 0.470312 0.147569 0.0828125
26 0.601215 0.470312 0.147569 0.0828125
15 0.601215 0.470312 0.147569 0.0828125
3 0.5 0.651562 1 0.696875
33 0.5 0.70625 1 0.5875
21 0.602083 0.470312 0.147222 0.0828125
9 0.5 0.709766 1 0.580469
32 0.604167 0.470312 0.152778 0.0828125
7 0.602083 0.470312 0.147222 0.0828125
4 0.5 0.70625 1 0.5875
9 0.60434 0.459375 0.738542 0.91875
8 0.604167 0.470312 0.152778 0.0828125
5 0.604167 0.470312 0.152778 0.0828125
10 0.602083 0.470312 0.147222 0.0828125
20 0.6 0.470703 0.145833 0.0828125
1 0.5 0.70625 1 0.5875
14 0.5 0.70625 1 0.5875
12 0.5 0.651562 1 0.696875
31 0.5 0.651562 1 0.696875
10 0.5 0.651562 1 0.696875
9 0.445486 0.403906 0.864583 0.807812
25 0.602083 0.470703 0.15 0.0835938
0 0.600694 0.470312 0.148611 0.0828125
24 0.600694 0.470312 0.148611 0.0828125
3 0.5 0.473828 1 0.941406
28 0.603472 0.471094 0.15 0.084375
8 0.5 0.651562 1 0.696875
32 0.5 0.651562 1 0.696875
31 0.5 0.473828 1 0.941406
29 0.699306 0.4625 0.601389 0.925
9 0.600694 0.470312 0.148611 0.0828125
31 0.699306 0.4625 0.601389 0.925
9 0.729688 0.471875 0.540625 0.94375
9 0.5 0.473828 1 0.941406
30 0.5 0.70625 1 0.5875
11 0.602083 0.470312 0.147222 0.0828125
30 0.699306 0.4625 0.601389 0.925
25 0.5 0.651562 1 0.696875
34 0.5 0.651562 1 0.696875
30 0.559375 0.478125 0.88125 0.95625
7 0.599479 0.502344 0.801042 0.989062
5 0.599479 0.502344 0.801042 0.989062
25 0.599479 0.502344 0.801042 0.989062
9 0.599479 0.502344 0.801042 0.989062
1 0.599479 0.502344 0.801042 0.989062
34 0.599479 0.502344 0.801042 0.989062
22 0.599479 0.502344 0.801042 0.989062
30 0.599479 0.502344 0.801042 0.989062
29 0.599479 0.502344 0.801042 0.989062
2 0.599479 0.502344 0.801042 0.989062
4 0.599479 0.502344 0.801042 0.989062
31 0.599479 0.502344 0.801042 0.989062
3 0.656944 0.502344 0.686111 0.992187
6 0.599479 0.502344 0.801042 0.989062
5 0.713368 0.507812 0.573264 0.96875
4 0.206597 0.821094 0.399306 0.346875
9 0.713368 0.507812 0.573264 0.96875
29 0.20816 0.821094 0.401736 0.346875
3 0.20816 0.821094 0.401736 0.346875
30 0.713368 0.507812 0.573264 0.96875
32 0.599479 0.502344 0.801042 0.989062
5 0.206597 0.821094 0.399306 0.346875
5 0.445833 0.505469 0.852778 0.989063
34 0.445833 0.505469 0.852778 0.989063
9 0.445833 0.505469 0.852778 0.989063
29 0.445833 0.505469 0.852778 0.989063
7 0.445833 0.505469 0.852778 0.989063
4 0.373611 0.821875 0.747222 0.346875
3 0.373611 0.821875 0.747222 0.346875
33 0.599479 0.502344 0.801042 0.989062
8 0.599479 0.502344 0.801042 0.989062
25 0.20816 0.821094 0.401736 0.346875
16 0.599479 0.502344 0.801042 0.989062
10 0.599479 0.502344 0.801042 0.989062
1 0.713368 0.507812 0.573264 0.96875
5 0.373611 0.821875 0.747222 0.346875
31 0.20816 0.821094 0.401736 0.346875
4 0.445833 0.505469 0.852778 0.989063
7 0.713368 0.507812 0.573264 0.96875
4 0.134028 0.872656 0.268056 0.251562
24 0.599479 0.502344 0.801042 0.989062
4 0.713368 0.507812 0.573264 0.96875
13 0.599479 0.502344 0.801042 0.989062
34 0.192014 0.819531 0.375694 0.346875
5 0.603472 0.468359 0.151389 0.0859375
7 0.603472 0.468359 0.151389 0.0859375
4 1 0.7375 0 0.525
0 0.603472 0.468359 0.151389 0.0859375
7 0.5 0.562109 1 0.875781
33 0.5 0.562109 1 0.875781
7 0.697222 0.421094 0.605556 0.842187
32 0.5 0.529688 1 0.940625
7 0.725 0.4375 0.55 0.875
0 0.601215 0.471094 0.150347 0.0796875
5 0.601215 0.471094 0.150347 0.0796875
7 0.601215 0.471094 0.150347 0.0796875
32 0.5 0.446191 1 0.754492
7 0.5 0.446191 1 0.754492
2 0.5 0.446191 1 0.754492
25 0.601215 0.471094 0.150347 0.0796875
32 0.601215 0.471094 0.150347 0.0796875
14 0.601215 0.471094 0.150347 0.0796875
33 0.601389 0.478906 0.147222 0.1
1 0.5 0.446191 1 0.754492
30 0.5 0.446191 1 0.754492
33 0.5 0.446191 1 0.754492
9 0.601215 0.471094 0.150347 0.0796875
6 0.601215 0.471094 0.150347 0.0796875
31 0.601215 0.471094 0.150347 0.0796875
24 0.601215 0.471094 0.150347 0.0796875
8 0.601215 0.471094 0.150347 0.0796875
16 0.601215 0.471094 0.150347 0.0796875
4 0.601215 0.471094 0.150347 0.0796875
10 0.601215 0.471094 0.150347 0.0796875
15 0.601215 0.471094 0.150347 0.0796875
31 0.5 0.446191 1 0.754492
9 0.5 0.444141 1 0.758594
22 0.5 0.446191 1 0.754492
30 0.601215 0.471094 0.150347 0.0796875
7 0.603472 0.484375 0.156944 0.10625
7 0.590972 0.472266 0.126389 0.08125
7 0.615972 0.491797 0.181944 0.13125
7 0.620833 0.50625 0.195833 0.19375
0 0.590972 0.472266 0.126389 0.08125
5 0.615972 0.491797 0.181944 0.13125
6 0.590972 0.472266 0.126389 0.08125
0 0.615972 0.491797 0.181944 0.13125
0 0.603472 0.484375 0.156944 0.10625
8 0.590972 0.472266 0.126389 0.08125
6 0.603472 0.484375 0.156944 0.10625
31 0.615972 0.491797 0.181944 0.13125
8 0.615972 0.491797 0.181944 0.13125
3 0.586806 0.469531 0.125 0.0796875
5 0.620833 0.50625 0.195833 0.19375
7 0.625 0.487109 0.201389 0.278906
8 0.603472 0.484375 0.156944 0.10625
3 0.603472 0.484375 0.156944 0.10625
25 0.615972 0.491797 0.181944 0.13125
31 0.620833 0.50625 0.195833 0.19375
25 0.620833 0.50625 0.195833 0.19375
22 0.615972 0.491797 0.181944 0.13125
14 0.590972 0.472266 0.126389 0.08125
7 0.619444 0.429688 0.202778 0.357031
14 0.603472 0.484375 0.156944 0.10625
0 0.620833 0.50625 0.195833 0.19375
8 0.620833 0.50625 0.195833 0.19375
9 0.615972 0.491797 0.181944 0.13125
5 0.590972 0.472266 0.126389 0.08125
22 0.620833 0.50625 0.195833 0.19375
5 0.603472 0.484375 0.156944 0.10625
15 0.590972 0.472266 0.126389 0.08125
25 0.625 0.487109 0.201389 0.278906
10 0.615972 0.491797 0.181944 0.13125
1 0.616493 0.490625 0.183681 0.121875
31 0.625 0.487109 0.201389 0.278906
15 0.603472 0.484375 0.156944 0.10625
9 0.620833 0.50625 0.195833 0.19375
6 0.615972 0.491797 0.181944 0.13125
1 0.61875 0.502344 0.193056 0.175
1 0.595833 0.472656 0.140278 0.084375
25 0.193403 0.814062 0.382639 0.357813
32 0.603472 0.484375 0.156944 0.10625
32 0.615972 0.491797 0.181944 0.13125
33 0.615972 0.491797 0.181944 0.13125
30 0.615972 0.491797 0.181944 0.13125
7 0.670139 0.49375 0.179167 0.322656
25 0.619444 0.429688 0.202778 0.357031
7 0.193403 0.814062 0.382639 0.357813
25 0.590972 0.472266 0.126389 0.08125
32 0.620833 0.50625 0.195833 0.19375
10 0.620833 0.50625 0.195833 0.19375
33 0.193403 0.814062 0.382639 0.357813
18 0.586806 0.469531 0.125 0.0796875
25 0.603472 0.484375 0.156944 0.10625
4 0.195139 0.813281 0.380556 0.360937
16 0.615972 0.491797 0.181944 0.13125
31 0.590972 0.472266 0.126389 0.08125
6 0.620833 0.50625 0.195833 0.19375
5 0.625 0.487109 0.201389 0.278906
32 0.590972 0.472266 0.126389 0.08125
31 0.603472 0.484375 0.156944 0.10625
8 0.625 0.487109 0.201389 0.278906
11 0.590972 0.472266 0.126389 0.08125
33 0.620833 0.50625 0.195833 0.19375
18 0.603472 0.484375 0.156944 0.10625
31 0.619444 0.429688 0.202778 0.357031
33 0.603472 0.484375 0.156944 0.10625
0 0.625 0.487109 0.201389 0.278906
22 0.625 0.487109 0.201389 0.278906
30 0.620833 0.50625 0.195833 0.19375
5 0.619444 0.429688 0.202778 0.357031
3 0.195486 0.810937 0.383333 0.357813
11 0.603472 0.484375 0.156944 0.10625
7 0.622917 0.446484 0.263889 0.220312
7 0.608333 0.431152 0.302778 0.279883
8 0.608333 0.431152 0.302778 0.279883
7 0.632639 0.485937 0.218056 0.126562
0 0.612674 0.480469 0.177431 0.117187
7 0.642361 0.476953 0.273611 0.192969
8 0.622917 0.446484 0.263889 0.220312
0 0.608333 0.431152 0.302778 0.279883
10 0.608333 0.431152 0.302778 0.279883
5 0.632639 0.485937 0.218056 0.126562
7 0.599306 0.478516 0.152778 0.113281
7 0.598611 0.452344 0.145833 0.120313
6 0.612674 0.480469 0.177431 0.117187
14 0.598611 0.452344 0.145833 0.120313
33 0.608333 0.431152 0.302778 0.279883
0 0.597396 0.466406 0.141319 0.104687
0 0.622917 0.446484 0.263889 0.220312
16 0.608333 0.431152 0.302778 0.279883
6 0.597396 0.466406 0.141319 0.104687
9 0.597396 0.466406 0.141319 0.104687
3 0.598611 0.452344 0.145833 0.120313
1 0.608333 0.431152 0.302778 0.279883
10 0.622917 0.446484 0.263889 0.220312
9 0.612674 0.480469 0.177431 0.117187
33 0.622917 0.446484 0.263889 0.220312
14 0.599306 0.478516 0.152778 0.113281
9 0.608333 0.431152 0.302778 0.279883
8 0.597396 0.466406 0.141319 0.104687
8 0.612674 0.480469 0.177431 0.117187
16 0.622917 0.446484 0.263889 0.220312
1 0.622917 0.446484 0.263889 0.220312
32 0.612674 0.480469 0.177431 0.117187
25 0.612674 0.480469 0.177431 0.117187
5 0.608333 0.431152 0.302778 0.279883
32 0.598611 0.452344 0.145833 0.120313
31 0.612674 0.480469 0.177431 0.117187
5 0.597396 0.466406 0.141319 0.104687
10 0.612674 0.480469 0.177431 0.117187
33 0.611111 0.500391 0.681944 0.972656
18 0.608333 0.431152 0.302778 0.279883
22 0.608333 0.431152 0.302778 0.279883
11 0.612674 0.480469 0.177431 0.117187
25 0.597396 0.466406 0.141319 0.104687
8 0.642361 0.476953 0.273611 0.192969
17 0.612674 0.480469 0.177431 0.117187
32 0.628993 0.488281 0.694792 0.967187
24 0.598611 0.452344 0.145833 0.120313
7 0.631771 0.468066 0.344792 0.238867
3 0.599306 0.478516 0.152778 0.113281
14 0.632639 0.485937 0.218056 0.126562
7 0.571181 0.464844 0.857639 0.929688
1 0.598611 0.452344 0.145833 0.120313
18 0.598611 0.452344 0.145833 0.120313
16 0.612674 0.480469 0.177431 0.117187
16 0.601389 0.438184 0.151389 0.143945
16 0.600694 0.471484 0.147222 0.0804687
0 0.604861 0.451562 0.158333 0.15
16 0.604861 0.455469 0.158333 0.134375
0 0.602083 0.483203 0.155556 0.133594
32 0.502431 0.511328 0.995139 0.977344
32 0.573264 0.5 0.784028 1
0 0.601562 0.469922 0.152431 0.0835937
7 0.600694 0.469531 0.156944 0.13125
7 0.601562 0.469922 0.152431 0.0835937
0 0.605729 0.451953 0.160764 0.257031
16 0.601215 0.471875 0.153125 0.0828125
10 0.604861 0.451562 0.158333 0.15
1 0.440972 0.497656 0.804167 0.995312
32 0.410764 0.491406 0.675694 0.982812
1 0.502431 0.511328 0.995139 0.977344
15 0.604861 0.455469 0.158333 0.134375
16 0.602083 0.483203 0.155556 0.133594
8 0.604861 0.451562 0.158333 0.15
2 0.440972 0.497656 0.804167 0.995312
2 0.502431 0.511328 0.995139 0.977344
33 0.5 0.513281 1 0.973438
7 0.440972 0.497656 0.804167 0.995312
33 0.624826 0.5 0.750347 1
32 0.576736 0.492578 0.492361 0.985156
8 0.602083 0.483203 0.155556 0.133594
7 0.502431 0.511328 0.995139 0.977344
1 0.895139 0.519531 0.209722 0.960938
4 0.201389 0.818555 0.395833 0.350391
7 0.493403 0.496875 0.986805 0.99375
2 0.493403 0.496875 0.986805 0.99375
6 0.493403 0.496875 0.986805 0.99375
9 0.493403 0.496875 0.986805 0.99375
25 0.490972 0.497656 0.981944 0.995312
15 0.493403 0.496875 0.986805 0.99375
34 0.493403 0.496875 0.986805 0.99375
1 0.490972 0.497656 0.981944 0.995312
32 0.5 0.507812 1 0.984375
7 0.651736 0.510547 0.696528 0.978906
0 0.599306 0.454687 0.151389 0.1625
10 0.493403 0.496875 0.986805 0.99375
9 0.651736 0.510547 0.696528 0.978906
33 0.5 0.507812 1 0.984375
4 0.219792 0.816992 0.427083 0.359766
4 0.486111 0.818555 0.952778 0.359766
7 0.486111 0.489844 0.972222 0.978125
1 0.456597 0.487109 0.913194 0.974219
32 0.486111 0.489844 0.972222 0.978125
4 0.588542 0.439453 0.135417 0.183594
2 0.486111 0.489844 0.972222 0.978125
25 0.456597 0.487109 0.913194 0.974219
33 0.486111 0.489844 0.972222 0.978125
14 0.486111 0.489844 0.972222 0.978125
31 0.486806 0.489062 0.973611 0.978125
31 0.640104 0.500391 0.719792 0.997656
9 0.640104 0.500391 0.719792 0.997656
33 0.475694 0.466016 0.951389 0.932031
3 0.597917 0.459375 0.151389 0.101562
9 0.486806 0.489062 0.973611 0.978125
22 0.640104 0.500391 0.719792 0.997656
22 0.486806 0.489062 0.973611 0.978125
5 0.640104 0.500391 0.719792 0.997656
5 0.597917 0.459375 0.151389 0.101562
33 0.640104 0.500391 0.719792 0.997656
5 0.486806 0.489062 0.973611 0.978125
3 0.513889 0.498437 0.972222 0.996875
7 0.597917 0.459375 0.151389 0.101562
6 0.597917 0.459375 0.151389 0.101562
32 0.475694 0.466016 0.951389 0.932031
5 0.61875 0.404297 0.302778 0.364062
25 0.486806 0.489062 0.973611 0.978125
25 0.640104 0.500391 0.719792 0.997656
33 0.5 0.826562 1 0.346875
33 0.797222 0.248047 0.394444 0.496094
31 0.773611 0.501562 0.452778 0.996875
33 0.795833 0.366406 0.4 0.732812
1 0.430556 0.464453 0.861111 0.928906
3 0.708854 0.502344 0.582292 0.995312
9 0.773611 0.501562 0.452778 0.996875
7 0.597222 0.469141 0.151389 0.123438
31 0.700868 0.492578 0.598264 0.985156
22 0.694792 0.491797 0.610417 0.983594
31 0.642361 0.479687 0.329167 0.317969
3 0.642361 0.479687 0.329167 0.317969
4 0.584028 0.453125 0.131944 0.145312
25 0.642361 0.479687 0.329167 0.317969
4 0.595139 0.464062 0.1625 0.120313
5 0.642361 0.479687 0.329167 0.317969
3 0.597222 0.469141 0.151389 0.123438
32 0.694792 0.491797 0.610417 0.983594
25 0.700868 0.492578 0.598264 0.985156
22 0.642361 0.479687 0.329167 0.317969
2 0.694792 0.491797 0.610417 0.983594
7 0.584028 0.453125 0.131944 0.145312
7 0.581597 0.458203 0.117361 0.1125
0 0.597222 0.469141 0.151389 0.123438
6 0.700868 0.492578 0.598264 0.985156
33 0.694792 0.491797 0.610417 0.983594
4 0.235069 0.816992 0.463194 0.359766
31 0.540625 0.491016 0.91875 0.980469
4 0.499306 0.817187 0.998611 0.3625
8 0.642361 0.479687 0.329167 0.317969
7 0.5 0.758594 1 0.475
0 0.605382 0.48125 0.164236 0.115625
6 0.604861 0.475 0.156944 0.110937
4 0.6 0.467187 0.151389 0.0921875
31 0.675 0.489062 0.351389 0.978125
7 0.605382 0.48125 0.164236 0.115625
25 0.604861 0.475 0.156944 0.110937
31 0.604861 0.475 0.156944 0.110937
6 0.627604 0.478125 0.203125 0.127344
7 0.600694 0.457031 0.156944 0.110938
31 0.676389 0.496875 0.647222 0.99375
30 0.715451 0.5 0.569097 1
0 0.600694 0.457031 0.156944 0.110938
16 0.600694 0.457031 0.156944 0.110938
15 0.600694 0.457031 0.156944 0.110938
22 0.685243 0.498437 0.629514 0.996875
3 0.676389 0.5 0.647222 1
8 0.600694 0.457031 0.156944 0.110938
5 0.685069 0.5 0.629861 1
7 0.724653 0.497656 0.550694 0.995312
14 0.600694 0.457031 0.156944 0.110938
31 0.780035 0.5 0.439931 1
33 0.685069 0.5 0.629861 1
22 0.780035 0.5 0.439931 1
2 0.724653 0.497656 0.550694 0.995312
29 0.685069 0.5 0.629861 1
30 0.809028 0.493359 0.381944 0.986719
9 0.685069 0.5 0.629861 1
18 0.600694 0.457031 0.156944 0.110938
30 0.85 0.5 0.3 1
3 0.599306 0.443359 0.156944 0.136719
30 0.581597 0.49375 0.757639 0.9875
4 0.619271 0.495312 0.664236 0.990625
1 0.715451 0.5 0.569097 1
31 0.599306 0.443359 0.156944 0.136719
7 0.609722 0.498437 0.758333 0.996875
27 0.654861 0.499219 0.690278 0.998437
6 0.599306 0.443359 0.156944 0.136719
15 0.780035 0.5 0.439931 1
5 0.780035 0.5 0.439931 1
31 0.495486 0.498437 0.936806 0.996875
33 0.780035 0.5 0.439931 1
9 0.780035 0.5 0.439931 1
3 0.540278 0.494531 0.797222 0.989062
0 0.599306 0.43584 0.166667 0.20332
3 0.780035 0.5 0.439931 1
22 0.599306 0.443359 0.156944 0.136719
19 0.600694 0.457031 0.156944 0.110938
0 0.598611 0.460938 0.152778 0.090625
7 0.599826 0.467187 0.153125 0.0875
31 0.544444 0.529297 0.911111 0.941406
6 0.598611 0.460938 0.152778 0.090625
31 0.195486 0.821875 0.390972 0.35625
31 0.598437 0.466406 0.150347 0.0828125
8 0.598611 0.460938 0.152778 0.090625
27 0.156076 0.821094 0.307292 0.357813
4 0.156076 0.821094 0.307292 0.357813
0 0.605556 0.480469 0.158333 0.125
31 0.609722 0.507031 0.772222 0.939062
22 0.609722 0.507031 0.772222 0.939062
0 0.623611 0.466406 0.193056 0.185156
8 0.605556 0.480469 0.158333 0.125
6 0.605556 0.480469 0.158333 0.125
16 0.607639 0.475781 0.161111 0.10625
15 0.607639 0.475781 0.161111 0.10625
0 0.609722 0.472266 0.168056 0.0875
7 0.607639 0.475781 0.161111 0.10625
14 0.609722 0.472266 0.168056 0.0875
4 0.600174 0.463281 0.155208 0.123438
31 0.5 0.507812 1 0.95
4 0.51875 0.489062 0.948611 0.965625
31 0.679861 0.49375 0.640278 0.975
4 0.682639 0.4875 0.629167 0.971875
22 0.5 0.507812 1 0.95
25 0.5 0.507812 1 0.95
25 0.657639 0.439844 0.298611 0.3
4 0.628472 0.440234 0.293056 0.2375
0 0.61684 0.472266 0.182986 0.0789062
25 0.615278 0.466016 0.177778 0.0914062
6 0.61684 0.472266 0.182986 0.0789062
8 0.61684 0.472266 0.182986 0.0789062
6 0.622222 0.463281 0.195833 0.114062
0 0.62066 0.455469 0.192014 0.126562
25 0.62066 0.455469 0.192014 0.126562
9 0.61684 0.472266 0.182986 0.0789062
8 0.62066 0.455469 0.192014 0.126562
4 0.5 0.508594 1 0.982813
4 0.175521 0.814844 0.343403 0.367188
34 0.5 0.508594 1 0.982813
29 0.497917 0.508594 0.995833 0.982813
3 0.5 0.508594 1 0.982813
12 0.497917 0.508594 0.995833 0.982813
4 0.322917 0.484375 0.645833 0.96875
25 0.5 0.508594 1 0.982813
4 0.886111 0.123047 0.227778 0.246094
2 0.500694 0.50625 0.998611 0.96875
7 0.601389 0.470312 0.154167 0.0859375
6 0.500694 0.50625 0.998611 0.96875
16 0.601389 0.470312 0.154167 0.0859375
34 0.500347 0.498437 0.999306 0.98125
11 0.500694 0.50625 0.998611 0.96875
0 0.601389 0.470312 0.154167 0.0859375
19 0.5 0.503906 1 0.957812
7 0.500694 0.50625 0.998611 0.96875
12 0.500694 0.50625 0.998611 0.96875
15 0.604167 0.469922 0.15 0.101562
1 0.500694 0.50625 0.998611 0.96875
14 0.500694 0.50625 0.998611 0.96875
15 0.500694 0.50625 0.998611 0.96875
10 0.500694 0.50625 0.998611 0.96875
29 0.5 0.503906 1 0.957812
2 0.689236 0.478906 0.621528 0.94375
32 0.500694 0.50625 0.998611 0.96875
14 0.601389 0.470312 0.154167 0.0859375
8 0.602083 0.470312 0.155556 0.0859375
26 0.5 0.503906 1 0.957812
7 0.605382 0.464062 0.155903 0.123437
6 0.604167 0.469922 0.15 0.101562
1 0.598785 0.470703 0.155208 0.0851563
16 0.5 0.503906 1 0.957812
0 0.602083 0.472266 0.155556 0.0820312
7 0.602083 0.472266 0.155556 0.0820312
2 0.690104 0.408984 0.619792 0.817969
32 0.690104 0.408984 0.619792 0.817969
22 0.690104 0.408984 0.619792 0.817969
0 0.630382 0.443066 0.233681 0.174805
8 0.602083 0.472266 0.155556 0.0820312
2 0.510417 0.392969 0.965278 0.785937
6 0.690104 0.408984 0.619792 0.817969
34 0.690104 0.408984 0.619792 0.817969
2 0.5 0.56875 1 0.8625
34 0.494444 0.414062 0.988889 0.828125
25 0.633333 0.414844 0.725 0.829687
32 0.510417 0.392969 0.965278 0.785937
15 0.602083 0.472266 0.155556 0.0820312
16 0.602083 0.471875 0.159722 0.0835937
7 0.599306 0.472266 0.158333 0.084375
8 0.611285 0.475 0.171875 0.0921875
0 0.611285 0.475 0.171875 0.0921875
14 0.602083 0.471875 0.159722 0.0835937
31 0.609722 0.474609 0.172222 0.0929688
18 0.602083 0.471875 0.159722 0.0835937
6 0.611285 0.475 0.171875 0.0921875
15 0.602083 0.471875 0.159722 0.0835937
9 0.599306 0.472266 0.158333 0.084375
1 0.599306 0.472266 0.158333 0.084375
5 0.609722 0.474609 0.172222 0.0929688
3 0.602083 0.471875 0.159722 0.0835937
0 0.623785 0.485937 0.191319 0.117188
0 0.627951 0.464453 0.196875 0.172656
7 0.625 0.483984 0.195833 0.111719
6 0.625 0.483984 0.195833 0.111719
8 0.625 0.483984 0.195833 0.111719
15 0.624826 0.475781 0.192014 0.0953125
16 0.624826 0.475781 0.192014 0.0953125
31 0.625 0.483984 0.195833 0.111719
25 0.5 0.5 1 1
3 0.601562 0.468359 0.157986 0.0921875
7 0.611805 0.478125 0.183333 0.096875
31 0.5 0.5 1 1
8 0.611805 0.478125 0.183333 0.096875
0 0.611805 0.478125 0.183333 0.096875
9 0.611805 0.478125 0.183333 0.096875
3 0.597222 0.452344 0.159722 0.134375
22 0.5 0.5 1 1
31 0.611805 0.478125 0.183333 0.096875
31 0.597222 0.452344 0.159722 0.134375
4 0.597222 0.452344 0.159722 0.134375
25 0.500694 0.492578 0.998611 0.985156
22 0.5 0.493359 1 0.986719
31 0.500694 0.492578 0.998611 0.985156
9 1 0.496094 0 0.992188
7 1 0.496094 0 0.992188
0 0.646528 0.444922 0.244444 0.196875
9 0.5 0.493359 1 0.986719
33 1 0.496094 0 0.992188
34 0.500694 0.492578 0.998611 0.985156
8 0.6625 0.444629 0.276389 0.20918
33 0.500694 0.492578 0.998611 0.985156
9 1 0.579687 0 0.835938
8 1 0.496094 0 0.992188
10 1 0.496094 0 0.992188
25 1 0.496094 0 0.992188
8 1 0.579687 0 0.835938
25 0.656076 0.492188 0.687847 0.984375
32 0.5 0.493359 1 0.986719
7 1 0.579687 0 0.835938
6 1 0.496094 0 0.992188
0 0.636806 0.438281 0.230556 0.224219
8 0.636806 0.438281 0.230556 0.224219
25 0.636806 0.447559 0.233333 0.214258
25 0.615104 0.466406 0.769792 0.932812
9 0.639583 0.444434 0.236111 0.239258
9 0.615104 0.466406 0.769792 0.932812
31 0.615104 0.466406 0.769792 0.932812
25 0.667708 0.367578 0.664583 0.730469
9 0.667708 0.367578 0.664583 0.730469
25 0.517361 0.499219 0.965278 0.939062
0 0.641667 0.471875 0.231944 0.132812
0 0.645139 0.439746 0.241667 0.21582
8 0.641667 0.471875 0.231944 0.132812
25 0.699306 0.483984 0.376389 0.967969
0 0.6 0.473828 0.154167 0.0960937
6 0.639583 0.464844 0.227778 0.148437
25 0.622917 0.482031 0.384722 0.960938
9 0.639583 0.464844 0.227778 0.148437
8 0.647396 0.443359 0.252431 0.207031
25 0.641667 0.471875 0.231944 0.132812
34 0.699306 0.483984 0.376389 0.967969
0 0.655556 0.433594 0.2625 0.246875
8 0.671528 0.428906 0.293056 0.272656
7 0.690278 0.448828 0.327778 0.246094
31 0.690278 0.448828 0.327778 0.246094
25 0.505208 0.488281 0.989583 0.976562
22 0.505208 0.488281 0.989583 0.976562
0 0.633333 0.479687 0.219444 0.1
8 0.637674 0.480469 0.224653 0.103125
25 0.633333 0.479687 0.219444 0.1
31 0.639583 0.482812 0.231944 0.123438
6 0.6375 0.483203 0.226389 0.109375
25 0.730382 0.483594 0.539236 0.945312
9 0.639583 0.482812 0.231944 0.123438
33 0.730382 0.483594 0.539236 0.945312
27 0.639583 0.479297 0.233333 0.100781
0 0.640451 0.460547 0.230208 0.142187
32 0.638194 0.482812 0.230556 0.107813
0 0.629167 0.482812 0.213889 0.109375
32 0.495833 0.491406 0.991667 0.979687
22 0.5 0.500781 1 0.921875
25 0.5 0.500781 1 0.921875
6 0.495833 0.491406 0.991667 0.979687
34 0.5 0.495313 1 0.965625
31 0.5 0.500781 1 0.921875
2 0.495833 0.491406 0.991667 0.979687
0 0.631944 0.452441 0.230556 0.187305
0 0.645139 0.477344 0.251389 0.153906
1 0.495833 0.491406 0.991667 0.979687
25 0.505556 0.515234 0.988889 0.960156
4 0.568056 0.598437 0.863889 0.803125
31 0.533333 0.548047 0.933333 0.903906
22 0.519097 0.516797 0.961806 0.964844
6 0.519097 0.516797 0.961806 0.964844
9 0.519097 0.516797 0.961806 0.964844
25 0.302431 0.497656 0.604861 0.979687
32 0.519097 0.516797 0.961806 0.964844
4 0.437847 0.497656 0.875694 0.989063
4 0.211111 0.815625 0.418056 0.357812
4 0.560069 0.226953 0.879861 0.453906
3 0.551042 0.623438 0.897917 0.753125
25 0.627083 0.429688 0.265278 0.274219
34 0.519097 0.516797 0.961806 0.964844
1 0.551042 0.623438 0.897917 0.753125
0 0.627083 0.429688 0.265278 0.274219
10 0.519097 0.516797 0.961806 0.964844
8 0.551042 0.623438 0.897917 0.753125
33 0.519097 0.516797 0.961806 0.964844
4 0.253819 0.189062 0.507639 0.378125
4 0.265278 0.490625 0.530556 0.975
4 0.755208 0.208594 0.489583 0.417187
0 0.598785 0.476562 0.155208 0.114844
33 0.508681 0.501172 0.982639 0.925781
25 0.508681 0.501172 0.982639 0.925781
32 0.5 0.497656 1 0.932812
7 0.598785 0.476562 0.155208 0.114844
31 0.508681 0.501172 0.982639 0.925781
9 0.5 0.497656 1 0.932812
22 0.508681 0.501172 0.982639 0.925781
4 0.24375 0.192969 0.4875 0.385937
3 0.5 0.497656 1 0.932812
7 0.629861 0.480859 0.213889 0.117188
25 0.501389 0.488281 0.997222 0.976562
0 0.643229 0.465625 0.246875 0.145312
0 0.642882 0.440625 0.247569 0.210156
31 0.5 0.453906 1 0.907812
4 0.796528 0.196094 0.393056 0.392187
4 0.215972 0.820117 0.427778 0.353516
25 0.641493 0.481641 0.236458 0.125
0 0.634896 0.472266 0.227431 0.152344
25 0.664583 0.475781 0.284722 0.148438
31 0.497917 0.491016 0.995833 0.982031
8 0.641493 0.481641 0.236458 0.125
31 0.739583 0.394531 0.509722 0.789062
33 0.501042 0.495312 0.997917 0.990625
33 0.739583 0.394531 0.509722 0.789062
8 0.639062 0.454687 0.238542 0.192187
4 0.626562 0.192187 0.738542 0.384375
25 0.63316 0.440234 0.264236 0.222656
31 0.636111 0.482031 0.226389 0.126562
31 0.640451 0.451465 0.238542 0.16582
3 0.639583 0.482812 0.231944 0.115625
9 0.635417 0.485547 0.223611 0.128125
3 0.640451 0.451465 0.238542 0.16582
27 0.639583 0.482812 0.231944 0.115625
31 0.690451 0.465723 0.335764 0.224805
8 0.635417 0.485547 0.223611 0.128125
0 0.629861 0.482422 0.213889 0.114844
31 0.62934 0.480469 0.213542 0.110156
31 0.627083 0.477344 0.208333 0.101562
6 0.622917 0.478125 0.2 0.10625
8 0.627083 0.477344 0.208333 0.101562
0 0.627083 0.477344 0.208333 0.101562
9 0.627083 0.477344 0.208333 0.101562
7 0.610417 0.485156 0.177778 0.120313
5 0.627083 0.477344 0.208333 0.101562
3 0.627083 0.477344 0.208333 0.101562
31 0.623785 0.485937 0.205208 0.128125
8 0.619618 0.487109 0.196875 0.121094
9 0.621007 0.488281 0.199653 0.128125
31 0.5 0.496875 1 0.9875
25 0.623785 0.485937 0.205208 0.128125
0 0.619444 0.483594 0.194444 0.114844
27 0.619444 0.485156 0.195833 0.120313
31 0.648611 0.5 0.702778 0.978125
7 0.607639 0.480469 0.176389 0.110938
31 0.499653 0.496875 0.999306 0.99375
31 0.738889 0.458594 0.223611 0.264063
25 0.505556 0.495312 0.988889 0.990625
25 0.688889 0.495703 0.622222 0.991406
0 0.630382 0.478906 0.211458 0.114062
0 0.64375 0.460938 0.236111 0.146875
7 0.634028 0.478906 0.218056 0.123438
0 0.656944 0.480469 0.259722 0.14375
8 0.630382 0.478906 0.211458 0.114062
25 0.644444 0.483203 0.244444 0.111719
31 0.672222 0.491406 0.3 0.129687
31 0.639062 0.483594 0.232986 0.110937
22 0.641667 0.483203 0.240278 0.110156
25 0.672917 0.496094 0.3 0.134375
25 0.716667 0.520312 0.388889 0.185937
5 0.398264 0.109961 0.382639 0.218359
5 0.195833 0.739844 0.386111 0.210938
31 0.5 0.490625 1 0.98125
31 0.641667 0.489062 0.236111 0.126562
7 0.636285 0.485937 0.230208 0.125
34 0.499306 0.490625 0.998611 0.978125
25 0.5 0.488281 1 0.976562
1 0.5 0.488281 1 0.976562
2 0.5 0.500781 1 0.970312
22 0.5 0.500781 1 0.970312
29 0.5 0.495313 1 0.954687
6 0.5 0.495313 1 0.954687
32 0.5 0.495312 1 0.990625
20 0.5 0.488281 1 0.976562
31 0.5 0.495312 1 0.990625
7 0.5 0.495313 1 0.954687
8 0.484722 0.487109 0.969444 0.972656
33 0.5 0.495313 1 0.954687
16 0.607118 0.473437 0.166319 0.103125
9 0.5 0.495313 1 0.954687
0 0.6375 0.478906 0.227778 0.126562
31 0.636285 0.481641 0.224653 0.135938
6 0.629861 0.484375 0.211111 0.128125
25 0.6375 0.478906 0.227778 0.126562
8 0.633333 0.480469 0.219444 0.13125
31 0.690278 0.483594 0.343056 0.205469
0 0.617882 0.481641 0.189236 0.103906
7 0.617882 0.481641 0.189236 0.103906
0 0.631771 0.479687 0.217014 0.103125
6 0.631771 0.479687 0.217014 0.103125
31 0.636111 0.476562 0.225 0.101562
31 0.646007 0.482031 0.246875 0.109375
4 0.797917 0.191064 0.404167 0.380371
31 0.200347 0.638965 0.400694 0.71582
31 0.665625 0.496875 0.66875 0.99375
31 0.672222 0.497266 0.298611 0.140625
34 0.201389 0.647266 0.402778 0.699219
29 0.201389 0.647266 0.402778 0.699219
7 0.200347 0.638965 0.400694 0.71582
6 0.201042 0.529688 0.402083 0.940625
7 0.201736 0.584375 0.403472 0.83125
32 0.665625 0.496875 0.66875 0.99375
33 0.201736 0.584375 0.403472 0.83125
34 0.201736 0.584375 0.403472 0.83125
4 0.200347 0.638965 0.400694 0.71582
10 0.200347 0.638965 0.400694 0.71582
33 0.200347 0.638965 0.400694 0.71582
8 0.201042 0.529688 0.402083 0.940625
31 0.642361 0.477344 0.236111 0.1
31 0.65625 0.492969 0.2625 0.134375
7 0.642361 0.477344 0.236111 0.1
0 0.642361 0.477344 0.236111 0.1
4 0.305556 0.158203 0.611111 0.316406
6 0.645139 0.477344 0.240278 0.1
4 0.795486 0.18833 0.409028 0.376465
31 0.640104 0.480469 0.233681 0.101562
31 0.5 0.498828 1 0.997656
31 0.645139 0.482031 0.244444 0.109375
31 0.514583 0.498437 0.970833 0.996875
3 0.503125 0.813867 0.99375 0.362891
22 0.5125 0.486719 0.975 0.973437
25 0.513889 0.497656 0.972222 0.995312
3 0.513889 0.497656 0.972222 0.995312
31 0.489583 0.491016 0.979167 0.982031
34 0.504514 0.489453 0.990972 0.978906
31 0.59566 0.424316 0.386458 0.279492
25 0.578819 0.412109 0.386806 0.314844
34 0.203125 0.814062 0.399306 0.36875
31 0.636111 0.415234 0.283333 0.288281
31 0.666667 0.4875 0.666667 0.975
25 0.636111 0.415234 0.283333 0.288281
25 0.645139 0.489062 0.241667 0.123437
22 0.642882 0.489062 0.239236 0.126562
25 0.638715 0.467187 0.253125 0.155469
31 0.645139 0.493359 0.243056 0.13125
7 0.642882 0.489062 0.239236 0.126562
31 0.649306 0.494922 0.248611 0.132031
6 0.509722 0.492969 0.961111 0.985937
34 0.507986 0.495312 0.984028 0.990625
31 0.514583 0.5 0.970833 1
34 0.509375 0.5 0.98125 1
2 0.514583 0.5 0.970833 1
30 0.514583 0.5 0.970833 1
32 0.514583 0.5 0.970833 1
6 0.506944 0.500391 0.986111 0.999219
22 0.514583 0.5 0.970833 1
33 0.643055 0.489062 0.240278 0.123437
31 0.643055 0.489062 0.240278 0.123437
34 0.511111 0.5 0.977778 1
6 0.490278 0.490625 0.980556 0.975
29 0.501736 0.500781 0.996528 0.998438
31 0.644271 0.485156 0.242014 0.110156
31 0.69566 0.511719 0.347569 0.169531
33 0.644271 0.485156 0.242014 0.110156
8 0.490278 0.490625 0.980556 0.975
31 0.660417 0.499219 0.275 0.140625
7 0.615278 0.479687 0.184722 0.101562
7 0.642882 0.486328 0.242014 0.119531
33 0.64375 0.484375 0.240278 0.1125
31 0.636806 0.498437 0.226389 0.14375
25 0.642361 0.498438 0.234722 0.145312
0 0.64375 0.484375 0.240278 0.1125
32 0.64375 0.484375 0.240278 0.1125
15 0.642882 0.486328 0.242014 0.119531
25 0.647917 0.476562 0.251389 0.0953125
5 0.432639 0.10957 0.469444 0.219141
7 0.644444 0.481641 0.247222 0.110156
25 0.647917 0.482031 0.248611 0.10625
0 0.647917 0.482031 0.248611 0.10625
32 0.647917 0.482031 0.248611 0.10625
25 0.652604 0.485156 0.255903 0.11875
25 0.651563 0.471094 0.257986 0.209375
34 0.752604 0.487891 0.494792 0.975781
25 0.644444 0.485156 0.241667 0.115625
5 0.83125 0.575391 0.3375 0.260156
5 0.361892 0.099707 0.397049 0.199414
9 0.5 0.490625 1 0.978125
5 0.809722 0.546875 0.380556 0.248437
34 0.5 0.490625 1 0.978125
5 0.41875 0.118359 0.365278 0.235938
0 0.640972 0.490234 0.240278 0.121875
25 0.637326 0.494531 0.233681 0.13125
31 0.638889 0.499219 0.236111 0.140625
5 0.390365 0.0869629 0.42066 0.173926
33 0.637326 0.494531 0.233681 0.13125
27 0.637326 0.494531 0.233681 0.13125
22 0.637326 0.494531 0.233681 0.13125
5 0.817361 0.545703 0.365278 0.249219
5 0.428472 0.10459 0.45 0.20918
31 0.636806 0.480469 0.230556 0.104688
5 0.284722 0.755078 0.546528 0.227344
5 0.794444 0.539844 0.330556 0.259375
5 0.486806 0.127539 0.440278 0.255078
25 0.640104 0.485156 0.236458 0.1125
5 0.839236 0.559375 0.321528 0.307812
5 0.37908 0.0788086 0.409896 0.157617
31 0.675694 0.501953 0.309722 0.146094
5 0.508333 0.153906 0.3625 0.289062
5 0.850694 0.583203 0.298611 0.346094
5 0.742882 0.523438 0.392014 0.210938
5 0.330903 0.79043 0.497917 0.272266
5 0.530903 0.216016 0.313194 0.245313
5 0.873611 0.589062 0.252778 0.359375
5 0.375347 0.825195 0.552083 0.262109
5 0.325 0.0866211 0.369444 0.173242
25 0.645139 0.491797 0.248611 0.135156
5 0.420833 0.105664 0.434722 0.211328
5 0.336458 0.775781 0.56875 0.254687
5 0.238889 0.770703 0.459722 0.255469
5 0.315972 0.771484 0.565278 0.253906
5 0.601215 0.137305 0.639236 0.274609
5 0.388889 0.803906 0.470833 0.21875
25 0.640278 0.476562 0.240278 0.121094
7 0.620139 0.477344 0.194444 0.11875
0 0.635417 0.479687 0.229167 0.103125
5 0.431163 0.102441 0.44184 0.204883
7 0.634028 0.483984 0.226389 0.1125
8 0.635417 0.479687 0.229167 0.103125
5 0.27717 0.748437 0.39566 0.204687
5 0.361111 0.0916016 0.409028 0.183203
5 0.478472 0.131055 0.406944 0.262109
33 0.630556 0.482031 0.220833 0.110937
25 0.635417 0.479687 0.229167 0.103125
5 0.388194 0.779687 0.425 0.2375
18 0.635417 0.479687 0.229167 0.103125
16 0.630556 0.482031 0.220833 0.110937
0 0.6375 0.488672 0.230556 0.119531
5 0.399306 0.108594 0.513889 0.216797
7 0.6375 0.488672 0.230556 0.119531
5 0.295486 0.763672 0.581944 0.232031
25 0.641667 0.48125 0.2375 0.104688
5 0.455642 0.12666 0.478993 0.25332
8 0.641667 0.48125 0.2375 0.104688
5 0.367014 0.795312 0.499305 0.245313
34 0.5 0.480469 1 0.960938
0 0.638194 0.4875 0.231944 0.125781
31 0.5 0.494922 1 0.989844
5 0.403559 0.124512 0.527604 0.249023
9 0.5 0.490625 1 0.979687
33 0.502431 0.502344 0.995139 0.967188
30 0.5 0.490234 1 0.980469
32 0.5 0.490234 1 0.980469
2 0.5 0.494922 1 0.989844
5 0.546875 0.126758 0.667361 0.248047
6 0.5 0.490625 1 0.979687
5 0.271441 0.759766 0.532118 0.239844
0 0.62934 0.482813 0.213542 0.114062
8 0.631944 0.48125 0.219444 0.110937
7 0.629861 0.48125 0.216667 0.113281
5 0.395486 0.113672 0.477083 0.227344
8 0.5 0.485156 1 0.970312
5 0.370139 0.804688 0.505556 0.221875
5 0.328125 0.77793 0.542361 0.250391
5 0.3625 0.0890625 0.422917 0.178125
8 0.5 0.490625 1 0.98125
0 0.633333 0.485156 0.226389 0.115625
7 0.636111 0.483594 0.233333 0.114062
8 0.636111 0.483594 0.233333 0.114062
9 0.5 0.496094 1 0.992188
5 0.411024 0.130273 0.402951 0.260547
5 0.358681 0.117578 0.408333 0.235156
6 0.5 0.496094 1 0.992188
8 0.793576 0.401953 0.412847 0.803906
1 0.5 0.496094 1 0.992188
10 0.636285 0.482422 0.232986 0.110938
8 0.5 0.707812 1 0.575
0 0.629167 0.488281 0.215278 0.11875
7 0.632118 0.486328 0.221875 0.115625
8 0.632118 0.486328 0.221875 0.115625
15 0.630556 0.483594 0.216667 0.107812
16 0.631944 0.483594 0.220833 0.110937
10 0.631944 0.483594 0.220833 0.110937
33 0.629167 0.488281 0.215278 0.11875
14 0.630556 0.483594 0.216667 0.107812
18 0.631944 0.483594 0.220833 0.110937
5 0.299392 0.766016 0.269271 0.253906
0 0.637674 0.480859 0.232986 0.102344
7 0.640278 0.484375 0.2375 0.110938
5 0.447569 0.12793 0.390972 0.255859
5 0.325087 0.765625 0.326215 0.2625
8 0.640278 0.484375 0.2375 0.110938
8 0.5 0.493359 1 0.986719
31 0.640278 0.484375 0.2375 0.110938
25 0.637674 0.480859 0.232986 0.102344
5 0.223264 0.755859 0.367361 0.230469
5 0.503472 0.14834 0.381944 0.29668
32 0.640278 0.484375 0.2375 0.110938
18 0.640278 0.484375 0.2375 0.110938
5 0.368837 0.792969 0.378993 0.254687
9 0.640278 0.484375 0.2375 0.110938
5 0.376476 0.108398 0.385937 0.214453
33 0.634722 0.483984 0.227778 0.108594
0 0.63316 0.485547 0.225347 0.114844
31 0.6375 0.4875 0.233333 0.120313
7 0.61684 0.483594 0.194097 0.1125
33 0.632118 0.489844 0.221875 0.125
5 0.315278 0.760937 0.275694 0.25
5 0.438194 0.123633 0.379167 0.245703
32 0.6375 0.482031 0.234722 0.107813
7 0.618229 0.487109 0.196875 0.11875
33 0.627604 0.4875 0.214236 0.11875
0 0.626562 0.48125 0.210764 0.10625
5 0.346528 0.771875 0.470833 0.25
8 0.500347 0.490625 0.999306 0.98125
1 0.500347 0.490625 0.999306 0.98125
34 0.5 0.491406 1 0.982812
7 0.630729 0.484375 0.219097 0.110938
5 0.461458 0.13457 0.417361 0.269141
5 0.403472 0.125195 0.370139 0.250391
33 0.635938 0.488281 0.230903 0.120313
0 0.630729 0.484375 0.219097 0.110938
16 0.635938 0.488281 0.230903 0.120313
8 0.635938 0.488281 0.230903 0.120313
5 0.637326 0.493359 0.233681 0.132031
5 0.334722 0.127344 0.3625 0.252344
15 0.630729 0.484375 0.219097 0.110938
0 0.634028 0.488281 0.226389 0.11875
7 0.63316 0.491406 0.225347 0.125
25 0.634028 0.488281 0.226389 0.11875
5 0.436719 0.109473 0.407118 0.218945
5 0.379514 0.0992187 0.363194 0.197656
5 0.324306 0.759375 0.365278 0.242188
18 0.634722 0.485156 0.227778 0.113281
8 0.63316 0.491406 0.225347 0.125
33 0.63316 0.491406 0.225347 0.125
34 0.786285 0.448437 0.427431 0.896875
16 0.63316 0.491406 0.225347 0.125
5 0.264931 0.0913818 0.385417 0.180518
31 0.634028 0.488281 0.226389 0.11875
5 0.402083 0.7875 0.438889 0.245313
31 0.639062 0.495703 0.241319 0.135937
7 0.640278 0.499219 0.238889 0.142187
0 0.641667 0.496094 0.241667 0.134375
31 0.669444 0.507812 0.297222 0.15625
25 0.641667 0.496094 0.241667 0.134375
22 0.639583 0.494922 0.2375 0.133594
5 0.303472 0.75625 0.240278 0.232813
18 0.638194 0.496094 0.234722 0.136719
5 0.380208 0.799219 0.38125 0.2375
5 0.423611 0.101953 0.372222 0.203906
7 0.643055 0.498437 0.244444 0.139063
0 0.642361 0.497266 0.243056 0.136719
31 0.643055 0.507422 0.244444 0.158594
8 0.643055 0.498437 0.244444 0.139063
31 0.702951 0.536719 0.366319 0.215625
16 0.643055 0.498437 0.244444 0.139063
5 0.271181 0.747656 0.267361 0.209375
5 0.383247 0.797656 0.437674 0.254688
18 0.643055 0.498437 0.244444 0.139063
5 0.286806 0.764062 0.293056 0.270312
25 0.642361 0.497266 0.243056 0.136719
16 0.636285 0.492969 0.227431 0.126562
0 0.634549 0.490625 0.222569 0.125
7 0.637326 0.4875 0.230903 0.116406
5 0.358247 0.783008 0.576562 0.283984
5 0.430903 0.108105 0.497917 0.216211
18 0.637326 0.4875 0.230903 0.116406
5 0.482639 0.133398 0.438889 0.266797
14 0.637326 0.4875 0.230903 0.116406
7 0.639062 0.49375 0.238542 0.129687
5 0.369792 0.773438 0.53125 0.298437
16 0.639062 0.49375 0.238542 0.129687
0 0.636806 0.492188 0.231944 0.128125
15 0.638889 0.495312 0.236111 0.132031
18 0.639062 0.49375 0.238542 0.129687
5 0.461458 0.104687 0.528472 0.209375
5 0.497222 0.114844 0.486111 0.229687
14 0.639062 0.49375 0.238542 0.129687
25 0.65 0.492969 0.261111 0.138281
31 0.5 0.496094 1 0.992188
31 0.647222 0.4875 0.256944 0.129687
25 0.644444 0.451172 0.261111 0.208594
5 0.292361 0.750391 0.534722 0.277344
31 0.5 0.498437 1 0.996875
31 0.642361 0.4875 0.247222 0.123437
5 0.432292 0.118457 0.400694 0.235742
34 0.5 0.509375 1 0.98125
3 0.5 0.509375 1 0.98125
0 0.634722 0.483203 0.229167 0.108594
5 0.333681 0.763281 0.611805 0.257812
7 0.635938 0.488281 0.233681 0.120313
5 0.397222 0.800781 0.525 0.285937
33 0.634722 0.483203 0.229167 0.108594
15 0.633333 0.485937 0.226389 0.114062
0 0.634896 0.485547 0.227431 0.124219
5 0.442361 0.105762 0.418056 0.211523
5 0.49375 0.121582 0.390278 0.243164
5 0.403125 0.0830078 0.349306 0.166016
0 0.632118 0.494531 0.221875 0.13125
33 0.632118 0.494531 0.221875 0.13125
5 0.505556 0.126562 0.436111 0.253125
7 0.636111 0.493359 0.231944 0.129687
5 0.379948 0.801367 0.494271 0.269141
0 0.6375 0.492969 0.231944 0.133594
0 0.634028 0.489844 0.225 0.11875
5 0.445833 0.106641 0.425 0.213281
5 0.477431 0.125781 0.357639 0.251562
5 0.36467 0.780469 0.526215 0.301563
5 0.498611 0.132422 0.356944 0.264844
5 0.4125 0.0936523 0.444444 0.187305
5 0.399306 0.825 0.461111 0.264063
5 0.33342 0.7375 0.531771 0.35625
5 0.499306 0.101953 0.308333 0.203906
7 0.638715 0.491797 0.233681 0.124219
5 0.843056 0.519922 0.313889 0.433594
5 0.546875 0.149414 0.414583 0.269141
5 0.470052 0.0977539 0.515451 0.195508
5 0.526042 0.137695 0.521528 0.275391
0 0.627083 0.485547 0.2125 0.111719
5 0.490972 0.102539 0.4125 0.203125
5 0.379167 0.0696289 0.55 0.139258
33 0.634028 0.487109 0.227778 0.115625
7 0.634028 0.487109 0.227778 0.115625
25 0.634028 0.487109 0.227778 0.115625
5 0.344097 0.769531 0.561806 0.30625
0 0.636806 0.492188 0.231944 0.125781
7 0.640278 0.493359 0.240278 0.128906
7 0.645833 0.495312 0.251389 0.136719
0 0.644271 0.496094 0.247569 0.132812
5 0.461198 0.117676 0.491493 0.235352
0 0.632118 0.498047 0.224653 0.135938
7 0.639583 0.496875 0.240278 0.135938
5 0.351476 0.77832 0.459549 0.283984
5 0.441319 0.0778809 0.517361 0.155762
5 0.373611 0.819531 0.477778 0.239063
5 0.301736 0.747656 0.489583 0.273438
8 0.640278 0.495312 0.241667 0.13125
33 0.640278 0.495312 0.241667 0.13125
5 0.511806 0.143164 0.4875 0.286328
7 0.640104 0.491406 0.242014 0.125
5 0.327083 0.784375 0.558333 0.28125
31 0.650694 0.499609 0.265278 0.149219
0 0.627778 0.488281 0.215278 0.11875
8 0.796528 0.484375 0.406944 0.96875
5 0.319444 0.77793 0.538194 0.278516
5 0.449306 0.111719 0.519444 0.223437
8 0.639062 0.491797 0.238542 0.126562
5 0.298611 0.737109 0.554167 0.255469
8 0.797222 0.465234 0.405556 0.928906
5 0.306163 0.752344 0.573785 0.234375
6 0.5 0.489062 1 0.978125
8 0.5 0.489062 1 0.978125
9 0.5 0.496875 1 0.99375
5 0.318056 0.760156 0.534722 0.292188
5 0.825347 0.546973 0.349306 0.349805
5 0.325608 0.766406 0.555729 0.273438
5 0.818056 0.567578 0.363889 0.313281
8 0.786979 0.482422 0.426042 0.964844
0 0.636111 0.483984 0.233333 0.107813
5 0.331597 0.774609 0.579861 0.266406
5 0.825694 0.566797 0.348611 0.31875
33 0.629861 0.486719 0.218056 0.113281
5 0.866319 0.567969 0.267361 0.33125
5 0.330556 0.77793 0.581944 0.266016
0 0.634028 0.483594 0.230556 0.107812
5 0.820833 0.576562 0.358333 0.294531
5 0.861458 0.580469 0.277083 0.304687
5 0.441667 0.107715 0.455556 0.21543
33 0.634722 0.4875 0.230556 0.117188
34 0.784028 0.485156 0.431944 0.970312
5 0.33533 0.775781 0.602951 0.270312
5 0.827083 0.565625 0.345833 0.317187
5 0.877083 0.560156 0.245833 0.348438
8 0.790972 0.492969 0.418056 0.985937
34 0.790799 0.491406 0.418403 0.982812
5 0.807639 0.533203 0.384722 0.321094
34 0.5 0.496094 1 0.992188
6 0.790972 0.492969 0.418056 0.985937
29 0.5 0.496094 1 0.992188
5 0.921528 0.596875 0.156944 0.303125
5 0.338802 0.769922 0.594618 0.292969
5 0.858333 0.548047 0.283333 0.349219
5 0.402778 0.810156 0.5 0.326563
5 0.835764 0.520215 0.328472 0.354883
8 0.792188 0.49375 0.415625 0.9875
34 0.791146 0.492188 0.417708 0.984375
5 0.338542 0.773438 0.586806 0.296875
5 0.469792 0.101953 0.496528 0.203906
5 0.825694 0.503906 0.348611 0.375
5 0.409722 0.0884766 0.418056 0.176953
5 0.793055 0.478125 0.393056 0.375781
5 0.408333 0.808008 0.4875 0.318359
5 0.877778 0.533496 0.244444 0.379883
25 0.638194 0.483594 0.238889 0.115625
5 0.504167 0.124023 0.491667 0.248047
5 0.325087 0.772656 0.548437 0.309375
5 0.832639 0.49375 0.334722 0.403125
5 0.454514 0.107129 0.497917 0.214258
5 0.787326 0.483496 0.419792 0.364258
5 0.491667 0.130762 0.504167 0.261523
5 0.368403 0.82168 0.504861 0.316016
5 0.894444 0.517969 0.211111 0.428125
5 0.394097 0.0941406 0.417361 0.188281
34 0.5 0.489062 1 0.978125
1 0.794444 0.491406 0.411111 0.982812
1 0.5 0.489062 1 0.978125
5 0.530903 0.151855 0.496528 0.303711
29 0.5 0.495703 1 0.991406
5 0.736805 0.450781 0.431944 0.301562
4 0.794444 0.488281 0.411111 0.976562
8 0.794444 0.491406 0.411111 0.982812
5 0.325694 0.7875 0.554167 0.296875
34 0.5 0.488281 1 0.976562
5 0.850694 0.5 0.298611 0.404687
5 0.469444 0.120703 0.506944 0.239453
1 0.795833 0.488281 0.408333 0.976562
5 0.788889 0.484473 0.394444 0.376367
5 0.525 0.163379 0.481944 0.322852
8 0.795833 0.488281 0.408333 0.976562
5 0.897222 0.542969 0.205556 0.421875
4 0.795139 0.471484 0.409722 0.942969
34 0.795833 0.488281 0.408333 0.976562
25 0.795833 0.488281 0.408333 0.976562
5 0.316059 0.779687 0.57066 0.289062
1 0.795139 0.490234 0.409722 0.978906
8 0.795139 0.490234 0.409722 0.978906
5 0.820833 0.494434 0.358333 0.404883
0 0.633507 0.478516 0.224653 0.165625
5 0.882639 0.52666 0.234722 0.423242
34 0.797222 0.4625 0.405556 0.925
25 0.795139 0.490234 0.409722 0.978906
29 0.5 0.494531 1 0.989062
3 0.797222 0.4625 0.405556 0.925
3 0.500347 0.498437 0.999306 0.996875
9 0.795139 0.490234 0.409722 0.978906
5 0.730556 0.451562 0.415278 0.283594
4 0.797222 0.4625 0.405556 0.925
29 0.797222 0.4625 0.405556 0.925
31 0.5 0.5 1 1
5 0.305642 0.775781 0.562326 0.296875
34 0.794444 0.493359 0.411111 0.982031
3 0.5 0.5 1 1
1 0.794444 0.493359 0.411111 0.982031
0 0.635417 0.460547 0.230556 0.198437
5 0.822222 0.530859 0.355556 0.408594
5 0.314236 0.760547 0.565972 0.303906
5 0.856944 0.528027 0.286111 0.408008
5 0.32092 0.776562 0.590104 0.282813
31 0.5 0.5 1 1
5 0.326042 0.773438 0.58125 0.284375
5 0.329948 0.768359 0.567882 0.296094
5 0.861806 0.574219 0.276389 0.339063
0 0.635417 0.470312 0.230556 0.182812
5 0.340278 0.776562 0.561111 0.290625
5 0.865972 0.572656 0.268056 0.342188
25 0.640972 0.486719 0.240278 0.114062
5 0.339583 0.778125 0.581944 0.285938
5 0.865972 0.571875 0.268056 0.345312
5 0.340885 0.77793 0.580729 0.281641
5 0.864583 0.567969 0.270833 0.332813
5 0.823264 0.533496 0.353472 0.326758
5 0.771528 0.514062 0.456944 0.271875
5 0.376302 0.799219 0.436285 0.246875
5 0.339497 0.777344 0.586285 0.26875
5 0.861806 0.560937 0.276389 0.345312
5 0.31658 0.758594 0.605729 0.25
31 0.639583 0.4875 0.238889 0.114062
5 0.8625 0.554297 0.275 0.354687
5 0.826389 0.525879 0.347222 0.34043
5 0.340278 0.769531 0.583333 0.28125
31 0.639583 0.486719 0.238889 0.113281
5 0.340625 0.771484 0.59375 0.280469
31 0.640278 0.485156 0.241667 0.1125
5 0.338108 0.775 0.598785 0.270313
5 0.844444 0.569531 0.311111 0.342187
5 0.336806 0.778125 0.601389 0.2625
5 0.843056 0.575781 0.313889 0.335938
5 0.872222 0.591016 0.255556 0.319531
5 0.3375 0.780469 0.602778 0.270313
5 0.341319 0.778125 0.607639 0.273438
5 0.343142 0.77832 0.616493 0.271484
5 0.339931 0.773047 0.60625 0.271094
5 0.826389 0.569141 0.347222 0.336719
5 0.33533 0.760547 0.648785 0.252344
5 0.326042 0.769922 0.621528 0.267969
5 0.325781 0.773828 0.624826 0.263281
5 0.327431 0.773438 0.625694 0.260938
5 0.328125 0.774609 0.63125 0.258594
5 0.328559 0.773438 0.63316 0.2625
34 0.804514 0.464844 0.390972 0.929688
34 0.805556 0.462109 0.388889 0.924219
5 0.33125 0.774219 0.6375 0.264063
5 0.336458 0.781445 0.613194 0.268359
34 0.806597 0.453125 0.386806 0.90625
5 0.336111 0.781055 0.6125 0.269141
31 0.5 0.497656 1 0.995312
31 0.5 0.498437 1 0.996875
5 0.335503 0.781445 0.612326 0.271484
31 0.5 0.498828 1 0.997656
31 0.5 0.498828 1 0.997656
31 0.5 0.498437 1 0.996875
31 0.5 0.498437 1 0.996875
31 0.5 0.498437 1 0.996875
31 0.5 0.498437 1 0.996875
5 0.325608 0.773828 0.623785 0.263281
