35 0.850748 0.272183 0.249313 0.279469
3 0.857575 0.275907 0.24034 0.265544
20 0.857575 0.275907 0.24034 0.265544
8 0.850748 0.272183 0.249313 0.279469
9 0.857575 0.275907 0.24034 0.265544
18 0.850748 0.272183 0.249313 0.279469
34 0.850748 0.272183 0.249313 0.279469
12 0.870841 0.357513 0.187278 0.132124
35 0.850357 0.342617 0.250094 0.494819
16 0.875523 0.371114 0.181035 0.106218
4 0.850748 0.272183 0.249313 0.279469
1 0.850748 0.272183 0.249313 0.279469
7 0.86928 0.36399 0.0593046 0.103627
8 0.875523 0.371114 0.181035 0.106218
12 0.850748 0.272183 0.249313 0.279469
7 0.870841 0.357513 0.187278 0.132124
9 0.417083 0.515544 0.564174 0.404145
0 0.870841 0.357513 0.187278 0.132124
7 0.873962 0.295175 0.187278 0.243847
18 0.875523 0.371114 0.181035 0.106218
9 0.854454 0.340026 0.249703 0.497409
23 0.850748 0.272183 0.249313 0.279469
25 0.850748 0.272183 0.249313 0.279469
7 0.84587 0.29987 0.103003 0.224093
28 0.850748 0.272183 0.249313 0.279469
34 0.420204 0.523316 0.564174 0.387306
5 0.850748 0.272183 0.249313 0.279469
9 0.860697 0.416451 0.26531 0.733161
24 0.86928 0.36399 0.0593046 0.103627
29 0.850748 0.272183 0.249313 0.279469
16 0.873962 0.295175 0.187278 0.243847
7 0.833385 0.289508 0.0749111 0.220207
12 0.859916 0.750648 0.204445 0.120466
5 0.831825 0.259067 0.074911 0.154145
7 0.830264 0.29728 0.109245 0.240933
32 0.850748 0.272183 0.249313 0.279469
27 0.857575 0.275907 0.24034 0.265544
8 0.860697 0.744819 0.209127 0.129534
16 0.13285 0.360104 0.0191179 0.0647668
18 0.873962 0.295175 0.187278 0.243847
5 0.859721 0.744171 0.206396 0.130829
18 0.13285 0.360104 0.0191179 0.0647668
0 0.870841 0.367876 0.0561833 0.108808
31 0.857575 0.275907 0.24034 0.265544
9 0.566718 0 0.866565 0
2 0.850748 0.272183 0.249313 0.279469
33 0.870841 0.357513 0.187278 0.132124
0 0.869085 0.317519 0.197032 0.214702
4 0.836312 0.772021 0.159576 0.0569948
28 0.417083 0.515544 0.564174 0.404145
0 0.831825 0.259067 0.074911 0.154145
7 0.859916 0.744171 0.206005 0.132124
18 0.850357 0.342617 0.250094 0.494819
15 0.875523 0.371114 0.181035 0.106218
3 0.850357 0.342617 0.250094 0.494819
9 0.620462 0 0.759075 0
7 0.826362 0.298089 0.152943 0.248381
7 0.873962 0.332902 0.202884 0.182642
5 0.833385 0.289508 0.0749111 0.220207
8 0.869085 0.317519 0.197032 0.214702
13 0.419034 0.527202 0.582121 0.417098
7 0.831825 0.259067 0.074911 0.154145
7 0.848797 0.271373 0.250094 0.295337
15 0.850748 0.272183 0.249313 0.279469
12 0.866159 0.29388 0.143579 0.233484
9 0.456489 0 0.836507 0
0 0.833385 0.289508 0.0749111 0.220207
17 0.870841 0.357513 0.187278 0.132124
0 0.860697 0.744819 0.209127 0.129534
10 0.860697 0.749352 0.204445 0.117876
14 0.875523 0.371114 0.181035 0.106218
9 0.854267 0.248705 0.291466 0.497409
9 0.603783 0 0.792434 0
12 0.131094 0.368523 0.0249703 0.102332
28 0.850357 0.342617 0.250094 0.494819
0 0.857575 0.275907 0.24034 0.265544
9 0.873385 0.165155 0.253231 0.330311
12 0.833385 0.289508 0.0749111 0.220207
10 0.831825 0.276069 0.0780323 0.178433
4 0.420204 0.523316 0.564174 0.387306
9 0.830077 0.255829 0.339846 0.511658
29 0.420204 0.523316 0.564174 0.387306
16 0.826362 0.298089 0.152943 0.248381
16 0.830264 0.29728 0.109245 0.240933
28 0.875523 0.371114 0.181035 0.106218
9 0.429568 0.650907 0.619577 0.698187
14 0.850748 0.272183 0.249313 0.279469
33 0.86928 0.36399 0.0593046 0.0984456
18 0.833385 0.289508 0.0749111 0.220207
9 0.431421 0.0812824 0.633818 0.162565
9 0.869288 0.523316 0.261424 0.953368
0 0.830264 0.29728 0.109245 0.240933
8 0.850357 0.342617 0.250094 0.494819
9 0.828703 0.259229 0.299644 0.372733
7 0.89191 0.36658 0.146701 0.117876
10 0.875523 0.371114 0.181035 0.106218
9 0.704445 0 0.591111 0
9 0.513843 0.554404 0.364411 0.409326
18 0.86928 0.365285 0.0561832 0.103627
4 0.86928 0.36658 0.0593046 0.103627
12 0.831825 0.259067 0.074911 0.154145
9 0.858363 0.255829 0.283273 0.511658
9 0.490043 0.498543 0.72414 0.513277
18 0.847431 0.293394 0.109245 0.233161
9 0.760815 0.243523 0.455709 0.487047
16 0.855429 0.275907 0.224343 0.300518
9 0.898745 0.516839 0.20251 0.966321
33 0.873962 0.295175 0.187278 0.243847
7 0.453368 0.514249 0.625819 0.391192
9 0.638207 0.288212 0.696244 0.576425
16 0.833385 0.289508 0.0749111 0.220207
9 0.0875913 0.0168394 0.175183 0.0336788
9 0.877286 0.400907 0.245427 0.690414
9 0.840806 0.26182 0.318388 0.442681
1 0.870841 0.357513 0.187278 0.132124
34 0.850357 0.342617 0.250094 0.494819
16 0.870841 0.367876 0.0561833 0.108808
14 0.649229 0.42487 0.0475997 0.0829016
9 0.310179 0 0.543885 0
0 0.826362 0.298089 0.152943 0.248381
33 0.857575 0.275907 0.24034 0.265544
20 0.426739 0.537565 0.59012 0.393782
7 0.850552 0.349741 0.103003 0.124352
9 0.124657 0.939119 0.249313 0.121762
22 0.850748 0.272183 0.249313 0.279469
6 0.850748 0.272183 0.249313 0.279469
9 0.859721 0.744171 0.206396 0.130829
1 0.873962 0.295175 0.187278 0.243847
34 0.525158 0 0.908296 0
9 0.451807 0.440414 0.625819 0.453368
9 0.160942 0 0.321883 0
10 0.85699 0.268135 0.252435 0.310881
9 0.860111 0.279631 0.249313 0.311205
7 0.856795 0.272021 0.254385 0.304404
5 0.85699 0.268135 0.252435 0.310881
33 0.85699 0.268135 0.252435 0.310881
8 0.860111 0.279631 0.249313 0.311205
2 0.85699 0.268135 0.252435 0.310881
1 0.858161 0.270725 0.250094 0.299223
0 0.860111 0.279631 0.249313 0.311205
3 0.858161 0.270725 0.250094 0.299223
25 0.85699 0.268135 0.252435 0.310881
32 0.85699 0.268135 0.252435 0.310881
28 0.428007 0.998705 0.856015 0.0025907
4 0.858161 0.270725 0.250094 0.299223
0 0.364216 0.360104 0.0768618 0.0621761
18 0.856795 0.272021 0.254385 0.304404
28 0.857575 0.272183 0.252825 0.310557
9 0.863818 0.740933 0.215369 0.147668
6 0.857575 0.28125 0.251264 0.310557
34 0.857575 0.28125 0.251264 0.310557
30 0.85699 0.268135 0.252435 0.310881
29 0.860111 0.279631 0.249313 0.311205
9 0.855234 0.35557 0.249703 0.488342
13 0.428007 0.998705 0.856015 0.0025907
3 0.516672 0.509067 0.352511 0.209845
18 0.334759 0.574482 0.108465 0.107513
13 0.860111 0.279631 0.249313 0.311205
18 0.520476 0.551813 0.117829 0.121762
33 0.664055 0.548575 0.0515013 0.134715
0 0.369093 0.360104 0.0374555 0.0569948
18 0.84509 0.742228 0.173232 0.126943
19 0.856795 0.272021 0.254385 0.304404
19 0.428007 0.998705 0.856015 0.0025907
14 0.85699 0.268135 0.252435 0.310881
8 0.364216 0.360104 0.0768618 0.0621761
3 0.861477 0.740285 0.213809 0.147668
8 0.130899 0.358808 0.0198982 0.0673575
0 0.353486 0.361399 0.036285 0.0621762
28 0.274479 1 0.548957 0
30 0.863818 0.740933 0.215369 0.147668
10 0.861477 0.740285 0.213809 0.147668
16 0.856795 0.272021 0.254385 0.304404
35 0.860111 0.279631 0.249313 0.311205
20 0.399526 0.998705 0.799051 0.0025907
0 0.381188 0.360104 0.0405768 0.0595855
13 0.274479 1 0.548957 0
10 0.553249 0.50842 0.285598 0.208549
21 0.399526 0.998705 0.799051 0.0025907
8 0.861477 0.740285 0.213809 0.147668
15 0.399526 0.998705 0.799051 0.0025907
14 0.532961 0.533679 0.04838 0.111399
14 0.540374 0.531736 0.0717897 0.130829
18 0.613334 0.575777 0.113927 0.0764249
22 0.860111 0.279631 0.249313 0.311205
33 0.574318 0.506477 0.245022 0.212435
23 0.428007 0.998705 0.856015 0.0025907
5 0.863818 0.740933 0.215369 0.147668
18 0.571977 0.551813 0.131875 0.119171
28 0.558524 1 0.882951 6.10352e-08
18 0.335734 0.61658 0.0948093 0.121762
15 0.857575 0.272183 0.252825 0.310557
8 0.369093 0.360104 0.0374555 0.0569948
4 0.861477 0.738342 0.209127 0.142487
8 0.353486 0.361399 0.036285 0.0621762
12 0.57939 0.582254 0.0358949 0.0621761
5 0.553249 0.50842 0.285598 0.208549
23 0.860111 0.279631 0.249313 0.311205
20 0.274479 1 0.548957 0
18 0.589924 0.568653 0.101442 0.0854922
19 0.274479 1 0.548957 0
14 0.399526 0.998705 0.799051 0.0025907
14 0.540374 0.509715 0.12095 0.161917
12 0.613334 0.582901 0.0468194 0.0621762
8 0.127095 0.358808 0.0278966 0.0699482
17 0.858161 0.270725 0.250094 0.299223
34 0.855234 0.35557 0.249703 0.488342
12 0.571977 0.551813 0.131875 0.119171
35 0.428007 0.998705 0.856015 0.0025907
33 0.857575 0.365285 0.249703 0.507772
12 0.520476 0.551813 0.117829 0.121762
18 0.866159 0.365933 0.074911 0.0919689
9 0.553249 0.50842 0.285598 0.208549
12 0.561053 0.582901 0.0585243 0.0621762
31 0.858161 0.270725 0.250094 0.299223
14 0.563393 0.527202 0.0312129 0.0854922
21 0.858161 0.270725 0.250094 0.299223
1 0.861477 0.738342 0.209127 0.142487
12 0.512672 0.585492 0.0327736 0.0569948
15 0.279941 1 0.559882 0
12 0.592265 0.583549 0.0202884 0.0595854
12 0.857575 0.28125 0.251264 0.310557
16 0.399526 0.998705 0.799051 0.0025907
12 0.573538 0.436529 0.0327736 0.0544041
33 0.645327 0.472798 0.0655471 0.165803
18 0.394453 0.551813 0.117829 0.126943
27 0.85699 0.268135 0.252435 0.310881
2 0.863818 0.740933 0.215369 0.147668
13 0.558524 1 0.882951 6.10352e-08
18 0.416693 0.560881 0.109245 0.108808
18 0.345293 0.576425 0.0710094 0.0880829
9 0.5238 0.996762 0.9524 0.00647675
26 0.85699 0.268135 0.252435 0.310881
11 0.860111 0.279631 0.249313 0.311205
8 0.857575 0.365285 0.249703 0.507772
24 0.85699 0.268135 0.252435 0.310881
9 0.855039 0.392487 0.250094 0.527202
7 0.855039 0.392487 0.250094 0.527202
0 0.855039 0.392487 0.250094 0.527202
15 0.855429 0.386658 0.249313 0.532383
1 0.855039 0.392487 0.250094 0.527202
25 0.855039 0.392487 0.250094 0.527202
33 0.855039 0.392487 0.250094 0.527202
10 0.855039 0.392487 0.250094 0.527202
8 0.854454 0.384067 0.251264 0.510363
13 0.855429 0.386658 0.249313 0.532383
27 0.855429 0.386658 0.249313 0.532383
14 0.855039 0.393135 0.250094 0.544041
17 0.855039 0.392487 0.250094 0.527202
16 0.855039 0.392487 0.250094 0.527202
18 0.855039 0.392487 0.250094 0.527202
3 0.855039 0.392487 0.250094 0.527202
31 0.855039 0.392487 0.250094 0.527202
22 0.855039 0.392487 0.250094 0.527202
32 0.855039 0.393135 0.250094 0.544041
4 0.855039 0.392487 0.250094 0.527202
29 0.855039 0.392487 0.250094 0.527202
6 0.854454 0.384067 0.251264 0.510363
16 0.644547 0.430052 0.0358948 0.0712435
11 0.855039 0.392487 0.250094 0.527202
21 0.855039 0.392487 0.250094 0.527202
26 0.855039 0.393135 0.250094 0.544041
9 0.858356 0.273316 0.245022 0.30829
12 0.855039 0.392487 0.250094 0.527202
5 0.855039 0.392487 0.250094 0.527202
0 0.131094 0.362694 0.0195081 0.0699482
2 0.855039 0.392487 0.250094 0.527202
7 0.858356 0.273316 0.245022 0.30829
7 0.644547 0.430052 0.0358948 0.0712435
34 0.855039 0.392487 0.250094 0.527202
28 0.855039 0.392487 0.250094 0.527202
0 0.642986 0.426813 0.0452587 0.0764249
7 0.870841 0.36658 0.053062 0.126943
0 0.858356 0.275259 0.249703 0.314767
30 0.855039 0.393135 0.250094 0.544041
20 0.855429 0.386658 0.249313 0.532383
8 0.131094 0.362694 0.0195081 0.0699482
33 0.870841 0.36658 0.053062 0.126943
7 0.653911 0.484456 0.0546226 0.11658
33 0.642986 0.523964 0.0983207 0.202073
15 0.48185 0 0.963699 0
35 0.855039 0.392487 0.250094 0.527202
19 0.854454 0.380181 0.248143 0.524611
0 0.621137 0.446891 0.0975404 0.11399
15 0.438542 0 0.877083 0
9 0.707363 0.362047 0.537643 0.522021
14 0.644547 0.430052 0.0358948 0.0712435
14 0.667176 0.507124 0.0210687 0.0660622
16 0.667176 0.507124 0.0210687 0.0660622
27 0.858356 0.273316 0.245022 0.30829
18 0.644547 0.430052 0.0358948 0.0712435
0 0.818559 0.27785 0.16855 0.322539
7 0.645327 0.465026 0.053062 0.139896
7 0.818559 0.27785 0.16855 0.322539
18 0.667176 0.507124 0.0210687 0.0660622
8 0.858356 0.275259 0.249703 0.314767
25 0.858356 0.273316 0.245022 0.30829
0 0.618406 0.470207 0.103783 0.15285
33 0.865378 0.346503 0.0764717 0.141192
33 0.86928 0.369819 0.0671078 0.115285
33 0.863038 0.310881 0.109245 0.221503
33 0.86772 0.313471 0.0671078 0.217617
16 0.866159 0.369171 0.074911 0.11658
33 0.872402 0.360104 0.0842749 0.124352
16 0.865378 0.346503 0.0764717 0.141192
0 0.186546 0.620466 0.102905 0.137306
33 0.896592 0.330473 0.14514 0.183614
33 0.855234 0.33614 0.103003 0.163212
33 0.856015 0.492228 0.266871 0.34456
25 0.859136 0.492228 0.271553 0.339378
4 0.859136 0.492228 0.271553 0.339378
3 0.859136 0.492228 0.271553 0.339378
10 0.856015 0.492228 0.266871 0.34456
33 0.858551 0.571244 0.271162 0.414508
32 0.859916 0.490933 0.269992 0.345855
7 0.859721 0.490933 0.268821 0.341969
9 0.859721 0.490933 0.268821 0.341969
34 0.8566 0.399126 0.259457 0.51263
5 0.859136 0.492228 0.271553 0.339378
33 0.852113 0.4341 0.285598 0.416775
7 0.852113 0.4341 0.285598 0.416775
2 0.859721 0.490933 0.268821 0.341969
33 0.852113 0.437824 0.273113 0.233161
32 0.858551 0.571244 0.271162 0.414508
33 0.349 0.522668 0.463122 0.301813
27 0.859916 0.489637 0.269992 0.34456
25 0.852113 0.4341 0.285598 0.416775
9 0.852113 0.4341 0.285598 0.416775
31 0.859136 0.492228 0.271553 0.339378
17 0.859136 0.492228 0.271553 0.339378
10 0.852113 0.4341 0.285598 0.416775
10 0.858551 0.571244 0.271162 0.414508
8 0.859721 0.490933 0.268821 0.341969
7 0.858551 0.571244 0.271162 0.414508
10 0.858356 0.748705 0.201323 0.137306
34 0.859136 0.492228 0.271553 0.339378
22 0.8566 0.399126 0.259457 0.51263
0 0.856015 0.492228 0.266871 0.34456
33 0.863038 0.744171 0.221612 0.120466
25 0.858551 0.571244 0.271162 0.414508
7 0.857575 0.751295 0.207566 0.138601
35 0.859916 0.489637 0.269992 0.34456
18 0.859136 0.492228 0.271553 0.339378
22 0.859916 0.490933 0.269992 0.345855
3 0.852113 0.4341 0.285598 0.416775
33 0.859136 0.547927 0.263749 0.235751
10 0.852113 0.437824 0.273113 0.233161
10 0.850357 0.29987 0.284428 0.384715
4 0.852113 0.4341 0.285598 0.416775
1 0.859721 0.490933 0.268821 0.341969
6 0.8566 0.399126 0.259457 0.51263
33 0.292036 0.515544 0.339831 0.326425
33 0.855234 0.301652 0.284038 0.394106
16 0.859136 0.492228 0.271553 0.339378
32 0.857575 0.751295 0.207566 0.138601
33 0.848992 0.372409 0.109245 0.102332
9 0.858551 0.571244 0.271162 0.414508
10 0.858356 0.775907 0.212248 0.209845
25 0.859136 0.547927 0.263749 0.235751
2 0.8566 0.399126 0.259457 0.51263
7 0.855234 0.301652 0.284038 0.394106
32 0.852113 0.437824 0.273113 0.233161
0 0.858356 0.748705 0.201323 0.137306
0 0.866159 0.266839 0.26531 0.310881
2 0.858356 0.748705 0.201323 0.137306
4 0.84353 0.522021 0.229415 0.272021
32 0.358168 0.525259 0.480679 0.313472
7 0.866159 0.739637 0.254385 0.132124
33 0.858356 0.775907 0.212248 0.209845
33 0.861282 0.689119 0.250094 0.23057
7 0.858356 0.775907 0.212248 0.209845
33 0.859136 0.370466 0.0764717 0.103627
7 0.859136 0.547927 0.263749 0.235751
2 0.858551 0.571244 0.271162 0.414508
9 0.864793 0.751943 0.224343 0.138601
32 0.8566 0.399126 0.259457 0.51263
9 0.855429 0.388601 0.261799 0.572539
8 0.852113 0.4341 0.285598 0.416775
32 0.859136 0.547927 0.263749 0.235751
5 0.852113 0.4341 0.285598 0.416775
29 0.855429 0.388601 0.261799 0.572539
7 0.852113 0.437824 0.273113 0.233161
0 0.852113 0.437824 0.273113 0.233161
32 0.866159 0.739637 0.254385 0.132124
3 0.855429 0.388601 0.261799 0.572539
9 0.855234 0.301652 0.284038 0.394106
3 0.859136 0.547927 0.263749 0.235751
10 0.864403 0.240285 0.2657 0.260363
3 0.858551 0.571244 0.271162 0.414508
33 0.451807 0.507772 0.501748 0.208549
17 0.859136 0.547927 0.263749 0.235751
0 0.8566 0.399126 0.259457 0.51263
20 0.859916 0.490933 0.269992 0.345855
7 0.855429 0.388601 0.261799 0.572539
25 0.855429 0.388601 0.261799 0.572539
3 0.865379 0.744819 0.235658 0.126943
33 0.376506 0.503886 0.614114 0.253886
7 0.864403 0.240285 0.2657 0.260363
0 0.851918 0.32513 0.275064 0.433938
25 0.852113 0.437824 0.273113 0.233161
33 0.822266 0.426166 0.159576 0.220207
25 0.855234 0.301652 0.284038 0.394106
25 0.864793 0.751943 0.224343 0.138601
17 0.852113 0.4341 0.285598 0.416775
32 0.5 0.5 1 1
32 0.850357 0.29987 0.284428 0.384715
0 0.858551 0.571244 0.271162 0.414508
0 0.858356 0.775907 0.212248 0.209845
32 0.858356 0.775907 0.212248 0.209845
7 0.861282 0.689119 0.250094 0.23057
31 0.8566 0.399126 0.259457 0.51263
1 0.8566 0.399126 0.259457 0.51263
10 0.859136 0.547927 0.263749 0.235751
9 0.852113 0.437824 0.273113 0.233161
7 0.860697 0.830311 0.209127 0.313471
4 0.864793 0.751943 0.224343 0.138601
17 0.858551 0.571244 0.271162 0.414508
6 0.859136 0.492228 0.271553 0.339378
0 0.190594 0.651554 0.0971502 0.0673575
15 0.870841 0.368523 0.0561833 0.106218
7 0.86928 0.370466 0.0561832 0.111399
0 0.199178 0.658031 0.0846651 0.0556995
0 0.173134 0.658031 0.0676931 0.0556995
33 0.86928 0.370466 0.0561832 0.111399
29 0.514826 0.536269 0.970348 0.927461
0 0.176743 0.669041 0.0401867 0.0492228
18 0.870841 0.368523 0.0561833 0.106218
8 0.19196 0.663212 0.089347 0.0621761
34 0.509364 0.563471 0.981272 0.873057
7 0.854454 0.305861 0.262189 0.36237
0 0.590705 0.551166 0.115488 0.111399
0 0.632842 0.580958 0.084275 0.0556995
0 0.609433 0.59456 0.0616455 0.0427461
0 0.618796 0.579015 0.0873962 0.0544042
0 0.619967 0.591969 0.0647668 0.0492228
0 0.632062 0.590026 0.0702291 0.0556995
8 0.190594 0.651554 0.0971502 0.0673575
29 0.470535 0.585492 0.922342 0.601036
10 0.854454 0.305861 0.262189 0.36237
33 0.856795 0.297927 0.254385 0.353627
15 0.785005 0.734456 0.0515013 0.103627
34 0.513656 0.537565 0.972689 0.92487
33 0.644547 0.420984 0.0452587 0.0803109
33 0.870841 0.36658 0.0811536 0.126943
33 0.646888 0.426166 0.0358948 0.0686529
7 0.860111 0.379372 0.252435 0.528821
33 0.860111 0.379372 0.252435 0.528821
9 0.860111 0.379372 0.252435 0.528821
33 0.856015 0.487047 0.248143 0.34715
33 0.872402 0.365933 0.0717898 0.101036
33 0.890349 0.370466 0.110806 0.104922
7 0.854454 0.490933 0.243461 0.336788
33 0.132362 0.360751 0.0202884 0.0647668
33 0.862843 0.356218 0.203274 0.132124
0 0.874742 0.367876 0.074911 0.106218
1 0.856015 0.487047 0.248143 0.34715
32 0.874742 0.367876 0.074911 0.106218
6 0.874742 0.367876 0.074911 0.106218
10 0.874742 0.367876 0.074911 0.106218
0 0.890349 0.370466 0.110806 0.104922
32 0.889569 0.365933 0.118609 0.117876
33 0.876303 0.347798 0.0858355 0.139896
8 0.872402 0.365933 0.0717898 0.101036
32 0.853674 0.533679 0.246582 0.256477
8 0.888008 0.369819 0.106124 0.0997409
7 0.878644 0.369171 0.0889568 0.0984456
33 0.867524 0.304404 0.215759 0.282383
25 0.853674 0.533679 0.246582 0.256477
33 0.848992 0.540155 0.238779 0.246114
6 0.890349 0.370466 0.110806 0.104922
1 0.861672 0.36399 0.202494 0.106218
9 0.853674 0.533679 0.246582 0.256477
7 0.861672 0.36399 0.202494 0.106218
7 0.848992 0.371114 0.134216 0.110104
15 0.872402 0.365933 0.0717898 0.101036
10 0.856015 0.487047 0.248143 0.34715
10 0.890349 0.370466 0.110806 0.104922
33 0.877864 0.272021 0.0842749 0.30829
15 0.888008 0.369819 0.106124 0.0997409
33 0.644547 0.431347 0.0421375 0.0569948
7 0.372604 0.516839 0.0585242 0.0569948
7 0.86928 0.36399 0.0686684 0.0945596
10 0.861672 0.36399 0.202494 0.106218
0 0.365972 0.358808 0.0780323 0.0569948
27 0.853674 0.533679 0.246582 0.256477
0 0.625039 0.581606 0.101442 0.0544042
8 0.856015 0.487047 0.248143 0.34715
16 0.874742 0.367876 0.074911 0.106218
1 0.874742 0.367876 0.074911 0.106218
33 0.848992 0.371114 0.134216 0.110104
16 0.375726 0.514249 0.0632062 0.0531088
1 0.889569 0.365933 0.118609 0.117876
0 0.638695 0.590026 0.104563 0.0608809
33 0.437371 0.583549 0.0717897 0.0582902
22 0.856015 0.487047 0.248143 0.34715
18 0.765887 0.238666 0.0273113 0.0628238
18 0.765107 0.248705 0.028872 0.0647668
33 0.872402 0.380829 0.0624258 0.142487
2 0.858356 0.389896 0.26531 0.554404
18 0.933267 0.213407 0.0686684 0.198834
2 0.750671 0.389249 0.4838 0.567357
33 0.872402 0.362694 0.0561833 0.0958549
18 0.933267 0.224741 0.0468193 0.216321
18 0.890349 0.173251 0.0561833 0.119171
26 0.932486 0.236723 0.0468194 0.233808
14 0.934827 0.222798 0.0561833 0.212435
18 0.765497 0.24158 0.0436981 0.0803109
18 0.89269 0.150259 0.0483801 0.0738342
34 0.858356 0.390544 0.254385 0.546632
33 0.870841 0.360104 0.0593046 0.0906736
7 0.860697 0.399611 0.254385 0.536269
2 0.859916 0.404307 0.254385 0.546308
10 0.860697 0.399611 0.254385 0.536269
32 0.860697 0.399611 0.254385 0.536269
1 0.860697 0.399611 0.254385 0.536269
9 0.860697 0.399611 0.254385 0.536269
33 0.860697 0.399611 0.254385 0.536269
0 0.865964 0.260525 0.237608 0.287241
14 0.860697 0.399611 0.254385 0.536269
10 0.861672 0.26943 0.246192 0.303109
34 0.859916 0.404307 0.254385 0.546308
6 0.859916 0.404307 0.254385 0.546308
11 0.860697 0.399611 0.254385 0.536269
5 0.860697 0.399611 0.254385 0.536269
0 0.860697 0.399611 0.254385 0.536269
19 0.860697 0.399611 0.254385 0.536269
25 0.860697 0.399611 0.254385 0.536269
30 0.860697 0.399611 0.254385 0.536269
7 0.859916 0.540317 0.254385 0.826101
13 0.860697 0.399611 0.254385 0.536269
22 0.859916 0.404307 0.254385 0.546308
15 0.860697 0.399611 0.254385 0.536269
8 0.860697 0.399611 0.254385 0.536269
18 0.860697 0.399611 0.254385 0.536269
7 0.858356 0.507772 0.254385 0.326425
7 0.862257 0.306347 0.243461 0.244819
1 0.862843 0.268135 0.24073 0.303109
18 0.763937 0.240285 0.0249703 0.0634715
18 0.895811 0.150583 0.0405768 0.0641192
18 0.900493 0.152202 0.0561833 0.0647668
18 0.931706 0.179728 0.0312129 0.0667098
18 0.957457 0.146373 0.0312129 0.0518135
18 0.930145 0.158679 0.0312129 0.0699482
18 0.94107 0.15285 0.0405768 0.0621762
18 0.953555 0.168394 0.0421375 0.0841969
18 0.923122 0.176166 0.0515013 0.0725389
18 0.582121 0.435233 0.0358949 0.0453368
18 0.761596 0.224417 0.0405768 0.113342
18 0.827143 0.721503 0.0343342 0.0336787
18 0.590705 0.435233 0.0280917 0.0440415
7 0.864598 0.365285 0.0655471 0.0958549
25 0.859916 0.420337 0.262189 0.615285
7 0.859916 0.420337 0.262189 0.615285
0 0.864598 0.369171 0.0655471 0.101036
6 0.864598 0.369171 0.0655471 0.101036
32 0.864598 0.365285 0.0655471 0.0958549
4 0.859916 0.420337 0.262189 0.615285
7 0.864598 0.369171 0.0811536 0.11399
33 0.859916 0.420337 0.262189 0.615285
9 0.859916 0.420337 0.262189 0.615285
15 0.860697 0.430052 0.262189 0.629534
10 0.859916 0.420337 0.262189 0.615285
4 0.864598 0.365285 0.0655471 0.0958549
7 0.540187 0.548575 0.919627 0.90285
3 0.859916 0.420337 0.262189 0.615285
22 0.859916 0.420337 0.262189 0.615285
17 0.863233 0.403012 0.26492 0.574806
8 0.864598 0.365285 0.0655471 0.0958549
34 0.860697 0.430052 0.262189 0.629534
22 0.864598 0.369171 0.0811536 0.11399
8 0.864598 0.369171 0.0811536 0.11399
14 0.860697 0.430052 0.262189 0.629534
7 0.853674 0.414508 0.0842749 0.202073
0 0.860697 0.430052 0.262189 0.629534
1 0.859916 0.420337 0.262189 0.615285
25 0.864598 0.369171 0.0811536 0.11399
33 0.863038 0.369819 0.0655471 0.0932642
27 0.860697 0.396373 0.262189 0.55829
13 0.860697 0.430052 0.262189 0.629534
22 0.873962 0.406088 0.109245 0.193005
33 0.864598 0.369171 0.0811536 0.11399
32 0.89191 0.362694 0.112367 0.106218
0 0.86928 0.36399 0.0780323 0.0932643
0 0.89191 0.362694 0.112367 0.106218
6 0.89191 0.362694 0.112367 0.106218
33 0.875523 0.36658 0.0920781 0.101036
7 0.852893 0.415155 0.107685 0.199482
33 0.889569 0.369819 0.118609 0.115285
7 0.873962 0.395078 0.162307 0.181347
35 0.894251 0.36399 0.115488 0.119171
32 0.86928 0.36399 0.0780323 0.0932643
10 0.86928 0.36399 0.0780323 0.0932643
0 0.870061 0.367876 0.0577439 0.0880829
6 0.870841 0.369171 0.0624259 0.0880829
34 0.859721 0.375648 0.256336 0.524611
6 0.894251 0.372409 0.112367 0.0984456
6 0.870061 0.362047 0.0671078 0.0841969
0 0.895811 0.367876 0.115488 0.0984456
0 0.870061 0.362047 0.0671078 0.0841969
32 0.853674 0.534326 0.252825 0.32772
0 0.648058 0.420984 0.0413571 0.0647668
32 0.856015 0.630181 0.259067 0.316062
34 0.853674 0.462597 0.254385 0.579987
0 0.870841 0.356865 0.0686684 0.0919689
6 0.873962 0.362047 0.079593 0.101036
6 0.895811 0.36658 0.124852 0.106218
4 0.879424 0.362694 0.0889569 0.106218
4 0.895811 0.363342 0.124852 0.111399
0 0.873962 0.361399 0.0811536 0.101036
35 0.895811 0.363342 0.124852 0.111399
6 0.86772 0.38342 0.0967601 0.134715
35 0.879424 0.362694 0.0889569 0.106218
6 0.866159 0.411917 0.103003 0.173575
25 0.887228 0.404145 0.14358 0.189119
25 0.895811 0.36658 0.124852 0.106218
10 0.873962 0.361399 0.0811536 0.101036
25 0.866159 0.411917 0.103003 0.173575
25 0.856795 0.443005 0.135776 0.137306
6 0.500577 0.498057 0.993352 0.853627
2 0.500577 0.498057 0.993352 0.853627
35 0.872402 0.362694 0.0593046 0.0893782
6 0.873182 0.365285 0.0624259 0.0984456
35 0.897372 0.364637 0.109245 0.0984456
6 0.810171 0.490933 0.161917 0.145078
6 0.816023 0.365933 0.175183 0.476684
6 0.899713 0.369171 0.112367 0.11399
6 0.809195 0.46114 0.157625 0.177461
6 0.84431 0.368523 0.137337 0.168394
6 0.841189 0.476684 0.0296523 0.0751295
35 0.808415 0.492228 0.157625 0.142487
4 0.808415 0.492228 0.157625 0.142487
4 0.86772 0.362694 0.0561832 0.0880829
32 0.826362 0.472798 0.195081 0.345855
6 0.824802 0.434585 0.188838 0.316062
32 0.817779 0.407383 0.177914 0.404145
18 0.841189 0.476684 0.0296523 0.0751295
18 0.808415 0.501295 0.160747 0.15544
4 0.809195 0.46114 0.157625 0.177461
34 0.82012 0.36399 0.179474 0.492228
35 0.909857 0.371762 0.127973 0.123057
6 0.807635 0.466321 0.149822 0.121762
0 0.84431 0.368523 0.137337 0.168394
6 0.824802 0.492228 0.188838 0.305699
35 0.809195 0.46114 0.157625 0.177461
18 0.866159 0.36399 0.0608652 0.0893782
6 0.870061 0.36399 0.101442 0.0984456
3 0.837287 0.455959 0.110806 0.104922
6 0.912978 0.377591 0.124852 0.102332
6 0.837287 0.455959 0.110806 0.104922
6 0.871621 0.428109 0.0421375 0.0725388
35 0.803733 0.536269 0.151383 0.227979
25 0.837287 0.455959 0.110806 0.104922
32 0.848211 0.443653 0.237218 0.411917
35 0.864598 0.360104 0.0624258 0.0777202
3 0.851333 0.428756 0.0905175 0.151554
18 0.842749 0.470207 0.0998814 0.0932643
6 0.833385 0.496762 0.109245 0.120466
6 0.781884 0.472798 0.104563 0.147668
0 0.816023 0.365933 0.175183 0.476684
9 0.82012 0.36399 0.179474 0.492228
0 0.870061 0.36399 0.101442 0.0984456
32 0.817584 0.51943 0.175183 0.266839
6 0.809976 0.534326 0.165429 0.224093
6 0.775836 0.492228 0.0932486 0.129534
35 0.781884 0.472798 0.104563 0.147668
6 0.877864 0.392487 0.0655471 0.163212
3 0.841189 0.476684 0.0296523 0.0751295
6 0.851333 0.428756 0.0905175 0.151554
4 0.841189 0.476684 0.0296523 0.0751295
18 0.84353 0.494819 0.103003 0.111399
35 0.89347 0.365285 0.109245 0.103627
35 0.86928 0.363342 0.0702291 0.0919689
6 0.895031 0.36658 0.112367 0.106218
6 0.866159 0.362694 0.0671078 0.0906736
0 0.8685 0.365285 0.0733504 0.0906736
6 0.89269 0.364637 0.115488 0.0984456
32 0.8685 0.365285 0.0733504 0.0906736
7 0.86772 0.362694 0.0717897 0.0906736
29 0.860697 0.391354 0.257507 0.569624
18 0.86772 0.362694 0.0717897 0.0906736
6 0.86928 0.36399 0.053062 0.0958549
14 0.895811 0.150583 0.0405768 0.0647668
6 0.827923 0.255829 0.159186 0.286269
0 0.86772 0.365285 0.0561832 0.0854922
35 0.823241 0.553109 0.187278 0.217617
18 0.866159 0.364637 0.0593046 0.0919689
6 0.856795 0.323187 0.268431 0.415803
6 0.537455 0.406736 0.925089 0.67487
6 0.85699 0.418394 0.26492 0.615285
2 0.507803 0.400421 0.984394 0.704339
6 0.824802 0.263115 0.163868 0.289832
6 0.853674 0.274773 0.243461 0.310557
7 0.504682 0.448186 0.990636 0.729275
15 0.507803 0.400421 0.984394 0.704339
29 0.507803 0.400421 0.984394 0.704339
0 0.884887 0.779793 0.149822 0.0621761
33 0.130899 0.358808 0.0249703 0.0699482
11 0.526921 0.437176 0.946158 0.707254
34 0.828898 0.248705 0.146311 0.266839
6 0.824021 0.32011 0.188838 0.406412
34 0.853674 0.274773 0.243461 0.310557
34 0.862257 0.782383 0.202884 0.0634715
6 0.873962 0.36399 0.0733504 0.110104
6 0.884887 0.367876 0.109245 0.101036
6 0.920594 0 0.158811 0
6 0.873182 0.36399 0.0686684 0.101036
6 0.939322 0 0.121356 0
6 0.874157 0 0.205615 0
32 0.864598 0.733161 0.196642 0.11658
32 0.888008 0.364637 0.115488 0.0984456
35 0.872402 0.361399 0.0655471 0.0932643
6 0.864598 0.733161 0.196642 0.11658
6 0.819339 0 0.190399 0
18 0.870061 0.362694 0.0671078 0.0958549
32 0.86928 0.360751 0.0624259 0.0893782
6 0.77135 0 0.180255 0
6 0.886447 0.361399 0.12173 0.0958549
6 0.951027 0 0.0979462 0
6 0.720238 0 0.19196 0
0 0.183571 0.660622 0.101052 0.0595855
18 0.3371 0.556995 0.0936388 0.108808
4 0.870841 0.363342 0.0655471 0.0971503
6 0.667957 0 0.198202 0
0 0.864598 0.733161 0.196642 0.11658
6 0.956489 0 0.0870217 0
0 0.8685 0.360751 0.0639865 0.0893782
6 0.903614 0.363342 0.131094 0.0984456
18 0.644937 0.428756 0.0436981 0.0595855
18 0.238974 0.358808 0.0312129 0.0492228
6 0.873962 0.363342 0.0858356 0.104922
6 0.856015 0.282221 0.24034 0.321567
33 0.86772 0.36399 0.0686684 0.0984456
6 0.873962 0.364637 0.0686684 0.0984456
6 0.898152 0.365933 0.12173 0.107513
0 0.870841 0.360104 0.0593046 0.0829016
6 0.870841 0.365285 0.0655471 0.0984456
0 0.86772 0.362694 0.0624259 0.0854922
31 0.870061 0.365933 0.0639865 0.0958549
13 0.870061 0.365933 0.0639865 0.0958549
6 0.872402 0.36399 0.0639865 0.101036
6 0.858356 0.301166 0.134216 0.371762
6 0.866159 0.347798 0.202884 0.48057
6 0.919221 0.373057 0.0764717 0.0932642
34 0.872402 0.309585 0.181035 0.384715
6 0.823241 0.330149 0.156065 0.466645
18 0.89269 0.152202 0.0436981 0.0673575
0 0.846651 0.307157 0.104563 0.380505
6 0.895811 0.367228 0.117048 0.101036
6 0.86928 0.367228 0.0593046 0.0906736
6 0.859136 0.33274 0.249703 0.425194
0 0.862843 0.334845 0.243851 0.432642
9 0.857575 0.338731 0.252825 0.445596
6 0.834166 0.153821 0.0561832 0.0699482
34 0.865964 0.329016 0.237608 0.427461
6 0.919221 0.388601 0.0905175 0.0647668
6 0.898932 0.365285 0.127973 0.11399
6 0.86928 0.36399 0.0686684 0.0984456
35 0.898932 0.365285 0.127973 0.11399
0 0.858551 0.326263 0.221222 0.399288
0 0.86928 0.277364 0.190399 0.310557
34 0.898932 0.365285 0.127973 0.11399
6 0.895031 0.379534 0.135776 0.158031
0 0.884887 0.363342 0.0998814 0.102332
6 0.895811 0.36399 0.127973 0.111399
0 0.881765 0.361399 0.159186 0.108808
0 0.89191 0.364637 0.118609 0.0984456
9 0.894251 0.36399 0.123291 0.103627
0 0.867524 0.305538 0.190789 0.243847
35 0.896592 0.365285 0.126412 0.110104
10 0.895811 0.36399 0.127973 0.111399
22 0.895811 0.36399 0.127973 0.111399
0 0.877083 0.32011 0.16855 0.191386
33 0.894251 0.36399 0.123291 0.103627
31 0.895811 0.36399 0.127973 0.111399
32 0.894251 0.36399 0.123291 0.103627
25 0.895811 0.36399 0.127973 0.111399
0 0.847431 0.317357 0.234097 0.332902
2 0.896592 0.365285 0.126412 0.110104
6 0.899713 0.367876 0.12173 0.11399
6 0.873962 0.367876 0.0686684 0.108808
0 0.873962 0.367876 0.0686684 0.108808
6 0.898932 0.388601 0.124852 0.0725388
6 0.897372 0.370466 0.131094 0.106218
6 0.86928 0.367228 0.0655472 0.103627
6 0.897372 0.387306 0.127973 0.0790155
6 0.896592 0.400259 0.12173 0.0595855
0 0.866159 0.365933 0.0593046 0.102332
6 0.891129 0.36399 0.112367 0.106218
6 0.86772 0.363342 0.0624259 0.0997409
19 0.909857 0.147345 0.0561833 0.0725389
10 0.891129 0.36399 0.112367 0.106218
0 0.86772 0.363342 0.0624259 0.0997409
33 0.8685 0.363342 0.0639865 0.0971503
10 0.86772 0.363342 0.0624259 0.0997409
6 0.86928 0.363342 0.0655472 0.106218
0 0.86772 0.36399 0.0593046 0.101036
6 0.86928 0.353627 0.0593046 0.0906736
6 0.882546 0.360104 0.0873962 0.106218
6 0.858161 0.446243 0.234487 0.270725
6 0.855039 0.521373 0.243851 0.270725
19 0.903614 0.145078 0.0499407 0.0595855
6 0.902054 0.378886 0.12173 0.0777202
6 0.870841 0.300518 0.156065 0.360104
6 0.824802 0.192681 0.0795929 0.143135
6 0.871621 0.351198 0.204445 0.455635
19 0.920781 0.146697 0.0468194 0.0550518
6 0.836507 0.472798 0.14514 0.0803109
32 0.855429 0.423575 0.243071 0.313471
6 0.873962 0.436528 0.0842749 0.110104
0 0.86772 0.351036 0.0593046 0.0880829
6 0.888788 0.358808 0.103003 0.106218
6 0.875523 0.358161 0.074911 0.101036
6 0.851918 0.365933 0.24073 0.432642
6 0.850552 0.42487 0.245022 0.270725
34 0.857575 0.349903 0.237218 0.468588
18 0.438542 0.509067 0.0600849 0.0544041
6 0.86772 0.356865 0.0593046 0.111399
6 0.897372 0.360104 0.140458 0.124352
19 0.949654 0.17228 0.0624259 0.104922
6 0.86928 0.354922 0.0593046 0.0829016
19 0.949654 0.154793 0.0593046 0.0816062
19 0.934827 0.153174 0.0717898 0.0770725
19 0.9161 0.174223 0.0858356 0.106218
19 0.906736 0.149288 0.0608653 0.0705958
0 0.86928 0.354922 0.0593046 0.0829016
19 0.950434 0.199158 0.0702291 0.169041
6 0.926244 0.391192 0.0671078 0.0544041
6 0.901273 0.362694 0.124852 0.106218
6 0.873182 0.352332 0.0702291 0.101036
6 0.925463 0.375648 0.0780323 0.0829016
6 0.923903 0.398964 0.0655471 0.0466321
6 0.895811 0.35557 0.138898 0.125648
6 0.870061 0.360104 0.0811536 0.108808
19 0.901273 0.145402 0.0515013 0.0680052
0 0.86772 0.360104 0.0780323 0.102332
0 0.77291 0.151554 0.0522817 0.0751295
6 0.854454 0.461788 0.246582 0.202073
34 0.856015 0.466321 0.245022 0.235751
6 0.855429 0.36658 0.249313 0.515544
6 0.854454 0.512953 0.248143 0.301813
6 0.888788 0.361399 0.112367 0.129534
2 0.855429 0.36658 0.249313 0.515544
6 0.864598 0.365933 0.0624258 0.0893782
6 0.883326 0.393782 0.171671 0.222798
6 0.897372 0.362047 0.135776 0.251295
32 0.854454 0.512953 0.248143 0.301813
15 0.855429 0.36658 0.249313 0.515544
34 0.856795 0.5 0.249703 0.362694
6 0.872402 0.356218 0.0749111 0.0958549
32 0.856015 0.466321 0.245022 0.235751
34 0.856795 0.397668 0.243461 0.248705
32 0.855429 0.36658 0.249313 0.515544
7 0.855429 0.36658 0.249313 0.515544
11 0.855429 0.36658 0.249313 0.515544
9 0.854454 0.512953 0.248143 0.301813
1 0.855429 0.36658 0.249313 0.515544
34 0.858161 0.329663 0.259457 0.448187
6 0.866159 0.358808 0.0608652 0.0699482
6 0.864598 0.371114 0.0655471 0.0738342
6 0.873182 0.356218 0.0671078 0.0829016
6 0.897372 0.360104 0.131094 0.11399
6 0.870841 0.362047 0.074911 0.0971502
34 0.853869 0.332902 0.246192 0.439119
32 0.850357 0.505181 0.243851 0.290155
2 0.850357 0.505181 0.243851 0.290155
32 0.848797 0.443653 0.24073 0.247409
7 0.852893 0.51101 0.246582 0.272021
6 0.848797 0.443653 0.24073 0.247409
25 0.851918 0.455959 0.246972 0.227979
9 0.850357 0.505181 0.243851 0.290155
19 0.848992 0.326425 0.235658 0.40285
6 0.889569 0.358808 0.148261 0.111399
15 0.853869 0.391839 0.249313 0.400259
6 0.852308 0.439119 0.243071 0.225389
32 0.852308 0.439119 0.243071 0.225389
6 0.873962 0.361399 0.103003 0.0958549
2 0.852308 0.439119 0.243071 0.225389
2 0.850357 0.487047 0.24073 0.303109
32 0.850357 0.487047 0.24073 0.303109
34 0.854454 0.45013 0.235658 0.376943
6 0.89269 0.360751 0.113927 0.0971503
6 0.872402 0.360751 0.0749111 0.0919689
6 0.866939 0.434585 0.074911 0.0699482
6 0.856795 0.367876 0.255946 0.507772
6 0.856015 0.502591 0.255946 0.760363
15 0.856015 0.502591 0.255946 0.760363
6 0.852113 0.374352 0.246582 0.520725
6 0.851333 0.361399 0.245022 0.479275
25 0.900493 0.352979 0.127973 0.13601
6 0.861477 0.348446 0.218491 0.474093
11 0.853674 0.419041 0.246582 0.625648
