14 0.09375 0.17699115044247787 0.055288461538461536 0.15486725663716813
14 0.1778846153846154 0.17256637168141592 0.055288461538461536 0.1504424778761062
14 0.34375 0.17256637168141592 0.057692307692307696 0.1504424778761062
14 0.4254807692307692 0.17256637168141592 0.057692307692307696 0.1504424778761062
14 0.5072115384615384 0.17699115044247787 0.057692307692307696 0.1415929203539823
14 0.5841346153846154 0.168141592920354 0.057692307692307696 0.1504424778761062
14 0.6682692307692307 0.168141592920354 0.057692307692307696 0.14601769911504425
14 0.75 0.16371681415929204 0.057692307692307696 0.1504424778761062
14 0.8317307692307693 0.16371681415929204 0.055288461538461536 0.15486725663716813
14 0.46153846153846156 0.668141592920354 0.06971153846153846 0.12389380530973451
14 0.6394230769230769 0.6637168141592921 0.06971153846153846 0.12831858407079647
14 0.9326923076923077 0.6548672566371682 0.06490384615384616 0.13716814159292035
14 0.8822115384615384 0.8539823008849557 0.07692307692307693 0.11061946902654868
14 0.6971153846153846 0.8451327433628318 0.06971153846153846 0.11061946902654868