22 0.506096 0.502731 0.874735 0.479976
3 0.456112 0.571602 0.818502 0.350728
22 0.456112 0.571602 0.818502 0.350728
62 0.531089 0.497269 0.868486 0.466626
3 0.528746 0.516383 0.845056 0.427184
2 0.621003 0.492036 0.669914 0.472239
72 0.410422 0.580097 0.717751 0.320388
72 0.50141 0.547633 0.849742 0.386529
2 0.456112 0.571602 0.818502 0.350728
3 0.349894 0.57949 0.612314 0.286408
72 0.565453 0.496663 0.799757 0.453277
35 0.565453 0.496663 0.799757 0.453277
22 0.349894 0.57949 0.612314 0.286408
60 0.456112 0.571602 0.818502 0.350728
4 0.466265 0.511529 0.854428 0.474515
62 0.456112 0.571602 0.818502 0.350728
22 0.691978 0.493325 0.58576 0.457524
2 0.72478 0.49818 0.498286 0.459951
52 0.466265 0.511529 0.854428 0.474515
60 0.528746 0.516383 0.845056 0.427184
36 0.565551 0.498483 0.771446 0.452063
33 0.565453 0.496663 0.799757 0.453277
35 0.426433 0.53307 0.762269 0.431432
64 0.466265 0.511529 0.854428 0.474515
60 0.349894 0.57949 0.612314 0.286408
57 0.565453 0.496663 0.799757 0.453277
58 0.50141 0.547633 0.849742 0.386529
41 0.426433 0.53307 0.762269 0.431432
62 0.691978 0.493325 0.58576 0.457524
72 0.691978 0.493325 0.58576 0.457524
23 0.61866 0.495752 0.699592 0.45267
41 0.531089 0.497269 0.868486 0.466626
21 0.61866 0.495752 0.699592 0.45267
41 0.410422 0.580097 0.717751 0.320388
36 0.50141 0.547633 0.849742 0.386529
4 0.61866 0.495752 0.699592 0.45267
39 0.61866 0.495752 0.699592 0.45267
58 0.410422 0.580097 0.717751 0.320388
10 0.531089 0.497269 0.868486 0.466626
52 0.61866 0.495752 0.699592 0.45267
57 0.711112 0.489002 0.549052 0.463744
36 0.410422 0.580097 0.717751 0.320388
23 0.50141 0.547633 0.849742 0.386529
4 0.738057 0.490215 0.490476 0.456462
35 0.691978 0.493325 0.58576 0.457524
3 0.481885 0.622573 0.687291 0.451456
35 0.410422 0.580097 0.717751 0.320388
60 0.691978 0.493325 0.58576 0.457524
2 0.349894 0.57949 0.612314 0.286408
10 0.426433 0.53307 0.762269 0.431432
4 0.368638 0.554915 0.652927 0.374393
37 0.456112 0.571602 0.818502 0.350728
3 0.691978 0.493325 0.58576 0.457524
36 0.691978 0.493325 0.58576 0.457524
69 0.456112 0.571602 0.818502 0.350728
31 0.426433 0.53307 0.762269 0.431432
64 0.410813 0.462075 0.675576 0.606189
64 0.410422 0.580097 0.717751 0.320388
57 0.426433 0.53307 0.762269 0.431432
58 0.294832 0.575546 0.520155 0.263956
21 0.738057 0.490215 0.490476 0.456462
64 0.61866 0.495752 0.699592 0.45267
37 0.528746 0.516383 0.845056 0.427184
62 0.349894 0.57949 0.612314 0.286408
33 0.738057 0.490215 0.490476 0.456462
56 0.506096 0.502731 0.874735 0.479976
8 0.691978 0.493325 0.58576 0.457524
22 0.422138 0.632433 0.640431 0.422027
23 0.410422 0.580097 0.717751 0.320388
72 0.452207 0.452139 0.763831 0.619994
3 0.372348 0.628641 0.555691 0.394418
21 0.466265 0.511529 0.854428 0.474515
10 0.452207 0.452139 0.763831 0.619994
69 0.349894 0.57949 0.612314 0.286408
31 0.691978 0.493325 0.58576 0.457524
37 0.349894 0.57949 0.612314 0.286408
58 0.565453 0.496663 0.799757 0.453277
10 0.652146 0.486347 0.617 0.478762
52 0.368638 0.554915 0.652927 0.374393
2 0.422138 0.632433 0.640431 0.422027
69 0.565453 0.496663 0.799757 0.453277
41 0.410813 0.462075 0.675576 0.606189
3 0.584588 0.566748 0.611533 0.544903
39 0.72478 0.49818 0.498286 0.459951
60 0.372348 0.628641 0.555691 0.394418
31 0.565453 0.496663 0.799757 0.453277
56 0.456112 0.571602 0.818502 0.350728
22 0.790385 0.476942 0.398317 0.442961
44 0.565453 0.496663 0.799757 0.453277
72 0.294832 0.575546 0.520155 0.263956
33 0.426433 0.53307 0.762269 0.431432
39 0.50141 0.547633 0.849742 0.386529
2 0.532651 0.593598 0.687291 0.504551
4 0.832755 0.409587 0.268278 0.28034
7 0.738057 0.490215 0.490476 0.456462
40 0.466265 0.511529 0.854428 0.474515
22 0.249729 0.559769 0.419013 0.327063
45 0.621003 0.492036 0.669914 0.472239
49 0.426433 0.53307 0.762269 0.431432
2 0.50922 0.472618 0.937216 0.471026
4 0.50922 0.472618 0.937216 0.471026
3 0.50922 0.472618 0.937216 0.471026
22 0.50922 0.472618 0.937216 0.471026
52 0.489305 0.478155 0.933311 0.463592
62 0.50922 0.472618 0.937216 0.471026
58 0.489305 0.478155 0.933311 0.463592
10 0.50922 0.472618 0.937216 0.471026
60 0.50922 0.472618 0.937216 0.471026
36 0.50922 0.472618 0.937216 0.471026
23 0.50922 0.472618 0.937216 0.471026
69 0.50922 0.472618 0.937216 0.471026
4 0.943464 0.848604 0.112466 0.302791
21 0.50922 0.472618 0.937216 0.471026
2 0.41628 0.505461 0.734152 0.417476
57 0.518202 0.480886 0.91769 0.45085
35 0.50922 0.472618 0.937216 0.471026
2 0.642383 0.491429 0.649022 0.457676
8 0.518202 0.480886 0.91769 0.45085
3 0.41628 0.505461 0.734152 0.417476
5 0.50922 0.472618 0.937216 0.471026
58 0.41628 0.505461 0.734152 0.417476
2 0.943464 0.848604 0.112466 0.302791
44 0.50922 0.472618 0.937216 0.471026
62 0.642383 0.491429 0.649022 0.457676
33 0.50922 0.472618 0.937216 0.471026
60 0.41628 0.505461 0.734152 0.417476
56 0.489305 0.478155 0.933311 0.463592
39 0.518202 0.480886 0.91769 0.45085
22 0.41628 0.505461 0.734152 0.417476
7 0.50922 0.472618 0.937216 0.471026
34 0.518202 0.480886 0.91769 0.45085
72 0.50922 0.472618 0.937216 0.471026
65 0.50922 0.472618 0.937216 0.471026
4 0.642383 0.491429 0.649022 0.457676
59 0.50922 0.472618 0.937216 0.471026
32 0.489305 0.478155 0.933311 0.463592
22 0.642383 0.491429 0.649022 0.457676
52 0.642383 0.491429 0.649022 0.457676
36 0.642383 0.491429 0.649022 0.457676
52 0.41628 0.505461 0.734152 0.417476
31 0.50922 0.472618 0.937216 0.471026
23 0.41628 0.505461 0.734152 0.417476
69 0.41628 0.505461 0.734152 0.417476
3 0.642383 0.491429 0.649022 0.457676
36 0.41628 0.505461 0.734152 0.417476
4 0.843689 0.401396 0.274526 0.277306
23 0.642383 0.491429 0.649022 0.457676
64 0.50922 0.472618 0.937216 0.471026
57 0.664252 0.488774 0.592789 0.441141
66 0.506487 0.456387 0.88645 0.497421
8 0.642383 0.491429 0.649022 0.457676
20 0.50922 0.472618 0.937216 0.471026
4 0.938148 0.881068 0.123703 0.237864
10 0.41628 0.505461 0.734152 0.417476
4 0.782575 0.429308 0.331149 0.322209
10 0.642383 0.491429 0.649022 0.457676
2 0.332126 0.530643 0.558815 0.365898
45 0.518593 0.480052 0.85599 0.453732
60 0.642383 0.491429 0.649022 0.457676
64 0.642383 0.491429 0.649022 0.457676
58 0.642383 0.491429 0.649022 0.457676
4 0.368248 0.504854 0.653708 0.412621
58 0.332126 0.530643 0.558815 0.365898
7 0.664252 0.488774 0.592789 0.441141
62 0.41628 0.505461 0.734152 0.417476
5 0.642383 0.491429 0.649022 0.457676
21 0.642383 0.491429 0.649022 0.457676
3 0.332126 0.530643 0.558815 0.365898
39 0.642383 0.491429 0.649022 0.457676
4 0.95596 0.800971 0.0874735 0.398058
31 0.642383 0.491429 0.649022 0.457676
49 0.50922 0.472618 0.937216 0.471026
35 0.41628 0.505461 0.734152 0.417476
29 0.518202 0.480886 0.91769 0.45085
0 0.489305 0.478155 0.933311 0.463592
41 0.489305 0.478155 0.933311 0.463592
60 0.332126 0.530643 0.558815 0.365898
8 0.41628 0.505461 0.734152 0.417476
34 0.642383 0.491429 0.649022 0.457676
67 0.518202 0.480886 0.91769 0.45085
35 0.642383 0.491429 0.649022 0.457676
20 0.41628 0.505461 0.734152 0.417476
59 0.642383 0.491429 0.649022 0.457676
31 0.41628 0.505461 0.734152 0.417476
44 0.642383 0.491429 0.649022 0.457676
69 0.642383 0.491429 0.649022 0.457676
33 0.642383 0.491429 0.649022 0.457676
44 0.41628 0.505461 0.734152 0.417476
22 0.332126 0.530643 0.558815 0.365898
37 0.489305 0.478155 0.933311 0.463592
5 0.41628 0.505461 0.734152 0.417476
72 0.41628 0.505461 0.734152 0.417476
58 0.505706 0.475652 0.953617 0.452822
4 0.505706 0.475652 0.953617 0.452822
52 0.505706 0.475652 0.953617 0.452822
2 0.505706 0.475652 0.953617 0.452822
23 0.505706 0.475652 0.953617 0.452822
3 0.505706 0.475652 0.953617 0.452822
10 0.505706 0.475652 0.953617 0.452822
62 0.505706 0.475652 0.953617 0.452822
60 0.505706 0.475652 0.953617 0.452822
8 0.511173 0.478686 0.937997 0.450394
21 0.505706 0.475652 0.953617 0.452822
2 0.94034 0.839806 0.118714 0.320388
59 0.505706 0.475652 0.953617 0.452822
5 0.505706 0.475652 0.953617 0.452822
57 0.511173 0.478686 0.937997 0.450394
34 0.505706 0.475652 0.953617 0.452822
69 0.505706 0.475652 0.953617 0.452822
44 0.505706 0.475652 0.953617 0.452822
36 0.505706 0.475652 0.953617 0.452822
22 0.505706 0.475652 0.953617 0.452822
67 0.505706 0.475652 0.953617 0.452822
58 0.4237 0.532767 0.752115 0.354369
29 0.505706 0.475652 0.953617 0.452822
32 0.505706 0.475652 0.953617 0.452822
20 0.505706 0.475652 0.953617 0.452822
56 0.505706 0.475652 0.953617 0.452822
4 0.94034 0.838592 0.112466 0.322816
33 0.505706 0.475652 0.953617 0.452822
65 0.505706 0.475652 0.953617 0.452822
39 0.511173 0.478686 0.937997 0.450394
35 0.505706 0.475652 0.953617 0.452822
0 0.505706 0.475652 0.953617 0.452822
66 0.520155 0.463516 0.882545 0.480734
58 0.656051 0.486044 0.623248 0.467233
7 0.505706 0.475652 0.953617 0.452822
30 0.511173 0.478686 0.937997 0.450394
2 0.656051 0.486044 0.623248 0.467233
23 0.4237 0.532767 0.752115 0.354369
52 0.656051 0.486044 0.623248 0.467233
59 0.656051 0.486044 0.623248 0.467233
58 0.94034 0.839806 0.118714 0.320388
61 0.487352 0.496663 0.915347 0.415655
4 0.656051 0.486044 0.623248 0.467233
52 0.4237 0.532767 0.752115 0.354369
31 0.50141 0.481493 0.926281 0.439927
4 0.936586 0.881675 0.126827 0.23665
23 0.656051 0.486044 0.623248 0.467233
10 0.4237 0.532767 0.752115 0.354369
2 0.936586 0.881675 0.126827 0.23665
3 0.4237 0.532767 0.752115 0.354369
62 0.656051 0.486044 0.623248 0.467233
2 0.4237 0.532767 0.752115 0.354369
45 0.510001 0.478231 0.896603 0.448877
6 0.494772 0.475121 0.947369 0.459951
67 0.656051 0.486044 0.623248 0.467233
60 0.4237 0.532767 0.752115 0.354369
21 0.656051 0.486044 0.623248 0.467233
67 0.4237 0.532767 0.752115 0.354369
69 0.94034 0.839806 0.118714 0.320388
58 0.34306 0.500607 0.598646 0.418689
8 0.656051 0.486044 0.623248 0.467233
28 0.511173 0.478686 0.937997 0.450394
3 0.656051 0.486044 0.623248 0.467233
5 0.656051 0.486044 0.623248 0.467233
65 0.422528 0.45449 0.735714 0.520631
57 0.656051 0.486044 0.623248 0.467233
34 0.656051 0.486044 0.623248 0.467233
72 0.505706 0.475652 0.953617 0.452822
20 0.4237 0.532767 0.752115 0.354369
4 0.4237 0.532767 0.752115 0.354369
69 0.4237 0.532767 0.752115 0.354369
57 0.94034 0.839806 0.118714 0.320388
4 0.422528 0.45449 0.735714 0.520631
5 0.4237 0.532767 0.752115 0.354369
10 0.656051 0.486044 0.623248 0.467233
61 0.4237 0.532767 0.752115 0.354369
60 0.656051 0.486044 0.623248 0.467233
39 0.656051 0.486044 0.623248 0.467233
1 0.505706 0.475652 0.953617 0.452822
36 0.4237 0.532767 0.752115 0.354369
29 0.656051 0.486044 0.623248 0.467233
30 0.94034 0.838592 0.112466 0.322816
64 0.511173 0.478686 0.937997 0.450394
8 0.4237 0.532767 0.752115 0.354369
59 0.4237 0.532767 0.752115 0.354369
22 0.656051 0.486044 0.623248 0.467233
36 0.656051 0.486044 0.623248 0.467233
23 0.94034 0.839806 0.118714 0.320388
58 0.32373 0.558556 0.544366 0.317354
0 0.422528 0.45449 0.735714 0.520631
10 0.422528 0.45449 0.735714 0.520631
58 0.480713 0.569782 0.675576 0.519417
49 0.505706 0.475652 0.953617 0.452822
31 0.656051 0.486044 0.623248 0.467233
41 0.486571 0.435376 0.899727 0.549151
58 0.334274 0.0972391 0.588884 0.194478
62 0.422528 0.45449 0.735714 0.520631
22 0.4237 0.532767 0.752115 0.354369
44 0.4237 0.532767 0.752115 0.354369
62 0.4237 0.532767 0.752115 0.354369
66 0.67089 0.483313 0.58576 0.460558
30 0.656051 0.486044 0.623248 0.467233
29 0.422528 0.45449 0.735714 0.520631
20 0.422528 0.45449 0.735714 0.520631
69 0.656051 0.486044 0.623248 0.467233
57 0.4237 0.532767 0.752115 0.354369
5 0.422528 0.45449 0.735714 0.520631
7 0.67089 0.483313 0.58576 0.460558
29 0.4237 0.532767 0.752115 0.354369
58 0.510001 0.474818 0.962208 0.445995
4 0.510001 0.474818 0.962208 0.445995
23 0.510001 0.474818 0.962208 0.445995
52 0.510001 0.474818 0.962208 0.445995
10 0.510001 0.474818 0.962208 0.445995
20 0.510001 0.474818 0.962208 0.445995
5 0.510001 0.474818 0.962208 0.445995
62 0.510001 0.474818 0.962208 0.445995
60 0.510001 0.474818 0.962208 0.445995
3 0.510001 0.474818 0.962208 0.445995
2 0.510001 0.474818 0.962208 0.445995
7 0.510001 0.474818 0.962208 0.445995
34 0.510001 0.474818 0.962208 0.445995
0 0.510001 0.474818 0.962208 0.445995
67 0.513907 0.473908 0.959084 0.450243
57 0.513907 0.473908 0.959084 0.450243
36 0.510001 0.474818 0.962208 0.445995
8 0.513907 0.473908 0.959084 0.450243
59 0.510001 0.474818 0.962208 0.445995
32 0.513907 0.473908 0.959084 0.450243
28 0.510001 0.474818 0.962208 0.445995
65 0.510001 0.474818 0.962208 0.445995
69 0.510001 0.474818 0.962208 0.445995
56 0.510001 0.474818 0.962208 0.445995
44 0.510001 0.474818 0.962208 0.445995
22 0.510001 0.474818 0.962208 0.445995
66 0.515859 0.478459 0.919252 0.441141
1 0.510001 0.474818 0.962208 0.445995
29 0.510001 0.474818 0.962208 0.445995
31 0.507658 0.469357 0.945026 0.449636
21 0.510001 0.474818 0.962208 0.445995
61 0.510001 0.474818 0.962208 0.445995
30 0.513907 0.473908 0.959084 0.450243
6 0.510001 0.474818 0.962208 0.445995
2 0.941121 0.84466 0.11559 0.31068
33 0.510001 0.474818 0.962208 0.445995
4 0.941121 0.84466 0.11559 0.31068
58 0.429557 0.515473 0.768517 0.346481
39 0.513907 0.473908 0.959084 0.450243
68 0.452988 0.487864 0.834122 0.421117
58 0.664642 0.486651 0.612314 0.451456
30 0.941121 0.84466 0.11559 0.31068
35 0.510001 0.474818 0.962208 0.445995
23 0.429557 0.515473 0.768517 0.346481
23 0.941121 0.84466 0.11559 0.31068
59 0.664642 0.486651 0.612314 0.451456
52 0.664642 0.486651 0.612314 0.451456
52 0.429557 0.515473 0.768517 0.346481
54 0.50883 0.475728 0.933311 0.442961
45 0.513907 0.472163 0.930967 0.448877
4 0.664642 0.486651 0.612314 0.451456
4 0.429557 0.515473 0.768517 0.346481
23 0.664642 0.486651 0.612314 0.451456
54 0.941902 0.84375 0.11559 0.3125
2 0.664642 0.486651 0.612314 0.451456
10 0.429557 0.515473 0.768517 0.346481
5 0.664642 0.486651 0.612314 0.451456
57 0.941121 0.84466 0.11559 0.31068
54 0.508342 0.428398 0.560963 0.540049
20 0.429557 0.515473 0.768517 0.346481
0 0.681043 0.487561 0.560767 0.442354
67 0.664642 0.486651 0.612314 0.451456
31 0.664642 0.486651 0.612314 0.451456
62 0.664642 0.486651 0.612314 0.451456
34 0.664642 0.486651 0.612314 0.451456
7 0.681043 0.487561 0.560767 0.442354
36 0.664642 0.486651 0.612314 0.451456
5 0.429557 0.515473 0.768517 0.346481
66 0.681043 0.487561 0.560767 0.442354
67 0.429557 0.515473 0.768517 0.346481
60 0.429557 0.515473 0.768517 0.346481
61 0.429557 0.515473 0.768517 0.346481
57 0.664642 0.486651 0.612314 0.451456
28 0.681043 0.487561 0.560767 0.442354
10 0.664642 0.486651 0.612314 0.451456
69 0.939559 0.846481 0.120276 0.307039
20 0.681043 0.487561 0.560767 0.442354
59 0.429557 0.515473 0.768517 0.346481
69 0.429557 0.515473 0.768517 0.346481
58 0.939559 0.846481 0.120276 0.307039
8 0.664642 0.486651 0.612314 0.451456
41 0.50883 0.475728 0.933311 0.442961
32 0.664642 0.486651 0.612314 0.451456
54 0.622467 0.465716 0.498286 0.476335
36 0.429557 0.515473 0.768517 0.346481
56 0.429557 0.515473 0.768517 0.346481
3 0.429557 0.515473 0.768517 0.346481
21 0.664642 0.486651 0.612314 0.451456
30 0.664642 0.486651 0.612314 0.451456
1 0.429557 0.515473 0.768517 0.346481
29 0.664642 0.486651 0.612314 0.451456
4 0.930967 0.904733 0.137458 0.190534
57 0.429557 0.515473 0.768517 0.346481
58 0.484228 0.536484 0.671671 0.595722
29 0.939559 0.846481 0.120276 0.307039
60 0.664642 0.486651 0.612314 0.451456
39 0.664642 0.486651 0.612314 0.451456
62 0.429557 0.515473 0.768517 0.346481
3 0.664642 0.486651 0.612314 0.451456
60 0.941121 0.84466 0.11559 0.31068
31 0.429557 0.515473 0.768517 0.346481
61 0.664642 0.486651 0.612314 0.451456
8 0.429557 0.515473 0.768517 0.346481
4 0.506096 0.461696 0.973142 0.466171
52 0.506096 0.461696 0.973142 0.466171
58 0.506096 0.461696 0.973142 0.466171
23 0.506096 0.461696 0.973142 0.466171
3 0.506096 0.461696 0.973142 0.466171
2 0.506096 0.461696 0.973142 0.466171
10 0.506096 0.461696 0.973142 0.466171
69 0.506096 0.461696 0.973142 0.466171
5 0.506096 0.461696 0.973142 0.466171
67 0.506096 0.461696 0.973142 0.466171
22 0.506096 0.461696 0.973142 0.466171
60 0.506096 0.461696 0.973142 0.466171
0 0.506096 0.461696 0.973142 0.466171
28 0.506096 0.461696 0.973142 0.466171
34 0.506096 0.461696 0.973142 0.466171
32 0.506096 0.461696 0.973142 0.466171
62 0.506096 0.461696 0.973142 0.466171
66 0.505706 0.459041 0.964551 0.477549
56 0.506096 0.461696 0.973142 0.466171
57 0.506096 0.461696 0.973142 0.466171
44 0.506096 0.461696 0.973142 0.466171
7 0.506096 0.461696 0.973142 0.466171
8 0.506096 0.461696 0.973142 0.466171
59 0.506096 0.461696 0.973142 0.466171
61 0.506096 0.461696 0.973142 0.466171
20 0.506096 0.461696 0.973142 0.466171
21 0.506096 0.461696 0.973142 0.466171
36 0.506096 0.461696 0.973142 0.466171
29 0.506096 0.461696 0.973142 0.466171
1 0.506096 0.461696 0.973142 0.466171
30 0.506096 0.461696 0.973142 0.466171
35 0.506096 0.461696 0.973142 0.466171
39 0.506096 0.461696 0.973142 0.466171
6 0.506096 0.461696 0.973142 0.466171
33 0.506096 0.461696 0.973142 0.466171
65 0.506096 0.461696 0.973142 0.466171
31 0.506096 0.461696 0.973142 0.466171
54 0.499458 0.456918 0.958303 0.484223
45 0.506096 0.461696 0.973142 0.466171
68 0.47017 0.46966 0.880983 0.456311
54 0.492819 0.400485 0.787261 0.60801
2 0.942683 0.847087 0.112466 0.305825
58 0.597475 0.477018 0.681043 0.42946
4 0.942683 0.847087 0.112466 0.305825
58 0.353604 0.48301 0.636135 0.432039
29 0.942683 0.847087 0.112466 0.305825
68 0.353604 0.48301 0.636135 0.432039
66 0.492819 0.400485 0.787261 0.60801
54 0.331345 0.461165 0.579121 0.473301
4 0.667376 0.489684 0.602161 0.440534
4 0.353604 0.48301 0.636135 0.432039
10 0.353604 0.48301 0.636135 0.432039
52 0.667376 0.489684 0.602161 0.440534
31 0.667376 0.489684 0.602161 0.440534
0 0.492819 0.400485 0.787261 0.60801
6 0.492819 0.400485 0.787261 0.60801
23 0.942683 0.847087 0.112466 0.305825
52 0.353604 0.48301 0.636135 0.432039
5 0.667376 0.489684 0.602161 0.440534
30 0.942683 0.851335 0.114028 0.29733
28 0.331345 0.461165 0.579121 0.473301
57 0.597475 0.477018 0.681043 0.42946
2 0.667376 0.489684 0.602161 0.440534
60 0.353604 0.48301 0.636135 0.432039
23 0.667376 0.489684 0.602161 0.440534
0 0.331345 0.461165 0.579121 0.473301
4 0.503753 0.487257 0.96377 0.406553
23 0.503753 0.487257 0.96377 0.406553
58 0.508439 0.485134 0.97158 0.412015
52 0.508439 0.485134 0.97158 0.412015
10 0.503753 0.487257 0.96377 0.406553
2 0.508439 0.485134 0.97158 0.412015
59 0.503753 0.487257 0.96377 0.406553
3 0.503753 0.487257 0.96377 0.406553
67 0.503753 0.487257 0.96377 0.406553
0 0.503753 0.487257 0.96377 0.406553
28 0.508439 0.485134 0.97158 0.412015
34 0.508439 0.485134 0.97158 0.412015
32 0.503753 0.487257 0.96377 0.406553
8 0.503753 0.487257 0.96377 0.406553
5 0.508439 0.485134 0.97158 0.412015
22 0.508439 0.485134 0.97158 0.412015
31 0.508439 0.485134 0.97158 0.412015
7 0.508439 0.485134 0.97158 0.412015
60 0.503753 0.487257 0.96377 0.406553
1 0.503753 0.487257 0.96377 0.406553
61 0.503753 0.487257 0.96377 0.406553
56 0.503753 0.487257 0.96377 0.406553
30 0.508439 0.485134 0.97158 0.412015
21 0.508439 0.485134 0.97158 0.412015
69 0.503753 0.487257 0.96377 0.406553
57 0.503753 0.487257 0.96377 0.406553
29 0.503753 0.487257 0.96377 0.406553
44 0.503753 0.487257 0.96377 0.406553
36 0.508439 0.485134 0.97158 0.412015
62 0.508439 0.485134 0.97158 0.412015
68 0.468217 0.484527 0.880202 0.410801
20 0.508439 0.485134 0.97158 0.412015
45 0.508439 0.485134 0.97158 0.412015
6 0.503753 0.487257 0.96377 0.406553
4 0.941121 0.836165 0.117152 0.32767
66 0.507268 0.476032 0.964551 0.425364
39 0.508439 0.485134 0.97158 0.412015
54 0.501801 0.476866 0.955179 0.424909
2 0.941121 0.836165 0.117152 0.32767
35 0.508439 0.485134 0.97158 0.412015
30 0.940882 0.822816 0.118236 0.354369
65 0.501801 0.476866 0.955179 0.424909
4 0.935654 0.904126 0.128086 0.191748
29 0.941121 0.836165 0.117152 0.32767
54 0.464703 0.405643 0.788823 0.57585
33 0.508439 0.485134 0.97158 0.412015
54 0.940882 0.822816 0.118236 0.354369
58 0.346379 0.511529 0.614657 0.341019
28 0.381232 0.469584 0.694906 0.446754
23 0.940882 0.822816 0.118236 0.354369
2 0.938539 0.872573 0.122922 0.254854
0 0.381232 0.469584 0.694906 0.446754
58 0.381232 0.469584 0.694906 0.446754
58 0.940882 0.822816 0.118236 0.354369
10 0.381232 0.469584 0.694906 0.446754
4 0.381232 0.469584 0.694906 0.446754
58 0.665423 0.483617 0.598256 0.438107
60 0.940882 0.822816 0.118236 0.354369
4 0.942444 0.769569 0.115112 0.460862
57 0.941121 0.836165 0.117152 0.32767
30 0.938539 0.872573 0.122922 0.254854
23 0.938539 0.872573 0.122922 0.254854
23 0.346379 0.511529 0.614657 0.341019
68 0.346379 0.511529 0.614657 0.341019
31 0.665423 0.483617 0.598256 0.438107
29 0.938539 0.872573 0.122922 0.254854
54 0.938539 0.872573 0.122922 0.254854
3 0.940882 0.822816 0.118236 0.354369
52 0.346379 0.511529 0.614657 0.341019
32 0.940882 0.822816 0.118236 0.354369
4 0.346379 0.511529 0.614657 0.341019
4 0.665423 0.483617 0.598256 0.438107
0 0.464703 0.405643 0.788823 0.57585
58 0.288584 0.494235 0.517812 0.436286
59 0.346379 0.511529 0.614657 0.341019
1 0.381232 0.469584 0.694906 0.446754
34 0.941121 0.836165 0.117152 0.32767
58 0.938539 0.872573 0.122922 0.254854
56 0.941121 0.836165 0.117152 0.32767
4 0.512887 0.486651 0.974227 0.430825
2 0.512887 0.486651 0.974227 0.430825
58 0.512887 0.486651 0.974227 0.430825
23 0.512887 0.486651 0.974227 0.430825
52 0.512887 0.486651 0.974227 0.430825
3 0.512887 0.486651 0.974227 0.430825
22 0.512887 0.486651 0.974227 0.430825
67 0.512887 0.486651 0.974227 0.430825
34 0.512887 0.486651 0.974227 0.430825
60 0.512887 0.486651 0.974227 0.430825
5 0.512887 0.486651 0.974227 0.430825
0 0.512887 0.486651 0.974227 0.430825
7 0.512887 0.486651 0.974227 0.430825
69 0.512887 0.486651 0.974227 0.430825
32 0.512887 0.486651 0.974227 0.430825
10 0.512887 0.486651 0.974227 0.430825
31 0.512887 0.486651 0.974227 0.430825
8 0.512887 0.486651 0.974227 0.430825
57 0.512887 0.486651 0.974227 0.430825
28 0.514058 0.484223 0.971884 0.432039
1 0.512887 0.486651 0.974227 0.430825
56 0.512887 0.486651 0.974227 0.430825
59 0.512887 0.486651 0.974227 0.430825
44 0.512887 0.486651 0.974227 0.430825
29 0.512887 0.486651 0.974227 0.430825
21 0.512887 0.486651 0.974227 0.430825
62 0.512887 0.486651 0.974227 0.430825
45 0.512887 0.486651 0.974227 0.430825
30 0.512887 0.486651 0.974227 0.430825
39 0.512496 0.488471 0.975008 0.43568
36 0.512887 0.486651 0.974227 0.430825
68 0.507658 0.483617 0.973142 0.43568
61 0.512887 0.486651 0.974227 0.430825
66 0.514058 0.484223 0.971884 0.432039
20 0.512887 0.486651 0.974227 0.430825
6 0.512887 0.486651 0.974227 0.430825
35 0.512887 0.486651 0.974227 0.430825
54 0.514058 0.484223 0.971884 0.432039
65 0.512887 0.486651 0.974227 0.430825
58 0.374496 0.48483 0.682605 0.425971
58 0.649412 0.493932 0.661518 0.462379
68 0.374496 0.48483 0.682605 0.425971
33 0.512887 0.486651 0.974227 0.430825
4 0.65566 0.494539 0.653708 0.446602
23 0.374496 0.48483 0.682605 0.425971
4 0.374496 0.48483 0.682605 0.425971
52 0.649412 0.493932 0.661518 0.462379
2 0.940882 0.855582 0.118236 0.288835
2 0.649412 0.493932 0.661518 0.462379
57 0.65566 0.494539 0.653708 0.446602
23 0.649412 0.493932 0.661518 0.462379
22 0.374496 0.48483 0.682605 0.425971
54 0.504534 0.438031 0.810692 0.541414
3 0.374496 0.48483 0.682605 0.425971
5 0.649412 0.493932 0.661518 0.462379
4 0.940882 0.855582 0.118236 0.288835
22 0.649412 0.493932 0.661518 0.462379
52 0.374496 0.48483 0.682605 0.425971
31 0.649412 0.493932 0.661518 0.462379
10 0.374496 0.48483 0.682605 0.425971
67 0.374496 0.48483 0.682605 0.425971
57 0.374496 0.48483 0.682605 0.425971
58 0.512345 0.480052 0.965332 0.442809
52 0.512345 0.480052 0.965332 0.442809
23 0.512345 0.480052 0.965332 0.442809
2 0.512345 0.480052 0.965332 0.442809
4 0.512345 0.480052 0.965332 0.442809
3 0.512345 0.480052 0.965332 0.442809
60 0.512345 0.480052 0.965332 0.442809
67 0.512345 0.480052 0.965332 0.442809
0 0.512345 0.480052 0.965332 0.442809
10 0.512345 0.480052 0.965332 0.442809
22 0.512345 0.480052 0.965332 0.442809
69 0.512345 0.480052 0.965332 0.442809
31 0.512345 0.480052 0.965332 0.442809
68 0.511173 0.48574 0.959865 0.430218
34 0.512345 0.480052 0.965332 0.442809
56 0.512345 0.480052 0.965332 0.442809
28 0.512345 0.480052 0.965332 0.442809
57 0.512345 0.480052 0.965332 0.442809
59 0.512345 0.480052 0.965332 0.442809
7 0.512345 0.480052 0.965332 0.442809
8 0.512345 0.480052 0.965332 0.442809
5 0.512345 0.480052 0.965332 0.442809
32 0.512345 0.480052 0.965332 0.442809
62 0.512345 0.480052 0.965332 0.442809
61 0.512345 0.480052 0.965332 0.442809
6 0.512345 0.480052 0.965332 0.442809
1 0.512345 0.480052 0.965332 0.442809
36 0.512345 0.480052 0.965332 0.442809
21 0.512345 0.480052 0.965332 0.442809
54 0.511173 0.48574 0.959865 0.430218
29 0.512345 0.480052 0.965332 0.442809
30 0.512345 0.480052 0.965332 0.442809
45 0.512344 0.470874 0.962208 0.450243
44 0.512345 0.480052 0.965332 0.442809
39 0.510782 0.480886 0.977828 0.443568
20 0.512345 0.480052 0.965332 0.442809
66 0.511173 0.48574 0.959865 0.430218
58 0.373715 0.517597 0.6787 0.325243
35 0.512345 0.480052 0.965332 0.442809
52 0.373715 0.517597 0.6787 0.325243
58 0.637404 0.490595 0.679286 0.443568
23 0.373715 0.517597 0.6787 0.325243
33 0.512345 0.480052 0.965332 0.442809
59 0.373715 0.517597 0.6787 0.325243
68 0.373715 0.517597 0.6787 0.325243
57 0.373715 0.517597 0.6787 0.325243
57 0.637404 0.490595 0.679286 0.443568
60 0.373715 0.517597 0.6787 0.325243
4 0.637404 0.490595 0.679286 0.443568
4 0.373715 0.517597 0.6787 0.325243
52 0.637404 0.490595 0.679286 0.443568
58 0.511173 0.493325 0.977047 0.42233
4 0.511173 0.493325 0.977047 0.42233
23 0.511173 0.493325 0.977047 0.42233
22 0.511173 0.493325 0.977047 0.42233
52 0.511173 0.493325 0.977047 0.42233
3 0.511173 0.493325 0.977047 0.42233
2 0.511173 0.493325 0.977047 0.42233
59 0.511173 0.493325 0.977047 0.42233
60 0.511173 0.493325 0.977047 0.42233
68 0.511173 0.493325 0.977047 0.42233
69 0.511173 0.493325 0.977047 0.42233
67 0.511173 0.493325 0.977047 0.42233
32 0.511173 0.493325 0.977047 0.42233
0 0.511173 0.493325 0.977047 0.42233
10 0.511173 0.493325 0.977047 0.42233
31 0.511173 0.493325 0.977047 0.42233
34 0.511173 0.493325 0.977047 0.42233
56 0.511173 0.493325 0.977047 0.42233
57 0.511173 0.489078 0.973923 0.42233
5 0.511173 0.493325 0.977047 0.42233
1 0.511173 0.493325 0.977047 0.42233
7 0.511173 0.493325 0.977047 0.42233
28 0.511173 0.493325 0.977047 0.42233
8 0.511173 0.493325 0.977047 0.42233
62 0.511173 0.489078 0.973923 0.42233
36 0.511173 0.493325 0.977047 0.42233
39 0.509763 0.489684 0.980475 0.434466
6 0.511173 0.493325 0.977047 0.42233
44 0.511173 0.489078 0.973923 0.42233
21 0.511173 0.489078 0.973923 0.42233
30 0.511173 0.493325 0.977047 0.42233
61 0.511173 0.493325 0.977047 0.42233
45 0.511173 0.489078 0.973923 0.42233
29 0.511173 0.493325 0.977047 0.42233
20 0.511173 0.493325 0.977047 0.42233
66 0.511173 0.493325 0.977047 0.42233
35 0.511173 0.489078 0.973923 0.42233
54 0.510392 0.494539 0.969237 0.416262
58 0.643945 0.497573 0.649022 0.440534
58 0.374886 0.511529 0.684167 0.39199
68 0.374886 0.511529 0.684167 0.39199
52 0.507658 0.480279 0.976266 0.426578
58 0.507658 0.480279 0.976266 0.426578
23 0.507658 0.480279 0.976266 0.426578
4 0.507658 0.480279 0.976266 0.426578
2 0.507658 0.480279 0.976266 0.426578
69 0.507658 0.479293 0.974704 0.429763
60 0.507658 0.480279 0.976266 0.426578
68 0.507658 0.479293 0.974704 0.429763
3 0.507658 0.480279 0.976266 0.426578
22 0.507658 0.480279 0.976266 0.426578
67 0.507658 0.480279 0.976266 0.426578
0 0.507658 0.480279 0.976266 0.426578
10 0.507658 0.479293 0.974704 0.429763
32 0.507658 0.480279 0.976266 0.426578
56 0.507658 0.480279 0.976266 0.426578
59 0.506096 0.473984 0.974704 0.437955
57 0.507658 0.480279 0.976266 0.426578
5 0.507658 0.479293 0.974704 0.429763
28 0.507658 0.479293 0.974704 0.429763
31 0.507658 0.480279 0.976266 0.426578
1 0.507658 0.479293 0.974704 0.429763
34 0.507658 0.480279 0.976266 0.426578
7 0.507658 0.479293 0.974704 0.429763
62 0.507658 0.480279 0.976266 0.426578
44 0.507658 0.479293 0.974704 0.429763
6 0.507658 0.479293 0.974704 0.429763
61 0.507658 0.480279 0.976266 0.426578
36 0.507658 0.479293 0.974704 0.429763
8 0.507658 0.480279 0.976266 0.426578
39 0.507658 0.480279 0.976266 0.426578
66 0.507658 0.479293 0.974704 0.429763
58 0.37762 0.51335 0.691197 0.336165
45 0.507658 0.480279 0.976266 0.426578
21 0.507658 0.480279 0.976266 0.426578
20 0.507658 0.479293 0.974704 0.429763
59 0.37762 0.51335 0.691197 0.336165
30 0.507658 0.480279 0.976266 0.426578
23 0.37762 0.51335 0.691197 0.336165
54 0.507658 0.479293 0.974704 0.429763
35 0.507658 0.479293 0.974704 0.429763
68 0.401441 0.454566 0.741962 0.470722
68 0.37762 0.51335 0.691197 0.336165
58 0.401441 0.454566 0.741962 0.470722
52 0.37762 0.51335 0.691197 0.336165
57 0.37762 0.51335 0.691197 0.336165
60 0.37762 0.51335 0.691197 0.336165
67 0.37762 0.51335 0.691197 0.336165
23 0.401441 0.454566 0.741962 0.470722
4 0.37762 0.51335 0.691197 0.336165
57 0.401441 0.454566 0.741962 0.470722
29 0.506096 0.473984 0.974704 0.437955
4 0.401441 0.454566 0.741962 0.470722
52 0.510782 0.480583 0.970018 0.421117
58 0.511173 0.484223 0.973923 0.415049
68 0.510782 0.480583 0.970018 0.421117
4 0.510782 0.480583 0.970018 0.421117
3 0.510782 0.480583 0.970018 0.421117
23 0.511173 0.484223 0.973923 0.415049
2 0.511173 0.484223 0.973923 0.415049
22 0.510782 0.480583 0.970018 0.421117
69 0.510782 0.480583 0.970018 0.421117
10 0.510782 0.480583 0.970018 0.421117
67 0.511173 0.484223 0.973923 0.415049
60 0.511173 0.484223 0.973923 0.415049
5 0.510782 0.480583 0.970018 0.421117
57 0.510782 0.480583 0.970018 0.421117
28 0.510782 0.480583 0.970018 0.421117
32 0.510782 0.480583 0.970018 0.421117
59 0.511173 0.484223 0.973923 0.415049
1 0.510782 0.480583 0.970018 0.421117
31 0.511173 0.484223 0.973923 0.415049
0 0.511173 0.484223 0.973923 0.415049
56 0.510782 0.480583 0.970018 0.421117
7 0.510782 0.480583 0.970018 0.421117
34 0.510782 0.480583 0.970018 0.421117
36 0.510782 0.480583 0.970018 0.421117
62 0.511173 0.484223 0.973923 0.415049
39 0.510001 0.482403 0.97939 0.419903
8 0.510782 0.480583 0.970018 0.421117
6 0.510782 0.480583 0.970018 0.421117
61 0.510782 0.480583 0.970018 0.421117
45 0.511173 0.484223 0.973923 0.415049
44 0.510782 0.480583 0.970018 0.421117
20 0.510782 0.480583 0.970018 0.421117
21 0.510782 0.48301 0.965332 0.418689
66 0.510782 0.480583 0.970018 0.421117
30 0.511173 0.484223 0.973923 0.415049
58 0.377327 0.489381 0.69022 0.414442
35 0.510782 0.480583 0.970018 0.421117
54 0.510782 0.480583 0.970018 0.421117
29 0.510782 0.480583 0.970018 0.421117
52 0.510001 0.478686 0.973142 0.427336
10 0.510001 0.478686 0.973142 0.427336
23 0.510001 0.478686 0.973142 0.427336
58 0.510782 0.474818 0.97158 0.427791
68 0.510782 0.474818 0.97158 0.427791
69 0.510782 0.474818 0.97158 0.427791
22 0.510782 0.474818 0.97158 0.427791
3 0.510782 0.474818 0.97158 0.427791
67 0.510001 0.478686 0.973142 0.427336
28 0.510782 0.474818 0.97158 0.427791
0 0.510001 0.478686 0.973142 0.427336
2 0.50922 0.473301 0.962208 0.434466
4 0.510782 0.474818 0.97158 0.427791
60 0.510001 0.478686 0.973142 0.427336
62 0.510001 0.478686 0.973142 0.427336
56 0.510001 0.478686 0.973142 0.427336
61 0.510001 0.478686 0.973142 0.427336
32 0.510782 0.474818 0.97158 0.427791
57 0.510782 0.474818 0.97158 0.427791
5 0.510782 0.474818 0.97158 0.427791
34 0.510001 0.478686 0.973142 0.427336
31 0.510782 0.474818 0.97158 0.427791
59 0.510782 0.474818 0.97158 0.427791
36 0.510782 0.474818 0.97158 0.427791
1 0.510782 0.474818 0.97158 0.427791
39 0.511715 0.477549 0.97657 0.430825
44 0.510782 0.474818 0.97158 0.427791
7 0.510782 0.474818 0.97158 0.427791
8 0.510782 0.474818 0.97158 0.427791
6 0.510782 0.474818 0.97158 0.427791
21 0.510001 0.478686 0.973142 0.427336
58 0.364733 0.488471 0.665423 0.384709
23 0.364733 0.488471 0.665423 0.384709
23 0.634573 0.485437 0.68651 0.428398
10 0.364733 0.488471 0.665423 0.384709
20 0.510782 0.474818 0.97158 0.427791
33 0.510782 0.474818 0.97158 0.427791
52 0.364733 0.488471 0.665423 0.384709
45 0.510782 0.474818 0.97158 0.427791
58 0.634573 0.485437 0.68651 0.428398
52 0.507658 0.487257 0.980952 0.406553
23 0.507658 0.487257 0.980952 0.406553
10 0.507658 0.487257 0.980952 0.406553
68 0.507268 0.487257 0.978609 0.407767
69 0.507658 0.487257 0.980952 0.406553
58 0.507268 0.487257 0.978609 0.407767
22 0.507268 0.487257 0.978609 0.407767
67 0.507658 0.487257 0.980952 0.406553
4 0.507268 0.487257 0.978609 0.407767
62 0.507658 0.487257 0.980952 0.406553
28 0.507268 0.487257 0.978609 0.407767
3 0.507268 0.487257 0.978609 0.407767
31 0.507268 0.487257 0.978609 0.407767
59 0.507658 0.487257 0.980952 0.406553
0 0.507268 0.487257 0.978609 0.407767
60 0.507658 0.487257 0.980952 0.406553
57 0.507268 0.487257 0.978609 0.407767
34 0.507658 0.487257 0.980952 0.406553
2 0.507268 0.487257 0.978609 0.407767
32 0.507658 0.487257 0.980952 0.406553
61 0.507658 0.487257 0.980952 0.406553
5 0.507268 0.487257 0.978609 0.407767
56 0.507658 0.487257 0.980952 0.406553
36 0.507268 0.487257 0.978609 0.407767
1 0.507268 0.487257 0.978609 0.407767
6 0.507268 0.487257 0.978609 0.407767
39 0.509372 0.484223 0.981256 0.413835
8 0.507658 0.487257 0.980952 0.406553
21 0.507658 0.487257 0.980952 0.406553
7 0.507658 0.487257 0.980952 0.406553
44 0.507268 0.487257 0.978609 0.407767
58 0.357704 0.485133 0.656051 0.386529
33 0.509372 0.484223 0.981256 0.413835
54 0.507268 0.487257 0.978609 0.407767
10 0.630668 0.48301 0.674014 0.43932
23 0.357704 0.485133 0.656051 0.386529
52 0.510934 0.489684 0.978132 0.407767
23 0.511325 0.490291 0.977351 0.404126
58 0.511325 0.490291 0.977351 0.404126
22 0.511325 0.490291 0.977351 0.404126
69 0.511325 0.490291 0.977351 0.404126
10 0.510934 0.489684 0.978132 0.407767
68 0.511325 0.490291 0.977351 0.404126
67 0.510934 0.489684 0.978132 0.407767
62 0.510934 0.489684 0.978132 0.407767
0 0.511325 0.490291 0.977351 0.404126
60 0.511325 0.490291 0.977351 0.404126
4 0.511325 0.490291 0.977351 0.404126
61 0.510934 0.489684 0.978132 0.407767
32 0.511325 0.490291 0.977351 0.404126
2 0.511325 0.490291 0.977351 0.404126
34 0.510934 0.489684 0.978132 0.407767
59 0.511325 0.490291 0.977351 0.404126
28 0.510934 0.489684 0.978132 0.407767
3 0.511325 0.490291 0.977351 0.404126
31 0.511325 0.490291 0.977351 0.404126
36 0.511325 0.490291 0.977351 0.404126
56 0.510934 0.489684 0.978132 0.407767
57 0.511325 0.490291 0.977351 0.404126
39 0.510544 0.488471 0.978913 0.412621
5 0.511325 0.490291 0.977351 0.404126
21 0.510934 0.489684 0.978132 0.407767
8 0.511325 0.490291 0.977351 0.404126
1 0.511325 0.490291 0.977351 0.404126
6 0.511325 0.490291 0.977351 0.404126
44 0.511325 0.490291 0.977351 0.404126
7 0.511325 0.490291 0.977351 0.404126
45 0.511325 0.490291 0.977351 0.404126
65 0.513277 0.486347 0.973446 0.414442
52 0.508982 0.483617 0.982037 0.413835
23 0.508982 0.483617 0.982037 0.413835
69 0.508982 0.483617 0.982037 0.413835
10 0.508982 0.481493 0.982037 0.422937
22 0.508982 0.483617 0.982037 0.413835
58 0.508982 0.483617 0.982037 0.413835
68 0.508982 0.483617 0.982037 0.413835
67 0.508982 0.483617 0.982037 0.413835
60 0.508982 0.483617 0.982037 0.413835
32 0.508982 0.483617 0.982037 0.413835
59 0.508982 0.483617 0.982037 0.413835
61 0.508982 0.481493 0.982037 0.422937
62 0.508982 0.481493 0.982037 0.422937
4 0.508982 0.483617 0.982037 0.413835
34 0.508982 0.483617 0.982037 0.413835
28 0.508982 0.481493 0.982037 0.422937
57 0.508982 0.483617 0.982037 0.413835
36 0.508982 0.483617 0.982037 0.413835
31 0.508982 0.483617 0.982037 0.413835
2 0.508982 0.483617 0.982037 0.413835
3 0.502972 0.48483 0.984076 0.407767
0 0.508982 0.483617 0.982037 0.413835
56 0.508982 0.483617 0.982037 0.413835
39 0.508982 0.481493 0.982037 0.422937
52 0.38543 0.460255 0.714627 0.438714
8 0.508982 0.483617 0.982037 0.413835
23 0.38543 0.460255 0.714627 0.438714
21 0.508982 0.481493 0.982037 0.422937
69 0.38543 0.460255 0.714627 0.438714
6 0.508982 0.483617 0.982037 0.413835
5 0.508982 0.483617 0.982037 0.413835
44 0.508982 0.483617 0.982037 0.413835
10 0.38543 0.460255 0.714627 0.438714
58 0.38543 0.460255 0.714627 0.438714
22 0.38543 0.460255 0.714627 0.438714
33 0.508982 0.481493 0.982037 0.422937
1 0.508982 0.483617 0.982037 0.413835
67 0.38543 0.460255 0.714627 0.438714
7 0.508982 0.483617 0.982037 0.413835
23 0.509611 0.489684 0.980171 0.408981
52 0.509763 0.490595 0.980475 0.408374
58 0.509611 0.489684 0.980171 0.408981
68 0.509611 0.489684 0.980171 0.408981
10 0.509763 0.490595 0.980475 0.408374
22 0.509611 0.489684 0.980171 0.408981
69 0.510544 0.489988 0.978913 0.410801
67 0.509611 0.489684 0.980171 0.408981
59 0.509611 0.489684 0.980171 0.408981
32 0.509611 0.489684 0.980171 0.408981
60 0.509763 0.490595 0.980475 0.408374
3 0.506096 0.485437 0.976266 0.417476
4 0.506096 0.485437 0.976266 0.417476
28 0.509611 0.489684 0.980171 0.408981
57 0.509611 0.489684 0.980171 0.408981
31 0.509611 0.489684 0.980171 0.408981
2 0.509611 0.489684 0.980171 0.408981
61 0.506877 0.488168 0.97939 0.413228
56 0.509611 0.489684 0.980171 0.408981
0 0.509611 0.489684 0.980171 0.408981
39 0.509611 0.489684 0.980171 0.408981
62 0.510544 0.489988 0.978913 0.410801
5 0.509611 0.489684 0.980171 0.408981
6 0.509611 0.489684 0.980171 0.408981
36 0.506096 0.485437 0.976266 0.417476
34 0.509611 0.489684 0.980171 0.408981
7 0.509611 0.489684 0.980171 0.408981
1 0.509611 0.489684 0.980171 0.408981
8 0.509611 0.489684 0.980171 0.408981
44 0.506096 0.485437 0.976266 0.417476
23 0.353994 0.483617 0.650974 0.425971
58 0.353994 0.483617 0.650974 0.425971
52 0.510544 0.489684 0.978913 0.40534
10 0.510544 0.489684 0.978913 0.40534
22 0.511954 0.492718 0.975485 0.396845
69 0.511954 0.492718 0.975485 0.396845
23 0.511954 0.492718 0.975485 0.396845
68 0.511954 0.492718 0.975485 0.396845
60 0.511954 0.492718 0.975485 0.396845
58 0.511954 0.492718 0.975485 0.396845
67 0.511954 0.492718 0.975485 0.396845
62 0.511715 0.492112 0.97657 0.399272
32 0.511954 0.492718 0.975485 0.396845
59 0.511954 0.492718 0.975485 0.396845
61 0.511954 0.492718 0.975485 0.396845
3 0.511954 0.492718 0.975485 0.396845
28 0.511954 0.492718 0.975485 0.396845
36 0.511954 0.492718 0.975485 0.396845
4 0.511954 0.492718 0.975485 0.396845
31 0.511954 0.492718 0.975485 0.396845
39 0.511954 0.492718 0.975485 0.396845
56 0.511954 0.492718 0.975485 0.396845
2 0.511954 0.492718 0.975485 0.396845
34 0.511715 0.492112 0.97657 0.399272
57 0.511954 0.492718 0.975485 0.396845
0 0.511954 0.492718 0.975485 0.396845
1 0.511954 0.492718 0.975485 0.396845
8 0.511954 0.492718 0.975485 0.396845
6 0.511954 0.492718 0.975485 0.396845
7 0.511954 0.492718 0.975485 0.396845
5 0.511954 0.492718 0.975485 0.396845
44 0.511954 0.492718 0.975485 0.396845
33 0.510544 0.489684 0.978913 0.40534
21 0.511954 0.492718 0.975485 0.396845
52 0.509763 0.487257 0.980475 0.424757
23 0.510934 0.495146 0.978132 0.40534
10 0.509763 0.487257 0.980475 0.424757
69 0.510934 0.495146 0.978132 0.40534
22 0.510934 0.495146 0.978132 0.40534
58 0.510934 0.495146 0.978132 0.40534
68 0.510934 0.495146 0.978132 0.40534
67 0.509763 0.487257 0.980475 0.424757
60 0.510934 0.495146 0.978132 0.40534
32 0.510934 0.495146 0.978132 0.40534
59 0.510934 0.495146 0.978132 0.40534
62 0.510934 0.495146 0.978132 0.40534
61 0.510934 0.495146 0.978132 0.40534
36 0.510934 0.495146 0.978132 0.40534
28 0.512106 0.48392 0.975789 0.426578
34 0.510934 0.495146 0.978132 0.40534
57 0.510934 0.495146 0.978132 0.40534
31 0.510934 0.495146 0.978132 0.40534
4 0.510934 0.495146 0.978132 0.40534
56 0.510934 0.495146 0.978132 0.40534
39 0.510934 0.495146 0.978132 0.40534
2 0.510934 0.495146 0.978132 0.40534
3 0.510934 0.495146 0.978132 0.40534
44 0.510934 0.495146 0.978132 0.40534
52 0.631449 0.5 0.6787 0.445388
0 0.510934 0.495146 0.978132 0.40534
8 0.510934 0.495146 0.978132 0.40534
21 0.510934 0.495146 0.978132 0.40534
10 0.631449 0.5 0.6787 0.445388
52 0.508591 0.472391 0.982818 0.447209
10 0.508591 0.472391 0.982818 0.447209
23 0.508591 0.472391 0.982818 0.447209
69 0.510544 0.474515 0.978913 0.442961
22 0.50883 0.477245 0.981733 0.438714
67 0.508591 0.472391 0.982818 0.447209
68 0.50883 0.477245 0.981733 0.438714
58 0.50883 0.477245 0.981733 0.438714
60 0.508591 0.472391 0.982818 0.447209
62 0.508591 0.472391 0.982818 0.447209
59 0.50883 0.477245 0.981733 0.438714
32 0.50883 0.477245 0.981733 0.438714
61 0.508591 0.472391 0.982818 0.447209
31 0.50883 0.477245 0.981733 0.438714
28 0.508591 0.472391 0.982818 0.447209
4 0.50883 0.477245 0.981733 0.438714
56 0.508591 0.472391 0.982818 0.447209
34 0.508591 0.472391 0.982818 0.447209
57 0.50883 0.477245 0.981733 0.438714
39 0.508591 0.472391 0.982818 0.447209
36 0.50883 0.477245 0.981733 0.438714
2 0.50883 0.477245 0.981733 0.438714
6 0.50883 0.477245 0.981733 0.438714
44 0.510544 0.474515 0.978913 0.442961
0 0.50883 0.477245 0.981733 0.438714
54 0.50883 0.477245 0.981733 0.438714
3 0.50883 0.477245 0.981733 0.438714
52 0.465484 0.40534 0.802881 0.567961
52 0.508049 0.481493 0.983295 0.419296
69 0.508049 0.481493 0.983295 0.419296
23 0.508049 0.481493 0.983295 0.419296
22 0.508049 0.481493 0.983295 0.419296
10 0.508049 0.481493 0.983295 0.419296
67 0.508049 0.481493 0.983295 0.419296
60 0.508049 0.481493 0.983295 0.419296
62 0.508982 0.477624 0.982037 0.424606
68 0.508049 0.481493 0.983295 0.419296
58 0.508049 0.481493 0.983295 0.419296
59 0.508049 0.481493 0.983295 0.419296
32 0.508049 0.481493 0.983295 0.419296
61 0.508049 0.481493 0.983295 0.419296
39 0.508049 0.481493 0.983295 0.419296
56 0.508049 0.481493 0.983295 0.419296
31 0.508049 0.481493 0.983295 0.419296
28 0.508049 0.481493 0.983295 0.419296
57 0.50922 0.483617 0.980952 0.416262
44 0.508049 0.481493 0.983295 0.419296
4 0.506096 0.480583 0.974704 0.418689
34 0.508049 0.481493 0.983295 0.419296
36 0.508049 0.481493 0.983295 0.419296
2 0.508049 0.481493 0.983295 0.419296
3 0.508049 0.481493 0.983295 0.419296
33 0.50922 0.483617 0.980952 0.416262
21 0.506096 0.480583 0.974704 0.418689
52 0.4237 0.508192 0.780232 0.353762
23 0.4237 0.508192 0.780232 0.353762
6 0.508049 0.481493 0.983295 0.419296
52 0.50883 0.462075 0.978609 0.453277
23 0.510001 0.467916 0.97939 0.445237
67 0.510001 0.467916 0.97939 0.445237
22 0.508439 0.46655 0.977828 0.444326
10 0.510001 0.467916 0.97939 0.445237
69 0.508439 0.46655 0.977828 0.444326
60 0.50883 0.462075 0.978609 0.453277
68 0.508439 0.46655 0.977828 0.444326
58 0.510001 0.467916 0.97939 0.445237
32 0.508439 0.46655 0.977828 0.444326
59 0.501801 0.463896 0.977047 0.448422
31 0.508439 0.46655 0.977828 0.444326
56 0.510001 0.467916 0.97939 0.445237
28 0.50883 0.462075 0.978609 0.453277
39 0.510001 0.467916 0.97939 0.445237
57 0.501801 0.463896 0.977047 0.448422
62 0.50883 0.462075 0.978609 0.453277
3 0.501801 0.463896 0.977047 0.448422
44 0.510001 0.472694 0.97939 0.434466
61 0.503363 0.462379 0.978609 0.453883
34 0.50883 0.462075 0.978609 0.453277
6 0.508439 0.46655 0.977828 0.444326
2 0.501801 0.463896 0.977047 0.448422
4 0.501801 0.463896 0.977047 0.448422
36 0.501801 0.463896 0.977047 0.448422
54 0.508439 0.46655 0.977828 0.444326
0 0.501801 0.463896 0.977047 0.448422
52 0.512496 0.47277 0.975008 0.439169
69 0.510001 0.474439 0.976266 0.435831
10 0.512496 0.47277 0.975008 0.439169
22 0.510001 0.474439 0.976266 0.435831
60 0.511563 0.469964 0.976266 0.444782
23 0.510001 0.474439 0.976266 0.435831
67 0.510001 0.474439 0.976266 0.435831
68 0.510001 0.474439 0.976266 0.435831
39 0.511563 0.469964 0.976266 0.444782
62 0.511563 0.469964 0.976266 0.444782
32 0.510001 0.474439 0.976266 0.435831
59 0.510001 0.474439 0.976266 0.435831
58 0.510001 0.474439 0.976266 0.435831
31 0.510001 0.474439 0.976266 0.435831
57 0.512106 0.476032 0.975789 0.432646
36 0.510001 0.474439 0.976266 0.435831
28 0.511563 0.469964 0.976266 0.444782
56 0.510001 0.474439 0.976266 0.435831
61 0.511563 0.469964 0.976266 0.444782
44 0.510001 0.474439 0.976266 0.435831
2 0.508439 0.47057 0.97939 0.443568
3 0.510001 0.474439 0.976266 0.435831
34 0.511563 0.469964 0.976266 0.444782
8 0.510001 0.474439 0.976266 0.435831
6 0.510001 0.474439 0.976266 0.435831
33 0.510001 0.474439 0.976266 0.435831
22 0.506877 0.472087 0.984076 0.438107
52 0.510001 0.482403 0.97939 0.421117
69 0.506877 0.472087 0.984076 0.438107
23 0.503753 0.476942 0.9872 0.433252
10 0.510001 0.482403 0.97939 0.421117
60 0.503753 0.476942 0.9872 0.433252
67 0.510001 0.482403 0.97939 0.421117
39 0.503753 0.476942 0.9872 0.433252
32 0.506877 0.472087 0.984076 0.438107
68 0.506877 0.472087 0.984076 0.438107
62 0.506877 0.474818 0.985638 0.436286
58 0.503753 0.476942 0.9872 0.433252
2 0.50141 0.474515 0.982514 0.434466
28 0.508049 0.475425 0.978609 0.432646
59 0.50141 0.474515 0.982514 0.434466
56 0.503753 0.476942 0.9872 0.433252
57 0.510001 0.475728 0.97939 0.430825
31 0.50141 0.474515 0.982514 0.434466
44 0.510001 0.475728 0.97939 0.430825
3 0.50141 0.474515 0.982514 0.434466
33 0.51625 0.481189 0.957522 0.423544
6 0.50141 0.474515 0.982514 0.434466
61 0.503753 0.476942 0.9872 0.433252
36 0.50141 0.474515 0.982514 0.434466
1 0.50141 0.474515 0.982514 0.434466
34 0.510001 0.482403 0.97939 0.421117
7 0.50141 0.474515 0.982514 0.434466
54 0.510001 0.475728 0.97939 0.430825
22 0.504534 0.479369 0.985638 0.423544
23 0.504534 0.479369 0.985638 0.423544
69 0.504534 0.479369 0.985638 0.423544
52 0.504534 0.479369 0.985638 0.423544
10 0.504534 0.479369 0.985638 0.423544
60 0.504534 0.479369 0.985638 0.423544
67 0.504534 0.479369 0.985638 0.423544
58 0.504534 0.479369 0.985638 0.423544
68 0.504534 0.479369 0.985638 0.423544
39 0.504534 0.479369 0.985638 0.423544
32 0.504534 0.479369 0.985638 0.423544
59 0.505706 0.478762 0.981733 0.417476
57 0.504534 0.479369 0.985638 0.423544
28 0.504534 0.479369 0.985638 0.423544
62 0.504534 0.479369 0.985638 0.423544
44 0.504534 0.479369 0.985638 0.423544
31 0.497896 0.48574 0.984857 0.409587
3 0.497896 0.48574 0.984857 0.409587
2 0.504534 0.479369 0.985638 0.423544
56 0.505706 0.478762 0.981733 0.417476
54 0.504534 0.479369 0.985638 0.423544
11 0.507658 0.477852 0.982514 0.42415
8 0.504534 0.479369 0.985638 0.423544
34 0.504534 0.479369 0.985638 0.423544
23 0.507029 0.477852 0.985942 0.429005
69 0.50781 0.479672 0.98438 0.426578
22 0.50781 0.479672 0.98438 0.426578
60 0.50781 0.479672 0.98438 0.426578
10 0.50781 0.479672 0.98438 0.426578
39 0.507029 0.477852 0.985942 0.429005
52 0.511715 0.477245 0.97657 0.430218
67 0.50781 0.479672 0.98438 0.426578
58 0.50781 0.479672 0.98438 0.426578
32 0.50781 0.479672 0.98438 0.426578
2 0.50781 0.479672 0.98438 0.426578
62 0.50781 0.479672 0.98438 0.426578
68 0.50781 0.479672 0.98438 0.426578
57 0.50781 0.479672 0.98438 0.426578
44 0.50781 0.479672 0.98438 0.426578
33 0.558424 0.473301 0.882545 0.436893
59 0.509372 0.480583 0.981256 0.423544
28 0.513277 0.481189 0.973446 0.425971
7 0.50781 0.479672 0.98438 0.426578
23 0.664642 0.477852 0.670109 0.435073
56 0.50781 0.479672 0.98438 0.426578
3 0.50781 0.479672 0.98438 0.426578
6 0.50781 0.479672 0.98438 0.426578
8 0.50781 0.479672 0.98438 0.426578
31 0.50781 0.479672 0.98438 0.426578
36 0.50781 0.479672 0.98438 0.426578
11 0.511715 0.477245 0.97657 0.430218
23 0.498286 0.493932 0.977828 0.39199
22 0.504144 0.492415 0.983295 0.395024
52 0.506877 0.48574 0.982514 0.408374
69 0.504144 0.492415 0.983295 0.395024
10 0.504144 0.492415 0.983295 0.395024
60 0.504144 0.492415 0.983295 0.395024
67 0.504144 0.492415 0.983295 0.395024
58 0.498286 0.493932 0.977828 0.39199
32 0.504144 0.492415 0.983295 0.395024
39 0.498286 0.493932 0.977828 0.39199
59 0.498286 0.493932 0.977828 0.39199
68 0.498286 0.493932 0.977828 0.39199
62 0.506487 0.488471 0.980171 0.402913
33 0.506096 0.490898 0.984076 0.398058
57 0.506096 0.490898 0.984076 0.398058
23 0.650193 0.478762 0.667766 0.415049
2 0.498286 0.493932 0.977828 0.39199
23 0.458064 0.43932 0.842713 0.485437
44 0.506096 0.490898 0.984076 0.398058
11 0.504144 0.486044 0.984857 0.406553
31 0.498286 0.493932 0.977828 0.39199
22 0.458064 0.43932 0.842713 0.485437
52 0.508049 0.478459 0.980171 0.422937
10 0.508049 0.478459 0.980171 0.422937
69 0.508049 0.478459 0.980171 0.422937
22 0.508049 0.478459 0.980171 0.422937
23 0.508049 0.478459 0.980171 0.422937
67 0.508049 0.478459 0.980171 0.422937
60 0.508049 0.478459 0.980171 0.422937
58 0.508049 0.478459 0.980171 0.422937
62 0.508049 0.478459 0.980171 0.422937
68 0.508049 0.478459 0.980171 0.422937
57 0.50883 0.479976 0.981733 0.421116
59 0.508049 0.478459 0.980171 0.422937
32 0.508049 0.478459 0.980171 0.422937
39 0.508049 0.478459 0.980171 0.422937
2 0.508049 0.478459 0.980171 0.422937
44 0.50883 0.479976 0.981733 0.421116
61 0.508049 0.478459 0.980171 0.422937
52 0.429948 0.51426 0.798976 0.364684
31 0.504144 0.479976 0.969237 0.418689
56 0.508049 0.478459 0.980171 0.422937
45 0.504144 0.479976 0.969237 0.418689
34 0.508049 0.478459 0.980171 0.422937
69 0.507029 0.479672 0.985942 0.427791
10 0.507029 0.479672 0.985942 0.427791
23 0.510934 0.480886 0.978132 0.42415
22 0.507029 0.479672 0.985942 0.427791
60 0.507029 0.479672 0.985942 0.427791
52 0.511715 0.479976 0.97657 0.425971
67 0.507029 0.479672 0.985942 0.427791
39 0.507029 0.479672 0.985942 0.427791
58 0.507029 0.479672 0.985942 0.427791
32 0.507029 0.479672 0.985942 0.427791
68 0.507029 0.479672 0.985942 0.427791
59 0.508591 0.476335 0.982818 0.432039
62 0.511715 0.479976 0.97657 0.425971
57 0.507029 0.479672 0.985942 0.427791
2 0.507029 0.479672 0.985942 0.427791
33 0.510934 0.480886 0.978132 0.42415
28 0.511715 0.479976 0.97657 0.425971
44 0.507029 0.479672 0.985942 0.427791
4 0.244457 0.141118 0.157765 0.117036
8 0.507029 0.479672 0.985942 0.427791
31 0.507029 0.479672 0.985942 0.427791
58 0.244457 0.141118 0.157765 0.117036
69 0.504925 0.4821 0.986419 0.419296
22 0.504925 0.4821 0.986419 0.419296
23 0.504925 0.4821 0.986419 0.419296
60 0.504925 0.4821 0.986419 0.419296
10 0.510782 0.480886 0.977828 0.42051
52 0.509611 0.482403 0.980171 0.421117
67 0.504925 0.4821 0.986419 0.419296
32 0.504925 0.4821 0.986419 0.419296
39 0.504925 0.4821 0.986419 0.419296
58 0.504925 0.4821 0.986419 0.419296
68 0.504925 0.4821 0.986419 0.419296
2 0.504925 0.4821 0.986419 0.419296
57 0.509611 0.482403 0.980171 0.421117
62 0.507658 0.480886 0.984076 0.418083
59 0.507658 0.480886 0.984076 0.418083
44 0.498286 0.482403 0.980952 0.418689
33 0.504925 0.4821 0.986419 0.419296
28 0.507658 0.480886 0.984076 0.418083
69 0.50781 0.480583 0.98438 0.427184
10 0.510153 0.474818 0.979694 0.4375
60 0.50781 0.480583 0.98438 0.427184
22 0.50781 0.480583 0.98438 0.427184
52 0.508982 0.477549 0.982037 0.429612
23 0.50781 0.480583 0.98438 0.427184
67 0.50781 0.480583 0.98438 0.427184
39 0.50781 0.480583 0.98438 0.427184
58 0.50781 0.480583 0.98438 0.427184
62 0.508982 0.477549 0.982037 0.429612
2 0.50781 0.480583 0.98438 0.427184
32 0.50781 0.480583 0.98438 0.427184
57 0.50781 0.480583 0.98438 0.427184
68 0.508982 0.477549 0.982037 0.429612
33 0.50781 0.480583 0.98438 0.427184
61 0.510544 0.477549 0.978913 0.430825
59 0.508982 0.477549 0.982037 0.429612
28 0.508982 0.477549 0.982037 0.429612
44 0.508982 0.477549 0.982037 0.429612
8 0.50781 0.480583 0.98438 0.427184
34 0.50781 0.480583 0.98438 0.427184
52 0.510001 0.474818 0.97939 0.431432
10 0.510001 0.474818 0.97939 0.431432
69 0.507658 0.476638 0.97939 0.432646
23 0.507658 0.476638 0.97939 0.432646
67 0.507658 0.476638 0.97939 0.432646
22 0.507658 0.476638 0.97939 0.432646
60 0.507658 0.476638 0.97939 0.432646
62 0.511563 0.478762 0.976266 0.421117
58 0.507658 0.476638 0.97939 0.432646
57 0.507658 0.476638 0.97939 0.432646
68 0.507658 0.476638 0.97939 0.432646
2 0.507658 0.476638 0.97939 0.432646
69 0.503753 0.476032 0.982514 0.436286
22 0.506877 0.478459 0.980952 0.432646
60 0.503753 0.476032 0.982514 0.436286
23 0.500629 0.476942 0.97939 0.433252
10 0.506487 0.477473 0.980171 0.433404
67 0.503753 0.476032 0.982514 0.436286
52 0.508439 0.478231 0.977828 0.427033
39 0.503753 0.476032 0.982514 0.436286
32 0.503753 0.476032 0.982514 0.436286
62 0.508439 0.478231 0.977828 0.427033
2 0.503753 0.476032 0.982514 0.436286
58 0.498677 0.479369 0.973923 0.430825
44 0.506877 0.478459 0.980952 0.432646
68 0.503753 0.476032 0.982514 0.436286
28 0.505706 0.476032 0.978609 0.429005
57 0.506877 0.478459 0.980952 0.432646
61 0.505706 0.476032 0.978609 0.429005
33 0.503753 0.476032 0.982514 0.436286
6 0.503753 0.476032 0.982514 0.436286
31 0.498677 0.479369 0.973923 0.430825
56 0.505706 0.476032 0.978609 0.429005
23 0.504534 0.475197 0.9872 0.42946
52 0.509763 0.480583 0.980475 0.425971
22 0.504534 0.475197 0.9872 0.42946
10 0.509763 0.480583 0.980475 0.425971
69 0.504534 0.475197 0.9872 0.42946
67 0.504534 0.475197 0.9872 0.42946
60 0.504534 0.475197 0.9872 0.42946
58 0.504534 0.475197 0.9872 0.42946
39 0.504534 0.475197 0.9872 0.42946
68 0.504534 0.475197 0.9872 0.42946
32 0.504534 0.475197 0.9872 0.42946
62 0.506877 0.483617 0.985638 0.421117
59 0.506877 0.483617 0.985638 0.421117
44 0.509763 0.477852 0.980475 0.425364
10 0.509611 0.472391 0.980171 0.447209
60 0.506877 0.469357 0.982514 0.448422
69 0.506877 0.469357 0.982514 0.448422
23 0.506096 0.465716 0.97939 0.456918
52 0.50922 0.473301 0.980952 0.441748
22 0.506877 0.469357 0.982514 0.448422
67 0.506877 0.469357 0.982514 0.448422
39 0.509611 0.472391 0.980171 0.447209
58 0.505315 0.469053 0.977828 0.447816
32 0.506877 0.469357 0.982514 0.448422
2 0.508049 0.467916 0.978609 0.451305
62 0.508049 0.467916 0.978609 0.451305
61 0.511563 0.473225 0.976266 0.441899
33 0.50922 0.473301 0.980952 0.441748
57 0.50922 0.473301 0.980952 0.441748
68 0.505315 0.469053 0.977828 0.447816
10 0.510934 0.480279 0.978132 0.435073
52 0.50742 0.478079 0.985161 0.434618
60 0.505858 0.481493 0.988285 0.430218
69 0.505858 0.481493 0.988285 0.430218
67 0.505858 0.481493 0.988285 0.430218
22 0.505858 0.481493 0.988285 0.430218
23 0.505858 0.481493 0.988285 0.430218
58 0.505858 0.481493 0.988285 0.430218
62 0.511715 0.478231 0.97657 0.434314
39 0.505858 0.481493 0.988285 0.430218
61 0.511715 0.478231 0.97657 0.434314
2 0.50742 0.478079 0.985161 0.434618
32 0.505858 0.481493 0.988285 0.430218
33 0.510544 0.4821 0.978913 0.430218
57 0.510544 0.4821 0.978913 0.430218
44 0.50742 0.478079 0.985161 0.434618
22 0.511563 0.479976 0.976266 0.42233
69 0.506877 0.481189 0.985638 0.421117
60 0.511563 0.479976 0.976266 0.42233
23 0.512496 0.480583 0.975008 0.424757
39 0.514688 0.478079 0.966894 0.427336
10 0.512496 0.480583 0.975008 0.424757
67 0.506877 0.481189 0.985638 0.421117
32 0.506877 0.481189 0.985638 0.421117
52 0.512496 0.480583 0.975008 0.424757
58 0.506877 0.481189 0.985638 0.421117
2 0.512496 0.480583 0.975008 0.424757
33 0.511563 0.479976 0.976266 0.42233
68 0.512496 0.480583 0.975008 0.424757
62 0.512496 0.480583 0.975008 0.424757
11 0.511563 0.477473 0.976266 0.426123
60 0.506639 0.481189 0.986723 0.425971
69 0.506639 0.481189 0.986723 0.425971
10 0.506639 0.481189 0.986723 0.425971
67 0.506639 0.481189 0.986723 0.425971
22 0.506639 0.481189 0.986723 0.425971
52 0.506639 0.481189 0.986723 0.425971
39 0.506639 0.481189 0.986723 0.425971
23 0.511715 0.4821 0.97657 0.424151
58 0.506639 0.481189 0.986723 0.425971
32 0.506639 0.481189 0.986723 0.425971
61 0.511715 0.4821 0.97657 0.424151
62 0.511715 0.4821 0.97657 0.424151
2 0.511715 0.4821 0.97657 0.424151
57 0.506639 0.481189 0.986723 0.425971
68 0.511715 0.4821 0.97657 0.424151
33 0.510934 0.4821 0.978132 0.424151
10 0.508439 0.483313 0.97939 0.42051
69 0.503753 0.48574 0.9872 0.416869
22 0.507658 0.485437 0.980952 0.417476
60 0.503753 0.48574 0.9872 0.416869
23 0.503753 0.48574 0.9872 0.416869
52 0.503753 0.48574 0.9872 0.416869
67 0.503753 0.48574 0.9872 0.416869
39 0.510782 0.48483 0.97158 0.418689
62 0.50922 0.484223 0.97939 0.418689
2 0.503753 0.48574 0.9872 0.416869
33 0.507658 0.485437 0.980952 0.417476
44 0.507658 0.485437 0.980952 0.417476
32 0.507658 0.485437 0.980952 0.417476
58 0.499067 0.487864 0.97939 0.411408
10 0.506248 0.476638 0.987504 0.432646
60 0.505467 0.477852 0.989066 0.431432
52 0.506248 0.476638 0.987504 0.432646
69 0.505467 0.477852 0.989066 0.431432
67 0.505467 0.477852 0.989066 0.431432
22 0.505467 0.477852 0.989066 0.431432
23 0.505467 0.477852 0.989066 0.431432
39 0.505467 0.477852 0.989066 0.431432
62 0.512106 0.479976 0.975789 0.425971
58 0.505467 0.477852 0.989066 0.431432
2 0.505467 0.477852 0.989066 0.431432
4 0.241919 0.137894 0.158546 0.131675
61 0.505467 0.477852 0.989066 0.431432
45 0.241919 0.137894 0.158546 0.131675
59 0.241919 0.137894 0.158546 0.131675
22 0.511563 0.484527 0.976266 0.422937
60 0.506487 0.486347 0.984857 0.419296
10 0.512496 0.4821 0.975008 0.425364
69 0.511563 0.484527 0.976266 0.422937
23 0.511563 0.484527 0.976266 0.422937
67 0.506487 0.486347 0.984857 0.419296
52 0.506487 0.486347 0.984857 0.419296
39 0.545538 0.480583 0.90207 0.427184
4 0.242114 0.135164 0.157765 0.128944
32 0.511563 0.484527 0.976266 0.422937
58 0.506487 0.486347 0.984857 0.419296
62 0.512496 0.4821 0.975008 0.425364
28 0.241138 0.131068 0.160108 0.131371
59 0.242114 0.135164 0.157765 0.128944
23 0.242114 0.135164 0.157765 0.128944
58 0.242114 0.135164 0.157765 0.128944
45 0.242114 0.135164 0.157765 0.128944
2 0.241138 0.131068 0.160108 0.131371
3 0.242114 0.135164 0.157765 0.128944
2 0.512496 0.4821 0.975008 0.425364
29 0.242114 0.135164 0.157765 0.128944
68 0.512496 0.4821 0.975008 0.425364
22 0.241138 0.131068 0.160108 0.131371
22 0.510782 0.480279 0.976266 0.425364
23 0.511564 0.478762 0.97158 0.429612
69 0.506096 0.482403 0.980952 0.421117
60 0.506096 0.482403 0.980952 0.421117
39 0.506096 0.482403 0.980952 0.421117
67 0.506096 0.482403 0.980952 0.421117
10 0.511563 0.478762 0.976266 0.428398
32 0.510782 0.480279 0.976266 0.425364
58 0.506096 0.482403 0.980952 0.421117
52 0.511954 0.478459 0.973923 0.429005
2 0.50922 0.479369 0.974704 0.425971
33 0.511954 0.478459 0.973923 0.429005
4 0.242114 0.134557 0.158936 0.120449
62 0.511954 0.478459 0.973923 0.429005
22 0.508439 0.480279 0.977828 0.429005
23 0.501801 0.480279 0.973923 0.427791
10 0.50922 0.479369 0.976266 0.432039
60 0.501801 0.480279 0.973923 0.427791
67 0.504534 0.478762 0.980952 0.430825
69 0.504534 0.478762 0.980952 0.430825
39 0.510001 0.479976 0.973142 0.430825
52 0.501801 0.480279 0.973923 0.427791
62 0.509611 0.480886 0.975485 0.427791
58 0.50141 0.481796 0.974704 0.424757
32 0.508439 0.480279 0.977828 0.429005
2 0.501801 0.480279 0.973923 0.427791
22 0.510544 0.478459 0.978913 0.432646
23 0.511715 0.480507 0.97657 0.42855
69 0.512496 0.479369 0.975008 0.432039
60 0.508201 0.475425 0.983599 0.4375
39 0.510544 0.478459 0.978913 0.432646
10 0.510934 0.478231 0.978132 0.431887
67 0.508201 0.475425 0.983599 0.4375
32 0.510544 0.478459 0.978913 0.432646
52 0.510153 0.477473 0.979694 0.433404
2 0.510153 0.477473 0.979694 0.433404
62 0.511715 0.480507 0.97657 0.42855
33 0.512496 0.479369 0.975008 0.432039
52 0.50922 0.479066 0.974704 0.425364
10 0.50922 0.479066 0.974704 0.425364
67 0.508439 0.480583 0.976266 0.424757
22 0.509611 0.480279 0.972361 0.426578
23 0.503753 0.476638 0.977828 0.427791
60 0.508439 0.480583 0.976266 0.424757
69 0.504534 0.477549 0.980952 0.429612
58 0.502972 0.478762 0.974704 0.423544
39 0.509611 0.480279 0.972361 0.426578
57 0.502972 0.478762 0.974704 0.423544
45 0.502972 0.478762 0.974704 0.423544
22 0.508439 0.478155 0.977828 0.428398
69 0.508439 0.478155 0.977828 0.428398
10 0.510001 0.477018 0.976266 0.428246
52 0.510001 0.477018 0.976266 0.428246
23 0.507658 0.476032 0.977828 0.432646
67 0.508439 0.478155 0.977828 0.428398
60 0.506096 0.480279 0.970018 0.422937
39 0.508439 0.478155 0.977828 0.428398
58 0.506096 0.480279 0.970018 0.422937
32 0.508439 0.478155 0.977828 0.428398
62 0.510001 0.480583 0.970018 0.42233
22 0.507658 0.478838 0.977828 0.428246
69 0.510782 0.476638 0.97158 0.432646
23 0.497896 0.478459 0.969237 0.426578
39 0.504534 0.476335 0.980952 0.433252
67 0.504534 0.476335 0.980952 0.433252
10 0.510782 0.476638 0.97158 0.432646
60 0.497505 0.480583 0.970018 0.423544
32 0.507658 0.478838 0.977828 0.428246
52 0.497505 0.480583 0.970018 0.423544
22 0.506877 0.476638 0.982514 0.439927
23 0.510782 0.480507 0.977828 0.434618
69 0.50922 0.479445 0.977828 0.431887
60 0.50922 0.479445 0.977828 0.431887
67 0.506487 0.476942 0.983295 0.436893
10 0.510782 0.480507 0.977828 0.434618
39 0.50922 0.479445 0.977828 0.431887
52 0.510782 0.480507 0.977828 0.434618
4 0.240552 0.137439 0.158155 0.136529
68 0.510782 0.480507 0.977828 0.434618
58 0.510782 0.480507 0.977828 0.434618
32 0.506487 0.476942 0.983295 0.436893
28 0.240943 0.130802 0.158936 0.130992
22 0.510782 0.480279 0.976266 0.422937
10 0.508049 0.479976 0.980171 0.421116
60 0.510782 0.480279 0.976266 0.422937
23 0.506096 0.477245 0.982514 0.426578
69 0.510782 0.480583 0.976266 0.424757
67 0.506096 0.477245 0.982514 0.426578
39 0.506096 0.477245 0.982514 0.426578
52 0.510782 0.480583 0.976266 0.424757
10 0.507658 0.477473 0.980952 0.434618
60 0.505315 0.47459 0.985638 0.441596
22 0.505315 0.47459 0.985638 0.441596
69 0.505315 0.47459 0.985638 0.441596
67 0.505315 0.47459 0.985638 0.441596
23 0.505315 0.47459 0.985638 0.441596
52 0.510001 0.479293 0.97939 0.430977
39 0.505315 0.47459 0.985638 0.441596
58 0.505315 0.47459 0.985638 0.441596
4 0.241724 0.145783 0.16167 0.12318
45 0.241724 0.145783 0.16167 0.12318
32 0.505315 0.47459 0.985638 0.441596
58 0.241724 0.145783 0.16167 0.12318
59 0.241724 0.145783 0.16167 0.12318
61 0.510001 0.479293 0.97939 0.430977
2 0.241919 0.142294 0.162451 0.119539
3 0.241724 0.145783 0.16167 0.12318
22 0.50922 0.48392 0.977828 0.42051
23 0.502972 0.48665 0.968456 0.412621
69 0.50922 0.48392 0.977828 0.42051
60 0.50922 0.48392 0.977828 0.42051
10 0.510001 0.483617 0.976266 0.421117
67 0.50922 0.48392 0.977828 0.42051
39 0.50922 0.48392 0.977828 0.42051
4 0.240161 0.141346 0.160498 0.115367
58 0.240161 0.141346 0.160498 0.115367
45 0.240161 0.141346 0.160498 0.115367
52 0.510001 0.483617 0.976266 0.421117
56 0.239771 0.137401 0.16206 0.122042
2 0.239771 0.137401 0.16206 0.122042
3 0.240161 0.141346 0.160498 0.115367
23 0.240161 0.141346 0.160498 0.115367
28 0.240161 0.141346 0.160498 0.115367
32 0.502582 0.486954 0.969237 0.412015
59 0.240161 0.141346 0.160498 0.115367
2 0.508439 0.48301 0.976266 0.419903
35 0.240161 0.141346 0.160498 0.115367
30 0.239771 0.137401 0.16206 0.122042
62 0.510001 0.483617 0.976266 0.421117
60 0.240161 0.141346 0.160498 0.115367
39 0.239771 0.137401 0.16206 0.122042
22 0.508049 0.483313 0.981733 0.418083
69 0.510544 0.479672 0.978913 0.424151
23 0.508049 0.483313 0.981733 0.418083
67 0.509372 0.481796 0.981256 0.424757
60 0.509372 0.481796 0.981256 0.424757
10 0.510544 0.479672 0.978913 0.424151
39 0.511173 0.482403 0.977047 0.424757
52 0.506877 0.487561 0.97939 0.410801
32 0.509372 0.481796 0.981256 0.424757
4 0.241528 0.132585 0.163622 0.148058
58 0.241528 0.132585 0.163622 0.148058
45 0.241528 0.132585 0.163622 0.148058
28 0.241528 0.125569 0.166356 0.152382
2 0.508049 0.483313 0.981733 0.418083
58 0.506877 0.487561 0.97939 0.410801
56 0.241528 0.125569 0.166356 0.152382
2 0.241528 0.125569 0.166356 0.152382
3 0.241528 0.132585 0.163622 0.148058
10 0.511954 0.478838 0.973923 0.428246
22 0.506487 0.479293 0.986419 0.427336
60 0.509763 0.479672 0.980475 0.426578
69 0.506487 0.479293 0.986419 0.427336
23 0.504534 0.485437 0.9872 0.412621
67 0.506487 0.479293 0.986419 0.427336
52 0.510934 0.480583 0.978132 0.42233
39 0.509763 0.479672 0.980475 0.426578
4 0.240943 0.13505 0.160889 0.13706
45 0.240943 0.13505 0.160889 0.13706
58 0.506487 0.479293 0.986419 0.427336
22 0.507658 0.476032 0.980952 0.4375
69 0.507658 0.476032 0.980952 0.4375
67 0.507658 0.476032 0.980952 0.4375
60 0.504534 0.477549 0.973142 0.429612
23 0.505315 0.477245 0.97158 0.429005
10 0.508439 0.476259 0.97939 0.434618
39 0.510782 0.476942 0.974704 0.43568
52 0.504534 0.477549 0.973142 0.429612
57 0.504534 0.477549 0.973142 0.429612
22 0.505315 0.483617 0.988762 0.425971
23 0.506248 0.484223 0.987504 0.421117
69 0.505315 0.483617 0.988762 0.425971
39 0.511173 0.48483 0.977047 0.424757
60 0.511173 0.48483 0.977047 0.424757
67 0.505315 0.483617 0.988762 0.425971
10 0.505315 0.483617 0.988762 0.425971
4 0.23899 0.137705 0.167918 0.132357
45 0.23899 0.137705 0.167918 0.132357
32 0.511173 0.48483 0.977047 0.424757
2 0.23899 0.137705 0.167918 0.132357
28 0.237086 0.13304 0.173287 0.133192
23 0.23899 0.137705 0.167918 0.132357
59 0.23899 0.137705 0.167918 0.132357
52 0.504534 0.489078 0.984076 0.412621
22 0.510153 0.485437 0.979694 0.412621
23 0.507268 0.489988 0.983295 0.401092
60 0.510153 0.485437 0.979694 0.412621
10 0.507268 0.485437 0.984857 0.412621
67 0.507268 0.485437 0.984857 0.412621
39 0.507268 0.485437 0.984857 0.412621
69 0.507268 0.485437 0.984857 0.412621
52 0.505706 0.491808 0.981733 0.397451
32 0.510153 0.485437 0.979694 0.412621
58 0.505706 0.491808 0.981733 0.397451
22 0.508591 0.477245 0.982818 0.435073
23 0.508591 0.477245 0.982818 0.435073
10 0.510782 0.480583 0.974704 0.427184
67 0.508591 0.477245 0.982818 0.435073
60 0.508591 0.477245 0.982818 0.435073
69 0.508591 0.477245 0.982818 0.435073
52 0.510782 0.480583 0.974704 0.427184
39 0.508591 0.477245 0.982818 0.435073
4 0.241919 0.136188 0.157374 0.126289
45 0.242163 0.134747 0.159229 0.126138
56 0.242163 0.134747 0.159229 0.126138
2 0.242163 0.134747 0.159229 0.126138
58 0.241919 0.136188 0.157374 0.126289
28 0.242163 0.134747 0.159229 0.126138
22 0.508049 0.478838 0.983295 0.427033
69 0.510934 0.480583 0.978132 0.418689
23 0.508049 0.478838 0.983295 0.427033
10 0.508049 0.478838 0.983295 0.427033
67 0.508049 0.478838 0.983295 0.427033
60 0.508049 0.478838 0.983295 0.427033
52 0.508049 0.478838 0.983295 0.427033
39 0.508049 0.478838 0.983295 0.427033
4 0.242944 0.136833 0.160791 0.128944
45 0.242944 0.136833 0.160791 0.128944
28 0.242846 0.133761 0.162548 0.12993
58 0.242944 0.136833 0.160791 0.128944
22 0.508439 0.475046 0.982514 0.434618
69 0.508439 0.475046 0.982514 0.434618
10 0.510001 0.479369 0.974704 0.42233
23 0.508439 0.475046 0.982514 0.434618
67 0.508439 0.475046 0.982514 0.434618
60 0.508439 0.475046 0.982514 0.434618
52 0.508439 0.475046 0.982514 0.434618
39 0.508439 0.475046 0.982514 0.434618
62 0.511563 0.480583 0.974704 0.419903
22 0.508982 0.479369 0.982037 0.42233
10 0.510544 0.479369 0.978913 0.419903
69 0.510782 0.480279 0.974704 0.422937
67 0.506877 0.48483 0.977828 0.411408
60 0.506877 0.48483 0.977828 0.411408
23 0.506877 0.48483 0.977828 0.411408
52 0.506877 0.48483 0.977828 0.411408
39 0.506877 0.48483 0.977828 0.411408
58 0.508982 0.479369 0.982037 0.42233
45 0.242895 0.138501 0.158546 0.120146
4 0.242895 0.138501 0.158546 0.120146
23 0.506096 0.48301 0.984076 0.421117
10 0.510392 0.482403 0.977047 0.42233
22 0.506096 0.48301 0.984076 0.421117
67 0.506096 0.48301 0.984076 0.421117
69 0.506096 0.48301 0.984076 0.421117
52 0.506096 0.48301 0.984076 0.421117
60 0.508439 0.481796 0.97939 0.423544
58 0.506096 0.48301 0.984076 0.421117
67 0.504144 0.48301 0.984857 0.42233
10 0.509611 0.481796 0.977047 0.424757
22 0.504144 0.48301 0.984857 0.42233
52 0.504144 0.48301 0.984857 0.42233
69 0.509611 0.481796 0.977047 0.424757
23 0.504144 0.48301 0.984857 0.42233
60 0.508439 0.483313 0.97939 0.421723
39 0.509611 0.481796 0.977047 0.424757
57 0.502191 0.490291 0.976266 0.40534
22 0.510001 0.481189 0.97939 0.423544
10 0.50922 0.478459 0.976266 0.427791
60 0.505315 0.479369 0.984076 0.419903
67 0.505315 0.479369 0.984076 0.419903
69 0.510001 0.481189 0.97939 0.423544
23 0.505315 0.479369 0.984076 0.419903
52 0.505315 0.479369 0.984076 0.419903
39 0.536946 0.479066 0.922376 0.425364
22 0.503753 0.481189 0.982514 0.427184
52 0.507658 0.481796 0.97939 0.423544
10 0.507658 0.481796 0.97939 0.423544
23 0.503753 0.481189 0.982514 0.427184
69 0.507658 0.481796 0.97939 0.423544
67 0.503753 0.481189 0.982514 0.427184
60 0.503753 0.481189 0.982514 0.427184
58 0.503753 0.481189 0.982514 0.427184
52 0.508049 0.481796 0.977047 0.421117
67 0.504925 0.481796 0.983295 0.42233
22 0.504925 0.481796 0.983295 0.42233
23 0.504925 0.481796 0.983295 0.42233
69 0.504925 0.481796 0.983295 0.42233
10 0.508049 0.481796 0.977047 0.421117
60 0.504925 0.481796 0.983295 0.42233
4 0.242505 0.137288 0.159717 0.136226
45 0.242505 0.137288 0.159717 0.136226
58 0.504925 0.481796 0.983295 0.42233
28 0.242505 0.137288 0.159717 0.136226
2 0.242505 0.137288 0.159717 0.136226
3 0.242505 0.137288 0.159717 0.136226
59 0.242505 0.137288 0.159717 0.136226
68 0.508049 0.481796 0.977047 0.421117
58 0.242505 0.137288 0.159717 0.136226
45 0.504925 0.481796 0.983295 0.42233
23 0.242505 0.137288 0.159717 0.136226
52 0.510782 0.483617 0.977828 0.415049
22 0.504144 0.481796 0.986419 0.423544
23 0.504144 0.481796 0.986419 0.423544
69 0.510782 0.483617 0.977828 0.415049
67 0.504144 0.481796 0.986419 0.423544
10 0.504144 0.481796 0.986419 0.423544
68 0.510782 0.483617 0.977828 0.415049
57 0.504144 0.481796 0.986419 0.423544
22 0.509611 0.481189 0.977047 0.424757
23 0.509611 0.481189 0.977047 0.424757
67 0.506877 0.4821 0.982514 0.425364
69 0.509611 0.481189 0.977047 0.424757
10 0.506877 0.4821 0.982514 0.425364
52 0.509611 0.481189 0.977047 0.424757
60 0.506877 0.4821 0.982514 0.425364
45 0.241724 0.136188 0.164013 0.133571
4 0.241724 0.136188 0.164013 0.133571
28 0.241724 0.136188 0.164013 0.133571
2 0.241724 0.136188 0.164013 0.133571
58 0.506877 0.4821 0.982514 0.425364
59 0.241724 0.136188 0.164013 0.133571
3 0.241724 0.136188 0.164013 0.133571
52 0.509763 0.48301 0.980475 0.418689
22 0.506487 0.484223 0.986419 0.416262
23 0.504534 0.481189 0.9872 0.424757
67 0.504534 0.481189 0.9872 0.424757
69 0.506487 0.484223 0.986419 0.416262
10 0.504534 0.486954 0.980952 0.410801
57 0.504534 0.486954 0.980952 0.410801
60 0.504534 0.486954 0.980952 0.410801
68 0.509763 0.48301 0.980475 0.418689
22 0.50922 0.48483 0.977828 0.415049
23 0.503363 0.481796 0.984857 0.421117
67 0.503363 0.481796 0.984857 0.421117
69 0.50922 0.48483 0.977828 0.415049
52 0.50922 0.48483 0.977828 0.415049
10 0.50922 0.48483 0.977828 0.415049
60 0.50922 0.48301 0.976266 0.421117
4 0.242846 0.136984 0.160205 0.127427
45 0.242846 0.136984 0.160205 0.127427
3 0.242846 0.136984 0.160205 0.127427
2 0.242846 0.136984 0.160205 0.127427
59 0.242846 0.136984 0.160205 0.127427
39 0.50922 0.48301 0.976266 0.421117
58 0.242846 0.136984 0.160205 0.127427
28 0.242846 0.136984 0.160205 0.127427
56 0.241724 0.136074 0.16206 0.122573
23 0.242846 0.136984 0.160205 0.127427
10 0.510392 0.486044 0.978609 0.413835
22 0.510392 0.486044 0.978609 0.413835
67 0.502972 0.479672 0.988762 0.426578
60 0.502972 0.479672 0.988762 0.426578
69 0.510392 0.486044 0.978609 0.413835
52 0.502972 0.479672 0.988762 0.426578
23 0.502972 0.479672 0.988762 0.426578
39 0.502972 0.479672 0.988762 0.426578
62 0.504534 0.485437 0.9872 0.415049
22 0.511715 0.483617 0.97657 0.416262
60 0.50922 0.48301 0.980952 0.418689
10 0.511715 0.483617 0.97657 0.416262
69 0.511715 0.483617 0.97657 0.416262
67 0.50922 0.48301 0.980952 0.418689
23 0.511715 0.483617 0.97657 0.416262
39 0.510001 0.478762 0.976266 0.427184
52 0.504534 0.486347 0.97939 0.410801
45 0.241675 0.139222 0.161767 0.122042
22 0.508439 0.48301 0.976266 0.412621
10 0.506096 0.482403 0.97158 0.413835
52 0.50883 0.483617 0.977047 0.416262
60 0.504925 0.48301 0.970799 0.415049
67 0.50883 0.483617 0.977047 0.416262
69 0.508439 0.48301 0.976266 0.412621
23 0.506877 0.480583 0.97939 0.42233
62 0.508439 0.48301 0.976266 0.412621
10 0.50922 0.482403 0.97939 0.421117
22 0.510544 0.481493 0.978913 0.421723
69 0.510544 0.481493 0.978913 0.421723
23 0.506487 0.479445 0.983295 0.427033
52 0.510544 0.481493 0.978913 0.421723
67 0.510001 0.479293 0.976266 0.427336
60 0.510001 0.479293 0.976266 0.427336
45 0.240894 0.139411 0.162548 0.126517
4 0.240894 0.139411 0.162548 0.126517
3 0.240894 0.139411 0.162548 0.126517
39 0.510544 0.481493 0.978913 0.421723
52 0.510934 0.482706 0.978132 0.418083
10 0.506877 0.477549 0.985638 0.430825
22 0.510934 0.482706 0.978132 0.418083
69 0.506877 0.477549 0.985638 0.430825
67 0.506877 0.477549 0.985638 0.430825
23 0.506877 0.477549 0.985638 0.430825
4 0.241919 0.140132 0.161279 0.122649
60 0.505706 0.480886 0.978609 0.422937
45 0.241919 0.140132 0.161279 0.122649
3 0.241919 0.140132 0.161279 0.122649
2 0.241919 0.140132 0.161279 0.122649
28 0.241919 0.140132 0.161279 0.122649
10 0.510001 0.480886 0.977828 0.425364
22 0.510001 0.480886 0.977828 0.425364
60 0.505706 0.479976 0.983295 0.425971
69 0.510001 0.480886 0.977828 0.425364
67 0.505706 0.479976 0.983295 0.425971
52 0.510001 0.480886 0.977828 0.425364
23 0.505706 0.479976 0.983295 0.425971
39 0.537727 0.481189 0.919252 0.424757
45 0.240552 0.141042 0.16167 0.123255
3 0.240552 0.141042 0.16167 0.123255
4 0.240552 0.141042 0.16167 0.123255
62 0.510001 0.480886 0.977828 0.425364
28 0.240552 0.141042 0.16167 0.123255
58 0.240552 0.141042 0.16167 0.123255
22 0.511173 0.482403 0.977047 0.423544
69 0.511173 0.482403 0.977047 0.423544
10 0.511173 0.482403 0.977047 0.423544
23 0.511173 0.482403 0.977047 0.423544
67 0.511173 0.482403 0.977047 0.423544
52 0.511173 0.482403 0.977047 0.423544
60 0.510782 0.480886 0.976266 0.429005
39 0.536556 0.48301 0.926281 0.424757
45 0.240357 0.13687 0.163232 0.132812
10 0.511325 0.482403 0.977351 0.428398
22 0.510782 0.480279 0.976266 0.432646
69 0.510934 0.482403 0.978132 0.424757
67 0.510392 0.481796 0.977047 0.429612
23 0.506877 0.4821 0.985638 0.426578
60 0.510392 0.481796 0.977047 0.429612
52 0.510934 0.482403 0.978132 0.424757
39 0.510392 0.481796 0.977047 0.429612
4 0.23938 0.134709 0.168308 0.135012
45 0.23938 0.134709 0.168308 0.135012
3 0.23938 0.134709 0.168308 0.135012
2 0.23938 0.134709 0.168308 0.135012
28 0.23938 0.134709 0.168308 0.135012
10 0.511563 0.480886 0.976266 0.422937
22 0.505315 0.482706 0.9872 0.42051
69 0.511325 0.48392 0.977351 0.418082
52 0.511325 0.48392 0.977351 0.418082
23 0.511325 0.48392 0.977351 0.418082
60 0.511564 0.480583 0.973142 0.425971
67 0.502972 0.488471 0.980952 0.406553
62 0.511325 0.48392 0.977351 0.418082
39 0.511325 0.48392 0.977351 0.418082
10 0.510782 0.485437 0.977828 0.413835
22 0.510782 0.485437 0.977828 0.413835
23 0.510782 0.485437 0.977828 0.413835
69 0.510782 0.485437 0.977828 0.413835
52 0.510782 0.485437 0.977828 0.413835
60 0.50922 0.485437 0.977828 0.415049
67 0.504534 0.48483 0.9872 0.416262
4 0.241772 0.136377 0.164696 0.131978
39 0.510782 0.485437 0.977828 0.413835
45 0.241772 0.136377 0.164696 0.131978
3 0.241772 0.136377 0.164696 0.131978
62 0.510782 0.485437 0.977828 0.413835
28 0.241772 0.136377 0.164696 0.131978
2 0.241772 0.136377 0.164696 0.131978
59 0.241772 0.136377 0.164696 0.131978
10 0.510001 0.481796 0.977828 0.42233
52 0.510001 0.481796 0.977828 0.42233
22 0.510001 0.481796 0.977828 0.42233
69 0.510001 0.481796 0.977828 0.42233
23 0.502972 0.475804 0.9872 0.435528
67 0.502972 0.475804 0.9872 0.435528
60 0.502972 0.475804 0.9872 0.435528
62 0.510001 0.481796 0.977828 0.42233
4 0.239722 0.137743 0.168015 0.125607
45 0.239722 0.137743 0.168015 0.125607
52 0.50922 0.480583 0.974704 0.425971
10 0.506096 0.479445 0.97939 0.425819
22 0.506096 0.479445 0.97939 0.425819
69 0.506096 0.479445 0.97939 0.425819
67 0.501801 0.48301 0.973923 0.421117
23 0.504534 0.477549 0.980952 0.432039
60 0.501801 0.48301 0.973923 0.421117
57 0.501801 0.48301 0.973923 0.421117
22 0.510782 0.48483 0.977828 0.416262
52 0.510782 0.48483 0.977828 0.416262
23 0.510782 0.48483 0.977828 0.416262
67 0.505315 0.485134 0.985638 0.418083
69 0.510782 0.48483 0.977828 0.416262
10 0.505315 0.485134 0.985638 0.418083
60 0.505315 0.485134 0.985638 0.418083
4 0.237818 0.136264 0.174947 0.127958
45 0.237818 0.136264 0.174947 0.127958
22 0.510782 0.482403 0.977828 0.419903
52 0.510782 0.482403 0.977828 0.419903
23 0.510782 0.482403 0.977828 0.419903
67 0.505315 0.481493 0.985638 0.421723
10 0.505315 0.481493 0.985638 0.421723
69 0.510782 0.482403 0.977828 0.419903
60 0.505315 0.481493 0.985638 0.421723
4 0.236842 0.136377 0.174166 0.125
28 0.236842 0.136377 0.174166 0.125
52 0.509611 0.480886 0.973923 0.42415
22 0.509611 0.480886 0.973923 0.42415
23 0.509611 0.480886 0.973923 0.42415
10 0.509611 0.480886 0.973923 0.42415
67 0.504925 0.479369 0.983295 0.429612
69 0.509611 0.480886 0.973923 0.42415
68 0.509611 0.480886 0.973923 0.42415
60 0.500239 0.485437 0.973923 0.416262
23 0.510153 0.482403 0.979694 0.42233
22 0.510153 0.482403 0.979694 0.42233
52 0.510153 0.482403 0.979694 0.42233
67 0.506096 0.480507 0.9872 0.430977
10 0.510153 0.482403 0.979694 0.42233
60 0.506096 0.480507 0.9872 0.430977
69 0.510153 0.482403 0.979694 0.42233
58 0.510001 0.481493 0.976266 0.430218
39 0.510153 0.482403 0.979694 0.42233
10 0.50922 0.477245 0.980952 0.429005
22 0.510001 0.478762 0.977828 0.425971
67 0.506096 0.474515 0.984076 0.434466
69 0.510001 0.478762 0.977828 0.425971
23 0.510001 0.478762 0.977828 0.425971
52 0.510001 0.478762 0.977828 0.425971
60 0.506096 0.474515 0.984076 0.434466
39 0.510001 0.478762 0.977828 0.425971
4 0.240747 0.143507 0.169089 0.117415
28 0.240747 0.143507 0.169089 0.117415
22 0.505315 0.4799 0.988762 0.426123
23 0.505315 0.4799 0.988762 0.426123
67 0.500629 0.485437 0.988762 0.417476
60 0.500629 0.485437 0.988762 0.417476
10 0.505706 0.481189 0.986419 0.425971
69 0.505315 0.4799 0.988762 0.426123
52 0.508049 0.4799 0.983295 0.427336
39 0.505315 0.4799 0.988762 0.426123
23 0.504534 0.477624 0.984076 0.430674
22 0.50922 0.480279 0.976266 0.42415
67 0.504534 0.477624 0.984076 0.430674
10 0.50922 0.480279 0.976266 0.42415
60 0.50922 0.476942 0.974704 0.434466
69 0.50922 0.480279 0.976266 0.42415
39 0.50922 0.476942 0.974704 0.434466
52 0.50922 0.480279 0.976266 0.42415
58 0.50922 0.476942 0.974704 0.434466
10 0.510001 0.481796 0.977828 0.42233
22 0.504534 0.478155 0.9872 0.430825
23 0.504534 0.478155 0.9872 0.430825
67 0.504534 0.478155 0.9872 0.430825
52 0.510001 0.481796 0.977828 0.42233
69 0.510001 0.481796 0.977828 0.42233
60 0.504534 0.478155 0.9872 0.430825
39 0.510001 0.478155 0.976266 0.432039
58 0.510001 0.478155 0.976266 0.432039
67 0.503753 0.482403 0.985638 0.42233
22 0.507658 0.4821 0.977828 0.421723
60 0.503753 0.482403 0.985638 0.42233
10 0.507658 0.4821 0.977828 0.421723
69 0.507658 0.4821 0.977828 0.421723
23 0.507658 0.4821 0.977828 0.421723
52 0.507658 0.4821 0.977828 0.421723
39 0.503753 0.482403 0.985638 0.42233
4 0.236256 0.136226 0.176509 0.134102
45 0.236256 0.136226 0.176509 0.134102
22 0.504534 0.481796 0.9872 0.424757
10 0.510001 0.480886 0.977828 0.429005
23 0.504534 0.481796 0.9872 0.424757
69 0.510001 0.484223 0.97939 0.418689
52 0.510001 0.484223 0.97939 0.418689
67 0.504534 0.481796 0.9872 0.424757
60 0.510001 0.480886 0.977828 0.429005
39 0.510001 0.480886 0.977828 0.429005
67 0.504925 0.481796 0.987981 0.42233
22 0.504534 0.486044 0.9872 0.412621
23 0.506487 0.482403 0.986419 0.417476
52 0.50922 0.482403 0.980952 0.417476
69 0.50922 0.482403 0.980952 0.417476
60 0.504144 0.487864 0.984857 0.411408
10 0.504144 0.487864 0.984857 0.411408
39 0.506487 0.482403 0.986419 0.417476
67 0.506096 0.4821 0.9872 0.424151
52 0.509763 0.481796 0.980475 0.421117
23 0.509763 0.481796 0.980475 0.421117
22 0.506096 0.4821 0.9872 0.424151
10 0.506096 0.4821 0.9872 0.424151
69 0.509763 0.481796 0.980475 0.421117
60 0.506096 0.4821 0.9872 0.424151
58 0.506096 0.4821 0.9872 0.424151
52 0.510001 0.48301 0.977828 0.418689
22 0.506096 0.481189 0.984076 0.42233
23 0.506096 0.481189 0.984076 0.42233
67 0.506096 0.481189 0.984076 0.42233
10 0.510001 0.48301 0.977828 0.418689
69 0.510001 0.48301 0.977828 0.418689
60 0.502972 0.48483 0.97939 0.412621
22 0.50922 0.483617 0.977828 0.418689
23 0.504144 0.480886 0.984857 0.42415
67 0.504144 0.480886 0.984857 0.42415
52 0.50922 0.483617 0.977828 0.418689
69 0.50922 0.483617 0.977828 0.418689
10 0.50922 0.483617 0.977828 0.418689
22 0.510392 0.48301 0.977047 0.416262
67 0.505315 0.482706 0.985638 0.415655
23 0.510392 0.48301 0.977047 0.416262
52 0.510392 0.48301 0.977047 0.416262
10 0.510392 0.48301 0.977047 0.416262
69 0.510392 0.48301 0.977047 0.416262
60 0.505315 0.482706 0.985638 0.415655
22 0.504925 0.4821 0.986419 0.422937
23 0.50922 0.48301 0.97939 0.419903
10 0.50922 0.48301 0.97939 0.419903
52 0.50922 0.48301 0.97939 0.419903
67 0.504925 0.4821 0.986419 0.422937
69 0.504925 0.4821 0.986419 0.422937
10 0.508439 0.48301 0.97939 0.421117
22 0.508439 0.48301 0.97939 0.421117
52 0.508439 0.48301 0.97939 0.421117
23 0.508439 0.48301 0.97939 0.421117
67 0.50102 0.484223 0.981733 0.419903
69 0.508439 0.48301 0.97939 0.421117
60 0.50102 0.484223 0.981733 0.419903
22 0.50883 0.48301 0.978609 0.421117
10 0.50883 0.48301 0.978609 0.421117
52 0.50883 0.48301 0.978609 0.421117
67 0.502972 0.484527 0.97939 0.419296
23 0.50883 0.48301 0.978609 0.421117
69 0.505315 0.4821 0.982514 0.421723
60 0.502972 0.484527 0.97939 0.419296
39 0.50883 0.48301 0.978609 0.421117
58 0.50922 0.4821 0.974704 0.425364
23 0.50922 0.481796 0.97939 0.42233
10 0.503753 0.481189 0.982514 0.421117
67 0.503753 0.481189 0.982514 0.421117
22 0.504534 0.480279 0.9872 0.425364
69 0.503753 0.481189 0.982514 0.421117
52 0.50922 0.481796 0.97939 0.42233
58 0.509611 0.481796 0.977047 0.424757
60 0.503753 0.481189 0.982514 0.421117
10 0.50922 0.481796 0.980952 0.419903
22 0.50922 0.481796 0.980952 0.419903
23 0.50922 0.481796 0.980952 0.419903
52 0.50922 0.481796 0.980952 0.419903
69 0.50922 0.481796 0.980952 0.419903
67 0.504534 0.480583 0.9872 0.424757
60 0.510001 0.481493 0.976266 0.424151
39 0.50922 0.481796 0.980952 0.419903
58 0.510001 0.481493 0.976266 0.424151
10 0.50922 0.48301 0.97939 0.419903
52 0.50922 0.48301 0.97939 0.419903
22 0.50922 0.48301 0.97939 0.419903
69 0.505706 0.482403 0.984857 0.419903
67 0.504534 0.482403 0.9872 0.423544
23 0.50922 0.48301 0.97939 0.419903
60 0.502191 0.484527 0.982514 0.419296
22 0.50922 0.481493 0.977828 0.422937
67 0.504534 0.478838 0.985638 0.428246
52 0.50922 0.481493 0.977828 0.422937
10 0.50922 0.481493 0.977828 0.422937
23 0.50922 0.481493 0.977828 0.422937
69 0.50922 0.481493 0.977828 0.422937
60 0.501801 0.481189 0.980171 0.42233
39 0.50922 0.481493 0.977828 0.422937
22 0.509611 0.482403 0.977047 0.419903
10 0.509611 0.482403 0.977047 0.419903
23 0.509611 0.482403 0.977047 0.419903
52 0.509611 0.482403 0.977047 0.419903
67 0.505315 0.479976 0.985638 0.425971
69 0.509611 0.482403 0.977047 0.419903
60 0.510001 0.481189 0.974704 0.423544
39 0.509611 0.482403 0.977047 0.419903
22 0.510001 0.482403 0.97939 0.419903
10 0.510001 0.482403 0.97939 0.419903
67 0.504925 0.479672 0.986419 0.426578
23 0.510001 0.482403 0.97939 0.419903
69 0.506877 0.480886 0.984076 0.421723
52 0.510001 0.482403 0.97939 0.419903
60 0.510001 0.481189 0.976266 0.424757
39 0.510001 0.482403 0.97939 0.419903
23 0.509763 0.48301 0.980475 0.421117
22 0.509763 0.48301 0.980475 0.421117
52 0.509763 0.48301 0.980475 0.421117
10 0.509763 0.48301 0.980475 0.421117
67 0.506096 0.480507 0.9872 0.427336
69 0.509763 0.48301 0.980475 0.421117
58 0.510782 0.482403 0.976266 0.424757
60 0.510782 0.482403 0.976266 0.424757
22 0.507658 0.484223 0.982514 0.418689
23 0.510001 0.484223 0.97939 0.419903
10 0.510001 0.484223 0.97939 0.419903
67 0.504144 0.486651 0.980171 0.415049
52 0.510001 0.484223 0.97939 0.419903
69 0.507658 0.484223 0.982514 0.418689
60 0.504144 0.486651 0.980171 0.415049
58 0.510001 0.48301 0.977828 0.424757
39 0.510001 0.484223 0.97939 0.419903
57 0.504144 0.486651 0.980171 0.415049
67 0.506877 0.48301 0.985638 0.417476
23 0.509611 0.484527 0.980171 0.416869
22 0.509611 0.484527 0.980171 0.416869
10 0.509611 0.484527 0.980171 0.416869
52 0.509611 0.484527 0.980171 0.416869
69 0.509611 0.484527 0.980171 0.416869
60 0.506877 0.48301 0.985638 0.417476
58 0.510782 0.482403 0.976266 0.421117
39 0.509611 0.484527 0.980171 0.416869
22 0.50922 0.486044 0.980952 0.415049
10 0.50922 0.486044 0.980952 0.415049
52 0.50922 0.486044 0.980952 0.415049
23 0.50922 0.486044 0.980952 0.415049
69 0.50922 0.486044 0.980952 0.415049
67 0.504144 0.489078 0.983295 0.410194
60 0.504144 0.489078 0.983295 0.410194
39 0.50922 0.486044 0.980952 0.415049
52 0.50922 0.485134 0.980952 0.416869
22 0.50922 0.485134 0.980952 0.416869
10 0.50922 0.485134 0.980952 0.416869
23 0.50922 0.485134 0.980952 0.416869
67 0.505315 0.485437 0.9872 0.417476
69 0.50922 0.485134 0.980952 0.416869
60 0.502972 0.487257 0.982514 0.413835
23 0.510153 0.484223 0.979694 0.417476
67 0.506639 0.485133 0.986723 0.415655
22 0.510153 0.484223 0.979694 0.417476
10 0.510153 0.484223 0.979694 0.417476
52 0.510153 0.484223 0.979694 0.417476
69 0.510153 0.484223 0.979694 0.417476
58 0.510782 0.482706 0.977828 0.421723
60 0.510782 0.482706 0.977828 0.421723
22 0.507029 0.48483 0.985942 0.416262
10 0.509372 0.484527 0.981256 0.416869
67 0.505706 0.486044 0.987981 0.415049
23 0.509372 0.484527 0.981256 0.416869
52 0.509372 0.484527 0.981256 0.416869
69 0.507029 0.48483 0.985942 0.416262
60 0.503753 0.489078 0.982514 0.407767
39 0.507029 0.48483 0.985942 0.416262
57 0.503753 0.489078 0.982514 0.407767
22 0.507268 0.483617 0.984857 0.417476
52 0.510001 0.48392 0.97939 0.418082
23 0.510001 0.48392 0.97939 0.418082
10 0.510001 0.48392 0.97939 0.418082
67 0.504534 0.486044 0.982514 0.413835
69 0.507268 0.483617 0.984857 0.417476
60 0.504534 0.486044 0.982514 0.413835
58 0.510392 0.481493 0.977047 0.424151
45 0.510392 0.481493 0.977047 0.424151
22 0.506877 0.484527 0.984076 0.414442
23 0.50922 0.48392 0.97939 0.416869
67 0.503753 0.487864 0.97939 0.408981
52 0.50922 0.48392 0.97939 0.416869
10 0.50922 0.48392 0.97939 0.416869
69 0.50922 0.48392 0.97939 0.416869
60 0.503753 0.487864 0.97939 0.408981
58 0.510001 0.480886 0.976266 0.422937
67 0.503363 0.489078 0.980171 0.407767
22 0.506487 0.484223 0.986419 0.415049
23 0.50922 0.483617 0.980952 0.417476
52 0.50922 0.483617 0.980952 0.417476
10 0.503363 0.489078 0.980171 0.407767
69 0.506487 0.484223 0.986419 0.415049
60 0.503363 0.489078 0.980171 0.407767
57 0.503363 0.489078 0.980171 0.407767
52 0.510001 0.483617 0.97939 0.418689
22 0.506877 0.483617 0.985638 0.417476
10 0.510001 0.483617 0.97939 0.418689
67 0.503753 0.488471 0.980952 0.411408
23 0.510001 0.483617 0.97939 0.418689
69 0.510001 0.483617 0.97939 0.418689
60 0.503753 0.488471 0.980952 0.411408
57 0.503753 0.488471 0.980952 0.411408
45 0.510001 0.48301 0.976266 0.423544
52 0.50922 0.48301 0.980952 0.419903
22 0.505706 0.486044 0.984857 0.413835
67 0.505315 0.485437 0.9872 0.416262
23 0.50922 0.48301 0.980952 0.419903
69 0.50922 0.48301 0.980952 0.419903
10 0.50922 0.48301 0.980952 0.419903
60 0.503753 0.489684 0.982514 0.407767
52 0.510001 0.481796 0.97939 0.42233
23 0.510001 0.481796 0.97939 0.42233
67 0.505315 0.483617 0.9872 0.421117
22 0.505315 0.484223 0.985638 0.418689
10 0.504144 0.487257 0.983295 0.413835
69 0.506877 0.4821 0.985638 0.421723
60 0.504144 0.487257 0.983295 0.413835
57 0.504144 0.487257 0.983295 0.413835
52 0.508439 0.482403 0.980952 0.419903
22 0.502972 0.484223 0.9872 0.416262
23 0.508439 0.482403 0.980952 0.419903
67 0.504534 0.483617 0.9872 0.417476
10 0.505706 0.482706 0.986419 0.419296
69 0.508439 0.482403 0.980952 0.419903
60 0.501801 0.486651 0.983295 0.410194
52 0.50922 0.48301 0.97939 0.419903
67 0.504925 0.482706 0.986419 0.42051
10 0.50922 0.48301 0.97939 0.419903
22 0.50922 0.48301 0.97939 0.419903
23 0.50922 0.48301 0.97939 0.419903
69 0.50922 0.48301 0.97939 0.419903
60 0.502191 0.485133 0.982514 0.415655
45 0.510392 0.481493 0.975485 0.425364
57 0.502191 0.485133 0.982514 0.415655
52 0.50922 0.484223 0.977828 0.417476
67 0.502972 0.489078 0.977828 0.408981
22 0.506096 0.485437 0.982514 0.413835
23 0.50922 0.484223 0.977828 0.417476
10 0.50922 0.484223 0.977828 0.417476
69 0.50922 0.484223 0.977828 0.417476
60 0.502972 0.489078 0.977828 0.408981
52 0.50922 0.483617 0.977828 0.418689
67 0.501801 0.489381 0.980171 0.40716
23 0.50922 0.483617 0.977828 0.418689
22 0.505315 0.484527 0.985638 0.415655
10 0.501801 0.489381 0.980171 0.40716
69 0.505315 0.484527 0.985638 0.415655
60 0.501801 0.489381 0.980171 0.40716
57 0.501801 0.489381 0.980171 0.40716
52 0.50922 0.483617 0.97939 0.417476
67 0.505315 0.486044 0.985638 0.413835
23 0.50922 0.483617 0.97939 0.417476
22 0.504144 0.487561 0.981733 0.410801
10 0.503363 0.489684 0.980171 0.406553
69 0.50922 0.483617 0.97939 0.417476
60 0.503363 0.489684 0.980171 0.406553
68 0.50922 0.483617 0.97939 0.417476
57 0.503363 0.489684 0.980171 0.406553
45 0.510001 0.482706 0.976266 0.42051
52 0.510001 0.482403 0.977828 0.419903
22 0.504144 0.485437 0.981733 0.415049
23 0.510001 0.482403 0.977828 0.419903
67 0.505315 0.483313 0.985638 0.419296
10 0.510001 0.482403 0.977828 0.419903
69 0.510001 0.482403 0.977828 0.419903
60 0.503363 0.486954 0.980171 0.412015
45 0.509611 0.481189 0.975485 0.424757
22 0.504534 0.488471 0.980952 0.410194
23 0.50922 0.483617 0.97939 0.418689
52 0.50922 0.483617 0.97939 0.418689
67 0.505315 0.486044 0.985638 0.415049
10 0.50922 0.483617 0.97939 0.418689
69 0.50922 0.483617 0.97939 0.418689
60 0.503753 0.489684 0.97939 0.407767
23 0.509611 0.48301 0.978609 0.417476
52 0.509611 0.48301 0.978609 0.417476
22 0.504534 0.48665 0.982514 0.411408
67 0.505315 0.484527 0.985638 0.416869
10 0.509611 0.48301 0.978609 0.417476
69 0.509611 0.48301 0.978609 0.417476
60 0.503363 0.488167 0.980171 0.409587
58 0.50922 0.481493 0.976266 0.422937
45 0.50922 0.481493 0.976266 0.422937
52 0.510001 0.48392 0.97939 0.419296
23 0.510001 0.48392 0.97939 0.419296
22 0.506096 0.48483 0.985638 0.416262
67 0.504925 0.485437 0.986419 0.417476
10 0.510001 0.48392 0.97939 0.419296
69 0.510001 0.48392 0.97939 0.419296
60 0.502191 0.489078 0.980952 0.410194
45 0.510001 0.482403 0.976266 0.423544
52 0.510001 0.483617 0.97939 0.418689
22 0.506096 0.484223 0.985638 0.416262
67 0.502191 0.489078 0.980952 0.408981
23 0.510001 0.483617 0.97939 0.418689
10 0.510001 0.483617 0.97939 0.418689
69 0.506096 0.484223 0.985638 0.416262
60 0.502191 0.489078 0.980952 0.408981
57 0.502191 0.489078 0.980952 0.408981
45 0.510001 0.482706 0.976266 0.422937
52 0.510001 0.48392 0.97939 0.419296
22 0.503363 0.486347 0.983295 0.415655
23 0.510001 0.48392 0.97939 0.419296
67 0.505315 0.485134 0.985638 0.418083
10 0.506096 0.484223 0.985638 0.417476
69 0.506096 0.484223 0.985638 0.417476
60 0.502582 0.488471 0.981733 0.411408
57 0.502582 0.488471 0.981733 0.411408
45 0.510001 0.482706 0.976266 0.422937
22 0.506096 0.484223 0.984076 0.416262
52 0.50922 0.483617 0.97939 0.418689
23 0.50922 0.483617 0.97939 0.418689
67 0.502582 0.487864 0.981733 0.412621
10 0.502582 0.487864 0.981733 0.412621
69 0.506096 0.484223 0.984076 0.416262
60 0.502582 0.487864 0.981733 0.412621
57 0.502582 0.487864 0.981733 0.412621
22 0.506096 0.48483 0.984076 0.416262
52 0.50883 0.484223 0.978609 0.418689
23 0.50883 0.484223 0.978609 0.418689
10 0.50141 0.488471 0.980952 0.411408
67 0.50141 0.488471 0.980952 0.411408
69 0.506096 0.48483 0.984076 0.416262
60 0.50141 0.488471 0.980952 0.411408
57 0.50141 0.488471 0.980952 0.411408
22 0.506096 0.485133 0.985638 0.415655
52 0.508439 0.484223 0.980952 0.417476
67 0.502191 0.489078 0.982514 0.410194
10 0.502191 0.489078 0.982514 0.410194
23 0.508439 0.484223 0.980952 0.417476
69 0.506096 0.485133 0.985638 0.415655
60 0.502191 0.489078 0.982514 0.410194
57 0.502191 0.489078 0.982514 0.410194
22 0.506096 0.486044 0.985638 0.413835
52 0.50922 0.48483 0.97939 0.416262
23 0.50922 0.48483 0.97939 0.416262
67 0.502191 0.490291 0.982514 0.406553
10 0.50922 0.48483 0.97939 0.416262
69 0.50922 0.48483 0.97939 0.416262
60 0.502191 0.490291 0.982514 0.406553
57 0.502191 0.490291 0.982514 0.406553
22 0.506096 0.485133 0.984076 0.415655
52 0.50922 0.484223 0.97939 0.417476
23 0.50922 0.484223 0.97939 0.417476
67 0.502191 0.489078 0.980952 0.408981
10 0.50922 0.484223 0.97939 0.417476
69 0.50922 0.484223 0.97939 0.417476
60 0.502191 0.489078 0.980952 0.408981
57 0.502191 0.489078 0.980952 0.408981
22 0.506096 0.48483 0.984076 0.416262
52 0.50883 0.484223 0.978609 0.417476
23 0.50883 0.484223 0.978609 0.417476
67 0.502191 0.489381 0.980952 0.409587
10 0.50883 0.484223 0.978609 0.417476
60 0.502191 0.489381 0.980952 0.409587
69 0.50883 0.484223 0.978609 0.417476
57 0.502191 0.489381 0.980952 0.409587
22 0.506487 0.485437 0.984857 0.415049
23 0.510001 0.484527 0.97939 0.418083
52 0.510001 0.484527 0.97939 0.418083
67 0.502972 0.489684 0.980952 0.407767
10 0.510001 0.484527 0.97939 0.418083
69 0.510001 0.484527 0.97939 0.418083
60 0.502972 0.489684 0.980952 0.407767
57 0.502972 0.489684 0.980952 0.407767
52 0.50922 0.484223 0.97939 0.418689
22 0.506096 0.48483 0.984076 0.416262
23 0.50922 0.484223 0.97939 0.418689
67 0.505315 0.48483 0.985638 0.418689
10 0.50922 0.484223 0.97939 0.418689
69 0.50922 0.484223 0.97939 0.418689
60 0.502972 0.488168 0.980952 0.410801
57 0.502972 0.488168 0.980952 0.410801
45 0.510001 0.482403 0.976266 0.423544
52 0.50922 0.484527 0.977828 0.418083
67 0.505315 0.48483 0.985638 0.418689
22 0.50922 0.484527 0.977828 0.418083
23 0.50922 0.484527 0.977828 0.418083
10 0.50922 0.484527 0.977828 0.418083
69 0.50922 0.484527 0.977828 0.418083
60 0.502582 0.488471 0.980171 0.411408
52 0.50922 0.484223 0.97939 0.418689
23 0.50922 0.484223 0.97939 0.418689
67 0.505315 0.484527 0.985638 0.419296
22 0.50922 0.484223 0.97939 0.418689
10 0.50922 0.484223 0.97939 0.418689
69 0.50922 0.484223 0.97939 0.418689
60 0.502972 0.487864 0.980952 0.412621
52 0.50922 0.483617 0.97939 0.419903
22 0.506096 0.48392 0.984076 0.418082
23 0.50922 0.483617 0.97939 0.419903
67 0.505315 0.484223 0.985638 0.419903
10 0.50922 0.483617 0.97939 0.419903
69 0.50922 0.483617 0.97939 0.419903
60 0.502582 0.487561 0.981733 0.413228
52 0.509611 0.483617 0.980171 0.418689
22 0.506487 0.484223 0.984857 0.417476
23 0.509611 0.483617 0.980171 0.418689
67 0.505315 0.484223 0.985638 0.419903
10 0.509611 0.483617 0.980171 0.418689
69 0.509611 0.483617 0.980171 0.418689
60 0.502191 0.487257 0.982514 0.412621
57 0.502191 0.487257 0.982514 0.412621
52 0.510001 0.484223 0.97939 0.417476
22 0.510001 0.484223 0.97939 0.417476
23 0.510001 0.484223 0.97939 0.417476
67 0.505315 0.48483 0.985638 0.418689
10 0.510001 0.484223 0.97939 0.417476
69 0.510001 0.484223 0.97939 0.417476
60 0.502582 0.487864 0.981733 0.411408
52 0.510001 0.484223 0.97939 0.418689
22 0.510001 0.484223 0.97939 0.418689
23 0.510001 0.484223 0.97939 0.418689
67 0.505315 0.48483 0.985638 0.418689
10 0.510001 0.484223 0.97939 0.418689
69 0.510001 0.484223 0.97939 0.418689
60 0.510001 0.4821 0.976266 0.424151
52 0.50922 0.484223 0.97939 0.418689
22 0.50922 0.484223 0.97939 0.418689
67 0.505315 0.48483 0.985638 0.418689
23 0.50922 0.484223 0.97939 0.418689
10 0.50922 0.484223 0.97939 0.418689
69 0.50922 0.484223 0.97939 0.418689
60 0.502972 0.488168 0.980952 0.412015
52 0.50922 0.48392 0.97939 0.419296
22 0.50922 0.48392 0.97939 0.419296
67 0.505315 0.484527 0.985638 0.419296
23 0.50922 0.48392 0.97939 0.419296
10 0.50922 0.48392 0.97939 0.419296
69 0.50922 0.48392 0.97939 0.419296
60 0.502972 0.487864 0.980952 0.412621
52 0.50922 0.483617 0.97939 0.419903
22 0.50922 0.483617 0.97939 0.419903
23 0.50922 0.483617 0.97939 0.419903
67 0.505315 0.484223 0.985638 0.419903
10 0.50922 0.483617 0.97939 0.419903
69 0.50922 0.483617 0.97939 0.419903
60 0.502972 0.487561 0.980952 0.413228
52 0.509611 0.48392 0.980171 0.419296
22 0.509611 0.48392 0.980171 0.419296
23 0.509611 0.48392 0.980171 0.419296
67 0.505315 0.484527 0.985638 0.419296
10 0.509611 0.48392 0.980171 0.419296
69 0.509611 0.48392 0.980171 0.419296
60 0.502972 0.487864 0.980952 0.412621
52 0.50922 0.48392 0.97939 0.419296
22 0.50922 0.48392 0.97939 0.419296
23 0.50922 0.48392 0.97939 0.419296
67 0.505315 0.48483 0.985638 0.418689
10 0.50922 0.48392 0.97939 0.419296
69 0.50922 0.48392 0.97939 0.419296
60 0.502972 0.488168 0.980952 0.412015
52 0.50922 0.48392 0.97939 0.419296
22 0.50922 0.48392 0.97939 0.419296
23 0.50922 0.48392 0.97939 0.419296
67 0.505315 0.48483 0.985638 0.418689
10 0.50922 0.48392 0.97939 0.419296
69 0.50922 0.48392 0.97939 0.419296
60 0.502972 0.488168 0.980952 0.412015
52 0.50922 0.48392 0.97939 0.419296
22 0.50922 0.48392 0.97939 0.419296
23 0.50922 0.48392 0.97939 0.419296
67 0.505315 0.48483 0.985638 0.418689
10 0.50922 0.48392 0.97939 0.419296
69 0.50922 0.48392 0.97939 0.419296
60 0.502972 0.488168 0.980952 0.412015
52 0.50922 0.48392 0.97939 0.419296
22 0.50922 0.48392 0.97939 0.419296
23 0.50922 0.48392 0.97939 0.419296
67 0.505315 0.48483 0.985638 0.418689
10 0.50922 0.48392 0.97939 0.419296
69 0.50922 0.48392 0.97939 0.419296
60 0.502972 0.487864 0.980952 0.412621
