22 0.385322 0.505536 0.723797 0.452797
2 0.428656 0.509907 0.791726 0.446387
72 0.428656 0.509907 0.791726 0.446387
62 0.465744 0.518357 0.870586 0.457459
22 0.497366 0.534382 0.877613 0.467366
3 0.385322 0.505536 0.723797 0.452797
60 0.385322 0.505536 0.723797 0.452797
35 0.428656 0.509907 0.791726 0.446387
52 0.465744 0.518357 0.870586 0.457459
62 0.571639 0.554779 0.77123 0.375291
22 0.571639 0.554779 0.77123 0.375291
3 0.524694 0.545455 0.858874 0.435897
2 0.317003 0.503788 0.596527 0.474942
64 0.428656 0.509907 0.791726 0.446387
4 0.428656 0.509907 0.791726 0.446387
41 0.428656 0.509907 0.791726 0.446387
3 0.288504 0.515152 0.520009 0.52331
22 0.288504 0.515152 0.520009 0.52331
72 0.317003 0.503788 0.596527 0.474942
60 0.497366 0.534382 0.877613 0.467366
72 0.524694 0.545455 0.858874 0.435897
69 0.428656 0.509907 0.791726 0.446387
31 0.428656 0.509907 0.791726 0.446387
3 0.580228 0.587267 0.719698 0.370921
41 0.524694 0.545455 0.858874 0.435897
36 0.428656 0.509907 0.791726 0.446387
62 0.317003 0.503788 0.596527 0.474942
60 0.288504 0.515152 0.520009 0.52331
60 0.571639 0.554779 0.77123 0.375291
2 0.524694 0.545455 0.858874 0.435897
4 0.307633 0.484776 0.570761 0.493153
41 0.317003 0.503788 0.596527 0.474942
52 0.620732 0.560606 0.679291 0.331002
22 0.693346 0.568182 0.571542 0.311189
57 0.428656 0.509907 0.791726 0.446387
52 0.307633 0.484776 0.570761 0.493153
62 0.693346 0.568182 0.571542 0.311189
33 0.428656 0.509907 0.791726 0.446387
10 0.571639 0.554779 0.77123 0.375291
37 0.385322 0.505536 0.723797 0.452797
56 0.465744 0.518357 0.870586 0.457459
23 0.524694 0.545455 0.858874 0.435897
72 0.620732 0.560606 0.679291 0.331002
35 0.524694 0.545455 0.858874 0.435897
10 0.368926 0.49155 0.679291 0.473776
58 0.385322 0.505536 0.723797 0.452797
4 0.524694 0.545455 0.858874 0.435897
21 0.571639 0.554779 0.77123 0.375291
2 0.620732 0.560606 0.679291 0.331002
35 0.317003 0.503788 0.596527 0.474942
64 0.307633 0.484776 0.570761 0.493153
44 0.428656 0.509907 0.791726 0.446387
10 0.497366 0.534382 0.877613 0.467366
36 0.580228 0.587267 0.719698 0.370921
31 0.307633 0.484776 0.570761 0.493153
58 0.497366 0.534382 0.877613 0.467366
5 0.307633 0.484776 0.570761 0.493153
4 0.620732 0.560606 0.679291 0.331002
60 0.635567 0.579254 0.640252 0.314685
58 0.571639 0.554779 0.77123 0.375291
23 0.620732 0.560606 0.679291 0.331002
57 0.620732 0.560606 0.679291 0.331002
36 0.524694 0.545455 0.858874 0.435897
65 0.411088 0.496503 0.742536 0.468531
64 0.524694 0.545455 0.858874 0.435897
4 0.72692 0.568182 0.482531 0.301865
40 0.428656 0.509907 0.791726 0.446387
3 0.706619 0.581002 0.534064 0.297203
36 0.317003 0.503788 0.596527 0.474942
69 0.317003 0.503788 0.596527 0.474942
23 0.428656 0.509907 0.791726 0.446387
57 0.524694 0.545455 0.858874 0.435897
56 0.317003 0.503788 0.596527 0.474942
69 0.524694 0.545455 0.858874 0.435897
21 0.497366 0.534382 0.877613 0.467366
33 0.524694 0.545455 0.858874 0.435897
41 0.251416 0.483756 0.438807 0.508013
0 0.385322 0.505536 0.723797 0.452797
62 0.596625 0.500291 0.674411 0.485431
57 0.706619 0.581002 0.534064 0.297203
64 0.620732 0.560606 0.679291 0.331002
2 0.706619 0.581002 0.534064 0.297203
49 0.368926 0.49155 0.679291 0.473776
37 0.258833 0.512238 0.458326 0.490676
2 0.489949 0.483173 0.931488 0.450903
3 0.502832 0.4831 0.929146 0.469697
22 0.502832 0.4831 0.929146 0.469697
52 0.489949 0.483173 0.931488 0.450903
62 0.502832 0.4831 0.929146 0.469697
4 0.485654 0.47465 0.916653 0.43648
58 0.489949 0.483173 0.931488 0.450903
10 0.485654 0.47465 0.916653 0.43648
60 0.489949 0.483173 0.931488 0.450903
69 0.489949 0.483173 0.931488 0.450903
36 0.502832 0.4831 0.929146 0.469697
23 0.502832 0.4831 0.929146 0.469697
35 0.502832 0.4831 0.929146 0.469697
3 0.498928 0.565851 0.857313 0.623543
2 0.498928 0.565851 0.857313 0.623543
33 0.502832 0.4831 0.929146 0.469697
21 0.502832 0.4831 0.929146 0.469697
57 0.502832 0.4831 0.929146 0.469697
8 0.502832 0.4831 0.929146 0.469697
3 0.351358 0.488345 0.630882 0.418415
58 0.351358 0.488345 0.630882 0.418415
65 0.485654 0.47465 0.916653 0.43648
5 0.502832 0.4831 0.929146 0.469697
44 0.502832 0.4831 0.929146 0.469697
39 0.511421 0.481425 0.897914 0.4544
22 0.351358 0.488345 0.630882 0.418415
2 0.351358 0.488345 0.630882 0.418415
56 0.489949 0.483173 0.931488 0.450903
60 0.351358 0.488345 0.630882 0.418415
58 0.498928 0.565851 0.857313 0.623543
7 0.499709 0.466492 0.902599 0.45979
22 0.498928 0.565851 0.857313 0.623543
2 0.40045 0.536713 0.68261 0.534965
3 0.40045 0.536713 0.68261 0.534965
4 0.357214 0.477856 0.63869 0.400932
64 0.502832 0.4831 0.929146 0.469697
72 0.502832 0.4831 0.929146 0.469697
36 0.498928 0.565851 0.857313 0.623543
10 0.357214 0.477856 0.63869 0.400932
31 0.489949 0.483173 0.931488 0.450903
34 0.511421 0.481425 0.897914 0.4544
4 0.138005 0.412587 0.24556 0.237762
60 0.498928 0.565851 0.857313 0.623543
32 0.485654 0.47465 0.916653 0.43648
66 0.499709 0.466492 0.902599 0.45979
52 0.498928 0.565851 0.857313 0.623543
23 0.498928 0.565851 0.857313 0.623543
62 0.591452 0.471737 0.662895 0.425991
2 0.591452 0.471737 0.662895 0.425991
62 0.498928 0.565851 0.857313 0.623543
57 0.591452 0.471737 0.662895 0.425991
20 0.502832 0.4831 0.929146 0.469697
52 0.351358 0.488345 0.630882 0.418415
10 0.498928 0.565851 0.857313 0.623543
59 0.485654 0.47465 0.916653 0.43648
58 0.40045 0.536713 0.68261 0.534965
35 0.498928 0.565851 0.857313 0.623543
62 0.351358 0.488345 0.630882 0.418415
8 0.498928 0.565851 0.857313 0.623543
22 0.40045 0.536713 0.68261 0.534965
60 0.40045 0.536713 0.68261 0.534965
33 0.498928 0.565851 0.857313 0.623543
65 0.384932 0.45979 0.616828 0.434732
69 0.351358 0.488345 0.630882 0.418415
45 0.511421 0.481425 0.897914 0.4544
36 0.351358 0.488345 0.630882 0.418415
69 0.498928 0.565851 0.857313 0.623543
41 0.445834 0.484193 0.816711 0.427885
23 0.40045 0.536713 0.68261 0.534965
4 0.445834 0.438884 0.719893 0.499854
69 0.40045 0.536713 0.68261 0.534965
5 0.498928 0.565851 0.857313 0.623543
39 0.591452 0.471737 0.662895 0.425991
36 0.40045 0.536713 0.68261 0.534965
4 0.118681 0.38345 0.205349 0.2669
7 0.357214 0.477856 0.63869 0.400932
23 0.351358 0.488345 0.630882 0.418415
58 0.268203 0.507576 0.483312 0.444056
29 0.485654 0.47465 0.916653 0.43648
4 0.103284 0.412879 0.186561 0.25
4 0.516886 0.547494 0.813588 0.582168
21 0.498928 0.565851 0.857313 0.623543
49 0.438123 0.480186 0.797777 0.412587
34 0.591452 0.471737 0.662895 0.425991
52 0.40045 0.536713 0.68261 0.534965
30 0.511421 0.481425 0.897914 0.4544
20 0.40045 0.536713 0.68261 0.534965
8 0.591452 0.471737 0.662895 0.425991
2 0.322078 0.869755 0.54031 0.260489
10 0.40045 0.536713 0.68261 0.534965
3 0.268203 0.507576 0.483312 0.444056
10 0.445834 0.438884 0.719893 0.499854
52 0.591452 0.471737 0.662895 0.425991
5 0.357214 0.477856 0.63869 0.400932
2 0.268203 0.507576 0.483312 0.444056
20 0.498928 0.565851 0.857313 0.623543
44 0.498928 0.565851 0.857313 0.623543
21 0.591452 0.471737 0.662895 0.425991
41 0.473552 0.555871 0.845601 0.59222
35 0.445834 0.438884 0.719893 0.499854
67 0.511421 0.481425 0.897914 0.4544
33 0.591452 0.471737 0.662895 0.425991
66 0.487606 0.412587 0.675387 0.561772
7 0.591452 0.471737 0.662895 0.425991
40 0.499709 0.466492 0.902599 0.45979
0 0.489949 0.483173 0.931488 0.450903
36 0.591452 0.471737 0.662895 0.425991
20 0.351358 0.488345 0.630882 0.418415
35 0.591452 0.471737 0.662895 0.425991
57 0.357214 0.477856 0.63869 0.400932
22 0.591452 0.471737 0.662895 0.425991
32 0.445834 0.438884 0.719893 0.499854
62 0.40045 0.536713 0.68261 0.534965
58 0.50127 0.465691 0.9432 0.438083
4 0.50127 0.465691 0.9432 0.438083
52 0.50127 0.465691 0.9432 0.438083
2 0.50127 0.465691 0.9432 0.438083
23 0.50127 0.465691 0.9432 0.438083
3 0.50127 0.465691 0.9432 0.438083
10 0.50127 0.465691 0.9432 0.438083
62 0.50127 0.465691 0.9432 0.438083
8 0.50127 0.465691 0.9432 0.438083
60 0.50127 0.465691 0.9432 0.438083
57 0.50127 0.465691 0.9432 0.438083
21 0.50127 0.465691 0.9432 0.438083
36 0.50127 0.465691 0.9432 0.438083
59 0.50127 0.465691 0.9432 0.438083
5 0.50127 0.465691 0.9432 0.438083
34 0.50127 0.465691 0.9432 0.438083
44 0.50127 0.465691 0.9432 0.438083
22 0.50127 0.465691 0.9432 0.438083
29 0.50127 0.465691 0.9432 0.438083
67 0.50127 0.465691 0.9432 0.438083
69 0.50127 0.465691 0.9432 0.438083
33 0.50127 0.465691 0.9432 0.438083
35 0.50127 0.465691 0.9432 0.438083
58 0.502051 0.519522 0.858874 0.365385
65 0.493462 0.445221 0.921338 0.459207
20 0.50127 0.465691 0.9432 0.438083
32 0.50127 0.465691 0.9432 0.438083
39 0.500489 0.47465 0.918215 0.42366
56 0.497757 0.463578 0.947104 0.431818
4 0.571932 0.495921 0.745659 0.374126
66 0.499709 0.42803 0.918215 0.500583
0 0.50127 0.465691 0.9432 0.438083
7 0.50127 0.465691 0.9432 0.438083
3 0.502051 0.519522 0.858874 0.365385
52 0.502051 0.519522 0.858874 0.365385
30 0.50127 0.465691 0.9432 0.438083
59 0.571932 0.495921 0.745659 0.374126
2 0.571932 0.495921 0.745659 0.374126
8 0.502051 0.519522 0.858874 0.365385
5 0.502051 0.519522 0.858874 0.365385
62 0.571932 0.495921 0.745659 0.374126
61 0.497757 0.463578 0.947104 0.431818
57 0.571932 0.495921 0.745659 0.374126
10 0.502051 0.519522 0.858874 0.365385
58 0.408356 0.488928 0.69803 0.434732
31 0.50127 0.465691 0.9432 0.438083
34 0.571932 0.495921 0.745659 0.374126
23 0.502051 0.519522 0.858874 0.365385
21 0.502051 0.519522 0.858874 0.365385
36 0.502051 0.519522 0.858874 0.365385
6 0.497757 0.463578 0.947104 0.431818
67 0.571932 0.495921 0.745659 0.374126
58 0.588622 0.535256 0.640447 0.318765
45 0.50127 0.465691 0.9432 0.438083
61 0.502051 0.519522 0.858874 0.365385
45 0.502051 0.519522 0.858874 0.365385
22 0.502051 0.519522 0.858874 0.365385
28 0.499709 0.42803 0.918215 0.500583
60 0.502051 0.519522 0.858874 0.365385
30 0.502051 0.519522 0.858874 0.365385
1 0.497757 0.463578 0.947104 0.431818
23 0.408356 0.488928 0.69803 0.434732
29 0.571932 0.495921 0.745659 0.374126
44 0.571932 0.495921 0.745659 0.374126
72 0.50127 0.465691 0.9432 0.438083
32 0.502051 0.519522 0.858874 0.365385
33 0.502051 0.519522 0.858874 0.365385
34 0.607068 0.429779 0.636348 0.491259
64 0.500489 0.47465 0.918215 0.42366
52 0.408356 0.488928 0.69803 0.434732
2 0.607068 0.429779 0.636348 0.491259
4 0.607068 0.429779 0.636348 0.491259
5 0.607068 0.429779 0.636348 0.491259
67 0.408356 0.488928 0.69803 0.434732
66 0.500392 0.342657 0.656063 0.685315
20 0.408356 0.488928 0.69803 0.434732
41 0.493462 0.445221 0.921338 0.459207
69 0.571932 0.495921 0.745659 0.374126
10 0.408356 0.488928 0.69803 0.434732
2 0.408356 0.488928 0.69803 0.434732
5 0.588622 0.535256 0.640447 0.318765
66 0.607068 0.429779 0.636348 0.491259
58 0.493072 0.124781 0.61917 0.249563
69 0.408356 0.488928 0.69803 0.434732
67 0.588622 0.535256 0.640447 0.318765
3 0.408356 0.488928 0.69803 0.434732
56 0.571932 0.495921 0.745659 0.374126
36 0.408356 0.488928 0.69803 0.434732
40 0.499709 0.42803 0.918215 0.500583
52 0.588622 0.535256 0.640447 0.318765
65 0.450128 0.36014 0.691003 0.642191
62 0.607068 0.429779 0.636348 0.491259
31 0.571932 0.495921 0.745659 0.374126
4 0.588622 0.535256 0.640447 0.318765
49 0.50127 0.465691 0.9432 0.438083
28 0.502051 0.519522 0.858874 0.365385
29 0.607068 0.429779 0.636348 0.491259
2 0.588622 0.535256 0.640447 0.318765
35 0.571932 0.495921 0.745659 0.374126
8 0.588622 0.535256 0.640447 0.318765
39 0.607068 0.429779 0.636348 0.491259
60 0.408356 0.488928 0.69803 0.434732
61 0.408356 0.488928 0.69803 0.434732
8 0.408356 0.488928 0.69803 0.434732
3 0.588622 0.535256 0.640447 0.318765
59 0.588622 0.535256 0.640447 0.318765
0 0.502051 0.519522 0.858874 0.365385
30 0.500392 0.342657 0.656063 0.685315
44 0.607068 0.429779 0.636348 0.491259
54 0.386396 0.418415 0.560806 0.501166
45 0.588622 0.535256 0.640447 0.318765
39 0.588622 0.535256 0.640447 0.318765
4 0.505955 0.44748 0.954131 0.424388
58 0.505955 0.44748 0.954131 0.424388
23 0.505955 0.44748 0.954131 0.424388
52 0.505955 0.44748 0.954131 0.424388
10 0.505955 0.44748 0.954131 0.424388
2 0.505955 0.44748 0.954131 0.424388
20 0.505955 0.44748 0.954131 0.424388
36 0.505955 0.44748 0.954131 0.424388
3 0.505955 0.44748 0.954131 0.424388
57 0.505955 0.44748 0.954131 0.424388
5 0.505955 0.44748 0.954131 0.424388
62 0.505955 0.44748 0.954131 0.424388
60 0.505955 0.44748 0.954131 0.424388
8 0.505955 0.44748 0.954131 0.424388
34 0.505955 0.44748 0.954131 0.424388
7 0.505955 0.44748 0.954131 0.424388
0 0.505955 0.44748 0.954131 0.424388
59 0.505955 0.44748 0.954131 0.424388
67 0.505955 0.44748 0.954131 0.424388
58 0.51064 0.514569 0.899476 0.298368
69 0.505955 0.44748 0.954131 0.424388
66 0.505174 0.438811 0.941638 0.441725
32 0.505955 0.44748 0.954131 0.424388
29 0.505955 0.44748 0.954131 0.424388
44 0.505955 0.44748 0.954131 0.424388
65 0.50127 0.441434 0.944762 0.437646
28 0.505174 0.438811 0.941638 0.441725
21 0.505955 0.44748 0.954131 0.424388
22 0.505955 0.44748 0.954131 0.424388
61 0.505955 0.44748 0.954131 0.424388
56 0.505955 0.44748 0.954131 0.424388
1 0.505955 0.44748 0.954131 0.424388
31 0.505955 0.44748 0.954131 0.424388
4 0.555145 0.513986 0.810465 0.292541
30 0.505955 0.44748 0.954131 0.424388
33 0.505955 0.44748 0.954131 0.424388
6 0.502832 0.442308 0.958816 0.434732
23 0.51064 0.514569 0.899476 0.298368
52 0.51064 0.514569 0.899476 0.298368
58 0.574665 0.537879 0.715208 0.250583
59 0.555145 0.513986 0.810465 0.292541
35 0.505955 0.44748 0.954131 0.424388
5 0.555145 0.513986 0.810465 0.292541
39 0.507517 0.477564 0.947885 0.368881
67 0.51064 0.514569 0.899476 0.298368
68 0.462621 0.451632 0.851847 0.413753
34 0.555145 0.513986 0.810465 0.292541
61 0.51064 0.514569 0.899476 0.298368
10 0.51064 0.514569 0.899476 0.298368
3 0.51064 0.514569 0.899476 0.298368
62 0.555145 0.513986 0.810465 0.292541
57 0.51064 0.514569 0.899476 0.298368
2 0.51064 0.514569 0.899476 0.298368
8 0.51064 0.514569 0.899476 0.298368
36 0.51064 0.514569 0.899476 0.298368
45 0.505955 0.44748 0.954131 0.424388
60 0.51064 0.514569 0.899476 0.298368
28 0.555145 0.513986 0.810465 0.292541
32 0.555145 0.513986 0.810465 0.292541
0 0.555145 0.513986 0.810465 0.292541
30 0.51064 0.514569 0.899476 0.298368
68 0.334961 0.463578 0.590281 0.388695
54 0.382199 0.441798 0.594966 0.43109
29 0.51064 0.514569 0.899476 0.298368
31 0.555145 0.513986 0.810465 0.292541
7 0.555145 0.513986 0.810465 0.292541
21 0.51064 0.514569 0.899476 0.298368
54 0.491901 0.416958 0.705838 0.488928
66 0.491901 0.416958 0.705838 0.488928
20 0.51064 0.514569 0.899476 0.298368
66 0.58989 0.450466 0.691003 0.418415
69 0.51064 0.514569 0.899476 0.298368
22 0.51064 0.514569 0.899476 0.298368
56 0.555145 0.513986 0.810465 0.292541
58 0.336132 0.465691 0.59887 0.398456
45 0.51064 0.514569 0.899476 0.298368
67 0.574665 0.537879 0.715208 0.250583
39 0.555145 0.513986 0.810465 0.292541
28 0.334961 0.463578 0.590281 0.388695
58 0.669141 0.525058 0.562172 0.275058
28 0.58989 0.450466 0.691003 0.418415
0 0.491901 0.416958 0.705838 0.488928
0 0.334961 0.463578 0.590281 0.388695
44 0.555145 0.513986 0.810465 0.292541
23 0.574665 0.537879 0.715208 0.250583
52 0.407575 0.462121 0.708181 0.404429
52 0.574665 0.537879 0.715208 0.250583
65 0.491901 0.416958 0.705838 0.488928
20 0.336132 0.465691 0.59887 0.398456
1 0.51064 0.514569 0.899476 0.298368
57 0.574665 0.537879 0.715208 0.250583
20 0.491901 0.416958 0.705838 0.488928
65 0.555145 0.513986 0.810465 0.292541
2 0.574665 0.537879 0.715208 0.250583
6 0.491901 0.416958 0.705838 0.488928
65 0.334961 0.463578 0.590281 0.388695
67 0.407575 0.462121 0.708181 0.404429
66 0.555145 0.513986 0.810465 0.292541
23 0.407575 0.462121 0.708181 0.404429
28 0.491901 0.416958 0.705838 0.488928
61 0.407575 0.462121 0.708181 0.404429
59 0.669141 0.525058 0.562172 0.275058
4 0.336132 0.465691 0.59887 0.398456
10 0.336132 0.465691 0.59887 0.398456
54 0.505174 0.438811 0.941638 0.441725
41 0.50127 0.441434 0.944762 0.437646
4 0.669141 0.525058 0.562172 0.275058
33 0.555145 0.513986 0.810465 0.292541
69 0.407575 0.462121 0.708181 0.404429
61 0.574665 0.537879 0.715208 0.250583
34 0.491901 0.416958 0.705838 0.488928
36 0.574665 0.537879 0.715208 0.250583
60 0.574665 0.537879 0.715208 0.250583
4 0.50088 0.434441 0.96272 0.420163
52 0.50088 0.434441 0.96272 0.420163
58 0.50088 0.434441 0.96272 0.420163
2 0.50088 0.434441 0.96272 0.420163
23 0.50088 0.434441 0.96272 0.420163
3 0.50088 0.434441 0.96272 0.420163
10 0.50088 0.434441 0.96272 0.420163
69 0.50088 0.434441 0.96272 0.420163
67 0.50088 0.434441 0.96272 0.420163
57 0.50088 0.434441 0.96272 0.420163
60 0.50088 0.434441 0.96272 0.420163
28 0.50127 0.438738 0.957254 0.41623
22 0.50088 0.434441 0.96272 0.420163
0 0.50088 0.434441 0.96272 0.420163
5 0.50088 0.434441 0.96272 0.420163
44 0.50088 0.434441 0.96272 0.420163
32 0.50088 0.434441 0.96272 0.420163
66 0.50127 0.438738 0.957254 0.41623
62 0.50088 0.434441 0.96272 0.420163
34 0.50088 0.434441 0.96272 0.420163
7 0.50127 0.438738 0.957254 0.41623
21 0.50088 0.434441 0.96272 0.420163
8 0.50088 0.434441 0.96272 0.420163
61 0.50088 0.434441 0.96272 0.420163
56 0.50088 0.434441 0.96272 0.420163
36 0.50088 0.434441 0.96272 0.420163
59 0.50088 0.434441 0.96272 0.420163
20 0.50088 0.434441 0.96272 0.420163
29 0.50088 0.434441 0.96272 0.420163
65 0.50127 0.438738 0.957254 0.41623
33 0.50088 0.434441 0.96272 0.420163
30 0.50088 0.434441 0.96272 0.420163
35 0.50088 0.434441 0.96272 0.420163
1 0.503613 0.449301 0.965062 0.397436
31 0.50088 0.434441 0.96272 0.420163
6 0.50127 0.438738 0.957254 0.41623
39 0.50088 0.434441 0.96272 0.420163
45 0.50088 0.434441 0.96272 0.420163
54 0.468086 0.4434 0.814369 0.441871
68 0.470819 0.461466 0.871367 0.376603
58 0.331838 0.471445 0.59965 0.379953
68 0.337303 0.472902 0.605116 0.368881
52 0.331838 0.471445 0.59965 0.379953
0 0.337303 0.472902 0.605116 0.368881
4 0.331838 0.471445 0.59965 0.379953
66 0.524694 0.405594 0.708962 0.517482
28 0.337303 0.472902 0.605116 0.368881
54 0.337303 0.472902 0.605116 0.368881
10 0.331838 0.471445 0.59965 0.379953
69 0.399377 0.471955 0.690223 0.397582
28 0.5895 0.429196 0.715208 0.453963
6 0.524694 0.405594 0.708962 0.517482
23 0.399377 0.471955 0.690223 0.397582
4 0.505955 0.456876 0.955693 0.398601
52 0.505955 0.456876 0.955693 0.398601
2 0.505955 0.456876 0.955693 0.398601
23 0.499709 0.451049 0.955693 0.405594
58 0.499709 0.451049 0.955693 0.405594
10 0.505955 0.454618 0.958816 0.399621
3 0.505955 0.454618 0.958816 0.399621
1 0.505955 0.454618 0.958816 0.399621
28 0.505955 0.454618 0.958816 0.399621
59 0.499709 0.451049 0.955693 0.405594
67 0.505955 0.456876 0.955693 0.398601
31 0.499709 0.451049 0.955693 0.405594
8 0.505955 0.456876 0.955693 0.398601
7 0.499709 0.44646 0.955693 0.411276
0 0.505955 0.454618 0.958816 0.399621
21 0.499709 0.451049 0.955693 0.405594
22 0.499709 0.451049 0.955693 0.405594
30 0.499709 0.451049 0.955693 0.405594
44 0.505955 0.454618 0.958816 0.399621
36 0.499709 0.451049 0.955693 0.405594
29 0.505955 0.454618 0.958816 0.399621
57 0.499709 0.44646 0.955693 0.411276
32 0.505955 0.454618 0.958816 0.399621
60 0.505955 0.454618 0.958816 0.399621
20 0.505955 0.454618 0.958816 0.399621
61 0.505955 0.456876 0.955693 0.398601
56 0.505955 0.456876 0.955693 0.398601
34 0.499709 0.44646 0.955693 0.411276
6 0.505955 0.454618 0.958816 0.399621
62 0.505955 0.456876 0.955693 0.398601
5 0.499709 0.451049 0.955693 0.405594
69 0.505955 0.454618 0.958816 0.399621
68 0.477066 0.462121 0.882298 0.388112
45 0.499709 0.451049 0.955693 0.405594
39 0.499709 0.451049 0.955693 0.405594
65 0.505955 0.454618 0.958816 0.399621
66 0.499709 0.44646 0.955693 0.411276
35 0.499709 0.451049 0.955693 0.405594
54 0.493462 0.444712 0.908845 0.425262
33 0.499709 0.44646 0.955693 0.411276
58 0.331447 0.473193 0.595746 0.389277
68 0.331447 0.473193 0.595746 0.389277
28 0.360337 0.470862 0.653525 0.38345
52 0.331447 0.473193 0.595746 0.389277
4 0.331447 0.473193 0.595746 0.389277
10 0.360337 0.470862 0.653525 0.38345
0 0.360337 0.470862 0.653525 0.38345
3 0.331447 0.473193 0.595746 0.389277
1 0.360337 0.470862 0.653525 0.38345
58 0.590671 0.458916 0.683195 0.392191
22 0.331447 0.473193 0.595746 0.389277
23 0.331447 0.473193 0.595746 0.389277
54 0.360337 0.470862 0.653525 0.38345
56 0.360337 0.470862 0.653525 0.38345
69 0.401719 0.474359 0.694907 0.392774
7 0.360337 0.470862 0.653525 0.38345
31 0.590671 0.458916 0.683195 0.392191
60 0.360337 0.470862 0.653525 0.38345
5 0.331447 0.473193 0.595746 0.389277
57 0.331447 0.473193 0.595746 0.389277
59 0.331447 0.473193 0.595746 0.389277
61 0.401719 0.474359 0.694907 0.392774
8 0.401719 0.474359 0.694907 0.392774
31 0.331447 0.473193 0.595746 0.389277
67 0.331447 0.473193 0.595746 0.389277
2 0.401719 0.474359 0.694907 0.392774
4 0.502832 0.459207 0.958816 0.412587
58 0.502832 0.459207 0.958816 0.412587
2 0.502832 0.459207 0.958816 0.412587
23 0.502832 0.459207 0.958816 0.412587
52 0.502832 0.459207 0.958816 0.412587
3 0.502832 0.459207 0.958816 0.412587
22 0.502832 0.459207 0.958816 0.412587
60 0.503222 0.460082 0.958035 0.401515
7 0.503222 0.460082 0.958035 0.401515
31 0.502832 0.459207 0.958816 0.412587
34 0.502832 0.459207 0.958816 0.412587
69 0.502832 0.459207 0.958816 0.412587
67 0.502832 0.459207 0.958816 0.412587
57 0.503222 0.460082 0.958035 0.401515
5 0.502832 0.459207 0.958816 0.412587
0 0.503613 0.467075 0.965062 0.392191
10 0.502832 0.459207 0.958816 0.412587
28 0.503222 0.460082 0.958035 0.401515
1 0.503613 0.467075 0.965062 0.392191
32 0.503222 0.460082 0.958035 0.401515
8 0.502832 0.459207 0.958816 0.412587
59 0.502832 0.459207 0.958816 0.412587
21 0.502832 0.459207 0.958816 0.412587
56 0.504784 0.465545 0.964281 0.404575
29 0.503613 0.467075 0.965062 0.392191
68 0.503613 0.467075 0.965062 0.392191
30 0.502832 0.459207 0.958816 0.412587
36 0.502832 0.459207 0.958816 0.412587
44 0.503613 0.467075 0.965062 0.392191
39 0.502832 0.459207 0.958816 0.412587
45 0.502832 0.459207 0.958816 0.412587
61 0.504784 0.465545 0.964281 0.404575
6 0.503613 0.467075 0.965062 0.392191
62 0.502832 0.459207 0.958816 0.412587
66 0.503222 0.460082 0.958035 0.401515
65 0.503613 0.467075 0.965062 0.392191
20 0.503613 0.467075 0.965062 0.392191
35 0.502832 0.459207 0.958816 0.412587
68 0.366583 0.476981 0.669141 0.374709
58 0.35331 0.476399 0.643375 0.392191
54 0.503613 0.467075 0.965062 0.392191
4 0.366583 0.476981 0.669141 0.374709
33 0.503222 0.460082 0.958035 0.401515
52 0.35331 0.476399 0.643375 0.392191
22 0.366583 0.476981 0.669141 0.374709
0 0.366583 0.476981 0.669141 0.374709
3 0.35331 0.476399 0.643375 0.392191
5 0.35331 0.476399 0.643375 0.392191
28 0.366583 0.476981 0.669141 0.374709
69 0.35331 0.476399 0.643375 0.392191
2 0.35331 0.476399 0.643375 0.392191
23 0.35331 0.476399 0.643375 0.392191
1 0.366583 0.476981 0.669141 0.374709
60 0.366583 0.476981 0.669141 0.374709
7 0.366583 0.476981 0.669141 0.374709
10 0.366583 0.476981 0.669141 0.374709
57 0.35331 0.476399 0.643375 0.392191
67 0.35331 0.476399 0.643375 0.392191
56 0.366583 0.476981 0.669141 0.374709
34 0.35331 0.476399 0.643375 0.392191
31 0.35331 0.476399 0.643375 0.392191
58 0.502832 0.457532 0.922899 0.414773
52 0.502832 0.457532 0.922899 0.414773
2 0.51103 0.459499 0.93305 0.415501
23 0.502832 0.457532 0.922899 0.414773
3 0.502832 0.457532 0.922899 0.414773
4 0.502832 0.457532 0.922899 0.414773
60 0.502832 0.457532 0.922899 0.414773
67 0.502832 0.457532 0.922899 0.414773
31 0.502832 0.457532 0.922899 0.414773
10 0.502832 0.457532 0.922899 0.414773
22 0.502832 0.457532 0.922899 0.414773
0 0.502832 0.457532 0.922899 0.414773
69 0.502832 0.464525 0.924461 0.403118
68 0.507907 0.464161 0.929927 0.407343
57 0.502832 0.464525 0.924461 0.403118
59 0.502832 0.457532 0.922899 0.414773
8 0.502832 0.457532 0.922899 0.414773
34 0.502832 0.457532 0.922899 0.414773
7 0.502832 0.464525 0.924461 0.403118
56 0.502832 0.457532 0.922899 0.414773
28 0.502832 0.464525 0.924461 0.403118
6 0.507907 0.464161 0.929927 0.407343
61 0.51103 0.459499 0.93305 0.415501
62 0.51103 0.459499 0.93305 0.415501
5 0.502832 0.457532 0.922899 0.414773
32 0.502832 0.457532 0.922899 0.414773
1 0.507907 0.464161 0.929927 0.407343
36 0.502832 0.457532 0.922899 0.414773
21 0.502832 0.457532 0.922899 0.414773
30 0.502832 0.457532 0.922899 0.414773
54 0.507907 0.464161 0.929927 0.407343
29 0.502832 0.457532 0.922899 0.414773
45 0.502832 0.457532 0.922899 0.414773
39 0.502832 0.457532 0.922899 0.414773
44 0.502832 0.457532 0.922899 0.414773
20 0.51103 0.459499 0.93305 0.415501
66 0.507907 0.464161 0.929927 0.407343
35 0.502832 0.457532 0.922899 0.414773
65 0.507907 0.464161 0.929927 0.407343
33 0.502832 0.464525 0.924461 0.403118
58 0.569297 0.480186 0.735313 0.354312
2 0.390788 0.470571 0.708181 0.38986
4 0.499318 0.464379 0.951789 0.394085
52 0.499318 0.464379 0.951789 0.394085
2 0.505955 0.47028 0.965062 0.385781
23 0.499318 0.464379 0.951789 0.394085
58 0.499318 0.464379 0.951789 0.394085
22 0.499318 0.464379 0.951789 0.394085
3 0.499318 0.464379 0.951789 0.394085
69 0.499318 0.464379 0.951789 0.394085
59 0.499318 0.464379 0.951789 0.394085
31 0.499318 0.464379 0.951789 0.394085
60 0.499318 0.464379 0.951789 0.394085
10 0.499318 0.464379 0.951789 0.394085
67 0.499318 0.464379 0.951789 0.394085
0 0.499318 0.464379 0.951789 0.394085
32 0.499318 0.464379 0.951789 0.394085
5 0.499318 0.464379 0.951789 0.394085
34 0.499318 0.464379 0.951789 0.394085
57 0.499318 0.464379 0.951789 0.394085
1 0.505955 0.47028 0.965062 0.385781
56 0.499318 0.464379 0.951789 0.394085
7 0.499318 0.464379 0.951789 0.394085
68 0.505955 0.47028 0.965062 0.385781
8 0.499318 0.464379 0.951789 0.394085
62 0.499318 0.464379 0.951789 0.394085
39 0.499318 0.464379 0.951789 0.394085
28 0.499318 0.464379 0.951789 0.394085
36 0.499318 0.464379 0.951789 0.394085
30 0.499318 0.464379 0.951789 0.394085
6 0.505955 0.47028 0.965062 0.385781
61 0.499318 0.464379 0.951789 0.394085
21 0.499318 0.464379 0.951789 0.394085
29 0.505955 0.47028 0.965062 0.385781
35 0.499318 0.464379 0.951789 0.394085
44 0.499318 0.464379 0.951789 0.394085
20 0.499318 0.464379 0.951789 0.394085
66 0.499709 0.466201 0.949446 0.384615
45 0.499318 0.464379 0.951789 0.394085
54 0.504393 0.47028 0.958816 0.381119
65 0.504393 0.47028 0.958816 0.381119
68 0.374391 0.47873 0.682415 0.378205
4 0.374391 0.47873 0.682415 0.378205
58 0.371073 0.480478 0.677339 0.388695
33 0.499709 0.466201 0.949446 0.384615
22 0.371073 0.480478 0.677339 0.388695
52 0.500489 0.465691 0.930707 0.378642
58 0.499709 0.467075 0.932269 0.379371
23 0.493853 0.455128 0.928365 0.397436
2 0.500489 0.465691 0.930707 0.378642
69 0.495024 0.457168 0.927584 0.395688
60 0.500489 0.465691 0.930707 0.378642
4 0.499709 0.467075 0.932269 0.379371
67 0.500489 0.465691 0.930707 0.378642
3 0.499709 0.467075 0.932269 0.379371
68 0.499709 0.467075 0.932269 0.379371
0 0.499709 0.467075 0.932269 0.379371
22 0.495024 0.457168 0.927584 0.395688
32 0.499709 0.467075 0.932269 0.379371
57 0.495024 0.457168 0.927584 0.395688
10 0.499709 0.467075 0.932269 0.379371
56 0.499709 0.467075 0.932269 0.379371
59 0.500489 0.465691 0.930707 0.378642
31 0.500489 0.465691 0.930707 0.378642
1 0.499709 0.467075 0.932269 0.379371
5 0.495024 0.457168 0.927584 0.395688
34 0.493853 0.455128 0.928365 0.397436
28 0.499709 0.467075 0.932269 0.379371
62 0.500489 0.465691 0.930707 0.378642
6 0.499709 0.467075 0.932269 0.379371
7 0.495024 0.457168 0.927584 0.395688
44 0.499709 0.467075 0.932269 0.379371
36 0.499709 0.467075 0.932269 0.379371
61 0.500489 0.465691 0.930707 0.378642
39 0.493853 0.455128 0.928365 0.397436
8 0.493853 0.455128 0.928365 0.397436
45 0.500489 0.465691 0.930707 0.378642
30 0.493853 0.455128 0.928365 0.397436
21 0.493853 0.455128 0.928365 0.397436
66 0.495024 0.457168 0.927584 0.395688
20 0.495024 0.457168 0.927584 0.395688
35 0.495024 0.457168 0.927584 0.395688
54 0.499709 0.467075 0.932269 0.379371
29 0.499709 0.467075 0.932269 0.379371
52 0.492681 0.461538 0.932269 0.390443
2 0.492681 0.461538 0.932269 0.390443
58 0.492681 0.461538 0.932269 0.390443
3 0.492681 0.461538 0.932269 0.390443
4 0.492681 0.461538 0.932269 0.390443
22 0.492681 0.461538 0.932269 0.390443
23 0.492291 0.464962 0.934611 0.387092
69 0.492681 0.461538 0.932269 0.390443
68 0.498928 0.465326 0.944762 0.382867
57 0.492681 0.461538 0.932269 0.390443
10 0.492681 0.461538 0.932269 0.390443
60 0.492681 0.461538 0.932269 0.390443
67 0.492291 0.464962 0.934611 0.387092
5 0.492681 0.461538 0.932269 0.390443
32 0.492681 0.461538 0.932269 0.390443
31 0.492291 0.464962 0.934611 0.387092
1 0.498928 0.465326 0.944762 0.382867
59 0.492291 0.464962 0.934611 0.387092
28 0.492681 0.461538 0.932269 0.390443
0 0.492681 0.461538 0.932269 0.390443
56 0.492681 0.461538 0.932269 0.390443
7 0.492681 0.461538 0.932269 0.390443
34 0.492681 0.461538 0.932269 0.390443
62 0.50088 0.469988 0.947104 0.37704
39 0.492681 0.461538 0.932269 0.390443
36 0.498928 0.465326 0.944762 0.382867
8 0.492681 0.461538 0.932269 0.390443
61 0.498928 0.465326 0.944762 0.382867
6 0.498928 0.465326 0.944762 0.382867
45 0.50088 0.469988 0.947104 0.37704
21 0.492291 0.464962 0.934611 0.387092
20 0.492291 0.464962 0.934611 0.387092
44 0.498928 0.465326 0.944762 0.382867
30 0.492291 0.464962 0.934611 0.387092
66 0.492681 0.461538 0.932269 0.390443
29 0.498928 0.465326 0.944762 0.382867
35 0.492681 0.461538 0.932269 0.390443
65 0.498928 0.465326 0.944762 0.382867
54 0.498928 0.465326 0.944762 0.382867
52 0.497366 0.463942 0.932269 0.380973
10 0.496195 0.467657 0.931488 0.379371
58 0.497366 0.463942 0.932269 0.380973
23 0.496195 0.467657 0.931488 0.379371
69 0.497366 0.463942 0.932269 0.380973
22 0.497366 0.463942 0.932269 0.380973
3 0.497366 0.463942 0.932269 0.380973
2 0.497366 0.463942 0.932269 0.380973
68 0.504393 0.466783 0.940077 0.377622
57 0.497366 0.463942 0.932269 0.380973
67 0.496195 0.467657 0.931488 0.379371
60 0.497366 0.463942 0.932269 0.380973
4 0.497366 0.463942 0.932269 0.380973
0 0.496195 0.467657 0.931488 0.379371
28 0.496195 0.467657 0.931488 0.379371
32 0.497366 0.463942 0.932269 0.380973
62 0.497366 0.463942 0.932269 0.380973
61 0.504784 0.469406 0.939296 0.37704
56 0.496195 0.467657 0.931488 0.379371
58 0.501661 0.0227637 0.861217 0.0455274
59 0.497366 0.463942 0.932269 0.380973
5 0.497366 0.463942 0.932269 0.380973
31 0.497366 0.463942 0.932269 0.380973
34 0.496195 0.467657 0.931488 0.379371
36 0.504393 0.466783 0.940077 0.377622
1 0.497366 0.463942 0.932269 0.380973
23 0.501661 0.0227637 0.861217 0.0455274
39 0.497366 0.463942 0.932269 0.380973
4 0.501661 0.0227637 0.861217 0.0455274
7 0.497366 0.463942 0.932269 0.380973
59 0.501661 0.0227637 0.861217 0.0455274
68 0.501661 0.0227637 0.861217 0.0455274
44 0.504393 0.466783 0.940077 0.377622
8 0.497366 0.463942 0.932269 0.380973
31 0.501661 0.0227637 0.861217 0.0455274
6 0.497366 0.463942 0.932269 0.380973
32 0.501661 0.0227637 0.861217 0.0455274
67 0.501661 0.0227637 0.861217 0.0455274
52 0.501661 0.0227637 0.861217 0.0455274
21 0.496195 0.467657 0.931488 0.379371
69 0.501661 0.0227637 0.861217 0.0455274
10 0.501661 0.0227637 0.861217 0.0455274
22 0.501661 0.0227637 0.861217 0.0455274
3 0.501661 0.0227637 0.861217 0.0455274
57 0.501661 0.0227637 0.861217 0.0455274
58 0.440759 0.0277171 0.634786 0.0554341
33 0.497366 0.463942 0.932269 0.380973
5 0.501661 0.0227637 0.861217 0.0455274
58 0.546166 0.0274621 0.475504 0.0549242
36 0.501661 0.0227637 0.861217 0.0455274
56 0.501661 0.0227637 0.861217 0.0455274
45 0.497366 0.463942 0.932269 0.380973
58 0.362679 0.477855 0.652744 0.392774
20 0.497366 0.463942 0.932269 0.380973
23 0.546166 0.0274621 0.475504 0.0549242
6 0.501661 0.0227637 0.861217 0.0455274
28 0.501661 0.0227637 0.861217 0.0455274
52 0.496976 0.4662 0.951789 0.382284
10 0.496976 0.4662 0.951789 0.382284
23 0.49112 0.464161 0.944762 0.386364
69 0.49112 0.46183 0.946323 0.391026
58 0.49112 0.46183 0.946323 0.391026
22 0.49112 0.46183 0.946323 0.391026
68 0.497366 0.465108 0.957254 0.385635
60 0.49112 0.464161 0.944762 0.386364
2 0.496976 0.4662 0.951789 0.382284
67 0.49112 0.46183 0.946323 0.391026
3 0.49112 0.464161 0.944762 0.386364
62 0.49112 0.464161 0.944762 0.386364
57 0.49112 0.46183 0.946323 0.391026
28 0.496976 0.4662 0.951789 0.382284
4 0.49112 0.46183 0.946323 0.391026
31 0.496976 0.4662 0.951789 0.382284
5 0.49112 0.464161 0.944762 0.386364
61 0.496976 0.4662 0.951789 0.382284
0 0.49112 0.464161 0.944762 0.386364
32 0.49112 0.46183 0.946323 0.391026
59 0.496976 0.4662 0.951789 0.382284
56 0.49112 0.464161 0.944762 0.386364
34 0.49112 0.464161 0.944762 0.386364
1 0.49112 0.464161 0.944762 0.386364
39 0.49112 0.464161 0.944762 0.386364
36 0.49112 0.464161 0.944762 0.386364
6 0.49112 0.46183 0.946323 0.391026
7 0.49112 0.464161 0.944762 0.386364
8 0.496976 0.4662 0.951789 0.382284
44 0.496976 0.4662 0.951789 0.382284
21 0.496976 0.4662 0.951789 0.382284
20 0.49112 0.464161 0.944762 0.386364
33 0.49112 0.464161 0.944762 0.386364
35 0.49112 0.464161 0.944762 0.386364
52 0.494243 0.469697 0.935392 0.374126
22 0.488777 0.466201 0.930707 0.384615
23 0.489558 0.465326 0.929146 0.388695
69 0.489558 0.465326 0.929146 0.388695
10 0.488777 0.466201 0.930707 0.384615
58 0.489558 0.465326 0.929146 0.388695
67 0.489558 0.465326 0.929146 0.388695
60 0.488777 0.466201 0.930707 0.384615
62 0.494243 0.469697 0.935392 0.374126
61 0.494243 0.469697 0.935392 0.374126
2 0.489558 0.465326 0.929146 0.388695
0 0.488777 0.466201 0.930707 0.384615
68 0.495414 0.468823 0.937734 0.379371
32 0.489558 0.465326 0.929146 0.388695
34 0.488777 0.466201 0.930707 0.384615
4 0.489558 0.465326 0.929146 0.388695
28 0.494243 0.469697 0.935392 0.374126
3 0.488777 0.466201 0.930707 0.384615
5 0.488777 0.466201 0.930707 0.384615
56 0.488777 0.466201 0.930707 0.384615
57 0.489558 0.465326 0.929146 0.388695
36 0.495414 0.468823 0.937734 0.379371
59 0.489558 0.465326 0.929146 0.388695
31 0.489558 0.465326 0.929146 0.388695
39 0.488777 0.466201 0.930707 0.384615
1 0.488777 0.466201 0.930707 0.384615
6 0.491901 0.458916 0.927584 0.395688
21 0.494243 0.469697 0.935392 0.374126
8 0.494243 0.469697 0.935392 0.374126
7 0.488777 0.466201 0.930707 0.384615
44 0.494243 0.469697 0.935392 0.374126
52 0.488777 0.463869 0.9432 0.399767
69 0.489558 0.46336 0.9432 0.398456
23 0.489558 0.46336 0.9432 0.398456
10 0.488777 0.463869 0.9432 0.399767
22 0.489558 0.46336 0.9432 0.398456
60 0.488777 0.463869 0.9432 0.399767
58 0.489558 0.46336 0.9432 0.398456
2 0.488777 0.461611 0.941638 0.406614
67 0.488777 0.463869 0.9432 0.399767
61 0.488777 0.463869 0.9432 0.399767
68 0.488777 0.463869 0.9432 0.399767
62 0.488777 0.463869 0.9432 0.399767
28 0.488777 0.463869 0.9432 0.399767
32 0.489558 0.46336 0.9432 0.398456
57 0.489558 0.46336 0.9432 0.398456
0 0.488777 0.461611 0.941638 0.406614
3 0.488777 0.461611 0.941638 0.406614
4 0.485654 0.464962 0.935392 0.385927
34 0.488777 0.463869 0.9432 0.399767
56 0.488777 0.461611 0.941638 0.406614
36 0.480189 0.468531 0.938515 0.386946
5 0.488777 0.461611 0.941638 0.406614
39 0.488777 0.461611 0.941638 0.406614
31 0.480189 0.468531 0.938515 0.386946
59 0.485654 0.464962 0.935392 0.385927
8 0.488777 0.463869 0.9432 0.399767
1 0.488777 0.461611 0.941638 0.406614
6 0.485654 0.464962 0.935392 0.385927
7 0.488777 0.461611 0.941638 0.406614
44 0.488777 0.463869 0.9432 0.399767
21 0.488777 0.463869 0.9432 0.399767
35 0.488777 0.463869 0.9432 0.399767
33 0.480189 0.468531 0.938515 0.386946
52 0.495024 0.465326 0.936954 0.394522
23 0.490339 0.462995 0.93383 0.396853
10 0.495024 0.465326 0.936954 0.394522
22 0.490339 0.462995 0.93383 0.396853
60 0.495024 0.465326 0.936954 0.394522
69 0.495805 0.463942 0.941638 0.396125
58 0.490339 0.462995 0.93383 0.396853
68 0.495805 0.463942 0.941638 0.396125
67 0.495805 0.463942 0.941638 0.396125
32 0.490339 0.462995 0.93383 0.396853
2 0.489558 0.463578 0.932269 0.394522
3 0.495805 0.463942 0.941638 0.396125
62 0.489558 0.463578 0.932269 0.394522
57 0.490339 0.462995 0.93383 0.396853
28 0.495024 0.465326 0.936954 0.394522
61 0.495024 0.465326 0.936954 0.394522
59 0.495805 0.463942 0.941638 0.396125
56 0.489558 0.463578 0.932269 0.394522
0 0.489558 0.463578 0.932269 0.394522
39 0.489558 0.463578 0.932269 0.394522
4 0.490339 0.462995 0.93383 0.396853
1 0.489558 0.463578 0.932269 0.394522
5 0.489558 0.463578 0.932269 0.394522
31 0.495805 0.463942 0.941638 0.396125
6 0.490339 0.462995 0.93383 0.396853
36 0.495805 0.463942 0.941638 0.396125
7 0.490339 0.462995 0.93383 0.396853
34 0.490339 0.462995 0.93383 0.396853
8 0.490339 0.462995 0.93383 0.396853
44 0.490339 0.462995 0.93383 0.396853
52 0.497366 0.472028 0.938515 0.375291
69 0.491901 0.467657 0.938515 0.379371
22 0.491901 0.467657 0.938515 0.379371
10 0.491901 0.468531 0.940077 0.381119
60 0.491901 0.467657 0.938515 0.379371
23 0.491901 0.467657 0.938515 0.379371
58 0.491901 0.467657 0.938515 0.379371
67 0.496976 0.470571 0.937734 0.375874
68 0.496976 0.470571 0.937734 0.375874
32 0.491901 0.467657 0.938515 0.379371
2 0.491901 0.467657 0.938515 0.379371
62 0.491901 0.468531 0.940077 0.381119
3 0.491901 0.468531 0.940077 0.381119
61 0.497366 0.472028 0.938515 0.375291
28 0.497366 0.472028 0.938515 0.375291
56 0.491901 0.468531 0.940077 0.381119
39 0.491901 0.468531 0.940077 0.381119
57 0.491901 0.467657 0.938515 0.379371
36 0.496976 0.470571 0.937734 0.375874
59 0.491901 0.467657 0.938515 0.379371
1 0.497366 0.472028 0.938515 0.375291
0 0.491901 0.467657 0.938515 0.379371
5 0.491901 0.468531 0.940077 0.381119
4 0.491901 0.467657 0.938515 0.379371
31 0.491901 0.468531 0.940077 0.381119
34 0.491901 0.467657 0.938515 0.379371
6 0.491901 0.467657 0.938515 0.379371
7 0.491901 0.468531 0.940077 0.381119
8 0.491901 0.467657 0.938515 0.379371
33 0.49112 0.460373 0.951008 0.39627
10 0.360727 0.472902 0.665237 0.381702
23 0.488777 0.463578 0.929146 0.391026
52 0.491901 0.462704 0.932269 0.391608
69 0.488777 0.463578 0.929146 0.391026
22 0.487997 0.461538 0.930707 0.391608
10 0.487997 0.461538 0.930707 0.391608
58 0.488777 0.463578 0.929146 0.391026
68 0.491901 0.462704 0.932269 0.391608
60 0.487997 0.461538 0.930707 0.391608
67 0.491901 0.462704 0.932269 0.391608
32 0.488777 0.463578 0.929146 0.391026
57 0.488777 0.463578 0.929146 0.391026
2 0.488777 0.463578 0.929146 0.391026
28 0.491901 0.462704 0.932269 0.391608
3 0.487997 0.468823 0.929146 0.386364
59 0.488777 0.463578 0.929146 0.391026
56 0.487997 0.461538 0.930707 0.391608
31 0.484874 0.465909 0.919776 0.387529
39 0.488777 0.463578 0.929146 0.391026
34 0.488777 0.463578 0.929146 0.391026
4 0.484874 0.465909 0.919776 0.387529
5 0.488777 0.463578 0.929146 0.391026
36 0.49151 0.464161 0.931488 0.393357
0 0.488777 0.463578 0.929146 0.391026
6 0.484874 0.465909 0.919776 0.387529
61 0.488777 0.463578 0.929146 0.391026
62 0.487997 0.461538 0.930707 0.391608
52 0.494243 0.465035 0.935392 0.388112
23 0.494243 0.465035 0.935392 0.388112
69 0.493462 0.465618 0.93383 0.389277
22 0.494243 0.465035 0.935392 0.388112
67 0.494243 0.465035 0.935392 0.388112
10 0.494243 0.465035 0.935392 0.388112
58 0.494243 0.465035 0.935392 0.388112
68 0.494243 0.465035 0.935392 0.388112
60 0.494243 0.465035 0.935392 0.388112
32 0.493462 0.465618 0.93383 0.389277
59 0.494243 0.465035 0.935392 0.388112
57 0.490339 0.46671 0.93383 0.384761
31 0.493462 0.465618 0.93383 0.389277
28 0.494243 0.465035 0.935392 0.388112
2 0.494243 0.465035 0.935392 0.388112
56 0.494243 0.465035 0.935392 0.388112
4 0.493462 0.465618 0.93383 0.389277
39 0.493462 0.465618 0.93383 0.389277
34 0.490339 0.46671 0.93383 0.384761
3 0.494243 0.465035 0.935392 0.388112
62 0.493462 0.465618 0.93383 0.389277
44 0.494243 0.465035 0.935392 0.388112
61 0.494243 0.465035 0.935392 0.388112
6 0.493462 0.465618 0.93383 0.389277
36 0.493462 0.465618 0.93383 0.389277
54 0.493462 0.465618 0.93383 0.389277
52 0.489558 0.471737 0.924461 0.371212
69 0.489558 0.472028 0.926023 0.375291
22 0.486045 0.473193 0.926803 0.371795
23 0.489558 0.472028 0.926023 0.375291
10 0.489558 0.472028 0.926023 0.375291
60 0.486435 0.473193 0.926023 0.365967
67 0.489558 0.472028 0.926023 0.375291
58 0.486435 0.471154 0.926023 0.37704
68 0.486435 0.471154 0.926023 0.37704
32 0.489558 0.472028 0.926023 0.375291
62 0.486045 0.473193 0.926803 0.371795
39 0.489558 0.472028 0.926023 0.375291
57 0.486045 0.473193 0.926803 0.371795
59 0.486045 0.473193 0.926803 0.371795
31 0.486435 0.471154 0.926023 0.37704
2 0.487216 0.471445 0.924461 0.371795
56 0.487216 0.473193 0.924461 0.364802
28 0.489558 0.471737 0.924461 0.371212
44 0.489558 0.472028 0.926023 0.375291
3 0.487216 0.473193 0.924461 0.364802
61 0.489558 0.471737 0.924461 0.371212
4 0.486435 0.471154 0.926023 0.37704
34 0.486045 0.473193 0.926803 0.371795
36 0.489558 0.472028 0.926023 0.375291
23 0.600821 0.458625 0.642594 0.400932
33 0.48097 0.469697 0.930707 0.368298
6 0.486435 0.471154 0.926023 0.37704
5 0.486435 0.471154 0.926023 0.37704
23 0.490339 0.462631 0.930707 0.394085
52 0.49112 0.45979 0.929146 0.402098
22 0.49112 0.45979 0.929146 0.402098
69 0.490339 0.462631 0.930707 0.394085
67 0.490339 0.462631 0.930707 0.394085
10 0.49112 0.45979 0.929146 0.402098
60 0.49112 0.45979 0.929146 0.402098
58 0.490339 0.462631 0.930707 0.394085
32 0.490339 0.462631 0.930707 0.394085
68 0.49112 0.45979 0.929146 0.402098
59 0.484874 0.451705 0.935392 0.408945
28 0.49112 0.45979 0.929146 0.402098
57 0.488387 0.46183 0.929927 0.393357
56 0.484483 0.45287 0.936173 0.415938
31 0.490339 0.462631 0.930707 0.394085
39 0.484483 0.45287 0.936173 0.415938
3 0.488387 0.456876 0.929927 0.405594
2 0.484483 0.45287 0.936173 0.415938
44 0.484874 0.451705 0.935392 0.408945
6 0.489949 0.456367 0.928365 0.400787
4 0.489949 0.456367 0.928365 0.400787
52 0.496585 0.467075 0.93383 0.38986
23 0.496585 0.467075 0.93383 0.38986
69 0.495805 0.464452 0.932269 0.390443
22 0.495805 0.464452 0.932269 0.390443
60 0.496585 0.467075 0.93383 0.38986
10 0.496585 0.467075 0.93383 0.38986
67 0.495805 0.464452 0.932269 0.390443
68 0.496585 0.467075 0.93383 0.38986
32 0.495805 0.464452 0.932269 0.390443
39 0.496585 0.467075 0.93383 0.38986
58 0.496585 0.467075 0.93383 0.38986
57 0.490729 0.458115 0.936173 0.39729
62 0.491901 0.459135 0.940077 0.403409
59 0.490729 0.458115 0.936173 0.39729
28 0.496585 0.467075 0.93383 0.38986
56 0.491901 0.459135 0.940077 0.403409
2 0.496585 0.467075 0.93383 0.38986
3 0.491901 0.459135 0.940077 0.403409
31 0.495805 0.464452 0.932269 0.390443
36 0.495805 0.464452 0.932269 0.390443
44 0.496585 0.467075 0.93383 0.38986
33 0.491901 0.459135 0.940077 0.403409
11 0.49151 0.464161 0.931488 0.391026
61 0.496585 0.467075 0.93383 0.38986
22 0.488387 0.469697 0.931488 0.384615
23 0.488387 0.469697 0.931488 0.384615
69 0.491901 0.469041 0.936954 0.389423
60 0.488777 0.472611 0.930707 0.384615
52 0.492681 0.474359 0.935392 0.384615
10 0.488777 0.472611 0.930707 0.384615
67 0.492681 0.474359 0.935392 0.384615
68 0.487606 0.470862 0.934611 0.386946
32 0.491901 0.469041 0.936954 0.389423
39 0.488777 0.472611 0.930707 0.384615
58 0.489558 0.477273 0.938515 0.388112
57 0.488387 0.469697 0.931488 0.384615
2 0.487606 0.470862 0.934611 0.386946
28 0.489558 0.470571 0.932269 0.380536
56 0.489558 0.470571 0.932269 0.380536
3 0.489558 0.470571 0.932269 0.380536
62 0.488777 0.472611 0.930707 0.384615
33 0.484093 0.474359 0.93383 0.385781
5 0.489558 0.477273 0.938515 0.388112
44 0.488387 0.469697 0.931488 0.384615
31 0.487606 0.470862 0.934611 0.386946
59 0.489558 0.470571 0.932269 0.380536
6 0.489558 0.477273 0.938515 0.388112
1 0.489558 0.470571 0.932269 0.380536
54 0.487606 0.470862 0.934611 0.386946
0 0.489558 0.470571 0.932269 0.380536
23 0.487606 0.481352 0.936173 0.358974
22 0.487606 0.481352 0.936173 0.358974
69 0.490339 0.475233 0.9432 0.373543
10 0.487606 0.481352 0.936173 0.358974
52 0.489168 0.471154 0.948666 0.375874
60 0.487606 0.481352 0.936173 0.358974
67 0.491901 0.471737 0.941638 0.371212
39 0.490339 0.475233 0.9432 0.373543
58 0.487606 0.481352 0.936173 0.358974
32 0.487606 0.481352 0.936173 0.358974
68 0.489168 0.471154 0.948666 0.375874
59 0.490729 0.474942 0.942419 0.363636
57 0.487606 0.481352 0.936173 0.358974
28 0.490729 0.474942 0.942419 0.363636
3 0.490729 0.474942 0.942419 0.363636
56 0.490729 0.474942 0.942419 0.363636
44 0.487606 0.481352 0.936173 0.358974
31 0.489168 0.471154 0.948666 0.375874
2 0.489168 0.471154 0.948666 0.375874
54 0.489168 0.471154 0.948666 0.375874
23 0.488777 0.471445 0.921338 0.375291
22 0.488777 0.471445 0.921338 0.375291
69 0.488777 0.470571 0.921338 0.384033
60 0.488777 0.471445 0.921338 0.375291
39 0.48175 0.465909 0.929146 0.385198
10 0.488777 0.471445 0.921338 0.375291
2 0.48175 0.465909 0.929146 0.385198
32 0.488777 0.470571 0.921338 0.384033
67 0.488777 0.471445 0.921338 0.375291
58 0.487216 0.468531 0.924461 0.367133
62 0.48175 0.465909 0.929146 0.385198
52 0.488777 0.471445 0.921338 0.375291
33 0.48175 0.465909 0.929146 0.385198
57 0.486435 0.469988 0.924461 0.384033
56 0.48175 0.465909 0.929146 0.385198
68 0.488777 0.471445 0.921338 0.375291
3 0.48175 0.465909 0.929146 0.385198
28 0.488777 0.471445 0.921338 0.375291
7 0.48175 0.465909 0.929146 0.385198
44 0.48175 0.465909 0.929146 0.385198
5 0.48175 0.465909 0.929146 0.385198
59 0.489168 0.468531 0.92368 0.367133
6 0.488777 0.470571 0.921338 0.384033
8 0.482531 0.467075 0.929146 0.385198
1 0.487216 0.468531 0.924461 0.367133
0 0.489168 0.468531 0.92368 0.367133
36 0.48175 0.465909 0.929146 0.385198
66 0.48175 0.465909 0.929146 0.385198
11 0.486435 0.469988 0.924461 0.384033
34 0.482531 0.467075 0.929146 0.385198
23 0.597406 0.517483 0.602578 0.291375
23 0.494243 0.470571 0.932269 0.368881
22 0.494243 0.470571 0.932269 0.368881
69 0.495024 0.470862 0.936954 0.368298
60 0.494243 0.470571 0.932269 0.368881
10 0.494243 0.470571 0.932269 0.368881
39 0.495024 0.470862 0.936954 0.368298
32 0.495024 0.470862 0.936954 0.368298
52 0.495024 0.472902 0.936954 0.365385
33 0.499709 0.468531 0.936954 0.375291
67 0.495024 0.472902 0.936954 0.365385
58 0.490339 0.47028 0.936954 0.368298
62 0.499709 0.468531 0.936954 0.375291
2 0.490339 0.47028 0.936954 0.368298
68 0.490339 0.47028 0.936954 0.368298
57 0.494243 0.470571 0.932269 0.368881
11 0.494243 0.470571 0.932269 0.368881
28 0.495024 0.470862 0.936954 0.368298
59 0.497757 0.475233 0.931488 0.361888
44 0.498147 0.467366 0.9432 0.370629
23 0.488777 0.471737 0.918215 0.37704
69 0.489558 0.467949 0.916653 0.384615
52 0.484093 0.46824 0.911968 0.384033
22 0.488777 0.471737 0.918215 0.37704
10 0.489558 0.467949 0.916653 0.384615
67 0.489168 0.467366 0.917434 0.382284
60 0.488777 0.471737 0.918215 0.37704
58 0.484093 0.467075 0.915091 0.382867
68 0.484093 0.46824 0.911968 0.384033
39 0.486045 0.470571 0.917434 0.37704
57 0.488777 0.471737 0.918215 0.37704
32 0.489558 0.467949 0.916653 0.384615
2 0.488777 0.471737 0.918215 0.37704
59 0.487997 0.471445 0.916653 0.374126
62 0.486045 0.470571 0.917434 0.37704
44 0.488777 0.471737 0.918215 0.37704
54 0.484093 0.46824 0.911968 0.384033
56 0.486045 0.470571 0.917434 0.37704
31 0.484093 0.467075 0.915091 0.382867
33 0.486045 0.470571 0.917434 0.37704
3 0.49112 0.473193 0.910407 0.371795
28 0.484093 0.46824 0.911968 0.384033
23 0.568028 0.486888 0.68788 0.374709
23 0.488777 0.467366 0.93383 0.38345
22 0.486045 0.467949 0.93305 0.381119
69 0.488777 0.467366 0.93383 0.38345
60 0.486045 0.467949 0.93305 0.381119
10 0.486045 0.467949 0.93305 0.381119
39 0.483312 0.464962 0.93383 0.387092
67 0.485654 0.46824 0.930707 0.378205
32 0.488777 0.467366 0.93383 0.38345
58 0.485654 0.46824 0.930707 0.378205
52 0.485654 0.46824 0.930707 0.378205
68 0.485654 0.46824 0.930707 0.378205
59 0.488777 0.467657 0.936954 0.378205
57 0.486045 0.467949 0.93305 0.381119
2 0.483312 0.464962 0.93383 0.387092
28 0.488777 0.467657 0.936954 0.378205
3 0.488777 0.467657 0.936954 0.378205
33 0.483312 0.464962 0.93383 0.387092
44 0.483312 0.464962 0.93383 0.387092
5 0.488777 0.467657 0.936954 0.378205
7 0.483312 0.464962 0.93383 0.387092
54 0.485654 0.46824 0.930707 0.378205
6 0.485654 0.46824 0.930707 0.378205
62 0.483312 0.464962 0.93383 0.387092
56 0.488777 0.467657 0.936954 0.378205
31 0.485654 0.46824 0.930707 0.378205
23 0.490339 0.464452 0.941638 0.384615
22 0.490339 0.464452 0.941638 0.384615
69 0.490339 0.464452 0.941638 0.384615
60 0.489949 0.4662 0.937734 0.378788
67 0.487606 0.465618 0.945542 0.376457
10 0.489949 0.4662 0.937734 0.378788
52 0.487606 0.465618 0.945542 0.376457
32 0.490339 0.464452 0.941638 0.384615
39 0.490339 0.464452 0.941638 0.384615
68 0.487606 0.465618 0.945542 0.376457
58 0.487606 0.465618 0.945542 0.376457
2 0.489558 0.464452 0.944762 0.381119
57 0.489949 0.4662 0.937734 0.378788
33 0.489558 0.464452 0.944762 0.381119
59 0.49112 0.465326 0.941638 0.379371
44 0.489558 0.464452 0.944762 0.381119
23 0.489558 0.468531 0.932269 0.379953
22 0.489558 0.468531 0.932269 0.379953
69 0.493462 0.467075 0.936954 0.386364
60 0.489558 0.468531 0.932269 0.379953
10 0.485264 0.460664 0.937734 0.386364
52 0.496976 0.46671 0.948666 0.380099
67 0.489558 0.468531 0.932269 0.379953
39 0.493462 0.467075 0.936954 0.386364
32 0.493462 0.467075 0.936954 0.386364
58 0.493462 0.467075 0.936954 0.386364
68 0.496976 0.46671 0.948666 0.380099
57 0.489558 0.468531 0.932269 0.379953
59 0.491901 0.467949 0.93383 0.374126
2 0.491901 0.467949 0.93383 0.374126
62 0.491901 0.467949 0.93383 0.374126
33 0.493462 0.467075 0.936954 0.386364
44 0.485264 0.460664 0.937734 0.386364
23 0.489558 0.465326 0.929146 0.387529
22 0.487997 0.467075 0.927584 0.380536
69 0.489558 0.465326 0.929146 0.387529
52 0.488777 0.465326 0.936954 0.385198
67 0.488777 0.464962 0.926022 0.38243
60 0.484483 0.462995 0.928365 0.384033
10 0.487997 0.467075 0.927584 0.380536
68 0.488777 0.465326 0.936954 0.385198
32 0.489558 0.465326 0.929146 0.387529
39 0.484874 0.463287 0.926023 0.388112
57 0.487997 0.467075 0.927584 0.380536
58 0.489949 0.465326 0.940858 0.384033
44 0.484483 0.462995 0.928365 0.384033
54 0.488777 0.465326 0.936954 0.385198
2 0.484483 0.462995 0.928365 0.384033
59 0.486435 0.469697 0.922899 0.367133
69 0.489168 0.468604 0.926803 0.392628
22 0.488387 0.467949 0.928365 0.395105
60 0.489168 0.468531 0.926803 0.386946
23 0.482141 0.457969 0.93305 0.404575
10 0.482141 0.457969 0.93305 0.404575
39 0.482141 0.457969 0.93305 0.404575
67 0.489168 0.468604 0.926803 0.392628
32 0.489168 0.468604 0.926803 0.392628
52 0.489558 0.472611 0.935392 0.384615
2 0.482141 0.457969 0.93305 0.404575
62 0.482141 0.457969 0.93305 0.404575
57 0.482922 0.461247 0.93305 0.401515
44 0.482922 0.461247 0.93305 0.401515
28 0.487216 0.466856 0.927584 0.380973
68 0.489558 0.472611 0.935392 0.384615
33 0.482141 0.457969 0.93305 0.404575
58 0.489558 0.472611 0.935392 0.384615
56 0.482141 0.457969 0.93305 0.404575
3 0.487216 0.466856 0.927584 0.380973
1 0.487216 0.466856 0.927584 0.380973
11 0.488387 0.467949 0.928365 0.395105
23 0.490339 0.471445 0.940077 0.382284
22 0.487997 0.472319 0.938515 0.373543
69 0.487997 0.472319 0.938515 0.373543
10 0.487997 0.472319 0.938515 0.373543
60 0.487997 0.472319 0.938515 0.373543
67 0.49112 0.469406 0.941638 0.37704
52 0.49151 0.467366 0.958035 0.38345
39 0.487997 0.472319 0.938515 0.373543
32 0.487997 0.472319 0.938515 0.373543
68 0.490339 0.474942 0.9432 0.369464
2 0.490339 0.469406 0.940077 0.378205
58 0.487997 0.472319 0.938515 0.373543
33 0.487997 0.472319 0.938515 0.373543
62 0.487997 0.472319 0.938515 0.373543
44 0.490339 0.469406 0.940077 0.378205
57 0.490339 0.469406 0.940077 0.378205
59 0.490339 0.474942 0.9432 0.369464
23 0.485654 0.46824 0.93383 0.384033
22 0.485654 0.46824 0.93383 0.384033
69 0.489558 0.4662 0.932269 0.391608
60 0.485654 0.46824 0.93383 0.384033
10 0.485654 0.46824 0.93383 0.384033
67 0.485654 0.46824 0.93383 0.384033
39 0.482531 0.466492 0.927584 0.398019
32 0.485654 0.46824 0.93383 0.384033
52 0.488777 0.465909 0.947885 0.385198
2 0.482531 0.466492 0.927584 0.398019
58 0.488777 0.465909 0.947885 0.385198
33 0.482531 0.466492 0.927584 0.398019
44 0.482531 0.466492 0.927584 0.398019
57 0.485654 0.46824 0.93383 0.384033
68 0.489168 0.46824 0.948666 0.392191
62 0.482531 0.466492 0.927584 0.398019
69 0.491901 0.469406 0.940077 0.38986
22 0.488777 0.469114 0.938515 0.385781
60 0.488777 0.469114 0.938515 0.385781
23 0.488777 0.469114 0.938515 0.385781
10 0.488777 0.469114 0.938515 0.385781
39 0.488777 0.469114 0.938515 0.385781
2 0.49112 0.466128 0.940077 0.387092
67 0.488777 0.469114 0.938515 0.385781
52 0.488777 0.47028 0.951008 0.393939
62 0.49112 0.466128 0.940077 0.387092
32 0.488777 0.469114 0.938515 0.385781
33 0.488777 0.465326 0.93383 0.386364
28 0.49112 0.466128 0.940077 0.387092
57 0.488777 0.469114 0.938515 0.385781
58 0.490339 0.466783 0.935392 0.38345
1 0.49112 0.466128 0.940077 0.387092
6 0.49112 0.466128 0.940077 0.387092
7 0.49112 0.466128 0.940077 0.387092
56 0.49112 0.466128 0.940077 0.387092
3 0.49112 0.466128 0.940077 0.387092
44 0.488777 0.465326 0.93383 0.386364
22 0.486435 0.467366 0.932269 0.382284
69 0.489558 0.46824 0.930707 0.384033
23 0.486435 0.467366 0.932269 0.382284
39 0.489558 0.46824 0.930707 0.384033
60 0.486435 0.467366 0.932269 0.382284
10 0.484874 0.462704 0.930707 0.390443
67 0.484874 0.469697 0.935392 0.382284
32 0.489558 0.46824 0.930707 0.384033
2 0.484874 0.469697 0.935392 0.382284
33 0.484874 0.462704 0.930707 0.390443
62 0.484874 0.462704 0.930707 0.390443
68 0.487997 0.469697 0.929146 0.377622
11 0.486435 0.467366 0.932269 0.382284
58 0.487997 0.469697 0.929146 0.377622
52 0.484874 0.469697 0.935392 0.382284
44 0.484874 0.462704 0.930707 0.390443
22 0.490339 0.469041 0.946323 0.383596
69 0.490339 0.469041 0.946323 0.383596
23 0.491901 0.469406 0.95257 0.385198
60 0.489558 0.469406 0.947885 0.381702
10 0.490339 0.470862 0.947885 0.38345
39 0.490339 0.469041 0.946323 0.383596
67 0.490339 0.467949 0.951008 0.38345
32 0.490339 0.469041 0.946323 0.383596
52 0.490339 0.467949 0.951008 0.38345
2 0.490339 0.467949 0.951008 0.38345
58 0.490339 0.467949 0.951008 0.38345
33 0.490339 0.470862 0.947885 0.38345
62 0.490339 0.470862 0.947885 0.38345
68 0.491901 0.469406 0.95257 0.385198
57 0.49112 0.467657 0.947885 0.380536
22 0.485264 0.469114 0.937734 0.377622
69 0.489558 0.469114 0.947885 0.376457
23 0.485264 0.469114 0.937734 0.377622
10 0.485264 0.469114 0.937734 0.377622
60 0.489558 0.469114 0.947885 0.376457
67 0.489558 0.469114 0.947885 0.376457
52 0.489558 0.469114 0.947885 0.376457
39 0.49151 0.469114 0.937734 0.378788
62 0.482922 0.467366 0.936173 0.370629
2 0.489558 0.469114 0.947885 0.376457
32 0.489558 0.469114 0.947885 0.376457
68 0.489558 0.469114 0.947885 0.376457
44 0.483312 0.467366 0.936954 0.375291
33 0.482922 0.467366 0.936173 0.370629
58 0.489558 0.469114 0.947885 0.376457
22 0.493072 0.470862 0.947104 0.379953
23 0.493072 0.470862 0.947104 0.379953
69 0.494243 0.47028 0.958816 0.38345
10 0.493072 0.470862 0.947104 0.379953
60 0.493072 0.470862 0.947104 0.379953
67 0.493853 0.471445 0.958035 0.386946
52 0.493853 0.471445 0.958035 0.386946
39 0.493072 0.470862 0.947104 0.379953
32 0.494243 0.47028 0.958816 0.38345
33 0.492291 0.472611 0.948666 0.379953
2 0.493853 0.471445 0.958035 0.386946
58 0.494243 0.47028 0.958816 0.38345
62 0.492291 0.472611 0.948666 0.379953
22 0.487216 0.469697 0.936954 0.386946
23 0.489949 0.47028 0.945542 0.384615
69 0.489949 0.47028 0.945542 0.384615
39 0.488777 0.468604 0.936954 0.392628
60 0.489949 0.47028 0.945542 0.384615
10 0.489949 0.47028 0.945542 0.384615
67 0.489949 0.47028 0.945542 0.384615
32 0.490339 0.466783 0.9432 0.388112
2 0.489949 0.47028 0.945542 0.384615
52 0.489949 0.47028 0.945542 0.384615
33 0.487216 0.469406 0.936954 0.385198
62 0.487606 0.471737 0.939296 0.374709
22 0.486825 0.467949 0.928365 0.388112
23 0.486825 0.467949 0.928365 0.388112
69 0.487216 0.468823 0.93383 0.379371
39 0.486825 0.467949 0.928365 0.388112
60 0.487216 0.467657 0.930707 0.382867
67 0.487216 0.468823 0.93383 0.379371
32 0.486825 0.467949 0.928365 0.388112
10 0.487216 0.468823 0.93383 0.379371
2 0.487216 0.468823 0.93383 0.379371
58 0.485654 0.467949 0.93383 0.376457
33 0.484483 0.466783 0.926803 0.38345
52 0.487216 0.468823 0.93383 0.379371
62 0.484874 0.472319 0.927584 0.372378
68 0.487216 0.468823 0.93383 0.379371
22 0.487216 0.4662 0.940077 0.385781
23 0.487216 0.4662 0.940077 0.385781
69 0.486045 0.467293 0.939296 0.387092
10 0.485264 0.467876 0.934611 0.384761
67 0.486045 0.465326 0.929927 0.385198
60 0.485264 0.467876 0.934611 0.384761
39 0.487216 0.4662 0.940077 0.385781
52 0.485264 0.467876 0.934611 0.384761
2 0.486435 0.472611 0.932269 0.376457
62 0.486435 0.472611 0.932269 0.376457
32 0.486045 0.467293 0.939296 0.387092
22 0.489558 0.465035 0.935392 0.388112
23 0.492291 0.465035 0.948666 0.386946
69 0.486826 0.460664 0.93305 0.398019
10 0.487216 0.464525 0.936954 0.394959
39 0.487216 0.464525 0.936954 0.394959
60 0.486826 0.460664 0.93305 0.398019
67 0.487606 0.461466 0.93305 0.395251
2 0.488387 0.466856 0.934611 0.387966
62 0.486826 0.460664 0.93305 0.398019
32 0.489558 0.465108 0.935392 0.394959
52 0.491901 0.465618 0.946323 0.389277
33 0.486826 0.460664 0.93305 0.398019
44 0.486826 0.460664 0.93305 0.398019
11 0.489558 0.465035 0.935392 0.388112
23 0.485264 0.471737 0.929926 0.372378
22 0.490339 0.469988 0.932269 0.37704
52 0.492681 0.469114 0.947885 0.377622
69 0.49112 0.470571 0.932269 0.382867
67 0.49112 0.468823 0.947885 0.380536
10 0.484874 0.469988 0.929146 0.378205
59 0.485264 0.471737 0.929926 0.372378
60 0.484874 0.469988 0.929146 0.378205
58 0.485264 0.471737 0.929926 0.372378
22 0.489949 0.466783 0.939296 0.385781
23 0.488777 0.467075 0.927584 0.391026
69 0.489949 0.466783 0.939296 0.385781
67 0.489949 0.466783 0.939296 0.385781
39 0.489949 0.466783 0.939296 0.385781
32 0.489949 0.466783 0.939296 0.385781
10 0.490339 0.469988 0.940077 0.384033
58 0.488777 0.465909 0.932269 0.388695
52 0.490339 0.469988 0.940077 0.384033
59 0.489168 0.467657 0.926803 0.386364
2 0.489168 0.467657 0.926803 0.386364
60 0.489949 0.466783 0.939296 0.385781
68 0.490339 0.469988 0.940077 0.384033
22 0.482141 0.471445 0.937734 0.38345
23 0.485654 0.474942 0.932269 0.371795
69 0.479408 0.470571 0.941638 0.385198
39 0.479408 0.470571 0.941638 0.385198
67 0.479408 0.470571 0.941638 0.385198
32 0.485654 0.474942 0.932269 0.371795
10 0.479408 0.470571 0.941638 0.385198
60 0.479408 0.470571 0.941638 0.385198
2 0.484093 0.473193 0.9432 0.376457
58 0.484093 0.473193 0.9432 0.376457
52 0.479408 0.470571 0.941638 0.385198
22 0.492291 0.469406 0.954912 0.385198
23 0.486045 0.46824 0.937734 0.382867
69 0.490339 0.467366 0.958816 0.379953
39 0.492291 0.469406 0.954912 0.385198
60 0.486826 0.47028 0.943981 0.382284
10 0.490339 0.467366 0.958816 0.379953
67 0.486826 0.47028 0.943981 0.382284
2 0.491901 0.472028 0.957254 0.38345
52 0.491901 0.472028 0.957254 0.38345
32 0.491901 0.472028 0.957254 0.38345
62 0.491901 0.472028 0.957254 0.38345
22 0.495805 0.472028 0.95257 0.377622
23 0.491901 0.47028 0.949446 0.376457
69 0.495805 0.472028 0.95257 0.377622
39 0.49112 0.469697 0.947885 0.377622
60 0.491901 0.47028 0.949446 0.376457
67 0.491901 0.47028 0.949446 0.376457
10 0.494633 0.469114 0.96272 0.375291
32 0.491901 0.47028 0.949446 0.376457
2 0.493462 0.472611 0.951008 0.375291
62 0.493462 0.472611 0.951008 0.375291
58 0.492681 0.473485 0.951008 0.372378
22 0.494243 0.473776 0.938515 0.381119
23 0.486435 0.474942 0.935392 0.377622
69 0.494243 0.473776 0.938515 0.381119
10 0.494243 0.473776 0.938515 0.381119
60 0.486435 0.474942 0.935392 0.377622
39 0.494243 0.473776 0.938515 0.381119
67 0.486435 0.474942 0.935392 0.377622
32 0.494243 0.473776 0.938515 0.381119
2 0.493462 0.472902 0.941638 0.37704
52 0.490339 0.47465 0.938515 0.378205
62 0.490339 0.47465 0.938515 0.378205
58 0.489558 0.478438 0.940077 0.375291
22 0.491901 0.472902 0.935392 0.374709
23 0.491901 0.472902 0.935392 0.374709
69 0.491901 0.472902 0.935392 0.374709
39 0.491901 0.472902 0.935392 0.374709
10 0.489558 0.470862 0.947885 0.377622
67 0.492681 0.475816 0.940077 0.367716
60 0.492681 0.475816 0.940077 0.367716
32 0.491901 0.472902 0.935392 0.374709
2 0.489949 0.471737 0.943981 0.368881
62 0.49112 0.473193 0.944762 0.370629
52 0.49112 0.473193 0.944762 0.370629
22 0.494243 0.468531 0.941638 0.381119
23 0.490339 0.467366 0.9432 0.385781
69 0.495805 0.469406 0.960378 0.386364
32 0.490339 0.467366 0.9432 0.385781
39 0.495805 0.469406 0.960378 0.386364
60 0.495805 0.469406 0.960378 0.386364
67 0.494633 0.468823 0.956474 0.386364
2 0.495805 0.469406 0.960378 0.386364
10 0.495805 0.469406 0.960378 0.386364
58 0.490339 0.47028 0.944762 0.379953
62 0.495805 0.469406 0.960378 0.386364
59 0.490339 0.467366 0.9432 0.385781
52 0.494633 0.468823 0.956474 0.386364
22 0.492681 0.467075 0.947885 0.386364
23 0.492681 0.467075 0.947885 0.386364
69 0.492681 0.467075 0.947885 0.386364
60 0.494243 0.469114 0.951008 0.381119
10 0.492681 0.467075 0.947885 0.386364
67 0.494243 0.469114 0.951008 0.381119
39 0.492681 0.467075 0.947885 0.386364
2 0.490339 0.468823 0.951008 0.382867
52 0.490339 0.468823 0.951008 0.382867
62 0.490339 0.468823 0.951008 0.382867
22 0.488387 0.463287 0.943981 0.384615
23 0.488387 0.463287 0.943981 0.384615
69 0.488387 0.463287 0.943981 0.384615
39 0.488387 0.463287 0.943981 0.384615
67 0.488387 0.463287 0.943981 0.384615
32 0.483702 0.464744 0.937734 0.385198
60 0.487216 0.462995 0.940077 0.385198
2 0.487606 0.466492 0.936173 0.374709
10 0.487216 0.462995 0.940077 0.385198
22 0.489168 0.47028 0.951789 0.375291
23 0.489168 0.47028 0.951789 0.375291
69 0.489168 0.47028 0.951789 0.375291
39 0.489168 0.47028 0.951789 0.375291
10 0.488387 0.4662 0.950227 0.378788
67 0.488387 0.4662 0.950227 0.378788
60 0.488387 0.4662 0.950227 0.378788
32 0.488387 0.4662 0.950227 0.378788
23 0.49112 0.472902 0.940077 0.368881
22 0.495024 0.469697 0.9432 0.37296
69 0.495024 0.466783 0.957254 0.377622
39 0.49112 0.472902 0.940077 0.368881
32 0.49112 0.472902 0.940077 0.368881
10 0.49112 0.472902 0.938515 0.368881
22 0.494633 0.470862 0.943981 0.382284
23 0.494633 0.470862 0.943981 0.382284
69 0.494633 0.470862 0.943981 0.382284
39 0.488777 0.471154 0.940077 0.378205
67 0.489558 0.475233 0.941638 0.373543
60 0.489558 0.475233 0.941638 0.373543
10 0.494633 0.470862 0.943981 0.382284
22 0.495414 0.468531 0.948666 0.379953
23 0.495414 0.468531 0.948666 0.379953
69 0.495414 0.468531 0.948666 0.379953
10 0.495805 0.467366 0.961939 0.378788
67 0.49112 0.469114 0.951008 0.378788
60 0.495805 0.467366 0.961939 0.378788
39 0.495414 0.468531 0.948666 0.379953
2 0.495805 0.467366 0.961939 0.378788
52 0.495805 0.467366 0.961939 0.378788
32 0.490729 0.46824 0.948666 0.380536
22 0.50127 0.472028 0.95257 0.378788
69 0.50127 0.472028 0.95257 0.378788
23 0.493462 0.474068 0.949446 0.370047
10 0.50127 0.472028 0.95257 0.378788
60 0.493072 0.476981 0.951789 0.367716
39 0.50127 0.472028 0.95257 0.378788
2 0.494633 0.475233 0.948666 0.371212
67 0.493072 0.476981 0.951789 0.367716
62 0.495805 0.471445 0.946323 0.375291
22 0.49112 0.47028 0.938515 0.38345
69 0.492681 0.466783 0.95257 0.384615
23 0.492681 0.469697 0.955693 0.381119
10 0.492681 0.469697 0.955693 0.381119
39 0.487216 0.475233 0.938515 0.373543
60 0.492681 0.466783 0.95257 0.384615
67 0.492681 0.466783 0.95257 0.384615
2 0.489949 0.474359 0.940858 0.368298
52 0.492681 0.466783 0.95257 0.384615
22 0.495805 0.47028 0.947885 0.385781
23 0.488777 0.469406 0.9432 0.384033
69 0.496585 0.468022 0.957254 0.386801
10 0.496585 0.468022 0.957254 0.386801
60 0.496585 0.468022 0.957254 0.386801
67 0.496585 0.468022 0.957254 0.386801
2 0.493462 0.472319 0.949446 0.379371
39 0.496585 0.468022 0.957254 0.386801
52 0.496585 0.468022 0.957254 0.386801
62 0.493462 0.472319 0.949446 0.379371
22 0.489949 0.471445 0.939296 0.38345
69 0.491901 0.468531 0.95257 0.384615
23 0.489949 0.471445 0.939296 0.38345
10 0.492291 0.471445 0.954912 0.38345
39 0.491901 0.468531 0.95257 0.384615
60 0.491901 0.468531 0.95257 0.384615
67 0.490339 0.471737 0.9432 0.375874
2 0.489949 0.471154 0.943981 0.379371
62 0.489949 0.471154 0.943981 0.379371
52 0.491901 0.468531 0.95257 0.384615
22 0.493462 0.472028 0.9432 0.378788
23 0.487606 0.473193 0.940858 0.37296
69 0.487997 0.471737 0.938515 0.379371
10 0.495414 0.469988 0.961158 0.378205
60 0.495414 0.469988 0.961158 0.378205
39 0.487997 0.471737 0.938515 0.379371
62 0.490339 0.47669 0.9432 0.382284
2 0.49151 0.476107 0.945542 0.378788
67 0.487606 0.473193 0.940858 0.37296
22 0.493072 0.469406 0.940858 0.382867
23 0.493072 0.469406 0.940858 0.382867
69 0.489558 0.469697 0.944762 0.381119
10 0.489558 0.469697 0.944762 0.381119
2 0.490339 0.469697 0.949446 0.379953
39 0.490339 0.469697 0.949446 0.379953
60 0.489558 0.469697 0.944762 0.381119
32 0.488777 0.469697 0.944762 0.379953
67 0.490339 0.469697 0.949446 0.379953
62 0.489558 0.469697 0.944762 0.381119
22 0.49112 0.467075 0.9432 0.37704
23 0.487997 0.467075 0.941638 0.379371
69 0.49151 0.467366 0.940858 0.38345
10 0.495024 0.466783 0.95257 0.378788
39 0.495024 0.466783 0.95257 0.378788
60 0.495024 0.466783 0.95257 0.378788
67 0.495024 0.466783 0.95257 0.378788
32 0.487997 0.467075 0.941638 0.379371
22 0.495414 0.467366 0.948666 0.371795
23 0.497757 0.46824 0.95335 0.373543
69 0.494243 0.468531 0.954131 0.37296
10 0.495805 0.4662 0.946323 0.378788
39 0.494243 0.468531 0.954131 0.37296
2 0.494243 0.468531 0.954131 0.37296
22 0.498928 0.473193 0.944762 0.37296
23 0.495805 0.473193 0.946323 0.37296
69 0.494243 0.469697 0.9432 0.376457
39 0.494243 0.469697 0.9432 0.376457
10 0.498928 0.472611 0.941638 0.374126
60 0.494243 0.469697 0.9432 0.376457
2 0.498537 0.470862 0.948666 0.37296
32 0.494243 0.469697 0.9432 0.376457
22 0.495805 0.471445 0.946323 0.378788
23 0.493462 0.47028 0.963501 0.382284
69 0.493462 0.471445 0.95257 0.375291
10 0.492681 0.469114 0.961939 0.382284
39 0.493462 0.471445 0.95257 0.375291
2 0.493462 0.471445 0.95257 0.375291
22 0.494633 0.471445 0.940858 0.377622
23 0.493462 0.47465 0.949446 0.370047
69 0.494243 0.474068 0.947885 0.380536
39 0.494243 0.474068 0.947885 0.380536
10 0.494243 0.474068 0.947885 0.380536
2 0.494243 0.474068 0.947885 0.380536
32 0.494243 0.474068 0.947885 0.380536
22 0.494633 0.468823 0.947104 0.384033
23 0.495024 0.468823 0.946323 0.380536
69 0.494243 0.470862 0.951008 0.377622
10 0.494633 0.467657 0.961158 0.379371
39 0.494633 0.468823 0.947104 0.384033
60 0.494633 0.467657 0.961158 0.379371
67 0.495024 0.468823 0.946323 0.380536
22 0.495805 0.468823 0.951008 0.384033
23 0.497366 0.469988 0.951008 0.380536
69 0.491901 0.468823 0.963501 0.384033
10 0.492681 0.469114 0.963501 0.38345
39 0.495805 0.471372 0.947885 0.388258
60 0.491901 0.468823 0.963501 0.384033
22 0.496195 0.468823 0.942419 0.384033
23 0.496195 0.469406 0.945542 0.379371
69 0.499709 0.468823 0.958816 0.381702
10 0.499709 0.468823 0.958816 0.381702
60 0.499709 0.468823 0.958816 0.381702
39 0.499709 0.468823 0.958816 0.381702
22 0.496585 0.471154 0.944762 0.375874
23 0.495024 0.47028 0.949446 0.381119
69 0.494633 0.470571 0.948666 0.374709
10 0.498147 0.467949 0.960378 0.381119
39 0.494633 0.470571 0.948666 0.374709
60 0.499318 0.47028 0.96272 0.378788
22 0.493462 0.469041 0.936954 0.388258
23 0.49112 0.47028 0.940077 0.385781
10 0.493462 0.469041 0.936954 0.388258
69 0.49112 0.47028 0.941638 0.379953
60 0.49112 0.47028 0.941638 0.379953
39 0.493462 0.469041 0.936954 0.388258
22 0.495805 0.469988 0.946323 0.384033
69 0.495024 0.473193 0.947885 0.384615
10 0.496195 0.47028 0.948666 0.377622
23 0.495805 0.469988 0.946323 0.384033
60 0.493462 0.471154 0.947885 0.380536
39 0.495805 0.469988 0.946323 0.384033
22 0.495805 0.469697 0.941638 0.384615
69 0.495024 0.471445 0.947885 0.38345
23 0.495805 0.471154 0.954131 0.384033
39 0.495805 0.469697 0.941638 0.384615
10 0.495024 0.471445 0.947885 0.38345
62 0.495024 0.471445 0.947885 0.38345
60 0.495024 0.471445 0.947885 0.38345
22 0.490729 0.470862 0.940858 0.384615
69 0.49112 0.47028 0.957254 0.382284
23 0.49112 0.471445 0.957254 0.379953
10 0.49112 0.47028 0.957254 0.382284
39 0.490729 0.470862 0.940858 0.384615
60 0.49112 0.471445 0.957254 0.379953
62 0.489558 0.473193 0.9432 0.384615
66 0.489558 0.473193 0.9432 0.384615
22 0.493072 0.470571 0.943981 0.382867
69 0.497366 0.472319 0.944762 0.37704
23 0.495414 0.46824 0.961158 0.379371
10 0.494243 0.468823 0.957254 0.379371
39 0.495414 0.46824 0.961158 0.379371
60 0.495414 0.46824 0.961158 0.379371
62 0.497366 0.472319 0.944762 0.37704
66 0.497366 0.472319 0.944762 0.37704
2 0.493072 0.474359 0.947104 0.376457
22 0.494243 0.470862 0.946323 0.377622
23 0.49112 0.472611 0.946323 0.375291
69 0.492681 0.473193 0.951008 0.378788
39 0.495805 0.469697 0.963501 0.378788
10 0.495805 0.469697 0.963501 0.378788
22 0.497366 0.473776 0.951008 0.381119
23 0.495024 0.470571 0.95257 0.388695
69 0.493462 0.471445 0.95257 0.384615
10 0.493462 0.471445 0.95257 0.384615
39 0.493462 0.471445 0.95257 0.384615
22 0.493853 0.471445 0.939296 0.381119
23 0.491901 0.471445 0.940077 0.385781
69 0.492681 0.472028 0.941638 0.381119
10 0.493462 0.470862 0.955693 0.382284
39 0.493462 0.470862 0.955693 0.382284
22 0.494243 0.469697 0.944762 0.378788
23 0.492291 0.473776 0.945542 0.375291
69 0.491901 0.472611 0.946323 0.376457
39 0.493462 0.470862 0.946323 0.375291
22 0.497366 0.471154 0.957254 0.379371
23 0.494243 0.475233 0.951008 0.372378
69 0.493462 0.472611 0.95257 0.382284
39 0.493462 0.472611 0.95257 0.382284
22 0.491901 0.471154 0.951008 0.38986
23 0.49151 0.472319 0.947104 0.38986
69 0.490339 0.472902 0.9432 0.391026
10 0.494243 0.470571 0.963501 0.384033
39 0.491901 0.471154 0.951008 0.38986
22 0.496585 0.473776 0.954131 0.385781
23 0.492681 0.472684 0.947885 0.391463
39 0.491901 0.473849 0.946323 0.394959
69 0.491901 0.473849 0.946323 0.394959
10 0.492681 0.472684 0.947885 0.391463
60 0.495414 0.471154 0.965843 0.388695
22 0.498928 0.46824 0.951008 0.385198
23 0.495414 0.468823 0.95335 0.384033
69 0.495024 0.469697 0.951008 0.384615
10 0.495414 0.468823 0.95335 0.384033
39 0.498928 0.46824 0.951008 0.385198
60 0.498928 0.467439 0.966624 0.380973
22 0.495024 0.47028 0.957254 0.381119
23 0.49112 0.471154 0.954131 0.384033
69 0.49112 0.472319 0.949446 0.384033
39 0.49112 0.472319 0.949446 0.384033
10 0.494633 0.469406 0.968966 0.385198
60 0.494633 0.469406 0.968966 0.385198
22 0.497366 0.469406 0.949446 0.387529
23 0.493462 0.47028 0.946323 0.386946
69 0.493462 0.471737 0.946323 0.384033
39 0.497366 0.469406 0.949446 0.387529
10 0.491901 0.470862 0.9432 0.386946
22 0.50127 0.469114 0.95257 0.38345
23 0.497366 0.469041 0.954131 0.384761
69 0.497366 0.470571 0.95257 0.384033
39 0.50127 0.469114 0.95257 0.38345
10 0.50088 0.47028 0.95335 0.378788
22 0.497757 0.468604 0.948666 0.386801
23 0.497757 0.468604 0.948666 0.386801
69 0.494243 0.471955 0.951008 0.389423
39 0.497757 0.468604 0.948666 0.386801
60 0.494243 0.471737 0.954131 0.382867
10 0.495024 0.469114 0.95257 0.385781
67 0.494243 0.471737 0.954131 0.382867
22 0.496195 0.472611 0.950227 0.38345
23 0.495805 0.474942 0.957254 0.378788
69 0.495805 0.476107 0.955693 0.381119
10 0.496976 0.47028 0.967405 0.379953
39 0.496195 0.472611 0.950227 0.38345
22 0.495414 0.471154 0.951789 0.384033
23 0.494243 0.470571 0.963501 0.386364
69 0.493072 0.474068 0.950227 0.387529
39 0.493072 0.474068 0.950227 0.387529
22 0.498147 0.468531 0.957254 0.38345
23 0.498147 0.468531 0.955693 0.388112
69 0.496585 0.469988 0.955693 0.384033
39 0.496585 0.469988 0.955693 0.384033
10 0.497366 0.47028 0.957254 0.381119
22 0.496976 0.468823 0.950227 0.385198
23 0.495024 0.471445 0.957254 0.385781
69 0.498147 0.470935 0.957254 0.390297
39 0.498147 0.470935 0.957254 0.390297
22 0.497757 0.46824 0.950227 0.379371
23 0.497366 0.468531 0.955693 0.381119
69 0.496976 0.469988 0.954912 0.380536
39 0.496976 0.469988 0.954912 0.380536
22 0.498147 0.467439 0.95257 0.380973
23 0.498147 0.467876 0.95257 0.385927
69 0.495024 0.468022 0.95257 0.38447
39 0.495024 0.468022 0.95257 0.38447
10 0.495024 0.467949 0.955693 0.384615
22 0.496195 0.468022 0.95335 0.38447
23 0.496195 0.468022 0.95335 0.38447
69 0.495414 0.46824 0.954912 0.385198
39 0.496195 0.468022 0.95335 0.38447
10 0.495414 0.46824 0.954912 0.385198
22 0.493462 0.467949 0.958816 0.390443
23 0.494243 0.467075 0.957254 0.38986
69 0.494243 0.468823 0.955693 0.392191
10 0.494243 0.468823 0.955693 0.392191
39 0.493462 0.467949 0.958816 0.390443
22 0.496976 0.469187 0.950227 0.387966
23 0.496976 0.469187 0.950227 0.387966
69 0.495024 0.469697 0.95257 0.384615
39 0.495024 0.469697 0.95257 0.384615
10 0.495024 0.469697 0.95257 0.384615
22 0.498537 0.469697 0.956473 0.38345
23 0.494633 0.472319 0.959597 0.386364
69 0.496585 0.469114 0.95257 0.390443
39 0.498537 0.469697 0.956473 0.38345
10 0.496585 0.469114 0.95257 0.390443
22 0.498928 0.470571 0.954131 0.378205
23 0.495024 0.471445 0.957254 0.38345
39 0.498928 0.470571 0.954131 0.378205
69 0.495414 0.470862 0.954912 0.382284
10 0.498928 0.470571 0.954131 0.378205
22 0.497366 0.470571 0.957254 0.385198
23 0.494243 0.473776 0.960378 0.379953
69 0.496976 0.469697 0.95335 0.382284
10 0.496976 0.469697 0.95335 0.382284
39 0.497366 0.470571 0.957254 0.385198
22 0.497366 0.469697 0.955693 0.379953
23 0.493853 0.470862 0.958035 0.381119
69 0.496585 0.468459 0.949446 0.383596
39 0.497366 0.469697 0.955693 0.379953
22 0.498928 0.469114 0.954131 0.386946
23 0.498928 0.469114 0.954131 0.386946
69 0.496585 0.469114 0.95257 0.386946
39 0.496585 0.469114 0.95257 0.386946
10 0.496585 0.469114 0.95257 0.386946
22 0.495805 0.467657 0.957254 0.386364
23 0.493853 0.469041 0.961158 0.383596
69 0.497366 0.468823 0.955693 0.386364
39 0.495805 0.467657 0.957254 0.386364
10 0.497366 0.468823 0.955693 0.386364
22 0.496976 0.47028 0.961158 0.38345
23 0.496976 0.468459 0.961158 0.387092
69 0.497366 0.469406 0.957254 0.386364
22 0.496195 0.470862 0.950227 0.386946
23 0.497366 0.471737 0.955693 0.382867
69 0.497366 0.472028 0.954131 0.384615
39 0.496585 0.46977 0.968185 0.385635
10 0.497366 0.471737 0.955693 0.382867
22 0.498928 0.470571 0.95257 0.382867
23 0.498928 0.470571 0.95257 0.382867
69 0.496585 0.472319 0.95257 0.380536
39 0.498928 0.470571 0.95257 0.382867
22 0.497757 0.470862 0.950227 0.379953
23 0.494243 0.474359 0.957254 0.375291
69 0.496976 0.473485 0.95335 0.378205
39 0.497757 0.470862 0.950227 0.379953
10 0.496976 0.473485 0.95335 0.378205
22 0.495805 0.472611 0.949446 0.382284
23 0.495805 0.473776 0.954131 0.381119
69 0.495024 0.474359 0.95257 0.382284
10 0.496976 0.470862 0.964281 0.382284
39 0.496976 0.470862 0.964281 0.382284
22 0.495414 0.471445 0.948666 0.379953
23 0.495414 0.471445 0.948666 0.379953
69 0.495805 0.472611 0.951008 0.379953
10 0.496585 0.469697 0.965062 0.379953
39 0.496585 0.469697 0.965062 0.379953
22 0.494243 0.470862 0.946323 0.38345
23 0.495414 0.471445 0.954912 0.378788
69 0.494633 0.469114 0.96272 0.382284
10 0.495024 0.468531 0.965062 0.384615
39 0.495024 0.468531 0.965062 0.384615
60 0.495024 0.468531 0.965062 0.384615
22 0.495805 0.467949 0.947885 0.385781
23 0.495805 0.46824 0.954131 0.382867
69 0.495805 0.469406 0.951008 0.385198
10 0.496976 0.466783 0.964281 0.385781
39 0.496976 0.466783 0.964281 0.385781
22 0.496585 0.469697 0.946323 0.384615
23 0.493853 0.472319 0.954912 0.380536
69 0.495805 0.470862 0.951008 0.38345
39 0.498537 0.467949 0.964281 0.382284
10 0.498537 0.467949 0.964281 0.382284
22 0.495024 0.469697 0.949446 0.384615
23 0.495414 0.470862 0.954912 0.378788
39 0.496585 0.467439 0.965062 0.383304
69 0.495805 0.467949 0.963501 0.38345
10 0.496585 0.467439 0.965062 0.383304
60 0.496585 0.467439 0.965062 0.383304
22 0.495024 0.47028 0.949446 0.385781
23 0.497366 0.470862 0.954131 0.381119
69 0.497366 0.472611 0.95257 0.38345
39 0.496585 0.46824 0.966624 0.384033
10 0.496585 0.46824 0.966624 0.384033
60 0.496585 0.46824 0.966624 0.384033
22 0.495805 0.471154 0.951008 0.384033
23 0.494243 0.472902 0.957254 0.375874
69 0.495024 0.472902 0.954131 0.381702
39 0.496195 0.467949 0.967405 0.38345
10 0.496195 0.467949 0.967405 0.38345
22 0.497366 0.470571 0.95257 0.386364
23 0.496585 0.472611 0.958816 0.381119
69 0.495024 0.469114 0.966624 0.385781
10 0.496585 0.469041 0.968185 0.387092
39 0.496585 0.469041 0.968185 0.387092
22 0.494633 0.469988 0.95335 0.384033
23 0.494243 0.468022 0.966624 0.382139
69 0.494243 0.468022 0.966624 0.382139
39 0.495024 0.468531 0.968185 0.384615
10 0.495024 0.468531 0.968185 0.384615
22 0.493853 0.46977 0.951789 0.389132
23 0.495024 0.470862 0.958816 0.384615
69 0.495024 0.470862 0.955693 0.389277
39 0.494243 0.46824 0.966624 0.387529
10 0.495024 0.470862 0.955693 0.389277
60 0.494243 0.46824 0.966624 0.387529
22 0.495414 0.470862 0.948666 0.38345
23 0.492681 0.474068 0.955693 0.37704
69 0.495805 0.469114 0.963501 0.38345
39 0.495805 0.469114 0.963501 0.38345
10 0.495805 0.469114 0.963501 0.38345
60 0.495805 0.469114 0.963501 0.38345
22 0.494633 0.47028 0.950227 0.38345
23 0.492291 0.473193 0.958035 0.377622
69 0.494243 0.468531 0.966624 0.382284
39 0.494243 0.468531 0.966624 0.382284
10 0.495414 0.471737 0.951789 0.384033
22 0.495024 0.470862 0.949446 0.384615
23 0.492681 0.473776 0.957254 0.378788
69 0.495414 0.469697 0.964281 0.38345
39 0.495414 0.469697 0.964281 0.38345
10 0.495414 0.469697 0.964281 0.38345
22 0.495805 0.470571 0.951008 0.386364
23 0.495805 0.46977 0.965062 0.386801
69 0.495805 0.46977 0.965062 0.386801
39 0.495805 0.46977 0.965062 0.386801
10 0.495805 0.46977 0.965062 0.386801
22 0.495414 0.471445 0.948666 0.38345
23 0.495805 0.472028 0.957254 0.378788
69 0.495805 0.47028 0.963501 0.384615
39 0.496585 0.470862 0.968185 0.385781
10 0.495805 0.47028 0.963501 0.384615
22 0.495805 0.470862 0.949446 0.38345
23 0.492291 0.47465 0.956474 0.378205
69 0.496585 0.469697 0.965062 0.38345
39 0.496585 0.469697 0.965062 0.38345
10 0.496585 0.469697 0.965062 0.38345
22 0.495024 0.470862 0.949446 0.385781
23 0.492681 0.474942 0.957254 0.381119
69 0.495805 0.469988 0.965062 0.385198
39 0.495805 0.469988 0.965062 0.385198
10 0.495805 0.469988 0.965062 0.385198
22 0.495024 0.470862 0.949446 0.384615
23 0.492681 0.47465 0.957254 0.380536
69 0.495805 0.472611 0.95257 0.385781
39 0.494633 0.474359 0.956474 0.38345
10 0.496585 0.47028 0.968185 0.385781
22 0.495805 0.470862 0.951008 0.384615
23 0.492681 0.474359 0.958816 0.377622
69 0.496195 0.472028 0.95335 0.385781
39 0.496585 0.469988 0.969747 0.385198
10 0.495414 0.469988 0.967405 0.384033
22 0.495414 0.470862 0.950227 0.38345
23 0.495805 0.469988 0.966624 0.382867
69 0.495805 0.469988 0.966624 0.382867
39 0.495805 0.469988 0.966624 0.382867
10 0.496585 0.469697 0.968185 0.384615
22 0.495024 0.471154 0.949446 0.384033
23 0.494633 0.469988 0.965843 0.384033
69 0.494633 0.469988 0.965843 0.384033
39 0.495805 0.469988 0.968185 0.385198
10 0.495805 0.469988 0.968185 0.385198
22 0.495024 0.471154 0.95257 0.384033
23 0.495024 0.469697 0.965062 0.382284
69 0.495024 0.469697 0.965062 0.382284
39 0.496195 0.469988 0.968966 0.384033
10 0.496195 0.469988 0.968966 0.384033
22 0.495024 0.471154 0.951008 0.381702
23 0.491901 0.474359 0.958816 0.376457
69 0.495805 0.469697 0.966624 0.381119
39 0.495805 0.469697 0.966624 0.381119
10 0.495805 0.469697 0.966624 0.381119
22 0.495024 0.471445 0.949446 0.38345
23 0.495414 0.469697 0.964281 0.382284
69 0.495414 0.469697 0.964281 0.382284
39 0.496585 0.469988 0.968185 0.384033
10 0.496585 0.469988 0.968185 0.384033
22 0.494633 0.472028 0.948666 0.384615
23 0.496585 0.473193 0.95257 0.379953
39 0.496585 0.47028 0.966624 0.385781
69 0.495414 0.47028 0.964281 0.38345
10 0.496585 0.47028 0.966624 0.385781
22 0.495805 0.471445 0.949446 0.38345
23 0.495805 0.473193 0.954131 0.377622
39 0.496976 0.47028 0.967405 0.384615
69 0.495805 0.469697 0.965062 0.382284
10 0.496976 0.47028 0.967405 0.384615
22 0.495024 0.471154 0.949446 0.384033
23 0.495805 0.472319 0.954131 0.379371
69 0.495024 0.472902 0.95257 0.384033
39 0.496585 0.469988 0.968185 0.385198
10 0.495805 0.469697 0.965062 0.38345
22 0.495414 0.471445 0.948666 0.38345
23 0.495805 0.473193 0.954131 0.379953
69 0.495414 0.473485 0.951789 0.384033
39 0.496195 0.47028 0.964281 0.38345
10 0.496195 0.47028 0.964281 0.38345
22 0.495805 0.471154 0.947885 0.384033
23 0.495805 0.472319 0.954131 0.379371
69 0.495024 0.472902 0.95257 0.384033
39 0.496585 0.469697 0.965062 0.38345
10 0.496585 0.469697 0.965062 0.38345
22 0.496195 0.471154 0.950227 0.384033
23 0.495414 0.472319 0.954912 0.379371
69 0.496195 0.47028 0.965843 0.38345
39 0.496976 0.469697 0.967405 0.384615
10 0.496195 0.47028 0.965843 0.38345
22 0.495805 0.47028 0.951008 0.38345
23 0.496195 0.469697 0.965843 0.38345
69 0.495805 0.472611 0.95257 0.38345
39 0.496195 0.469697 0.965843 0.38345
10 0.496195 0.469697 0.965843 0.38345
22 0.496585 0.470862 0.949446 0.38345
23 0.493462 0.474359 0.957254 0.378788
69 0.495805 0.472902 0.95257 0.384033
39 0.496585 0.469988 0.965062 0.382867
10 0.496585 0.469988 0.965062 0.382867
22 0.496585 0.470862 0.949446 0.382284
23 0.493462 0.474359 0.955693 0.377622
69 0.495414 0.473193 0.951789 0.38345
39 0.496976 0.469697 0.965843 0.382284
10 0.496976 0.469697 0.965843 0.382284
22 0.495805 0.470862 0.949446 0.38345
23 0.493462 0.474359 0.955693 0.378788
69 0.495024 0.472902 0.95257 0.384033
39 0.496585 0.469697 0.965062 0.38345
10 0.496585 0.469697 0.965062 0.38345
22 0.495805 0.470862 0.949446 0.38345
23 0.493462 0.474359 0.955693 0.378788
69 0.495414 0.472902 0.951789 0.384033
39 0.496585 0.469697 0.965062 0.38345
10 0.496585 0.469697 0.965062 0.38345
22 0.496585 0.470862 0.949446 0.384615
23 0.493462 0.474359 0.955693 0.379953
69 0.495414 0.472611 0.951789 0.384615
39 0.496585 0.469697 0.965062 0.38345
10 0.496585 0.469697 0.965062 0.38345
22 0.496585 0.470862 0.949446 0.38345
23 0.493462 0.47465 0.955693 0.379371
69 0.495414 0.472902 0.951789 0.384033
39 0.496585 0.469697 0.965062 0.38345
10 0.496585 0.469697 0.965062 0.38345
22 0.496585 0.470862 0.949446 0.38345
23 0.493462 0.47465 0.955693 0.379371
69 0.495414 0.472902 0.951789 0.384033
39 0.496585 0.469988 0.965062 0.382867
10 0.496585 0.469988 0.965062 0.382867
22 0.496585 0.470862 0.949446 0.38345
23 0.493462 0.47465 0.955693 0.379371
69 0.495414 0.472902 0.951789 0.384033
39 0.496585 0.47028 0.965062 0.38345
10 0.496585 0.47028 0.965062 0.38345
22 0.496195 0.470862 0.948666 0.38345
23 0.493462 0.47465 0.955693 0.379371
69 0.495805 0.472902 0.951008 0.384033
39 0.496585 0.469697 0.965062 0.38345
10 0.496585 0.469697 0.965062 0.38345
22 0.496585 0.470862 0.949446 0.38345
23 0.493462 0.474359 0.955693 0.379953
69 0.495414 0.472902 0.951789 0.384033
39 0.496585 0.469697 0.965062 0.38345
10 0.496585 0.469697 0.965062 0.38345
