22 0.428915 0.55006 0.790763 0.538969
2 0.428915 0.55006 0.790763 0.538969
72 0.428915 0.55006 0.790763 0.538969
62 0.462058 0.559952 0.85393 0.515588
22 0.309209 0.553058 0.562268 0.573741
3 0.383684 0.547362 0.70186 0.556355
64 0.416437 0.547062 0.761129 0.536571
22 0.578255 0.574341 0.75411 0.489209
4 0.374715 0.544365 0.690163 0.546763
41 0.383684 0.547362 0.70186 0.556355
2 0.307259 0.545039 0.566167 0.55021
60 0.383684 0.547362 0.70186 0.556355
3 0.525226 0.565947 0.843012 0.51199
52 0.428915 0.55006 0.790763 0.538969
62 0.633624 0.582584 0.65585 0.443945
35 0.428915 0.55006 0.790763 0.538969
72 0.578255 0.574341 0.75411 0.489209
3 0.579035 0.616906 0.718237 0.420863
35 0.578255 0.574341 0.75411 0.489209
2 0.7042 0.602968 0.55213 0.376799
41 0.525226 0.565947 0.843012 0.51199
2 0.578255 0.574341 0.75411 0.489209
31 0.428915 0.55006 0.790763 0.538969
22 0.7042 0.602968 0.55213 0.376799
52 0.307259 0.545039 0.566167 0.55021
62 0.7042 0.602968 0.55213 0.376799
72 0.307259 0.545039 0.566167 0.55021
60 0.525226 0.565947 0.843012 0.51199
4 0.493642 0.563549 0.862508 0.515588
23 0.493642 0.563549 0.862508 0.515588
3 0.641032 0.630546 0.617637 0.348022
57 0.416437 0.547062 0.761129 0.536571
22 0.244481 0.52488 0.421896 0.519784
62 0.307259 0.545039 0.566167 0.55021
3 0.431644 0.641487 0.644932 0.491607
36 0.523276 0.598921 0.814158 0.472422
69 0.428915 0.55006 0.790763 0.538969
56 0.462058 0.559952 0.85393 0.515588
57 0.633624 0.582584 0.65585 0.443945
22 0.758009 0.621103 0.430474 0.318945
33 0.462058 0.559952 0.85393 0.515588
39 0.578255 0.574341 0.75411 0.489209
35 0.307259 0.545039 0.566167 0.55021
5 0.383684 0.547362 0.70186 0.556355
41 0.260468 0.541966 0.456989 0.534772
35 0.7042 0.602968 0.55213 0.376799
3 0.260468 0.541966 0.456989 0.534772
4 0.140275 0.433978 0.132769 0.328687
21 0.578255 0.574341 0.75411 0.489209
62 0.758009 0.621103 0.430474 0.318945
37 0.428915 0.55006 0.790763 0.538969
52 0.633624 0.582584 0.65585 0.443945
57 0.7042 0.602968 0.55213 0.376799
23 0.633624 0.582584 0.65585 0.443945
72 0.7042 0.602968 0.55213 0.376799
58 0.428915 0.55006 0.790763 0.538969
31 0.307259 0.545039 0.566167 0.55021
36 0.428915 0.55006 0.790763 0.538969
64 0.578255 0.574341 0.75411 0.489209
35 0.736953 0.546463 0.466347 0.483813
49 0.374715 0.544365 0.690163 0.546763
3 0.709659 0.636691 0.506899 0.298561
36 0.633624 0.582584 0.65585 0.443945
3 0.533414 0.693645 0.662868 0.419664
60 0.633624 0.582584 0.65585 0.443945
64 0.7042 0.602968 0.55213 0.376799
10 0.416437 0.547062 0.761129 0.536571
40 0.416437 0.547062 0.761129 0.536571
60 0.260468 0.541966 0.456989 0.534772
33 0.598531 0.547362 0.687043 0.544365
4 0.633624 0.582584 0.65585 0.443945
37 0.309209 0.553058 0.562268 0.573741
4 0.732274 0.619754 0.466347 0.328837
60 0.709659 0.636691 0.506899 0.298561
35 0.758009 0.621103 0.430474 0.318945
22 0.431644 0.641487 0.644932 0.491607
4 0.736953 0.546463 0.466347 0.483813
39 0.428915 0.55006 0.790763 0.538969
45 0.641032 0.630546 0.617637 0.348022
22 0.736953 0.546463 0.466347 0.483813
52 0.7042 0.602968 0.55213 0.376799
58 0.309209 0.553058 0.562268 0.573741
64 0.277625 0.53747 0.499881 0.558153
8 0.633624 0.582584 0.65585 0.443945
45 0.709659 0.636691 0.506899 0.298561
2 0.486623 0.52488 0.928015 0.520983
3 0.486623 0.52488 0.928015 0.520983
52 0.486623 0.52488 0.928015 0.520983
4 0.487403 0.520983 0.926456 0.526379
22 0.486623 0.52488 0.928015 0.520983
10 0.487403 0.520983 0.926456 0.526379
60 0.486623 0.52488 0.928015 0.520983
62 0.50222 0.523082 0.917098 0.523381
58 0.486623 0.52488 0.928015 0.520983
36 0.50339 0.526454 0.925676 0.517836
69 0.486623 0.52488 0.928015 0.520983
35 0.487403 0.520983 0.926456 0.526379
57 0.487403 0.520983 0.926456 0.526379
33 0.50339 0.526454 0.925676 0.517836
8 0.50339 0.526454 0.925676 0.517836
44 0.487403 0.520983 0.926456 0.526379
23 0.50339 0.526454 0.925676 0.517836
4 0.13891 0.417341 0.212313 0.304406
2 0.356779 0.538969 0.637133 0.534772
3 0.356779 0.538969 0.637133 0.534772
21 0.50339 0.526454 0.925676 0.517836
58 0.356779 0.538969 0.637133 0.534772
39 0.50339 0.526454 0.925676 0.517836
56 0.487403 0.520983 0.926456 0.526379
5 0.50339 0.526454 0.925676 0.517836
60 0.356779 0.538969 0.637133 0.534772
65 0.446461 0.523456 0.828975 0.526229
22 0.356779 0.538969 0.637133 0.534772
72 0.487403 0.520983 0.926456 0.526379
66 0.487403 0.520983 0.926456 0.526379
7 0.50222 0.523082 0.917098 0.523381
32 0.487403 0.520983 0.926456 0.526379
31 0.486623 0.52488 0.928015 0.520983
4 0.130795 0.403552 0.160307 0.279227
64 0.50339 0.526454 0.925676 0.517836
4 0.104889 0.429856 0.2012 0.323741
10 0.356779 0.538969 0.637133 0.534772
20 0.487403 0.520983 0.926456 0.526379
62 0.369257 0.530276 0.671446 0.52458
45 0.513138 0.528103 0.898381 0.520534
36 0.356779 0.538969 0.637133 0.534772
4 0.356779 0.538969 0.637133 0.534772
34 0.50222 0.523082 0.917098 0.523381
69 0.356779 0.538969 0.637133 0.534772
52 0.356779 0.538969 0.637133 0.534772
2 0.660529 0.542566 0.584884 0.519185
7 0.369257 0.530276 0.671446 0.52458
23 0.356779 0.538969 0.637133 0.534772
2 0.257934 0.56235 0.457379 0.549161
59 0.50222 0.523082 0.917098 0.523381
58 0.257934 0.56235 0.457379 0.549161
41 0.446461 0.523456 0.828975 0.526229
62 0.659749 0.527878 0.586443 0.51259
4 0.159673 0.374101 0.163767 0.224221
65 0.331824 0.523681 0.573966 0.513789
30 0.513138 0.528103 0.898381 0.520534
8 0.356779 0.538969 0.637133 0.534772
49 0.446461 0.523456 0.828975 0.526229
44 0.356779 0.538969 0.637133 0.534772
4 0.180144 0.430755 0.230444 0.347122
40 0.50222 0.523082 0.917098 0.523381
57 0.356779 0.538969 0.637133 0.534772
57 0.659749 0.527878 0.586443 0.51259
4 0.659749 0.527878 0.586443 0.51259
29 0.40318 0.523456 0.70498 0.531025
3 0.257934 0.56235 0.457379 0.549161
39 0.589953 0.542566 0.658969 0.490408
20 0.356779 0.538969 0.637133 0.534772
60 0.257934 0.56235 0.457379 0.549161
3 0.589953 0.542566 0.658969 0.490408
22 0.263977 0.51229 0.474146 0.479017
58 0.495201 0.521508 0.946732 0.530126
52 0.503 0.528702 0.948291 0.515737
2 0.503 0.528702 0.948291 0.515737
4 0.503 0.528702 0.948291 0.515737
23 0.503 0.528702 0.948291 0.515737
3 0.503 0.528702 0.948291 0.515737
10 0.495201 0.521508 0.946732 0.530126
8 0.503 0.528702 0.948291 0.515737
62 0.50456 0.517986 0.940493 0.551559
60 0.495201 0.521508 0.946732 0.530126
21 0.503 0.528702 0.948291 0.515737
5 0.503 0.528702 0.948291 0.515737
36 0.503 0.528702 0.948291 0.515737
44 0.503 0.528702 0.948291 0.515737
57 0.503 0.528702 0.948291 0.515737
34 0.503 0.528702 0.948291 0.515737
33 0.503 0.528702 0.948291 0.515737
67 0.495201 0.521508 0.946732 0.530126
29 0.495591 0.522482 0.942832 0.544964
65 0.495591 0.522482 0.942832 0.544964
69 0.503 0.528702 0.948291 0.515737
22 0.503 0.528702 0.948291 0.515737
66 0.50456 0.517986 0.940493 0.551559
20 0.495591 0.522482 0.942832 0.544964
59 0.503 0.528702 0.948291 0.515737
56 0.495201 0.521508 0.946732 0.530126
35 0.503 0.528702 0.948291 0.515737
32 0.495201 0.521508 0.946732 0.530126
61 0.495201 0.521508 0.946732 0.530126
39 0.506899 0.536571 0.931135 0.510791
58 0.333384 0.539568 0.586443 0.523981
0 0.495591 0.522482 0.942832 0.544964
30 0.503 0.528702 0.948291 0.515737
7 0.50456 0.517986 0.940493 0.551559
45 0.506899 0.536571 0.931135 0.510791
6 0.495591 0.522482 0.942832 0.544964
10 0.333384 0.539568 0.586443 0.523981
31 0.503 0.528702 0.948291 0.515737
28 0.50456 0.517986 0.940493 0.551559
23 0.333384 0.539568 0.586443 0.523981
65 0.337673 0.529676 0.598921 0.534173
66 0.528052 0.480216 0.72818 0.641487
1 0.495591 0.522482 0.942832 0.544964
60 0.333384 0.539568 0.586443 0.523981
72 0.50456 0.517986 0.940493 0.551559
20 0.337673 0.529676 0.598921 0.534173
4 0.337673 0.529676 0.598921 0.534173
64 0.503 0.528702 0.948291 0.515737
67 0.40318 0.532374 0.686264 0.531175
62 0.337673 0.529676 0.598921 0.534173
3 0.333384 0.539568 0.586443 0.523981
58 0.596191 0.601918 0.626215 0.383693
52 0.333384 0.539568 0.586443 0.523981
2 0.333384 0.539568 0.586443 0.523981
41 0.449191 0.526079 0.817277 0.542566
44 0.337673 0.529676 0.598921 0.534173
61 0.40318 0.532374 0.686264 0.531175
5 0.333384 0.539568 0.586443 0.523981
36 0.333384 0.539568 0.586443 0.523981
29 0.337673 0.529676 0.598921 0.534173
40 0.50456 0.517986 0.940493 0.551559
58 0.672226 0.590977 0.549011 0.436751
57 0.333384 0.539568 0.586443 0.523981
8 0.333384 0.539568 0.586443 0.523981
56 0.337673 0.529676 0.598921 0.534173
54 0.396844 0.520983 0.672421 0.545564
65 0.528052 0.480216 0.72818 0.641487
30 0.528052 0.480216 0.72818 0.641487
59 0.333384 0.539568 0.586443 0.523981
69 0.333384 0.539568 0.586443 0.523981
52 0.50417 0.519784 0.959989 0.533573
4 0.50417 0.519784 0.959989 0.533573
58 0.499491 0.515063 0.95687 0.544215
20 0.50066 0.516787 0.957649 0.552758
23 0.50417 0.519784 0.959989 0.533573
2 0.50417 0.519784 0.959989 0.533573
7 0.50495 0.523981 0.958429 0.538369
10 0.50066 0.516787 0.957649 0.552758
0 0.50066 0.516787 0.957649 0.552758
36 0.50417 0.519784 0.959989 0.533573
5 0.50495 0.523981 0.958429 0.538369
66 0.50495 0.523981 0.958429 0.538369
34 0.50495 0.523981 0.958429 0.538369
62 0.50066 0.516787 0.957649 0.552758
61 0.499491 0.515063 0.95687 0.544215
67 0.499491 0.515063 0.95687 0.544215
65 0.50066 0.516787 0.957649 0.552758
3 0.50417 0.519784 0.959989 0.533573
60 0.499491 0.515063 0.95687 0.544215
8 0.50417 0.519784 0.959989 0.533573
57 0.50417 0.519784 0.959989 0.533573
56 0.50066 0.516787 0.957649 0.552758
28 0.50495 0.523981 0.958429 0.538369
44 0.50066 0.516787 0.957649 0.552758
1 0.50066 0.516787 0.957649 0.552758
32 0.50066 0.516787 0.957649 0.552758
29 0.50066 0.516787 0.957649 0.552758
69 0.499491 0.515063 0.95687 0.544215
59 0.499491 0.515063 0.95687 0.544215
21 0.50417 0.519784 0.959989 0.533573
30 0.50417 0.519784 0.959989 0.533573
6 0.50066 0.516787 0.957649 0.552758
22 0.50495 0.523981 0.958429 0.538369
33 0.50417 0.519784 0.959989 0.533573
31 0.50417 0.519784 0.959989 0.533573
35 0.50495 0.523981 0.958429 0.538369
39 0.50417 0.519784 0.959989 0.533573
45 0.50417 0.519784 0.959989 0.533573
68 0.458549 0.521658 0.851591 0.541817
54 0.421116 0.521508 0.747091 0.540917
20 0.369257 0.525779 0.667547 0.540767
10 0.369257 0.525779 0.667547 0.540767
58 0.35093 0.536871 0.623876 0.531775
4 0.369257 0.525779 0.667547 0.540767
68 0.35093 0.536871 0.623876 0.531775
65 0.369257 0.525779 0.667547 0.540767
1 0.369257 0.525779 0.667547 0.540767
28 0.369257 0.525779 0.667547 0.540767
0 0.338063 0.517986 0.577865 0.517986
62 0.369257 0.525779 0.667547 0.540767
23 0.35093 0.536871 0.623876 0.531775
44 0.369257 0.525779 0.667547 0.540767
36 0.35093 0.536871 0.623876 0.531775
60 0.369257 0.525779 0.667547 0.540767
58 0.596971 0.597722 0.618417 0.398082
57 0.35093 0.536871 0.623876 0.531775
56 0.369257 0.525779 0.667547 0.540767
7 0.369257 0.525779 0.667547 0.540767
52 0.369257 0.525779 0.667547 0.540767
61 0.35093 0.536871 0.623876 0.531775
5 0.369257 0.525779 0.667547 0.540767
6 0.369257 0.525779 0.667547 0.540767
41 0.464788 0.51866 0.867188 0.551409
67 0.35093 0.536871 0.623876 0.531775
66 0.369257 0.525779 0.667547 0.540767
72 0.50495 0.523981 0.958429 0.538369
59 0.35093 0.536871 0.623876 0.531775
4 0.50144 0.510791 0.968567 0.553957
52 0.503 0.517686 0.963888 0.538969
2 0.50144 0.510791 0.968567 0.553957
3 0.50144 0.510791 0.968567 0.553957
28 0.50378 0.528177 0.963888 0.538369
0 0.50378 0.528177 0.963888 0.538369
58 0.503 0.517686 0.963888 0.538969
10 0.503 0.517686 0.963888 0.538969
23 0.503 0.517686 0.963888 0.538969
69 0.503 0.517686 0.963888 0.538969
61 0.503 0.517686 0.963888 0.538969
67 0.503 0.517686 0.963888 0.538969
66 0.50105 0.526978 0.966228 0.540767
5 0.50144 0.510791 0.968567 0.553957
44 0.50378 0.528177 0.963888 0.538369
60 0.503 0.517686 0.963888 0.538969
22 0.50144 0.510791 0.968567 0.553957
56 0.503 0.517686 0.963888 0.538969
32 0.50144 0.510791 0.968567 0.553957
33 0.50144 0.510791 0.968567 0.553957
8 0.503 0.517686 0.963888 0.538969
7 0.50105 0.526978 0.966228 0.540767
1 0.50378 0.528177 0.963888 0.538369
20 0.50378 0.528177 0.963888 0.538369
62 0.50144 0.510791 0.968567 0.553957
57 0.50144 0.510791 0.968567 0.553957
30 0.50144 0.510791 0.968567 0.553957
21 0.50144 0.510791 0.968567 0.553957
36 0.50144 0.510791 0.968567 0.553957
34 0.50105 0.526978 0.966228 0.540767
39 0.50144 0.510791 0.968567 0.553957
35 0.50144 0.510791 0.968567 0.553957
6 0.50105 0.526978 0.966228 0.540767
65 0.50378 0.528177 0.963888 0.538369
29 0.50378 0.528177 0.963888 0.538369
45 0.50144 0.510791 0.968567 0.553957
59 0.503 0.517686 0.963888 0.538969
54 0.483894 0.52548 0.891363 0.536571
31 0.50144 0.510791 0.968567 0.553957
68 0.467907 0.526904 0.864068 0.530126
58 0.340012 0.539568 0.6036 0.522782
68 0.340012 0.539568 0.6036 0.522782
28 0.336503 0.534472 0.597361 0.528177
10 0.340012 0.539568 0.6036 0.522782
0 0.336503 0.534472 0.597361 0.528177
4 0.408639 0.530875 0.715898 0.532974
54 0.30375 0.531175 0.492082 0.515588
52 0.340012 0.539568 0.6036 0.522782
69 0.340012 0.539568 0.6036 0.522782
23 0.340012 0.539568 0.6036 0.522782
60 0.340012 0.539568 0.6036 0.522782
3 0.340012 0.539568 0.6036 0.522782
61 0.340012 0.539568 0.6036 0.522782
56 0.336503 0.534472 0.597361 0.528177
57 0.340012 0.539568 0.6036 0.522782
1 0.336503 0.534472 0.597361 0.528177
44 0.336503 0.534472 0.597361 0.528177
22 0.340012 0.539568 0.6036 0.522782
66 0.336503 0.534472 0.597361 0.528177
67 0.340012 0.539568 0.6036 0.522782
62 0.336503 0.534472 0.597361 0.528177
41 0.471416 0.529976 0.872646 0.534772
5 0.340012 0.539568 0.6036 0.522782
7 0.336503 0.534472 0.597361 0.528177
4 0.50144 0.519484 0.962329 0.536571
2 0.50222 0.520309 0.967008 0.53732
52 0.50144 0.519484 0.962329 0.536571
23 0.50144 0.519484 0.962329 0.536571
28 0.50222 0.520309 0.967008 0.53732
1 0.50222 0.520309 0.967008 0.53732
8 0.50144 0.519484 0.962329 0.536571
10 0.50222 0.520309 0.967008 0.53732
58 0.50144 0.519484 0.962329 0.536571
3 0.50144 0.519484 0.962329 0.536571
7 0.50222 0.520309 0.967008 0.53732
61 0.50144 0.519484 0.962329 0.536571
56 0.50222 0.520309 0.967008 0.53732
67 0.50144 0.519484 0.962329 0.536571
44 0.50222 0.520309 0.967008 0.53732
0 0.50222 0.520309 0.967008 0.53732
20 0.50222 0.520309 0.967008 0.53732
59 0.50144 0.519484 0.962329 0.536571
21 0.50144 0.519484 0.962329 0.536571
36 0.50144 0.519484 0.962329 0.536571
30 0.499491 0.521283 0.966228 0.531775
32 0.50222 0.520309 0.967008 0.53732
29 0.50222 0.520309 0.967008 0.53732
5 0.50144 0.519484 0.962329 0.536571
34 0.50222 0.520309 0.967008 0.53732
6 0.50222 0.520309 0.967008 0.53732
45 0.50144 0.519484 0.962329 0.536571
69 0.50222 0.520309 0.967008 0.53732
62 0.50222 0.520309 0.967008 0.53732
31 0.499491 0.521283 0.966228 0.531775
66 0.50222 0.520309 0.967008 0.53732
22 0.50144 0.519484 0.962329 0.536571
60 0.50222 0.520309 0.967008 0.53732
57 0.50222 0.520309 0.967008 0.53732
39 0.499491 0.521283 0.966228 0.531775
33 0.50222 0.520309 0.967008 0.53732
54 0.45387 0.527278 0.845352 0.542566
35 0.50222 0.520309 0.967008 0.53732
68 0.478045 0.524281 0.90618 0.53777
65 0.50222 0.520309 0.967008 0.53732
58 0.341962 0.536571 0.619977 0.52518
10 0.341962 0.536571 0.619977 0.52518
4 0.341962 0.536571 0.619977 0.52518
68 0.341962 0.536571 0.619977 0.52518
52 0.341962 0.536571 0.619977 0.52518
23 0.341962 0.536571 0.619977 0.52518
3 0.341962 0.536571 0.619977 0.52518
28 0.35054 0.531775 0.629335 0.539568
61 0.341962 0.536571 0.619977 0.52518
22 0.341962 0.536571 0.619977 0.52518
1 0.341962 0.536571 0.619977 0.52518
5 0.341962 0.536571 0.619977 0.52518
59 0.341962 0.536571 0.619977 0.52518
56 0.341962 0.536571 0.619977 0.52518
57 0.341962 0.536571 0.619977 0.52518
60 0.341962 0.536571 0.619977 0.52518
69 0.341962 0.536571 0.619977 0.52518
0 0.35054 0.531775 0.629335 0.539568
8 0.341962 0.536571 0.619977 0.52518
2 0.341962 0.536571 0.619977 0.52518
36 0.341962 0.536571 0.619977 0.52518
67 0.341962 0.536571 0.619977 0.52518
34 0.341962 0.536571 0.619977 0.52518
31 0.598921 0.54976 0.697181 0.497602
7 0.341962 0.536571 0.619977 0.52518
62 0.341962 0.536571 0.619977 0.52518
20 0.341962 0.536571 0.619977 0.52518
58 0.598921 0.54976 0.697181 0.497602
4 0.882979 0.980216 0.230444 0.0395684
44 0.341962 0.536571 0.619977 0.52518
32 0.341962 0.536571 0.619977 0.52518
29 0.341962 0.536571 0.619977 0.52518
2 0.50378 0.513864 0.974806 0.547812
4 0.50261 0.522182 0.977146 0.531175
52 0.50378 0.513864 0.974806 0.547812
3 0.50261 0.522182 0.977146 0.531175
7 0.50183 0.520084 0.977146 0.535372
0 0.50183 0.520084 0.977146 0.535372
1 0.50183 0.520084 0.977146 0.535372
5 0.50261 0.522182 0.977146 0.531175
34 0.50261 0.522182 0.977146 0.531175
28 0.50261 0.522182 0.977146 0.531175
58 0.50378 0.513864 0.974806 0.547812
23 0.50378 0.513864 0.974806 0.547812
60 0.50183 0.520084 0.977146 0.535372
69 0.50183 0.520084 0.977146 0.535372
22 0.50261 0.522182 0.977146 0.531175
44 0.50183 0.520084 0.977146 0.535372
56 0.50183 0.520084 0.977146 0.535372
8 0.50261 0.522182 0.977146 0.531175
45 0.50378 0.513864 0.974806 0.547812
67 0.50378 0.513864 0.974806 0.547812
61 0.50144 0.515887 0.971687 0.546163
32 0.50261 0.522182 0.977146 0.531175
10 0.50183 0.520084 0.977146 0.535372
30 0.50378 0.513864 0.974806 0.547812
31 0.50378 0.513864 0.974806 0.547812
66 0.50183 0.520084 0.977146 0.535372
39 0.50378 0.513864 0.974806 0.547812
6 0.50183 0.520084 0.977146 0.535372
29 0.50183 0.520084 0.977146 0.535372
21 0.50378 0.513864 0.974806 0.547812
57 0.50261 0.522182 0.977146 0.531175
20 0.50183 0.520084 0.977146 0.535372
36 0.50378 0.513864 0.974806 0.547812
62 0.50378 0.513864 0.974806 0.547812
65 0.50183 0.520084 0.977146 0.535372
35 0.50378 0.513864 0.974806 0.547812
68 0.50183 0.520084 0.977146 0.535372
54 0.478825 0.521583 0.913978 0.538369
33 0.50183 0.520084 0.977146 0.535372
59 0.50378 0.513864 0.974806 0.547812
58 0.368087 0.527878 0.675346 0.535372
4 0.368087 0.527878 0.675346 0.535372
2 0.647954 0.524281 0.634989 0.543765
5 0.368087 0.527878 0.675346 0.535372
68 0.368087 0.527878 0.675346 0.535372
28 0.368087 0.527878 0.675346 0.535372
2 0.368087 0.527878 0.675346 0.535372
54 0.346641 0.526978 0.612178 0.520384
0 0.368087 0.527878 0.675346 0.535372
10 0.368087 0.527878 0.675346 0.535372
7 0.368087 0.527878 0.675346 0.535372
1 0.368087 0.527878 0.675346 0.535372
57 0.368087 0.527878 0.675346 0.535372
60 0.368087 0.527878 0.675346 0.535372
52 0.368087 0.527878 0.675346 0.535372
4 0.647954 0.524281 0.634989 0.543765
22 0.368087 0.527878 0.675346 0.535372
23 0.347811 0.539568 0.626995 0.520384
61 0.368087 0.527878 0.675346 0.535372
56 0.368087 0.527878 0.675346 0.535372
2 0.506899 0.519859 0.95453 0.538219
52 0.50222 0.521658 0.95297 0.533423
3 0.506899 0.51866 0.95453 0.535821
58 0.506899 0.519859 0.95453 0.538219
4 0.506899 0.51866 0.95453 0.535821
8 0.506899 0.51866 0.95453 0.535821
61 0.506899 0.51866 0.95453 0.535821
6 0.506899 0.519859 0.95453 0.538219
60 0.506899 0.51866 0.95453 0.535821
7 0.506899 0.519859 0.95453 0.538219
69 0.506899 0.519859 0.95453 0.538219
56 0.506899 0.519859 0.95453 0.538219
10 0.506899 0.519859 0.95453 0.538219
0 0.506899 0.519859 0.95453 0.538219
67 0.506899 0.51866 0.95453 0.535821
28 0.506899 0.519859 0.95453 0.538219
1 0.506899 0.519859 0.95453 0.538219
23 0.506899 0.51866 0.95453 0.535821
62 0.506899 0.519859 0.95453 0.538219
5 0.506899 0.51866 0.95453 0.535821
22 0.50222 0.521658 0.95297 0.533423
31 0.50222 0.521658 0.95297 0.533423
29 0.506899 0.51866 0.95453 0.535821
54 0.506899 0.519859 0.95453 0.538219
57 0.506899 0.519859 0.95453 0.538219
36 0.50222 0.521658 0.95297 0.533423
44 0.506899 0.519859 0.95453 0.538219
66 0.506899 0.519859 0.95453 0.538219
34 0.506899 0.519859 0.95453 0.538219
20 0.506899 0.519859 0.95453 0.538219
32 0.50222 0.521658 0.95297 0.533423
68 0.506899 0.519859 0.95453 0.538219
30 0.50222 0.521658 0.95297 0.533423
45 0.506899 0.51866 0.95453 0.535821
21 0.50222 0.521658 0.95297 0.533423
39 0.50222 0.521658 0.95297 0.533423
59 0.506899 0.51866 0.95453 0.535821
35 0.506899 0.519859 0.95453 0.538219
33 0.506899 0.519859 0.95453 0.538219
65 0.506899 0.519859 0.95453 0.538219
4 0.499881 0.520683 0.968567 0.541367
2 0.50144 0.524655 0.970127 0.538219
52 0.499881 0.520683 0.968567 0.541367
3 0.499881 0.520683 0.968567 0.541367
22 0.499881 0.520683 0.968567 0.541367
69 0.499491 0.52488 0.967787 0.53777
58 0.499881 0.520683 0.968567 0.541367
23 0.499881 0.520683 0.968567 0.541367
5 0.499881 0.520683 0.968567 0.541367
1 0.50144 0.524655 0.970127 0.538219
31 0.499881 0.520683 0.968567 0.541367
60 0.499881 0.520683 0.968567 0.541367
56 0.50144 0.524655 0.970127 0.538219
32 0.499881 0.520683 0.968567 0.541367
0 0.50144 0.522257 0.971687 0.53702
8 0.50144 0.522257 0.971687 0.53702
7 0.499491 0.52488 0.967787 0.53777
10 0.499881 0.520683 0.968567 0.541367
67 0.499881 0.520683 0.968567 0.541367
57 0.499491 0.52488 0.967787 0.53777
34 0.499881 0.520683 0.968567 0.541367
39 0.499881 0.520683 0.968567 0.541367
62 0.499881 0.520683 0.968567 0.541367
59 0.50144 0.522257 0.971687 0.53702
6 0.50144 0.524655 0.970127 0.538219
61 0.499881 0.520683 0.968567 0.541367
28 0.499491 0.52488 0.967787 0.53777
66 0.499491 0.52488 0.967787 0.53777
36 0.499881 0.520683 0.968567 0.541367
30 0.499881 0.520683 0.968567 0.541367
68 0.50144 0.524655 0.970127 0.538219
29 0.50144 0.522257 0.971687 0.53702
54 0.50144 0.524655 0.970127 0.538219
44 0.499881 0.520683 0.968567 0.541367
35 0.499881 0.520683 0.968567 0.541367
45 0.499881 0.520683 0.968567 0.541367
21 0.499881 0.520683 0.968567 0.541367
20 0.499881 0.520683 0.968567 0.541367
65 0.499881 0.520683 0.968567 0.541367
33 0.499491 0.52488 0.967787 0.53777
68 0.360678 0.554257 0.658189 0.493405
58 0.360678 0.554257 0.658189 0.493405
4 0.360678 0.554257 0.658189 0.493405
2 0.50339 0.519859 0.95531 0.527428
52 0.50339 0.519859 0.95531 0.527428
69 0.50339 0.519859 0.95531 0.527428
56 0.510798 0.521882 0.95297 0.525779
4 0.50339 0.519859 0.95531 0.527428
60 0.508069 0.520908 0.952191 0.531325
0 0.508069 0.520908 0.952191 0.531325
3 0.50339 0.519859 0.95531 0.527428
58 0.50339 0.519859 0.95531 0.527428
32 0.50339 0.519859 0.95531 0.527428
57 0.50339 0.519859 0.95531 0.527428
22 0.503 0.517686 0.95297 0.53777
23 0.50339 0.519859 0.95531 0.527428
10 0.50339 0.519859 0.95531 0.527428
1 0.510798 0.521882 0.95297 0.525779
5 0.50339 0.519859 0.95531 0.527428
67 0.508069 0.520908 0.952191 0.531325
62 0.503 0.517686 0.95297 0.53777
68 0.510798 0.521882 0.95297 0.525779
66 0.50339 0.519859 0.95531 0.527428
61 0.50339 0.519859 0.95531 0.527428
6 0.50339 0.519859 0.95531 0.527428
28 0.50339 0.519859 0.95531 0.527428
7 0.50339 0.519859 0.95531 0.527428
31 0.50339 0.519859 0.95531 0.527428
44 0.50339 0.519859 0.95531 0.527428
34 0.50339 0.519859 0.95531 0.527428
39 0.503 0.517686 0.95297 0.53777
35 0.50339 0.519859 0.95531 0.527428
54 0.510798 0.521882 0.95297 0.525779
20 0.50339 0.519859 0.95531 0.527428
59 0.508069 0.520908 0.952191 0.531325
8 0.50339 0.519859 0.95531 0.527428
36 0.50339 0.519859 0.95531 0.527428
45 0.503 0.517686 0.95297 0.53777
30 0.503 0.517686 0.95297 0.53777
21 0.503 0.517686 0.95297 0.53777
29 0.508069 0.520908 0.952191 0.531325
33 0.50339 0.519859 0.95531 0.527428
65 0.503 0.517686 0.95297 0.53777
68 0.355999 0.53777 0.629335 0.509592
58 0.355999 0.53777 0.629335 0.509592
2 0.503 0.518285 0.959209 0.529377
52 0.503 0.518285 0.959209 0.529377
3 0.503 0.518285 0.959209 0.529377
4 0.503 0.518285 0.959209 0.529377
22 0.503 0.518285 0.959209 0.529377
58 0.503 0.518285 0.959209 0.529377
60 0.503 0.518285 0.959209 0.529377
57 0.503 0.518285 0.959209 0.529377
69 0.503 0.518285 0.959209 0.529377
5 0.503 0.518285 0.959209 0.529377
1 0.503 0.518285 0.959209 0.529377
10 0.503 0.518285 0.959209 0.529377
28 0.503 0.518285 0.959209 0.529377
68 0.503 0.518285 0.959209 0.529377
32 0.503 0.518285 0.959209 0.529377
7 0.503 0.518285 0.959209 0.529377
23 0.503 0.520459 0.959209 0.531025
56 0.509239 0.519185 0.959209 0.527578
31 0.503 0.518285 0.959209 0.529377
0 0.503 0.518285 0.959209 0.529377
67 0.503 0.518285 0.959209 0.529377
34 0.503 0.518285 0.959209 0.529377
39 0.503 0.520459 0.959209 0.531025
62 0.503 0.520459 0.959209 0.531025
8 0.503 0.518285 0.959209 0.529377
61 0.507679 0.520459 0.959209 0.529826
59 0.503 0.520459 0.959209 0.531025
36 0.503 0.518285 0.959209 0.529377
45 0.503 0.520459 0.959209 0.531025
6 0.503 0.518285 0.959209 0.529377
66 0.503 0.518285 0.959209 0.529377
21 0.503 0.520459 0.959209 0.531025
35 0.503 0.518285 0.959209 0.529377
20 0.503 0.518285 0.959209 0.529377
44 0.503 0.518285 0.959209 0.529377
30 0.503 0.520459 0.959209 0.531025
54 0.503 0.518285 0.959209 0.529377
29 0.507679 0.520459 0.959209 0.529826
33 0.503 0.518285 0.959209 0.529377
65 0.503 0.518285 0.959209 0.529377
58 0.356779 0.548561 0.643372 0.491607
52 0.50378 0.520384 0.95765 0.528777
10 0.50378 0.520384 0.95765 0.528777
2 0.50378 0.520384 0.95765 0.528777
58 0.50378 0.520384 0.95765 0.528777
61 0.50339 0.516112 0.958429 0.548112
69 0.50378 0.520384 0.95765 0.528777
3 0.50378 0.520384 0.95765 0.528777
28 0.50339 0.516112 0.958429 0.548112
62 0.50339 0.516112 0.958429 0.548112
23 0.50339 0.516112 0.958429 0.548112
22 0.50378 0.520384 0.95765 0.528777
0 0.50339 0.516112 0.958429 0.548112
56 0.50378 0.520384 0.95765 0.528777
4 0.50378 0.520384 0.95765 0.528777
5 0.50378 0.520384 0.95765 0.528777
57 0.50378 0.520384 0.95765 0.528777
60 0.50378 0.520384 0.95765 0.528777
67 0.50378 0.520384 0.95765 0.528777
39 0.50339 0.516112 0.958429 0.548112
34 0.50339 0.516112 0.958429 0.548112
36 0.50339 0.516112 0.958429 0.548112
68 0.50378 0.520384 0.95765 0.528777
1 0.50378 0.520384 0.95765 0.528777
32 0.50378 0.520384 0.95765 0.528777
44 0.50339 0.516112 0.958429 0.548112
31 0.50378 0.520384 0.95765 0.528777
8 0.507289 0.517686 0.95687 0.542566
21 0.50339 0.516112 0.958429 0.548112
7 0.50378 0.520384 0.95765 0.528777
6 0.50378 0.520384 0.95765 0.528777
33 0.50339 0.516112 0.958429 0.548112
59 0.50378 0.520384 0.95765 0.528777
35 0.50339 0.516112 0.958429 0.548112
45 0.50339 0.516112 0.958429 0.548112
65 0.50339 0.516112 0.958429 0.548112
20 0.50378 0.520384 0.95765 0.528777
54 0.510019 0.521508 0.95609 0.528927
29 0.50144 0.521058 0.949851 0.551409
66 0.50378 0.520384 0.95765 0.528777
30 0.50339 0.516112 0.958429 0.548112
52 0.498321 0.521882 0.971687 0.525779
10 0.498321 0.521583 0.970127 0.529976
2 0.498321 0.521058 0.974806 0.528627
62 0.498321 0.521583 0.970127 0.529976
69 0.498321 0.521882 0.971687 0.525779
61 0.498321 0.521583 0.970127 0.529976
28 0.498321 0.521583 0.970127 0.529976
22 0.498321 0.521583 0.970127 0.529976
23 0.498321 0.521583 0.970127 0.529976
0 0.498321 0.521058 0.974806 0.528627
60 0.498321 0.521058 0.974806 0.528627
58 0.498321 0.521882 0.971687 0.525779
34 0.498321 0.521583 0.970127 0.529976
5 0.498321 0.521882 0.971687 0.525779
3 0.498321 0.521882 0.971687 0.525779
68 0.498321 0.521882 0.971687 0.525779
4 0.498321 0.521058 0.974806 0.528627
67 0.498321 0.521058 0.974806 0.528627
56 0.498321 0.521058 0.974806 0.528627
36 0.498321 0.521583 0.970127 0.529976
57 0.498321 0.521882 0.971687 0.525779
32 0.498321 0.521882 0.971687 0.525779
31 0.498321 0.521882 0.971687 0.525779
1 0.498321 0.521882 0.971687 0.525779
6 0.498321 0.521882 0.971687 0.525779
39 0.498321 0.521583 0.970127 0.529976
8 0.498321 0.521058 0.974806 0.528627
7 0.498321 0.521583 0.970127 0.529976
44 0.498321 0.521583 0.970127 0.529976
21 0.498321 0.521583 0.970127 0.529976
35 0.498321 0.521583 0.970127 0.529976
33 0.498321 0.521583 0.970127 0.529976
59 0.498321 0.521058 0.974806 0.528627
65 0.498321 0.521583 0.970127 0.529976
54 0.499491 0.521058 0.978705 0.527428
20 0.498321 0.521882 0.971687 0.525779
66 0.498321 0.521882 0.971687 0.525779
30 0.498321 0.521882 0.971687 0.525779
2 0.357754 0.528777 0.672616 0.510791
52 0.357754 0.528777 0.672616 0.510791
29 0.498321 0.521058 0.974806 0.528627
58 0.357754 0.528777 0.672616 0.510791
45 0.498321 0.521058 0.974806 0.528627
10 0.357754 0.528777 0.672616 0.510791
60 0.357754 0.528777 0.672616 0.510791
3 0.357754 0.528777 0.672616 0.510791
69 0.357754 0.528777 0.672616 0.510791
22 0.357754 0.528777 0.672616 0.510791
23 0.357754 0.528777 0.672616 0.510791
56 0.357754 0.528777 0.672616 0.510791
0 0.357754 0.528777 0.672616 0.510791
2 0.50261 0.522857 0.959989 0.528627
52 0.499881 0.521508 0.95609 0.527728
0 0.50066 0.521283 0.95609 0.530576
62 0.50066 0.521283 0.95609 0.530576
28 0.50066 0.521283 0.95609 0.530576
69 0.499881 0.521508 0.95609 0.527728
34 0.50066 0.521283 0.95609 0.530576
56 0.50261 0.522857 0.959989 0.528627
22 0.50066 0.521283 0.95609 0.530576
60 0.499881 0.521508 0.95609 0.527728
23 0.499881 0.521508 0.95609 0.527728
61 0.50066 0.521283 0.95609 0.530576
10 0.50066 0.521283 0.95609 0.530576
4 0.499881 0.524655 0.949851 0.528627
5 0.499881 0.521508 0.95609 0.527728
3 0.50066 0.521283 0.95609 0.530576
67 0.499881 0.521508 0.95609 0.527728
32 0.499881 0.521508 0.95609 0.527728
39 0.50066 0.521283 0.95609 0.530576
1 0.499881 0.521508 0.95609 0.527728
58 0.499881 0.521508 0.95609 0.527728
8 0.50417 0.521882 0.959989 0.528177
68 0.499881 0.521508 0.95609 0.527728
57 0.50261 0.522857 0.959989 0.528627
6 0.499881 0.521508 0.95609 0.527728
31 0.499881 0.521508 0.95609 0.527728
7 0.50066 0.521283 0.95609 0.530576
36 0.50066 0.521283 0.95609 0.530576
44 0.50066 0.521283 0.95609 0.530576
54 0.50066 0.521283 0.95609 0.530576
30 0.50066 0.521283 0.95609 0.530576
21 0.50066 0.521283 0.95609 0.530576
35 0.50066 0.521283 0.95609 0.530576
45 0.50066 0.521283 0.95609 0.530576
59 0.499881 0.524655 0.949851 0.528627
29 0.50261 0.522857 0.959989 0.528627
20 0.499881 0.521508 0.95609 0.527728
65 0.50066 0.521283 0.95609 0.530576
33 0.499881 0.521508 0.95609 0.527728
66 0.499881 0.524655 0.949851 0.528627
2 0.495981 0.522257 0.970127 0.544215
69 0.497931 0.518885 0.969347 0.535372
52 0.497931 0.518885 0.969347 0.535372
10 0.497931 0.518885 0.969347 0.535372
0 0.495981 0.522257 0.970127 0.544215
56 0.497931 0.518885 0.969347 0.535372
60 0.497931 0.518885 0.969347 0.535372
5 0.497931 0.518885 0.969347 0.535372
23 0.497931 0.518885 0.969347 0.535372
61 0.497931 0.518885 0.969347 0.535372
62 0.498321 0.522182 0.967008 0.543165
28 0.497931 0.518885 0.969347 0.535372
8 0.496761 0.519484 0.971687 0.534173
22 0.497931 0.518885 0.969347 0.535372
39 0.497931 0.518885 0.969347 0.535372
3 0.497931 0.518885 0.969347 0.535372
1 0.497931 0.518885 0.969347 0.535372
58 0.497931 0.518885 0.969347 0.535372
57 0.497931 0.518885 0.969347 0.535372
32 0.497931 0.518885 0.969347 0.535372
6 0.497931 0.518885 0.969347 0.535372
34 0.498321 0.522182 0.967008 0.543165
67 0.497931 0.518885 0.969347 0.535372
4 0.497931 0.518885 0.969347 0.535372
36 0.496761 0.519484 0.971687 0.534173
44 0.497931 0.518885 0.969347 0.535372
7 0.497931 0.518885 0.969347 0.535372
31 0.497931 0.518885 0.969347 0.535372
35 0.496761 0.519484 0.971687 0.534173
68 0.497931 0.518885 0.969347 0.535372
2 0.363018 0.530875 0.673006 0.529377
54 0.495981 0.522257 0.970127 0.544215
66 0.497931 0.518885 0.969347 0.535372
20 0.497931 0.518885 0.969347 0.535372
33 0.497931 0.518885 0.969347 0.535372
21 0.497931 0.518885 0.969347 0.535372
45 0.498321 0.522182 0.967008 0.543165
30 0.497931 0.518885 0.969347 0.535372
29 0.495981 0.522257 0.970127 0.544215
65 0.493642 0.526079 0.962329 0.540168
59 0.497931 0.518885 0.969347 0.535372
0 0.363018 0.530875 0.673006 0.529377
56 0.363018 0.530875 0.673006 0.529377
69 0.363018 0.530875 0.673006 0.529377
60 0.363018 0.530875 0.673006 0.529377
2 0.50066 0.52518 0.962329 0.526379
0 0.50066 0.52518 0.962329 0.526379
56 0.50066 0.52518 0.962329 0.526379
60 0.50066 0.52518 0.962329 0.526379
4 0.50144 0.523981 0.960769 0.523981
1 0.50261 0.523456 0.963108 0.52503
6 0.50261 0.523456 0.963108 0.52503
3 0.50144 0.523981 0.963888 0.520384
5 0.50144 0.523981 0.963888 0.520384
7 0.50144 0.523981 0.960769 0.523981
57 0.50066 0.52518 0.962329 0.526379
32 0.50144 0.523981 0.963888 0.520384
39 0.50105 0.52458 0.959989 0.522782
69 0.50066 0.52518 0.962329 0.526379
22 0.50222 0.517986 0.965448 0.528777
28 0.50144 0.523981 0.963888 0.520384
58 0.50144 0.523981 0.963888 0.520384
23 0.50144 0.523981 0.963888 0.520384
10 0.50144 0.523981 0.960769 0.523981
52 0.50066 0.52518 0.962329 0.526379
31 0.50261 0.523456 0.963108 0.52503
62 0.50105 0.52458 0.959989 0.522782
67 0.50144 0.523981 0.963888 0.520384
68 0.50144 0.523981 0.960769 0.523981
8 0.50261 0.523456 0.963108 0.52503
44 0.50261 0.523456 0.963108 0.52503
54 0.50144 0.523981 0.960769 0.523981
34 0.50144 0.523981 0.960769 0.523981
61 0.50066 0.52518 0.962329 0.526379
35 0.50066 0.52458 0.960769 0.529976
66 0.50261 0.523456 0.963108 0.52503
2 0.631772 0.516187 0.667352 0.544365
20 0.50261 0.523456 0.963108 0.52503
36 0.50261 0.523456 0.963108 0.52503
45 0.50222 0.517986 0.965448 0.528777
59 0.50144 0.523981 0.960769 0.523981
21 0.50144 0.523981 0.960769 0.523981
65 0.50144 0.523981 0.960769 0.523981
29 0.50066 0.52458 0.960769 0.529976
30 0.50066 0.52518 0.962329 0.526379
2 0.50378 0.52518 0.95765 0.522782
1 0.506119 0.522182 0.959209 0.521583
56 0.50378 0.52518 0.95765 0.522782
5 0.50378 0.523981 0.959209 0.520384
0 0.50378 0.52518 0.95765 0.522782
60 0.50378 0.523981 0.959209 0.520384
3 0.50378 0.523381 0.970127 0.521583
69 0.50378 0.523981 0.959209 0.520384
10 0.50222 0.525779 0.957649 0.520384
7 0.50222 0.525779 0.957649 0.520384
39 0.50378 0.523381 0.970127 0.521583
4 0.50222 0.525779 0.957649 0.520384
6 0.506119 0.522182 0.959209 0.521583
22 0.50378 0.523381 0.970127 0.521583
52 0.50222 0.525779 0.957649 0.520384
32 0.50339 0.522782 0.974026 0.526379
57 0.50222 0.525779 0.957649 0.520384
58 0.50222 0.525779 0.957649 0.520384
8 0.506119 0.522182 0.959209 0.521583
28 0.50378 0.523981 0.959209 0.520384
62 0.503 0.526454 0.95765 0.520234
23 0.50222 0.525779 0.957649 0.520384
67 0.50378 0.524281 0.95765 0.52458
61 0.50222 0.525779 0.957649 0.520384
34 0.50222 0.525779 0.957649 0.520384
36 0.50378 0.524281 0.95765 0.52458
31 0.50378 0.524281 0.95765 0.52458
35 0.50378 0.524281 0.95765 0.52458
68 0.50222 0.525779 0.957649 0.520384
54 0.50222 0.525779 0.957649 0.520384
66 0.50222 0.525779 0.957649 0.520384
44 0.50222 0.525779 0.957649 0.520384
20 0.50378 0.524281 0.95765 0.52458
21 0.50222 0.525779 0.957649 0.520384
45 0.50378 0.524281 0.95765 0.52458
2 0.330654 0.546463 0.594242 0.488609
2 0.499881 0.520309 0.960769 0.53732
5 0.50222 0.517086 0.960769 0.534173
0 0.499881 0.520309 0.960769 0.53732
56 0.499881 0.520309 0.960769 0.53732
1 0.50222 0.518285 0.957649 0.534173
60 0.50105 0.51926 0.959989 0.53702
69 0.50105 0.51926 0.959989 0.53702
3 0.50105 0.51926 0.959989 0.53702
28 0.50222 0.517086 0.960769 0.534173
39 0.50105 0.51926 0.959989 0.53702
57 0.499881 0.520309 0.960769 0.53732
22 0.50105 0.51926 0.959989 0.53702
10 0.50105 0.51926 0.959989 0.53702
58 0.50222 0.519484 0.951411 0.534173
23 0.50105 0.51926 0.959989 0.53702
8 0.50222 0.518285 0.957649 0.534173
32 0.50222 0.517086 0.960769 0.534173
52 0.50222 0.519484 0.951411 0.534173
4 0.50027 0.519859 0.949071 0.538219
7 0.50222 0.519484 0.951411 0.534173
6 0.497151 0.520983 0.938153 0.533573
62 0.50105 0.51926 0.959989 0.53702
68 0.50222 0.517086 0.960769 0.534173
34 0.50105 0.51926 0.959989 0.53702
54 0.50105 0.51926 0.959989 0.53702
2 0.35288 0.542566 0.65117 0.497602
61 0.50222 0.517086 0.960769 0.534173
67 0.50027 0.519859 0.949071 0.538219
44 0.50105 0.51926 0.959989 0.53702
66 0.50222 0.519484 0.951411 0.534173
20 0.497151 0.520983 0.938153 0.533573
31 0.497151 0.520983 0.938153 0.533573
35 0.50027 0.519859 0.949071 0.538219
36 0.499101 0.515588 0.967008 0.539568
2 0.499881 0.523981 0.963888 0.532374
69 0.499881 0.523981 0.963888 0.532374
60 0.499881 0.523981 0.963888 0.532374
22 0.50066 0.520309 0.970127 0.536121
0 0.499881 0.523981 0.963888 0.532374
56 0.499881 0.523981 0.963888 0.532374
1 0.50105 0.522182 0.966228 0.535971
52 0.50066 0.525255 0.963888 0.531025
10 0.50066 0.525255 0.963888 0.531025
39 0.50066 0.525255 0.963888 0.531025
28 0.50027 0.523082 0.964668 0.534173
5 0.499881 0.523981 0.963888 0.532374
3 0.499881 0.523981 0.963888 0.532374
23 0.50066 0.520309 0.970127 0.536121
62 0.499881 0.523981 0.963888 0.532374
57 0.499881 0.523981 0.963888 0.532374
6 0.50105 0.522182 0.966228 0.535971
58 0.499491 0.526379 0.95687 0.53717
8 0.499881 0.523981 0.963888 0.532374
7 0.499881 0.523981 0.963888 0.532374
68 0.50027 0.523082 0.964668 0.534173
61 0.499881 0.523981 0.963888 0.532374
32 0.50066 0.522482 0.971687 0.540168
4 0.499101 0.52488 0.959209 0.541367
67 0.50027 0.523082 0.964668 0.534173
54 0.499101 0.52488 0.959209 0.541367
34 0.50066 0.520309 0.970127 0.536121
31 0.50105 0.522182 0.966228 0.535971
44 0.499881 0.523981 0.963888 0.532374
66 0.499491 0.526379 0.95687 0.53717
35 0.499101 0.52488 0.959209 0.541367
20 0.50105 0.522182 0.966228 0.535971
36 0.499881 0.523981 0.963888 0.532374
2 0.50144 0.522782 0.959209 0.529976
1 0.50261 0.523081 0.961549 0.528177
56 0.50144 0.522782 0.959209 0.529976
0 0.50144 0.522782 0.959209 0.529976
3 0.497931 0.516187 0.963108 0.538369
5 0.50261 0.523081 0.961549 0.528177
69 0.50144 0.522782 0.959209 0.529976
60 0.50144 0.522782 0.959209 0.529976
57 0.50144 0.522782 0.959209 0.529976
39 0.50144 0.522782 0.959209 0.529976
4 0.499881 0.527053 0.959209 0.526229
7 0.499881 0.527053 0.959209 0.526229
22 0.497931 0.516187 0.963108 0.538369
28 0.50144 0.522782 0.959209 0.529976
10 0.50066 0.525854 0.960769 0.531025
8 0.50144 0.522782 0.959209 0.529976
58 0.499881 0.527053 0.959209 0.526229
62 0.50144 0.522782 0.959209 0.529976
23 0.50144 0.522782 0.959209 0.529976
34 0.497931 0.516187 0.963108 0.538369
52 0.50066 0.525854 0.960769 0.531025
2 0.6036 0.511391 0.712778 0.580336
32 0.499881 0.527053 0.959209 0.526229
6 0.50261 0.523081 0.961549 0.528177
31 0.50066 0.525854 0.960769 0.531025
67 0.50066 0.525854 0.960769 0.531025
2 0.337673 0.545564 0.611398 0.513189
54 0.499881 0.523456 0.959209 0.531025
61 0.50144 0.522782 0.959209 0.529976
35 0.497931 0.516187 0.963108 0.538369
45 0.497931 0.516187 0.963108 0.538369
66 0.499881 0.527053 0.959209 0.526229
1 0.6036 0.511391 0.712778 0.580336
2 0.50222 0.520683 0.957649 0.534173
0 0.50222 0.520683 0.957649 0.534173
3 0.50534 0.510267 0.971687 0.546613
1 0.50534 0.511316 0.973246 0.545713
56 0.50222 0.520683 0.957649 0.534173
60 0.50222 0.520683 0.957649 0.534173
69 0.506119 0.51911 0.962329 0.53732
5 0.506119 0.51911 0.962329 0.53732
39 0.50534 0.510267 0.971687 0.546613
28 0.506899 0.516112 0.963888 0.542116
57 0.50534 0.510267 0.971687 0.546613
22 0.50534 0.510267 0.971687 0.546613
10 0.50456 0.520683 0.959209 0.536571
7 0.506119 0.51911 0.962329 0.53732
32 0.506119 0.51911 0.962329 0.53732
58 0.506119 0.51911 0.962329 0.53732
6 0.50456 0.520683 0.959209 0.536571
4 0.506119 0.51911 0.962329 0.53732
23 0.50534 0.510267 0.971687 0.546613
62 0.50222 0.520683 0.957649 0.534173
67 0.506119 0.51911 0.962329 0.53732
8 0.506119 0.51911 0.962329 0.53732
52 0.506119 0.51911 0.962329 0.53732
61 0.50222 0.520683 0.957649 0.534173
34 0.50534 0.510267 0.971687 0.546613
54 0.506119 0.51911 0.962329 0.53732
68 0.506119 0.51911 0.962329 0.53732
35 0.50456 0.520683 0.959209 0.536571
31 0.506119 0.51911 0.962329 0.53732
44 0.506119 0.51911 0.962329 0.53732
36 0.50456 0.520683 0.959209 0.536571
66 0.50534 0.510267 0.971687 0.546613
45 0.50534 0.510267 0.971687 0.546613
20 0.506119 0.51911 0.962329 0.53732
2 0.507679 0.522857 0.949851 0.526229
1 0.510408 0.524056 0.950631 0.522632
3 0.511188 0.517686 0.95531 0.526978
0 0.507679 0.522857 0.949851 0.526229
5 0.510408 0.524056 0.950631 0.522632
60 0.507679 0.522857 0.949851 0.526229
56 0.507679 0.522857 0.949851 0.526229
39 0.510408 0.524056 0.950631 0.522632
69 0.508849 0.526379 0.95375 0.527578
57 0.511188 0.517686 0.95531 0.526978
28 0.508849 0.526379 0.95375 0.527578
10 0.508849 0.526379 0.95375 0.527578
7 0.508849 0.526379 0.95375 0.527578
22 0.511188 0.517686 0.95531 0.526978
8 0.510408 0.524056 0.950631 0.522632
62 0.507679 0.522857 0.949851 0.526229
23 0.511188 0.517686 0.95531 0.526978
4 0.508849 0.526379 0.95375 0.527578
6 0.508849 0.526379 0.95375 0.527578
34 0.511188 0.517686 0.95531 0.526978
32 0.508849 0.526379 0.95375 0.527578
58 0.508849 0.526379 0.95375 0.527578
52 0.508849 0.526379 0.95375 0.527578
61 0.508849 0.526379 0.95375 0.527578
35 0.508849 0.526379 0.95375 0.527578
45 0.511188 0.517686 0.95531 0.526978
66 0.511188 0.517686 0.95531 0.526978
67 0.508849 0.526379 0.95375 0.527578
44 0.508849 0.526379 0.95375 0.527578
31 0.508849 0.526379 0.95375 0.527578
36 0.511188 0.517686 0.95531 0.526978
2 0.503 0.519709 0.970127 0.540917
1 0.50456 0.52458 0.974806 0.531175
3 0.506509 0.511466 0.974026 0.546613
5 0.50456 0.52458 0.974806 0.531175
0 0.503 0.519709 0.970127 0.540917
56 0.503 0.519709 0.970127 0.540917
57 0.503 0.519709 0.970127 0.540917
60 0.50456 0.52458 0.974806 0.531175
39 0.50456 0.52458 0.974806 0.531175
28 0.503 0.519709 0.970127 0.540917
4 0.506509 0.511466 0.974026 0.546613
69 0.50456 0.52458 0.974806 0.531175
8 0.50456 0.52458 0.974806 0.531175
7 0.50183 0.526379 0.969347 0.538369
6 0.50456 0.52458 0.974806 0.531175
2 0.418777 0.555156 0.743972 0.483213
34 0.506509 0.511466 0.974026 0.546613
10 0.50183 0.526379 0.969347 0.538369
58 0.503 0.519709 0.970127 0.540917
22 0.506509 0.511466 0.974026 0.546613
32 0.506899 0.517686 0.976366 0.538969
35 0.50183 0.526379 0.969347 0.538369
45 0.506509 0.511466 0.974026 0.546613
23 0.506509 0.511466 0.974026 0.546613
62 0.503 0.519709 0.970127 0.540917
2 0.499881 0.52458 0.968567 0.520384
3 0.503 0.51866 0.968567 0.528627
1 0.497931 0.522782 0.972467 0.522782
60 0.496761 0.523456 0.968567 0.522632
56 0.496761 0.523456 0.968567 0.522632
0 0.496761 0.523456 0.968567 0.522632
5 0.497931 0.522782 0.972467 0.522782
57 0.496761 0.523456 0.968567 0.522632
39 0.496761 0.523456 0.968567 0.522632
10 0.496761 0.523456 0.968567 0.522632
69 0.496761 0.523456 0.968567 0.522632
22 0.503 0.51866 0.968567 0.528627
58 0.496761 0.523456 0.968567 0.522632
34 0.503 0.51866 0.968567 0.528627
28 0.496761 0.523456 0.968567 0.522632
23 0.496761 0.523456 0.968567 0.522632
8 0.496761 0.523456 0.968567 0.522632
62 0.496761 0.523456 0.968567 0.522632
7 0.499101 0.526379 0.967008 0.517986
2 0.406689 0.56295 0.710439 0.459233
6 0.497931 0.522782 0.972467 0.522782
61 0.496761 0.523456 0.968567 0.522632
2 0.285813 0.52458 0.506119 0.507194
2 0.588003 0.584532 0.692502 0.429257
2 0.644834 0.514988 0.631869 0.541966
4 0.495201 0.52518 0.967008 0.523981
35 0.497931 0.522782 0.972467 0.522782
2 0.498321 0.524505 0.967008 0.536121
60 0.496371 0.525704 0.963108 0.532524
0 0.496371 0.525704 0.963108 0.532524
56 0.496371 0.525704 0.963108 0.532524
1 0.497151 0.52488 0.964668 0.525779
3 0.498321 0.51851 0.965448 0.546912
69 0.496371 0.525704 0.963108 0.532524
39 0.496371 0.525704 0.963108 0.532524
57 0.496371 0.525704 0.963108 0.532524
5 0.498321 0.51851 0.965448 0.546912
10 0.496371 0.525704 0.963108 0.532524
58 0.496371 0.525704 0.963108 0.532524
62 0.496371 0.525704 0.963108 0.532524
23 0.496371 0.525704 0.963108 0.532524
7 0.498321 0.523981 0.967008 0.526379
28 0.496371 0.525704 0.963108 0.532524
2 0.673786 0.510192 0.570846 0.563549
22 0.496371 0.525704 0.963108 0.532524
8 0.496371 0.525704 0.963108 0.532524
61 0.496371 0.525704 0.963108 0.532524
6 0.496371 0.525704 0.963108 0.532524
34 0.498321 0.51851 0.965448 0.546912
35 0.495981 0.523981 0.960769 0.528777
2 0.699911 0.570144 0.492082 0.470024
32 0.496371 0.525704 0.963108 0.532524
4 0.495981 0.523981 0.960769 0.528777
2 0.392262 0.574341 0.665987 0.454436
67 0.496371 0.525704 0.963108 0.532524
2 0.613056 0.626499 0.567532 0.364508
33 0.493252 0.527578 0.950631 0.527578
2 0.50222 0.523456 0.970127 0.516637
3 0.50222 0.523456 0.970127 0.516637
1 0.503 0.520683 0.973246 0.522182
60 0.50144 0.524655 0.963888 0.514239
0 0.50144 0.524655 0.963888 0.514239
56 0.50144 0.524655 0.963888 0.514239
69 0.50144 0.524655 0.963888 0.514239
57 0.50144 0.524655 0.963888 0.514239
5 0.503 0.520683 0.973246 0.522182
58 0.50144 0.524655 0.963888 0.514239
23 0.50144 0.524655 0.963888 0.514239
22 0.50261 0.520908 0.967788 0.521733
10 0.50144 0.524655 0.963888 0.514239
2 0.285423 0.527578 0.508459 0.520384
39 0.50144 0.524655 0.963888 0.514239
7 0.50066 0.520683 0.970127 0.526978
28 0.50144 0.524655 0.963888 0.514239
34 0.503 0.518285 0.977925 0.52458
6 0.497541 0.523081 0.95297 0.522182
2 0.602138 0.508993 0.687628 0.567146
2 0.50378 0.521283 0.951411 0.546163
1 0.50378 0.520384 0.949851 0.535971
60 0.50378 0.522857 0.948291 0.539419
56 0.50378 0.522857 0.948291 0.539419
69 0.50534 0.523381 0.949851 0.545564
5 0.50534 0.523381 0.949851 0.545564
0 0.50378 0.522857 0.948291 0.539419
3 0.50378 0.522857 0.948291 0.539419
57 0.50378 0.522857 0.948291 0.539419
10 0.50534 0.523381 0.949851 0.545564
39 0.50378 0.522857 0.948291 0.539419
23 0.50378 0.522857 0.948291 0.539419
28 0.50378 0.522857 0.948291 0.539419
58 0.50534 0.523381 0.949851 0.545564
22 0.50495 0.522182 0.939713 0.535971
2 0.337283 0.524281 0.605939 0.526978
7 0.50222 0.523681 0.957649 0.547362
62 0.50378 0.522857 0.948291 0.539419
8 0.50534 0.523381 0.949851 0.545564
6 0.50534 0.523381 0.949851 0.545564
32 0.50534 0.523381 0.949851 0.545564
34 0.50066 0.514389 0.965448 0.553957
35 0.50534 0.523381 0.949851 0.545564
61 0.50534 0.523381 0.949851 0.545564
33 0.50222 0.523681 0.957649 0.547362
67 0.50534 0.523381 0.949851 0.545564
52 0.50534 0.523381 0.949851 0.545564
4 0.50534 0.523381 0.949851 0.545564
2 0.499101 0.514463 0.967008 0.546613
1 0.499101 0.509892 0.970127 0.555755
0 0.499101 0.514463 0.967008 0.546613
3 0.499101 0.501874 0.967008 0.569394
60 0.497541 0.51866 0.965448 0.534622
5 0.499101 0.509892 0.970127 0.555755
57 0.499101 0.501874 0.967008 0.569394
39 0.497541 0.521583 0.967008 0.532374
56 0.497541 0.51866 0.965448 0.534622
69 0.499101 0.524655 0.967008 0.534622
7 0.499101 0.524655 0.967008 0.534622
8 0.499101 0.524655 0.967008 0.534622
10 0.497541 0.51866 0.965448 0.534622
35 0.499101 0.524655 0.967008 0.534622
6 0.499101 0.524655 0.967008 0.534622
28 0.497541 0.51866 0.965448 0.534622
58 0.497541 0.51866 0.965448 0.534622
34 0.499101 0.501874 0.967008 0.569394
4 0.499101 0.524655 0.967008 0.534622
23 0.497541 0.51866 0.965448 0.534622
2 0.499101 0.523306 0.968567 0.53732
60 0.495981 0.523306 0.968567 0.534922
0 0.495981 0.523306 0.968567 0.534922
3 0.50066 0.517986 0.967008 0.543166
1 0.50066 0.520983 0.970127 0.539568
39 0.495981 0.523306 0.968567 0.534922
69 0.495591 0.52488 0.967788 0.532974
57 0.50066 0.517986 0.967008 0.543166
56 0.495981 0.523306 0.968567 0.534922
5 0.497931 0.52518 0.970907 0.529976
22 0.495981 0.523306 0.968567 0.534922
23 0.495981 0.523306 0.968567 0.534922
7 0.497931 0.52518 0.970907 0.529976
10 0.495981 0.523306 0.968567 0.534922
28 0.495981 0.523306 0.968567 0.534922
6 0.497931 0.52518 0.970907 0.529976
58 0.495981 0.523306 0.968567 0.534922
35 0.495591 0.52488 0.967788 0.532974
2 0.680025 0.52488 0.564608 0.526978
34 0.50066 0.517986 0.967008 0.543166
8 0.495981 0.523306 0.968567 0.534922
62 0.495981 0.523306 0.968567 0.534922
32 0.497931 0.52518 0.970907 0.529976
4 0.497931 0.52518 0.970907 0.529976
33 0.497931 0.52518 0.970907 0.529976
2 0.497541 0.526379 0.971687 0.532374
1 0.497541 0.526379 0.971687 0.532374
3 0.495981 0.517686 0.968567 0.546163
0 0.496761 0.525779 0.967008 0.534772
57 0.496761 0.525779 0.970127 0.532374
5 0.497541 0.526379 0.971687 0.532374
60 0.496761 0.525779 0.967008 0.534772
2 0.338648 0.533573 0.621926 0.527578
69 0.496761 0.525779 0.967008 0.534772
56 0.496761 0.525779 0.967008 0.534772
7 0.497541 0.526379 0.971687 0.532374
6 0.497541 0.526379 0.971687 0.532374
2 0.589173 0.598171 0.713558 0.405576
39 0.497541 0.526379 0.971687 0.532374
2 0.50105 0.528177 0.969347 0.526379
0 0.499881 0.530051 0.965448 0.52503
1 0.50105 0.525255 0.969347 0.535821
60 0.499881 0.530051 0.965448 0.52503
3 0.498711 0.528777 0.969347 0.534772
57 0.499881 0.530051 0.965448 0.52503
56 0.499881 0.530051 0.965448 0.52503
69 0.498321 0.527503 0.968567 0.538519
5 0.498711 0.528777 0.969347 0.534772
39 0.499881 0.530051 0.965448 0.52503
10 0.499881 0.530051 0.965448 0.52503
2 0.32461 0.528177 0.580594 0.521583
6 0.498321 0.527503 0.968567 0.538519
2 0.697571 0.514988 0.520157 0.541966
62 0.499881 0.530051 0.965448 0.52503
2 0.495201 0.514688 0.968567 0.553357
60 0.497541 0.522257 0.967008 0.545414
39 0.497541 0.522257 0.967008 0.545414
1 0.495201 0.514688 0.968567 0.553357
0 0.497541 0.522257 0.967008 0.545414
69 0.497541 0.522257 0.967008 0.545414
57 0.496761 0.508918 0.965448 0.566097
7 0.495981 0.521882 0.967008 0.543765
3 0.495201 0.514688 0.968567 0.553357
5 0.495981 0.521882 0.967008 0.543765
6 0.495981 0.521882 0.967008 0.543765
56 0.497541 0.522257 0.967008 0.545414
2 0.568897 0.479017 0.780625 0.658273
22 0.497541 0.522257 0.967008 0.545414
62 0.497541 0.522257 0.967008 0.545414
28 0.497541 0.522257 0.967008 0.545414
8 0.497541 0.522257 0.967008 0.545414
35 0.497541 0.522257 0.967008 0.545414
23 0.497541 0.522257 0.967008 0.545414
2 0.499881 0.518285 0.977925 0.548561
1 0.499101 0.521658 0.976366 0.538219
0 0.495981 0.521583 0.971687 0.544365
60 0.495981 0.521583 0.971687 0.544365
3 0.499101 0.521658 0.976366 0.538219
57 0.499101 0.521658 0.976366 0.538219
5 0.499101 0.521658 0.976366 0.538219
69 0.499101 0.521658 0.976366 0.538219
7 0.499101 0.521658 0.976366 0.538219
2 0.317787 0.527053 0.587223 0.533423
23 0.499881 0.518285 0.977925 0.548561
56 0.495981 0.521583 0.971687 0.544365
6 0.499101 0.521658 0.976366 0.538219
2 0.563828 0.466727 0.80324 0.682854
39 0.495981 0.521583 0.971687 0.544365
58 0.499101 0.521658 0.976366 0.538219
8 0.495981 0.521583 0.971687 0.544365
22 0.499881 0.518285 0.977925 0.548561
2 0.499881 0.513864 0.968567 0.553807
60 0.50105 0.517986 0.961549 0.549161
1 0.50066 0.51199 0.970127 0.557554
0 0.50105 0.517986 0.961549 0.549161
69 0.50066 0.522182 0.963888 0.545564
3 0.50066 0.522182 0.963888 0.545564
6 0.50066 0.522182 0.963888 0.545564
56 0.50105 0.517986 0.961549 0.549161
57 0.499881 0.521583 0.968567 0.546763
39 0.50105 0.517986 0.961549 0.549161
10 0.50066 0.522182 0.963888 0.545564
5 0.499881 0.521583 0.968567 0.546763
35 0.50066 0.522182 0.963888 0.545564
7 0.50066 0.522182 0.963888 0.545564
23 0.50105 0.517986 0.961549 0.549161
8 0.50066 0.522182 0.963888 0.545564
22 0.50105 0.517986 0.961549 0.549161
62 0.50105 0.517986 0.961549 0.549161
2 0.329484 0.529077 0.60282 0.530576
58 0.50066 0.522182 0.963888 0.545564
28 0.50066 0.522182 0.963888 0.545564
2 0.637523 0.488309 0.630895 0.639688
2 0.499881 0.51911 0.977925 0.538519
2 0.344691 0.527878 0.665988 0.535372
1 0.497151 0.523082 0.974026 0.531775
0 0.498321 0.520983 0.973246 0.538369
60 0.498321 0.520983 0.973246 0.538369
69 0.497151 0.523082 0.974026 0.531775
57 0.499881 0.51911 0.977925 0.538519
56 0.498321 0.520983 0.973246 0.538369
3 0.497151 0.523082 0.974026 0.531775
5 0.497151 0.523082 0.974026 0.531775
8 0.498321 0.520983 0.973246 0.538369
39 0.498321 0.520983 0.973246 0.538369
6 0.497151 0.523082 0.974026 0.531775
10 0.497151 0.523082 0.974026 0.531775
7 0.497151 0.523082 0.974026 0.531775
28 0.497151 0.523082 0.974026 0.531775
60 0.344691 0.527878 0.665988 0.535372
2 0.495981 0.522707 0.967008 0.528927
3 0.495201 0.524505 0.968567 0.526529
1 0.498321 0.520384 0.965448 0.535971
60 0.494812 0.52518 0.966228 0.52518
0 0.495201 0.524281 0.967008 0.528177
69 0.494812 0.52518 0.966228 0.52518
57 0.495201 0.524505 0.968567 0.526529
2 0.309988 0.536271 0.564608 0.534173
7 0.495201 0.524505 0.968567 0.526529
5 0.495201 0.524281 0.967008 0.528177
56 0.494812 0.52518 0.966228 0.52518
39 0.494812 0.52518 0.966228 0.52518
58 0.495201 0.524505 0.968567 0.526529
23 0.494812 0.52518 0.966228 0.52518
6 0.495201 0.524281 0.967008 0.528177
22 0.494812 0.52518 0.966228 0.52518
2 0.497541 0.52488 0.973246 0.528177
2 0.344302 0.527578 0.644932 0.533573
1 0.499881 0.521508 0.973246 0.530126
3 0.499881 0.521508 0.973246 0.530126
0 0.494812 0.525704 0.972467 0.526529
57 0.494812 0.525704 0.972467 0.526529
60 0.497151 0.523082 0.959989 0.531775
69 0.494812 0.525704 0.972467 0.526529
5 0.495981 0.523082 0.967008 0.529376
56 0.494812 0.525704 0.972467 0.526529
2 0.50027 0.523906 0.966228 0.524131
1 0.498321 0.522257 0.968567 0.526229
0 0.503 0.52518 0.959209 0.521583
60 0.503 0.52518 0.959209 0.521583
69 0.503 0.52518 0.959209 0.521583
56 0.503 0.52518 0.959209 0.521583
3 0.499101 0.517911 0.968567 0.526529
57 0.498321 0.526679 0.967008 0.518585
5 0.498321 0.526679 0.967008 0.518585
10 0.50066 0.52548 0.960769 0.52458
2 0.270996 0.5317 0.481944 0.522932
23 0.503 0.52518 0.959209 0.521583
6 0.498321 0.526679 0.967008 0.518585
2 0.50144 0.51866 0.974806 0.53702
60 0.50144 0.523081 0.970127 0.528177
1 0.50222 0.51911 0.973246 0.534922
69 0.50144 0.523081 0.970127 0.528177
0 0.50144 0.523081 0.970127 0.528177
3 0.50222 0.513115 0.973246 0.542116
2 0.332994 0.529676 0.606719 0.522182
57 0.50222 0.513115 0.973246 0.542116
56 0.50144 0.523081 0.970127 0.528177
2 0.499101 0.522707 0.967008 0.53732
60 0.497541 0.523906 0.963888 0.532524
1 0.499101 0.523981 0.965448 0.53717
0 0.497541 0.523906 0.963888 0.532524
2 0.34976 0.5317 0.65429 0.528927
3 0.499491 0.51926 0.966228 0.540618
69 0.497541 0.523906 0.963888 0.532524
56 0.497541 0.523906 0.963888 0.532524
57 0.499101 0.522707 0.967008 0.53732
39 0.497541 0.523906 0.963888 0.532524
2 0.61364 0.506595 0.691138 0.588729
2 0.499101 0.521283 0.968567 0.536571
1 0.499881 0.521583 0.968567 0.541966
2 0.356584 0.531175 0.668717 0.520384
60 0.496371 0.526454 0.966228 0.533423
3 0.499881 0.521583 0.968567 0.541966
0 0.499881 0.521583 0.968567 0.541966
69 0.498321 0.52488 0.965448 0.528177
57 0.50027 0.516262 0.967788 0.541817
2 0.499101 0.519484 0.965448 0.538969
1 0.498321 0.519185 0.962329 0.541966
2 0.375788 0.543765 0.708294 0.509592
0 0.499881 0.522782 0.962329 0.535971
60 0.497931 0.521508 0.963108 0.533723
3 0.498321 0.519185 0.962329 0.541966
69 0.497931 0.521508 0.963108 0.533723
57 0.499101 0.519484 0.965448 0.538969
2 0.50066 0.513789 0.970127 0.556355
2 0.366917 0.528777 0.685484 0.531175
1 0.50144 0.514389 0.968567 0.556355
60 0.499881 0.51851 0.968567 0.546912
0 0.50144 0.514389 0.968567 0.556355
69 0.499881 0.51851 0.968567 0.546912
57 0.499881 0.51851 0.968567 0.546912
3 0.50144 0.514389 0.968567 0.556355
2 0.50222 0.525779 0.970127 0.529976
1 0.503 0.520983 0.968567 0.535971
0 0.503 0.520983 0.968567 0.535971
3 0.503 0.520983 0.968567 0.535971
60 0.499881 0.522482 0.970127 0.528177
2 0.348786 0.578088 0.650001 0.438549
57 0.499881 0.522482 0.970127 0.528177
2 0.498321 0.521058 0.965448 0.535821
1 0.499101 0.524505 0.962329 0.540917
2 0.371791 0.538969 0.70303 0.519185
3 0.499101 0.524505 0.962329 0.540917
0 0.499101 0.524505 0.962329 0.540917
7 0.499101 0.524505 0.962329 0.540917
5 0.499101 0.524505 0.962329 0.540917
57 0.499101 0.524505 0.962329 0.540917
69 0.498321 0.521058 0.965448 0.535821
6 0.499101 0.524505 0.962329 0.540917
60 0.499101 0.524505 0.962329 0.540917
2 0.50066 0.521882 0.974806 0.532974
1 0.499881 0.52548 0.974806 0.526978
0 0.499881 0.52548 0.974806 0.526978
3 0.496761 0.52458 0.971687 0.533573
6 0.496761 0.52458 0.971687 0.533573
5 0.499881 0.52548 0.974806 0.526978
7 0.499881 0.52548 0.974806 0.526978
69 0.496761 0.52458 0.971687 0.533573
57 0.499881 0.52548 0.974806 0.526978
60 0.496761 0.52458 0.971687 0.533573
2 0.50144 0.520983 0.982605 0.540767
2 0.358534 0.554257 0.685094 0.488609
1 0.50183 0.517686 0.980265 0.546163
3 0.50183 0.517686 0.980265 0.546163
0 0.50183 0.517686 0.980265 0.546163
60 0.497931 0.520384 0.981825 0.539568
69 0.497931 0.520384 0.981825 0.539568
2 0.50339 0.525854 0.974026 0.528627
1 0.499881 0.525704 0.973246 0.528927
2 0.336113 0.547062 0.622316 0.519784
0 0.498321 0.526379 0.971687 0.532374
60 0.497931 0.522707 0.972467 0.527728
2 0.50066 0.521882 0.967008 0.544964
2 0.357949 0.523381 0.673786 0.513189
1 0.50066 0.52518 0.967008 0.539568
60 0.50222 0.523681 0.95609 0.53777
0 0.50066 0.52518 0.967008 0.539568
69 0.50222 0.523681 0.95609 0.53777
3 0.50066 0.52518 0.967008 0.539568
57 0.50222 0.523681 0.95609 0.53777
33 0.50144 0.517086 0.965448 0.543765
2 0.50417 0.526304 0.959989 0.531325
1 0.50144 0.524505 0.962329 0.538519
2 0.377835 0.542566 0.690163 0.521583
69 0.50066 0.526904 0.95453 0.531325
60 0.50144 0.526379 0.95609 0.53717
0 0.50144 0.524505 0.962329 0.538519
3 0.499881 0.529302 0.95609 0.536121
2 0.505729 0.521583 0.969347 0.533573
1 0.499101 0.525255 0.95765 0.538219
2 0.298291 0.528777 0.548231 0.527578
3 0.499101 0.525255 0.95765 0.538219
60 0.496761 0.522107 0.962329 0.53732
33 0.50495 0.518885 0.967788 0.535372
0 0.499101 0.525255 0.95765 0.538219
69 0.50066 0.520384 0.957649 0.534772
2 0.499881 0.520683 0.974806 0.526978
2 0.360288 0.547362 0.682364 0.491607
60 0.493252 0.520983 0.974026 0.528777
1 0.50144 0.51911 0.974806 0.527728
0 0.493642 0.522482 0.968567 0.531775
69 0.495201 0.522107 0.971687 0.526529
33 0.50144 0.516262 0.974806 0.531025
2 0.50027 0.52518 0.95531 0.535971
1 0.498321 0.52518 0.95609 0.539568
60 0.499491 0.526079 0.958429 0.540168
0 0.498321 0.52518 0.95609 0.539568
69 0.498711 0.526079 0.95531 0.538969
2 0.50378 0.526379 0.967008 0.527578
1 0.50222 0.52548 0.963888 0.538969
3 0.50222 0.52548 0.963888 0.538969
0 0.50222 0.52548 0.963888 0.538969
2 0.340792 0.552758 0.631674 0.497602
2 0.50378 0.526079 0.963888 0.532974
1 0.50222 0.523456 0.963888 0.540617
0 0.50222 0.523456 0.963888 0.540617
2 0.50222 0.515887 0.965448 0.546163
1 0.499101 0.523082 0.967008 0.536571
0 0.499101 0.523082 0.967008 0.536571
2 0.50105 0.518061 0.969347 0.541817
1 0.50066 0.515588 0.967008 0.546763
2 0.345471 0.526379 0.647271 0.52518
3 0.50066 0.515588 0.967008 0.546763
0 0.50066 0.515588 0.967008 0.546763
2 0.50261 0.522107 0.963108 0.542116
1 0.503 0.52548 0.965448 0.53777
0 0.503 0.52548 0.965448 0.53777
60 0.503 0.525779 0.960769 0.534772
69 0.503 0.525779 0.960769 0.534772
3 0.50261 0.522107 0.963108 0.542116
2 0.50066 0.519784 0.967008 0.534772
1 0.50066 0.520908 0.962329 0.536121
0 0.499881 0.525255 0.959209 0.531025
2 0.498321 0.522257 0.963888 0.538219
2 0.367892 0.543165 0.690553 0.515588
1 0.498321 0.524281 0.962329 0.536571
0 0.498321 0.524281 0.962329 0.536571
2 0.499491 0.517686 0.972467 0.536571
1 0.498321 0.52488 0.968567 0.540168
0 0.497151 0.523681 0.964668 0.540168
3 0.497151 0.523681 0.964668 0.540168
2 0.50144 0.521583 0.970127 0.534772
1 0.50144 0.527278 0.962329 0.535372
0 0.50144 0.527278 0.962329 0.535372
3 0.50144 0.527278 0.962329 0.535372
2 0.50144 0.515887 0.960769 0.536571
1 0.50105 0.517686 0.969347 0.534173
2 0.50378 0.518885 0.965448 0.538969
1 0.50378 0.522782 0.960769 0.53717
0 0.50378 0.522782 0.960769 0.53717
3 0.50378 0.522782 0.960769 0.53717
2 0.50222 0.520084 0.968567 0.535372
1 0.50144 0.523981 0.965448 0.539568
0 0.50144 0.523981 0.965448 0.539568
3 0.50144 0.523981 0.965448 0.539568
2 0.506899 0.517086 0.962329 0.543765
1 0.506899 0.517086 0.962329 0.543765
60 0.506899 0.518061 0.95609 0.538219
2 0.50066 0.518885 0.960769 0.541367
1 0.50144 0.517686 0.970127 0.541367
2 0.347811 0.541966 0.65429 0.513189
0 0.50144 0.522782 0.962329 0.53717
2 0.50456 0.522857 0.949851 0.532224
1 0.50261 0.521283 0.961549 0.534173
2 0.35327 0.529676 0.65195 0.52458
0 0.50261 0.521882 0.95531 0.534173
2 0.50066 0.517311 0.957649 0.542116
1 0.50378 0.514314 0.960769 0.544514
0 0.50144 0.520983 0.95609 0.534772
2 0.348396 0.527503 0.644542 0.528927
2 0.497541 0.51911 0.959209 0.532524
1 0.498321 0.521508 0.959209 0.532524
0 0.498321 0.521508 0.959209 0.532524
3 0.498321 0.521508 0.959209 0.532524
2 0.50183 0.517686 0.95531 0.541367
1 0.50534 0.515513 0.960769 0.539718
0 0.503 0.521508 0.95609 0.534922
3 0.503 0.521508 0.95609 0.534922
2 0.499881 0.517911 0.959209 0.546912
1 0.50222 0.517686 0.967008 0.540168
2 0.50183 0.517461 0.958429 0.544215
1 0.50183 0.523381 0.961549 0.538369
0 0.50261 0.522782 0.959989 0.539568
2 0.50144 0.521283 0.965448 0.532974
1 0.50144 0.521283 0.965448 0.532974
0 0.50144 0.521283 0.965448 0.532974
3 0.50144 0.521283 0.965448 0.532974
2 0.505339 0.516862 0.963888 0.546613
1 0.50417 0.516712 0.969347 0.545713
0 0.50222 0.522782 0.959209 0.539568
3 0.50222 0.522782 0.959209 0.539568
2 0.499881 0.522782 0.960769 0.534772
1 0.499881 0.522782 0.960769 0.534772
0 0.499881 0.522782 0.960769 0.534772
3 0.499881 0.522782 0.960769 0.534772
2 0.50105 0.524281 0.959989 0.53777
1 0.50105 0.524281 0.959989 0.53777
0 0.50105 0.524281 0.959989 0.53777
3 0.50105 0.524281 0.959989 0.53777
2 0.498321 0.51926 0.965448 0.534622
1 0.50066 0.521882 0.965448 0.534173
0 0.499881 0.522182 0.963888 0.535971
3 0.499881 0.522182 0.963888 0.535971
2 0.50534 0.516787 0.970127 0.539568
1 0.50534 0.516787 0.970127 0.539568
2 0.50456 0.520384 0.963888 0.532374
1 0.503 0.517986 0.965448 0.533573
2 0.499491 0.520459 0.966228 0.535821
1 0.50222 0.51926 0.971687 0.534622
0 0.499881 0.522482 0.962329 0.534173
2 0.50105 0.519784 0.963108 0.532374
1 0.50144 0.52488 0.968567 0.530576
0 0.50144 0.52488 0.968567 0.530576
2 0.497541 0.520683 0.962329 0.534173
1 0.50144 0.519784 0.967008 0.526379
0 0.499101 0.523456 0.963888 0.532224
2 0.50339 0.516787 0.969347 0.538369
1 0.50339 0.516787 0.969347 0.538369
2 0.499491 0.519484 0.963108 0.53777
1 0.50144 0.521882 0.965448 0.531775
0 0.50144 0.520084 0.962329 0.532974
2 0.496371 0.518285 0.970907 0.542566
2 0.499491 0.521283 0.964668 0.538969
1 0.50027 0.523681 0.967788 0.535372
2 0.50066 0.51866 0.970127 0.531025
1 0.499491 0.523306 0.972467 0.531325
0 0.499491 0.523306 0.972467 0.531325
2 0.497931 0.51851 0.966228 0.540917
1 0.499881 0.524281 0.968567 0.534173
0 0.499881 0.524281 0.968567 0.534173
2 0.498711 0.517911 0.974026 0.542116
1 0.499101 0.523381 0.973246 0.531175
2 0.494422 0.521508 0.973246 0.533723
2 0.499881 0.51866 0.976366 0.540618
2 0.497931 0.519484 0.967788 0.536571
1 0.499881 0.520384 0.968567 0.535971
0 0.497931 0.519484 0.967788 0.536571
2 0.499881 0.519709 0.971687 0.53732
1 0.498321 0.522482 0.971687 0.536571
2 0.50066 0.518285 0.967008 0.529377
2 0.50105 0.520384 0.969347 0.529976
2 0.495201 0.517386 0.968567 0.538369
1 0.498321 0.521058 0.968567 0.538219
2 0.498711 0.516112 0.964668 0.539718
1 0.50105 0.515063 0.969347 0.53702
2 0.499881 0.520384 0.968567 0.534772
1 0.499881 0.520384 0.968567 0.534772
2 0.50222 0.516861 0.970127 0.540617
2 0.499491 0.523082 0.969347 0.538969
1 0.497931 0.523381 0.969347 0.538369
2 0.499881 0.521283 0.968567 0.53777
1 0.499881 0.521283 0.968567 0.53777
0 0.499881 0.521283 0.968567 0.53777
2 0.499881 0.514089 0.971687 0.535372
2 0.50027 0.516712 0.974026 0.536121
2 0.497541 0.520384 0.974806 0.539568
1 0.497541 0.520384 0.974806 0.539568
2 0.498321 0.519484 0.968567 0.538969
2 0.499881 0.521882 0.968567 0.534173
2 0.50027 0.521658 0.963108 0.53702
1 0.499101 0.523306 0.967008 0.534922
2 0.499101 0.520084 0.967008 0.535372
1 0.498321 0.520983 0.968567 0.533573
2 0.499881 0.517986 0.968567 0.534772
1 0.499101 0.519185 0.970127 0.534772
2 0.499881 0.520983 0.967008 0.535971
2 0.50144 0.520084 0.965448 0.535372
2 0.50144 0.522257 0.965448 0.532224
2 0.499881 0.522482 0.968567 0.534173
1 0.499881 0.52458 0.971687 0.531175
2 0.498321 0.521883 0.974806 0.536571
1 0.499101 0.523906 0.976366 0.534922
2 0.498711 0.523381 0.970907 0.533573
2 0.499881 0.521658 0.968567 0.53702
2 0.498321 0.522107 0.971687 0.536121
2 0.497931 0.520384 0.972467 0.538369
2 0.50183 0.521883 0.963108 0.535372
2 0.499881 0.522257 0.968567 0.533423
2 0.50027 0.523381 0.970907 0.531175
1 0.50027 0.523381 0.970907 0.531175
2 0.499881 0.520384 0.968567 0.534772
2 0.499101 0.521058 0.967008 0.533423
2 0.50066 0.521882 0.970127 0.534173
2 0.499881 0.522707 0.970127 0.534922
2 0.499881 0.521583 0.965448 0.534772
2 0.499881 0.521283 0.968567 0.535372
2 0.50144 0.520983 0.965448 0.534772
2 0.499881 0.521058 0.965448 0.533423
2 0.499881 0.521882 0.968567 0.534173
2 0.499881 0.521583 0.968567 0.532374
2 0.50105 0.521508 0.966228 0.533723
2 0.50066 0.521283 0.967008 0.532974
2 0.50066 0.521583 0.967008 0.532374
2 0.50066 0.520983 0.967008 0.534772
2 0.50144 0.520983 0.965448 0.533573
2 0.50144 0.521283 0.965448 0.534173
2 0.50105 0.521583 0.966228 0.534772
2 0.50144 0.521283 0.967008 0.535372
2 0.50066 0.523082 0.970127 0.531775
2 0.50105 0.523082 0.969347 0.531775
2 0.50105 0.522857 0.969347 0.532224
2 0.50144 0.522782 0.968567 0.532374
2 0.50105 0.522482 0.969347 0.532974
2 0.50105 0.522707 0.969347 0.532524
2 0.50105 0.522782 0.969347 0.532374
2 0.50066 0.523082 0.968567 0.532974
2 0.50066 0.522782 0.968567 0.532374
2 0.50066 0.523082 0.968567 0.532974
