22 0.419605 0.514006 0.76895 0.452381
2 0.419605 0.514006 0.76895 0.452381
72 0.419605 0.514006 0.76895 0.452381
3 0.376278 0.520658 0.696349 0.461485
62 0.419605 0.514006 0.76895 0.452381
22 0.303482 0.537115 0.566369 0.480392
22 0.569004 0.530462 0.77461 0.401261
3 0.529288 0.519608 0.843113 0.442577
60 0.376278 0.520658 0.696349 0.461485
64 0.416872 0.502451 0.75724 0.476891
22 0.500403 0.47409 0.833745 0.544818
72 0.569004 0.530462 0.77461 0.401261
4 0.416872 0.502451 0.75724 0.476891
41 0.376278 0.520658 0.696349 0.461485
62 0.581592 0.509104 0.741627 0.443978
35 0.419605 0.514006 0.76895 0.452381
2 0.303482 0.537115 0.566369 0.480392
2 0.569004 0.530462 0.77461 0.401261
62 0.500403 0.47409 0.833745 0.544818
3 0.616624 0.537815 0.696544 0.372549
60 0.529288 0.519608 0.843113 0.442577
41 0.529288 0.519608 0.843113 0.442577
52 0.419605 0.514006 0.76895 0.452381
72 0.303482 0.537115 0.566369 0.480392
22 0.691665 0.545518 0.594863 0.354342
72 0.500403 0.47409 0.833745 0.544818
35 0.569004 0.530462 0.77461 0.401261
4 0.581592 0.509104 0.741627 0.443978
62 0.303482 0.537115 0.566369 0.480392
23 0.498842 0.514706 0.857165 0.470588
2 0.500403 0.47409 0.833745 0.544818
4 0.299773 0.521709 0.55583 0.466387
31 0.416872 0.502451 0.75724 0.476891
60 0.616624 0.537815 0.696544 0.372549
36 0.498842 0.514706 0.857165 0.470588
64 0.535533 0.485207 0.813448 0.508578
52 0.500403 0.47409 0.833745 0.544818
21 0.581592 0.509104 0.741627 0.443978
10 0.416872 0.502451 0.75724 0.476891
58 0.498842 0.514706 0.857165 0.470588
62 0.703375 0.533613 0.568321 0.387955
2 0.691665 0.545518 0.594863 0.354342
69 0.419605 0.514006 0.76895 0.452381
3 0.245908 0.553922 0.441854 0.497199
52 0.299773 0.521709 0.55583 0.466387
35 0.500403 0.47409 0.833745 0.544818
52 0.631164 0.523809 0.66278 0.407563
58 0.303482 0.537115 0.566369 0.480392
57 0.631164 0.523809 0.66278 0.407563
39 0.569004 0.530462 0.77461 0.401261
56 0.376278 0.520658 0.696349 0.461485
57 0.416872 0.502451 0.75724 0.476891
41 0.245908 0.553922 0.441854 0.497199
4 0.740066 0.535014 0.491816 0.382353
37 0.376278 0.520658 0.696349 0.461485
72 0.691665 0.545518 0.594863 0.354342
35 0.303482 0.537115 0.566369 0.480392
35 0.761144 0.544468 0.451221 0.335434
10 0.581592 0.509104 0.741627 0.443978
64 0.391794 0.453781 0.624723 0.623249
5 0.376278 0.520658 0.696349 0.461485
36 0.616624 0.537815 0.696544 0.372549
57 0.535533 0.485207 0.813448 0.508578
22 0.795493 0.546919 0.393453 0.334734
60 0.735382 0.547269 0.501184 0.342437
33 0.581592 0.509104 0.741627 0.443978
3 0.735382 0.547269 0.501184 0.342437
60 0.245908 0.553922 0.441854 0.497199
23 0.616624 0.537815 0.696544 0.372549
64 0.631164 0.523809 0.66278 0.407563
57 0.742798 0.571078 0.464493 0.35084
21 0.740066 0.535014 0.491816 0.382353
31 0.299773 0.521709 0.55583 0.466387
33 0.458638 0.483894 0.834526 0.512605
72 0.34349 0.469888 0.577688 0.595238
22 0.220536 0.52521 0.40204 0.453781
64 0.299773 0.521709 0.55583 0.466387
37 0.529288 0.519608 0.843113 0.442577
2 0.485571 0.487395 0.918056 0.418767
4 0.487913 0.490984 0.928986 0.431197
3 0.505087 0.486782 0.916495 0.429797
22 0.505868 0.48188 0.924302 0.453606
58 0.485571 0.487395 0.918056 0.418767
52 0.485571 0.487395 0.918056 0.418767
10 0.487913 0.490984 0.928986 0.431197
62 0.505868 0.48188 0.924302 0.453606
60 0.485571 0.487395 0.918056 0.418767
36 0.505087 0.486782 0.916495 0.429797
57 0.516016 0.494748 0.894636 0.434874
35 0.487913 0.490984 0.928986 0.431197
69 0.485571 0.487395 0.918056 0.418767
58 0.363983 0.507003 0.656925 0.414566
23 0.505087 0.486782 0.916495 0.429797
22 0.363983 0.507003 0.656925 0.414566
2 0.346223 0.503851 0.61438 0.409664
21 0.505868 0.48188 0.924302 0.453606
3 0.363983 0.507003 0.656925 0.414566
44 0.487913 0.490984 0.928986 0.431197
8 0.505087 0.486782 0.916495 0.429797
60 0.363983 0.507003 0.656925 0.414566
5 0.505868 0.48188 0.924302 0.453606
65 0.487913 0.490984 0.928986 0.431197
4 0.363983 0.507003 0.656925 0.414566
7 0.505868 0.48188 0.924302 0.453606
4 0.107146 0.470238 0.209998 0.301821
4 0.14247 0.461485 0.255276 0.281513
56 0.487913 0.490984 0.928986 0.431197
39 0.515236 0.496849 0.88683 0.419468
33 0.516016 0.494748 0.894636 0.434874
10 0.363983 0.507003 0.656925 0.414566
31 0.505087 0.486782 0.916495 0.429797
32 0.487913 0.490984 0.928986 0.431197
34 0.516016 0.494748 0.894636 0.434874
72 0.487913 0.490984 0.928986 0.431197
64 0.515236 0.496849 0.88683 0.419468
66 0.516016 0.494748 0.894636 0.434874
4 0.91025 0.538866 0.173307 0.348039
59 0.487913 0.490984 0.928986 0.431197
62 0.649899 0.520308 0.617502 0.404762
2 0.657706 0.516457 0.600328 0.392857
4 0.494938 0.434874 0.802519 0.54902
2 0.5207 0.52591 0.722891 0.481793
4 0.649899 0.520308 0.617502 0.404762
10 0.494938 0.434874 0.802519 0.54902
20 0.505087 0.486782 0.916495 0.429797
3 0.5207 0.52591 0.722891 0.481793
4 0.939915 0.544818 0.115538 0.344538
69 0.346223 0.503851 0.61438 0.409664
57 0.649899 0.520308 0.617502 0.404762
52 0.346223 0.503851 0.61438 0.409664
7 0.363983 0.507003 0.656925 0.414566
45 0.515236 0.496849 0.88683 0.419468
22 0.649899 0.520308 0.617502 0.404762
62 0.346223 0.503851 0.61438 0.409664
66 0.522262 0.441877 0.746311 0.54902
23 0.363983 0.507003 0.656925 0.414566
65 0.363983 0.507003 0.656925 0.414566
30 0.515236 0.496849 0.88683 0.419468
41 0.505087 0.486782 0.916495 0.429797
36 0.363983 0.507003 0.656925 0.414566
57 0.363983 0.507003 0.656925 0.414566
32 0.494938 0.434874 0.802519 0.54902
2 0.522262 0.441877 0.746311 0.54902
58 0.277915 0.528361 0.504306 0.45028
4 0.8552 0.548319 0.289599 0.316527
52 0.649899 0.520308 0.617502 0.404762
49 0.436389 0.502101 0.794712 0.414566
36 0.5207 0.52591 0.722891 0.481793
35 0.494938 0.434874 0.802519 0.54902
2 0.14247 0.461485 0.255276 0.281513
3 0.657706 0.516457 0.600328 0.392857
65 0.494938 0.434874 0.802519 0.54902
5 0.649899 0.520308 0.617502 0.404762
0 0.485571 0.487395 0.918056 0.418767
5 0.363983 0.507003 0.656925 0.414566
64 0.657706 0.516457 0.600328 0.392857
37 0.505087 0.486782 0.916495 0.429797
4 0.957089 0.564426 0.0843113 0.351541
29 0.487913 0.490984 0.928986 0.431197
2 0.107146 0.470238 0.209998 0.301821
58 0.657706 0.516457 0.600328 0.392857
44 0.494938 0.434874 0.802519 0.54902
60 0.657706 0.516457 0.600328 0.392857
4 0.182674 0.44958 0.256056 0.272409
69 0.494938 0.434874 0.802519 0.54902
3 0.277915 0.528361 0.504306 0.45028
20 0.346223 0.503851 0.61438 0.409664
2 0.939915 0.544818 0.115538 0.344538
58 0.500403 0.492997 0.944599 0.414566
52 0.500403 0.492997 0.944599 0.414566
4 0.500793 0.488095 0.936011 0.438375
2 0.500403 0.492997 0.944599 0.414566
23 0.500403 0.492997 0.944599 0.414566
3 0.500403 0.492997 0.944599 0.414566
8 0.500403 0.492997 0.944599 0.414566
62 0.500403 0.492997 0.944599 0.414566
10 0.500403 0.492997 0.944599 0.414566
60 0.500403 0.492997 0.944599 0.414566
21 0.500403 0.492997 0.944599 0.414566
57 0.500403 0.492997 0.944599 0.414566
67 0.500403 0.492997 0.944599 0.414566
5 0.500793 0.488095 0.936011 0.438375
36 0.500403 0.492997 0.944599 0.414566
59 0.500403 0.492997 0.944599 0.414566
34 0.500793 0.488095 0.936011 0.438375
44 0.494548 0.495798 0.940695 0.422969
22 0.500403 0.492997 0.944599 0.414566
69 0.500403 0.492997 0.944599 0.414566
65 0.494548 0.495798 0.940695 0.422969
29 0.500403 0.492997 0.944599 0.414566
32 0.494548 0.495798 0.940695 0.422969
35 0.500403 0.492997 0.944599 0.414566
58 0.347003 0.507703 0.628431 0.404762
66 0.500793 0.488095 0.936011 0.438375
20 0.500403 0.492997 0.944599 0.414566
39 0.505868 0.495098 0.914934 0.422969
30 0.505868 0.495098 0.914934 0.422969
56 0.494548 0.495798 0.940695 0.422969
33 0.500403 0.492997 0.944599 0.414566
0 0.494938 0.497199 0.949283 0.403361
7 0.500793 0.488095 0.936011 0.438375
61 0.494938 0.497199 0.949283 0.403361
31 0.500403 0.492997 0.944599 0.414566
66 0.523823 0.435224 0.724453 0.569328
45 0.505868 0.495098 0.914934 0.422969
6 0.494548 0.495798 0.940695 0.422969
1 0.494938 0.497199 0.949283 0.403361
67 0.347003 0.507703 0.628431 0.404762
23 0.401162 0.512605 0.698105 0.420168
52 0.401162 0.512605 0.698105 0.420168
28 0.500793 0.488095 0.936011 0.438375
60 0.347003 0.507703 0.628431 0.404762
10 0.347003 0.507703 0.628431 0.404762
64 0.505868 0.495098 0.914934 0.422969
3 0.347003 0.507703 0.628431 0.404762
4 0.343881 0.510854 0.614379 0.415266
72 0.500403 0.492997 0.944599 0.414566
58 0.663171 0.517507 0.578469 0.418767
20 0.347003 0.507703 0.628431 0.404762
65 0.343881 0.510854 0.614379 0.415266
2 0.401162 0.512605 0.698105 0.420168
29 0.4965 0.441527 0.80408 0.545518
4 0.125101 0.470588 0.241614 0.289916
62 0.4965 0.441527 0.80408 0.545518
65 0.4965 0.441527 0.80408 0.545518
5 0.401162 0.512605 0.698105 0.420168
44 0.4965 0.441527 0.80408 0.545518
69 0.401162 0.512605 0.698105 0.420168
20 0.4965 0.441527 0.80408 0.545518
0 0.4965 0.441527 0.80408 0.545518
32 0.4965 0.441527 0.80408 0.545518
54 0.395404 0.491509 0.65107 0.456758
54 0.4965 0.441527 0.80408 0.545518
22 0.343881 0.510854 0.614379 0.415266
66 0.395404 0.491509 0.65107 0.456758
2 0.4965 0.441527 0.80408 0.545518
4 0.523823 0.435224 0.724453 0.569328
30 0.523823 0.435224 0.724453 0.569328
8 0.401162 0.512605 0.698105 0.420168
61 0.401162 0.512605 0.698105 0.420168
59 0.347003 0.507703 0.628431 0.404762
62 0.347003 0.507703 0.628431 0.404762
23 0.0924838 0.457283 0.17843 0.302521
36 0.401162 0.512605 0.698105 0.420168
35 0.4965 0.441527 0.80408 0.545518
41 0.469957 0.47409 0.819693 0.485994
58 0.504306 0.489846 0.955528 0.429272
23 0.504306 0.489846 0.955528 0.429272
4 0.504306 0.4993 0.955528 0.414566
52 0.504306 0.489846 0.955528 0.429272
10 0.504306 0.4993 0.955528 0.414566
2 0.504306 0.489846 0.955528 0.429272
7 0.504306 0.4993 0.955528 0.414566
67 0.504306 0.489846 0.955528 0.429272
34 0.504306 0.4993 0.955528 0.414566
5 0.504306 0.4993 0.955528 0.414566
20 0.504306 0.489846 0.955528 0.429272
3 0.504306 0.489846 0.955528 0.429272
60 0.504306 0.4993 0.955528 0.414566
62 0.504306 0.4993 0.955528 0.414566
57 0.504306 0.489846 0.955528 0.429272
28 0.504306 0.4993 0.955528 0.414566
0 0.504306 0.4993 0.955528 0.414566
59 0.512113 0.505602 0.939915 0.411765
36 0.504306 0.489846 0.955528 0.429272
8 0.504306 0.489846 0.955528 0.429272
32 0.512113 0.511905 0.938353 0.396359
69 0.504306 0.489846 0.955528 0.429272
66 0.504306 0.4993 0.955528 0.414566
65 0.497671 0.4993 0.956309 0.415966
22 0.504306 0.4993 0.955528 0.414566
31 0.504306 0.489846 0.955528 0.429272
61 0.49728 0.489846 0.953967 0.427871
29 0.504306 0.489846 0.955528 0.429272
56 0.497671 0.4993 0.956309 0.415966
44 0.504306 0.489846 0.955528 0.429272
1 0.504306 0.4993 0.955528 0.414566
58 0.64707 0.529412 0.634091 0.378151
30 0.512113 0.505602 0.939915 0.411765
21 0.504306 0.489846 0.955528 0.429272
6 0.497671 0.4993 0.956309 0.415966
54 0.493377 0.476891 0.852481 0.480392
68 0.347784 0.509454 0.623747 0.416667
58 0.34349 0.504202 0.618283 0.414566
39 0.512113 0.505602 0.939915 0.411765
4 0.656438 0.528361 0.620039 0.385854
33 0.504306 0.4993 0.955528 0.414566
68 0.497671 0.4993 0.956309 0.415966
54 0.621015 0.490284 0.597205 0.469013
35 0.504306 0.489846 0.955528 0.429272
45 0.512113 0.505602 0.939915 0.411765
10 0.347784 0.509454 0.623747 0.416667
4 0.347784 0.509454 0.623747 0.416667
23 0.64707 0.529412 0.634091 0.378151
5 0.656438 0.528361 0.620039 0.385854
20 0.34349 0.504202 0.618283 0.414566
59 0.64707 0.529412 0.634091 0.378151
54 0.330414 0.496499 0.54373 0.432773
31 0.64707 0.529412 0.634091 0.378151
65 0.347784 0.509454 0.623747 0.416667
52 0.656438 0.528361 0.620039 0.385854
67 0.64707 0.529412 0.634091 0.378151
66 0.621015 0.490284 0.597205 0.469013
28 0.347784 0.509454 0.623747 0.416667
0 0.656438 0.528361 0.620039 0.385854
34 0.656438 0.528361 0.620039 0.385854
57 0.656438 0.528361 0.620039 0.385854
2 0.64707 0.529412 0.634091 0.378151
1 0.347784 0.509454 0.623747 0.416667
23 0.34349 0.504202 0.618283 0.414566
62 0.656438 0.528361 0.620039 0.385854
28 0.656438 0.528361 0.620039 0.385854
52 0.34349 0.504202 0.618283 0.414566
58 0.75646 0.531863 0.443415 0.384454
7 0.656438 0.528361 0.620039 0.385854
10 0.656438 0.528361 0.620039 0.385854
0 0.347784 0.509454 0.623747 0.416667
67 0.34349 0.504202 0.618283 0.414566
41 0.476203 0.49361 0.861849 0.446954
60 0.347784 0.509454 0.623747 0.416667
5 0.34349 0.504202 0.618283 0.414566
7 0.347784 0.509454 0.623747 0.416667
60 0.64707 0.529412 0.634091 0.378151
32 0.656438 0.528361 0.620039 0.385854
58 0.501964 0.494748 0.963335 0.392857
4 0.501964 0.496849 0.966457 0.39986
23 0.501964 0.494748 0.963335 0.392857
52 0.501964 0.494748 0.963335 0.392857
2 0.501964 0.496849 0.966457 0.39986
0 0.501964 0.496849 0.966457 0.39986
3 0.501964 0.494748 0.963335 0.392857
69 0.501964 0.496849 0.966457 0.39986
67 0.501964 0.494748 0.963335 0.392857
60 0.501964 0.496849 0.966457 0.39986
28 0.501964 0.496849 0.966457 0.39986
10 0.501964 0.494748 0.963335 0.392857
22 0.501964 0.496849 0.966457 0.39986
32 0.501964 0.496849 0.966457 0.39986
57 0.501964 0.494748 0.963335 0.392857
5 0.501964 0.496849 0.966457 0.39986
34 0.501964 0.496849 0.966457 0.39986
66 0.501964 0.496849 0.966457 0.39986
59 0.501964 0.494748 0.963335 0.392857
56 0.501964 0.496849 0.966457 0.39986
7 0.501964 0.496849 0.966457 0.39986
62 0.501964 0.496849 0.966457 0.39986
61 0.501184 0.498249 0.961773 0.390056
31 0.501964 0.494748 0.963335 0.392857
44 0.500793 0.5007 0.965676 0.396359
29 0.501964 0.496849 0.966457 0.39986
1 0.500793 0.5007 0.965676 0.396359
8 0.501964 0.494748 0.963335 0.392857
21 0.501964 0.494748 0.963335 0.392857
20 0.501964 0.494748 0.963335 0.392857
54 0.495719 0.459034 0.91025 0.4993
6 0.500793 0.5007 0.965676 0.396359
30 0.501964 0.494748 0.963335 0.392857
36 0.501964 0.494748 0.963335 0.392857
65 0.500793 0.5007 0.965676 0.396359
68 0.460199 0.504902 0.859507 0.40056
35 0.501964 0.496849 0.966457 0.39986
58 0.334513 0.504902 0.604231 0.401961
45 0.501964 0.494748 0.963335 0.392857
39 0.501964 0.494748 0.963335 0.392857
58 0.679955 0.512605 0.551146 0.40056
33 0.501964 0.496849 0.966457 0.39986
68 0.340173 0.510504 0.612428 0.404762
4 0.340173 0.510504 0.612428 0.404762
66 0.504306 0.44459 0.8275 0.542192
52 0.334513 0.504902 0.604231 0.401961
23 0.334513 0.504902 0.604231 0.401961
0 0.403699 0.481443 0.708644 0.465686
28 0.403699 0.481443 0.708644 0.465686
66 0.403699 0.481443 0.708644 0.465686
10 0.340173 0.510504 0.612428 0.404762
69 0.334513 0.504902 0.604231 0.401961
0 0.504306 0.44459 0.8275 0.542192
67 0.334513 0.504902 0.604231 0.401961
22 0.340173 0.510504 0.612428 0.404762
4 0.504306 0.44459 0.8275 0.542192
54 0.322413 0.464636 0.530849 0.511905
60 0.334513 0.504902 0.604231 0.401961
6 0.504306 0.44459 0.8275 0.542192
3 0.340173 0.510504 0.612428 0.404762
1 0.340173 0.510504 0.612428 0.404762
4 0.672929 0.509804 0.569882 0.42577
61 0.334513 0.504902 0.604231 0.401961
5 0.334513 0.504902 0.604231 0.401961
56 0.334513 0.504902 0.604231 0.401961
54 0.619063 0.434874 0.587056 0.581232
31 0.679955 0.512605 0.551146 0.40056
57 0.334513 0.504902 0.604231 0.401961
7 0.340173 0.510504 0.612428 0.404762
6 0.340173 0.510504 0.612428 0.404762
59 0.334513 0.504902 0.604231 0.401961
28 0.504306 0.44459 0.8275 0.542192
2 0.334513 0.504902 0.604231 0.401961
29 0.403699 0.481443 0.708644 0.465686
62 0.340173 0.510504 0.612428 0.404762
65 0.340173 0.510504 0.612428 0.404762
58 0.500403 0.501401 0.964896 0.403361
4 0.500403 0.501401 0.964896 0.403361
23 0.500403 0.501401 0.964896 0.403361
52 0.499232 0.504552 0.962554 0.395658
59 0.499232 0.504552 0.962554 0.395658
10 0.498842 0.501751 0.966457 0.405462
31 0.500403 0.501401 0.964896 0.403361
67 0.499232 0.504552 0.962554 0.395658
3 0.499232 0.504552 0.962554 0.395658
2 0.499232 0.504552 0.962554 0.395658
22 0.500403 0.501401 0.964896 0.403361
1 0.498842 0.501751 0.966457 0.405462
28 0.498842 0.501751 0.966457 0.405462
32 0.498842 0.501751 0.966457 0.405462
0 0.498842 0.501751 0.966457 0.405462
7 0.498842 0.501751 0.966457 0.405462
60 0.499232 0.504552 0.962554 0.395658
56 0.499232 0.504552 0.962554 0.395658
57 0.500403 0.501401 0.964896 0.403361
34 0.498842 0.501751 0.966457 0.405462
68 0.470348 0.505252 0.895417 0.40126
69 0.498842 0.501751 0.966457 0.405462
8 0.499232 0.504552 0.962554 0.395658
58 0.347394 0.503851 0.63858 0.397059
29 0.498842 0.501751 0.966457 0.405462
30 0.499232 0.504552 0.962554 0.395658
44 0.498842 0.501751 0.966457 0.405462
61 0.499232 0.504552 0.962554 0.395658
5 0.499232 0.504552 0.962554 0.395658
21 0.500403 0.501401 0.964896 0.403361
36 0.500403 0.501401 0.964896 0.403361
6 0.498842 0.501751 0.966457 0.405462
20 0.498842 0.501751 0.966457 0.405462
62 0.498842 0.501751 0.966457 0.405462
4 0.347394 0.503851 0.63858 0.397059
45 0.499232 0.504552 0.962554 0.395658
23 0.347394 0.503851 0.63858 0.397059
52 0.347394 0.503851 0.63858 0.397059
66 0.498842 0.501751 0.966457 0.405462
54 0.484009 0.482581 0.89932 0.441001
22 0.347394 0.503851 0.63858 0.397059
35 0.498842 0.501751 0.966457 0.405462
10 0.347394 0.503851 0.63858 0.397059
3 0.347394 0.503851 0.63858 0.397059
65 0.498842 0.501751 0.966457 0.405462
39 0.500403 0.501401 0.964896 0.403361
58 0.688542 0.515056 0.515236 0.404062
60 0.347394 0.503851 0.63858 0.397059
69 0.347394 0.503851 0.63858 0.397059
67 0.347394 0.503851 0.63858 0.397059
0 0.347394 0.503851 0.63858 0.397059
68 0.29587 0.512255 0.55583 0.411064
5 0.347394 0.503851 0.63858 0.397059
57 0.347394 0.503851 0.63858 0.397059
56 0.347394 0.503851 0.63858 0.397059
59 0.347394 0.503851 0.63858 0.397059
31 0.347394 0.503851 0.63858 0.397059
61 0.347394 0.503851 0.63858 0.397059
33 0.498842 0.501751 0.966457 0.405462
54 0.343881 0.497199 0.605012 0.422969
28 0.347394 0.503851 0.63858 0.397059
2 0.347394 0.503851 0.63858 0.397059
34 0.347394 0.503851 0.63858 0.397059
1 0.347394 0.503851 0.63858 0.397059
36 0.347394 0.503851 0.63858 0.397059
7 0.347394 0.503851 0.63858 0.397059
32 0.347394 0.503851 0.63858 0.397059
20 0.347394 0.503851 0.63858 0.397059
54 0.521383 0.436975 0.743384 0.560224
4 0.688542 0.515056 0.515236 0.404062
62 0.347394 0.503851 0.63858 0.397059
31 0.688542 0.515056 0.515236 0.404062
8 0.347394 0.503851 0.63858 0.397059
44 0.347394 0.503851 0.63858 0.397059
58 0.499622 0.4993 0.974264 0.404762
23 0.499622 0.4993 0.974264 0.404762
4 0.498061 0.504202 0.974264 0.40056
52 0.499622 0.4993 0.974264 0.404762
3 0.499622 0.4993 0.974264 0.404762
2 0.494938 0.503501 0.971141 0.396359
22 0.499622 0.4993 0.974264 0.404762
31 0.499622 0.4993 0.974264 0.404762
60 0.494938 0.503501 0.971141 0.396359
67 0.494938 0.503501 0.971141 0.396359
69 0.498061 0.504202 0.974264 0.40056
34 0.498061 0.504202 0.974264 0.40056
57 0.498061 0.504202 0.974264 0.40056
59 0.499622 0.4993 0.974264 0.404762
7 0.494548 0.507353 0.975044 0.397059
0 0.494548 0.507353 0.975044 0.397059
32 0.498061 0.504202 0.974264 0.40056
5 0.498061 0.504202 0.974264 0.40056
10 0.494548 0.507353 0.975044 0.397059
58 0.373351 0.508753 0.694397 0.394258
1 0.494548 0.507353 0.975044 0.397059
56 0.494938 0.503501 0.971141 0.396359
68 0.494548 0.507353 0.975044 0.397059
58 0.633896 0.512955 0.671368 0.392857
28 0.498061 0.504202 0.974264 0.40056
8 0.499622 0.4993 0.974264 0.404762
29 0.494548 0.507353 0.975044 0.397059
36 0.499622 0.4993 0.974264 0.404762
4 0.373351 0.508753 0.694397 0.394258
21 0.499622 0.4993 0.974264 0.404762
61 0.494938 0.503501 0.971141 0.396359
30 0.499622 0.4993 0.974264 0.404762
44 0.494548 0.507353 0.975044 0.397059
6 0.494548 0.507353 0.975044 0.397059
45 0.494938 0.503501 0.971141 0.396359
3 0.385744 0.514356 0.719573 0.392857
22 0.373351 0.508753 0.694397 0.394258
23 0.373351 0.508753 0.694397 0.394258
62 0.494548 0.507353 0.975044 0.397059
39 0.499622 0.4993 0.974264 0.404762
52 0.373351 0.508753 0.694397 0.394258
23 0.633896 0.512955 0.671368 0.392857
66 0.494548 0.507353 0.975044 0.397059
4 0.635848 0.512605 0.667464 0.406162
20 0.494548 0.507353 0.975044 0.397059
54 0.476203 0.497199 0.905566 0.428571
35 0.494548 0.507353 0.975044 0.397059
2 0.373351 0.508753 0.694397 0.394258
5 0.373351 0.508753 0.694397 0.394258
57 0.635848 0.512605 0.667464 0.406162
69 0.373351 0.508753 0.694397 0.394258
57 0.373351 0.508753 0.694397 0.394258
60 0.373351 0.508753 0.694397 0.394258
65 0.494548 0.507353 0.975044 0.397059
67 0.373351 0.508753 0.694397 0.394258
4 0.273231 0.516106 0.515236 0.40056
59 0.633896 0.512955 0.671368 0.392857
31 0.385744 0.514356 0.719573 0.392857
34 0.373351 0.508753 0.694397 0.394258
68 0.273231 0.516106 0.515236 0.40056
56 0.373351 0.508753 0.694397 0.394258
59 0.373351 0.508753 0.694397 0.394258
31 0.633896 0.512955 0.671368 0.392857
67 0.633896 0.512955 0.671368 0.392857
22 0.635848 0.512605 0.667464 0.406162
2 0.633896 0.512955 0.671368 0.392857
52 0.635848 0.512605 0.667464 0.406162
58 0.273231 0.516106 0.515236 0.40056
34 0.635848 0.512605 0.667464 0.406162
5 0.635848 0.512605 0.667464 0.406162
32 0.635848 0.512605 0.667464 0.406162
36 0.373351 0.508753 0.694397 0.394258
32 0.373351 0.508753 0.694397 0.394258
61 0.373351 0.508753 0.694397 0.394258
22 0.273231 0.516106 0.515236 0.40056
0 0.635848 0.512605 0.667464 0.406162
28 0.373351 0.508753 0.694397 0.394258
3 0.273231 0.516106 0.515236 0.40056
69 0.633896 0.512955 0.671368 0.392857
60 0.633896 0.512955 0.671368 0.392857
7 0.273231 0.516106 0.515236 0.40056
58 0.719769 0.506303 0.521481 0.434174
58 0.498061 0.506303 0.958651 0.389356
23 0.498061 0.506303 0.958651 0.389356
52 0.498061 0.506303 0.958651 0.389356
4 0.498061 0.506303 0.958651 0.389356
2 0.498842 0.506303 0.964896 0.387955
3 0.498061 0.506303 0.958651 0.389356
22 0.498061 0.506303 0.958651 0.389356
60 0.498842 0.506303 0.964896 0.387955
31 0.498061 0.506303 0.958651 0.389356
67 0.498842 0.506303 0.964896 0.387955
68 0.49728 0.512255 0.960212 0.392857
57 0.498061 0.506303 0.958651 0.389356
59 0.498061 0.506303 0.958651 0.389356
0 0.498842 0.506303 0.964896 0.387955
10 0.498061 0.506303 0.958651 0.389356
69 0.498061 0.506303 0.958651 0.389356
56 0.498842 0.506303 0.964896 0.387955
7 0.49728 0.512255 0.960212 0.392857
34 0.498061 0.506303 0.958651 0.389356
32 0.498061 0.506303 0.958651 0.389356
28 0.49728 0.512255 0.960212 0.392857
1 0.49728 0.512255 0.960212 0.392857
8 0.498061 0.506303 0.958651 0.389356
5 0.498061 0.506303 0.958651 0.389356
58 0.609305 0.520308 0.70962 0.379552
6 0.49728 0.512255 0.960212 0.392857
61 0.498842 0.506303 0.964896 0.387955
36 0.498061 0.506303 0.958651 0.389356
62 0.498842 0.506303 0.964896 0.387955
45 0.498842 0.506303 0.964896 0.387955
29 0.49728 0.512255 0.960212 0.392857
21 0.498061 0.506303 0.958651 0.389356
30 0.498061 0.506303 0.958651 0.389356
54 0.47308 0.512255 0.902443 0.395658
39 0.498061 0.506303 0.958651 0.389356
44 0.498842 0.506303 0.964896 0.387955
23 0.609305 0.520308 0.70962 0.379552
20 0.498842 0.506303 0.964896 0.387955
66 0.47308 0.512255 0.902443 0.395658
4 0.609305 0.520308 0.70962 0.379552
58 0.306019 0.510504 0.588618 0.415966
59 0.609305 0.520308 0.70962 0.379552
67 0.609305 0.520308 0.70962 0.379552
57 0.609305 0.520308 0.70962 0.379552
35 0.49728 0.512255 0.960212 0.392857
68 0.317729 0.511905 0.608134 0.408964
31 0.609305 0.520308 0.70962 0.379552
4 0.317729 0.511905 0.608134 0.408964
2 0.609305 0.520308 0.70962 0.379552
52 0.609305 0.520308 0.70962 0.379552
22 0.609305 0.520308 0.70962 0.379552
58 0.498451 0.514006 0.964115 0.397759
23 0.498451 0.514006 0.964115 0.397759
4 0.498451 0.514006 0.964115 0.397759
22 0.498451 0.514006 0.964115 0.397759
59 0.498451 0.514006 0.964115 0.397759
3 0.498451 0.514006 0.964115 0.397759
52 0.498451 0.514006 0.964115 0.397759
68 0.498061 0.515056 0.971141 0.394258
31 0.498451 0.514006 0.964115 0.397759
67 0.498061 0.515056 0.971141 0.394258
32 0.498451 0.514006 0.964115 0.397759
60 0.498061 0.515056 0.971141 0.394258
2 0.498061 0.515056 0.971141 0.394258
57 0.498451 0.514006 0.964115 0.397759
69 0.498451 0.514006 0.964115 0.397759
0 0.498061 0.515056 0.971141 0.394258
10 0.498451 0.514006 0.964115 0.397759
34 0.498451 0.514006 0.964115 0.397759
56 0.498061 0.515056 0.971141 0.394258
7 0.49728 0.515406 0.966457 0.392157
5 0.498451 0.514006 0.964115 0.397759
1 0.49728 0.515406 0.966457 0.392157
28 0.49728 0.515406 0.966457 0.392157
8 0.498451 0.514006 0.964115 0.397759
36 0.498451 0.514006 0.964115 0.397759
39 0.498451 0.514006 0.964115 0.397759
30 0.498451 0.514006 0.964115 0.397759
6 0.498061 0.515056 0.971141 0.394258
45 0.498061 0.515056 0.971141 0.394258
44 0.498451 0.514006 0.964115 0.397759
29 0.49728 0.515406 0.966457 0.392157
21 0.498451 0.514006 0.964115 0.397759
61 0.498061 0.515056 0.971141 0.394258
62 0.498061 0.515056 0.971141 0.394258
20 0.498451 0.514006 0.964115 0.397759
54 0.49728 0.515406 0.966457 0.392157
66 0.498061 0.514706 0.961773 0.393557
35 0.498061 0.514706 0.961773 0.393557
58 0.284746 0.52416 0.54373 0.432073
4 0.629993 0.508403 0.658877 0.439776
4 0.252934 0.517157 0.479325 0.413866
67 0.608817 0.52416 0.707473 0.392857
68 0.284746 0.52416 0.54373 0.432073
58 0.499622 0.509454 0.955528 0.388655
23 0.499622 0.509454 0.955528 0.388655
4 0.500403 0.509454 0.960212 0.394258
68 0.500403 0.509454 0.960212 0.394258
59 0.499622 0.509454 0.955528 0.388655
52 0.499622 0.509454 0.955528 0.388655
67 0.500793 0.509104 0.959431 0.387955
3 0.500403 0.509454 0.960212 0.394258
32 0.499622 0.510504 0.955528 0.390756
69 0.499622 0.510504 0.955528 0.390756
57 0.499622 0.509454 0.955528 0.388655
22 0.499622 0.510504 0.955528 0.390756
60 0.500793 0.509104 0.959431 0.387955
31 0.499622 0.509454 0.955528 0.388655
10 0.500403 0.509454 0.960212 0.394258
0 0.500793 0.509104 0.959431 0.387955
56 0.500793 0.509104 0.959431 0.387955
2 0.500793 0.509104 0.959431 0.387955
34 0.499622 0.510504 0.955528 0.390756
28 0.499622 0.510504 0.955528 0.390756
5 0.499622 0.510504 0.955528 0.390756
1 0.500403 0.509454 0.960212 0.394258
7 0.499622 0.510504 0.955528 0.390756
58 0.601986 0.528011 0.713328 0.364146
6 0.500403 0.509454 0.960212 0.394258
59 0.601986 0.528011 0.713328 0.364146
36 0.499622 0.509454 0.955528 0.388655
8 0.499622 0.510504 0.955528 0.390756
45 0.500793 0.509104 0.959431 0.387955
44 0.500403 0.509454 0.960212 0.394258
23 0.601986 0.528011 0.713328 0.364146
4 0.601986 0.528011 0.713328 0.364146
30 0.499622 0.509454 0.955528 0.388655
68 0.262107 0.494748 0.491426 0.406863
29 0.500403 0.509454 0.960212 0.394258
61 0.500793 0.509104 0.959431 0.387955
67 0.601986 0.528011 0.713328 0.364146
39 0.499622 0.510504 0.955528 0.390756
57 0.601986 0.528011 0.713328 0.364146
32 0.601986 0.528011 0.713328 0.364146
4 0.262107 0.494748 0.491426 0.406863
21 0.499622 0.510504 0.955528 0.390756
54 0.500403 0.509454 0.960212 0.394258
20 0.499622 0.510504 0.955528 0.390756
58 0.502745 0.510504 0.958651 0.386555
23 0.502745 0.510504 0.958651 0.386555
4 0.501964 0.509804 0.960212 0.387955
59 0.502745 0.510504 0.958651 0.386555
68 0.501964 0.509804 0.960212 0.387955
52 0.501964 0.509804 0.960212 0.387955
67 0.502745 0.510504 0.958651 0.386555
3 0.501964 0.509804 0.960212 0.387955
57 0.501964 0.509804 0.960212 0.387955
32 0.501964 0.509804 0.960212 0.387955
31 0.502745 0.510504 0.958651 0.386555
22 0.502745 0.510504 0.958651 0.386555
69 0.501964 0.509804 0.960212 0.387955
10 0.501964 0.509804 0.960212 0.387955
28 0.501964 0.509804 0.960212 0.387955
60 0.502745 0.510504 0.958651 0.386555
2 0.503526 0.509804 0.966457 0.385154
34 0.501964 0.509804 0.960212 0.387955
5 0.501964 0.509804 0.960212 0.387955
1 0.501964 0.509804 0.960212 0.387955
7 0.501964 0.509804 0.960212 0.387955
0 0.501964 0.509804 0.960212 0.387955
56 0.502745 0.510504 0.958651 0.386555
8 0.501964 0.509804 0.960212 0.387955
36 0.502355 0.509804 0.965676 0.392157
6 0.501964 0.509804 0.960212 0.387955
58 0.387207 0.509104 0.712743 0.431373
68 0.387207 0.509104 0.712743 0.431373
45 0.502745 0.510504 0.958651 0.386555
39 0.502745 0.510504 0.958651 0.386555
58 0.60667 0.491947 0.716451 0.455882
30 0.499622 0.508753 0.957089 0.384454
4 0.60667 0.491947 0.716451 0.455882
59 0.60667 0.491947 0.716451 0.455882
29 0.501964 0.509804 0.960212 0.387955
4 0.387207 0.509104 0.712743 0.431373
59 0.387207 0.509104 0.712743 0.431373
57 0.60667 0.491947 0.716451 0.455882
23 0.60667 0.491947 0.716451 0.455882
57 0.387207 0.509104 0.712743 0.431373
61 0.501964 0.509804 0.960212 0.387955
67 0.387207 0.509104 0.712743 0.431373
23 0.387207 0.509104 0.712743 0.431373
20 0.502745 0.510504 0.958651 0.386555
52 0.387207 0.509104 0.712743 0.431373
32 0.60667 0.491947 0.716451 0.455882
44 0.502745 0.510504 0.958651 0.386555
23 0.501964 0.510154 0.957089 0.392857
58 0.501964 0.510154 0.957089 0.392857
52 0.501964 0.510154 0.957089 0.392857
10 0.501964 0.510154 0.957089 0.392857
68 0.501964 0.510154 0.957089 0.392857
4 0.501964 0.509454 0.960212 0.391457
3 0.501964 0.510154 0.957089 0.392857
22 0.501964 0.509454 0.960212 0.391457
69 0.501964 0.509454 0.960212 0.391457
59 0.501964 0.509454 0.960212 0.391457
67 0.501964 0.510154 0.957089 0.392857
32 0.501964 0.510154 0.957089 0.392857
57 0.501964 0.509454 0.960212 0.391457
28 0.501964 0.510154 0.957089 0.392857
0 0.501964 0.509454 0.960212 0.391457
31 0.501964 0.509454 0.960212 0.391457
34 0.501964 0.510154 0.957089 0.392857
56 0.501964 0.510154 0.957089 0.392857
60 0.501964 0.510154 0.957089 0.392857
5 0.501964 0.509454 0.960212 0.391457
2 0.504697 0.508753 0.95787 0.388655
61 0.504697 0.508753 0.95787 0.388655
8 0.501964 0.509454 0.960212 0.391457
36 0.501964 0.509454 0.960212 0.391457
7 0.501964 0.509454 0.960212 0.391457
59 0.599644 0.527661 0.733625 0.371849
39 0.501964 0.509454 0.960212 0.391457
68 0.374327 0.508753 0.686981 0.413866
58 0.370618 0.506303 0.681126 0.415966
1 0.501964 0.509454 0.960212 0.391457
44 0.501964 0.510154 0.957089 0.392857
52 0.374327 0.508753 0.686981 0.413866
62 0.501964 0.509454 0.960212 0.391457
21 0.501964 0.509454 0.960212 0.391457
23 0.370618 0.506303 0.681126 0.415966
6 0.501964 0.509454 0.960212 0.391457
4 0.599644 0.527661 0.733625 0.371849
4 0.374327 0.508753 0.686981 0.413866
10 0.374327 0.508753 0.686981 0.413866
45 0.504697 0.508753 0.95787 0.388655
22 0.370618 0.506303 0.681126 0.415966
3 0.374327 0.508753 0.686981 0.413866
59 0.374327 0.508753 0.686981 0.413866
57 0.374327 0.508753 0.686981 0.413866
69 0.374327 0.508753 0.686981 0.413866
29 0.501964 0.509454 0.960212 0.391457
67 0.374327 0.508753 0.686981 0.413866
69 0.599644 0.527661 0.733625 0.371849
57 0.599644 0.527661 0.733625 0.371849
31 0.599644 0.527661 0.733625 0.371849
54 0.501964 0.509454 0.960212 0.391457
52 0.495719 0.505602 0.96958 0.392157
23 0.495719 0.503151 0.966457 0.391457
58 0.495719 0.505602 0.96958 0.392157
68 0.494938 0.506653 0.977386 0.392857
69 0.495719 0.505602 0.96958 0.392157
10 0.494158 0.504202 0.972703 0.385154
22 0.495719 0.505602 0.96958 0.392157
4 0.495719 0.505602 0.96958 0.392157
59 0.495719 0.505602 0.96958 0.392157
67 0.495719 0.505602 0.96958 0.392157
31 0.495719 0.505602 0.96958 0.392157
3 0.478154 0.507003 0.945379 0.394958
57 0.495719 0.505602 0.96958 0.392157
32 0.495719 0.505602 0.96958 0.392157
28 0.494158 0.504202 0.972703 0.385154
60 0.494158 0.504202 0.972703 0.385154
34 0.495719 0.505602 0.96958 0.392157
2 0.476203 0.503501 0.936792 0.385154
0 0.495719 0.505602 0.96958 0.392157
5 0.495719 0.505602 0.96958 0.392157
56 0.494158 0.504202 0.972703 0.385154
61 0.494158 0.504202 0.972703 0.385154
62 0.495719 0.505602 0.96958 0.392157
36 0.495719 0.505602 0.96958 0.392157
8 0.495719 0.505602 0.96958 0.392157
68 0.280647 0.506303 0.537875 0.407563
6 0.478154 0.507003 0.945379 0.394958
1 0.478154 0.507003 0.945379 0.394958
58 0.266986 0.505602 0.512113 0.403361
39 0.495719 0.505602 0.96958 0.392157
7 0.495719 0.505602 0.96958 0.392157
21 0.495719 0.505602 0.96958 0.392157
23 0.266986 0.505602 0.512113 0.403361
52 0.266986 0.505602 0.512113 0.403361
44 0.494158 0.504202 0.972703 0.385154
59 0.266986 0.505602 0.512113 0.403361
4 0.280647 0.506303 0.537875 0.407563
23 0.498061 0.506653 0.953967 0.37605
58 0.498061 0.506653 0.953967 0.37605
52 0.499622 0.505602 0.961773 0.37395
67 0.498451 0.511204 0.95787 0.386555
69 0.498451 0.511204 0.95787 0.386555
22 0.498451 0.511204 0.95787 0.386555
59 0.498061 0.506653 0.953967 0.37605
68 0.498061 0.506653 0.953967 0.37605
4 0.498451 0.511204 0.95787 0.386555
10 0.499622 0.505602 0.961773 0.37395
32 0.498451 0.511204 0.95787 0.386555
60 0.499622 0.505602 0.961773 0.37395
3 0.498061 0.506653 0.953967 0.37605
34 0.498451 0.511204 0.95787 0.386555
57 0.499622 0.505602 0.961773 0.37395
0 0.498451 0.511204 0.95787 0.386555
31 0.498451 0.511204 0.95787 0.386555
28 0.499622 0.505602 0.961773 0.37395
61 0.499622 0.505602 0.961773 0.37395
2 0.499622 0.505602 0.961773 0.37395
56 0.499622 0.505602 0.961773 0.37395
5 0.498061 0.506653 0.953967 0.37605
36 0.499622 0.511204 0.964896 0.386555
8 0.498451 0.511204 0.95787 0.386555
39 0.498061 0.506653 0.953967 0.37605
62 0.499622 0.511204 0.964896 0.386555
6 0.498842 0.511905 0.958651 0.387955
21 0.499622 0.505602 0.961773 0.37395
58 0.610086 0.519958 0.701813 0.384454
59 0.610086 0.519958 0.701813 0.384454
1 0.499622 0.505602 0.961773 0.37395
45 0.499622 0.505602 0.961773 0.37395
23 0.610086 0.519958 0.701813 0.384454
44 0.499622 0.505602 0.961773 0.37395
23 0.492597 0.511555 0.961773 0.387255
52 0.492987 0.513305 0.965676 0.380952
58 0.492597 0.511555 0.961773 0.387255
69 0.492987 0.513305 0.965676 0.380952
22 0.492987 0.513305 0.965676 0.380952
59 0.492987 0.513305 0.965676 0.380952
68 0.491035 0.508403 0.966457 0.389356
10 0.491035 0.508403 0.966457 0.389356
67 0.492987 0.513305 0.965676 0.380952
32 0.492597 0.511555 0.961773 0.387255
4 0.492987 0.513305 0.965676 0.380952
57 0.492987 0.513305 0.965676 0.380952
60 0.491035 0.508403 0.966457 0.389356
31 0.492987 0.513305 0.965676 0.380952
28 0.491035 0.508403 0.966457 0.389356
34 0.492987 0.513305 0.965676 0.380952
3 0.492597 0.511555 0.961773 0.387255
2 0.476983 0.506303 0.936792 0.387955
56 0.491035 0.508403 0.966457 0.389356
36 0.479325 0.508403 0.944599 0.390756
61 0.491035 0.508403 0.966457 0.389356
8 0.492987 0.513305 0.965676 0.380952
23 0.338221 0.503851 0.655364 0.412465
0 0.484009 0.507703 0.943037 0.386555
52 0.338221 0.503851 0.655364 0.412465
39 0.492987 0.513305 0.965676 0.380952
5 0.492987 0.513305 0.965676 0.380952
58 0.338221 0.503851 0.655364 0.412465
21 0.492987 0.513305 0.965676 0.380952
68 0.338221 0.503851 0.655364 0.412465
6 0.492987 0.513305 0.965676 0.380952
62 0.492987 0.513305 0.965676 0.380952
44 0.491035 0.508403 0.966457 0.389356
59 0.338221 0.503851 0.655364 0.412465
23 0.494938 0.506303 0.960212 0.385154
58 0.494548 0.509454 0.964115 0.390056
52 0.495719 0.503501 0.964896 0.387955
59 0.494548 0.509454 0.964115 0.390056
68 0.494938 0.507353 0.96958 0.398459
32 0.494548 0.509454 0.964115 0.390056
22 0.494548 0.509454 0.964115 0.390056
67 0.495719 0.503501 0.964896 0.387955
69 0.494548 0.509454 0.964115 0.390056
10 0.495719 0.503501 0.964896 0.387955
4 0.494548 0.509454 0.964115 0.390056
31 0.494548 0.509454 0.964115 0.390056
60 0.495719 0.503501 0.964896 0.387955
57 0.494548 0.509454 0.964115 0.390056
3 0.494548 0.509454 0.964115 0.390056
28 0.495719 0.503501 0.964896 0.387955
56 0.495719 0.503501 0.964896 0.387955
39 0.494548 0.509454 0.964115 0.390056
5 0.494548 0.509454 0.964115 0.390056
23 0.318704 0.512255 0.603841 0.429272
68 0.318704 0.512255 0.603841 0.429272
0 0.490254 0.503501 0.947721 0.401961
61 0.495719 0.503501 0.964896 0.387955
34 0.494548 0.509454 0.964115 0.390056
58 0.296065 0.509104 0.55622 0.418768
8 0.494548 0.509454 0.964115 0.390056
36 0.484009 0.507003 0.943037 0.401961
2 0.482058 0.502101 0.937573 0.389356
23 0.617502 0.508753 0.679174 0.412465
6 0.484009 0.507003 0.943037 0.401961
58 0.617502 0.508753 0.679174 0.412465
59 0.318704 0.512255 0.603841 0.429272
44 0.495719 0.503501 0.964896 0.387955
52 0.494158 0.509804 0.96958 0.376751
23 0.494548 0.511204 0.962554 0.372549
58 0.494548 0.511204 0.962554 0.372549
69 0.494548 0.511204 0.962554 0.372549
22 0.494548 0.511204 0.962554 0.372549
10 0.494938 0.510504 0.968019 0.37395
67 0.494548 0.511204 0.962554 0.372549
68 0.494158 0.509804 0.96958 0.376751
59 0.494548 0.511204 0.962554 0.372549
32 0.494548 0.511204 0.962554 0.372549
60 0.494548 0.511204 0.962554 0.372549
4 0.494548 0.511204 0.962554 0.372549
31 0.494548 0.511204 0.962554 0.372549
57 0.494548 0.511204 0.962554 0.372549
28 0.494938 0.510504 0.968019 0.37395
61 0.494938 0.510504 0.968019 0.37395
56 0.494938 0.510504 0.968019 0.37395
3 0.482448 0.508753 0.949283 0.378852
34 0.494548 0.511204 0.962554 0.372549
39 0.494548 0.511204 0.962554 0.372549
36 0.482448 0.508753 0.949283 0.378852
62 0.494548 0.511204 0.962554 0.372549
8 0.494548 0.511204 0.962554 0.372549
23 0.363983 0.506303 0.663951 0.401961
0 0.485571 0.509104 0.932108 0.376751
2 0.48479 0.508053 0.950844 0.37605
52 0.363983 0.506303 0.663951 0.401961
58 0.290796 0.510854 0.551927 0.413866
68 0.290796 0.510854 0.551927 0.413866
21 0.494548 0.511204 0.962554 0.372549
44 0.494938 0.510504 0.968019 0.37395
5 0.494548 0.511204 0.962554 0.372549
23 0.481667 0.510154 0.953967 0.388655
52 0.4965 0.511905 0.972702 0.385154
69 0.4965 0.511905 0.972702 0.385154
58 0.481667 0.510154 0.953967 0.388655
22 0.4965 0.511905 0.972702 0.385154
68 0.481667 0.510154 0.953967 0.388655
10 0.4965 0.511905 0.972702 0.385154
67 0.491035 0.505602 0.972702 0.386555
32 0.481667 0.510154 0.953967 0.388655
59 0.4965 0.511905 0.972702 0.385154
60 0.4965 0.511905 0.972702 0.385154
57 0.4965 0.511905 0.972702 0.385154
31 0.481667 0.510154 0.953967 0.388655
4 0.481667 0.510154 0.953967 0.388655
34 0.4965 0.511905 0.972702 0.385154
23 0.376961 0.506303 0.698105 0.413165
28 0.481667 0.510154 0.953967 0.388655
56 0.4965 0.505602 0.971141 0.386555
3 0.481667 0.510154 0.953967 0.388655
36 0.481667 0.510154 0.953967 0.388655
61 0.4965 0.511905 0.972702 0.385154
39 0.481667 0.510154 0.953967 0.388655
44 0.491035 0.505602 0.972702 0.386555
58 0.298993 0.514356 0.578469 0.411064
52 0.376961 0.506303 0.698105 0.413165
68 0.298993 0.514356 0.578469 0.411064
8 0.4965 0.511905 0.972702 0.385154
22 0.376961 0.506303 0.698105 0.413165
23 0.49611 0.511204 0.968799 0.39916
52 0.495719 0.509804 0.971141 0.397759
58 0.49611 0.511204 0.968799 0.39916
67 0.495719 0.509804 0.971141 0.397759
69 0.495329 0.509804 0.973483 0.392157
22 0.4965 0.511555 0.96958 0.387255
68 0.49611 0.511204 0.968799 0.39916
59 0.498061 0.509804 0.971141 0.392157
32 0.495329 0.509804 0.973483 0.392157
10 0.495329 0.509804 0.973483 0.392157
31 0.495329 0.509804 0.973483 0.392157
4 0.4965 0.511555 0.96958 0.387255
57 0.4965 0.511555 0.96958 0.387255
60 0.495719 0.509804 0.971141 0.397759
23 0.349736 0.487045 0.633896 0.461485
56 0.495719 0.509804 0.971141 0.397759
44 0.495719 0.509804 0.971141 0.397759
23 0.258008 0.504202 0.481667 0.431373
34 0.4965 0.511555 0.96958 0.387255
28 0.495719 0.509804 0.971141 0.397759
23 0.49728 0.509454 0.961773 0.37605
52 0.498061 0.505602 0.961773 0.37535
69 0.49728 0.509454 0.961773 0.37605
58 0.49728 0.509454 0.961773 0.37605
22 0.49728 0.509454 0.961773 0.37605
67 0.49728 0.509454 0.961773 0.37605
59 0.49728 0.509454 0.961773 0.37605
10 0.499232 0.507703 0.965677 0.379552
32 0.49728 0.509454 0.961773 0.37605
68 0.490255 0.507003 0.955528 0.380952
60 0.49728 0.509454 0.961773 0.37605
31 0.490255 0.507003 0.955528 0.380952
57 0.49728 0.509454 0.961773 0.37605
4 0.490255 0.507003 0.955528 0.380952
44 0.49728 0.510504 0.966457 0.37395
56 0.498061 0.505602 0.961773 0.37535
39 0.490255 0.507003 0.955528 0.380952
3 0.490255 0.507003 0.955528 0.380952
23 0.351297 0.491597 0.627651 0.436975
28 0.49728 0.509454 0.961773 0.37605
23 0.263082 0.505602 0.487913 0.417367
23 0.49728 0.506653 0.963335 0.394258
52 0.495719 0.506303 0.963335 0.401961
67 0.49728 0.506653 0.963335 0.394258
58 0.49728 0.506653 0.963335 0.394258
32 0.49728 0.506653 0.963335 0.394258
68 0.49728 0.506653 0.963335 0.394258
22 0.49728 0.506653 0.963335 0.394258
59 0.494548 0.507003 0.965676 0.396359
69 0.49611 0.505602 0.968799 0.397759
10 0.49611 0.505602 0.968799 0.397759
31 0.494548 0.507003 0.965676 0.396359
60 0.495719 0.506303 0.963335 0.401961
57 0.494548 0.507003 0.965676 0.396359
56 0.494158 0.503501 0.961773 0.408964
44 0.494548 0.507003 0.965676 0.396359
23 0.364959 0.506653 0.676832 0.418067
58 0.364959 0.506653 0.676832 0.418067
23 0.614379 0.489583 0.691665 0.464811
39 0.494548 0.507003 0.965676 0.396359
52 0.364959 0.506653 0.676832 0.418067
4 0.49728 0.502801 0.947721 0.397759
28 0.494158 0.503501 0.961773 0.408964
52 0.499622 0.510504 0.964896 0.393557
23 0.500403 0.511905 0.961773 0.392157
69 0.498842 0.506653 0.968019 0.391457
22 0.498842 0.506653 0.968019 0.391457
67 0.498842 0.506653 0.968019 0.391457
10 0.500403 0.511905 0.961773 0.392157
60 0.498842 0.506653 0.968019 0.391457
68 0.500403 0.511905 0.961773 0.392157
59 0.499622 0.509104 0.96958 0.385154
32 0.498842 0.506653 0.968019 0.391457
58 0.499622 0.509104 0.96958 0.385154
57 0.499622 0.509104 0.96958 0.385154
39 0.498842 0.506653 0.968019 0.391457
31 0.499622 0.509104 0.96958 0.385154
56 0.499622 0.512955 0.968018 0.383053
44 0.499622 0.509104 0.96958 0.385154
28 0.499622 0.510504 0.964896 0.393557
36 0.498842 0.506653 0.968019 0.391457
62 0.498842 0.506653 0.968019 0.391457
23 0.608525 0.488708 0.703375 0.46236
3 0.499622 0.512955 0.968018 0.383053
52 0.49728 0.512955 0.96958 0.39986
23 0.498451 0.513655 0.967238 0.390056
22 0.4965 0.511905 0.972702 0.396359
67 0.49728 0.512955 0.96958 0.39986
69 0.4965 0.511905 0.972702 0.396359
10 0.49728 0.512955 0.96958 0.39986
68 0.488693 0.510504 0.955528 0.39916
60 0.49728 0.512955 0.96958 0.39986
32 0.4965 0.511905 0.972702 0.396359
58 0.489474 0.508753 0.955528 0.394258
59 0.498842 0.516106 0.96958 0.385154
57 0.498451 0.513655 0.967238 0.390056
31 0.488693 0.510504 0.955528 0.39916
56 0.498061 0.517507 0.966457 0.382353
44 0.498842 0.516106 0.96958 0.385154
39 0.498451 0.513655 0.967238 0.390056
54 0.489474 0.508753 0.955528 0.394258
28 0.49728 0.512955 0.96958 0.39986
23 0.49611 0.516457 0.965676 0.37465
22 0.49611 0.516457 0.965676 0.37465
52 0.494158 0.511905 0.96958 0.385154
67 0.494158 0.511905 0.96958 0.385154
69 0.49611 0.516457 0.965676 0.37465
58 0.49611 0.516457 0.965676 0.37465
10 0.49611 0.516457 0.965676 0.37465
68 0.495719 0.517157 0.961773 0.377451
59 0.493377 0.522409 0.971141 0.359944
32 0.49611 0.516457 0.965676 0.37465
60 0.49611 0.516457 0.965676 0.37465
57 0.49611 0.516457 0.965676 0.37465
31 0.493767 0.513655 0.971922 0.384454
39 0.493767 0.513655 0.971922 0.384454
44 0.495329 0.521709 0.973483 0.364146
23 0.607354 0.536765 0.708839 0.356443
54 0.488693 0.506653 0.961773 0.384454
23 0.498061 0.520658 0.964896 0.377451
22 0.4965 0.512605 0.968019 0.390756
69 0.4965 0.512605 0.968019 0.390756
52 0.49728 0.512255 0.963335 0.390056
32 0.498451 0.516807 0.967238 0.382353
67 0.49728 0.512255 0.963335 0.390056
58 0.498061 0.520658 0.964896 0.377451
10 0.4965 0.512605 0.968019 0.390756
60 0.4965 0.512605 0.968019 0.390756
59 0.49728 0.522759 0.961773 0.37465
68 0.49728 0.512255 0.963335 0.390056
39 0.4965 0.512605 0.968019 0.390756
57 0.498061 0.520658 0.964896 0.377451
44 0.498061 0.520658 0.964896 0.377451
31 0.4965 0.512605 0.968019 0.390756
23 0.624138 0.505602 0.675271 0.434174
23 0.335684 0.505252 0.610476 0.426471
56 0.49728 0.522759 0.961773 0.37465
28 0.4965 0.512605 0.968019 0.390756
8 0.498061 0.520658 0.964896 0.377451
2 0.49728 0.512255 0.963335 0.390056
23 0.500403 0.514006 0.96958 0.372549
22 0.500403 0.514006 0.96958 0.372549
69 0.498842 0.510854 0.96958 0.380252
52 0.499232 0.510504 0.965677 0.379552
32 0.500403 0.514006 0.96958 0.372549
58 0.499622 0.516807 0.971141 0.369748
10 0.498842 0.510854 0.96958 0.380252
67 0.498842 0.510854 0.96958 0.380252
59 0.498842 0.518557 0.968019 0.367647
68 0.501184 0.514706 0.968018 0.376751
23 0.351297 0.506653 0.643264 0.404062
60 0.499622 0.516807 0.971141 0.369748
39 0.500403 0.514006 0.96958 0.372549
22 0.351297 0.506653 0.643264 0.404062
23 0.617502 0.532213 0.682297 0.37535
31 0.498842 0.510854 0.96958 0.380252
32 0.351297 0.506653 0.643264 0.404062
44 0.499622 0.516807 0.971141 0.369748
52 0.351297 0.506653 0.643264 0.404062
33 0.500403 0.514006 0.96958 0.372549
57 0.499622 0.516807 0.971141 0.369748
69 0.351297 0.506653 0.643264 0.404062
52 0.494938 0.511555 0.955528 0.390056
23 0.4965 0.518207 0.955528 0.376751
22 0.4965 0.518207 0.955528 0.376751
67 0.498061 0.514706 0.953967 0.389356
69 0.498061 0.513655 0.958651 0.385854
10 0.498061 0.513655 0.958651 0.385854
68 0.494938 0.511555 0.955528 0.390056
58 0.4965 0.518207 0.955528 0.376751
60 0.4965 0.518207 0.955528 0.376751
32 0.498061 0.513655 0.958651 0.385854
59 0.494938 0.52521 0.964896 0.365546
57 0.4965 0.518207 0.955528 0.376751
52 0.331781 0.4993 0.59174 0.421569
31 0.495719 0.52556 0.966457 0.363445
44 0.495719 0.52556 0.966457 0.363445
54 0.494158 0.510854 0.957089 0.390056
52 0.238101 0.5 0.439512 0.421569
23 0.238101 0.5 0.439512 0.421569
23 0.331781 0.4993 0.59174 0.421569
23 0.492206 0.517507 0.968799 0.371148
22 0.492206 0.517507 0.968799 0.371148
69 0.492206 0.517507 0.968799 0.371148
58 0.492206 0.517507 0.968799 0.371148
67 0.492206 0.517507 0.968799 0.371148
32 0.492206 0.517507 0.968799 0.371148
52 0.489474 0.510854 0.966457 0.387255
68 0.492206 0.517507 0.968799 0.371148
60 0.492206 0.517507 0.968799 0.371148
10 0.492206 0.517507 0.968799 0.371148
59 0.492206 0.517507 0.968799 0.371148
39 0.492206 0.517507 0.968799 0.371148
57 0.492206 0.517507 0.968799 0.371148
31 0.492206 0.517507 0.968799 0.371148
44 0.492206 0.517507 0.968799 0.371148
54 0.489474 0.510854 0.966457 0.387255
23 0.577298 0.545868 0.762705 0.342437
23 0.692445 0.537815 0.53241 0.383754
6 0.492206 0.517507 0.968799 0.371148
3 0.492206 0.517507 0.968799 0.371148
23 0.494158 0.514706 0.974264 0.382353
22 0.494158 0.514706 0.974264 0.382353
52 0.487522 0.507353 0.964115 0.391457
69 0.485961 0.510154 0.960993 0.394258
67 0.487522 0.507353 0.964115 0.391457
58 0.494158 0.514706 0.974264 0.382353
68 0.485961 0.510154 0.960993 0.394258
32 0.485961 0.510154 0.960993 0.394258
59 0.494158 0.514706 0.974264 0.382353
23 0.373156 0.509804 0.688542 0.414566
10 0.494158 0.514706 0.974264 0.382353
60 0.494158 0.514706 0.974264 0.382353
23 0.253715 0.510154 0.479325 0.419468
31 0.494158 0.514706 0.974264 0.382353
57 0.494158 0.514706 0.974264 0.382353
54 0.487522 0.507353 0.964115 0.391457
44 0.494158 0.514706 0.974264 0.382353
23 0.516407 0.470501 0.82828 0.504377
23 0.495719 0.516106 0.966457 0.382353
22 0.495719 0.516106 0.966457 0.382353
69 0.495719 0.516106 0.966457 0.382353
52 0.492596 0.508053 0.963335 0.391457
67 0.491816 0.510854 0.960212 0.390056
58 0.495719 0.516106 0.966457 0.382353
59 0.495719 0.516106 0.966457 0.382353
32 0.495719 0.516106 0.966457 0.382353
68 0.491816 0.510854 0.960212 0.390056
10 0.494548 0.512605 0.968799 0.387955
60 0.495719 0.516106 0.966457 0.382353
39 0.495719 0.516106 0.966457 0.382353
57 0.495719 0.516106 0.966457 0.382353
23 0.320851 0.503501 0.572224 0.434174
31 0.495719 0.516106 0.966457 0.382353
44 0.495719 0.516106 0.966457 0.382353
54 0.492596 0.508053 0.963335 0.391457
23 0.49728 0.514356 0.968018 0.383053
22 0.49728 0.514356 0.968018 0.383053
52 0.495719 0.509454 0.966457 0.394258
69 0.495719 0.511204 0.972703 0.389356
67 0.495719 0.509454 0.966457 0.394258
58 0.496109 0.516106 0.967238 0.382353
59 0.49728 0.514356 0.968018 0.383053
68 0.495719 0.509454 0.966457 0.394258
32 0.49728 0.514356 0.968018 0.383053
10 0.496109 0.516106 0.967238 0.382353
60 0.496109 0.516106 0.967238 0.382353
44 0.496109 0.516106 0.967238 0.382353
23 0.494158 0.512605 0.966457 0.393557
22 0.494158 0.512605 0.966457 0.393557
69 0.494548 0.511555 0.964115 0.392857
67 0.494158 0.512605 0.966457 0.393557
52 0.495719 0.508403 0.96958 0.389356
60 0.494158 0.512605 0.966457 0.393557
10 0.494548 0.511555 0.964115 0.392857
32 0.494158 0.512605 0.966457 0.393557
39 0.494158 0.512605 0.966457 0.393557
68 0.494158 0.512605 0.966457 0.393557
58 0.494158 0.512605 0.966457 0.393557
59 0.494158 0.512605 0.966457 0.393557
44 0.494158 0.512605 0.966457 0.393557
57 0.494158 0.512605 0.966457 0.393557
31 0.494158 0.512605 0.966457 0.393557
54 0.495719 0.508403 0.96958 0.389356
23 0.495719 0.516106 0.96958 0.382353
22 0.495719 0.516106 0.96958 0.382353
69 0.495719 0.516106 0.96958 0.382353
52 0.494938 0.516807 0.96958 0.390756
67 0.495719 0.516106 0.96958 0.382353
58 0.49611 0.517507 0.965676 0.382353
59 0.49611 0.517507 0.965676 0.382353
32 0.495719 0.516106 0.96958 0.382353
68 0.4965 0.518557 0.968019 0.388655
10 0.49611 0.517507 0.965676 0.382353
23 0.345442 0.508753 0.629993 0.416667
60 0.49611 0.517507 0.965676 0.382353
23 0.619454 0.517507 0.681516 0.407563
39 0.495719 0.513305 0.972703 0.386555
23 0.49728 0.517157 0.96958 0.383053
22 0.49728 0.517157 0.96958 0.383053
69 0.49728 0.517157 0.96958 0.383053
58 0.49728 0.517157 0.96958 0.383053
32 0.4965 0.518207 0.963335 0.383753
67 0.498842 0.515406 0.964896 0.392157
23 0.367301 0.512255 0.686981 0.402661
52 0.498842 0.515406 0.964896 0.392157
59 0.49728 0.517157 0.96958 0.383053
10 0.49728 0.517157 0.96958 0.383053
68 0.49728 0.517507 0.966457 0.390756
23 0.505477 0.467437 0.850139 0.511905
60 0.49728 0.517157 0.96958 0.383053
39 0.4965 0.518207 0.963335 0.383753
23 0.4965 0.518207 0.971141 0.378151
22 0.4965 0.518207 0.971141 0.378151
52 0.495719 0.515406 0.966457 0.387955
69 0.4965 0.518207 0.971141 0.378151
67 0.4965 0.518207 0.971141 0.378151
10 0.4965 0.518207 0.971141 0.378151
58 0.4965 0.518207 0.971141 0.378151
32 0.4965 0.518207 0.971141 0.378151
59 0.4965 0.518207 0.971141 0.378151
60 0.4965 0.518207 0.971141 0.378151
39 0.4965 0.518207 0.971141 0.378151
68 0.494158 0.511905 0.96958 0.387955
23 0.496109 0.510154 0.967238 0.384454
22 0.496109 0.510154 0.967238 0.384454
69 0.495719 0.507703 0.966457 0.389356
32 0.496109 0.510154 0.967238 0.384454
39 0.495719 0.507703 0.966457 0.389356
58 0.498451 0.513305 0.964115 0.382353
23 0.371204 0.504202 0.700252 0.406163
67 0.494158 0.510154 0.961773 0.392857
22 0.371204 0.504202 0.700252 0.406163
68 0.495719 0.511905 0.963335 0.392157
60 0.496109 0.510154 0.967238 0.384454
59 0.498451 0.513305 0.964115 0.382353
10 0.494158 0.510154 0.961773 0.392857
32 0.371204 0.504202 0.700252 0.406163
23 0.621503 0.523109 0.682102 0.396359
23 0.498451 0.514356 0.973483 0.383053
22 0.498451 0.514356 0.973483 0.383053
67 0.498451 0.514356 0.973483 0.383053
69 0.498451 0.514356 0.973483 0.383053
32 0.498451 0.514356 0.973483 0.383053
58 0.498451 0.514356 0.973483 0.383053
52 0.495719 0.508053 0.964896 0.388655
60 0.500793 0.516106 0.968799 0.382353
10 0.498451 0.514356 0.973483 0.383053
68 0.498061 0.514006 0.971141 0.385154
39 0.49611 0.511555 0.971922 0.387255
59 0.500793 0.516106 0.968799 0.382353
57 0.498451 0.514356 0.973483 0.383053
23 0.495719 0.510854 0.966457 0.390056
22 0.495719 0.510854 0.966457 0.390056
69 0.498842 0.508403 0.966457 0.392157
52 0.49728 0.507703 0.963335 0.392157
67 0.498842 0.508403 0.966457 0.392157
10 0.498842 0.508403 0.966457 0.392157
58 0.494158 0.513305 0.963335 0.386555
60 0.494158 0.513305 0.963335 0.386555
32 0.495719 0.510854 0.966457 0.390056
59 0.494158 0.513305 0.963335 0.386555
23 0.336074 0.506303 0.625309 0.408964
39 0.498842 0.508403 0.966457 0.392157
68 0.49728 0.507703 0.963335 0.392157
44 0.494158 0.513305 0.963335 0.386555
52 0.336074 0.506303 0.625309 0.408964
22 0.336074 0.506303 0.625309 0.408964
2 0.492987 0.514006 0.946941 0.393557
23 0.498061 0.514006 0.971141 0.380952
22 0.498061 0.514006 0.971141 0.380952
69 0.49728 0.511204 0.968018 0.383753
67 0.495719 0.513305 0.963335 0.386555
52 0.495719 0.513305 0.963335 0.386555
10 0.498061 0.514006 0.971141 0.380952
58 0.498061 0.514006 0.971141 0.380952
32 0.498061 0.514006 0.971141 0.380952
60 0.498061 0.514006 0.971141 0.380952
39 0.498061 0.514006 0.971141 0.380952
68 0.492596 0.510504 0.96958 0.383753
59 0.498061 0.514006 0.971141 0.380952
44 0.498061 0.514006 0.971141 0.380952
23 0.49611 0.511204 0.965676 0.386555
22 0.49611 0.511204 0.965676 0.386555
69 0.494548 0.507003 0.965676 0.392157
32 0.49611 0.511204 0.965676 0.386555
67 0.49611 0.511204 0.965676 0.386555
58 0.4965 0.515756 0.963335 0.380252
39 0.494548 0.507003 0.965676 0.392157
23 0.61516 0.526611 0.702594 0.379552
59 0.495329 0.516807 0.960993 0.383753
60 0.4965 0.515756 0.963335 0.380252
10 0.494548 0.507003 0.965676 0.392157
68 0.495329 0.516807 0.960993 0.383753
52 0.492596 0.510154 0.963335 0.395658
23 0.492597 0.514356 0.964896 0.384454
22 0.493377 0.511905 0.964896 0.386555
69 0.493377 0.511905 0.964896 0.386555
32 0.492597 0.514356 0.964896 0.384454
58 0.494938 0.517507 0.961773 0.379552
67 0.492597 0.514356 0.964896 0.384454
39 0.493377 0.511905 0.964896 0.386555
60 0.494938 0.517507 0.961773 0.379552
59 0.494938 0.517507 0.961773 0.379552
10 0.494158 0.510504 0.96958 0.386555
68 0.494158 0.516106 0.960212 0.380952
52 0.494158 0.508403 0.968018 0.386555
23 0.491035 0.514356 0.963335 0.384454
22 0.491035 0.514356 0.963335 0.384454
67 0.491035 0.514356 0.963335 0.384454
69 0.491035 0.514356 0.963335 0.384454
52 0.491035 0.514356 0.963335 0.384454
59 0.491035 0.514356 0.963335 0.384454
58 0.494158 0.518207 0.960212 0.380952
10 0.494158 0.518207 0.960212 0.380952
23 0.505868 0.472689 0.844674 0.502801
32 0.492597 0.516807 0.961773 0.383753
23 0.496109 0.511555 0.964115 0.395658
22 0.496109 0.511555 0.964115 0.395658
69 0.496109 0.512605 0.959431 0.397759
67 0.496109 0.511555 0.964115 0.395658
32 0.496109 0.511555 0.964115 0.395658
39 0.496109 0.512605 0.959431 0.397759
58 0.49728 0.514356 0.960212 0.394258
10 0.496109 0.512605 0.959431 0.397759
60 0.49728 0.514356 0.960212 0.394258
59 0.49728 0.514356 0.960212 0.394258
52 0.496109 0.512605 0.959431 0.397759
44 0.496109 0.512605 0.959431 0.397759
68 0.496109 0.512605 0.959431 0.397759
23 0.495329 0.516106 0.962554 0.380952
22 0.498842 0.512955 0.964896 0.385854
52 0.498061 0.514356 0.958651 0.391457
59 0.495329 0.516106 0.962554 0.380952
58 0.495329 0.516106 0.962554 0.380952
67 0.495329 0.516106 0.962554 0.380952
68 0.496109 0.517157 0.959431 0.385854
32 0.49728 0.519958 0.957089 0.378852
69 0.49728 0.519958 0.957089 0.378852
23 0.498061 0.508753 0.955528 0.391457
22 0.498061 0.508753 0.955528 0.391457
59 0.49728 0.511204 0.960212 0.390756
58 0.49728 0.511204 0.960212 0.390756
69 0.493767 0.509804 0.960992 0.389356
23 0.266205 0.511555 0.50899 0.408263
32 0.49728 0.511555 0.960212 0.392857
67 0.493767 0.509804 0.960992 0.389356
68 0.49728 0.511204 0.953967 0.394958
52 0.49728 0.511555 0.960212 0.392857
23 0.494548 0.516457 0.971922 0.384454
22 0.491035 0.512955 0.968019 0.388655
32 0.494548 0.516457 0.971922 0.384454
69 0.492206 0.511555 0.967238 0.391457
58 0.498451 0.519608 0.967238 0.383754
59 0.498061 0.522759 0.964896 0.384454
39 0.494548 0.516457 0.971922 0.384454
23 0.339587 0.506303 0.629212 0.40056
67 0.494548 0.516457 0.971922 0.384454
23 0.647265 0.530112 0.636823 0.379552
68 0.495719 0.519608 0.96958 0.390756
22 0.339587 0.506303 0.629212 0.40056
23 0.49611 0.518557 0.971922 0.395658
22 0.494158 0.511905 0.974264 0.393557
58 0.495719 0.515056 0.972703 0.390056
32 0.495719 0.515056 0.972703 0.390056
59 0.494938 0.518908 0.968019 0.394958
67 0.495719 0.515056 0.972703 0.390056
69 0.494158 0.511905 0.974264 0.393557
39 0.495719 0.515056 0.972703 0.390056
68 0.49611 0.518557 0.971922 0.395658
23 0.498061 0.511204 0.974264 0.389356
22 0.498061 0.511204 0.974264 0.389356
69 0.498061 0.511204 0.974264 0.389356
67 0.498061 0.511204 0.974264 0.389356
39 0.495719 0.512255 0.96958 0.392857
60 0.495719 0.512255 0.96958 0.392857
32 0.498061 0.511204 0.974264 0.389356
23 0.35442 0.502101 0.661219 0.401961
58 0.495719 0.512255 0.96958 0.392857
52 0.495719 0.510504 0.968018 0.397759
59 0.495719 0.512255 0.96958 0.392857
10 0.495719 0.512255 0.96958 0.392857
2 0.495719 0.512255 0.96958 0.392857
68 0.495719 0.510504 0.968018 0.397759
22 0.35442 0.502101 0.661219 0.401961
23 0.491816 0.514006 0.958651 0.390756
22 0.491426 0.515406 0.959431 0.390756
58 0.491426 0.515406 0.959431 0.390756
32 0.491035 0.515056 0.960212 0.394258
59 0.491035 0.515056 0.960212 0.394258
67 0.491035 0.515056 0.960212 0.394258
69 0.495719 0.511204 0.963335 0.392157
23 0.355981 0.506303 0.668245 0.411765
39 0.491426 0.515406 0.959431 0.390756
60 0.491426 0.515406 0.959431 0.390756
10 0.491426 0.515406 0.959431 0.390756
68 0.491035 0.515056 0.960212 0.394258
52 0.495719 0.512605 0.958651 0.394958
23 0.492596 0.518557 0.963335 0.385854
22 0.492206 0.513305 0.965677 0.390756
69 0.492206 0.513305 0.965677 0.390756
32 0.49728 0.523809 0.957089 0.379552
67 0.492596 0.518557 0.963335 0.385854
58 0.498451 0.523109 0.954747 0.380952
59 0.49728 0.523809 0.957089 0.379552
39 0.491035 0.516106 0.952405 0.387955
68 0.493377 0.513655 0.964896 0.391457
52 0.493377 0.513655 0.964896 0.391457
23 0.374326 0.504902 0.693226 0.422969
60 0.498451 0.523109 0.954747 0.380952
2 0.491035 0.516106 0.952405 0.387955
10 0.492206 0.513305 0.965677 0.390756
23 0.494938 0.515406 0.971141 0.389356
22 0.491816 0.511204 0.96958 0.396359
69 0.491816 0.511204 0.96958 0.396359
59 0.494938 0.515406 0.971141 0.389356
58 0.494938 0.515406 0.971141 0.389356
32 0.49728 0.518207 0.963335 0.389356
23 0.370033 0.509454 0.693226 0.418067
67 0.494938 0.515406 0.971141 0.389356
22 0.370033 0.509454 0.693226 0.418067
68 0.495329 0.514356 0.97036 0.394258
23 0.597595 0.511905 0.725233 0.42437
23 0.492987 0.513655 0.968799 0.390056
22 0.492987 0.513655 0.968799 0.390056
69 0.491035 0.511204 0.958651 0.39916
58 0.491035 0.511204 0.958651 0.39916
67 0.492987 0.513655 0.968799 0.390056
59 0.492987 0.513655 0.968799 0.390056
23 0.521871 0.478641 0.823596 0.4993
23 0.495329 0.510854 0.967238 0.398459
22 0.492596 0.506653 0.966457 0.404062
67 0.492596 0.506653 0.966457 0.404062
69 0.493767 0.509454 0.959431 0.402661
58 0.495329 0.510854 0.967238 0.398459
32 0.494938 0.509804 0.964896 0.40056
39 0.493767 0.509454 0.959431 0.402661
59 0.495329 0.510854 0.967238 0.398459
68 0.494938 0.509804 0.964896 0.40056
60 0.493767 0.509454 0.959431 0.402661
23 0.513674 0.42612 0.857165 0.601541
23 0.494938 0.514006 0.971141 0.380952
22 0.492597 0.511555 0.972702 0.387255
23 0.37862 0.510154 0.713523 0.406863
59 0.494938 0.519258 0.968019 0.37465
58 0.494938 0.514006 0.971141 0.380952
32 0.494938 0.519258 0.968019 0.37465
69 0.493767 0.516106 0.962554 0.390756
23 0.49728 0.516807 0.966457 0.383753
22 0.49728 0.516807 0.966457 0.383753
58 0.498061 0.519608 0.961773 0.379552
32 0.498061 0.519608 0.961773 0.383754
59 0.498061 0.519608 0.961773 0.383754
23 0.354615 0.506303 0.65068 0.435574
39 0.498061 0.519608 0.961773 0.379552
23 0.49689 0.517507 0.97036 0.379552
22 0.498061 0.518908 0.961773 0.379552
67 0.498061 0.521008 0.964896 0.37535
32 0.498061 0.518908 0.961773 0.379552
69 0.498061 0.518908 0.961773 0.379552
39 0.498061 0.521008 0.964896 0.37535
59 0.498061 0.518908 0.961773 0.379552
58 0.49611 0.522059 0.965676 0.37465
10 0.498061 0.521008 0.964896 0.37535
60 0.498061 0.521008 0.964896 0.37535
23 0.346613 0.507703 0.636238 0.42437
23 0.49689 0.513305 0.97036 0.383754
22 0.494938 0.515056 0.966457 0.390056
69 0.494938 0.515056 0.966457 0.390056
32 0.494938 0.515056 0.966457 0.390056
59 0.494938 0.515056 0.966457 0.390056
58 0.495719 0.514706 0.966457 0.385154
67 0.495719 0.514706 0.966457 0.385154
39 0.495719 0.514706 0.966457 0.385154
23 0.377059 0.510504 0.696349 0.421569
10 0.495719 0.514706 0.966457 0.385154
23 0.498061 0.516106 0.961773 0.390756
22 0.498061 0.516106 0.961773 0.390756
69 0.495719 0.521359 0.960212 0.390056
67 0.4965 0.519608 0.963335 0.386555
60 0.4965 0.519608 0.963335 0.386555
32 0.495719 0.521359 0.960212 0.390056
23 0.383987 0.505602 0.707473 0.42577
10 0.4965 0.519608 0.963335 0.386555
39 0.4965 0.519608 0.963335 0.386555
58 0.4965 0.519608 0.963335 0.386555
59 0.495719 0.521359 0.960212 0.390056
23 0.495719 0.511905 0.964896 0.389356
22 0.4965 0.515056 0.961773 0.392857
69 0.4965 0.517157 0.958651 0.391457
32 0.4965 0.517157 0.958651 0.391457
23 0.381743 0.498249 0.707278 0.413866
67 0.495719 0.511905 0.964896 0.389356
39 0.495719 0.507703 0.957089 0.394958
58 0.495719 0.511905 0.964896 0.389356
23 0.495329 0.513305 0.967238 0.386555
22 0.493377 0.509104 0.968019 0.390756
58 0.495329 0.513305 0.967238 0.386555
23 0.37862 0.496849 0.701033 0.430672
69 0.493377 0.511204 0.960212 0.387955
23 0.492987 0.512955 0.968799 0.385854
22 0.491816 0.510504 0.96958 0.393557
58 0.492987 0.512955 0.968799 0.385854
67 0.492987 0.512955 0.968799 0.385854
32 0.494158 0.517857 0.963335 0.390056
39 0.490254 0.511905 0.961773 0.389356
59 0.494158 0.517857 0.963335 0.390056
69 0.494158 0.517857 0.963335 0.390056
23 0.491816 0.515406 0.961773 0.385154
22 0.493377 0.517857 0.961773 0.387255
69 0.493377 0.517857 0.961773 0.387255
67 0.493377 0.517507 0.961773 0.383753
32 0.493377 0.517857 0.961773 0.387255
58 0.491816 0.514006 0.958651 0.390756
39 0.493377 0.517857 0.961773 0.387255
59 0.493377 0.517857 0.961773 0.387255
23 0.493767 0.514706 0.960992 0.385154
22 0.493767 0.514706 0.960992 0.385154
58 0.493767 0.514706 0.960992 0.385154
59 0.493767 0.514706 0.960992 0.385154
32 0.494158 0.514006 0.960212 0.389356
23 0.367105 0.507003 0.680345 0.414566
39 0.491816 0.514706 0.955528 0.385154
23 0.494938 0.513305 0.958651 0.382353
22 0.49728 0.509104 0.966457 0.387955
58 0.494938 0.513305 0.958651 0.382353
59 0.494938 0.513305 0.958651 0.382353
67 0.494938 0.513305 0.958651 0.382353
32 0.493377 0.515406 0.961773 0.387955
23 0.494938 0.516457 0.961773 0.378852
22 0.498061 0.519258 0.958651 0.37465
59 0.498061 0.519258 0.958651 0.37465
58 0.494938 0.516457 0.961773 0.378852
32 0.498061 0.519258 0.958651 0.37465
69 0.498061 0.519258 0.958651 0.37465
23 0.498061 0.516106 0.961773 0.382353
22 0.494938 0.518207 0.961773 0.383753
32 0.494938 0.518207 0.961773 0.383753
58 0.495719 0.518908 0.960212 0.380952
39 0.494938 0.518207 0.961773 0.383753
59 0.494938 0.518207 0.961773 0.383753
23 0.495719 0.518908 0.963335 0.385154
22 0.4965 0.511905 0.971141 0.386555
23 0.4965 0.517857 0.958651 0.380252
22 0.495719 0.521709 0.958651 0.379552
59 0.495719 0.521709 0.958651 0.379552
32 0.495719 0.521709 0.958651 0.379552
58 0.4965 0.517857 0.958651 0.380252
23 0.494938 0.514006 0.964896 0.386555
22 0.494938 0.514006 0.964896 0.386555
67 0.494938 0.514006 0.964896 0.386555
39 0.494938 0.514006 0.964896 0.386555
23 0.494158 0.512605 0.96958 0.382353
22 0.493377 0.512255 0.958651 0.390056
58 0.494158 0.512605 0.96958 0.382353
39 0.493377 0.513305 0.958651 0.385154
32 0.494158 0.512605 0.96958 0.382353
23 0.501184 0.513305 0.952405 0.382353
22 0.499622 0.512255 0.949283 0.388655
67 0.499622 0.515406 0.952405 0.380952
23 0.498842 0.517507 0.957089 0.385154
22 0.499622 0.514706 0.952405 0.390756
32 0.49728 0.519608 0.957089 0.382353
23 0.497671 0.515406 0.959431 0.387955
22 0.4965 0.518908 0.955528 0.385154
10 0.498061 0.517507 0.955528 0.385154
39 0.4965 0.518908 0.955528 0.385154
60 0.498061 0.517507 0.955528 0.385154
69 0.4965 0.518908 0.955528 0.385154
67 0.498061 0.517507 0.955528 0.385154
23 0.498061 0.516457 0.964896 0.383053
22 0.498061 0.516457 0.964896 0.383053
23 0.373156 0.509104 0.691665 0.407563
39 0.498061 0.516457 0.964896 0.383053
22 0.373156 0.509104 0.691665 0.407563
23 0.501964 0.515756 0.960212 0.387255
22 0.501964 0.515756 0.960212 0.387255
32 0.498842 0.518908 0.958651 0.390756
58 0.499622 0.518908 0.958651 0.385154
39 0.499622 0.518908 0.958651 0.385154
59 0.499622 0.518908 0.958651 0.385154
23 0.49689 0.516106 0.965676 0.387955
22 0.494938 0.512955 0.958651 0.392857
39 0.4965 0.513655 0.958651 0.388655
23 0.311679 0.510854 0.596034 0.40126
10 0.49689 0.516106 0.965676 0.387955
69 0.49689 0.516106 0.965676 0.387955
23 0.498061 0.515056 0.964896 0.385854
22 0.49728 0.510504 0.971141 0.392157
39 0.498061 0.515056 0.964896 0.385854
23 0.323584 0.510504 0.614379 0.404762
69 0.498061 0.515056 0.964896 0.385854
23 0.49689 0.514006 0.964115 0.380952
22 0.49728 0.512955 0.957089 0.388655
39 0.495719 0.517507 0.960212 0.386555
58 0.4965 0.516457 0.961773 0.378852
32 0.495719 0.517507 0.960212 0.386555
23 0.498842 0.513305 0.960212 0.386555
22 0.500013 0.509804 0.954747 0.392157
58 0.49728 0.515406 0.957089 0.383754
59 0.4965 0.516106 0.958651 0.387955
23 0.498451 0.514006 0.960993 0.386555
22 0.49689 0.509804 0.967238 0.387955
59 0.498451 0.514006 0.960993 0.386555
58 0.498451 0.514006 0.960993 0.386555
23 0.498842 0.517157 0.963335 0.383053
22 0.498061 0.516807 0.957089 0.389356
59 0.496109 0.521008 0.962554 0.383754
58 0.49728 0.521008 0.960212 0.376751
23 0.495719 0.517857 0.963335 0.384454
22 0.49728 0.515406 0.960212 0.393557
59 0.495329 0.522409 0.960993 0.378151
23 0.494938 0.514706 0.961773 0.389356
22 0.495719 0.514006 0.955528 0.397759
23 0.4965 0.514006 0.966457 0.386555
22 0.4965 0.514006 0.966457 0.386555
59 0.4965 0.514006 0.966457 0.386555
52 0.4965 0.514006 0.966457 0.386555
58 0.4965 0.514006 0.966457 0.386555
23 0.498451 0.515056 0.962554 0.387255
22 0.498451 0.515056 0.962554 0.387255
39 0.4965 0.517857 0.961773 0.390056
23 0.494938 0.514006 0.968019 0.386555
22 0.494938 0.514006 0.968019 0.386555
23 0.498061 0.513305 0.957089 0.385154
22 0.500403 0.512255 0.957089 0.384454
23 0.498061 0.514006 0.961773 0.383754
22 0.499622 0.513655 0.953967 0.390056
23 0.497671 0.514006 0.962554 0.383754
22 0.497671 0.514006 0.962554 0.383754
23 0.4965 0.515756 0.966457 0.385854
22 0.49689 0.514006 0.95787 0.392157
23 0.49728 0.512605 0.963335 0.387955
22 0.4965 0.516457 0.964896 0.385854
23 0.304067 0.509104 0.586276 0.413165
23 0.494938 0.515406 0.966457 0.383754
22 0.4965 0.514006 0.961773 0.390756
23 0.49728 0.514706 0.963335 0.386555
22 0.49728 0.514706 0.963335 0.386555
23 0.49611 0.514006 0.965676 0.386555
22 0.49611 0.514006 0.965676 0.386555
23 0.37296 0.507703 0.695958 0.413165
23 0.49728 0.514706 0.963335 0.383754
22 0.49728 0.514706 0.963335 0.383754
23 0.494938 0.514006 0.964896 0.385154
22 0.494938 0.514006 0.964896 0.385154
23 0.493377 0.514356 0.968019 0.388655
22 0.494158 0.515056 0.963335 0.392857
23 0.495719 0.514706 0.963335 0.389356
22 0.495719 0.514706 0.963335 0.389356
23 0.495329 0.513305 0.964115 0.386555
22 0.499622 0.512605 0.964896 0.389356
58 0.49728 0.515406 0.960212 0.386555
23 0.497671 0.515056 0.965677 0.385854
22 0.4965 0.516807 0.964896 0.385154
23 0.495719 0.515056 0.963335 0.385854
22 0.49689 0.517157 0.959431 0.383053
23 0.496109 0.514706 0.962554 0.386555
22 0.498061 0.515756 0.957089 0.384454
23 0.4965 0.513655 0.964896 0.384454
22 0.4965 0.513655 0.964896 0.384454
23 0.494938 0.513655 0.968019 0.388655
22 0.494938 0.511555 0.961773 0.397059
23 0.495719 0.512255 0.96958 0.390056
22 0.495329 0.509804 0.964115 0.39916
23 0.494938 0.512955 0.966457 0.385854
22 0.494938 0.512955 0.966457 0.385854
23 0.494938 0.513655 0.964896 0.387255
22 0.498061 0.512605 0.963335 0.387955
58 0.4965 0.516457 0.958651 0.384454
23 0.494158 0.513305 0.966457 0.385154
22 0.4965 0.511204 0.964896 0.385154
23 0.494548 0.514356 0.965676 0.387255
22 0.4965 0.513655 0.964896 0.387255
23 0.493767 0.513655 0.968799 0.383053
22 0.4965 0.512255 0.968019 0.381653
23 0.494158 0.513655 0.96958 0.384454
22 0.494158 0.513655 0.96958 0.384454
23 0.494938 0.513305 0.966457 0.385154
22 0.49689 0.511905 0.964115 0.385154
23 0.494938 0.513305 0.964896 0.386555
22 0.49728 0.511905 0.963335 0.385154
23 0.493377 0.513305 0.968019 0.387955
22 0.495719 0.512605 0.964896 0.387955
23 0.492987 0.512955 0.967238 0.387255
22 0.494548 0.512255 0.965676 0.387255
23 0.494158 0.514006 0.96958 0.385154
22 0.494158 0.514006 0.96958 0.385154
23 0.495329 0.513305 0.968799 0.386555
22 0.497671 0.512605 0.965677 0.386555
23 0.493767 0.513305 0.97036 0.385154
22 0.495719 0.512605 0.966457 0.385154
23 0.493767 0.513305 0.968799 0.386555
22 0.495719 0.511555 0.966457 0.387255
58 0.495719 0.515406 0.964896 0.385154
23 0.494938 0.513655 0.964896 0.384454
22 0.49728 0.512255 0.963335 0.384454
58 0.49728 0.512255 0.963335 0.384454
23 0.494158 0.514006 0.968018 0.386555
22 0.4965 0.512605 0.966457 0.386555
23 0.494938 0.514006 0.966457 0.386555
22 0.49689 0.512605 0.964115 0.385154
23 0.494938 0.513305 0.966457 0.385154
22 0.49689 0.512255 0.964115 0.384454
23 0.495329 0.513655 0.965676 0.384454
22 0.49728 0.512605 0.963335 0.383754
23 0.494938 0.513305 0.964896 0.385154
22 0.49728 0.511905 0.963335 0.385154
23 0.494158 0.513305 0.966457 0.385154
22 0.49611 0.512255 0.965676 0.384454
23 0.494938 0.513655 0.968019 0.385854
22 0.49611 0.511204 0.965676 0.383753
58 0.49611 0.511204 0.965676 0.383753
23 0.494938 0.514356 0.968019 0.385854
22 0.4965 0.511905 0.964896 0.385154
23 0.494938 0.514356 0.966457 0.385854
22 0.4965 0.512605 0.964896 0.383754
23 0.494548 0.514706 0.967238 0.386555
22 0.495719 0.512955 0.963335 0.385854
23 0.494938 0.514706 0.968019 0.385154
22 0.49611 0.512605 0.965676 0.385154
23 0.494548 0.514006 0.967238 0.385154
22 0.4965 0.511905 0.964896 0.383753
23 0.495329 0.513655 0.965676 0.384454
22 0.49728 0.511905 0.963335 0.383753
23 0.495329 0.514006 0.965676 0.385154
22 0.49728 0.511905 0.963335 0.383753
23 0.495719 0.514706 0.966457 0.385154
22 0.49728 0.512605 0.963335 0.385154
23 0.494938 0.514356 0.966457 0.385854
22 0.49728 0.512605 0.963335 0.385154
23 0.495719 0.514006 0.964896 0.386555
22 0.497671 0.512255 0.962554 0.385854
23 0.495719 0.513655 0.964896 0.385854
22 0.498061 0.511905 0.963335 0.385154
23 0.495719 0.514356 0.966457 0.385854
22 0.498061 0.512605 0.963335 0.385154
23 0.495719 0.514006 0.966457 0.386555
22 0.498061 0.511905 0.964896 0.385154
23 0.495719 0.514356 0.966457 0.385854
22 0.498061 0.512255 0.964896 0.384454
23 0.495329 0.514356 0.965676 0.385854
22 0.498061 0.512605 0.964896 0.385154
23 0.495719 0.514006 0.964896 0.385154
22 0.498061 0.511905 0.964896 0.385154
23 0.495719 0.514006 0.964896 0.386555
22 0.498061 0.511905 0.963335 0.385154
23 0.495719 0.514006 0.964896 0.386555
22 0.498451 0.512605 0.964115 0.385154
23 0.495719 0.514006 0.966457 0.386555
22 0.498061 0.512605 0.964896 0.385154
23 0.49611 0.514006 0.965676 0.386555
22 0.498451 0.512605 0.964115 0.385154
23 0.495719 0.514006 0.964896 0.386555
22 0.498451 0.512605 0.964115 0.385154
23 0.495719 0.514006 0.964896 0.386555
22 0.498061 0.512605 0.963335 0.385154
23 0.495719 0.514006 0.964896 0.386555
22 0.498061 0.512605 0.963335 0.385154
