22 0.40262 0.476149 0.743193 0.484483
3 0.40262 0.476149 0.743193 0.484483
22 0.529932 0.46954 0.835092 0.46092
2 0.40262 0.476149 0.743193 0.484483
62 0.412473 0.470402 0.776557 0.479885
72 0.40262 0.476149 0.743193 0.484483
3 0.494031 0.507471 0.850701 0.404598
64 0.412473 0.470402 0.776557 0.479885
22 0.579004 0.550575 0.761924 0.296552
4 0.412473 0.470402 0.776557 0.479885
52 0.412473 0.470402 0.776557 0.479885
60 0.37306 0.474425 0.682902 0.51092
3 0.579004 0.550575 0.761924 0.296552
41 0.412473 0.470402 0.776557 0.479885
72 0.494031 0.507471 0.850701 0.404598
35 0.412473 0.470402 0.776557 0.479885
62 0.585345 0.486207 0.742998 0.421839
62 0.620466 0.555029 0.689926 0.276149
22 0.62788 0.493678 0.665732 0.398851
2 0.494031 0.507471 0.850701 0.404598
22 0.697731 0.563218 0.580662 0.254023
62 0.529152 0.537787 0.842897 0.331322
72 0.579004 0.550575 0.761924 0.296552
22 0.265551 0.456968 0.476471 0.534339
60 0.529932 0.46954 0.835092 0.46092
2 0.307891 0.45 0.575199 0.513793
60 0.579004 0.550575 0.761924 0.296552
23 0.620466 0.555029 0.689926 0.276149
4 0.0893626 0.344181 0.13541 0.289799
3 0.372865 0.535632 0.600564 0.431035
62 0.735974 0.567241 0.482324 0.242529
36 0.40262 0.476149 0.743193 0.484483
41 0.265551 0.456968 0.476471 0.534339
35 0.76446 0.566667 0.436277 0.241379
72 0.697731 0.563218 0.580662 0.254023
31 0.40262 0.476149 0.743193 0.484483
35 0.529152 0.537787 0.842897 0.331322
22 0.372865 0.535632 0.600564 0.431035
4 0.735974 0.567241 0.482324 0.242529
58 0.40262 0.476149 0.743193 0.484483
41 0.529152 0.537787 0.842897 0.331322
4 0.585345 0.486207 0.742998 0.421839
72 0.307891 0.45 0.575199 0.513793
36 0.529152 0.537787 0.842897 0.331322
52 0.62788 0.493678 0.665732 0.398851
3 0.484665 0.57931 0.725828 0.341379
35 0.585345 0.486207 0.742998 0.421839
2 0.697731 0.563218 0.580662 0.254023
21 0.62788 0.493678 0.665732 0.398851
60 0.697731 0.563218 0.580662 0.254023
57 0.749632 0.578736 0.439399 0.232184
69 0.40262 0.476149 0.743193 0.484483
57 0.460471 0.467313 0.858506 0.47227
3 0.265551 0.456968 0.476471 0.534339
64 0.307891 0.45 0.575199 0.513793
2 0.699682 0.510345 0.568955 0.36092
58 0.494031 0.507471 0.850701 0.404598
21 0.620466 0.555029 0.689926 0.276149
3 0.697731 0.563218 0.580662 0.254023
23 0.529152 0.537787 0.842897 0.331322
57 0.697731 0.563218 0.580662 0.254023
23 0.456569 0.485057 0.844457 0.456322
58 0.620466 0.555029 0.689926 0.276149
57 0.62788 0.493678 0.665732 0.398851
62 0.699682 0.510345 0.568955 0.36092
33 0.585345 0.486207 0.742998 0.421839
10 0.412473 0.470402 0.776557 0.479885
40 0.412473 0.470402 0.776557 0.479885
4 0.737925 0.511782 0.4753 0.355747
21 0.735974 0.567241 0.482324 0.242529
37 0.40262 0.476149 0.743193 0.484483
35 0.737925 0.511782 0.4753 0.355747
2 0.430033 0.557615 0.69617 0.38592
36 0.596662 0.57342 0.667293 0.283046
8 0.735974 0.567241 0.482324 0.242529
52 0.620466 0.555029 0.689926 0.276149
4 0.307891 0.45 0.575199 0.513793
39 0.40262 0.476149 0.743193 0.484483
5 0.326622 0.458621 0.615783 0.52069
10 0.620466 0.555029 0.689926 0.276149
39 0.529152 0.537787 0.842897 0.331322
33 0.412473 0.470402 0.776557 0.479885
33 0.737925 0.511782 0.4753 0.355747
21 0.529932 0.46954 0.835092 0.46092
60 0.372865 0.535632 0.600564 0.431035
56 0.456569 0.485057 0.844457 0.456322
72 0.372865 0.535632 0.600564 0.431035
62 0.307891 0.45 0.575199 0.513793
57 0.579004 0.550575 0.761924 0.296552
60 0.62788 0.493678 0.665732 0.398851
60 0.749632 0.578736 0.439399 0.232184
22 0.737925 0.511782 0.4753 0.355747
39 0.585345 0.486207 0.742998 0.421839
4 0.579004 0.550575 0.761924 0.296552
36 0.724267 0.575862 0.511982 0.23908
23 0.62788 0.493678 0.665732 0.398851
52 0.529152 0.537787 0.842897 0.331322
22 0.484665 0.57931 0.725828 0.341379
37 0.494031 0.507471 0.850701 0.404598
64 0.585345 0.486207 0.742998 0.421839
52 0.307891 0.45 0.575199 0.513793
31 0.494031 0.507471 0.850701 0.404598
37 0.735974 0.567241 0.482324 0.242529
2 0.749632 0.578736 0.439399 0.232184
0 0.259893 0.44648 0.465154 0.50819
49 0.620466 0.555029 0.689926 0.276149
2 0.579004 0.550575 0.761924 0.296552
49 0.724267 0.575862 0.511982 0.23908
35 0.307891 0.45 0.575199 0.513793
60 0.265551 0.456968 0.476471 0.534339
41 0.585345 0.486207 0.742998 0.421839
33 0.76446 0.566667 0.436277 0.241379
45 0.40262 0.476149 0.743193 0.484483
4 0.113581 0.363147 0.185701 0.32773
34 0.529932 0.46954 0.835092 0.46092
72 0.62788 0.493678 0.665732 0.398851
8 0.529152 0.537787 0.842897 0.331322
2 0.487787 0.457184 0.941234 0.472989
4 0.487787 0.457184 0.941234 0.472989
52 0.487787 0.457184 0.941234 0.472989
62 0.487787 0.457184 0.941234 0.472989
22 0.487787 0.457184 0.941234 0.472989
3 0.487787 0.457184 0.941234 0.472989
10 0.487787 0.457184 0.941234 0.472989
60 0.487787 0.457184 0.941234 0.472989
35 0.487787 0.457184 0.941234 0.472989
4 0.0879724 0.381322 0.134678 0.363793
36 0.487787 0.457184 0.941234 0.472989
58 0.449155 0.459267 0.84836 0.47227
57 0.487787 0.457184 0.941234 0.472989
69 0.487787 0.457184 0.941234 0.472989
23 0.487787 0.457184 0.941234 0.472989
44 0.487787 0.457184 0.941234 0.472989
21 0.487787 0.457184 0.941234 0.472989
33 0.487787 0.457184 0.941234 0.472989
2 0.356475 0.46444 0.646611 0.471121
3 0.356475 0.46444 0.646611 0.471121
4 0.106947 0.355747 0.16697 0.312644
65 0.449155 0.459267 0.84836 0.47227
5 0.501836 0.453448 0.934991 0.474713
56 0.487787 0.457184 0.941234 0.472989
8 0.487787 0.457184 0.941234 0.472989
39 0.501836 0.453448 0.934991 0.474713
72 0.487787 0.457184 0.941234 0.472989
4 0.362328 0.455172 0.659879 0.477012
60 0.356475 0.46444 0.646611 0.471121
22 0.356475 0.46444 0.646611 0.471121
32 0.487787 0.457184 0.941234 0.472989
66 0.494812 0.442816 0.88348 0.500575
20 0.449155 0.459267 0.84836 0.47227
64 0.487787 0.457184 0.941234 0.472989
58 0.284868 0.461494 0.530713 0.483908
10 0.362328 0.455172 0.659879 0.477012
31 0.487787 0.457184 0.941234 0.472989
2 0.0879724 0.381322 0.134678 0.363793
2 0.265356 0.479239 0.480763 0.482902
7 0.487787 0.457184 0.941234 0.472989
34 0.501836 0.453448 0.934991 0.474713
4 0.0900455 0.445474 0.139702 0.407902
41 0.449155 0.459267 0.84836 0.47227
36 0.356475 0.46444 0.646611 0.471121
45 0.500275 0.460417 0.908455 0.47227
59 0.487787 0.457184 0.941234 0.472989
23 0.356475 0.46444 0.646611 0.471121
69 0.356475 0.46444 0.646611 0.471121
52 0.356475 0.46444 0.646611 0.471121
40 0.501836 0.453448 0.934991 0.474713
2 0.612271 0.447701 0.639197 0.491954
62 0.362328 0.455172 0.659879 0.477012
58 0.586125 0.464943 0.746119 0.458621
57 0.284868 0.461494 0.530713 0.483908
2 0.0957039 0.438218 0.144385 0.382184
49 0.449155 0.459267 0.84836 0.47227
65 0.383206 0.428161 0.604856 0.522988
44 0.356475 0.46444 0.646611 0.471121
3 0.265356 0.479239 0.480763 0.482902
2 0.106947 0.355747 0.16697 0.312644
8 0.356475 0.46444 0.646611 0.471121
62 0.612271 0.447701 0.639197 0.491954
30 0.478032 0.453161 0.898309 0.482184
4 0.083997 0.332184 0.11863 0.265517
65 0.275502 0.447414 0.505738 0.483333
60 0.265356 0.479239 0.480763 0.482902
29 0.449155 0.459267 0.84836 0.47227
32 0.362328 0.455172 0.659879 0.477012
4 0.612271 0.447701 0.639197 0.491954
57 0.666513 0.470115 0.580662 0.457471
35 0.362328 0.455172 0.659879 0.477012
7 0.362328 0.455172 0.659879 0.477012
5 0.362328 0.455172 0.659879 0.477012
4 0.440082 0.410345 0.674512 0.565517
33 0.356475 0.46444 0.646611 0.471121
67 0.513933 0.456034 0.901431 0.471839
56 0.362328 0.455172 0.659879 0.477012
39 0.612271 0.447701 0.639197 0.491954
0 0.487787 0.457184 0.941234 0.472989
2 0.494031 0.468391 0.955283 0.442529
4 0.494031 0.468391 0.955283 0.442529
52 0.494031 0.468391 0.955283 0.442529
58 0.49208 0.468391 0.948259 0.435632
3 0.49208 0.468391 0.948259 0.435632
62 0.494031 0.468391 0.955283 0.442529
44 0.494031 0.468391 0.955283 0.442529
23 0.494031 0.468391 0.955283 0.442529
57 0.494031 0.468391 0.955283 0.442529
21 0.494031 0.468391 0.955283 0.442529
10 0.494031 0.468391 0.955283 0.442529
8 0.49208 0.468391 0.948259 0.435632
60 0.494031 0.468391 0.955283 0.442529
36 0.494031 0.468391 0.955283 0.442529
29 0.494031 0.468391 0.955283 0.442529
5 0.494031 0.468391 0.955283 0.442529
34 0.494031 0.468391 0.955283 0.442529
35 0.494031 0.468391 0.955283 0.442529
67 0.49208 0.468391 0.948259 0.435632
20 0.456959 0.457759 0.862408 0.461494
32 0.494031 0.468391 0.955283 0.442529
59 0.494031 0.468391 0.955283 0.442529
65 0.456959 0.457759 0.862408 0.461494
56 0.494031 0.468391 0.955283 0.442529
58 0.364865 0.458908 0.668854 0.460345
33 0.494031 0.468391 0.955283 0.442529
22 0.494031 0.468391 0.955283 0.442529
69 0.494031 0.468391 0.955283 0.442529
0 0.494031 0.468391 0.955283 0.442529
66 0.494031 0.468391 0.955283 0.442529
39 0.499494 0.468966 0.955283 0.437931
30 0.49208 0.468391 0.948259 0.435632
61 0.49208 0.468391 0.948259 0.435632
10 0.377743 0.453448 0.697731 0.470115
60 0.377743 0.453448 0.697731 0.470115
45 0.499104 0.477012 0.94982 0.41954
6 0.456959 0.457759 0.862408 0.461494
7 0.494031 0.468391 0.955283 0.442529
4 0.377743 0.453448 0.697731 0.470115
3 0.377743 0.453448 0.697731 0.470115
23 0.364865 0.458908 0.668854 0.460345
52 0.377743 0.453448 0.697731 0.470115
5 0.377743 0.453448 0.697731 0.470115
31 0.49208 0.468391 0.948259 0.435632
2 0.377743 0.453448 0.697731 0.470115
67 0.364865 0.458908 0.668854 0.460345
72 0.494031 0.468391 0.955283 0.442529
62 0.377743 0.453448 0.697731 0.470115
44 0.377743 0.453448 0.697731 0.470115
1 0.456959 0.457759 0.862408 0.461494
56 0.377743 0.453448 0.697731 0.470115
28 0.499494 0.468966 0.955283 0.437931
22 0.377743 0.453448 0.697731 0.470115
64 0.49208 0.468391 0.948259 0.435632
41 0.456959 0.457759 0.862408 0.461494
36 0.364865 0.458908 0.668854 0.460345
58 0.609929 0.520115 0.684463 0.349425
29 0.377743 0.453448 0.697731 0.470115
69 0.364865 0.458908 0.668854 0.460345
61 0.364865 0.458908 0.668854 0.460345
40 0.499494 0.468966 0.955283 0.437931
57 0.377743 0.453448 0.697731 0.470115
8 0.364865 0.458908 0.668854 0.460345
4 0.0858262 0.359195 0.149117 0.309195
58 0.273941 0.476437 0.506518 0.463218
0 0.354524 0.448922 0.635684 0.479167
59 0.377743 0.453448 0.697731 0.470115
32 0.377743 0.453448 0.697731 0.470115
21 0.377743 0.453448 0.697731 0.470115
4 0.61188 0.465445 0.680561 0.462213
34 0.61188 0.465445 0.680561 0.462213
49 0.456959 0.457759 0.862408 0.461494
66 0.377743 0.453448 0.697731 0.470115
5 0.609929 0.520115 0.684463 0.349425
33 0.377743 0.453448 0.697731 0.470115
28 0.354524 0.448922 0.635684 0.479167
59 0.609929 0.520115 0.684463 0.349425
34 0.377743 0.453448 0.697731 0.470115
21 0.609929 0.520115 0.684463 0.349425
2 0.61188 0.465445 0.680561 0.462213
54 0.386718 0.426437 0.55959 0.522988
8 0.609929 0.520115 0.684463 0.349425
2 0.0872164 0.375287 0.151995 0.337931
67 0.609929 0.520115 0.684463 0.349425
57 0.609929 0.520115 0.684463 0.349425
52 0.609929 0.520115 0.684463 0.349425
4 0.497153 0.452586 0.966209 0.476437
52 0.497153 0.452586 0.966209 0.476437
20 0.465154 0.443678 0.892846 0.490805
2 0.497153 0.452586 0.966209 0.476437
62 0.497153 0.452586 0.966209 0.476437
58 0.495202 0.451652 0.957624 0.479454
0 0.497153 0.452586 0.966209 0.476437
23 0.497153 0.452586 0.966209 0.476437
65 0.465154 0.443678 0.892846 0.490805
5 0.497153 0.452586 0.966209 0.476437
36 0.465154 0.443678 0.892846 0.490805
10 0.465154 0.443678 0.892846 0.490805
44 0.497153 0.452586 0.966209 0.476437
66 0.497153 0.452586 0.966209 0.476437
60 0.497153 0.452586 0.966209 0.476437
56 0.497153 0.452586 0.966209 0.476437
7 0.497153 0.452586 0.966209 0.476437
57 0.497153 0.452586 0.966209 0.476437
3 0.497153 0.452586 0.966209 0.476437
32 0.497153 0.452586 0.966209 0.476437
34 0.497153 0.452586 0.966209 0.476437
8 0.497153 0.452586 0.966209 0.476437
67 0.495202 0.451652 0.957624 0.479454
6 0.465154 0.443678 0.892846 0.490805
1 0.465154 0.443678 0.892846 0.490805
29 0.497153 0.452586 0.966209 0.476437
61 0.495202 0.451652 0.957624 0.479454
30 0.497153 0.452586 0.966209 0.476437
69 0.497153 0.452586 0.966209 0.476437
59 0.497153 0.452586 0.966209 0.476437
21 0.497153 0.452586 0.966209 0.476437
28 0.497153 0.452586 0.966209 0.476437
22 0.497153 0.452586 0.966209 0.476437
33 0.497153 0.452586 0.966209 0.476437
35 0.497153 0.452586 0.966209 0.476437
31 0.465154 0.443678 0.892846 0.490805
28 0.380084 0.43592 0.699292 0.505172
68 0.396376 0.439727 0.740071 0.496408
39 0.497153 0.452586 0.966209 0.476437
0 0.380084 0.43592 0.699292 0.505172
45 0.495202 0.451652 0.957624 0.479454
4 0.380084 0.43592 0.699292 0.505172
54 0.380084 0.43592 0.699292 0.505172
7 0.380084 0.43592 0.699292 0.505172
66 0.380084 0.43592 0.699292 0.505172
58 0.618027 0.511494 0.690122 0.358621
62 0.380084 0.43592 0.699292 0.505172
44 0.380084 0.43592 0.699292 0.505172
29 0.380084 0.43592 0.699292 0.505172
60 0.380084 0.43592 0.699292 0.505172
58 0.528761 0.556322 0.765631 0.272414
34 0.380084 0.43592 0.699292 0.505172
56 0.380084 0.43592 0.699292 0.505172
23 0.618027 0.511494 0.690122 0.358621
3 0.380084 0.43592 0.699292 0.505172
52 0.380084 0.43592 0.699292 0.505172
41 0.448764 0.446839 0.847579 0.492529
68 0.286819 0.432759 0.523688 0.501149
65 0.388571 0.438218 0.627685 0.493678
5 0.380084 0.43592 0.699292 0.505172
32 0.380084 0.43592 0.699292 0.505172
72 0.497153 0.452586 0.966209 0.476437
20 0.28916 0.443391 0.537737 0.504023
57 0.28916 0.443391 0.537737 0.504023
36 0.28916 0.443391 0.537737 0.504023
65 0.286819 0.432759 0.523688 0.501149
59 0.618027 0.511494 0.690122 0.358621
1 0.28916 0.443391 0.537737 0.504023
54 0.490129 0.460057 0.934991 0.47069
22 0.380084 0.43592 0.699292 0.505172
10 0.28916 0.443391 0.537737 0.504023
5 0.618027 0.511494 0.690122 0.358621
6 0.28916 0.443391 0.537737 0.504023
0 0.627587 0.46954 0.660074 0.444828
34 0.627587 0.46954 0.660074 0.444828
8 0.380084 0.43592 0.699292 0.505172
67 0.618027 0.511494 0.690122 0.358621
33 0.380084 0.43592 0.699292 0.505172
67 0.380084 0.43592 0.699292 0.505172
4 0.618027 0.511494 0.690122 0.358621
58 0.28916 0.443391 0.537737 0.504023
4 0.498324 0.454023 0.976355 0.470115
52 0.498324 0.454023 0.976355 0.470115
2 0.498324 0.454023 0.976355 0.470115
58 0.497543 0.448922 0.971672 0.476868
3 0.498324 0.454023 0.976355 0.470115
0 0.498324 0.454023 0.976355 0.470115
23 0.497543 0.448922 0.971672 0.476868
69 0.498324 0.454023 0.976355 0.470115
60 0.498324 0.454023 0.976355 0.470115
66 0.498324 0.454023 0.976355 0.470115
56 0.498324 0.454023 0.976355 0.470115
44 0.498324 0.454023 0.976355 0.470115
67 0.497543 0.448922 0.971672 0.476868
28 0.498324 0.454023 0.976355 0.470115
10 0.498324 0.454023 0.976355 0.470115
62 0.498324 0.454023 0.976355 0.470115
32 0.498324 0.454023 0.976355 0.470115
61 0.497543 0.448922 0.971672 0.476868
22 0.498324 0.454023 0.976355 0.470115
20 0.498324 0.454023 0.976355 0.470115
5 0.501055 0.44375 0.977136 0.481466
6 0.498324 0.454023 0.976355 0.470115
57 0.498324 0.454023 0.976355 0.470115
8 0.497543 0.448922 0.971672 0.476868
1 0.498324 0.454023 0.976355 0.470115
7 0.498324 0.454023 0.976355 0.470115
29 0.498324 0.454023 0.976355 0.470115
65 0.498324 0.454023 0.976355 0.470115
34 0.498324 0.454023 0.976355 0.470115
33 0.498324 0.454023 0.976355 0.470115
21 0.501055 0.44375 0.977136 0.481466
36 0.497543 0.448922 0.971672 0.476868
30 0.497543 0.448922 0.971672 0.476868
59 0.497543 0.448922 0.971672 0.476868
54 0.443301 0.456034 0.83197 0.48908
35 0.498324 0.454023 0.976355 0.470115
39 0.501055 0.44375 0.977136 0.481466
45 0.497543 0.448922 0.971672 0.476868
31 0.501055 0.44375 0.977136 0.481466
68 0.474129 0.448851 0.902992 0.478161
28 0.352963 0.44569 0.636465 0.498276
0 0.352963 0.44569 0.636465 0.498276
68 0.352963 0.44569 0.636465 0.498276
5 0.378913 0.451437 0.701633 0.471839
4 0.352963 0.44569 0.636465 0.498276
54 0.25443 0.440517 0.448764 0.495977
66 0.352963 0.44569 0.636465 0.498276
65 0.352963 0.44569 0.636465 0.498276
6 0.352963 0.44569 0.636465 0.498276
1 0.352963 0.44569 0.636465 0.498276
41 0.443301 0.456034 0.83197 0.48908
29 0.352963 0.44569 0.636465 0.498276
44 0.352963 0.44569 0.636465 0.498276
58 0.267112 0.452874 0.489738 0.489655
7 0.352963 0.44569 0.636465 0.498276
56 0.352963 0.44569 0.636465 0.498276
72 0.498324 0.454023 0.976355 0.470115
4 0.497933 0.444899 0.974014 0.484914
2 0.497933 0.444899 0.974014 0.484914
52 0.497933 0.444899 0.974014 0.484914
23 0.497153 0.448204 0.966209 0.479454
58 0.497153 0.448204 0.966209 0.479454
3 0.497933 0.444899 0.974014 0.484914
10 0.497933 0.444899 0.974014 0.484914
1 0.497933 0.444899 0.974014 0.484914
8 0.497933 0.444899 0.974014 0.484914
28 0.497933 0.444899 0.974014 0.484914
56 0.497933 0.444899 0.974014 0.484914
59 0.497153 0.448204 0.966209 0.479454
7 0.497933 0.444899 0.974014 0.484914
44 0.497933 0.444899 0.974014 0.484914
30 0.497153 0.448204 0.966209 0.479454
67 0.497933 0.444899 0.974014 0.484914
32 0.497933 0.444899 0.974014 0.484914
5 0.477641 0.443032 0.917821 0.492098
61 0.477641 0.443032 0.917821 0.492098
31 0.497933 0.444899 0.974014 0.484914
20 0.477641 0.443032 0.917821 0.492098
60 0.497933 0.444899 0.974014 0.484914
0 0.497933 0.444899 0.974014 0.484914
29 0.497933 0.444899 0.974014 0.484914
6 0.497933 0.444899 0.974014 0.484914
22 0.497153 0.448204 0.966209 0.479454
34 0.497933 0.444899 0.974014 0.484914
62 0.497933 0.444899 0.974014 0.484914
57 0.497933 0.444899 0.974014 0.484914
21 0.497933 0.444899 0.974014 0.484914
36 0.497153 0.448204 0.966209 0.479454
69 0.497933 0.444899 0.974014 0.484914
66 0.497933 0.444899 0.974014 0.484914
45 0.497153 0.448204 0.966209 0.479454
54 0.465154 0.439943 0.889724 0.504023
68 0.477641 0.443032 0.917821 0.492098
35 0.497933 0.444899 0.974014 0.484914
39 0.497153 0.448204 0.966209 0.479454
58 0.366426 0.448204 0.672756 0.4875
65 0.497933 0.444899 0.974014 0.484914
33 0.497933 0.444899 0.974014 0.484914
4 0.366426 0.448204 0.672756 0.4875
52 0.366426 0.448204 0.672756 0.4875
10 0.366426 0.448204 0.672756 0.4875
23 0.366426 0.448204 0.672756 0.4875
22 0.366426 0.448204 0.672756 0.4875
3 0.366426 0.448204 0.672756 0.4875
2 0.366426 0.448204 0.672756 0.4875
69 0.366426 0.448204 0.672756 0.4875
60 0.366426 0.448204 0.672756 0.4875
57 0.366426 0.448204 0.672756 0.4875
67 0.366426 0.448204 0.672756 0.4875
28 0.366426 0.448204 0.672756 0.4875
54 0.280966 0.448276 0.517445 0.524138
1 0.366426 0.448204 0.672756 0.4875
56 0.366426 0.448204 0.672756 0.4875
68 0.282136 0.455819 0.522128 0.519397
34 0.366426 0.448204 0.672756 0.4875
59 0.366426 0.448204 0.672756 0.4875
0 0.366426 0.448204 0.672756 0.4875
8 0.366426 0.448204 0.672756 0.4875
36 0.366426 0.448204 0.672756 0.4875
62 0.366426 0.448204 0.672756 0.4875
31 0.366426 0.448204 0.672756 0.4875
58 0.278624 0.473563 0.501055 0.481609
7 0.366426 0.448204 0.672756 0.4875
32 0.366426 0.448204 0.672756 0.4875
29 0.366426 0.448204 0.672756 0.4875
5 0.282136 0.455819 0.522128 0.519397
58 0.617734 0.491667 0.659488 0.395977
2 0.498714 0.445977 0.980257 0.494253
4 0.498714 0.445977 0.980257 0.494253
3 0.498714 0.445977 0.980257 0.494253
52 0.498714 0.445977 0.980257 0.494253
60 0.498714 0.445977 0.980257 0.494253
7 0.498714 0.445977 0.980257 0.494253
8 0.498714 0.445977 0.980257 0.494253
22 0.498714 0.445977 0.980257 0.494253
67 0.498714 0.445977 0.980257 0.494253
5 0.498714 0.445977 0.980257 0.494253
1 0.498714 0.445977 0.980257 0.494253
44 0.498714 0.445977 0.980257 0.494253
58 0.501836 0.453736 0.975575 0.483333
23 0.497543 0.444828 0.970111 0.498851
34 0.498714 0.445977 0.980257 0.494253
0 0.498714 0.445977 0.980257 0.494253
56 0.498714 0.445977 0.980257 0.494253
28 0.498714 0.445977 0.980257 0.494253
69 0.498714 0.445977 0.980257 0.494253
32 0.498714 0.445977 0.980257 0.494253
61 0.498714 0.445977 0.980257 0.494253
45 0.498714 0.445977 0.980257 0.494253
29 0.498714 0.445977 0.980257 0.494253
57 0.498714 0.445977 0.980257 0.494253
31 0.498714 0.445977 0.980257 0.494253
10 0.498714 0.445977 0.980257 0.494253
66 0.498714 0.445977 0.980257 0.494253
6 0.498714 0.445977 0.980257 0.494253
20 0.498714 0.445977 0.980257 0.494253
30 0.497543 0.444828 0.970111 0.498851
36 0.498714 0.445977 0.980257 0.494253
54 0.469056 0.438506 0.906894 0.502299
21 0.498714 0.445977 0.980257 0.494253
62 0.498714 0.445977 0.980257 0.494253
39 0.501836 0.453736 0.975575 0.483333
65 0.498714 0.445977 0.980257 0.494253
35 0.498714 0.445977 0.980257 0.494253
59 0.497543 0.444828 0.970111 0.498851
33 0.498714 0.445977 0.980257 0.494253
68 0.469056 0.438506 0.906894 0.502299
58 0.364084 0.445977 0.670415 0.496552
4 0.364084 0.445977 0.670415 0.496552
58 0.579491 0.493966 0.787484 0.404023
5 0.364084 0.445977 0.670415 0.496552
22 0.364084 0.445977 0.670415 0.496552
52 0.364084 0.445977 0.670415 0.496552
2 0.364084 0.445977 0.670415 0.496552
23 0.579491 0.493966 0.787484 0.404023
34 0.364084 0.445977 0.670415 0.496552
69 0.364084 0.445977 0.670415 0.496552
3 0.364084 0.445977 0.670415 0.496552
23 0.364084 0.445977 0.670415 0.496552
61 0.364084 0.445977 0.670415 0.496552
57 0.364084 0.445977 0.670415 0.496552
4 0.579491 0.493966 0.787484 0.404023
54 0.291502 0.43477 0.551785 0.504023
10 0.364084 0.445977 0.670415 0.496552
67 0.364084 0.445977 0.670415 0.496552
1 0.364084 0.445977 0.670415 0.496552
28 0.291502 0.43477 0.551785 0.504023
8 0.364084 0.445977 0.670415 0.496552
36 0.364084 0.445977 0.670415 0.496552
31 0.579491 0.493966 0.787484 0.404023
56 0.364084 0.445977 0.670415 0.496552
2 0.500275 0.450503 0.970892 0.489799
4 0.500275 0.449425 0.96777 0.487356
52 0.500275 0.450503 0.970892 0.489799
3 0.500275 0.450503 0.970892 0.489799
60 0.500275 0.450503 0.970892 0.489799
58 0.500275 0.450503 0.970892 0.489799
7 0.500275 0.450503 0.970892 0.489799
8 0.500275 0.450503 0.970892 0.489799
6 0.500275 0.450503 0.970892 0.489799
0 0.500275 0.450503 0.970892 0.489799
56 0.500275 0.450503 0.970892 0.489799
61 0.500275 0.450503 0.970892 0.489799
23 0.500275 0.449425 0.96777 0.487356
10 0.500275 0.450503 0.970892 0.489799
69 0.500275 0.450503 0.970892 0.489799
67 0.500275 0.449425 0.96777 0.487356
28 0.500275 0.450503 0.970892 0.489799
31 0.500275 0.449425 0.96777 0.487356
62 0.500275 0.450503 0.970892 0.489799
22 0.500275 0.449425 0.96777 0.487356
5 0.500275 0.449425 0.96777 0.487356
1 0.500275 0.450503 0.970892 0.489799
54 0.465544 0.442529 0.888944 0.501149
57 0.500275 0.450503 0.970892 0.489799
34 0.500275 0.449425 0.96777 0.487356
44 0.500275 0.450503 0.970892 0.489799
29 0.500275 0.449425 0.96777 0.487356
36 0.500275 0.450503 0.970892 0.489799
66 0.482714 0.443175 0.923284 0.497557
32 0.500275 0.450503 0.970892 0.489799
59 0.500275 0.449425 0.96777 0.487356
45 0.500275 0.449425 0.96777 0.487356
20 0.500275 0.450503 0.970892 0.489799
30 0.500275 0.449425 0.96777 0.487356
21 0.500275 0.449425 0.96777 0.487356
68 0.482714 0.443175 0.923284 0.497557
39 0.499494 0.459483 0.96777 0.468391
35 0.500275 0.450503 0.970892 0.489799
33 0.500275 0.450503 0.970892 0.489799
65 0.500275 0.450503 0.970892 0.489799
58 0.558809 0.496264 0.828848 0.393678
58 0.309062 0.446624 0.586125 0.505603
23 0.558809 0.496264 0.828848 0.393678
2 0.309062 0.446624 0.586125 0.505603
31 0.558809 0.496264 0.828848 0.393678
4 0.558809 0.496264 0.828848 0.393678
54 0.319598 0.43908 0.606417 0.511494
4 0.503397 0.457399 0.975575 0.465661
2 0.500275 0.448922 0.978697 0.482615
3 0.502616 0.458333 0.975575 0.462644
23 0.503397 0.457399 0.975575 0.465661
22 0.502616 0.458333 0.975575 0.462644
58 0.503397 0.457399 0.975575 0.465661
52 0.503397 0.457399 0.975575 0.465661
31 0.503397 0.457399 0.975575 0.465661
59 0.500275 0.449425 0.975575 0.48046
32 0.500275 0.448922 0.978697 0.482615
7 0.502616 0.458333 0.975575 0.462644
1 0.500275 0.448922 0.978697 0.482615
60 0.502616 0.458333 0.975575 0.462644
5 0.502616 0.458333 0.975575 0.462644
69 0.502616 0.458333 0.975575 0.462644
67 0.500275 0.449425 0.975575 0.48046
8 0.500275 0.448922 0.978697 0.482615
10 0.500275 0.448922 0.978697 0.482615
56 0.500275 0.448922 0.978697 0.482615
0 0.500275 0.448922 0.978697 0.482615
34 0.502616 0.458333 0.975575 0.462644
57 0.502616 0.458333 0.975575 0.462644
39 0.503397 0.457399 0.975575 0.465661
68 0.500275 0.448922 0.978697 0.482615
6 0.500275 0.448922 0.978697 0.482615
28 0.500275 0.448922 0.978697 0.482615
66 0.502616 0.458333 0.975575 0.462644
36 0.503397 0.457399 0.975575 0.465661
29 0.500275 0.448922 0.978697 0.482615
44 0.500275 0.448922 0.978697 0.482615
30 0.500275 0.449425 0.975575 0.48046
61 0.500275 0.448922 0.978697 0.482615
54 0.500275 0.448922 0.978697 0.482615
35 0.502616 0.458333 0.975575 0.462644
45 0.500275 0.448922 0.978697 0.482615
62 0.500275 0.448922 0.978697 0.482615
21 0.503397 0.457399 0.975575 0.465661
20 0.503397 0.457399 0.975575 0.465661
65 0.500275 0.448922 0.978697 0.482615
4 0.385157 0.441667 0.717242 0.492529
59 0.553346 0.500287 0.850701 0.385632
68 0.385547 0.464296 0.718023 0.456466
33 0.502616 0.458333 0.975575 0.462644
32 0.553346 0.500287 0.850701 0.385632
59 0.385547 0.464296 0.718023 0.456466
22 0.385157 0.441667 0.717242 0.492529
2 0.553346 0.500287 0.850701 0.385632
57 0.385157 0.441667 0.717242 0.492529
2 0.501445 0.446264 0.976355 0.484483
4 0.501445 0.446264 0.976355 0.484483
52 0.501445 0.446264 0.976355 0.484483
3 0.501445 0.446264 0.976355 0.484483
56 0.501445 0.446264 0.976355 0.484483
58 0.501445 0.446264 0.976355 0.484483
23 0.501055 0.445905 0.969331 0.482902
60 0.501445 0.446264 0.976355 0.484483
0 0.501445 0.446264 0.976355 0.484483
69 0.501445 0.446264 0.976355 0.484483
32 0.501445 0.446264 0.976355 0.484483
67 0.501055 0.445905 0.969331 0.482902
22 0.501445 0.449713 0.974794 0.477586
10 0.501445 0.446264 0.976355 0.484483
68 0.501445 0.446264 0.976355 0.484483
57 0.501445 0.446264 0.976355 0.484483
1 0.501445 0.446264 0.976355 0.484483
5 0.501445 0.449713 0.974794 0.477586
31 0.501445 0.446264 0.976355 0.484483
59 0.501055 0.445905 0.969331 0.482902
7 0.501445 0.449713 0.974794 0.477586
6 0.501445 0.446264 0.976355 0.484483
28 0.501445 0.446264 0.976355 0.484483
66 0.501445 0.449713 0.974794 0.477586
34 0.501445 0.446264 0.976355 0.484483
44 0.501445 0.446264 0.976355 0.484483
62 0.501445 0.446264 0.976355 0.484483
61 0.501445 0.446264 0.976355 0.484483
54 0.498714 0.444253 0.964648 0.487356
39 0.501445 0.449713 0.974794 0.477586
8 0.501445 0.446264 0.976355 0.484483
35 0.501445 0.449713 0.974794 0.477586
36 0.501445 0.446264 0.976355 0.484483
45 0.501055 0.445905 0.969331 0.482902
20 0.501445 0.449713 0.974794 0.477586
30 0.501836 0.447701 0.972453 0.48046
21 0.501836 0.447701 0.972453 0.48046
29 0.501445 0.446264 0.976355 0.484483
65 0.498714 0.444253 0.964648 0.487356
33 0.501445 0.449713 0.974794 0.477586
4 0.505738 0.444899 0.969331 0.49181
2 0.503397 0.439655 0.972453 0.502299
3 0.503397 0.439655 0.972453 0.502299
52 0.503397 0.439655 0.972453 0.502299
22 0.505738 0.444899 0.969331 0.49181
5 0.505738 0.444899 0.969331 0.49181
58 0.504957 0.451437 0.969331 0.481034
7 0.505738 0.444899 0.969331 0.49181
23 0.504957 0.451437 0.969331 0.481034
1 0.503397 0.439655 0.972453 0.502299
56 0.503397 0.439655 0.972453 0.502299
31 0.504957 0.451437 0.969331 0.481034
57 0.505738 0.444899 0.969331 0.49181
32 0.503397 0.439655 0.972453 0.502299
28 0.505738 0.444899 0.969331 0.49181
60 0.505738 0.444899 0.969331 0.49181
10 0.503397 0.439655 0.972453 0.502299
69 0.505738 0.444899 0.969331 0.49181
67 0.502226 0.443103 0.968551 0.496552
68 0.503397 0.439655 0.972453 0.502299
39 0.505738 0.444899 0.969331 0.49181
34 0.505738 0.444899 0.969331 0.49181
59 0.502226 0.443103 0.968551 0.496552
0 0.503397 0.439655 0.972453 0.502299
8 0.503397 0.439655 0.972453 0.502299
45 0.505738 0.444899 0.969331 0.49181
66 0.505738 0.444899 0.969331 0.49181
6 0.503397 0.439655 0.972453 0.502299
61 0.503397 0.439655 0.972453 0.502299
62 0.503397 0.439655 0.972453 0.502299
54 0.505738 0.444899 0.969331 0.49181
36 0.503397 0.439655 0.972453 0.502299
35 0.505738 0.444899 0.969331 0.49181
20 0.505738 0.444899 0.969331 0.49181
21 0.504957 0.451437 0.969331 0.481034
30 0.502226 0.443103 0.968551 0.496552
29 0.503397 0.439655 0.972453 0.502299
44 0.504957 0.451437 0.969331 0.481034
65 0.500275 0.437428 0.966209 0.505603
33 0.500275 0.437428 0.966209 0.505603
52 0.502616 0.437644 0.974014 0.498276
10 0.501445 0.431609 0.976355 0.511494
23 0.501836 0.44023 0.972453 0.498851
4 0.502616 0.437644 0.974014 0.498276
3 0.501836 0.44023 0.972453 0.498851
2 0.501445 0.431609 0.976355 0.511494
58 0.501836 0.44023 0.972453 0.498851
61 0.501445 0.431609 0.976355 0.511494
28 0.502616 0.437644 0.974014 0.498276
22 0.502616 0.437644 0.974014 0.498276
69 0.502616 0.437644 0.974014 0.498276
5 0.502616 0.437644 0.974014 0.498276
62 0.502616 0.437644 0.974014 0.498276
8 0.501445 0.431609 0.976355 0.511494
56 0.501445 0.431609 0.976355 0.511494
36 0.501445 0.431609 0.976355 0.511494
34 0.501836 0.44023 0.972453 0.498851
7 0.502616 0.437644 0.974014 0.498276
67 0.501836 0.44023 0.972453 0.498851
39 0.502616 0.437644 0.974014 0.498276
0 0.502616 0.437644 0.974014 0.498276
57 0.502616 0.437644 0.974014 0.498276
21 0.501836 0.44023 0.972453 0.498851
31 0.502616 0.437644 0.974014 0.498276
44 0.501445 0.431609 0.976355 0.511494
1 0.502616 0.437644 0.974014 0.498276
32 0.501836 0.44023 0.972453 0.498851
60 0.502616 0.437644 0.974014 0.498276
68 0.502616 0.437644 0.974014 0.498276
59 0.501836 0.44023 0.972453 0.498851
6 0.502616 0.437644 0.974014 0.498276
23 0.558809 0.512069 0.855384 0.358621
35 0.499494 0.433405 0.96777 0.513649
33 0.501445 0.431609 0.976355 0.511494
54 0.499494 0.433405 0.96777 0.513649
45 0.502616 0.437644 0.974014 0.498276
65 0.499494 0.433405 0.96777 0.513649
20 0.499494 0.433405 0.96777 0.513649
58 0.558809 0.512069 0.855384 0.358621
66 0.499494 0.433405 0.96777 0.513649
29 0.501836 0.44023 0.972453 0.498851
4 0.558809 0.512069 0.855384 0.358621
59 0.558809 0.512069 0.855384 0.358621
10 0.558809 0.512069 0.855384 0.358621
30 0.502616 0.437644 0.974014 0.498276
52 0.558809 0.512069 0.855384 0.358621
22 0.558809 0.512069 0.855384 0.358621
32 0.558809 0.512069 0.855384 0.358621
31 0.558809 0.512069 0.855384 0.358621
67 0.558809 0.512069 0.855384 0.358621
68 0.558809 0.512069 0.855384 0.358621
10 0.369548 0.439655 0.687585 0.504598
52 0.369548 0.439655 0.687585 0.504598
69 0.558809 0.512069 0.855384 0.358621
57 0.558809 0.512069 0.855384 0.358621
3 0.558809 0.512069 0.855384 0.358621
5 0.558809 0.512069 0.855384 0.358621
28 0.558809 0.512069 0.855384 0.358621
39 0.558809 0.512069 0.855384 0.358621
34 0.558809 0.512069 0.855384 0.358621
2 0.482324 0.439727 0.964648 0.505603
4 0.495592 0.445977 0.977136 0.489655
5 0.482324 0.439727 0.964648 0.505603
28 0.49247 0.439655 0.98494 0.504598
7 0.495592 0.440733 0.981818 0.498994
3 0.490129 0.44023 0.980257 0.501149
0 0.482324 0.439727 0.964648 0.505603
22 0.490129 0.44023 0.980257 0.501149
10 0.49247 0.439655 0.98494 0.504598
52 0.490129 0.44023 0.980257 0.501149
57 0.490909 0.439368 0.981818 0.506322
56 0.482324 0.439727 0.964648 0.505603
69 0.490909 0.439368 0.981818 0.506322
60 0.482324 0.439727 0.964648 0.505603
39 0.495592 0.440733 0.981818 0.498994
54 0.495592 0.440733 0.981818 0.498994
23 0.490129 0.44023 0.980257 0.501149
6 0.495592 0.440733 0.981818 0.498994
31 0.495592 0.440733 0.981818 0.498994
1 0.490909 0.439368 0.981818 0.506322
66 0.495592 0.440733 0.981818 0.498994
32 0.495592 0.440733 0.981818 0.498994
34 0.495592 0.440733 0.981818 0.498994
8 0.49247 0.439655 0.98494 0.504598
58 0.482324 0.439727 0.964648 0.505603
67 0.490129 0.44023 0.980257 0.501149
35 0.495592 0.440733 0.981818 0.498994
44 0.495592 0.440733 0.981818 0.498994
62 0.495592 0.440733 0.981818 0.498994
61 0.495592 0.440733 0.981818 0.498994
68 0.490909 0.439368 0.981818 0.506322
36 0.495592 0.440733 0.981818 0.498994
30 0.495592 0.440733 0.981818 0.498994
20 0.495592 0.440733 0.981818 0.498994
45 0.495592 0.440733 0.981818 0.498994
29 0.490129 0.44023 0.980257 0.501149
21 0.495592 0.445977 0.977136 0.489655
59 0.490129 0.44023 0.980257 0.501149
65 0.495592 0.440733 0.981818 0.498994
33 0.495592 0.440733 0.981818 0.498994
2 0.490129 0.442457 0.956844 0.496695
52 0.502616 0.445402 0.970892 0.493103
4 0.500275 0.44569 0.966209 0.49023
23 0.502616 0.448276 0.969331 0.483908
34 0.502616 0.445402 0.970892 0.493103
0 0.502616 0.445402 0.970892 0.493103
22 0.502616 0.445402 0.970892 0.493103
5 0.502616 0.445402 0.970892 0.493103
28 0.502616 0.445402 0.970892 0.493103
3 0.502616 0.448276 0.969331 0.483908
69 0.502616 0.445402 0.970892 0.493103
67 0.502616 0.445402 0.970892 0.493103
61 0.502616 0.445402 0.970892 0.493103
10 0.502616 0.445402 0.970892 0.493103
56 0.499884 0.443103 0.970111 0.491954
60 0.499494 0.443606 0.96777 0.490948
32 0.502616 0.445402 0.970892 0.493103
58 0.502616 0.448276 0.969331 0.483908
8 0.499884 0.443103 0.970111 0.491954
1 0.502616 0.445402 0.970892 0.493103
39 0.502616 0.445402 0.970892 0.493103
62 0.502616 0.445402 0.970892 0.493103
31 0.502616 0.445402 0.970892 0.493103
7 0.502616 0.445402 0.970892 0.493103
6 0.502616 0.445402 0.970892 0.493103
54 0.502616 0.445402 0.970892 0.493103
57 0.500275 0.44569 0.966209 0.49023
36 0.502616 0.445402 0.970892 0.493103
68 0.502616 0.445402 0.970892 0.493103
59 0.502616 0.448276 0.969331 0.483908
35 0.500275 0.44569 0.966209 0.49023
21 0.502616 0.448276 0.969331 0.483908
44 0.502616 0.445402 0.970892 0.493103
30 0.502616 0.445402 0.970892 0.493103
45 0.502616 0.445402 0.970892 0.493103
66 0.500275 0.44569 0.966209 0.49023
29 0.502616 0.448276 0.969331 0.483908
65 0.500275 0.44569 0.966209 0.49023
20 0.500275 0.44569 0.966209 0.49023
33 0.500275 0.44569 0.966209 0.49023
23 0.553346 0.503736 0.84914 0.374138
4 0.553346 0.503736 0.84914 0.374138
58 0.553346 0.503736 0.84914 0.374138
59 0.553346 0.503736 0.84914 0.374138
22 0.553346 0.503736 0.84914 0.374138
2 0.480763 0.437069 0.952161 0.502874
69 0.49208 0.437931 0.973233 0.502299
56 0.494031 0.439009 0.978697 0.50819
5 0.485446 0.438218 0.961526 0.512069
4 0.49208 0.437931 0.973233 0.502299
3 0.493641 0.437931 0.973233 0.510345
0 0.485446 0.438218 0.961526 0.512069
8 0.49208 0.437931 0.973233 0.502299
52 0.497933 0.438506 0.978697 0.504598
1 0.480763 0.437069 0.952161 0.502874
57 0.480763 0.437069 0.952161 0.502874
7 0.49208 0.437931 0.973233 0.502299
6 0.480763 0.437069 0.952161 0.502874
10 0.49208 0.437931 0.973233 0.502299
28 0.497933 0.438506 0.978697 0.504598
23 0.493641 0.437931 0.973233 0.510345
22 0.497933 0.438506 0.978697 0.504598
60 0.480763 0.437069 0.952161 0.502874
39 0.497933 0.438506 0.978697 0.504598
32 0.497933 0.438506 0.978697 0.504598
34 0.497933 0.438506 0.978697 0.504598
54 0.497933 0.438506 0.978697 0.504598
67 0.497933 0.438506 0.978697 0.504598
31 0.497933 0.438506 0.978697 0.504598
35 0.49208 0.437931 0.973233 0.502299
58 0.497933 0.438506 0.978697 0.504598
44 0.49208 0.437931 0.973233 0.502299
61 0.497933 0.438506 0.978697 0.504598
66 0.49208 0.437931 0.973233 0.502299
62 0.480763 0.437069 0.952161 0.502874
36 0.497933 0.438506 0.978697 0.504598
20 0.480763 0.437069 0.952161 0.502874
68 0.49208 0.437931 0.973233 0.502299
21 0.49208 0.437931 0.973233 0.502299
45 0.493641 0.437931 0.973233 0.510345
30 0.497933 0.438506 0.978697 0.504598
29 0.493641 0.437931 0.973233 0.510345
59 0.497933 0.442241 0.975575 0.501724
2 0.295989 0.444181 0.575589 0.520833
33 0.497933 0.438506 0.978697 0.504598
72 0.485446 0.438218 0.961526 0.512069
2 0.490909 0.439152 0.953722 0.503305
4 0.501836 0.442241 0.975575 0.499425
56 0.498324 0.44023 0.973233 0.5
7 0.498714 0.440733 0.972453 0.501293
6 0.498714 0.440733 0.972453 0.501293
1 0.498714 0.440733 0.972453 0.501293
3 0.501836 0.442241 0.975575 0.499425
0 0.497543 0.441882 0.968551 0.496695
5 0.502616 0.441882 0.975575 0.495546
54 0.501836 0.442241 0.975575 0.499425
60 0.502616 0.441882 0.975575 0.495546
28 0.502616 0.441882 0.975575 0.495546
57 0.498714 0.440733 0.972453 0.501293
8 0.498714 0.440733 0.972453 0.501293
39 0.502616 0.441882 0.975575 0.495546
22 0.502616 0.441882 0.975575 0.495546
32 0.502616 0.441882 0.975575 0.495546
69 0.498714 0.440733 0.972453 0.501293
31 0.502616 0.441882 0.975575 0.495546
67 0.502616 0.441882 0.975575 0.495546
52 0.501836 0.442241 0.975575 0.499425
23 0.501836 0.44648 0.970892 0.4875
66 0.501836 0.442241 0.975575 0.499425
44 0.501836 0.442241 0.975575 0.499425
20 0.498714 0.440733 0.972453 0.501293
68 0.501836 0.442241 0.975575 0.499425
10 0.501836 0.442241 0.975575 0.499425
35 0.498714 0.440733 0.972453 0.501293
58 0.498714 0.440733 0.972453 0.501293
34 0.501836 0.442241 0.975575 0.499425
62 0.502616 0.441882 0.975575 0.495546
61 0.502616 0.441882 0.975575 0.495546
36 0.505738 0.450287 0.974014 0.476437
45 0.501836 0.442241 0.975575 0.499425
21 0.501836 0.442241 0.975575 0.499425
30 0.501836 0.44648 0.970892 0.4875
29 0.501836 0.442241 0.975575 0.499425
59 0.501836 0.44648 0.970892 0.4875
2 0.369548 0.449353 0.690707 0.485201
65 0.501836 0.442241 0.975575 0.499425
33 0.501836 0.442241 0.975575 0.499425
0 0.369548 0.449353 0.690707 0.485201
2 0.500275 0.445115 0.966209 0.498276
6 0.501836 0.444181 0.96777 0.496695
7 0.501836 0.444181 0.96777 0.496695
1 0.500275 0.445115 0.966209 0.498276
56 0.500275 0.445115 0.966209 0.498276
3 0.500275 0.445115 0.963087 0.492529
69 0.500275 0.445115 0.964648 0.500575
60 0.501836 0.444181 0.96777 0.496695
5 0.501836 0.444181 0.96777 0.496695
8 0.500275 0.445115 0.966209 0.498276
0 0.501836 0.444181 0.96777 0.496695
28 0.501836 0.444181 0.96777 0.496695
39 0.501836 0.444181 0.96777 0.496695
4 0.500275 0.445115 0.964648 0.500575
54 0.501836 0.444181 0.96777 0.496695
10 0.500275 0.445115 0.964648 0.500575
32 0.501836 0.444181 0.96777 0.496695
22 0.501836 0.444181 0.96777 0.496695
57 0.500275 0.445115 0.964648 0.500575
67 0.501836 0.444181 0.96777 0.496695
52 0.500275 0.445115 0.964648 0.500575
35 0.500275 0.445115 0.964648 0.500575
31 0.501836 0.447701 0.966209 0.487356
66 0.500275 0.445115 0.964648 0.500575
36 0.504177 0.456609 0.975575 0.47069
62 0.501836 0.444181 0.96777 0.496695
61 0.500275 0.445115 0.964648 0.500575
44 0.500275 0.445115 0.964648 0.500575
23 0.501836 0.447701 0.966209 0.487356
58 0.500275 0.445115 0.964648 0.500575
30 0.501836 0.447701 0.966209 0.487356
34 0.500275 0.445115 0.964648 0.500575
68 0.500275 0.445115 0.964648 0.500575
20 0.500275 0.445115 0.964648 0.500575
21 0.500275 0.445115 0.964648 0.500575
45 0.500275 0.445115 0.964648 0.500575
59 0.504177 0.456609 0.975575 0.47069
33 0.500275 0.445115 0.964648 0.500575
29 0.501836 0.447701 0.966209 0.487356
2 0.488178 0.441882 0.952941 0.495546
6 0.504177 0.440302 0.975575 0.494109
8 0.503397 0.445474 0.975575 0.488362
28 0.504177 0.440302 0.975575 0.494109
5 0.488178 0.441882 0.952941 0.495546
7 0.504177 0.440302 0.975575 0.494109
39 0.503397 0.445474 0.975575 0.488362
54 0.504177 0.440302 0.975575 0.494109
56 0.499884 0.442816 0.973233 0.494828
0 0.499884 0.442816 0.973233 0.494828
1 0.488178 0.441882 0.952941 0.495546
60 0.504177 0.440302 0.975575 0.494109
69 0.498714 0.44023 0.970892 0.501149
3 0.499884 0.442816 0.973233 0.494828
66 0.504177 0.440302 0.975575 0.494109
57 0.503397 0.445474 0.975575 0.488362
4 0.503397 0.445474 0.975575 0.488362
22 0.503397 0.445474 0.975575 0.488362
44 0.503397 0.445474 0.975575 0.488362
31 0.503397 0.445474 0.975575 0.488362
30 0.503397 0.445474 0.975575 0.488362
67 0.503397 0.445474 0.975575 0.488362
32 0.503397 0.445474 0.975575 0.488362
35 0.504177 0.440302 0.975575 0.494109
36 0.505738 0.454095 0.980257 0.467672
23 0.503397 0.445474 0.975575 0.488362
20 0.503397 0.445474 0.975575 0.488362
10 0.498714 0.44023 0.970892 0.501149
58 0.498714 0.44023 0.970892 0.501149
61 0.504177 0.440302 0.975575 0.494109
62 0.503397 0.445474 0.975575 0.488362
34 0.503397 0.445474 0.975575 0.488362
68 0.503397 0.445474 0.975575 0.488362
45 0.503397 0.445474 0.975575 0.488362
52 0.503397 0.445474 0.975575 0.488362
29 0.503397 0.445474 0.975575 0.488362
33 0.505738 0.454095 0.980257 0.467672
21 0.503006 0.440517 0.970111 0.500575
59 0.503787 0.449713 0.946698 0.475287
2 0.484665 0.437931 0.959966 0.502299
22 0.501055 0.441882 0.980257 0.493247
69 0.496763 0.439152 0.974794 0.501006
7 0.501055 0.441882 0.980257 0.493247
39 0.501055 0.441882 0.980257 0.493247
6 0.501055 0.441882 0.980257 0.493247
54 0.501055 0.441882 0.980257 0.493247
28 0.501055 0.441882 0.980257 0.493247
5 0.487787 0.438506 0.966209 0.504598
23 0.501055 0.448348 0.977136 0.483764
60 0.501055 0.441882 0.980257 0.493247
8 0.496763 0.439152 0.974794 0.501006
56 0.496763 0.439152 0.974794 0.501006
0 0.496763 0.439583 0.976355 0.500144
31 0.501055 0.448348 0.977136 0.483764
3 0.496763 0.443391 0.973233 0.494828
67 0.501055 0.448348 0.977136 0.483764
52 0.501055 0.441882 0.980257 0.493247
1 0.484665 0.437931 0.959966 0.502299
4 0.501055 0.448348 0.977136 0.483764
57 0.484665 0.437931 0.959966 0.502299
58 0.501055 0.448348 0.977136 0.483764
32 0.501055 0.441882 0.980257 0.493247
10 0.496763 0.439152 0.974794 0.501006
66 0.499494 0.441092 0.974014 0.497126
35 0.499494 0.441092 0.974014 0.497126
68 0.501055 0.448348 0.977136 0.483764
30 0.501055 0.448348 0.977136 0.483764
62 0.501055 0.441882 0.980257 0.493247
61 0.496763 0.439152 0.974794 0.501006
44 0.499494 0.441092 0.974014 0.497126
34 0.501055 0.441882 0.980257 0.493247
59 0.501055 0.448348 0.977136 0.483764
36 0.501055 0.441882 0.980257 0.493247
20 0.496763 0.443391 0.973233 0.494828
21 0.501055 0.448348 0.977136 0.483764
45 0.496763 0.443391 0.973233 0.494828
29 0.496763 0.443391 0.973233 0.494828
33 0.499494 0.441092 0.974014 0.497126
2 0.49208 0.441092 0.959185 0.494828
7 0.501836 0.444181 0.974014 0.4875
39 0.501836 0.444181 0.974014 0.4875
5 0.49208 0.441092 0.959185 0.494828
69 0.501055 0.447126 0.972453 0.488506
60 0.501836 0.444181 0.974014 0.4875
56 0.499104 0.44375 0.968551 0.496408
1 0.49208 0.441092 0.959185 0.494828
8 0.501836 0.444181 0.974014 0.4875
3 0.499104 0.44375 0.968551 0.496408
6 0.501836 0.444181 0.974014 0.4875
22 0.501055 0.447126 0.972453 0.488506
0 0.499104 0.44375 0.968551 0.496408
57 0.498714 0.444325 0.972453 0.497558
4 0.498714 0.444325 0.972453 0.497558
28 0.501836 0.444181 0.974014 0.4875
23 0.501055 0.447126 0.972453 0.488506
31 0.502616 0.455172 0.974014 0.464368
54 0.501836 0.444181 0.974014 0.4875
35 0.502616 0.455172 0.974014 0.464368
66 0.499884 0.447414 0.971672 0.49023
10 0.498714 0.444325 0.972453 0.497558
67 0.501055 0.447126 0.972453 0.488506
62 0.501055 0.447126 0.972453 0.488506
32 0.502616 0.455172 0.974014 0.464368
58 0.499104 0.44375 0.968551 0.496408
36 0.502616 0.455172 0.974014 0.464368
30 0.501055 0.447126 0.972453 0.488506
52 0.501055 0.447126 0.972453 0.488506
44 0.499884 0.447414 0.971672 0.49023
61 0.501836 0.444181 0.974014 0.4875
20 0.501055 0.447126 0.972453 0.488506
34 0.501055 0.447126 0.972453 0.488506
21 0.502616 0.455172 0.974014 0.464368
68 0.501055 0.447126 0.972453 0.488506
7 0.570126 0.527586 0.810898 0.321839
39 0.570126 0.527586 0.810898 0.321839
33 0.502616 0.455172 0.974014 0.464368
45 0.499884 0.447414 0.971672 0.49023
59 0.502616 0.455172 0.974014 0.464368
2 0.522518 0.535919 0.887383 0.298276
23 0.522518 0.535919 0.887383 0.298276
22 0.570126 0.527586 0.810898 0.321839
69 0.522518 0.535919 0.887383 0.298276
7 0.499494 0.433405 0.974014 0.502155
6 0.499494 0.433405 0.974014 0.502155
39 0.499494 0.433405 0.974014 0.502155
8 0.499494 0.433405 0.974014 0.502155
2 0.488958 0.434411 0.965429 0.50819
60 0.499494 0.433405 0.974014 0.502155
0 0.494031 0.43283 0.972453 0.504454
54 0.499494 0.433405 0.974014 0.502155
31 0.499494 0.433405 0.974014 0.502155
35 0.498714 0.431897 0.969331 0.512069
28 0.499494 0.433405 0.974014 0.502155
30 0.500275 0.439368 0.970892 0.500575
67 0.499494 0.433405 0.974014 0.502155
1 0.488958 0.434411 0.965429 0.50819
32 0.499494 0.433405 0.974014 0.502155
3 0.494421 0.436207 0.968551 0.508046
57 0.498714 0.431897 0.969331 0.512069
69 0.498714 0.431897 0.969331 0.512069
5 0.488958 0.434411 0.965429 0.50819
56 0.488958 0.434411 0.965429 0.50819
66 0.498714 0.431897 0.969331 0.512069
22 0.499494 0.433405 0.974014 0.502155
36 0.500275 0.439368 0.970892 0.500575
20 0.498714 0.431897 0.969331 0.512069
4 0.498714 0.431897 0.969331 0.512069
23 0.500275 0.439368 0.970892 0.500575
58 0.494421 0.436207 0.968551 0.508046
44 0.498714 0.431897 0.969331 0.512069
68 0.498714 0.431897 0.969331 0.512069
61 0.494421 0.436207 0.968551 0.508046
10 0.486617 0.434555 0.960746 0.507902
62 0.494421 0.436207 0.968551 0.508046
34 0.494421 0.436207 0.968551 0.508046
59 0.500275 0.439368 0.970892 0.500575
43 0.499494 0.433405 0.974014 0.502155
33 0.500275 0.439368 0.970892 0.500575
7 0.500275 0.44454 0.975575 0.484483
6 0.500275 0.44454 0.975575 0.484483
8 0.500275 0.44454 0.975575 0.484483
39 0.501055 0.448922 0.974014 0.481465
2 0.497933 0.441667 0.974014 0.492529
60 0.499104 0.446264 0.971672 0.483333
35 0.499104 0.446264 0.971672 0.483333
0 0.497933 0.441667 0.974014 0.492529
69 0.501055 0.448922 0.974014 0.481465
57 0.499104 0.446264 0.971672 0.483333
5 0.496372 0.444899 0.970892 0.489511
28 0.501055 0.448922 0.974014 0.481465
1 0.496372 0.444899 0.970892 0.489511
56 0.496372 0.444899 0.970892 0.489511
31 0.501055 0.448922 0.974014 0.481465
66 0.499104 0.446264 0.971672 0.483333
36 0.505738 0.454095 0.977136 0.469971
30 0.501055 0.448922 0.974014 0.481465
54 0.499104 0.446264 0.971672 0.483333
3 0.496372 0.444899 0.970892 0.489511
67 0.501055 0.448922 0.974014 0.481465
20 0.501055 0.448922 0.974014 0.481465
22 0.501055 0.448922 0.974014 0.481465
32 0.505738 0.454095 0.977136 0.469971
62 0.496372 0.444899 0.970892 0.489511
23 0.501055 0.448922 0.974014 0.481465
4 0.499104 0.446264 0.971672 0.483333
10 0.496372 0.444899 0.970892 0.489511
61 0.497933 0.441667 0.974014 0.492529
7 0.533054 0.506609 0.913138 0.36954
44 0.499104 0.446264 0.971672 0.483333
33 0.505738 0.454095 0.977136 0.469971
34 0.499104 0.446264 0.971672 0.483333
68 0.501055 0.448922 0.974014 0.481465
58 0.505738 0.454095 0.977136 0.469971
21 0.499104 0.446264 0.971672 0.483333
45 0.499104 0.446264 0.971672 0.483333
43 0.500275 0.44454 0.975575 0.484483
52 0.501055 0.448922 0.974014 0.481465
59 0.505738 0.454095 0.977136 0.469971
6 0.506518 0.44569 0.978697 0.484483
7 0.506518 0.44569 0.978697 0.484483
8 0.503006 0.437859 0.979477 0.503592
2 0.499104 0.441954 0.977916 0.504598
39 0.502616 0.442529 0.977136 0.498851
35 0.506518 0.44569 0.978697 0.484483
1 0.490909 0.436782 0.963087 0.511494
5 0.490909 0.436782 0.963087 0.511494
60 0.497933 0.437859 0.975575 0.509339
0 0.497933 0.437859 0.975575 0.509339
56 0.497933 0.437859 0.975575 0.509339
30 0.505348 0.448563 0.977916 0.486782
66 0.506518 0.44569 0.978697 0.484483
69 0.497933 0.437859 0.975575 0.509339
57 0.497933 0.437859 0.975575 0.509339
54 0.506518 0.44569 0.978697 0.484483
20 0.497933 0.437859 0.975575 0.509339
36 0.505348 0.448563 0.977916 0.486782
31 0.505348 0.448563 0.977916 0.486782
28 0.497933 0.437859 0.975575 0.509339
3 0.497933 0.437859 0.975575 0.509339
62 0.497933 0.437859 0.975575 0.509339
32 0.505348 0.448563 0.977916 0.486782
4 0.501055 0.443103 0.975575 0.501149
33 0.505348 0.448563 0.977916 0.486782
61 0.499104 0.441954 0.977916 0.504598
67 0.497933 0.437859 0.975575 0.509339
22 0.497933 0.437859 0.975575 0.509339
43 0.503006 0.437859 0.979477 0.503592
44 0.505348 0.448563 0.977916 0.486782
10 0.499104 0.441954 0.977916 0.504598
34 0.505348 0.448563 0.977916 0.486782
23 0.497933 0.437859 0.975575 0.509339
7 0.503787 0.453951 0.981038 0.462213
39 0.494031 0.444828 0.974014 0.488506
8 0.500275 0.44648 0.978697 0.480603
2 0.49286 0.439368 0.971672 0.494828
6 0.500275 0.44648 0.978697 0.480603
60 0.494031 0.444828 0.974014 0.488506
5 0.487787 0.438793 0.966209 0.497126
0 0.494031 0.444828 0.974014 0.488506
1 0.487787 0.438793 0.966209 0.497126
35 0.49286 0.439368 0.971672 0.494828
57 0.494031 0.444828 0.974014 0.488506
69 0.494031 0.444828 0.974014 0.488506
22 0.503397 0.454598 0.980257 0.464368
56 0.494031 0.444828 0.974014 0.488506
31 0.503397 0.454598 0.980257 0.464368
54 0.500275 0.44648 0.978697 0.480603
3 0.494031 0.444828 0.974014 0.488506
28 0.494031 0.444828 0.974014 0.488506
20 0.494031 0.444828 0.974014 0.488506
66 0.500275 0.44648 0.978697 0.480603
32 0.503397 0.454598 0.980257 0.464368
30 0.503397 0.454598 0.980257 0.464368
23 0.503397 0.454598 0.980257 0.464368
62 0.494031 0.444828 0.974014 0.488506
67 0.503397 0.454598 0.980257 0.464368
4 0.503397 0.454598 0.980257 0.464368
36 0.494031 0.440733 0.975575 0.492098
43 0.500275 0.44648 0.978697 0.480603
61 0.49286 0.439368 0.971672 0.494828
58 0.503397 0.454598 0.980257 0.464368
10 0.494031 0.444828 0.974014 0.488506
7 0.501836 0.447055 0.978697 0.480603
6 0.501836 0.447055 0.978697 0.480603
8 0.499104 0.442816 0.979477 0.495977
39 0.499104 0.442816 0.979477 0.495977
2 0.49247 0.439655 0.972453 0.501149
35 0.501836 0.447055 0.978697 0.480603
0 0.49247 0.439655 0.972453 0.501149
60 0.49247 0.439655 0.972453 0.501149
1 0.49247 0.439655 0.972453 0.501149
5 0.49247 0.439655 0.972453 0.501149
57 0.49247 0.439655 0.972453 0.501149
30 0.501445 0.450503 0.979477 0.479454
69 0.49247 0.439655 0.972453 0.501149
56 0.49247 0.439655 0.972453 0.501149
20 0.49247 0.439655 0.972453 0.501149
31 0.501445 0.450503 0.979477 0.479454
66 0.501836 0.447055 0.978697 0.480603
54 0.501836 0.447055 0.978697 0.480603
28 0.49247 0.439655 0.972453 0.501149
32 0.501445 0.450503 0.979477 0.479454
3 0.49247 0.439655 0.972453 0.501149
36 0.501445 0.450503 0.979477 0.479454
62 0.49247 0.439655 0.972453 0.501149
22 0.49247 0.439655 0.972453 0.501149
4 0.501445 0.450503 0.979477 0.479454
67 0.49247 0.439655 0.972453 0.501149
33 0.501445 0.450503 0.979477 0.479454
58 0.49247 0.439655 0.972453 0.501149
43 0.499494 0.436853 0.978697 0.504454
61 0.49247 0.439655 0.972453 0.501149
23 0.501445 0.450503 0.979477 0.479454
34 0.501445 0.450503 0.979477 0.479454
10 0.49247 0.439655 0.972453 0.501149
7 0.503787 0.440805 0.981038 0.483908
6 0.503787 0.440805 0.981038 0.483908
2 0.499494 0.44023 0.977136 0.489655
8 0.503787 0.440805 0.981038 0.483908
39 0.503787 0.440805 0.981038 0.483908
60 0.499494 0.44023 0.977136 0.489655
35 0.502616 0.441667 0.978697 0.487931
1 0.490909 0.440805 0.963087 0.483908
0 0.498714 0.441882 0.972453 0.488649
5 0.490909 0.440805 0.963087 0.483908
69 0.498714 0.441882 0.972453 0.488649
20 0.498714 0.441882 0.972453 0.488649
3 0.498714 0.441882 0.972453 0.488649
31 0.504957 0.450072 0.98494 0.469971
57 0.502616 0.441667 0.978697 0.487931
22 0.498714 0.441882 0.972453 0.488649
32 0.504957 0.450072 0.98494 0.469971
28 0.498714 0.441882 0.972453 0.488649
56 0.498714 0.441882 0.972453 0.488649
66 0.502616 0.441667 0.978697 0.487931
62 0.499494 0.44023 0.977136 0.489655
54 0.503006 0.444325 0.979477 0.483764
30 0.498714 0.441882 0.972453 0.488649
23 0.503006 0.444325 0.979477 0.483764
67 0.498714 0.441882 0.972453 0.488649
36 0.499494 0.44023 0.977136 0.489655
43 0.503787 0.440805 0.981038 0.483908
4 0.502616 0.441667 0.978697 0.487931
6 0.497153 0.43908 0.969331 0.495402
7 0.499884 0.440876 0.971672 0.495259
8 0.497153 0.43908 0.969331 0.495402
39 0.490909 0.439727 0.961526 0.497557
2 0.489738 0.439583 0.957624 0.497845
60 0.497153 0.43908 0.969331 0.495402
54 0.501055 0.439727 0.974014 0.496408
69 0.497153 0.43908 0.969331 0.495402
35 0.499884 0.440876 0.971672 0.495259
30 0.496372 0.439009 0.964648 0.498994
57 0.490909 0.439727 0.961526 0.497557
5 0.490909 0.439727 0.961526 0.497557
28 0.490909 0.439727 0.961526 0.497557
66 0.499884 0.440876 0.971672 0.495259
0 0.497153 0.43908 0.969331 0.495402
1 0.490909 0.439727 0.961526 0.497557
31 0.499884 0.440876 0.971672 0.495259
67 0.499884 0.440876 0.971672 0.495259
20 0.496372 0.439009 0.964648 0.498994
22 0.496372 0.439009 0.964648 0.498994
32 0.490909 0.439727 0.961526 0.497557
56 0.490909 0.439727 0.961526 0.497557
62 0.489738 0.439583 0.957624 0.497845
36 0.497153 0.43908 0.969331 0.495402
43 0.501055 0.439727 0.974014 0.496408
61 0.497153 0.43908 0.969331 0.495402
10 0.489738 0.439583 0.957624 0.497845
58 0.490909 0.439727 0.961526 0.497557
4 0.499884 0.440876 0.971672 0.495259
23 0.490909 0.439727 0.961526 0.497557
3 0.496372 0.439009 0.964648 0.498994
33 0.501055 0.442026 0.972453 0.494109
44 0.499884 0.440876 0.971672 0.495259
68 0.490909 0.439727 0.961526 0.497557
6 0.497933 0.434195 0.989623 0.51092
8 0.497933 0.434195 0.989623 0.51092
7 0.497933 0.435057 0.986501 0.514943
39 0.497933 0.435057 0.986501 0.514943
35 0.497153 0.43592 0.988062 0.516667
2 0.49247 0.438793 0.98494 0.51092
60 0.49247 0.438793 0.98494 0.51092
30 0.497153 0.43592 0.988062 0.516667
20 0.497933 0.435057 0.986501 0.514943
54 0.497153 0.43592 0.988062 0.516667
66 0.497153 0.43592 0.988062 0.516667
57 0.49247 0.438793 0.98494 0.51092
0 0.49247 0.438793 0.98494 0.51092
31 0.497153 0.43592 0.988062 0.516667
1 0.49208 0.43592 0.982599 0.513218
5 0.49208 0.43592 0.982599 0.513218
36 0.49247 0.438793 0.98494 0.51092
69 0.49247 0.438793 0.98494 0.51092
43 0.497933 0.434195 0.989623 0.51092
32 0.49208 0.43592 0.982599 0.513218
28 0.49247 0.438793 0.98494 0.51092
67 0.497153 0.43592 0.988062 0.516667
56 0.49247 0.438793 0.98494 0.51092
4 0.497153 0.43592 0.988062 0.516667
6 0.496372 0.439655 0.978697 0.5
7 0.500665 0.442241 0.981038 0.492529
8 0.500665 0.442241 0.981038 0.492529
39 0.494812 0.436782 0.974014 0.498851
2 0.496372 0.439655 0.978697 0.5
35 0.500665 0.442241 0.981038 0.492529
60 0.500665 0.442241 0.981038 0.492529
54 0.500665 0.442241 0.981038 0.492529
69 0.496372 0.439655 0.978697 0.5
0 0.496372 0.439655 0.978697 0.5
57 0.500665 0.442241 0.981038 0.492529
31 0.500665 0.442241 0.981038 0.492529
30 0.501445 0.440302 0.979477 0.490661
32 0.496372 0.439655 0.978697 0.5
66 0.500665 0.442241 0.981038 0.492529
1 0.494812 0.436782 0.974014 0.498851
5 0.494812 0.436782 0.974014 0.498851
20 0.501445 0.440302 0.979477 0.490661
4 0.500665 0.442241 0.981038 0.492529
36 0.496372 0.439655 0.978697 0.5
28 0.496372 0.439655 0.978697 0.5
67 0.500665 0.442241 0.981038 0.492529
43 0.501445 0.437644 0.982599 0.492529
56 0.496372 0.439655 0.978697 0.5
22 0.494812 0.436782 0.974014 0.498851
3 0.500665 0.442241 0.981038 0.492529
7 0.503397 0.438793 0.981818 0.499425
6 0.503397 0.438793 0.981818 0.499425
8 0.503397 0.438793 0.981818 0.499425
39 0.497153 0.437069 0.974014 0.504023
2 0.497933 0.439368 0.977136 0.506322
60 0.497933 0.439368 0.977136 0.506322
35 0.497933 0.439368 0.977136 0.506322
57 0.502616 0.440805 0.980257 0.504598
31 0.505348 0.447198 0.981038 0.478017
0 0.497933 0.439368 0.977136 0.506322
69 0.497933 0.439368 0.977136 0.506322
5 0.49247 0.437356 0.963087 0.504598
1 0.49247 0.437356 0.963087 0.504598
4 0.502616 0.440805 0.980257 0.504598
32 0.497933 0.439368 0.977136 0.506322
54 0.503397 0.442241 0.981818 0.49023
43 0.503397 0.438793 0.981818 0.499425
3 0.497933 0.439368 0.977136 0.506322
66 0.495982 0.439152 0.970111 0.497557
20 0.495982 0.439152 0.970111 0.497557
22 0.505348 0.447198 0.981038 0.478017
36 0.497933 0.439368 0.977136 0.506322
67 0.495982 0.439152 0.970111 0.497557
6 0.506909 0.444325 0.977916 0.486063
7 0.506909 0.444325 0.977916 0.486063
8 0.506909 0.444325 0.977916 0.486063
2 0.503397 0.435129 0.977136 0.510201
39 0.502616 0.437859 0.970892 0.503592
5 0.503397 0.435129 0.977136 0.510201
0 0.502616 0.437859 0.970892 0.503592
1 0.503397 0.435129 0.977136 0.510201
60 0.505738 0.438434 0.977136 0.503592
54 0.506909 0.444325 0.977916 0.486063
69 0.503397 0.435129 0.977136 0.510201
35 0.506909 0.444325 0.977916 0.486063
57 0.505738 0.438434 0.977136 0.503592
31 0.506909 0.445977 0.977916 0.487356
20 0.505738 0.441092 0.974014 0.498276
4 0.506909 0.445977 0.977916 0.487356
28 0.503397 0.435129 0.977136 0.510201
56 0.503397 0.435129 0.977136 0.510201
32 0.505738 0.438434 0.977136 0.503592
66 0.506909 0.445977 0.977916 0.487356
30 0.506909 0.445977 0.977916 0.487356
3 0.505738 0.438434 0.977136 0.503592
7 0.505738 0.441882 0.977136 0.494397
6 0.505738 0.44375 0.977136 0.49181
39 0.505738 0.441882 0.977136 0.494397
8 0.505738 0.44375 0.977136 0.49181
35 0.503787 0.437356 0.973233 0.506896
2 0.500275 0.438218 0.966209 0.506322
60 0.503787 0.437356 0.973233 0.506896
69 0.500275 0.438218 0.966209 0.506322
54 0.505738 0.44375 0.977136 0.49181
31 0.505738 0.441882 0.977136 0.494397
32 0.505738 0.441882 0.977136 0.494397
20 0.505738 0.441882 0.977136 0.494397
5 0.500275 0.438218 0.966209 0.506322
1 0.500275 0.438218 0.966209 0.506322
0 0.500275 0.438218 0.966209 0.506322
57 0.503787 0.437356 0.973233 0.506896
66 0.500275 0.438218 0.966209 0.506322
30 0.505738 0.441882 0.977136 0.494397
4 0.503787 0.437356 0.973233 0.506896
28 0.500275 0.438218 0.966209 0.506322
22 0.505738 0.441882 0.977136 0.494397
36 0.501445 0.436494 0.96699 0.51092
43 0.505348 0.437644 0.971672 0.508621
67 0.500275 0.438218 0.966209 0.506322
7 0.500275 0.440158 0.978697 0.504741
6 0.499884 0.440876 0.981038 0.503305
8 0.499884 0.440876 0.981038 0.503305
39 0.49247 0.439583 0.972453 0.504741
35 0.499884 0.440876 0.981038 0.503305
54 0.499884 0.440876 0.981038 0.503305
2 0.487397 0.440158 0.974794 0.501293
31 0.499884 0.440876 0.981038 0.503305
60 0.499884 0.440876 0.981038 0.503305
69 0.49247 0.439583 0.972453 0.504741
20 0.500275 0.440158 0.978697 0.504741
5 0.487397 0.440158 0.974794 0.501293
57 0.499884 0.440876 0.981038 0.503305
32 0.499884 0.440876 0.981038 0.503305
0 0.494812 0.439655 0.980258 0.504598
66 0.49247 0.439583 0.972453 0.504741
1 0.487397 0.440158 0.974794 0.501293
4 0.499884 0.440876 0.981038 0.503305
30 0.499884 0.440876 0.981038 0.503305
43 0.500275 0.440876 0.981818 0.502155
67 0.499884 0.440876 0.981038 0.503305
6 0.504957 0.436853 0.969331 0.505603
8 0.504957 0.436853 0.969331 0.505603
7 0.504957 0.438793 0.969331 0.508621
39 0.501836 0.440517 0.959966 0.505172
35 0.503397 0.439655 0.96777 0.5
2 0.503397 0.439655 0.96777 0.5
60 0.504957 0.436853 0.969331 0.505603
54 0.504957 0.436853 0.969331 0.505603
69 0.501836 0.440517 0.959966 0.505172
31 0.504177 0.439727 0.974014 0.507902
20 0.501836 0.440517 0.959966 0.505172
66 0.501836 0.440517 0.959966 0.505172
57 0.504957 0.436853 0.969331 0.505603
1 0.501836 0.440517 0.959966 0.505172
32 0.501836 0.440517 0.959966 0.505172
0 0.503397 0.439655 0.96777 0.5
5 0.501836 0.440517 0.959966 0.505172
30 0.501836 0.440517 0.959966 0.505172
36 0.502616 0.438793 0.961526 0.505172
4 0.504957 0.436853 0.969331 0.505603
22 0.501836 0.440517 0.959966 0.505172
43 0.504957 0.435129 0.969331 0.511351
28 0.501836 0.440517 0.959966 0.505172
62 0.501836 0.440517 0.959966 0.505172
67 0.504957 0.436853 0.969331 0.505603
6 0.495592 0.443103 0.974014 0.498851
7 0.501055 0.445977 0.980257 0.489655
8 0.499884 0.440876 0.982599 0.497557
39 0.501055 0.445977 0.980257 0.489655
35 0.494421 0.442241 0.977916 0.505172
2 0.494421 0.442241 0.977916 0.505172
54 0.499884 0.440876 0.982599 0.497557
60 0.494421 0.442241 0.977916 0.505172
20 0.501055 0.445977 0.980257 0.489655
31 0.501055 0.445977 0.980257 0.489655
0 0.494421 0.442241 0.977916 0.505172
69 0.494421 0.442241 0.977916 0.505172
66 0.495592 0.443103 0.974014 0.498851
36 0.488568 0.440876 0.96777 0.504454
30 0.501055 0.445977 0.980257 0.489655
1 0.488568 0.440876 0.96777 0.504454
57 0.494421 0.442241 0.977916 0.505172
5 0.495592 0.443103 0.974014 0.498851
32 0.495592 0.443103 0.974014 0.498851
7 0.496763 0.441379 0.973233 0.502299
6 0.501836 0.443175 0.977136 0.499856
8 0.501836 0.443175 0.977136 0.499856
39 0.495592 0.443678 0.966209 0.493103
2 0.496763 0.441379 0.973233 0.502299
35 0.501836 0.443175 0.977136 0.499856
31 0.506518 0.448276 0.975575 0.48046
0 0.496763 0.441379 0.973233 0.502299
5 0.49286 0.439655 0.963868 0.502299
20 0.501836 0.443175 0.977136 0.499856
4 0.501836 0.443175 0.977136 0.499856
60 0.496763 0.441379 0.973233 0.502299
32 0.495592 0.443678 0.966209 0.493103
1 0.495592 0.443678 0.966209 0.493103
69 0.495592 0.443678 0.966209 0.493103
57 0.501836 0.443175 0.977136 0.499856
54 0.501836 0.443175 0.977136 0.499856
43 0.502616 0.441379 0.975575 0.496552
66 0.495592 0.443678 0.966209 0.493103
7 0.364475 0.446049 0.674317 0.518247
22 0.495592 0.443678 0.966209 0.493103
7 0.505738 0.451652 0.980257 0.480603
6 0.500275 0.447414 0.980257 0.49023
8 0.500275 0.447414 0.980257 0.49023
39 0.49247 0.442026 0.969331 0.495259
2 0.494811 0.44454 0.977136 0.492529
5 0.49247 0.442026 0.969331 0.495259
0 0.494811 0.44454 0.977136 0.492529
35 0.494811 0.44454 0.977136 0.492529
54 0.499884 0.444756 0.979477 0.490948
1 0.49247 0.442026 0.969331 0.495259
60 0.494811 0.44454 0.977136 0.492529
4 0.499884 0.444756 0.979477 0.490948
31 0.505738 0.451652 0.980257 0.480603
57 0.494811 0.44454 0.977136 0.492529
69 0.494811 0.44454 0.977136 0.492529
32 0.494811 0.44454 0.977136 0.492529
28 0.494811 0.44454 0.977136 0.492529
20 0.500275 0.447414 0.980257 0.49023
66 0.493251 0.44648 0.975575 0.493247
6 0.502616 0.443678 0.970892 0.498851
7 0.502616 0.444325 0.974014 0.483764
8 0.502616 0.443678 0.970892 0.498851
39 0.501445 0.441954 0.959185 0.491954
2 0.502226 0.44454 0.968551 0.497126
35 0.502616 0.443678 0.970892 0.498851
60 0.502226 0.44454 0.968551 0.497126
1 0.498714 0.440876 0.964648 0.49296
0 0.502226 0.44454 0.968551 0.497126
54 0.502616 0.443678 0.970892 0.498851
5 0.498714 0.440876 0.964648 0.49296
69 0.502226 0.44454 0.968551 0.497126
20 0.502616 0.443678 0.970892 0.498851
31 0.502616 0.444325 0.974014 0.483764
57 0.502616 0.443678 0.970892 0.498851
66 0.502616 0.443678 0.970892 0.498851
32 0.501445 0.441954 0.959185 0.491954
6 0.501055 0.443965 0.981818 0.499425
7 0.504957 0.441092 0.977136 0.505172
8 0.504957 0.439152 0.981818 0.503305
35 0.503397 0.440805 0.981818 0.503448
2 0.501055 0.443965 0.981818 0.499425
39 0.49247 0.441092 0.966209 0.499425
20 0.504957 0.441092 0.977136 0.505172
60 0.501055 0.443965 0.981818 0.499425
54 0.498714 0.441451 0.972453 0.505603
0 0.503397 0.440805 0.981818 0.503448
31 0.505738 0.441954 0.980257 0.501149
57 0.503397 0.440805 0.981818 0.503448
6 0.504957 0.439943 0.975575 0.504023
7 0.506518 0.448779 0.975575 0.482902
8 0.504957 0.439943 0.975575 0.504023
39 0.499104 0.439368 0.970111 0.502874
35 0.504957 0.439943 0.975575 0.504023
2 0.500275 0.440517 0.975575 0.500575
54 0.504957 0.439943 0.975575 0.504023
20 0.497933 0.440517 0.96777 0.501724
60 0.497933 0.440517 0.96777 0.501724
0 0.504957 0.439943 0.975575 0.504023
69 0.497933 0.440517 0.96777 0.501724
5 0.497933 0.440517 0.96777 0.501724
66 0.497933 0.440517 0.96777 0.501724
31 0.506518 0.448779 0.975575 0.482902
1 0.497933 0.440517 0.96777 0.501724
32 0.497933 0.440517 0.96777 0.501724
7 0.499494 0.442026 0.980257 0.490661
6 0.500275 0.440158 0.983379 0.495546
8 0.499104 0.43908 0.981038 0.494253
2 0.491299 0.440805 0.971672 0.491954
39 0.491299 0.440805 0.971672 0.491954
35 0.499104 0.43908 0.981038 0.494253
1 0.493251 0.441307 0.974014 0.493247
20 0.499104 0.43908 0.981038 0.494253
69 0.493251 0.441307 0.974014 0.493247
32 0.503006 0.447055 0.979477 0.480603
60 0.494421 0.43908 0.977916 0.491954
54 0.503787 0.443391 0.981038 0.485632
5 0.493251 0.441307 0.974014 0.493247
0 0.493251 0.441307 0.974014 0.493247
57 0.499104 0.43908 0.981038 0.494253
31 0.503006 0.447055 0.979477 0.480603
7 0.499104 0.439943 0.977916 0.498276
6 0.499104 0.439943 0.977916 0.498276
8 0.500275 0.440158 0.978697 0.494397
2 0.490909 0.43908 0.969331 0.495402
39 0.493251 0.440158 0.974014 0.496695
35 0.495592 0.440805 0.975575 0.490805
20 0.499494 0.440805 0.977136 0.493103
1 0.493251 0.440158 0.974014 0.496695
31 0.499104 0.439943 0.977916 0.498276
0 0.495592 0.440805 0.975575 0.490805
60 0.493251 0.440158 0.974014 0.496695
7 0.502616 0.432184 0.980257 0.516092
6 0.503397 0.432687 0.981818 0.513937
8 0.502616 0.434195 0.980257 0.517816
39 0.502616 0.432184 0.980257 0.516092
2 0.498714 0.437069 0.981818 0.512069
35 0.502616 0.434195 0.980257 0.517816
32 0.506518 0.429023 0.978697 0.520115
5 0.498324 0.432687 0.977916 0.515086
1 0.498324 0.432687 0.977916 0.515086
0 0.502616 0.434195 0.980257 0.517816
4 0.498324 0.432687 0.977916 0.515086
20 0.502616 0.434195 0.980257 0.517816
69 0.498324 0.432687 0.977916 0.515086
60 0.498714 0.437069 0.981818 0.512069
54 0.506909 0.42931 0.977916 0.51954
6 0.499884 0.445402 0.985721 0.490805
7 0.499104 0.44648 0.98416 0.488649
8 0.499884 0.445402 0.985721 0.490805
39 0.499104 0.44648 0.98416 0.488649
35 0.499884 0.445402 0.985721 0.490805
2 0.490129 0.442529 0.974014 0.493103
20 0.499884 0.445402 0.985721 0.490805
54 0.499884 0.445402 0.985721 0.490805
31 0.502616 0.449425 0.980257 0.481609
60 0.495982 0.444899 0.98416 0.49181
0 0.499884 0.445402 0.985721 0.490805
66 0.499884 0.445402 0.985721 0.490805
1 0.494031 0.445905 0.981818 0.490948
4 0.499884 0.445402 0.985721 0.490805
30 0.502616 0.449425 0.980257 0.481609
57 0.499884 0.445402 0.985721 0.490805
32 0.494031 0.445905 0.981818 0.490948
6 0.499494 0.437284 0.981818 0.495546
7 0.499104 0.44023 0.976355 0.497701
8 0.499494 0.437284 0.981818 0.495546
39 0.499104 0.44023 0.976355 0.497701
2 0.488568 0.441882 0.964648 0.500144
54 0.499494 0.438793 0.980257 0.499425
5 0.493251 0.439152 0.974014 0.501006
69 0.493251 0.439152 0.974014 0.501006
1 0.493251 0.439152 0.974014 0.501006
32 0.499104 0.44023 0.976355 0.497701
0 0.493251 0.439152 0.974014 0.501006
35 0.499104 0.44023 0.976355 0.497701
20 0.499494 0.438793 0.980257 0.499425
6 0.502616 0.442026 0.980257 0.495259
7 0.507299 0.448779 0.974014 0.482902
8 0.502616 0.442026 0.980257 0.495259
39 0.501836 0.445115 0.978697 0.491379
35 0.502616 0.442026 0.980257 0.495259
2 0.499104 0.441667 0.977916 0.492529
20 0.502616 0.442026 0.980257 0.495259
31 0.507299 0.448779 0.974014 0.482902
1 0.496372 0.443606 0.970892 0.494397
0 0.502616 0.442026 0.980257 0.495259
7 0.505738 0.446839 0.980257 0.487931
6 0.502616 0.442529 0.986501 0.497701
39 0.505738 0.446839 0.980257 0.487931
8 0.502226 0.439655 0.985721 0.505747
2 0.498714 0.441379 0.988062 0.502299
35 0.502226 0.439655 0.985721 0.505747
32 0.505738 0.446839 0.980257 0.487931
20 0.502226 0.439655 0.985721 0.505747
1 0.498324 0.440876 0.985721 0.501006
60 0.505738 0.446839 0.980257 0.487931
31 0.505738 0.446839 0.980257 0.487931
6 0.503397 0.438218 0.983379 0.498276
7 0.506128 0.443032 0.981038 0.486351
39 0.503006 0.444181 0.982599 0.492098
8 0.503397 0.438218 0.983379 0.498276
35 0.503397 0.438218 0.983379 0.498276
2 0.493251 0.438793 0.970892 0.492529
32 0.505738 0.449497 0.980257 0.482615
60 0.503006 0.444181 0.982599 0.492098
20 0.503397 0.438218 0.983379 0.498276
1 0.496372 0.441882 0.977136 0.495546
6 0.505738 0.445115 0.980257 0.485632
7 0.504957 0.448276 0.978697 0.482759
8 0.505738 0.445115 0.980257 0.485632
39 0.494031 0.442241 0.969331 0.493678
35 0.501055 0.442241 0.986501 0.493678
2 0.497933 0.441954 0.978697 0.493103
20 0.501055 0.442241 0.986501 0.493678
0 0.501055 0.442241 0.986501 0.493678
1 0.496372 0.443032 0.972453 0.492098
36 0.504957 0.448276 0.978697 0.482759
60 0.497933 0.441954 0.978697 0.493103
32 0.504957 0.448276 0.978697 0.482759
6 0.494812 0.438506 0.966209 0.497701
7 0.507689 0.446552 0.973233 0.486207
2 0.497153 0.43908 0.972453 0.493103
39 0.494812 0.438506 0.966209 0.497701
8 0.504177 0.440517 0.977136 0.493678
35 0.501836 0.44023 0.977136 0.493103
32 0.507689 0.446552 0.973233 0.486207
0 0.501836 0.44023 0.977136 0.493103
20 0.501836 0.44023 0.977136 0.493103
1 0.494812 0.438506 0.966209 0.497701
31 0.507689 0.446552 0.973233 0.486207
7 0.503397 0.440158 0.98494 0.497845
6 0.502616 0.436494 0.986501 0.498276
2 0.490519 0.434483 0.970111 0.505747
39 0.503397 0.440158 0.98494 0.497845
8 0.502616 0.436494 0.986501 0.498276
35 0.502616 0.436494 0.986501 0.498276
1 0.497153 0.436782 0.978697 0.504598
32 0.506909 0.44533 0.981038 0.490948
0 0.497153 0.436782 0.978697 0.504598
20 0.502616 0.436494 0.986501 0.498276
4 0.506909 0.44533 0.981038 0.490948
60 0.497153 0.436782 0.978697 0.504598
69 0.497153 0.436782 0.978697 0.504598
31 0.503397 0.440158 0.98494 0.497845
5 0.497153 0.436782 0.978697 0.504598
6 0.502616 0.437644 0.98494 0.504023
7 0.506518 0.443032 0.981818 0.490948
8 0.502616 0.437644 0.98494 0.504023
2 0.498714 0.436494 0.981818 0.504023
39 0.502616 0.439152 0.983379 0.497557
35 0.502616 0.437644 0.98494 0.504023
20 0.502616 0.437644 0.98494 0.504023
0 0.502616 0.437644 0.98494 0.504023
1 0.498714 0.436279 0.980257 0.502155
31 0.506518 0.443032 0.981818 0.490948
54 0.502616 0.437644 0.98494 0.504023
32 0.506518 0.443032 0.981818 0.490948
6 0.500275 0.440302 0.963087 0.495259
7 0.504177 0.442529 0.969331 0.490805
8 0.504177 0.442529 0.969331 0.490805
2 0.500275 0.437931 0.964648 0.501149
39 0.500275 0.440302 0.963087 0.495259
5 0.500275 0.440302 0.963087 0.495259
1 0.500275 0.440302 0.963087 0.495259
20 0.504957 0.43908 0.969331 0.498851
0 0.500275 0.440302 0.963087 0.495259
54 0.503006 0.441667 0.976355 0.491379
35 0.503006 0.441667 0.976355 0.491379
4 0.503006 0.445977 0.974794 0.485057
69 0.497933 0.436135 0.96777 0.504741
31 0.503006 0.445977 0.974794 0.485057
6 0.503397 0.443965 0.983379 0.492529
7 0.503397 0.443965 0.983379 0.492529
8 0.503006 0.44454 0.98416 0.491379
2 0.500275 0.442457 0.978697 0.494397
39 0.493251 0.43908 0.974014 0.498851
35 0.503006 0.44454 0.98416 0.491379
0 0.503006 0.44454 0.98416 0.491379
20 0.503006 0.44454 0.98416 0.491379
1 0.498324 0.442026 0.974794 0.496408
32 0.506128 0.446624 0.979477 0.487213
6 0.501836 0.439368 0.983379 0.495977
7 0.504177 0.44375 0.981818 0.488362
8 0.504177 0.439943 0.981818 0.49023
2 0.496372 0.440158 0.983379 0.494397
39 0.504177 0.44375 0.981818 0.488362
35 0.501836 0.439368 0.983379 0.495977
20 0.501836 0.439368 0.983379 0.495977
0 0.501836 0.439368 0.983379 0.495977
1 0.501836 0.439368 0.983379 0.495977
32 0.504177 0.44375 0.981818 0.488362
6 0.506909 0.435345 0.977916 0.505172
8 0.506909 0.435345 0.977916 0.505172
7 0.496763 0.436782 0.96699 0.503448
2 0.503397 0.437644 0.974014 0.499425
39 0.496763 0.436782 0.96699 0.503448
35 0.508079 0.43592 0.978697 0.505172
20 0.50886 0.43592 0.978697 0.505172
54 0.50886 0.43592 0.978697 0.505172
0 0.50886 0.43592 0.978697 0.505172
7 0.506909 0.43671 0.977916 0.498994
6 0.504177 0.43283 0.983379 0.504454
8 0.504177 0.43283 0.983379 0.504454
39 0.506909 0.43671 0.977916 0.498994
2 0.501055 0.43556 0.980257 0.498994
35 0.504177 0.43283 0.983379 0.504454
32 0.506909 0.43671 0.977916 0.498994
0 0.504177 0.43283 0.983379 0.504454
4 0.508079 0.435632 0.977136 0.503448
1 0.499494 0.436494 0.977136 0.498276
31 0.506909 0.43671 0.977916 0.498994
20 0.504177 0.43283 0.983379 0.504454
6 0.503397 0.440158 0.98494 0.494397
7 0.506518 0.437284 0.974014 0.502443
8 0.506518 0.442026 0.975575 0.495259
2 0.501055 0.439368 0.980257 0.493678
35 0.506518 0.444325 0.977136 0.490661
39 0.506518 0.437284 0.974014 0.502443
20 0.506518 0.444325 0.977136 0.490661
0 0.506518 0.444325 0.977136 0.490661
6 0.500275 0.438003 0.981818 0.504454
7 0.504177 0.437284 0.978697 0.50704
8 0.500275 0.438003 0.981818 0.504454
35 0.500665 0.437859 0.98416 0.497845
2 0.497153 0.438578 0.981818 0.496408
39 0.500275 0.438003 0.981818 0.504454
20 0.500665 0.437859 0.98416 0.497845
0 0.500665 0.437859 0.98416 0.497845
31 0.504177 0.437284 0.978697 0.50704
6 0.504177 0.439943 0.977136 0.499425
7 0.507299 0.441954 0.977136 0.497701
8 0.504177 0.439943 0.977136 0.499425
2 0.496763 0.44023 0.970111 0.5
39 0.507299 0.441954 0.977136 0.497701
1 0.499494 0.440158 0.970892 0.497845
4 0.507299 0.441954 0.977136 0.497701
5 0.499494 0.440158 0.970892 0.497845
35 0.507299 0.441954 0.977136 0.497701
0 0.507299 0.441954 0.977136 0.497701
20 0.504567 0.437931 0.979477 0.503448
31 0.507299 0.441954 0.977136 0.497701
6 0.500275 0.441882 0.981818 0.494397
7 0.503397 0.444181 0.981818 0.492098
8 0.500275 0.441882 0.981818 0.494397
39 0.503397 0.444181 0.981818 0.492098
2 0.495592 0.437356 0.981818 0.491954
1 0.494031 0.441667 0.975575 0.493678
4 0.503397 0.444181 0.981818 0.492098
0 0.500275 0.436207 0.98494 0.495402
5 0.494031 0.441667 0.975575 0.493678
20 0.500275 0.436207 0.98494 0.495402
35 0.503397 0.444181 0.981818 0.492098
6 0.498324 0.435704 0.987282 0.499856
7 0.501055 0.437284 0.983379 0.504741
8 0.498714 0.43908 0.983379 0.501149
39 0.501055 0.437284 0.983379 0.504741
2 0.494812 0.439152 0.986501 0.495259
1 0.495202 0.439009 0.982599 0.500144
35 0.501836 0.439727 0.98494 0.497557
0 0.501836 0.439727 0.98494 0.497557
20 0.498714 0.43908 0.983379 0.501149
6 0.497933 0.439009 0.981818 0.498994
7 0.497933 0.439009 0.981818 0.498994
8 0.497933 0.439009 0.981818 0.498994
39 0.501055 0.436494 0.978697 0.502874
2 0.494031 0.438793 0.980257 0.499425
35 0.501055 0.436494 0.978697 0.502874
32 0.501055 0.436494 0.978697 0.502874
0 0.501055 0.436494 0.978697 0.502874
1 0.494031 0.438793 0.980257 0.499425
20 0.497543 0.43592 0.98416 0.498276
4 0.501055 0.436494 0.978697 0.502874
6 0.500665 0.43592 0.982599 0.498276
7 0.503787 0.44569 0.979477 0.487931
8 0.503787 0.44569 0.979477 0.487931
39 0.503787 0.44569 0.979477 0.487931
2 0.495982 0.437644 0.981038 0.494828
20 0.500665 0.43592 0.982599 0.498276
32 0.503787 0.44569 0.979477 0.487931
0 0.500665 0.43592 0.982599 0.498276
1 0.503787 0.44569 0.979477 0.487931
35 0.500665 0.43592 0.982599 0.498276
69 0.494031 0.441307 0.975575 0.494397
4 0.503787 0.44569 0.979477 0.487931
6 0.501445 0.43592 0.982599 0.494828
7 0.507299 0.442529 0.974014 0.488506
39 0.507299 0.442529 0.974014 0.488506
8 0.507299 0.442529 0.974014 0.488506
2 0.494031 0.439583 0.974014 0.493247
1 0.494031 0.439583 0.974014 0.493247
32 0.507299 0.442529 0.974014 0.488506
4 0.507299 0.441667 0.974014 0.491379
20 0.501445 0.43592 0.982599 0.494828
0 0.507299 0.441667 0.974014 0.491379
35 0.507299 0.441667 0.974014 0.491379
69 0.494031 0.439583 0.974014 0.493247
54 0.507299 0.441667 0.974014 0.491379
6 0.500275 0.437356 0.977136 0.495402
7 0.506518 0.438793 0.975575 0.501724
8 0.504177 0.43908 0.977136 0.497701
39 0.506518 0.438793 0.975575 0.501724
2 0.499884 0.437069 0.979477 0.487931
4 0.506128 0.434483 0.977916 0.503448
0 0.506128 0.434483 0.977916 0.503448
20 0.504177 0.43908 0.977136 0.497701
32 0.506518 0.438793 0.975575 0.501724
1 0.506128 0.434483 0.977916 0.503448
7 0.504957 0.445402 0.977136 0.489655
6 0.49286 0.441307 0.971672 0.496695
8 0.502226 0.441882 0.979477 0.493247
39 0.504957 0.445402 0.977136 0.489655
2 0.49286 0.441307 0.971672 0.496695
32 0.504957 0.445402 0.977136 0.489655
4 0.504957 0.445402 0.977136 0.489655
31 0.504957 0.445402 0.977136 0.489655
7 0.501836 0.440517 0.975575 0.493678
6 0.496763 0.441379 0.973233 0.491954
8 0.501836 0.440517 0.975575 0.493678
39 0.504567 0.444181 0.973233 0.488649
2 0.494812 0.440302 0.970892 0.494109
4 0.504567 0.444181 0.973233 0.488649
32 0.504567 0.444181 0.973233 0.488649
1 0.496763 0.440805 0.970111 0.493103
20 0.501836 0.440517 0.975575 0.493678
6 0.500275 0.433262 0.98494 0.502443
7 0.505348 0.436135 0.976355 0.503592
8 0.499884 0.437069 0.981038 0.501724
39 0.505348 0.436135 0.976355 0.503592
2 0.494031 0.436782 0.978697 0.495402
35 0.505738 0.433333 0.977136 0.508046
54 0.505348 0.436135 0.976355 0.503592
0 0.505738 0.433333 0.977136 0.508046
1 0.505348 0.436135 0.976355 0.503592
20 0.499884 0.437069 0.981038 0.501724
6 0.499884 0.434986 0.985721 0.502443
7 0.501055 0.437859 0.980257 0.500144
8 0.499884 0.434986 0.985721 0.502443
39 0.501055 0.437859 0.980257 0.500144
2 0.499884 0.434986 0.985721 0.502443
35 0.504957 0.436494 0.978697 0.498276
20 0.499884 0.434986 0.985721 0.502443
1 0.499884 0.434986 0.985721 0.502443
36 0.504957 0.436494 0.978697 0.498276
0 0.499884 0.434986 0.985721 0.502443
6 0.499884 0.436494 0.973233 0.501724
7 0.504177 0.436279 0.977136 0.504454
8 0.503397 0.432759 0.983379 0.501149
39 0.504177 0.436279 0.977136 0.504454
2 0.499104 0.436853 0.979477 0.494109
0 0.507689 0.434195 0.977916 0.504023
20 0.504177 0.436279 0.977136 0.504454
35 0.507689 0.434195 0.977916 0.504023
54 0.507689 0.434195 0.977916 0.504023
6 0.504567 0.439368 0.976355 0.498276
7 0.506909 0.440805 0.976355 0.494253
8 0.504567 0.439368 0.976355 0.498276
39 0.506909 0.440805 0.976355 0.494253
2 0.501055 0.44023 0.975575 0.494253
32 0.506909 0.440805 0.976355 0.494253
35 0.507299 0.441307 0.977136 0.495546
20 0.504567 0.439368 0.976355 0.498276
6 0.506518 0.439368 0.970892 0.500575
7 0.506518 0.441667 0.970892 0.498276
8 0.506518 0.441092 0.972453 0.495977
39 0.506518 0.441667 0.970892 0.498276
2 0.501055 0.438506 0.96777 0.491954
35 0.506518 0.441092 0.972453 0.495977
0 0.506518 0.441092 0.972453 0.495977
20 0.506518 0.441092 0.972453 0.495977
1 0.506518 0.441092 0.972453 0.495977
6 0.502616 0.43592 0.981818 0.500575
7 0.502616 0.43592 0.981818 0.500575
8 0.506518 0.438003 0.977136 0.502155
2 0.498714 0.437069 0.977136 0.497126
0 0.506518 0.438003 0.977136 0.502155
35 0.506518 0.438003 0.977136 0.502155
39 0.501836 0.438578 0.978697 0.497557
1 0.501836 0.438578 0.978697 0.497557
20 0.502616 0.43592 0.981818 0.500575
6 0.503397 0.438793 0.975575 0.499425
7 0.506518 0.438793 0.974014 0.502874
8 0.503397 0.438793 0.975575 0.499425
39 0.506518 0.438793 0.974014 0.502874
2 0.499494 0.438793 0.974014 0.494828
0 0.506909 0.439368 0.974794 0.502874
35 0.506909 0.439368 0.974794 0.502874
32 0.506518 0.438793 0.974014 0.502874
20 0.503397 0.437284 0.978697 0.497845
4 0.506909 0.439368 0.974794 0.502874
1 0.506518 0.438793 0.974014 0.502874
6 0.501055 0.438434 0.986501 0.496695
7 0.501055 0.439152 0.983379 0.498707
8 0.501055 0.438434 0.986501 0.496695
35 0.502616 0.439152 0.983379 0.497557
2 0.501055 0.438434 0.986501 0.496695
39 0.501055 0.439152 0.983379 0.498707
0 0.501055 0.438434 0.986501 0.496695
20 0.501055 0.438434 0.986501 0.496695
6 0.502226 0.441451 0.985721 0.490661
7 0.502616 0.444756 0.983379 0.4875
2 0.502226 0.441451 0.985721 0.490661
35 0.504957 0.447629 0.980257 0.485201
8 0.502616 0.444756 0.983379 0.4875
0 0.502226 0.441451 0.985721 0.490661
36 0.504957 0.447629 0.980257 0.485201
20 0.502226 0.441451 0.985721 0.490661
6 0.499494 0.442241 0.986501 0.494828
7 0.501055 0.448563 0.980257 0.485632
8 0.499494 0.445115 0.983379 0.491379
2 0.494812 0.442241 0.983379 0.492529
35 0.501055 0.447414 0.983379 0.48908
20 0.499494 0.445115 0.983379 0.491379
39 0.501055 0.448563 0.980257 0.485632
0 0.501055 0.447414 0.983379 0.48908
54 0.501055 0.448563 0.980257 0.485632
6 0.501836 0.440517 0.988062 0.493678
7 0.504957 0.443606 0.978697 0.494397
8 0.502226 0.442601 0.98416 0.495259
2 0.497933 0.441667 0.98494 0.491379
39 0.504957 0.443606 0.978697 0.494397
35 0.505738 0.443678 0.980257 0.494253
0 0.505738 0.443678 0.980257 0.494253
54 0.504957 0.443606 0.978697 0.494397
32 0.504957 0.443606 0.978697 0.494397
6 0.500275 0.442457 0.981818 0.492098
7 0.501445 0.444756 0.977916 0.489799
8 0.501445 0.444756 0.977916 0.489799
2 0.495592 0.443032 0.978697 0.488649
35 0.502616 0.44648 0.977136 0.484052
39 0.501445 0.444756 0.977916 0.489799
20 0.500275 0.442457 0.981818 0.492098
0 0.500275 0.442457 0.981818 0.492098
7 0.505738 0.448204 0.978697 0.482902
6 0.503006 0.443678 0.98416 0.488506
8 0.505738 0.448204 0.978697 0.482902
39 0.505738 0.448204 0.978697 0.482902
2 0.497933 0.44454 0.980257 0.487931
32 0.505738 0.448204 0.978697 0.482902
4 0.505738 0.448204 0.978697 0.482902
0 0.505738 0.448204 0.978697 0.482902
35 0.506128 0.448779 0.979477 0.482902
6 0.501836 0.437931 0.981818 0.496552
7 0.504957 0.444325 0.974014 0.490661
8 0.501836 0.437931 0.981818 0.496552
2 0.497543 0.439368 0.977916 0.493678
39 0.504957 0.444325 0.974014 0.490661
35 0.504957 0.444253 0.975575 0.490805
0 0.504957 0.444253 0.975575 0.490805
6 0.503397 0.439655 0.975575 0.495402
7 0.504177 0.44569 0.974014 0.48908
8 0.504177 0.44569 0.974014 0.48908
35 0.504177 0.44569 0.974014 0.48908
2 0.504177 0.44569 0.974014 0.48908
0 0.504177 0.44569 0.974014 0.48908
39 0.504177 0.446552 0.969331 0.487356
20 0.503397 0.439655 0.975575 0.495402
54 0.504177 0.44569 0.974014 0.48908
36 0.504177 0.44569 0.974014 0.48908
6 0.504177 0.438793 0.980257 0.493678
8 0.504177 0.441667 0.977136 0.493678
7 0.505738 0.443103 0.978697 0.491954
35 0.505738 0.443103 0.978697 0.491954
2 0.505738 0.443103 0.978697 0.491954
0 0.505738 0.443103 0.978697 0.491954
20 0.504177 0.438793 0.980257 0.493678
54 0.505738 0.443103 0.978697 0.491954
39 0.505738 0.442241 0.977136 0.492529
6 0.506518 0.43908 0.975575 0.496552
8 0.506518 0.443965 0.977136 0.491379
7 0.507299 0.44375 0.974014 0.49181
35 0.506518 0.443965 0.977136 0.491379
2 0.506518 0.443965 0.977136 0.491379
0 0.506518 0.443965 0.977136 0.491379
20 0.506518 0.443965 0.977136 0.491379
54 0.506518 0.443965 0.977136 0.491379
69 0.506518 0.443965 0.977136 0.491379
6 0.501445 0.44023 0.985721 0.496552
7 0.501836 0.442601 0.981818 0.496408
8 0.501836 0.442601 0.981818 0.496408
39 0.501836 0.442601 0.981818 0.496408
2 0.496372 0.441451 0.980258 0.497557
35 0.502616 0.443965 0.983379 0.491379
0 0.502616 0.443965 0.983379 0.491379
20 0.501445 0.44023 0.985721 0.496552
6 0.503006 0.437931 0.979477 0.493103
7 0.505348 0.443678 0.971672 0.491954
8 0.504957 0.443032 0.975575 0.488649
39 0.505348 0.443678 0.971672 0.491954
35 0.504957 0.443032 0.975575 0.488649
2 0.505348 0.443678 0.971672 0.491954
0 0.504957 0.443032 0.975575 0.488649
1 0.505348 0.443678 0.971672 0.491954
6 0.501836 0.440876 0.981818 0.494109
7 0.505738 0.442816 0.974014 0.491379
8 0.502226 0.441882 0.979477 0.492098
39 0.505738 0.442816 0.974014 0.491379
2 0.497933 0.440876 0.974014 0.49296
35 0.504957 0.445115 0.977136 0.49023
0 0.504957 0.445115 0.977136 0.49023
6 0.501836 0.43908 0.981818 0.502299
7 0.502226 0.441451 0.977916 0.496408
8 0.503787 0.442241 0.977916 0.499425
35 0.503787 0.442241 0.977916 0.499425
39 0.503397 0.442026 0.975575 0.497557
2 0.503787 0.442241 0.977916 0.499425
0 0.503787 0.442241 0.977916 0.499425
69 0.498714 0.441092 0.972453 0.497126
6 0.503397 0.441451 0.983379 0.496408
7 0.501836 0.443032 0.983379 0.495546
8 0.501836 0.443032 0.983379 0.495546
39 0.504177 0.443391 0.977136 0.494828
2 0.503787 0.44569 0.981038 0.492529
35 0.503787 0.44569 0.981038 0.492529
0 0.503787 0.44569 0.981038 0.492529
69 0.497543 0.442529 0.977916 0.495402
6 0.49169 0.440517 0.970892 0.495977
7 0.501445 0.443965 0.982599 0.491379
8 0.501445 0.443965 0.982599 0.491379
2 0.496372 0.442816 0.977136 0.493678
39 0.503397 0.447126 0.978697 0.485057
6 0.500275 0.441667 0.988062 0.494828
7 0.503397 0.444828 0.981818 0.490805
8 0.503397 0.444828 0.981818 0.490805
39 0.503397 0.444828 0.981818 0.490805
2 0.496372 0.441451 0.981818 0.495259
4 0.504177 0.446552 0.981818 0.489655
0 0.503397 0.444828 0.981818 0.490805
54 0.503397 0.444828 0.981818 0.490805
32 0.503397 0.444828 0.981818 0.490805
1 0.503397 0.444828 0.981818 0.490805
69 0.496372 0.441451 0.981818 0.495259
6 0.503397 0.439943 0.980257 0.499425
7 0.504957 0.440517 0.975575 0.499425
8 0.502616 0.44023 0.977136 0.498851
2 0.501836 0.438578 0.981818 0.497557
35 0.504957 0.441379 0.977136 0.496552
0 0.504957 0.441379 0.977136 0.496552
6 0.495592 0.442241 0.975575 0.492529
7 0.504177 0.44533 0.977136 0.488649
8 0.501836 0.442816 0.981818 0.491379
2 0.495592 0.442241 0.975575 0.492529
35 0.504177 0.44569 0.980257 0.48908
20 0.501836 0.442816 0.981818 0.491379
39 0.504177 0.44533 0.977136 0.488649
54 0.504177 0.44533 0.977136 0.488649
6 0.502616 0.441379 0.983379 0.489655
7 0.505738 0.446839 0.977136 0.484483
8 0.505738 0.446839 0.977136 0.484483
39 0.505738 0.446839 0.977136 0.484483
2 0.498714 0.441954 0.975575 0.491954
1 0.505738 0.446839 0.977136 0.484483
0 0.505738 0.446839 0.977136 0.484483
35 0.505738 0.447126 0.978697 0.482759
31 0.505738 0.446839 0.977136 0.484483
6 0.503397 0.439655 0.981818 0.494253
7 0.505738 0.445115 0.977136 0.48908
8 0.505738 0.445115 0.977136 0.48908
39 0.505738 0.445115 0.977136 0.48908
2 0.500275 0.440876 0.978697 0.489511
0 0.505738 0.445115 0.977136 0.49023
1 0.505738 0.445115 0.977136 0.48908
69 0.505738 0.445115 0.977136 0.48908
6 0.503006 0.441882 0.981038 0.496695
7 0.504177 0.442241 0.978697 0.498276
8 0.503006 0.441882 0.981038 0.496695
2 0.497153 0.441092 0.975575 0.497126
35 0.504177 0.442816 0.980257 0.498276
39 0.504177 0.442241 0.978697 0.498276
20 0.503006 0.441882 0.981038 0.496695
6 0.501836 0.438218 0.98494 0.499425
7 0.502616 0.439943 0.981818 0.499425
8 0.502616 0.439943 0.981818 0.499425
2 0.497933 0.439583 0.978697 0.498994
20 0.502616 0.439943 0.981818 0.499425
35 0.503397 0.440517 0.981818 0.499425
54 0.503787 0.437931 0.981038 0.504598
0 0.503397 0.440517 0.981818 0.499425
6 0.501836 0.438506 0.986501 0.502299
7 0.49286 0.438793 0.971672 0.499425
8 0.502616 0.443391 0.983379 0.495977
2 0.502616 0.443391 0.983379 0.495977
35 0.502616 0.443391 0.983379 0.495977
20 0.501445 0.441307 0.98416 0.498994
0 0.502616 0.443391 0.983379 0.495977
54 0.502616 0.443391 0.983379 0.495977
69 0.496372 0.44023 0.980258 0.5
6 0.503397 0.441307 0.986501 0.494397
7 0.504177 0.442026 0.983379 0.497557
8 0.504177 0.446264 0.98494 0.48908
2 0.499884 0.442816 0.982599 0.48908
35 0.504177 0.446264 0.98494 0.48908
39 0.504177 0.442026 0.983379 0.497557
54 0.504177 0.442026 0.983379 0.497557
69 0.499104 0.440876 0.977916 0.495259
6 0.501836 0.439368 0.986501 0.495977
7 0.503397 0.442816 0.980257 0.493678
8 0.501836 0.439368 0.986501 0.495977
2 0.497933 0.441092 0.983379 0.49023
35 0.503397 0.444181 0.981818 0.490948
54 0.503397 0.442816 0.980257 0.493678
6 0.498714 0.441451 0.986501 0.494109
7 0.501836 0.442529 0.986501 0.493103
8 0.501445 0.439368 0.988843 0.494828
2 0.497933 0.442026 0.983379 0.494109
20 0.501836 0.442529 0.986501 0.493103
6 0.500275 0.437069 0.989623 0.498276
7 0.497153 0.439727 0.98494 0.498707
8 0.500275 0.437069 0.989623 0.498276
2 0.500275 0.437069 0.989623 0.498276
35 0.501445 0.438793 0.985721 0.499425
6 0.496763 0.437931 0.988843 0.493103
7 0.501836 0.441092 0.98494 0.497126
8 0.501836 0.439368 0.988062 0.493678
35 0.501836 0.439368 0.988062 0.493678
2 0.496372 0.440517 0.98494 0.495977
0 0.501836 0.439368 0.988062 0.493678
20 0.500275 0.436135 0.991184 0.494397
6 0.490909 0.438434 0.972453 0.496695
7 0.490909 0.438434 0.972453 0.496695
8 0.500275 0.437356 0.989623 0.497701
2 0.497153 0.439009 0.983379 0.496695
6 0.49208 0.438506 0.971672 0.496552
7 0.49208 0.438506 0.971672 0.496552
8 0.501445 0.438218 0.985721 0.499425
35 0.503787 0.439655 0.981038 0.501149
2 0.501445 0.438218 0.985721 0.499425
69 0.497933 0.439583 0.980257 0.496695
20 0.501445 0.438218 0.985721 0.499425
6 0.499884 0.440158 0.981038 0.490948
7 0.504177 0.442457 0.980257 0.493247
8 0.504177 0.443965 0.980257 0.492529
35 0.504177 0.443965 0.980257 0.492529
2 0.504177 0.443965 0.980257 0.492529
0 0.504177 0.443965 0.980257 0.492529
39 0.504177 0.442457 0.980257 0.493247
20 0.504177 0.443965 0.980257 0.492529
6 0.497933 0.44023 0.980257 0.491954
7 0.493641 0.43908 0.970111 0.494253
8 0.503397 0.443103 0.981818 0.493103
35 0.503397 0.443103 0.981818 0.493103
2 0.503397 0.443103 0.981818 0.493103
0 0.503397 0.443103 0.981818 0.493103
6 0.497933 0.441667 0.980257 0.493678
7 0.493251 0.440158 0.970892 0.494397
8 0.502616 0.443175 0.983379 0.497557
2 0.493251 0.440158 0.970892 0.494397
35 0.502616 0.443175 0.983379 0.497557
0 0.502616 0.443175 0.983379 0.497557
20 0.501836 0.442601 0.981818 0.495259
6 0.497543 0.440517 0.982599 0.491379
7 0.49286 0.439152 0.973233 0.49181
8 0.503787 0.440876 0.981038 0.497557
2 0.503787 0.440876 0.981038 0.497557
35 0.503787 0.440876 0.981038 0.497557
0 0.503787 0.440876 0.981038 0.497557
20 0.501445 0.441307 0.982599 0.494397
6 0.497933 0.441307 0.983379 0.493247
7 0.49247 0.439583 0.972453 0.494397
8 0.503787 0.443965 0.981038 0.493678
2 0.503787 0.443965 0.981038 0.493678
35 0.503787 0.443965 0.981038 0.493678
0 0.503787 0.443965 0.981038 0.493678
39 0.504957 0.443175 0.978697 0.495259
6 0.497153 0.439152 0.983379 0.494109
7 0.501055 0.440805 0.983379 0.497701
8 0.504177 0.44023 0.980257 0.498851
35 0.504177 0.44023 0.980257 0.498851
2 0.504177 0.44023 0.980257 0.498851
20 0.501055 0.440805 0.983379 0.497701
6 0.497153 0.440302 0.981818 0.494109
7 0.502616 0.442816 0.980257 0.495977
8 0.502616 0.442816 0.980257 0.495977
2 0.502616 0.442816 0.980257 0.495977
35 0.502616 0.442816 0.980257 0.495977
6 0.490909 0.438578 0.972453 0.496408
7 0.490909 0.438578 0.972453 0.496408
8 0.500275 0.442026 0.986501 0.495259
35 0.501836 0.443391 0.98494 0.492529
2 0.501836 0.443391 0.98494 0.492529
20 0.500275 0.442026 0.986501 0.495259
6 0.491299 0.438434 0.971672 0.495546
7 0.491299 0.438434 0.971672 0.495546
8 0.500665 0.441667 0.987282 0.495977
35 0.503397 0.443103 0.983379 0.495402
2 0.503397 0.443103 0.983379 0.495402
0 0.503397 0.443103 0.983379 0.495402
6 0.496763 0.442026 0.982599 0.494109
7 0.500665 0.443103 0.985721 0.493103
8 0.500665 0.443103 0.985721 0.493103
2 0.496763 0.442026 0.982599 0.494109
39 0.500665 0.443103 0.985721 0.493103
6 0.496372 0.439152 0.986501 0.495259
7 0.500665 0.441882 0.987282 0.495546
8 0.500275 0.438793 0.989623 0.499425
35 0.502616 0.440517 0.986501 0.499425
2 0.500275 0.438793 0.989623 0.499425
6 0.495592 0.439583 0.986501 0.492098
7 0.499494 0.441667 0.989623 0.493678
8 0.499494 0.438578 0.991184 0.497557
35 0.501055 0.441667 0.988062 0.494828
2 0.495592 0.441307 0.98494 0.494397
6 0.495592 0.441092 0.98494 0.494828
7 0.490519 0.438793 0.973233 0.497126
8 0.501445 0.444325 0.985721 0.49296
35 0.501445 0.444325 0.985721 0.49296
2 0.501445 0.444325 0.985721 0.49296
0 0.501445 0.444325 0.985721 0.49296
6 0.496372 0.441307 0.981818 0.492098
7 0.501055 0.442816 0.98494 0.493678
8 0.502616 0.445474 0.983379 0.489511
35 0.502616 0.445474 0.983379 0.489511
2 0.502616 0.445474 0.983379 0.489511
6 0.495592 0.439727 0.98494 0.49296
7 0.490129 0.438003 0.974014 0.496408
8 0.500275 0.442457 0.988062 0.493247
35 0.501836 0.443678 0.98494 0.491954
2 0.501836 0.443678 0.98494 0.491954
6 0.495982 0.439583 0.98416 0.494397
7 0.501055 0.441379 0.986501 0.495402
8 0.502616 0.441667 0.98494 0.495977
35 0.502616 0.441667 0.98494 0.495977
2 0.502616 0.441667 0.98494 0.495977
6 0.495982 0.440158 0.98416 0.494397
7 0.501055 0.441307 0.986501 0.495546
8 0.501055 0.441307 0.986501 0.495546
35 0.501836 0.440302 0.98494 0.497557
2 0.501836 0.440302 0.98494 0.497557
6 0.494812 0.44023 0.983379 0.493103
7 0.490909 0.439009 0.972453 0.495546
8 0.500275 0.43908 0.988062 0.498851
35 0.501836 0.441307 0.98494 0.496695
2 0.501836 0.441307 0.98494 0.496695
6 0.495592 0.44023 0.983379 0.494253
7 0.500665 0.442457 0.987282 0.494397
8 0.500665 0.442457 0.987282 0.494397
35 0.501836 0.442457 0.98494 0.494397
2 0.501836 0.442457 0.98494 0.494397
6 0.494421 0.440302 0.98416 0.494109
7 0.490129 0.43908 0.974014 0.496552
8 0.500275 0.442241 0.988062 0.494828
35 0.502616 0.441379 0.983379 0.497701
2 0.502616 0.441379 0.983379 0.497701
6 0.494812 0.44023 0.983379 0.496552
7 0.490519 0.438793 0.973233 0.498276
8 0.500275 0.441882 0.988062 0.496695
35 0.502616 0.441379 0.983379 0.498851
2 0.502616 0.441379 0.983379 0.498851
6 0.496372 0.439727 0.983379 0.495259
7 0.501055 0.441667 0.986501 0.495977
8 0.501055 0.441667 0.986501 0.495977
35 0.504177 0.441092 0.983379 0.498276
2 0.504177 0.441092 0.983379 0.498276
6 0.496372 0.439655 0.983379 0.493103
7 0.49169 0.438434 0.972453 0.495546
8 0.501445 0.441882 0.985721 0.494397
35 0.503397 0.441882 0.981818 0.496695
2 0.503397 0.441882 0.981818 0.496695
6 0.496372 0.439727 0.983379 0.49296
7 0.490909 0.438506 0.972453 0.495402
8 0.501055 0.441954 0.986501 0.494253
35 0.503397 0.442241 0.981818 0.495977
2 0.503397 0.442241 0.981818 0.495977
6 0.496372 0.439943 0.98494 0.492529
7 0.500665 0.441379 0.987282 0.495402
8 0.500665 0.441379 0.987282 0.495402
2 0.496372 0.440733 0.983379 0.495546
6 0.496763 0.440302 0.985721 0.49181
7 0.501055 0.441667 0.988062 0.493678
8 0.501055 0.441667 0.988062 0.493678
2 0.503006 0.441667 0.98416 0.495977
6 0.497153 0.44023 0.981818 0.493103
7 0.501836 0.441667 0.98494 0.494828
8 0.504177 0.440805 0.981818 0.497701
35 0.504177 0.440805 0.981818 0.497701
2 0.504177 0.440805 0.981818 0.497701
6 0.497153 0.440733 0.981818 0.493247
7 0.501836 0.441882 0.98494 0.494397
8 0.501836 0.441882 0.98494 0.494397
6 0.497153 0.440805 0.983379 0.493103
7 0.501836 0.442241 0.98494 0.494828
8 0.501836 0.442241 0.98494 0.494828
6 0.497933 0.440517 0.981818 0.493678
7 0.49247 0.439368 0.972453 0.495977
8 0.501836 0.441667 0.98494 0.495977
2 0.504177 0.441379 0.980257 0.498851
6 0.497543 0.441092 0.981038 0.493678
7 0.49286 0.439583 0.971672 0.495546
8 0.504177 0.442241 0.980257 0.497126
2 0.504177 0.442241 0.980257 0.497126
35 0.504177 0.442241 0.980257 0.497126
6 0.497933 0.440805 0.981818 0.493103
7 0.502226 0.441667 0.98416 0.494828
8 0.504177 0.442529 0.980257 0.496552
2 0.504177 0.442529 0.980257 0.496552
35 0.504177 0.442529 0.980257 0.496552
6 0.497153 0.440517 0.981818 0.493678
7 0.49247 0.439009 0.972453 0.495546
8 0.503787 0.441451 0.981038 0.498707
35 0.503787 0.441451 0.981038 0.498707
2 0.503787 0.441451 0.981038 0.498707
6 0.497933 0.44023 0.983379 0.493103
7 0.49247 0.439009 0.972453 0.495546
8 0.504177 0.441307 0.981818 0.497845
35 0.504177 0.441307 0.981818 0.497845
2 0.504177 0.441307 0.981818 0.497845
6 0.497933 0.440517 0.983379 0.493678
7 0.501836 0.441379 0.98494 0.495402
8 0.504957 0.441667 0.980257 0.497126
2 0.504957 0.441667 0.980257 0.497126
35 0.504957 0.441667 0.980257 0.497126
6 0.498324 0.440805 0.982599 0.493103
7 0.501836 0.441882 0.98494 0.494397
8 0.504177 0.442816 0.980257 0.495977
2 0.504177 0.442816 0.980257 0.495977
35 0.504177 0.442816 0.980257 0.495977
0 0.504177 0.442816 0.980257 0.495977
6 0.497543 0.440733 0.981038 0.493247
7 0.501836 0.441882 0.98494 0.495546
8 0.504177 0.442529 0.980257 0.496552
2 0.504177 0.442529 0.980257 0.496552
35 0.504177 0.442529 0.980257 0.496552
6 0.497933 0.440302 0.981818 0.494109
7 0.501836 0.441379 0.98494 0.495402
8 0.504177 0.442241 0.980257 0.497126
2 0.504177 0.442241 0.980257 0.497126
35 0.504177 0.442241 0.980257 0.497126
6 0.497933 0.440302 0.981818 0.494109
7 0.501836 0.441379 0.98494 0.495402
8 0.504177 0.441882 0.980257 0.497845
2 0.504177 0.441882 0.980257 0.497845
35 0.504177 0.441882 0.980257 0.497845
6 0.497933 0.440302 0.981818 0.494109
7 0.501836 0.441451 0.98494 0.495259
8 0.504177 0.442241 0.980257 0.497126
2 0.504177 0.442241 0.980257 0.497126
6 0.497933 0.440517 0.981818 0.493678
7 0.501836 0.441451 0.98494 0.495259
8 0.504177 0.442529 0.980257 0.496552
2 0.504177 0.442529 0.980257 0.496552
6 0.497933 0.440302 0.981818 0.494109
7 0.501836 0.441451 0.98494 0.495259
8 0.504177 0.442457 0.980257 0.496695
2 0.504177 0.442457 0.980257 0.496695
6 0.497933 0.440517 0.981818 0.493678
7 0.501836 0.441379 0.98494 0.495402
8 0.504177 0.442457 0.980257 0.496695
2 0.504177 0.442457 0.980257 0.496695
6 0.497543 0.440302 0.981038 0.494109
7 0.501836 0.441379 0.98494 0.495402
8 0.504177 0.442241 0.980257 0.497126
2 0.504177 0.442241 0.980257 0.497126
