22 0.369531 0.534302 0.68125 0.398837
22 0.498437 0.516279 0.871875 0.453488
72 0.429004 0.531977 0.773242 0.40814
62 0.498437 0.516279 0.871875 0.453488
2 0.429004 0.531977 0.773242 0.40814
3 0.41084 0.537791 0.72207 0.40814
41 0.429004 0.531977 0.773242 0.40814
3 0.521875 0.519477 0.85 0.44593
60 0.498437 0.516279 0.871875 0.453488
4 0.429004 0.531977 0.773242 0.40814
60 0.369531 0.534302 0.68125 0.398837
64 0.417578 0.515698 0.736719 0.431395
3 0.286328 0.537209 0.524219 0.395349
62 0.369531 0.534302 0.68125 0.398837
52 0.472656 0.526163 0.864062 0.426744
35 0.498437 0.516279 0.871875 0.453488
2 0.286328 0.537209 0.524219 0.395349
2 0.573047 0.531686 0.753906 0.414535
36 0.521875 0.519477 0.85 0.44593
22 0.580469 0.547965 0.689062 0.39593
72 0.573047 0.531686 0.753906 0.414535
22 0.256641 0.541279 0.450781 0.398837
57 0.498437 0.516279 0.871875 0.453488
62 0.633594 0.545349 0.646875 0.37093
31 0.417578 0.515698 0.736719 0.431395
72 0.286328 0.537209 0.524219 0.395349
2 0.527344 0.470858 0.804688 0.532703
4 0.286328 0.537209 0.524219 0.395349
41 0.286328 0.537209 0.524219 0.395349
64 0.497656 0.468605 0.829687 0.534884
36 0.41084 0.537791 0.72207 0.40814
35 0.369531 0.534302 0.68125 0.398837
23 0.498437 0.516279 0.871875 0.453488
33 0.527344 0.470858 0.804688 0.532703
10 0.467187 0.492442 0.821875 0.481395
39 0.521875 0.519477 0.85 0.44593
72 0.497656 0.468605 0.829687 0.534884
56 0.472656 0.526163 0.864062 0.426744
58 0.286328 0.537209 0.524219 0.395349
5 0.369531 0.534302 0.68125 0.398837
4 0.573047 0.531686 0.753906 0.414535
58 0.429004 0.531977 0.773242 0.40814
2 0.651563 0.564535 0.5875 0.340698
44 0.41084 0.537791 0.72207 0.40814
4 0.527344 0.470858 0.804688 0.532703
41 0.497656 0.468605 0.829687 0.534884
21 0.521875 0.519477 0.85 0.44593
52 0.286328 0.537209 0.524219 0.395349
37 0.286328 0.537209 0.524219 0.395349
0 0.498437 0.516279 0.871875 0.453488
60 0.256641 0.541279 0.450781 0.398837
22 0.644141 0.504651 0.617969 0.448837
3 0.633594 0.545349 0.646875 0.37093
10 0.357617 0.526163 0.637891 0.411628
40 0.498437 0.516279 0.871875 0.453488
52 0.585547 0.489244 0.710156 0.494767
60 0.633594 0.545349 0.646875 0.37093
69 0.429004 0.531977 0.773242 0.40814
33 0.573047 0.531686 0.753906 0.414535
5 0.521875 0.519477 0.85 0.44593
57 0.633594 0.545349 0.646875 0.37093
22 0.701172 0.552907 0.541406 0.322093
37 0.429004 0.531977 0.773242 0.40814
33 0.417578 0.515698 0.736719 0.431395
31 0.279883 0.530523 0.498047 0.405233
10 0.573047 0.531686 0.753906 0.414535
52 0.633594 0.545349 0.646875 0.37093
39 0.41084 0.537791 0.72207 0.40814
64 0.279883 0.530523 0.498047 0.405233
5 0.247461 0.531686 0.419922 0.407558
65 0.417578 0.515698 0.736719 0.431395
62 0.701172 0.552907 0.541406 0.322093
64 0.573047 0.531686 0.753906 0.414535
36 0.633594 0.545349 0.646875 0.37093
2 0.473828 0.587791 0.671094 0.493023
49 0.369531 0.534302 0.68125 0.398837
35 0.580469 0.547965 0.689062 0.39593
60 0.701172 0.552907 0.541406 0.322093
2 0.499219 0.509884 0.928125 0.44186
3 0.499219 0.509884 0.928125 0.44186
62 0.508594 0.4875 0.929688 0.484302
4 0.499219 0.509884 0.928125 0.44186
22 0.508594 0.4875 0.929688 0.484302
52 0.499219 0.509884 0.928125 0.44186
60 0.499219 0.509884 0.928125 0.44186
10 0.499219 0.509884 0.928125 0.44186
36 0.508594 0.4875 0.929688 0.484302
35 0.508594 0.4875 0.929688 0.484302
58 0.45 0.525291 0.814062 0.411047
57 0.508594 0.4875 0.929688 0.484302
33 0.508594 0.4875 0.929688 0.484302
23 0.499219 0.509884 0.928125 0.44186
44 0.499219 0.509884 0.928125 0.44186
3 0.347656 0.532267 0.620313 0.39593
69 0.499219 0.509884 0.928125 0.44186
65 0.492969 0.506977 0.9 0.451163
21 0.508594 0.4875 0.929688 0.484302
5 0.508594 0.4875 0.929688 0.484302
22 0.421875 0.527326 0.7375 0.403488
8 0.508594 0.4875 0.929688 0.484302
60 0.347656 0.532267 0.620313 0.39593
4 0.0976807 0.448256 0.150342 0.232558
7 0.505469 0.475581 0.904688 0.510465
39 0.508594 0.4875 0.929688 0.484302
36 0.421875 0.527326 0.7375 0.403488
56 0.499219 0.509884 0.928125 0.44186
2 0.347656 0.532267 0.620313 0.39593
72 0.508594 0.4875 0.929688 0.484302
2 0.583691 0.465988 0.720117 0.526163
32 0.499219 0.509884 0.928125 0.44186
10 0.347656 0.532267 0.620313 0.39593
20 0.508594 0.4875 0.929688 0.484302
4 0.347656 0.532267 0.620313 0.39593
66 0.499219 0.509884 0.928125 0.44186
4 0.133008 0.456977 0.218359 0.232558
34 0.508594 0.4875 0.929688 0.484302
58 0.5125 0.466279 0.878125 0.52907
64 0.508594 0.4875 0.929688 0.484302
35 0.421875 0.527326 0.7375 0.403488
45 0.5 0.499419 0.884375 0.473256
31 0.499219 0.509884 0.928125 0.44186
4 0.583691 0.465988 0.720117 0.526163
62 0.421875 0.527326 0.7375 0.403488
20 0.421875 0.527326 0.7375 0.403488
5 0.421875 0.527326 0.7375 0.403488
58 0.314844 0.535174 0.534375 0.386628
65 0.347656 0.532267 0.620313 0.39593
8 0.421875 0.527326 0.7375 0.403488
33 0.421875 0.527326 0.7375 0.403488
7 0.347656 0.532267 0.620313 0.39593
41 0.499219 0.509884 0.928125 0.44186
59 0.508594 0.4875 0.929688 0.484302
65 0.384473 0.462282 0.604492 0.517296
4 0.384473 0.462282 0.604492 0.517296
2 0.446094 0.55407 0.689062 0.473256
22 0.314844 0.535174 0.534375 0.386628
52 0.347656 0.532267 0.620313 0.39593
40 0.508594 0.4875 0.929688 0.484302
49 0.499219 0.509884 0.928125 0.44186
23 0.347656 0.532267 0.620313 0.39593
29 0.492969 0.506977 0.9 0.451163
52 0.583691 0.465988 0.720117 0.526163
57 0.421875 0.527326 0.7375 0.403488
30 0.5 0.499419 0.884375 0.473256
62 0.664844 0.459012 0.576563 0.502907
0 0.499219 0.509884 0.928125 0.44186
72 0.421875 0.527326 0.7375 0.403488
49 0.347656 0.532267 0.620313 0.39593
10 0.455078 0.442151 0.714844 0.573837
60 0.583691 0.465988 0.720117 0.526163
3 0.446094 0.55407 0.689062 0.473256
10 0.583691 0.465988 0.720117 0.526163
66 0.583691 0.465988 0.720117 0.526163
21 0.421875 0.527326 0.7375 0.403488
32 0.583691 0.465988 0.720117 0.526163
67 0.508594 0.47609 0.90625 0.509448
4 0.075415 0.437209 0.113232 0.255233
20 0.314844 0.535174 0.534375 0.386628
44 0.583691 0.465988 0.720117 0.526163
4 0.857813 0.506686 0.228125 0.223837
2 0.116016 0.463081 0.191016 0.241279
44 0.347656 0.532267 0.620313 0.39593
69 0.314844 0.535174 0.534375 0.386628
3 0.583691 0.465988 0.720117 0.526163
2 0.507812 0.513081 0.940625 0.414535
58 0.507812 0.513081 0.940625 0.414535
52 0.507812 0.513081 0.940625 0.414535
4 0.503125 0.511047 0.926562 0.427907
23 0.507812 0.513081 0.940625 0.414535
3 0.507812 0.513081 0.940625 0.414535
60 0.507812 0.513081 0.940625 0.414535
62 0.507812 0.513081 0.940625 0.414535
57 0.503125 0.511047 0.926562 0.427907
10 0.507812 0.513081 0.940625 0.414535
5 0.503125 0.511047 0.926562 0.427907
44 0.507812 0.513081 0.940625 0.414535
8 0.503125 0.511047 0.926562 0.427907
21 0.503125 0.511047 0.926562 0.427907
34 0.503125 0.511047 0.926562 0.427907
36 0.503125 0.511047 0.926562 0.427907
20 0.507812 0.513081 0.940625 0.414535
33 0.507812 0.513081 0.940625 0.414535
67 0.507812 0.513081 0.940625 0.414535
29 0.507812 0.513081 0.940625 0.414535
59 0.503125 0.511047 0.926562 0.427907
35 0.507812 0.513081 0.940625 0.414535
65 0.507812 0.513081 0.940625 0.414535
22 0.507812 0.513081 0.940625 0.414535
66 0.510938 0.49891 0.890625 0.451017
32 0.503125 0.511047 0.926562 0.427907
39 0.503125 0.511047 0.926562 0.427907
56 0.507812 0.513081 0.940625 0.414535
0 0.507812 0.513081 0.940625 0.414535
69 0.507812 0.513081 0.940625 0.414535
7 0.510938 0.49891 0.890625 0.451017
30 0.503125 0.511047 0.926562 0.427907
61 0.505469 0.509302 0.926562 0.418605
6 0.507812 0.513081 0.940625 0.414535
45 0.504687 0.506977 0.896875 0.430233
28 0.507812 0.503779 0.915625 0.437791
58 0.307617 0.528488 0.539453 0.397674
31 0.503125 0.511047 0.926562 0.427907
58 0.656934 0.511919 0.60957 0.441279
2 0.656934 0.511919 0.60957 0.441279
1 0.507812 0.513081 0.940625 0.414535
72 0.507812 0.513081 0.940625 0.414535
4 0.656934 0.511919 0.60957 0.441279
52 0.656934 0.511919 0.60957 0.441279
64 0.503125 0.511047 0.926562 0.427907
60 0.307617 0.528488 0.539453 0.397674
57 0.656934 0.511919 0.60957 0.441279
5 0.656934 0.511919 0.60957 0.441279
59 0.656934 0.511919 0.60957 0.441279
67 0.656934 0.511919 0.60957 0.441279
65 0.307617 0.528488 0.539453 0.397674
66 0.567969 0.421802 0.617188 0.61686
41 0.507812 0.503779 0.915625 0.437791
40 0.503125 0.511047 0.926562 0.427907
10 0.307617 0.528488 0.539453 0.397674
62 0.665234 0.479724 0.589844 0.480087
66 0.665234 0.479724 0.589844 0.480087
67 0.307617 0.528488 0.539453 0.397674
54 0.513672 0.41686 0.677344 0.623256
34 0.656934 0.511919 0.60957 0.441279
58 0.451172 0.529651 0.700781 0.416279
23 0.656934 0.511919 0.60957 0.441279
4 0.307617 0.528488 0.539453 0.397674
21 0.656934 0.511919 0.60957 0.441279
60 0.656934 0.511919 0.60957 0.441279
22 0.656934 0.511919 0.60957 0.441279
3 0.307617 0.528488 0.539453 0.397674
4 0.505859 0.511628 0.957031 0.427907
52 0.505859 0.511628 0.957031 0.427907
20 0.505859 0.511628 0.957031 0.427907
2 0.505859 0.511628 0.957031 0.427907
7 0.505859 0.511628 0.957031 0.427907
58 0.505859 0.511628 0.957031 0.427907
62 0.505859 0.511628 0.957031 0.427907
23 0.505859 0.511628 0.957031 0.427907
5 0.505859 0.511628 0.957031 0.427907
36 0.505859 0.511628 0.957031 0.427907
57 0.505859 0.511628 0.957031 0.427907
10 0.505859 0.511628 0.957031 0.427907
34 0.505859 0.511628 0.957031 0.427907
66 0.505859 0.511628 0.957031 0.427907
0 0.505859 0.511628 0.957031 0.427907
3 0.505859 0.511628 0.957031 0.427907
44 0.505859 0.511628 0.957031 0.427907
60 0.505859 0.511628 0.957031 0.427907
8 0.505859 0.511628 0.957031 0.427907
65 0.505859 0.511628 0.957031 0.427907
67 0.505859 0.511628 0.957031 0.427907
32 0.505859 0.511628 0.957031 0.427907
1 0.505469 0.515698 0.957812 0.419767
33 0.505859 0.511628 0.957031 0.427907
28 0.505859 0.511628 0.957031 0.427907
56 0.505469 0.515698 0.957812 0.419767
61 0.505859 0.511628 0.957031 0.427907
29 0.505859 0.511628 0.957031 0.427907
69 0.505859 0.511628 0.957031 0.427907
59 0.505859 0.511628 0.957031 0.427907
22 0.505859 0.511628 0.957031 0.427907
30 0.505859 0.511628 0.957031 0.427907
6 0.505469 0.515698 0.957812 0.419767
35 0.505859 0.511628 0.957031 0.427907
21 0.505859 0.511628 0.957031 0.427907
39 0.505859 0.511628 0.957031 0.427907
31 0.505859 0.511628 0.957031 0.427907
68 0.462109 0.525291 0.853906 0.399419
54 0.435547 0.525 0.785156 0.402326
45 0.503125 0.501671 0.948438 0.452471
68 0.337891 0.531977 0.602344 0.387209
58 0.58584 0.528198 0.69707 0.400581
54 0.326953 0.521512 0.561719 0.390698
0 0.604785 0.501163 0.67168 0.45814
66 0.604785 0.501163 0.67168 0.45814
54 0.508984 0.440988 0.592969 0.562209
7 0.604785 0.501163 0.67168 0.45814
28 0.604785 0.501163 0.67168 0.45814
34 0.604785 0.501163 0.67168 0.45814
28 0.326953 0.521512 0.561719 0.390698
5 0.58584 0.528198 0.69707 0.400581
41 0.498437 0.521802 0.925 0.418023
59 0.58584 0.528198 0.69707 0.400581
4 0.604785 0.501163 0.67168 0.45814
20 0.337891 0.531977 0.602344 0.387209
4 0.337891 0.531977 0.602344 0.387209
10 0.337891 0.531977 0.602344 0.387209
65 0.326953 0.521512 0.561719 0.390698
1 0.337891 0.531977 0.602344 0.387209
72 0.505859 0.511628 0.957031 0.427907
0 0.337891 0.531977 0.602344 0.387209
62 0.604785 0.501163 0.67168 0.45814
36 0.604785 0.501163 0.67168 0.45814
23 0.58584 0.528198 0.69707 0.400581
4 0.5 0.504942 0.965625 0.436628
52 0.5 0.504942 0.965625 0.436628
2 0.5 0.504942 0.965625 0.436628
3 0.5 0.504942 0.965625 0.436628
58 0.5 0.504942 0.965625 0.436628
10 0.5 0.504942 0.965625 0.436628
23 0.5 0.504942 0.965625 0.436628
0 0.5 0.504942 0.965625 0.436628
44 0.5 0.504942 0.965625 0.436628
69 0.5 0.504942 0.965625 0.436628
28 0.5 0.504942 0.965625 0.436628
5 0.5 0.504942 0.965625 0.436628
60 0.5 0.504942 0.965625 0.436628
67 0.5 0.504942 0.965625 0.436628
22 0.5 0.504942 0.965625 0.436628
57 0.5 0.504942 0.965625 0.436628
32 0.5 0.504942 0.965625 0.436628
66 0.5 0.504942 0.965625 0.436628
33 0.5 0.504942 0.965625 0.436628
34 0.5 0.504942 0.965625 0.436628
7 0.5 0.504942 0.965625 0.436628
62 0.5 0.504942 0.965625 0.436628
20 0.5 0.504942 0.965625 0.436628
56 0.5 0.504942 0.965625 0.436628
61 0.5 0.504942 0.965625 0.436628
8 0.5 0.504942 0.965625 0.436628
21 0.5 0.504942 0.965625 0.436628
1 0.504687 0.514826 0.965625 0.412209
35 0.5 0.504942 0.965625 0.436628
36 0.5 0.504942 0.965625 0.436628
65 0.5 0.504942 0.965625 0.436628
29 0.5 0.504942 0.965625 0.436628
6 0.5 0.504942 0.965625 0.436628
54 0.501562 0.515988 0.95 0.441279
30 0.5 0.504942 0.965625 0.436628
59 0.5 0.504942 0.965625 0.436628
39 0.5 0.504942 0.965625 0.436628
45 0.5 0.504942 0.965625 0.436628
68 0.472656 0.529651 0.885938 0.380233
31 0.5 0.504942 0.965625 0.436628
54 0.492578 0.404942 0.744531 0.640116
4 0.617871 0.488954 0.673633 0.498837
68 0.341406 0.535756 0.616406 0.370349
54 0.316797 0.52093 0.552344 0.402326
2 0.617871 0.488954 0.673633 0.498837
58 0.616406 0.50436 0.60625 0.444767
58 0.341406 0.535756 0.616406 0.370349
32 0.617871 0.488954 0.673633 0.498837
0 0.341406 0.535756 0.616406 0.370349
66 0.617871 0.488954 0.673633 0.498837
0 0.617871 0.488954 0.673633 0.498837
57 0.617871 0.488954 0.673633 0.498837
4 0.341406 0.535756 0.616406 0.370349
28 0.617871 0.488954 0.673633 0.498837
52 0.341406 0.535756 0.616406 0.370349
28 0.341406 0.535756 0.616406 0.370349
52 0.617871 0.488954 0.673633 0.498837
10 0.341406 0.535756 0.616406 0.370349
5 0.617871 0.488954 0.673633 0.498837
41 0.501562 0.515988 0.95 0.441279
60 0.341406 0.535756 0.616406 0.370349
7 0.617871 0.488954 0.673633 0.498837
4 0.499219 0.513954 0.9625 0.404651
2 0.499219 0.513954 0.9625 0.404651
52 0.499219 0.513954 0.9625 0.404651
23 0.503906 0.520058 0.964063 0.394767
1 0.503906 0.520058 0.964063 0.394767
10 0.503906 0.520058 0.964063 0.394767
3 0.499219 0.513954 0.9625 0.404651
58 0.499219 0.513954 0.9625 0.404651
8 0.503906 0.520058 0.964063 0.394767
28 0.503906 0.520058 0.964063 0.394767
44 0.503906 0.520058 0.964063 0.394767
7 0.499219 0.513954 0.9625 0.404651
21 0.499219 0.513954 0.9625 0.404651
59 0.499219 0.513954 0.9625 0.404651
36 0.503906 0.520058 0.964063 0.394767
30 0.499219 0.513954 0.9625 0.404651
20 0.503906 0.520058 0.964063 0.394767
34 0.499219 0.513954 0.9625 0.404651
5 0.499219 0.513954 0.9625 0.404651
0 0.503906 0.520058 0.964063 0.394767
67 0.503906 0.520058 0.964063 0.394767
62 0.499219 0.513954 0.9625 0.404651
32 0.503906 0.520058 0.964063 0.394767
22 0.499219 0.513954 0.9625 0.404651
29 0.503906 0.520058 0.964063 0.394767
61 0.503906 0.520058 0.964063 0.394767
45 0.499219 0.513954 0.9625 0.404651
56 0.503906 0.520058 0.964063 0.394767
57 0.499219 0.513954 0.9625 0.404651
60 0.499219 0.513954 0.9625 0.404651
39 0.499219 0.513954 0.9625 0.404651
6 0.503906 0.520058 0.964063 0.394767
54 0.501562 0.517151 0.957812 0.419186
65 0.499219 0.513954 0.9625 0.404651
31 0.499219 0.513954 0.9625 0.404651
35 0.499219 0.513954 0.9625 0.404651
33 0.499219 0.513954 0.9625 0.404651
66 0.503906 0.520058 0.964063 0.394767
69 0.499219 0.513954 0.9625 0.404651
68 0.477344 0.525872 0.904688 0.381977
68 0.350195 0.529942 0.644141 0.376163
4 0.350195 0.529942 0.644141 0.376163
10 0.350195 0.529942 0.644141 0.376163
54 0.478906 0.411628 0.829687 0.623256
58 0.350195 0.529942 0.644141 0.376163
28 0.336523 0.525581 0.609766 0.39186
52 0.350195 0.529942 0.644141 0.376163
3 0.350195 0.529942 0.644141 0.376163
0 0.350195 0.529942 0.644141 0.376163
54 0.336523 0.525581 0.609766 0.39186
58 0.600781 0.508721 0.689062 0.440698
1 0.350195 0.529942 0.644141 0.376163
23 0.350195 0.529942 0.644141 0.376163
22 0.350195 0.529942 0.644141 0.376163
60 0.350195 0.529942 0.644141 0.376163
7 0.350195 0.529942 0.644141 0.376163
56 0.350195 0.529942 0.644141 0.376163
31 0.600781 0.508721 0.689062 0.440698
59 0.350195 0.529942 0.644141 0.376163
4 0.478906 0.411628 0.829687 0.623256
61 0.350195 0.529942 0.644141 0.376163
23 0.600781 0.508721 0.689062 0.440698
36 0.350195 0.529942 0.644141 0.376163
20 0.350195 0.529942 0.644141 0.376163
65 0.478906 0.411628 0.829687 0.623256
57 0.350195 0.529942 0.644141 0.376163
29 0.336523 0.525581 0.609766 0.39186
67 0.350195 0.529942 0.644141 0.376163
5 0.350195 0.529942 0.644141 0.376163
32 0.350195 0.529942 0.644141 0.376163
65 0.336523 0.525581 0.609766 0.39186
69 0.350195 0.529942 0.644141 0.376163
2 0.350195 0.529942 0.644141 0.376163
34 0.350195 0.529942 0.644141 0.376163
44 0.350195 0.529942 0.644141 0.376163
28 0.478906 0.411628 0.829687 0.623256
4 0.600781 0.508721 0.689062 0.440698
31 0.350195 0.529942 0.644141 0.376163
62 0.350195 0.529942 0.644141 0.376163
6 0.350195 0.529942 0.644141 0.376163
4 0.501562 0.522093 0.96875 0.393023
2 0.501562 0.522093 0.96875 0.393023
3 0.501562 0.522093 0.96875 0.393023
52 0.501562 0.522093 0.96875 0.393023
5 0.501562 0.522093 0.96875 0.393023
34 0.501562 0.522093 0.96875 0.393023
58 0.501953 0.518895 0.958594 0.402907
23 0.501562 0.522093 0.96875 0.393023
7 0.501562 0.522093 0.96875 0.393023
22 0.501562 0.522093 0.96875 0.393023
67 0.501562 0.522093 0.96875 0.393023
60 0.501562 0.522093 0.96875 0.393023
0 0.501562 0.522093 0.96875 0.393023
8 0.501562 0.522093 0.96875 0.393023
45 0.501562 0.522093 0.96875 0.393023
28 0.501562 0.522093 0.96875 0.393023
29 0.501562 0.522093 0.96875 0.393023
1 0.501562 0.525581 0.970312 0.389535
57 0.501562 0.522093 0.96875 0.393023
10 0.501562 0.522093 0.96875 0.393023
21 0.501562 0.522093 0.96875 0.393023
44 0.501562 0.522093 0.96875 0.393023
32 0.501562 0.522093 0.96875 0.393023
20 0.501562 0.522093 0.96875 0.393023
36 0.501562 0.522093 0.96875 0.393023
69 0.501562 0.522093 0.96875 0.393023
39 0.501562 0.522093 0.96875 0.393023
65 0.501562 0.522093 0.96875 0.393023
31 0.501562 0.522093 0.96875 0.393023
54 0.499609 0.523837 0.963281 0.4
30 0.501562 0.522093 0.96875 0.393023
61 0.501562 0.522093 0.96875 0.393023
56 0.501562 0.522093 0.96875 0.393023
62 0.501562 0.522093 0.96875 0.393023
66 0.501562 0.525581 0.970312 0.389535
35 0.501562 0.522093 0.96875 0.393023
6 0.501562 0.522093 0.96875 0.393023
59 0.501562 0.522093 0.96875 0.393023
33 0.501562 0.522093 0.96875 0.393023
68 0.500391 0.520349 0.963281 0.405814
4 0.370703 0.535465 0.686719 0.375581
58 0.658691 0.52064 0.607617 0.421512
68 0.370703 0.535465 0.686719 0.375581
22 0.370703 0.535465 0.686719 0.375581
28 0.357422 0.52936 0.653906 0.385465
7 0.357422 0.52936 0.653906 0.385465
0 0.370703 0.535465 0.686719 0.375581
5 0.370703 0.535465 0.686719 0.375581
54 0.357422 0.52936 0.653906 0.385465
3 0.370703 0.535465 0.686719 0.375581
57 0.662891 0.496512 0.600781 0.433721
58 0.370703 0.535465 0.686719 0.375581
2 0.370703 0.535465 0.686719 0.375581
57 0.370703 0.535465 0.686719 0.375581
4 0.658691 0.52064 0.607617 0.421512
1 0.370703 0.535465 0.686719 0.375581
23 0.658691 0.52064 0.607617 0.421512
52 0.370703 0.535465 0.686719 0.375581
65 0.357422 0.52936 0.653906 0.385465
2 0.501172 0.523837 0.955469 0.406977
3 0.501172 0.523837 0.955469 0.406977
52 0.501172 0.523837 0.955469 0.406977
4 0.501172 0.523837 0.955469 0.406977
58 0.501172 0.523837 0.955469 0.406977
60 0.501172 0.523837 0.955469 0.406977
0 0.501172 0.523837 0.955469 0.406977
23 0.501172 0.523837 0.955469 0.406977
7 0.501172 0.523837 0.955469 0.406977
10 0.501172 0.523837 0.955469 0.406977
67 0.501172 0.523837 0.955469 0.406977
22 0.501172 0.523837 0.955469 0.406977
28 0.501172 0.523837 0.955469 0.406977
8 0.501172 0.523837 0.955469 0.406977
34 0.501172 0.523837 0.955469 0.406977
57 0.501172 0.523837 0.955469 0.406977
5 0.501172 0.523837 0.955469 0.406977
69 0.501172 0.523837 0.955469 0.406977
61 0.504297 0.523256 0.963281 0.406977
6 0.501172 0.523837 0.955469 0.406977
62 0.501172 0.523837 0.955469 0.406977
56 0.501172 0.523837 0.955469 0.406977
31 0.501172 0.523837 0.955469 0.406977
1 0.504297 0.523256 0.963281 0.406977
29 0.501172 0.523837 0.955469 0.406977
32 0.501172 0.523837 0.955469 0.406977
68 0.501172 0.525291 0.949219 0.409884
36 0.501172 0.523837 0.955469 0.406977
54 0.500781 0.525291 0.951563 0.408721
21 0.501172 0.523837 0.955469 0.406977
59 0.501172 0.523837 0.955469 0.406977
45 0.501172 0.523837 0.955469 0.406977
44 0.501172 0.523837 0.955469 0.406977
20 0.501172 0.523837 0.955469 0.406977
66 0.501172 0.523837 0.955469 0.406977
39 0.501172 0.523837 0.955469 0.406977
30 0.501172 0.523837 0.955469 0.406977
35 0.501172 0.523837 0.955469 0.406977
33 0.501172 0.523837 0.955469 0.406977
65 0.501172 0.523837 0.955469 0.406977
58 0.641406 0.524128 0.645312 0.412209
4 0.500391 0.527035 0.964844 0.402907
3 0.500391 0.527035 0.964844 0.402907
58 0.500391 0.527035 0.964844 0.402907
23 0.500391 0.527035 0.964844 0.402907
22 0.500391 0.527035 0.964844 0.402907
2 0.500391 0.527035 0.964844 0.402907
52 0.500391 0.527035 0.964844 0.402907
60 0.500391 0.527035 0.964844 0.402907
59 0.500391 0.527035 0.964844 0.402907
0 0.500391 0.527035 0.964844 0.402907
32 0.500391 0.527035 0.964844 0.402907
7 0.500391 0.527035 0.964844 0.402907
10 0.500391 0.527035 0.964844 0.402907
34 0.500391 0.527035 0.964844 0.402907
5 0.500391 0.527035 0.964844 0.402907
67 0.500391 0.527035 0.964844 0.402907
57 0.500391 0.527035 0.964844 0.402907
69 0.500391 0.527035 0.964844 0.402907
31 0.500391 0.527035 0.964844 0.402907
68 0.501953 0.529651 0.971094 0.398837
56 0.500391 0.527035 0.964844 0.402907
1 0.500391 0.527035 0.964844 0.402907
28 0.500391 0.527035 0.964844 0.402907
8 0.500391 0.527035 0.964844 0.402907
39 0.500391 0.527035 0.964844 0.402907
62 0.500391 0.527035 0.964844 0.402907
29 0.500391 0.527035 0.964844 0.402907
36 0.500391 0.527035 0.964844 0.402907
21 0.500391 0.527035 0.964844 0.402907
45 0.500391 0.527035 0.964844 0.402907
6 0.500391 0.527035 0.964844 0.402907
61 0.501953 0.529651 0.971094 0.398837
44 0.500391 0.527035 0.964844 0.402907
66 0.500391 0.527035 0.964844 0.402907
30 0.500391 0.527035 0.964844 0.402907
35 0.500391 0.527035 0.964844 0.402907
20 0.500391 0.527035 0.964844 0.402907
54 0.501953 0.529651 0.971094 0.398837
65 0.500391 0.527035 0.964844 0.402907
68 0.371875 0.538372 0.689062 0.381395
4 0.371875 0.538372 0.689062 0.381395
58 0.631934 0.530814 0.65957 0.42907
58 0.371875 0.538372 0.689062 0.381395
22 0.371875 0.538372 0.689062 0.381395
58 0.496875 0.522674 0.9625 0.39186
4 0.499219 0.519767 0.960938 0.4
52 0.496875 0.522674 0.9625 0.39186
23 0.496875 0.522674 0.9625 0.39186
3 0.496875 0.522674 0.9625 0.39186
60 0.496875 0.522674 0.9625 0.39186
68 0.499219 0.519767 0.960938 0.4
22 0.496875 0.522674 0.9625 0.39186
2 0.496875 0.522674 0.9625 0.39186
0 0.5 0.523547 0.965625 0.390116
69 0.499219 0.519767 0.960938 0.4
57 0.496875 0.522674 0.9625 0.39186
67 0.496875 0.522674 0.9625 0.39186
59 0.496875 0.522674 0.9625 0.39186
32 0.496875 0.522674 0.9625 0.39186
10 0.496875 0.522674 0.9625 0.39186
56 0.496875 0.522674 0.9625 0.39186
5 0.499219 0.519767 0.960938 0.4
1 0.499219 0.519767 0.960938 0.4
7 0.499219 0.519767 0.960938 0.4
31 0.496875 0.522674 0.9625 0.39186
28 0.499219 0.519767 0.960938 0.4
34 0.496875 0.522674 0.9625 0.39186
36 0.499609 0.523256 0.961719 0.394186
44 0.499219 0.519767 0.960938 0.4
6 0.499219 0.519767 0.960938 0.4
62 0.496875 0.522674 0.9625 0.39186
45 0.5 0.523547 0.965625 0.390116
8 0.499219 0.519767 0.960938 0.4
21 0.496875 0.522674 0.9625 0.39186
39 0.496875 0.522674 0.9625 0.39186
61 0.5 0.523547 0.965625 0.390116
29 0.5 0.523547 0.965625 0.390116
68 0.378516 0.526453 0.700781 0.375
20 0.499219 0.519767 0.960938 0.4
66 0.499219 0.519767 0.960938 0.4
54 0.499609 0.523256 0.961719 0.394186
35 0.499219 0.519767 0.960938 0.4
30 0.496875 0.522674 0.9625 0.39186
58 0.378516 0.526453 0.700781 0.375
4 0.344922 0.506977 0.628906 0.353488
65 0.499609 0.523256 0.961719 0.394186
58 0.615625 0.521221 0.659375 0.392442
59 0.378516 0.526453 0.700781 0.375
57 0.378516 0.526453 0.700781 0.375
23 0.378516 0.526453 0.700781 0.375
4 0.503125 0.5125 0.959375 0.408721
58 0.502344 0.515116 0.960938 0.4
3 0.503125 0.5125 0.959375 0.408721
52 0.503125 0.5125 0.959375 0.408721
68 0.503125 0.5125 0.959375 0.408721
23 0.502344 0.515116 0.960938 0.4
22 0.503125 0.5125 0.959375 0.408721
57 0.503125 0.5125 0.959375 0.408721
2 0.503125 0.5125 0.959375 0.408721
59 0.502344 0.515116 0.960938 0.4
69 0.503125 0.5125 0.959375 0.408721
67 0.502344 0.515116 0.960938 0.4
10 0.503125 0.5125 0.959375 0.408721
32 0.503125 0.5125 0.959375 0.408721
60 0.502344 0.515116 0.960938 0.4
5 0.503125 0.5125 0.959375 0.408721
7 0.503125 0.5125 0.959375 0.408721
28 0.503125 0.5125 0.959375 0.408721
1 0.503125 0.5125 0.959375 0.408721
34 0.503125 0.5125 0.959375 0.408721
31 0.502344 0.515116 0.960938 0.4
0 0.502344 0.515116 0.960938 0.4
56 0.503125 0.5125 0.959375 0.408721
39 0.503125 0.5125 0.959375 0.408721
8 0.503125 0.5125 0.959375 0.408721
36 0.503125 0.5125 0.959375 0.408721
45 0.503906 0.516279 0.967188 0.4
6 0.503125 0.5125 0.959375 0.408721
21 0.502344 0.515116 0.960938 0.4
62 0.503125 0.5125 0.959375 0.408721
61 0.503906 0.516279 0.967188 0.4
29 0.502344 0.514244 0.964063 0.408721
44 0.501172 0.518605 0.957031 0.405814
20 0.503125 0.5125 0.959375 0.408721
4 0.343555 0.510756 0.623828 0.408721
30 0.502344 0.515116 0.960938 0.4
66 0.503125 0.5125 0.959375 0.408721
35 0.503125 0.5125 0.959375 0.408721
58 0.343555 0.510756 0.623828 0.408721
58 0.625 0.510756 0.675 0.444767
68 0.343555 0.510756 0.623828 0.408721
54 0.502344 0.515116 0.960938 0.4
57 0.343555 0.510756 0.623828 0.408721
58 0.500391 0.51657 0.964844 0.394767
3 0.502344 0.51686 0.964063 0.402326
23 0.500391 0.51657 0.964844 0.394767
4 0.503125 0.518023 0.9625 0.403488
52 0.502344 0.51686 0.964063 0.402326
68 0.502344 0.51686 0.964063 0.402326
22 0.502344 0.51686 0.964063 0.402326
57 0.502344 0.51686 0.964063 0.402326
10 0.502344 0.51686 0.964063 0.402326
28 0.502344 0.51686 0.964063 0.402326
67 0.500391 0.51657 0.964844 0.394767
59 0.502344 0.51686 0.964063 0.402326
69 0.502344 0.51686 0.964063 0.402326
32 0.502344 0.51686 0.964063 0.402326
0 0.503125 0.515407 0.965625 0.399419
7 0.502344 0.51686 0.964063 0.402326
2 0.502344 0.51686 0.964063 0.402326
60 0.500391 0.51657 0.964844 0.394767
5 0.502344 0.51686 0.964063 0.402326
56 0.500391 0.51657 0.964844 0.394767
31 0.502344 0.51686 0.964063 0.402326
34 0.502344 0.51686 0.964063 0.402326
1 0.502344 0.51686 0.964063 0.402326
39 0.502344 0.51686 0.964063 0.402326
36 0.503125 0.518023 0.9625 0.403488
8 0.502344 0.51686 0.964063 0.402326
44 0.503125 0.518023 0.9625 0.403488
21 0.499219 0.518605 0.957812 0.4
45 0.503125 0.515407 0.965625 0.399419
61 0.502344 0.51686 0.964063 0.402326
6 0.502344 0.51686 0.964063 0.402326
29 0.503125 0.518023 0.9625 0.403488
58 0.627734 0.518895 0.671094 0.39593
62 0.502344 0.51686 0.964063 0.402326
54 0.503125 0.515407 0.965625 0.399419
20 0.502344 0.51686 0.964063 0.402326
23 0.627734 0.518895 0.671094 0.39593
68 0.358203 0.519477 0.660156 0.411047
4 0.358203 0.519477 0.660156 0.411047
35 0.503125 0.518023 0.9625 0.403488
52 0.358203 0.519477 0.660156 0.411047
58 0.341211 0.519186 0.620703 0.412791
65 0.503125 0.518023 0.9625 0.403488
3 0.358203 0.519477 0.660156 0.411047
22 0.358203 0.519477 0.660156 0.411047
23 0.358203 0.519477 0.660156 0.411047
59 0.627734 0.518895 0.671094 0.39593
57 0.358203 0.519477 0.660156 0.411047
58 0.49375 0.518895 0.965625 0.394767
68 0.495313 0.521802 0.9625 0.399419
3 0.495703 0.522674 0.972656 0.396512
23 0.49375 0.518895 0.965625 0.394767
4 0.495703 0.522674 0.972656 0.396512
52 0.495313 0.521802 0.9625 0.399419
22 0.495313 0.521802 0.9625 0.399419
69 0.495313 0.521802 0.9625 0.399419
10 0.495313 0.521802 0.9625 0.399419
57 0.495313 0.521802 0.9625 0.399419
59 0.496094 0.519186 0.975 0.394186
2 0.495313 0.521802 0.9625 0.399419
31 0.495703 0.522674 0.972656 0.396512
60 0.495313 0.521802 0.9625 0.399419
67 0.49375 0.518895 0.965625 0.394767
5 0.495313 0.521802 0.9625 0.399419
28 0.495313 0.521802 0.9625 0.399419
32 0.495313 0.521802 0.9625 0.399419
0 0.496094 0.519186 0.975 0.394186
1 0.495313 0.521802 0.9625 0.399419
7 0.495313 0.521802 0.9625 0.399419
34 0.495313 0.521802 0.9625 0.399419
56 0.495313 0.521802 0.9625 0.399419
6 0.495313 0.521802 0.9625 0.399419
39 0.49375 0.518895 0.965625 0.394767
36 0.495703 0.522674 0.972656 0.396512
8 0.495703 0.522674 0.972656 0.396512
62 0.495313 0.521802 0.9625 0.399419
45 0.495703 0.522674 0.972656 0.396512
29 0.496094 0.519186 0.975 0.394186
61 0.495313 0.521802 0.9625 0.399419
54 0.496094 0.519186 0.975 0.394186
44 0.492188 0.518605 0.96875 0.393023
21 0.492188 0.518605 0.96875 0.393023
23 0.583203 0.487791 0.755469 0.460465
20 0.495313 0.521802 0.9625 0.399419
58 0.583203 0.487791 0.755469 0.460465
68 0.583203 0.487791 0.755469 0.460465
4 0.583203 0.487791 0.755469 0.460465
57 0.583203 0.487791 0.755469 0.460465
35 0.495313 0.521802 0.9625 0.399419
22 0.583203 0.487791 0.755469 0.460465
59 0.583203 0.487791 0.755469 0.460465
66 0.495313 0.521802 0.9625 0.399419
30 0.49375 0.518895 0.965625 0.394767
58 0.499219 0.523256 0.957812 0.395349
23 0.499219 0.523256 0.957812 0.395349
4 0.501562 0.523547 0.959375 0.400581
52 0.500781 0.522093 0.957812 0.402326
3 0.501562 0.523547 0.959375 0.400581
22 0.500781 0.522093 0.957812 0.402326
68 0.500781 0.522093 0.957812 0.402326
59 0.500781 0.522093 0.957812 0.402326
69 0.500781 0.522093 0.957812 0.402326
67 0.499219 0.523256 0.957812 0.395349
32 0.500781 0.522093 0.957812 0.402326
2 0.500781 0.522093 0.957812 0.402326
5 0.500781 0.522093 0.957812 0.402326
57 0.500781 0.522093 0.957812 0.402326
0 0.501953 0.524419 0.961719 0.393023
28 0.500781 0.522093 0.957812 0.402326
31 0.500781 0.522093 0.957812 0.402326
34 0.501953 0.524419 0.961719 0.393023
60 0.500781 0.522093 0.957812 0.402326
10 0.499219 0.523256 0.957812 0.395349
56 0.501562 0.523547 0.959375 0.400581
39 0.500781 0.522093 0.957812 0.402326
1 0.501562 0.523547 0.959375 0.400581
45 0.501562 0.523547 0.959375 0.400581
7 0.501562 0.523547 0.959375 0.400581
8 0.501562 0.523547 0.959375 0.400581
6 0.501562 0.523547 0.959375 0.400581
21 0.501562 0.523547 0.959375 0.400581
36 0.501562 0.523547 0.959375 0.400581
61 0.501953 0.524419 0.961719 0.393023
29 0.501562 0.523547 0.959375 0.400581
62 0.501562 0.523547 0.959375 0.400581
54 0.501953 0.524419 0.961719 0.393023
44 0.501562 0.523547 0.959375 0.400581
30 0.501562 0.523547 0.959375 0.400581
65 0.501562 0.523547 0.959375 0.400581
20 0.501562 0.523547 0.959375 0.400581
35 0.501562 0.523547 0.959375 0.400581
23 0.494531 0.52064 0.973437 0.402907
4 0.490625 0.52064 0.971875 0.402907
58 0.494531 0.52064 0.973437 0.402907
3 0.490625 0.52064 0.971875 0.402907
52 0.495703 0.520349 0.971094 0.402326
68 0.495703 0.520349 0.971094 0.402326
22 0.495703 0.520349 0.971094 0.402326
57 0.495703 0.520349 0.971094 0.402326
59 0.495703 0.520349 0.971094 0.402326
69 0.495703 0.520349 0.971094 0.402326
32 0.495703 0.520349 0.971094 0.402326
2 0.495703 0.520349 0.971094 0.402326
67 0.494531 0.52064 0.973437 0.402907
31 0.490625 0.52064 0.971875 0.402907
5 0.495703 0.520349 0.971094 0.402326
28 0.495703 0.520349 0.971094 0.402326
10 0.495703 0.520349 0.971094 0.402326
34 0.491406 0.52064 0.975 0.405233
56 0.490625 0.52064 0.971875 0.402907
0 0.490625 0.52064 0.971875 0.402907
60 0.495703 0.520349 0.971094 0.402326
7 0.490625 0.52064 0.971875 0.402907
39 0.490625 0.52064 0.971875 0.402907
1 0.495703 0.520349 0.971094 0.402326
8 0.490625 0.52064 0.971875 0.402907
6 0.495703 0.520349 0.971094 0.402326
21 0.490625 0.52064 0.971875 0.402907
45 0.490625 0.52064 0.971875 0.402907
36 0.480469 0.519767 0.953125 0.404651
29 0.480469 0.519767 0.953125 0.404651
54 0.491406 0.52064 0.975 0.405233
44 0.490625 0.52064 0.971875 0.402907
58 0.619141 0.522965 0.672656 0.391279
61 0.490625 0.52064 0.971875 0.402907
23 0.619141 0.522965 0.672656 0.391279
20 0.495703 0.520349 0.971094 0.402326
58 0.495703 0.523256 0.960156 0.395349
23 0.495703 0.523256 0.960156 0.395349
4 0.496484 0.519767 0.960156 0.401163
68 0.496484 0.519767 0.960156 0.401163
3 0.498437 0.526163 0.965625 0.39186
59 0.496484 0.519767 0.960156 0.401163
32 0.496484 0.519767 0.960156 0.401163
22 0.498437 0.526163 0.965625 0.39186
57 0.496484 0.519767 0.960156 0.401163
52 0.498437 0.526744 0.96875 0.389535
31 0.498437 0.526163 0.965625 0.39186
67 0.497656 0.515116 0.960938 0.406977
28 0.496484 0.519767 0.960156 0.401163
5 0.496484 0.519767 0.960156 0.401163
2 0.496484 0.519767 0.960156 0.401163
60 0.496094 0.527326 0.954687 0.386046
0 0.498437 0.526163 0.965625 0.39186
10 0.498437 0.526163 0.965625 0.39186
1 0.498437 0.526163 0.965625 0.39186
56 0.496484 0.519767 0.960156 0.401163
7 0.498437 0.526163 0.965625 0.39186
69 0.496484 0.519767 0.960156 0.401163
39 0.496484 0.519767 0.960156 0.401163
6 0.496484 0.519767 0.960156 0.401163
34 0.498437 0.526163 0.965625 0.39186
45 0.498437 0.526163 0.965625 0.39186
8 0.498437 0.526163 0.965625 0.39186
54 0.498437 0.526163 0.965625 0.39186
29 0.498437 0.526163 0.965625 0.39186
36 0.498437 0.526163 0.965625 0.39186
44 0.498437 0.526163 0.965625 0.39186
59 0.371484 0.525872 0.685156 0.40407
23 0.6375 0.497965 0.646875 0.441279
21 0.496875 0.528488 0.959375 0.382558
58 0.351562 0.527907 0.646094 0.386046
58 0.6375 0.497965 0.646875 0.441279
61 0.496875 0.528488 0.959375 0.382558
68 0.371484 0.525872 0.685156 0.40407
58 0.507422 0.445058 0.871094 0.528488
58 0.500781 0.519186 0.964063 0.390698
3 0.501172 0.522093 0.961719 0.384884
4 0.500781 0.519186 0.964063 0.390698
68 0.500781 0.519186 0.964063 0.390698
23 0.500781 0.519186 0.964063 0.390698
59 0.500781 0.519186 0.964063 0.390698
52 0.501172 0.522093 0.961719 0.384884
22 0.501172 0.522093 0.961719 0.384884
32 0.500781 0.519186 0.964063 0.390698
2 0.501172 0.522093 0.961719 0.384884
57 0.500781 0.519186 0.964063 0.390698
67 0.500781 0.519186 0.964063 0.390698
1 0.501172 0.522093 0.961719 0.384884
69 0.501172 0.522093 0.961719 0.384884
5 0.500781 0.519186 0.964063 0.390698
60 0.500781 0.519186 0.964063 0.390698
10 0.501172 0.522093 0.961719 0.384884
56 0.500781 0.519186 0.964063 0.390698
28 0.500781 0.519186 0.964063 0.390698
0 0.501172 0.522093 0.961719 0.384884
7 0.500781 0.519186 0.964063 0.390698
31 0.501172 0.522093 0.961719 0.384884
39 0.500781 0.519186 0.964063 0.390698
6 0.501172 0.522093 0.961719 0.384884
34 0.500781 0.519186 0.964063 0.390698
8 0.501172 0.522093 0.961719 0.384884
45 0.501172 0.522093 0.961719 0.384884
36 0.501172 0.522093 0.961719 0.384884
61 0.501172 0.522093 0.961719 0.384884
68 0.362305 0.528488 0.677734 0.384884
58 0.362305 0.528488 0.677734 0.384884
54 0.501172 0.522093 0.961719 0.384884
29 0.501172 0.522093 0.961719 0.384884
58 0.50625 0.445058 0.829687 0.537791
58 0.503516 0.520349 0.969531 0.396512
23 0.503516 0.520349 0.969531 0.396512
68 0.503516 0.520349 0.969531 0.396512
59 0.503516 0.520349 0.969531 0.396512
4 0.497656 0.524128 0.967188 0.392442
22 0.497656 0.524128 0.967188 0.392442
3 0.497656 0.524128 0.967188 0.392442
32 0.503516 0.520349 0.969531 0.396512
52 0.503516 0.520349 0.969531 0.396512
69 0.503516 0.520349 0.969531 0.396512
67 0.502734 0.52093 0.972656 0.39186
5 0.503516 0.520349 0.969531 0.396512
57 0.503516 0.520349 0.969531 0.396512
28 0.503516 0.520349 0.969531 0.396512
10 0.497656 0.524128 0.967188 0.392442
56 0.503516 0.520349 0.969531 0.396512
2 0.503516 0.520349 0.969531 0.396512
60 0.503125 0.518023 0.96875 0.396512
31 0.497656 0.524128 0.967188 0.392442
34 0.503516 0.520349 0.969531 0.396512
1 0.497656 0.524128 0.967188 0.392442
0 0.497656 0.524128 0.967188 0.392442
6 0.503516 0.520349 0.969531 0.396512
39 0.497656 0.524128 0.967188 0.392442
58 0.370898 0.520349 0.683203 0.402326
23 0.370898 0.520349 0.683203 0.402326
54 0.498047 0.524128 0.966406 0.386628
7 0.503516 0.520349 0.969531 0.396512
58 0.501172 0.519477 0.972656 0.398256
23 0.500781 0.520058 0.965625 0.397093
59 0.501172 0.519477 0.972656 0.398256
68 0.500781 0.520058 0.965625 0.397093
4 0.5 0.518314 0.965625 0.401744
22 0.500781 0.520058 0.965625 0.397093
52 0.500781 0.520058 0.965625 0.397093
3 0.5 0.518314 0.965625 0.401744
32 0.500781 0.520058 0.965625 0.397093
67 0.501172 0.519477 0.972656 0.398256
31 0.500781 0.520058 0.965625 0.397093
69 0.502344 0.517442 0.970312 0.401163
57 0.500781 0.520058 0.965625 0.397093
28 0.500781 0.520058 0.965625 0.397093
5 0.5 0.518314 0.965625 0.401744
54 0.500781 0.520058 0.965625 0.397093
10 0.5 0.518314 0.965625 0.401744
56 0.498828 0.52064 0.963281 0.397093
60 0.498828 0.52064 0.963281 0.397093
6 0.502344 0.517442 0.970312 0.401163
1 0.5 0.518314 0.965625 0.401744
39 0.5 0.518314 0.965625 0.401744
58 0.35 0.506395 0.645312 0.411628
0 0.5 0.518314 0.965625 0.401744
34 0.5 0.518314 0.965625 0.401744
2 0.498828 0.52064 0.963281 0.397093
23 0.35 0.506395 0.645312 0.411628
58 0.500391 0.523837 0.964844 0.390698
23 0.501953 0.526163 0.961719 0.37907
52 0.501953 0.526163 0.961719 0.37907
59 0.500391 0.523837 0.964844 0.390698
22 0.501562 0.525581 0.9625 0.390698
69 0.500391 0.523837 0.964844 0.390698
68 0.501562 0.525581 0.9625 0.390698
3 0.501562 0.525581 0.9625 0.390698
4 0.501562 0.525581 0.9625 0.390698
32 0.500391 0.523837 0.964844 0.390698
10 0.501562 0.525581 0.9625 0.390698
67 0.497266 0.51657 0.967969 0.393605
57 0.500391 0.523837 0.964844 0.390698
5 0.501562 0.525581 0.9625 0.390698
31 0.501562 0.525581 0.9625 0.390698
56 0.501562 0.525581 0.9625 0.390698
28 0.501562 0.525581 0.9625 0.390698
60 0.497266 0.51657 0.967969 0.393605
58 0.363672 0.529651 0.666406 0.386046
2 0.497656 0.517151 0.967188 0.407558
39 0.501562 0.525581 0.9625 0.390698
6 0.501562 0.525581 0.9625 0.390698
23 0.363672 0.529651 0.666406 0.386046
23 0.620313 0.532849 0.671875 0.350581
54 0.501562 0.525581 0.9625 0.390698
1 0.501562 0.525581 0.9625 0.390698
23 0.514844 0.468895 0.851562 0.511047
59 0.363672 0.529651 0.666406 0.386046
44 0.499219 0.525581 0.960938 0.377907
34 0.501562 0.525581 0.9625 0.390698
58 0.514844 0.468895 0.851562 0.511047
68 0.363672 0.529651 0.666406 0.386046
0 0.501562 0.525581 0.9625 0.390698
58 0.620313 0.532849 0.671875 0.350581
52 0.363672 0.529651 0.666406 0.386046
59 0.620313 0.532849 0.671875 0.350581
58 0.498828 0.512791 0.963281 0.404651
23 0.495703 0.50843 0.966406 0.415698
59 0.498828 0.512791 0.963281 0.404651
68 0.498828 0.512791 0.963281 0.404651
32 0.498828 0.512791 0.963281 0.404651
22 0.495703 0.50843 0.966406 0.415698
4 0.496875 0.514535 0.9625 0.4
67 0.497656 0.511628 0.964063 0.411628
3 0.496875 0.514535 0.9625 0.4
52 0.497656 0.515116 0.960938 0.403488
69 0.495703 0.50843 0.966406 0.415698
31 0.496875 0.514535 0.9625 0.4
57 0.497656 0.515116 0.960938 0.403488
28 0.497656 0.515116 0.960938 0.403488
10 0.495703 0.50843 0.966406 0.415698
5 0.498828 0.512791 0.963281 0.404651
60 0.495703 0.50843 0.966406 0.415698
39 0.495703 0.50843 0.966406 0.415698
56 0.496875 0.508721 0.965625 0.415116
6 0.496875 0.508721 0.965625 0.415116
54 0.498828 0.512791 0.963281 0.404651
58 0.370313 0.529942 0.689062 0.400581
1 0.496875 0.514535 0.9625 0.4
0 0.496875 0.514535 0.9625 0.4
2 0.496875 0.508721 0.965625 0.415116
23 0.498437 0.515407 0.970312 0.397093
58 0.498437 0.517442 0.965625 0.397674
22 0.498437 0.515407 0.970312 0.397093
69 0.498437 0.515407 0.970312 0.397093
68 0.498437 0.517442 0.965625 0.397674
59 0.498437 0.517442 0.965625 0.397674
32 0.498437 0.517442 0.965625 0.397674
52 0.498437 0.522674 0.96875 0.389535
3 0.498437 0.517442 0.965625 0.397674
67 0.498437 0.522674 0.96875 0.389535
60 0.498437 0.515407 0.970312 0.397093
4 0.498437 0.517442 0.965625 0.397674
10 0.498437 0.515407 0.970312 0.397093
57 0.499219 0.515116 0.967188 0.402326
2 0.498437 0.509302 0.971875 0.412791
5 0.498437 0.517442 0.965625 0.397674
28 0.498437 0.517442 0.965625 0.397674
31 0.498437 0.517442 0.965625 0.397674
39 0.498437 0.509302 0.971875 0.412791
56 0.498437 0.509302 0.971875 0.412791
6 0.498437 0.517442 0.965625 0.397674
1 0.498437 0.517442 0.965625 0.397674
7 0.498437 0.509302 0.971875 0.412791
0 0.498437 0.517442 0.965625 0.397674
36 0.498437 0.517442 0.965625 0.397674
54 0.498437 0.522674 0.96875 0.389535
23 0.499219 0.523837 0.964063 0.398837
68 0.496094 0.526453 0.967188 0.393605
22 0.496875 0.521512 0.9625 0.398837
58 0.495313 0.52907 0.965625 0.389535
4 0.494531 0.523837 0.964063 0.397674
59 0.496094 0.526453 0.967188 0.393605
32 0.496875 0.521512 0.9625 0.398837
3 0.494531 0.523837 0.964063 0.397674
69 0.496875 0.521512 0.9625 0.398837
52 0.495313 0.52907 0.965625 0.389535
67 0.495313 0.52907 0.965625 0.389535
28 0.495313 0.52907 0.965625 0.389535
5 0.494531 0.523837 0.964063 0.397674
57 0.499219 0.520058 0.964063 0.406395
31 0.495313 0.52907 0.965625 0.389535
54 0.496094 0.526453 0.967188 0.393605
10 0.495313 0.52907 0.965625 0.389535
56 0.495313 0.52907 0.965625 0.389535
6 0.494531 0.523837 0.964063 0.397674
1 0.494531 0.523837 0.964063 0.397674
60 0.495313 0.52907 0.965625 0.389535
39 0.496875 0.521512 0.9625 0.398837
2 0.499219 0.520058 0.964063 0.406395
7 0.494531 0.523837 0.964063 0.397674
0 0.495313 0.52907 0.965625 0.389535
44 0.495313 0.52907 0.965625 0.389535
58 0.492969 0.528779 0.970312 0.380814
23 0.499219 0.527907 0.971875 0.383721
3 0.492969 0.528779 0.970312 0.380814
4 0.492969 0.528779 0.970312 0.380814
22 0.498437 0.525581 0.978125 0.386046
68 0.493359 0.529651 0.971094 0.380233
59 0.492969 0.531686 0.970312 0.375
32 0.492969 0.528779 0.970312 0.380814
5 0.492969 0.528779 0.970312 0.380814
69 0.492969 0.528779 0.970312 0.380814
57 0.499219 0.527907 0.971875 0.383721
67 0.492969 0.531686 0.970312 0.375
31 0.492969 0.531686 0.970312 0.375
28 0.492969 0.531686 0.970312 0.375
52 0.492969 0.531686 0.970312 0.375
2 0.499219 0.527907 0.971875 0.383721
10 0.492969 0.531686 0.970312 0.375
56 0.492969 0.531686 0.970312 0.375
39 0.492969 0.528779 0.970312 0.380814
7 0.499219 0.527907 0.971875 0.383721
60 0.492969 0.531686 0.970312 0.375
1 0.499219 0.527907 0.971875 0.383721
54 0.493359 0.529651 0.971094 0.380233
6 0.492969 0.528779 0.970312 0.380814
0 0.492969 0.528779 0.970312 0.380814
34 0.499219 0.527907 0.971875 0.383721
45 0.492969 0.531686 0.970312 0.375
8 0.499219 0.527907 0.971875 0.383721
44 0.492969 0.531686 0.970312 0.375
58 0.383594 0.503488 0.726562 0.34186
58 0.496875 0.52907 0.967188 0.387209
23 0.496484 0.527907 0.966406 0.386046
68 0.496875 0.52907 0.967188 0.387209
59 0.496875 0.52907 0.967188 0.387209
4 0.496484 0.527907 0.966406 0.386046
32 0.503125 0.524709 0.975 0.393605
3 0.496484 0.527907 0.966406 0.386046
22 0.496484 0.527907 0.966406 0.386046
69 0.496484 0.527907 0.966406 0.386046
67 0.496875 0.530814 0.96875 0.382558
57 0.503125 0.527907 0.975 0.387209
5 0.496484 0.527907 0.966406 0.386046
52 0.496875 0.530814 0.96875 0.382558
31 0.496484 0.527907 0.966406 0.386046
28 0.503125 0.527907 0.975 0.387209
56 0.496875 0.530814 0.96875 0.382558
2 0.503906 0.521802 0.973437 0.398256
10 0.496875 0.530814 0.96875 0.382558
7 0.503906 0.521802 0.973437 0.398256
39 0.496484 0.527907 0.966406 0.386046
60 0.496875 0.530814 0.96875 0.382558
6 0.496484 0.527907 0.966406 0.386046
0 0.496484 0.527907 0.966406 0.386046
54 0.496875 0.52907 0.967188 0.387209
1 0.503906 0.521802 0.973437 0.398256
58 0.3625 0.52936 0.68125 0.39593
68 0.3625 0.52936 0.68125 0.39593
23 0.3625 0.52936 0.68125 0.39593
59 0.3625 0.52936 0.68125 0.39593
23 0.657812 0.519767 0.615625 0.388372
30 0.503125 0.530523 0.975 0.385465
23 0.499219 0.527326 0.970312 0.377907
58 0.499219 0.527326 0.970312 0.377907
22 0.499219 0.527326 0.970312 0.377907
59 0.499219 0.527326 0.970312 0.377907
32 0.499219 0.527326 0.970312 0.377907
68 0.499219 0.527326 0.970312 0.377907
69 0.499219 0.527326 0.970312 0.377907
3 0.499219 0.527326 0.970312 0.377907
4 0.499219 0.527326 0.970312 0.377907
52 0.499219 0.528779 0.970312 0.377326
5 0.499219 0.527326 0.970312 0.377907
31 0.499219 0.527326 0.970312 0.377907
39 0.499219 0.527326 0.970312 0.377907
67 0.499219 0.528779 0.970312 0.377326
10 0.499219 0.528779 0.970312 0.377326
7 0.504297 0.519477 0.980469 0.391279
57 0.503906 0.526163 0.976562 0.377907
28 0.499219 0.527326 0.970312 0.377907
6 0.499219 0.527326 0.970312 0.377907
2 0.504297 0.519477 0.980469 0.391279
54 0.499219 0.527326 0.970312 0.377907
23 0.333594 0.515698 0.621094 0.384884
60 0.499219 0.528779 0.970312 0.377326
56 0.499219 0.527326 0.970312 0.377907
1 0.499219 0.527326 0.970312 0.377907
58 0.333594 0.515698 0.621094 0.384884
0 0.499219 0.527326 0.970312 0.377907
23 0.499219 0.526163 0.957812 0.383721
22 0.499219 0.526163 0.957812 0.383721
69 0.499219 0.526163 0.957812 0.383721
58 0.499219 0.526163 0.957812 0.383721
68 0.498828 0.528198 0.957031 0.381977
52 0.492969 0.527326 0.964063 0.384884
32 0.499219 0.526163 0.957812 0.383721
59 0.499219 0.526163 0.957812 0.383721
67 0.498828 0.528198 0.957031 0.381977
10 0.499219 0.526163 0.957812 0.383721
3 0.499219 0.526163 0.957812 0.383721
54 0.498828 0.528198 0.957031 0.381977
5 0.499219 0.526163 0.957812 0.383721
57 0.497266 0.516279 0.967969 0.409302
2 0.497266 0.516279 0.967969 0.409302
60 0.497266 0.516279 0.967969 0.409302
31 0.499219 0.526163 0.957812 0.383721
28 0.499219 0.526163 0.957812 0.383721
4 0.499219 0.526163 0.957812 0.383721
39 0.497266 0.516279 0.967969 0.409302
23 0.357422 0.531977 0.660156 0.387209
56 0.497266 0.516279 0.967969 0.409302
6 0.499219 0.526163 0.957812 0.383721
44 0.497266 0.516279 0.967969 0.409302
7 0.497266 0.516279 0.967969 0.409302
58 0.357422 0.531977 0.660156 0.387209
52 0.357422 0.531977 0.660156 0.387209
68 0.357422 0.531977 0.660156 0.387209
23 0.513672 0.427907 0.842969 0.603488
1 0.499219 0.526163 0.957812 0.383721
23 0.493359 0.526453 0.969531 0.378488
58 0.493359 0.526453 0.969531 0.378488
59 0.493359 0.526453 0.969531 0.378488
22 0.49375 0.527326 0.971875 0.377907
68 0.493359 0.526453 0.969531 0.378488
32 0.497266 0.519186 0.972656 0.398837
69 0.49375 0.527326 0.971875 0.377907
3 0.49375 0.527326 0.971875 0.377907
4 0.49375 0.527326 0.971875 0.377907
5 0.49375 0.527326 0.971875 0.377907
2 0.499219 0.516279 0.970312 0.406977
7 0.499219 0.516279 0.970312 0.406977
67 0.49375 0.527326 0.971875 0.377907
52 0.493359 0.527035 0.969531 0.388953
57 0.497656 0.523256 0.970312 0.387209
31 0.49375 0.527326 0.971875 0.377907
39 0.497266 0.519186 0.972656 0.398837
10 0.493359 0.527035 0.969531 0.388953
6 0.497656 0.523256 0.970312 0.387209
28 0.493359 0.527035 0.969531 0.388953
54 0.493359 0.526453 0.969531 0.378488
60 0.499219 0.516279 0.970312 0.406977
56 0.499219 0.516279 0.970312 0.406977
1 0.497656 0.523256 0.970312 0.387209
23 0.49375 0.524128 0.96875 0.385465
22 0.492969 0.525 0.970312 0.388372
58 0.49375 0.524128 0.96875 0.385465
69 0.492969 0.525 0.970312 0.388372
59 0.49375 0.524128 0.96875 0.385465
32 0.498828 0.517442 0.971094 0.397674
68 0.49375 0.524128 0.96875 0.385465
52 0.492969 0.526163 0.967188 0.384884
67 0.49375 0.524128 0.96875 0.385465
3 0.5 0.514244 0.971875 0.413372
2 0.5 0.514244 0.971875 0.413372
4 0.5 0.514244 0.971875 0.413372
10 0.492969 0.525 0.970312 0.388372
57 0.5 0.514244 0.971875 0.413372
31 0.492969 0.525 0.970312 0.388372
60 0.5 0.514244 0.971875 0.413372
6 0.5 0.514244 0.971875 0.413372
5 0.492969 0.525 0.970312 0.388372
39 0.492969 0.525 0.970312 0.388372
54 0.492969 0.525 0.970312 0.388372
56 0.5 0.514244 0.971875 0.413372
23 0.338281 0.522093 0.63125 0.39186
7 0.5 0.514244 0.971875 0.413372
23 0.513281 0.453561 0.876562 0.527762
28 0.5 0.514244 0.971875 0.413372
23 0.496094 0.519767 0.970312 0.386046
58 0.496094 0.519767 0.970312 0.386046
59 0.495313 0.522674 0.967188 0.387209
22 0.496094 0.519767 0.970312 0.386046
69 0.496094 0.519767 0.970312 0.386046
68 0.496094 0.519767 0.970312 0.386046
32 0.496094 0.519767 0.970312 0.386046
3 0.499609 0.512209 0.972656 0.39186
4 0.499609 0.512209 0.972656 0.39186
52 0.492969 0.518605 0.971875 0.393023
2 0.499609 0.512209 0.972656 0.39186
5 0.496094 0.519767 0.970312 0.386046
57 0.499609 0.512209 0.972656 0.39186
10 0.494922 0.521512 0.966406 0.394186
67 0.494922 0.521512 0.966406 0.394186
31 0.496094 0.519767 0.970312 0.386046
7 0.499609 0.512209 0.972656 0.39186
6 0.497656 0.516279 0.973437 0.393023
56 0.499609 0.512209 0.972656 0.39186
23 0.353125 0.519767 0.654688 0.40814
39 0.496094 0.519767 0.970312 0.386046
54 0.496094 0.519767 0.970312 0.386046
28 0.496094 0.519767 0.970312 0.386046
23 0.498437 0.525291 0.965625 0.38314
58 0.498437 0.525291 0.965625 0.38314
22 0.498437 0.525291 0.965625 0.38314
59 0.498437 0.525291 0.960938 0.386628
69 0.499219 0.519186 0.96875 0.39186
68 0.498437 0.525291 0.965625 0.38314
32 0.498437 0.525291 0.965625 0.38314
52 0.498437 0.525581 0.959375 0.384884
67 0.498437 0.525581 0.959375 0.384884
3 0.5 0.517442 0.96875 0.398837
5 0.498437 0.525291 0.965625 0.38314
23 0.359375 0.507267 0.667969 0.363372
4 0.498437 0.525291 0.965625 0.38314
57 0.5 0.517442 0.96875 0.398837
31 0.498437 0.525291 0.965625 0.38314
10 0.498437 0.525291 0.965625 0.38314
2 0.5 0.517442 0.96875 0.398837
54 0.498437 0.525291 0.965625 0.38314
60 0.5 0.517442 0.96875 0.398837
6 0.5 0.517442 0.96875 0.398837
56 0.5 0.517442 0.96875 0.398837
39 0.499219 0.519186 0.96875 0.39186
23 0.496875 0.522965 0.965625 0.393605
22 0.5 0.517442 0.973437 0.401163
69 0.5 0.517442 0.973437 0.401163
32 0.5 0.517442 0.973437 0.401163
58 0.498047 0.52093 0.966406 0.395349
39 0.5 0.517442 0.973437 0.401163
7 0.500781 0.514535 0.973437 0.404651
68 0.498047 0.52093 0.966406 0.395349
2 0.500781 0.514535 0.973437 0.404651
59 0.496875 0.522965 0.965625 0.393605
60 0.500781 0.514535 0.973437 0.404651
6 0.500781 0.514535 0.973437 0.404651
67 0.498047 0.52093 0.966406 0.395349
3 0.500781 0.514535 0.973437 0.404651
4 0.500781 0.514535 0.973437 0.404651
52 0.496875 0.521512 0.967188 0.397674
10 0.498047 0.52093 0.966406 0.395349
57 0.500781 0.514535 0.973437 0.404651
5 0.498047 0.52093 0.966406 0.395349
28 0.496875 0.521512 0.967188 0.397674
31 0.498047 0.52093 0.966406 0.395349
54 0.498047 0.52093 0.966406 0.395349
44 0.498047 0.52093 0.966406 0.395349
23 0.362109 0.528488 0.675 0.401163
56 0.500781 0.514535 0.973437 0.404651
33 0.499219 0.520058 0.970312 0.399419
62 0.499219 0.520058 0.970312 0.399419
23 0.495313 0.525 0.96875 0.401163
22 0.501172 0.52093 0.974219 0.402326
58 0.500391 0.523256 0.974219 0.402326
59 0.500391 0.523256 0.974219 0.402326
69 0.501172 0.52093 0.974219 0.402326
32 0.501172 0.52093 0.974219 0.402326
68 0.495703 0.525581 0.971094 0.4
52 0.495703 0.525581 0.971094 0.4
67 0.495703 0.525581 0.971094 0.4
10 0.495703 0.525581 0.971094 0.4
39 0.501172 0.52093 0.974219 0.402326
60 0.499219 0.525291 0.975 0.402907
3 0.495313 0.525 0.96875 0.401163
31 0.495313 0.525 0.96875 0.401163
5 0.495313 0.525 0.96875 0.401163
54 0.495313 0.525 0.96875 0.401163
23 0.499219 0.525 0.964063 0.390698
58 0.500781 0.521512 0.964063 0.394186
22 0.500781 0.521512 0.964063 0.394186
69 0.5 0.519186 0.971875 0.396512
32 0.500781 0.521512 0.964063 0.394186
59 0.499219 0.525 0.964063 0.390698
10 0.500781 0.521512 0.964063 0.394186
68 0.500781 0.521512 0.964063 0.394186
52 0.498437 0.525872 0.965625 0.401744
2 0.5 0.519186 0.971875 0.396512
67 0.498437 0.525872 0.965625 0.401744
39 0.498437 0.518605 0.967188 0.397674
60 0.498437 0.523547 0.971875 0.406395
5 0.500781 0.521512 0.964063 0.394186
3 0.500781 0.521512 0.964063 0.394186
23 0.612402 0.489826 0.700195 0.455233
23 0.348047 0.527907 0.657031 0.405814
57 0.5 0.519186 0.971875 0.396512
6 0.5 0.519186 0.971875 0.396512
33 0.5 0.524128 0.9625 0.402907
31 0.500781 0.521512 0.964063 0.394186
23 0.498047 0.524709 0.966406 0.397093
58 0.498047 0.524709 0.966406 0.397093
22 0.498047 0.524709 0.966406 0.397093
69 0.501562 0.523256 0.967188 0.395349
59 0.5 0.524419 0.971875 0.397674
32 0.501562 0.523256 0.967188 0.395349
52 0.496875 0.525291 0.96875 0.400581
68 0.498047 0.524709 0.966406 0.397093
67 0.496875 0.525291 0.96875 0.400581
10 0.496875 0.525291 0.96875 0.400581
3 0.498047 0.524709 0.966406 0.397093
2 0.503125 0.518605 0.965625 0.402326
39 0.501562 0.523256 0.967188 0.395349
60 0.499609 0.525 0.972656 0.398837
5 0.498047 0.524709 0.966406 0.397093
57 0.5 0.524419 0.971875 0.397674
31 0.498047 0.524709 0.966406 0.397093
54 0.496875 0.525291 0.96875 0.400581
28 0.496875 0.525291 0.96875 0.400581
4 0.498047 0.524709 0.966406 0.397093
23 0.497656 0.525 0.964063 0.405814
22 0.500781 0.521512 0.964063 0.401163
32 0.500781 0.521512 0.964063 0.401163
58 0.495313 0.525581 0.965625 0.401163
59 0.495313 0.525581 0.965625 0.401163
69 0.497656 0.524419 0.967188 0.403488
68 0.495313 0.525581 0.965625 0.401163
3 0.501953 0.520349 0.964844 0.40814
67 0.495313 0.525581 0.965625 0.401163
39 0.500781 0.521512 0.964063 0.401163
2 0.501953 0.520349 0.964844 0.40814
4 0.497656 0.525 0.964063 0.405814
23 0.353516 0.525291 0.660156 0.421512
7 0.501953 0.520349 0.964844 0.40814
52 0.495313 0.525581 0.965625 0.401163
6 0.501953 0.520349 0.964844 0.40814
10 0.495313 0.525581 0.965625 0.401163
60 0.497656 0.524419 0.967188 0.403488
5 0.497656 0.525 0.964063 0.405814
57 0.501953 0.520349 0.964844 0.40814
28 0.495313 0.525581 0.965625 0.401163
31 0.497656 0.525 0.964063 0.405814
23 0.49375 0.522674 0.971875 0.39186
58 0.49375 0.522674 0.971875 0.39186
22 0.501562 0.521221 0.975 0.390116
59 0.498437 0.522093 0.975 0.390698
69 0.501562 0.521221 0.975 0.390116
32 0.501562 0.521221 0.975 0.390116
68 0.498437 0.522093 0.975 0.390698
52 0.492578 0.530523 0.972656 0.391279
67 0.497656 0.52936 0.976562 0.393605
10 0.492578 0.530523 0.972656 0.391279
3 0.49375 0.522674 0.971875 0.39186
57 0.492578 0.530523 0.972656 0.391279
5 0.492578 0.530523 0.972656 0.391279
60 0.503125 0.515116 0.971875 0.396512
31 0.49375 0.522674 0.971875 0.39186
39 0.49375 0.522674 0.971875 0.39186
28 0.492578 0.530523 0.972656 0.391279
23 0.496875 0.529651 0.965625 0.384884
22 0.496875 0.529651 0.965625 0.384884
69 0.497266 0.521802 0.966406 0.388953
58 0.496875 0.529651 0.965625 0.384884
52 0.495313 0.530233 0.967188 0.37907
59 0.496875 0.529651 0.965625 0.384884
68 0.495313 0.530233 0.967188 0.37907
67 0.495313 0.530233 0.967188 0.37907
10 0.495313 0.530233 0.967188 0.37907
32 0.496875 0.529651 0.965625 0.384884
54 0.495313 0.530233 0.967188 0.37907
5 0.496875 0.529651 0.965625 0.384884
39 0.496875 0.529651 0.965625 0.384884
31 0.496875 0.529651 0.965625 0.384884
3 0.496875 0.529651 0.965625 0.384884
4 0.496875 0.529651 0.965625 0.384884
2 0.498437 0.521512 0.965625 0.398837
57 0.498437 0.521512 0.965625 0.398837
60 0.498437 0.521512 0.965625 0.398837
44 0.495313 0.530233 0.967188 0.37907
6 0.498437 0.521512 0.965625 0.398837
28 0.495313 0.530233 0.967188 0.37907
7 0.498437 0.521512 0.965625 0.398837
23 0.498437 0.527326 0.970312 0.374419
22 0.498437 0.527326 0.970312 0.374419
69 0.503906 0.52093 0.975 0.381395
52 0.496094 0.530523 0.970312 0.378488
58 0.498437 0.527326 0.970312 0.374419
59 0.497266 0.527035 0.967969 0.376163
68 0.493359 0.528198 0.974219 0.373837
32 0.498437 0.527326 0.970312 0.374419
67 0.500391 0.52936 0.977344 0.378488
10 0.503906 0.52093 0.975 0.381395
54 0.496094 0.530523 0.970312 0.378488
5 0.496094 0.530523 0.970312 0.378488
31 0.498437 0.527326 0.970312 0.374419
44 0.500391 0.52936 0.977344 0.378488
57 0.503906 0.520058 0.975 0.385465
2 0.503906 0.520058 0.975 0.385465
23 0.341797 0.518605 0.627344 0.383721
6 0.503906 0.520058 0.975 0.385465
60 0.503906 0.520058 0.975 0.385465
23 0.49375 0.519477 0.96875 0.379651
22 0.5 0.517151 0.96875 0.381977
58 0.492969 0.526163 0.96875 0.383721
69 0.5 0.517151 0.96875 0.381977
59 0.492969 0.526163 0.96875 0.383721
32 0.5 0.517151 0.96875 0.381977
52 0.492969 0.526163 0.96875 0.383721
68 0.492969 0.526163 0.96875 0.383721
67 0.492969 0.526163 0.96875 0.383721
39 0.5 0.517151 0.96875 0.381977
10 0.492969 0.526163 0.96875 0.383721
23 0.361328 0.52093 0.671875 0.398837
54 0.5 0.517151 0.96875 0.381977
23 0.510547 0.536628 0.697656 0.37907
23 0.49375 0.516279 0.9625 0.377907
22 0.498437 0.516279 0.965625 0.381395
69 0.498437 0.516279 0.965625 0.381395
58 0.49375 0.516279 0.9625 0.377907
32 0.49375 0.516279 0.9625 0.377907
59 0.495703 0.515698 0.967969 0.380233
52 0.49375 0.522674 0.9625 0.37907
10 0.49375 0.522674 0.9625 0.37907
67 0.49375 0.522674 0.9625 0.37907
68 0.498437 0.511628 0.965625 0.386046
39 0.498437 0.516279 0.965625 0.381395
2 0.49375 0.522674 0.9625 0.37907
60 0.498437 0.511628 0.965625 0.386046
23 0.367188 0.511047 0.682031 0.39186
7 0.498437 0.511628 0.965625 0.386046
33 0.500781 0.519767 0.959375 0.384884
23 0.492969 0.521512 0.970312 0.372093
22 0.497266 0.517733 0.967969 0.380814
59 0.492188 0.521512 0.96875 0.376744
69 0.497266 0.517733 0.967969 0.380814
58 0.492969 0.521512 0.970312 0.372093
32 0.492969 0.521512 0.970312 0.372093
67 0.497266 0.517733 0.967969 0.380814
52 0.492969 0.523837 0.970312 0.376744
68 0.492969 0.523837 0.970312 0.376744
10 0.495313 0.523837 0.970312 0.377907
39 0.492969 0.523837 0.970312 0.376744
23 0.496875 0.522674 0.965625 0.390698
22 0.5 0.518023 0.96875 0.396512
58 0.496875 0.522674 0.965625 0.390698
69 0.5 0.518023 0.96875 0.396512
32 0.496875 0.522674 0.965625 0.390698
59 0.498437 0.521221 0.96875 0.393605
10 0.497656 0.523256 0.970312 0.393023
52 0.495703 0.525291 0.967969 0.390116
67 0.495703 0.525291 0.967969 0.390116
39 0.5 0.518023 0.96875 0.396512
68 0.495703 0.525291 0.967969 0.390116
60 0.497656 0.523256 0.970312 0.393023
33 0.501562 0.52064 0.9625 0.393605
23 0.335156 0.519186 0.610937 0.398837
44 0.495703 0.525291 0.967969 0.390116
23 0.498437 0.524419 0.964063 0.39186
22 0.5 0.52064 0.965625 0.393605
58 0.498437 0.524419 0.964063 0.39186
59 0.498437 0.523837 0.96875 0.39186
52 0.496875 0.527326 0.965625 0.394186
69 0.5 0.52064 0.965625 0.393605
32 0.5 0.52064 0.965625 0.393605
68 0.498437 0.523837 0.96875 0.39186
10 0.496875 0.527326 0.965625 0.394186
67 0.496875 0.527326 0.965625 0.394186
23 0.494531 0.522965 0.965625 0.392442
58 0.494531 0.52093 0.970312 0.388372
59 0.49375 0.522093 0.965625 0.387209
22 0.494531 0.522965 0.965625 0.392442
32 0.494531 0.52093 0.970312 0.388372
69 0.492969 0.524709 0.96875 0.391279
52 0.492969 0.524709 0.96875 0.391279
68 0.495313 0.520349 0.96875 0.394186
10 0.492969 0.524709 0.96875 0.391279
67 0.492969 0.524709 0.96875 0.391279
4 0.495313 0.520349 0.96875 0.394186
39 0.492969 0.524709 0.96875 0.391279
5 0.492969 0.524709 0.96875 0.391279
23 0.49375 0.520349 0.964063 0.37907
22 0.501562 0.517151 0.96875 0.380814
69 0.501562 0.517151 0.96875 0.380814
32 0.49375 0.520349 0.964063 0.37907
59 0.49375 0.520349 0.964063 0.37907
58 0.49375 0.520349 0.964063 0.37907
52 0.492969 0.525291 0.964063 0.380814
67 0.501562 0.511047 0.970312 0.383721
10 0.492969 0.525291 0.964063 0.380814
68 0.49375 0.520349 0.964063 0.37907
2 0.501562 0.511047 0.970312 0.383721
39 0.492969 0.525291 0.964063 0.380814
54 0.492969 0.524128 0.964063 0.379651
5 0.492969 0.525291 0.964063 0.380814
23 0.496875 0.514826 0.96875 0.39593
22 0.503125 0.513372 0.975 0.39186
58 0.502344 0.507558 0.975 0.396512
69 0.503125 0.513372 0.975 0.39186
59 0.503125 0.513372 0.975 0.39186
32 0.503125 0.513372 0.975 0.39186
52 0.497266 0.521512 0.971094 0.396512
67 0.502344 0.507558 0.975 0.396512
68 0.502344 0.507558 0.975 0.396512
10 0.497266 0.521512 0.971094 0.396512
23 0.365039 0.52907 0.686328 0.404651
39 0.503125 0.513372 0.975 0.39186
60 0.502344 0.507558 0.975 0.396512
2 0.502344 0.507558 0.975 0.396512
7 0.502344 0.507558 0.975 0.396512
23 0.496875 0.527907 0.965625 0.377907
22 0.500781 0.518314 0.973437 0.388953
69 0.500781 0.518314 0.973437 0.388953
52 0.496094 0.530233 0.967188 0.374419
58 0.496875 0.527907 0.965625 0.377907
67 0.501562 0.514535 0.970312 0.387209
32 0.500781 0.518314 0.973437 0.388953
59 0.501562 0.514535 0.970312 0.387209
10 0.501562 0.514535 0.970312 0.387209
68 0.501562 0.514535 0.970312 0.387209
2 0.501562 0.514535 0.970312 0.387209
60 0.501562 0.514535 0.970312 0.387209
39 0.500781 0.518314 0.973437 0.388953
57 0.501562 0.514535 0.970312 0.387209
3 0.501562 0.514535 0.970312 0.387209
54 0.501562 0.514535 0.970312 0.387209
44 0.501562 0.514535 0.970312 0.387209
6 0.501562 0.514535 0.970312 0.387209
23 0.497656 0.524419 0.960938 0.396512
58 0.498437 0.517151 0.965625 0.406395
22 0.497266 0.518314 0.967969 0.398256
69 0.497266 0.518314 0.967969 0.398256
59 0.497656 0.524419 0.960938 0.396512
32 0.497266 0.518314 0.967969 0.398256
52 0.496094 0.523837 0.964063 0.396512
68 0.498437 0.517151 0.965625 0.406395
67 0.497266 0.521802 0.971094 0.399419
10 0.497266 0.521802 0.971094 0.399419
3 0.498437 0.517151 0.965625 0.406395
2 0.498437 0.517151 0.965625 0.406395
57 0.498437 0.517151 0.965625 0.406395
5 0.496094 0.523837 0.964063 0.396512
39 0.498437 0.517151 0.965625 0.406395
23 0.496094 0.52936 0.965625 0.388953
22 0.496875 0.523547 0.965625 0.385465
69 0.497266 0.523837 0.967969 0.387209
58 0.496094 0.52936 0.965625 0.388953
10 0.496094 0.52936 0.965625 0.388953
32 0.496875 0.523547 0.965625 0.385465
59 0.496094 0.52936 0.965625 0.388953
52 0.496094 0.52936 0.965625 0.388953
67 0.496094 0.52936 0.965625 0.388953
60 0.5 0.523256 0.959375 0.394186
68 0.496094 0.52936 0.965625 0.388953
39 0.498437 0.524419 0.9625 0.39186
2 0.5 0.523256 0.959375 0.394186
23 0.496484 0.522093 0.963281 0.389535
22 0.496484 0.522093 0.963281 0.389535
58 0.5 0.52093 0.96875 0.390698
69 0.5 0.52093 0.96875 0.390698
59 0.496484 0.522093 0.963281 0.389535
32 0.499609 0.518023 0.969531 0.4
52 0.496094 0.523837 0.964063 0.396512
10 0.496094 0.523837 0.964063 0.396512
67 0.496094 0.523837 0.964063 0.396512
68 0.499219 0.518895 0.96875 0.399419
2 0.499219 0.518895 0.96875 0.399419
23 0.495313 0.522674 0.964063 0.387209
58 0.498828 0.522674 0.967969 0.387209
22 0.495313 0.522674 0.964063 0.387209
59 0.495313 0.522674 0.964063 0.387209
69 0.498828 0.515698 0.967969 0.4
52 0.494531 0.524419 0.967188 0.390698
32 0.498437 0.518023 0.971875 0.394186
67 0.498437 0.518023 0.971875 0.394186
68 0.498828 0.522674 0.967969 0.387209
10 0.494531 0.524419 0.967188 0.390698
23 0.497656 0.521221 0.967188 0.397093
58 0.499219 0.524419 0.957812 0.393023
69 0.496484 0.519477 0.966406 0.398256
22 0.496484 0.519477 0.966406 0.398256
67 0.497656 0.524709 0.9625 0.391279
32 0.496484 0.519477 0.966406 0.398256
59 0.499609 0.521221 0.955469 0.391279
52 0.499219 0.524419 0.957812 0.393023
68 0.496484 0.519477 0.966406 0.398256
10 0.499219 0.524419 0.957812 0.393023
57 0.497656 0.514244 0.964063 0.408721
60 0.497656 0.514244 0.964063 0.408721
23 0.498047 0.523256 0.969531 0.393023
58 0.500781 0.523837 0.967188 0.394186
22 0.500391 0.524128 0.958594 0.391279
59 0.497656 0.529651 0.960938 0.389535
32 0.5 0.519477 0.96875 0.388953
69 0.500781 0.523837 0.967188 0.394186
68 0.500781 0.523837 0.967188 0.394186
52 0.497656 0.529651 0.960938 0.389535
10 0.497656 0.529651 0.960938 0.389535
67 0.497656 0.529651 0.960938 0.389535
23 0.499219 0.530814 0.957812 0.386046
22 0.499219 0.530814 0.957812 0.386046
58 0.5 0.524419 0.967188 0.388372
32 0.5 0.524419 0.967188 0.388372
59 0.497656 0.52936 0.959375 0.385465
69 0.5 0.524419 0.967188 0.388372
10 0.5 0.527907 0.965625 0.387209
52 0.497656 0.52936 0.959375 0.385465
39 0.5 0.524419 0.967188 0.388372
67 0.5 0.527907 0.965625 0.387209
23 0.502344 0.528488 0.95625 0.384884
22 0.5 0.524419 0.96875 0.394186
69 0.5 0.524419 0.96875 0.394186
59 0.502344 0.528198 0.965625 0.386628
32 0.5 0.524419 0.96875 0.394186
58 0.5 0.524419 0.96875 0.394186
52 0.500781 0.52064 0.96875 0.39593
67 0.500781 0.52064 0.96875 0.39593
10 0.500781 0.52064 0.96875 0.39593
23 0.450781 0.457631 0.839063 0.519622
39 0.5 0.524419 0.96875 0.394186
68 0.500781 0.52064 0.96875 0.39593
23 0.36582 0.515988 0.670703 0.414535
23 0.502344 0.526744 0.960938 0.390698
22 0.499219 0.521802 0.970312 0.39593
69 0.499219 0.521802 0.970312 0.39593
52 0.498437 0.528198 0.964063 0.387791
59 0.498437 0.528198 0.964063 0.387791
58 0.498437 0.528198 0.964063 0.387791
32 0.499219 0.521802 0.970312 0.39593
10 0.5 0.52093 0.96875 0.403488
67 0.499219 0.521802 0.970312 0.39593
68 0.498437 0.528198 0.964063 0.387791
39 0.499219 0.521802 0.970312 0.39593
23 0.500781 0.528198 0.959375 0.386628
22 0.500781 0.528198 0.959375 0.386628
69 0.498828 0.525 0.964844 0.39186
59 0.500781 0.526163 0.970312 0.390698
10 0.5 0.522093 0.965625 0.402326
32 0.498828 0.525 0.964844 0.39186
23 0.362109 0.532558 0.666406 0.388372
52 0.498047 0.530233 0.960156 0.383721
67 0.5 0.522093 0.965625 0.402326
58 0.498047 0.530233 0.960156 0.383721
39 0.498828 0.525 0.964844 0.39186
68 0.500781 0.527616 0.964063 0.390116
2 0.5 0.522093 0.965625 0.402326
7 0.5 0.522093 0.965625 0.402326
54 0.5 0.522093 0.965625 0.402326
23 0.498047 0.525291 0.967969 0.393605
22 0.498437 0.523837 0.9625 0.393023
69 0.498437 0.523837 0.9625 0.393023
58 0.496094 0.530814 0.9625 0.384884
10 0.496875 0.530814 0.965625 0.384884
32 0.498437 0.523837 0.9625 0.393023
59 0.498047 0.525291 0.967969 0.393605
39 0.498437 0.523837 0.9625 0.393023
67 0.498437 0.523837 0.9625 0.393023
52 0.496094 0.530814 0.9625 0.384884
23 0.433984 0.471512 0.797656 0.489535
2 0.498437 0.523837 0.9625 0.393023
23 0.496875 0.524419 0.964063 0.393023
22 0.496875 0.524419 0.964063 0.393023
69 0.500391 0.52093 0.969531 0.402326
10 0.499219 0.525 0.96875 0.396512
58 0.495703 0.526744 0.966406 0.393023
32 0.500391 0.52093 0.969531 0.402326
52 0.495703 0.526744 0.966406 0.393023
59 0.498437 0.522965 0.965625 0.399419
67 0.499219 0.525 0.96875 0.396512
39 0.500391 0.52093 0.969531 0.402326
23 0.496094 0.522384 0.967188 0.398256
22 0.495313 0.524419 0.965625 0.393023
69 0.499609 0.52064 0.969531 0.398256
58 0.494531 0.527326 0.967188 0.394186
59 0.499609 0.52064 0.969531 0.398256
32 0.499609 0.52064 0.969531 0.398256
67 0.497266 0.527616 0.971094 0.393605
52 0.494531 0.527326 0.967188 0.394186
68 0.499609 0.52064 0.969531 0.398256
10 0.494531 0.527326 0.967188 0.394186
39 0.494531 0.527326 0.967188 0.394186
54 0.500391 0.519186 0.967969 0.40814
23 0.497656 0.530814 0.959375 0.37907
22 0.499219 0.522093 0.967188 0.398837
69 0.499219 0.522093 0.967188 0.398837
10 0.499219 0.522093 0.967188 0.398837
58 0.496875 0.527616 0.964063 0.386628
32 0.498437 0.522093 0.967188 0.39186
59 0.496875 0.527616 0.964063 0.386628
52 0.499219 0.522093 0.967188 0.398837
68 0.499219 0.522093 0.967188 0.398837
39 0.498437 0.522093 0.967188 0.39186
67 0.499219 0.522093 0.967188 0.398837
23 0.497656 0.52064 0.960938 0.381977
22 0.498828 0.517442 0.967969 0.389535
58 0.495313 0.522674 0.967188 0.387209
59 0.495313 0.522674 0.967188 0.387209
32 0.498828 0.517442 0.967969 0.389535
69 0.498828 0.517442 0.967969 0.389535
10 0.497266 0.521512 0.967969 0.387209
52 0.495313 0.522674 0.967188 0.387209
39 0.495313 0.522674 0.967188 0.387209
67 0.497266 0.521512 0.967969 0.387209
23 0.498437 0.521802 0.964063 0.38314
22 0.501172 0.515116 0.969531 0.394186
58 0.496094 0.523256 0.967188 0.388372
59 0.496094 0.523256 0.967188 0.388372
69 0.501172 0.515116 0.969531 0.394186
32 0.500781 0.51657 0.970312 0.390116
10 0.498437 0.522384 0.971875 0.386628
52 0.496094 0.523256 0.967188 0.388372
67 0.498437 0.522384 0.971875 0.386628
39 0.501172 0.515116 0.969531 0.394186
23 0.496875 0.523547 0.96875 0.381977
22 0.496875 0.523547 0.96875 0.381977
69 0.504687 0.518605 0.971875 0.384884
52 0.500781 0.52064 0.975 0.38314
59 0.496094 0.522674 0.96875 0.384884
58 0.496094 0.522674 0.96875 0.384884
10 0.500781 0.52064 0.975 0.38314
32 0.504687 0.51657 0.971875 0.384302
67 0.504687 0.51657 0.971875 0.384302
68 0.500781 0.52064 0.975 0.38314
23 0.501172 0.527326 0.966406 0.382558
22 0.501172 0.527326 0.966406 0.382558
69 0.502344 0.519767 0.970312 0.4
10 0.502344 0.519767 0.970312 0.4
52 0.5 0.527326 0.96875 0.390698
58 0.5 0.527326 0.96875 0.390698
67 0.502344 0.519767 0.970312 0.4
59 0.5 0.527326 0.96875 0.390698
32 0.501562 0.521221 0.971875 0.393605
23 0.5 0.526744 0.960938 0.381395
22 0.498437 0.528488 0.964063 0.387209
69 0.499219 0.525291 0.967188 0.391279
10 0.499219 0.527907 0.96875 0.388372
52 0.498437 0.528488 0.964063 0.387209
32 0.498437 0.528488 0.964063 0.387209
58 0.498437 0.528488 0.964063 0.387209
23 0.499609 0.527616 0.960156 0.381977
22 0.5 0.525872 0.9625 0.390116
69 0.500781 0.526163 0.964063 0.393023
10 0.500781 0.526163 0.964063 0.393023
32 0.5 0.525872 0.9625 0.390116
59 0.498437 0.52907 0.964063 0.388372
58 0.498437 0.52907 0.964063 0.388372
39 0.500781 0.526163 0.964063 0.393023
23 0.496094 0.525581 0.964063 0.39186
22 0.496094 0.525581 0.964063 0.39186
69 0.500781 0.522093 0.964063 0.397674
10 0.498047 0.523837 0.971094 0.4
52 0.496484 0.526163 0.966406 0.396512
39 0.500781 0.522093 0.964063 0.397674
32 0.500781 0.522093 0.964063 0.397674
23 0.496875 0.523837 0.9625 0.395349
22 0.496875 0.523837 0.9625 0.395349
69 0.500781 0.518605 0.965625 0.395349
10 0.497266 0.523547 0.971094 0.394767
39 0.500781 0.518605 0.965625 0.395349
32 0.500781 0.518605 0.965625 0.395349
58 0.500781 0.518605 0.965625 0.395349
23 0.499609 0.525 0.960156 0.389535
22 0.499609 0.525 0.960156 0.389535
69 0.502344 0.522093 0.960938 0.397674
10 0.498437 0.524419 0.96875 0.395349
32 0.500781 0.521221 0.964063 0.39593
52 0.498437 0.524419 0.96875 0.395349
23 0.497656 0.523837 0.967188 0.389535
22 0.495703 0.524419 0.967969 0.395349
69 0.497656 0.524419 0.973437 0.394186
10 0.497656 0.524419 0.973437 0.394186
32 0.501562 0.52093 0.967188 0.396512
39 0.495703 0.524419 0.967969 0.395349
58 0.498437 0.523547 0.971875 0.387791
23 0.450781 0.47907 0.789062 0.476744
23 0.497656 0.524128 0.964063 0.388953
22 0.501562 0.522093 0.965625 0.393023
69 0.502344 0.518023 0.9625 0.398837
10 0.502344 0.518023 0.9625 0.398837
52 0.496875 0.525 0.967188 0.393023
58 0.502344 0.518023 0.9625 0.398837
32 0.501562 0.522093 0.965625 0.393023
39 0.501562 0.522093 0.965625 0.393023
22 0.497656 0.527907 0.973437 0.39186
23 0.49375 0.524709 0.971875 0.399419
69 0.500781 0.523837 0.970312 0.39186
10 0.496875 0.525581 0.975 0.393023
32 0.500781 0.523837 0.970312 0.39186
39 0.500781 0.523837 0.970312 0.39186
52 0.49375 0.525291 0.971875 0.393605
67 0.496875 0.525581 0.975 0.393023
59 0.49375 0.524709 0.971875 0.399419
60 0.501562 0.523256 0.965625 0.4
23 0.495313 0.525 0.971875 0.396512
22 0.495313 0.527907 0.96875 0.395349
32 0.501172 0.522384 0.969531 0.397093
69 0.499219 0.526163 0.975 0.4
58 0.502344 0.522965 0.967188 0.406395
10 0.499219 0.526163 0.975 0.4
39 0.495313 0.527907 0.96875 0.395349
59 0.502344 0.522965 0.967188 0.406395
7 0.502344 0.522965 0.967188 0.406395
23 0.497656 0.528488 0.964063 0.39186
22 0.500781 0.524419 0.967188 0.395349
10 0.499219 0.527616 0.975 0.394767
69 0.502344 0.523837 0.964063 0.403488
32 0.500781 0.524419 0.967188 0.395349
39 0.500781 0.524419 0.967188 0.395349
52 0.496094 0.52907 0.967188 0.390698
23 0.497656 0.527907 0.964063 0.390698
22 0.497656 0.527907 0.964063 0.390698
69 0.503125 0.525 0.96875 0.394186
32 0.503125 0.525 0.96875 0.394186
10 0.5 0.527326 0.978125 0.393023
39 0.503125 0.525 0.96875 0.394186
58 0.503125 0.525 0.96875 0.394186
2 0.496875 0.528198 0.96875 0.390116
59 0.496875 0.528198 0.96875 0.390116
52 0.496875 0.528198 0.96875 0.390116
23 0.5 0.530814 0.959375 0.386046
22 0.5 0.523837 0.965625 0.390698
69 0.498437 0.526163 0.971875 0.390698
10 0.498437 0.526163 0.971875 0.390698
32 0.5 0.523837 0.965625 0.390698
39 0.5 0.523837 0.965625 0.390698
52 0.498437 0.528198 0.965625 0.385465
23 0.5 0.528488 0.9625 0.388372
22 0.5 0.528488 0.9625 0.388372
10 0.5 0.525581 0.975 0.395349
69 0.503125 0.523547 0.965625 0.398256
58 0.503125 0.523547 0.965625 0.398256
32 0.501953 0.522674 0.967969 0.393023
39 0.497656 0.527035 0.967188 0.391279
59 0.503125 0.523547 0.965625 0.398256
23 0.498437 0.523837 0.960938 0.390698
22 0.497656 0.523256 0.964063 0.390698
10 0.499219 0.52093 0.971875 0.394186
69 0.499219 0.52093 0.971875 0.394186
52 0.499219 0.52093 0.971875 0.394186
32 0.500781 0.517442 0.964063 0.395349
39 0.497656 0.523256 0.964063 0.390698
23 0.498828 0.526163 0.964844 0.39186
22 0.498828 0.526163 0.964844 0.39186
32 0.502344 0.522674 0.967188 0.397674
69 0.502344 0.522674 0.967188 0.397674
58 0.502344 0.522674 0.967188 0.397674
59 0.502344 0.522674 0.967188 0.397674
10 0.497656 0.525291 0.967188 0.392442
39 0.497656 0.525291 0.967188 0.392442
23 0.498437 0.524419 0.965625 0.375581
22 0.501562 0.520349 0.965625 0.382558
69 0.501562 0.520349 0.965625 0.382558
10 0.501562 0.520349 0.965625 0.382558
39 0.497656 0.527035 0.965625 0.378488
32 0.501562 0.520349 0.965625 0.382558
23 0.499219 0.526453 0.959375 0.38314
22 0.498047 0.526744 0.961719 0.384884
10 0.499609 0.524419 0.969531 0.389535
69 0.499609 0.524419 0.969531 0.389535
58 0.500781 0.519767 0.964063 0.395349
52 0.498047 0.526744 0.961719 0.384884
32 0.500781 0.52064 0.964063 0.392442
59 0.500781 0.519767 0.964063 0.395349
23 0.502734 0.524128 0.972656 0.386628
22 0.504687 0.519477 0.96875 0.39593
58 0.504687 0.519477 0.96875 0.39593
69 0.504687 0.519477 0.96875 0.39593
32 0.503906 0.519186 0.970312 0.389535
59 0.504687 0.519477 0.96875 0.39593
39 0.5 0.52093 0.965625 0.39186
23 0.502344 0.528488 0.960938 0.386046
22 0.503906 0.523837 0.967188 0.393023
69 0.503906 0.523837 0.967188 0.393023
10 0.503906 0.523837 0.967188 0.393023
39 0.500391 0.528488 0.964844 0.384884
59 0.500391 0.528488 0.964844 0.384884
58 0.500391 0.528488 0.964844 0.384884
23 0.499219 0.524128 0.970312 0.387791
22 0.501562 0.518023 0.971875 0.394186
69 0.501562 0.518023 0.971875 0.394186
59 0.497266 0.52093 0.974219 0.393023
10 0.501562 0.518023 0.971875 0.394186
32 0.500781 0.520349 0.973437 0.39186
23 0.501562 0.522674 0.9625 0.39186
22 0.501562 0.518314 0.9625 0.400581
10 0.501562 0.518314 0.9625 0.400581
69 0.501562 0.518314 0.9625 0.400581
58 0.501562 0.518314 0.9625 0.400581
23 0.500391 0.526453 0.964844 0.388953
22 0.502344 0.519767 0.964063 0.398837
69 0.502344 0.519767 0.964063 0.398837
10 0.502344 0.519767 0.964063 0.398837
39 0.502344 0.519767 0.964063 0.398837
23 0.499609 0.52936 0.961719 0.385465
22 0.500781 0.524709 0.964063 0.394767
69 0.500781 0.524709 0.964063 0.394767
32 0.500391 0.523256 0.966406 0.388372
39 0.500781 0.524709 0.964063 0.394767
10 0.500781 0.524709 0.964063 0.394767
67 0.500781 0.524709 0.964063 0.394767
23 0.497656 0.528779 0.964063 0.388953
22 0.497656 0.528779 0.964063 0.388953
69 0.500781 0.523837 0.96875 0.401163
10 0.500781 0.523837 0.96875 0.401163
23 0.497266 0.523256 0.969531 0.39186
22 0.501562 0.520349 0.96875 0.389535
69 0.501562 0.520349 0.96875 0.389535
10 0.497656 0.527907 0.965625 0.384884
52 0.497656 0.527907 0.965625 0.384884
32 0.501562 0.520349 0.96875 0.389535
23 0.499609 0.524419 0.967969 0.387209
22 0.499609 0.524419 0.967969 0.387209
10 0.501172 0.524128 0.977344 0.388953
69 0.503906 0.521512 0.970312 0.393023
58 0.499219 0.526744 0.970312 0.386046
23 0.499219 0.527326 0.960938 0.384884
22 0.503906 0.522674 0.967188 0.396512
69 0.503906 0.522674 0.967188 0.396512
10 0.503906 0.522674 0.967188 0.396512
23 0.497656 0.526453 0.965625 0.393605
22 0.503125 0.522965 0.96875 0.402907
69 0.499609 0.523547 0.975781 0.393605
10 0.499609 0.523547 0.975781 0.393605
32 0.502344 0.521512 0.970312 0.396512
39 0.497656 0.525581 0.967188 0.390698
23 0.500781 0.522093 0.964063 0.383721
22 0.502344 0.520058 0.96875 0.387791
69 0.502344 0.520058 0.96875 0.387791
10 0.502344 0.520058 0.96875 0.387791
23 0.498828 0.526163 0.964844 0.39186
22 0.503125 0.523256 0.96875 0.401163
69 0.503125 0.523256 0.96875 0.401163
10 0.503125 0.523256 0.96875 0.401163
32 0.503125 0.523256 0.96875 0.401163
23 0.496875 0.527907 0.965625 0.394186
22 0.501562 0.523547 0.965625 0.40407
69 0.501562 0.523547 0.965625 0.40407
10 0.501562 0.523547 0.965625 0.40407
39 0.497266 0.529651 0.967969 0.390698
23 0.5 0.526163 0.9625 0.387209
22 0.502344 0.52093 0.967188 0.397674
69 0.502344 0.52093 0.967188 0.397674
10 0.502344 0.52093 0.967188 0.397674
39 0.502344 0.52093 0.967188 0.397674
23 0.500781 0.526744 0.964063 0.388372
22 0.503516 0.522674 0.967969 0.397674
69 0.503516 0.522674 0.967969 0.397674
10 0.503516 0.522674 0.967969 0.397674
23 0.5 0.523547 0.967188 0.388953
22 0.5 0.523547 0.967188 0.388953
10 0.502344 0.522093 0.976562 0.39186
58 0.502734 0.520058 0.971094 0.392442
69 0.502734 0.520058 0.971094 0.392442
39 0.500391 0.524128 0.967969 0.388953
23 0.5 0.526163 0.9625 0.384884
22 0.502344 0.522093 0.965625 0.393023
69 0.502344 0.522093 0.965625 0.393023
10 0.502344 0.522093 0.965625 0.393023
23 0.5 0.525872 0.9625 0.387791
22 0.503125 0.521512 0.965625 0.396512
10 0.500391 0.523256 0.974219 0.393023
58 0.503125 0.521512 0.965625 0.396512
23 0.500781 0.522674 0.964063 0.389535
22 0.500781 0.522674 0.964063 0.389535
10 0.500781 0.522384 0.973437 0.393605
69 0.502734 0.520349 0.966406 0.396512
39 0.5 0.524419 0.967188 0.390698
23 0.499609 0.523256 0.966406 0.393023
22 0.499609 0.523256 0.966406 0.393023
10 0.501562 0.522384 0.975 0.398256
69 0.503516 0.520349 0.967969 0.401163
23 0.5 0.522384 0.965625 0.398256
22 0.5 0.521512 0.975 0.398837
23 0.500781 0.523547 0.960938 0.391279
22 0.499219 0.524419 0.964063 0.39186
10 0.502344 0.52093 0.965625 0.4
58 0.502344 0.52093 0.965625 0.4
23 0.505469 0.537209 0.698438 0.401163
23 0.500391 0.523837 0.961719 0.390698
22 0.500391 0.523837 0.961719 0.390698
69 0.502734 0.521802 0.964844 0.398256
10 0.502734 0.521802 0.964844 0.398256
23 0.498047 0.524419 0.963281 0.388372
22 0.501562 0.522674 0.965625 0.395349
69 0.501562 0.522674 0.965625 0.395349
10 0.498437 0.524709 0.973437 0.388953
23 0.498437 0.526453 0.9625 0.390116
22 0.496875 0.527616 0.965625 0.387791
10 0.498437 0.525872 0.973437 0.391279
69 0.500781 0.523256 0.964063 0.4
23 0.498437 0.524419 0.964063 0.39186
22 0.501953 0.522674 0.964844 0.397674
10 0.501953 0.522674 0.964844 0.397674
69 0.501953 0.522674 0.964844 0.397674
58 0.501953 0.522674 0.964844 0.397674
23 0.497656 0.524128 0.964063 0.392442
22 0.502344 0.522384 0.967188 0.397093
10 0.502344 0.522384 0.967188 0.397093
69 0.502344 0.522384 0.967188 0.397093
23 0.498047 0.523837 0.961719 0.39186
22 0.502344 0.52064 0.964063 0.400581
69 0.502344 0.52064 0.964063 0.400581
10 0.502344 0.52064 0.964063 0.400581
58 0.502344 0.52064 0.964063 0.400581
23 0.499219 0.524709 0.960938 0.392442
22 0.501562 0.522384 0.965625 0.398256
69 0.501562 0.522384 0.965625 0.398256
10 0.501562 0.522384 0.965625 0.398256
58 0.501562 0.522384 0.965625 0.398256
23 0.498437 0.524419 0.964063 0.39186
22 0.498437 0.524419 0.964063 0.39186
69 0.501562 0.523547 0.965625 0.397093
10 0.501562 0.523547 0.965625 0.397093
58 0.501562 0.523547 0.965625 0.397093
67 0.501562 0.523547 0.965625 0.397093
23 0.497656 0.525581 0.964063 0.393023
22 0.497656 0.525581 0.964063 0.393023
69 0.502734 0.523256 0.964844 0.402326
10 0.498828 0.524709 0.974219 0.390116
58 0.502734 0.523256 0.964844 0.402326
59 0.502734 0.523256 0.964844 0.402326
52 0.497656 0.526744 0.967188 0.388372
23 0.499219 0.525581 0.964063 0.39186
22 0.501562 0.522674 0.96875 0.4
69 0.501562 0.522674 0.96875 0.4
10 0.498437 0.523837 0.975 0.39186
58 0.501562 0.522674 0.96875 0.4
67 0.501562 0.522674 0.96875 0.4
23 0.5 0.526744 0.965625 0.394186
22 0.5 0.525581 0.96875 0.393023
69 0.503125 0.523256 0.96875 0.402326
10 0.503125 0.523256 0.96875 0.402326
23 0.498437 0.526744 0.965625 0.389535
22 0.500781 0.524419 0.967188 0.396512
23 0.498047 0.525291 0.966406 0.391279
22 0.501953 0.523256 0.967969 0.397674
69 0.501953 0.523256 0.967969 0.397674
10 0.501953 0.523256 0.967969 0.397674
58 0.501953 0.523256 0.967969 0.397674
23 0.498828 0.526744 0.961719 0.388372
22 0.502344 0.524419 0.965625 0.394186
69 0.502344 0.524419 0.965625 0.394186
10 0.498437 0.526744 0.973437 0.386046
23 0.498828 0.526744 0.964844 0.387209
22 0.502344 0.523837 0.967188 0.394186
69 0.502344 0.523837 0.967188 0.394186
10 0.502344 0.523837 0.967188 0.394186
23 0.499219 0.524419 0.9625 0.390698
22 0.502344 0.521802 0.967188 0.398256
69 0.502344 0.521802 0.967188 0.398256
10 0.502344 0.521802 0.967188 0.398256
23 0.499219 0.523837 0.9625 0.39186
22 0.502344 0.52093 0.967188 0.4
69 0.502344 0.52093 0.967188 0.4
10 0.502344 0.52093 0.967188 0.4
23 0.499609 0.524419 0.960156 0.390698
22 0.501562 0.52064 0.967188 0.398256
69 0.501562 0.52064 0.967188 0.398256
10 0.501562 0.52064 0.967188 0.398256
23 0.499219 0.524419 0.960938 0.390698
22 0.501953 0.52093 0.964844 0.396512
10 0.501953 0.52093 0.964844 0.396512
69 0.501953 0.52093 0.964844 0.396512
23 0.498437 0.524709 0.9625 0.390116
22 0.502734 0.52093 0.964844 0.397674
69 0.502734 0.52093 0.964844 0.397674
10 0.502734 0.52093 0.964844 0.397674
23 0.498437 0.525 0.9625 0.393023
22 0.502344 0.522093 0.965625 0.398837
69 0.502344 0.522093 0.965625 0.398837
10 0.502344 0.522093 0.965625 0.398837
23 0.499219 0.525581 0.9625 0.390698
22 0.502734 0.522384 0.966406 0.39593
69 0.502734 0.522384 0.966406 0.39593
23 0.499219 0.524709 0.9625 0.391279
22 0.501562 0.521512 0.965625 0.396512
69 0.501562 0.521512 0.965625 0.396512
10 0.501562 0.521512 0.965625 0.396512
23 0.498047 0.525291 0.963281 0.390116
22 0.502344 0.522093 0.965625 0.396512
69 0.502344 0.522093 0.965625 0.396512
10 0.502344 0.522093 0.965625 0.396512
23 0.498437 0.525 0.965625 0.389535
22 0.501953 0.522093 0.966406 0.396512
69 0.501953 0.522093 0.966406 0.396512
10 0.501953 0.522093 0.966406 0.396512
23 0.498828 0.525 0.963281 0.389535
22 0.502344 0.522093 0.965625 0.396512
69 0.502344 0.522093 0.965625 0.396512
10 0.502344 0.522093 0.965625 0.396512
23 0.499219 0.524419 0.9625 0.390698
22 0.503125 0.522093 0.965625 0.396512
69 0.503125 0.522093 0.965625 0.396512
10 0.503125 0.522093 0.965625 0.396512
23 0.498828 0.524419 0.961719 0.389535
22 0.502344 0.521802 0.964063 0.39593
10 0.499219 0.524128 0.973437 0.390116
69 0.502344 0.521802 0.964063 0.39593
23 0.5 0.524419 0.9625 0.390698
22 0.502344 0.521512 0.965625 0.396512
10 0.499219 0.524128 0.973437 0.391279
23 0.499219 0.523837 0.9625 0.39186
22 0.502344 0.521221 0.965625 0.397093
10 0.499219 0.523547 0.973437 0.392442
69 0.502344 0.521221 0.965625 0.397093
23 0.5 0.524419 0.9625 0.390698
22 0.501562 0.521802 0.965625 0.39593
69 0.501562 0.521802 0.965625 0.39593
10 0.499219 0.524419 0.973437 0.390698
23 0.5 0.524419 0.9625 0.390698
22 0.501562 0.521802 0.965625 0.39593
10 0.499609 0.523837 0.972656 0.389535
69 0.501562 0.521802 0.965625 0.39593
23 0.5 0.525 0.9625 0.390698
22 0.502344 0.522384 0.965625 0.39593
69 0.502344 0.522384 0.965625 0.39593
10 0.499219 0.524419 0.973437 0.390698
23 0.5 0.524128 0.9625 0.390116
22 0.502344 0.521221 0.967188 0.39593
69 0.502344 0.521221 0.967188 0.39593
10 0.499219 0.523547 0.973437 0.390116
23 0.5 0.524419 0.9625 0.389535
22 0.502734 0.521512 0.966406 0.395349
69 0.502734 0.521512 0.966406 0.395349
10 0.499219 0.523837 0.973437 0.390698
23 0.5 0.524419 0.9625 0.390698
22 0.502344 0.521802 0.965625 0.39593
69 0.502344 0.521802 0.965625 0.39593
10 0.499609 0.524128 0.972656 0.390116
23 0.5 0.524419 0.9625 0.390698
22 0.501562 0.521221 0.965625 0.39593
69 0.501562 0.521221 0.965625 0.39593
10 0.499219 0.523837 0.973437 0.389535
23 0.5 0.524128 0.9625 0.391279
22 0.501562 0.521512 0.965625 0.396512
69 0.501562 0.521512 0.965625 0.396512
10 0.499219 0.523547 0.973437 0.390116
23 0.5 0.524419 0.9625 0.39186
22 0.502344 0.521512 0.965625 0.396512
69 0.502344 0.521512 0.965625 0.396512
10 0.499219 0.523837 0.973437 0.390698
23 0.5 0.524419 0.9625 0.39186
22 0.502344 0.521512 0.965625 0.396512
69 0.502344 0.521512 0.965625 0.396512
10 0.499219 0.523837 0.973437 0.390698
23 0.5 0.524419 0.9625 0.390698
22 0.502344 0.521512 0.965625 0.396512
69 0.502344 0.521512 0.965625 0.396512
10 0.499609 0.524128 0.972656 0.390116
23 0.5 0.524419 0.9625 0.39186
22 0.501953 0.521512 0.964844 0.396512
69 0.501953 0.521512 0.964844 0.396512
10 0.499219 0.523837 0.973437 0.390698
23 0.5 0.524419 0.9625 0.39186
22 0.501953 0.521512 0.964844 0.396512
69 0.501953 0.521512 0.964844 0.396512
10 0.499609 0.523837 0.972656 0.390698
23 0.5 0.524128 0.9625 0.391279
22 0.501562 0.521512 0.965625 0.396512
69 0.501562 0.521512 0.965625 0.396512
10 0.499219 0.523837 0.973437 0.390698
