22 0.495221 0.516129 0.859217 0.504608
2 0.406956 0.551267 0.732677 0.442396
62 0.465149 0.523329 0.864684 0.489055
22 0.372197 0.562068 0.685811 0.41273
72 0.426874 0.543635 0.786574 0.447293
3 0.352279 0.572005 0.641288 0.395161
2 0.495221 0.516129 0.859217 0.504608
3 0.285494 0.603687 0.516311 0.330645
3 0.465149 0.523329 0.864684 0.489055
22 0.621663 0.496472 0.678195 0.541619
72 0.52959 0.517281 0.835783 0.506912
4 0.426874 0.543635 0.786574 0.447293
35 0.465149 0.523329 0.864684 0.489055
22 0.285494 0.603687 0.516311 0.330645
64 0.426874 0.543635 0.786574 0.447293
60 0.352279 0.572005 0.641288 0.395161
62 0.621663 0.496472 0.678195 0.541619
41 0.426874 0.543635 0.786574 0.447293
2 0.631134 0.50576 0.651442 0.541475
4 0.535058 0.510369 0.838908 0.506912
62 0.372197 0.562068 0.685811 0.41273
60 0.465149 0.523329 0.864684 0.489055
52 0.426874 0.543635 0.786574 0.447293
23 0.465149 0.523329 0.864684 0.489055
39 0.495221 0.516129 0.859217 0.504608
57 0.495221 0.516129 0.859217 0.504608
3 0.621663 0.496472 0.678195 0.541619
35 0.352279 0.572005 0.641288 0.395161
41 0.535058 0.510369 0.838908 0.506912
2 0.285494 0.603687 0.516311 0.330645
60 0.285494 0.603687 0.516311 0.330645
31 0.426874 0.543635 0.786574 0.447293
36 0.406956 0.551267 0.732677 0.442396
72 0.285494 0.603687 0.516311 0.330645
10 0.426874 0.543635 0.786574 0.447293
36 0.52959 0.517281 0.835783 0.506912
39 0.621663 0.496472 0.678195 0.541619
44 0.426874 0.543635 0.786574 0.447293
64 0.535058 0.510369 0.838908 0.506912
21 0.535058 0.510369 0.838908 0.506912
52 0.535058 0.510369 0.838908 0.506912
56 0.465149 0.523329 0.864684 0.489055
57 0.621663 0.496472 0.678195 0.541619
33 0.583096 0.508065 0.755329 0.514977
58 0.352279 0.572005 0.641288 0.395161
69 0.50147 0.506336 0.849843 0.513825
5 0.426874 0.543635 0.786574 0.447293
4 0.29682 0.575893 0.540525 0.382777
41 0.285494 0.603687 0.516311 0.330645
58 0.285494 0.603687 0.516311 0.330645
60 0.621663 0.496472 0.678195 0.541619
35 0.285494 0.603687 0.516311 0.330645
45 0.527149 0.536866 0.739121 0.495392
34 0.583096 0.508065 0.755329 0.514977
37 0.426874 0.543635 0.786574 0.447293
36 0.285494 0.603687 0.516311 0.330645
72 0.688154 0.486175 0.573332 0.559908
44 0.52959 0.517281 0.835783 0.506912
22 0.7276 0.482431 0.46632 0.559332
52 0.29682 0.575893 0.540525 0.382777
23 0.352279 0.572005 0.641288 0.395161
33 0.426874 0.543635 0.786574 0.447293
72 0.37415 0.584677 0.596765 0.410138
2 0.736192 0.500576 0.433514 0.56106
10 0.535058 0.510369 0.838908 0.506912
39 0.406956 0.551267 0.732677 0.442396
45 0.631134 0.50576 0.651442 0.541475
35 0.631134 0.50576 0.651442 0.541475
3 0.270653 0.638393 0.453041 0.27621
62 0.285494 0.603687 0.516311 0.330645
69 0.406956 0.551267 0.732677 0.442396
37 0.535058 0.510369 0.838908 0.506912
58 0.465149 0.523329 0.864684 0.489055
57 0.406956 0.551267 0.732677 0.442396
40 0.495221 0.516129 0.859217 0.504608
57 0.7276 0.482431 0.46632 0.559332
49 0.372197 0.562068 0.685811 0.41273
60 0.270653 0.638393 0.453041 0.27621
37 0.29682 0.575893 0.540525 0.382777
46 0.582705 0.513537 0.73424 0.520161
4 0.688154 0.486175 0.573332 0.559908
31 0.29682 0.575893 0.540525 0.382777
2 0.270653 0.638393 0.453041 0.27621
8 0.688154 0.486175 0.573332 0.559908
62 0.731115 0.47055 0.468664 0.538162
23 0.621663 0.496472 0.678195 0.541619
2 0.485067 0.517281 0.932641 0.487327
4 0.485457 0.508065 0.931859 0.504608
3 0.485067 0.517281 0.932641 0.487327
22 0.499127 0.49316 0.926392 0.528658
62 0.499127 0.49316 0.926392 0.528658
10 0.485457 0.508065 0.931859 0.504608
36 0.485067 0.517281 0.932641 0.487327
35 0.485067 0.517281 0.932641 0.487327
52 0.485067 0.517281 0.932641 0.487327
60 0.448355 0.519009 0.842032 0.486175
23 0.485067 0.517281 0.932641 0.487327
33 0.485067 0.517281 0.932641 0.487327
58 0.448355 0.519009 0.842032 0.486175
69 0.485457 0.508065 0.931859 0.504608
44 0.485067 0.517281 0.932641 0.487327
57 0.485067 0.517281 0.932641 0.487327
22 0.371416 0.525346 0.688154 0.47235
2 0.581826 0.468966 0.756306 0.575893
21 0.485457 0.508065 0.931859 0.504608
65 0.445621 0.512673 0.831878 0.498848
5 0.499127 0.49316 0.926392 0.528658
7 0.499127 0.49316 0.926392 0.528658
39 0.497955 0.506336 0.919362 0.50576
8 0.485067 0.517281 0.932641 0.487327
66 0.499127 0.49316 0.926392 0.528658
4 0.371416 0.525346 0.688154 0.47235
2 0.33197 0.537442 0.588173 0.445853
10 0.371416 0.525346 0.688154 0.47235
56 0.485457 0.508065 0.931859 0.504608
36 0.581826 0.468966 0.756306 0.575893
72 0.485067 0.517281 0.932641 0.487327
34 0.499127 0.49316 0.926392 0.528658
32 0.485067 0.517281 0.932641 0.487327
31 0.485067 0.517281 0.932641 0.487327
20 0.499127 0.49316 0.926392 0.528658
3 0.33197 0.537442 0.588173 0.445853
57 0.581826 0.468966 0.756306 0.575893
45 0.51553 0.489703 0.881088 0.541331
3 0.581826 0.468966 0.756306 0.575893
62 0.371416 0.525346 0.688154 0.47235
62 0.661694 0.47091 0.595007 0.5697
8 0.581826 0.468966 0.756306 0.575893
64 0.497955 0.506336 0.919362 0.50576
33 0.581826 0.468966 0.756306 0.575893
58 0.268505 0.540323 0.498736 0.445853
4 0.867028 0.359951 0.193714 0.306596
4 0.862341 0.344974 0.131226 0.277794
60 0.581826 0.468966 0.756306 0.575893
60 0.33197 0.537442 0.588173 0.445853
41 0.445621 0.512673 0.831878 0.498848
4 0.852187 0.310196 0.103106 0.218894
35 0.581826 0.468966 0.756306 0.575893
5 0.371416 0.525346 0.688154 0.47235
52 0.581826 0.468966 0.756306 0.575893
36 0.33197 0.537442 0.588173 0.445853
22 0.268505 0.540323 0.498736 0.445853
69 0.371416 0.525346 0.688154 0.47235
44 0.581826 0.468966 0.756306 0.575893
23 0.33197 0.537442 0.588173 0.445853
4 0.602916 0.461694 0.665698 0.590438
40 0.515921 0.477607 0.892804 0.55746
2 0.672532 0.493016 0.563959 0.5589
52 0.33197 0.537442 0.588173 0.445853
20 0.371416 0.525346 0.688154 0.47235
59 0.485457 0.508065 0.931859 0.504608
30 0.497955 0.506336 0.919362 0.50576
7 0.602916 0.461694 0.665698 0.590438
21 0.371416 0.525346 0.688154 0.47235
7 0.371416 0.525346 0.688154 0.47235
2 0.25425 0.563508 0.453823 0.402938
4 0.812155 0.351382 0.240971 0.292051
66 0.370635 0.516417 0.675657 0.485599
32 0.581826 0.468966 0.756306 0.575893
65 0.525294 0.458237 0.795947 0.59735
29 0.485457 0.508065 0.931859 0.504608
56 0.371416 0.525346 0.688154 0.47235
45 0.415451 0.527362 0.750057 0.46947
58 0.5953 0.483295 0.712173 0.562212
49 0.371416 0.525346 0.688154 0.47235
23 0.5953 0.483295 0.712173 0.562212
4 0.268505 0.540323 0.498736 0.445853
39 0.661694 0.47091 0.595007 0.5697
4 0.102715 0.572005 0.165594 0.27765
3 0.40764 0.482431 0.698504 0.555876
44 0.33197 0.537442 0.588173 0.445853
22 0.661694 0.47091 0.595007 0.5697
2 0.496002 0.502016 0.948263 0.512097
4 0.497565 0.487615 0.948263 0.550115
52 0.494831 0.513537 0.95373 0.492512
58 0.494831 0.513537 0.95373 0.492512
23 0.494831 0.513537 0.95373 0.492512
62 0.497565 0.487615 0.948263 0.550115
3 0.497565 0.487615 0.948263 0.550115
21 0.496002 0.502016 0.948263 0.512097
33 0.496002 0.502016 0.948263 0.512097
8 0.496002 0.502016 0.948263 0.512097
57 0.496002 0.502016 0.948263 0.512097
44 0.494831 0.513537 0.95373 0.492512
10 0.494831 0.513537 0.95373 0.492512
34 0.497565 0.487615 0.948263 0.550115
5 0.496002 0.502016 0.948263 0.512097
36 0.496002 0.502016 0.948263 0.512097
65 0.497565 0.487615 0.948263 0.550115
35 0.496002 0.502016 0.948263 0.512097
60 0.494831 0.513537 0.95373 0.492512
67 0.494831 0.513537 0.95373 0.492512
29 0.494831 0.513537 0.95373 0.492512
20 0.497565 0.487615 0.948263 0.550115
66 0.497565 0.487615 0.948263 0.550115
59 0.494831 0.513537 0.95373 0.492512
39 0.496002 0.502016 0.948263 0.512097
7 0.497565 0.487615 0.948263 0.550115
22 0.497565 0.487615 0.948263 0.550115
32 0.494831 0.513537 0.95373 0.492512
30 0.496002 0.502016 0.948263 0.512097
69 0.496002 0.502016 0.948263 0.512097
56 0.494831 0.513537 0.95373 0.492512
0 0.497565 0.487615 0.948263 0.550115
61 0.496002 0.502016 0.948263 0.512097
2 0.600671 0.47055 0.726429 0.579637
45 0.496002 0.502016 0.948263 0.512097
58 0.611704 0.484519 0.684054 0.560916
6 0.494831 0.513537 0.95373 0.492512
21 0.600671 0.47055 0.726429 0.579637
58 0.342124 0.547091 0.615512 0.426555
5 0.611704 0.484519 0.684054 0.560916
8 0.600671 0.47055 0.726429 0.579637
28 0.497565 0.487615 0.948263 0.550115
31 0.496002 0.502016 0.948263 0.512097
39 0.600671 0.47055 0.726429 0.579637
29 0.600671 0.47055 0.726429 0.579637
59 0.600671 0.47055 0.726429 0.579637
1 0.494831 0.513537 0.95373 0.492512
36 0.600671 0.47055 0.726429 0.579637
52 0.611704 0.484519 0.684054 0.560916
57 0.600671 0.47055 0.726429 0.579637
3 0.422578 0.535138 0.77017 0.448157
44 0.600671 0.47055 0.726429 0.579637
20 0.422578 0.535138 0.77017 0.448157
67 0.611704 0.484519 0.684054 0.560916
45 0.611704 0.484519 0.684054 0.560916
33 0.600671 0.47055 0.726429 0.579637
23 0.611704 0.484519 0.684054 0.560916
72 0.496002 0.502016 0.948263 0.512097
60 0.600671 0.47055 0.726429 0.579637
64 0.496002 0.502016 0.948263 0.512097
10 0.611704 0.484519 0.684054 0.560916
41 0.49405 0.498272 0.949044 0.53341
32 0.600671 0.47055 0.726429 0.579637
60 0.342124 0.547091 0.615512 0.426555
40 0.497565 0.487615 0.948263 0.550115
4 0.422578 0.535138 0.77017 0.448157
10 0.342124 0.547091 0.615512 0.426555
61 0.611704 0.484519 0.684054 0.560916
30 0.600671 0.47055 0.726429 0.579637
35 0.600671 0.47055 0.726429 0.579637
62 0.676438 0.472926 0.565521 0.570277
56 0.600671 0.47055 0.726429 0.579637
34 0.626838 0.464286 0.631915 0.60023
4 0.676438 0.472926 0.565521 0.570277
23 0.342124 0.547091 0.615512 0.426555
58 0.636699 0.517857 0.530957 0.487327
65 0.327283 0.5072 0.574894 0.482143
67 0.342124 0.547091 0.615512 0.426555
5 0.342124 0.547091 0.615512 0.426555
44 0.342124 0.547091 0.615512 0.426555
52 0.342124 0.547091 0.615512 0.426555
66 0.626838 0.464286 0.631915 0.60023
2 0.342124 0.547091 0.615512 0.426555
65 0.422578 0.535138 0.77017 0.448157
61 0.342124 0.547091 0.615512 0.426555
4 0.503032 0.508641 0.96076 0.508065
2 0.503032 0.508641 0.96076 0.508065
20 0.503032 0.508641 0.96076 0.508065
52 0.503032 0.508641 0.96076 0.508065
7 0.503423 0.515841 0.958417 0.506336
66 0.503423 0.515841 0.958417 0.506336
23 0.503032 0.508641 0.96076 0.508065
5 0.503032 0.508641 0.96076 0.508065
36 0.503032 0.508641 0.96076 0.508065
62 0.503032 0.508641 0.96076 0.508065
58 0.503032 0.508641 0.96076 0.508065
65 0.503423 0.515841 0.958417 0.506336
57 0.503032 0.508641 0.96076 0.508065
34 0.503423 0.515841 0.958417 0.506336
10 0.503032 0.508641 0.96076 0.508065
0 0.503423 0.515841 0.958417 0.506336
8 0.503032 0.508641 0.96076 0.508065
28 0.503423 0.515841 0.958417 0.506336
44 0.503032 0.508641 0.96076 0.508065
61 0.503032 0.508641 0.96076 0.508065
3 0.503423 0.515841 0.958417 0.506336
30 0.503032 0.508641 0.96076 0.508065
33 0.503032 0.508641 0.96076 0.508065
1 0.498346 0.519009 0.965447 0.493088
67 0.503032 0.508641 0.96076 0.508065
21 0.503032 0.508641 0.96076 0.508065
35 0.503032 0.508641 0.96076 0.508065
69 0.503032 0.508641 0.96076 0.508065
32 0.503032 0.508641 0.96076 0.508065
29 0.503032 0.508641 0.96076 0.508065
60 0.503032 0.508641 0.96076 0.508065
56 0.498346 0.519009 0.965447 0.493088
59 0.503032 0.508641 0.96076 0.508065
6 0.498346 0.519009 0.965447 0.493088
39 0.503032 0.508641 0.96076 0.508065
22 0.503423 0.515841 0.958417 0.506336
31 0.503032 0.508641 0.96076 0.508065
45 0.503032 0.508641 0.96076 0.508065
54 0.497565 0.497768 0.876401 0.525202
68 0.458509 0.514977 0.874839 0.5
58 0.615121 0.557748 0.605357 0.407546
41 0.496393 0.525346 0.958417 0.486175
72 0.503032 0.508641 0.96076 0.508065
28 0.401391 0.486751 0.668822 0.531106
54 0.340562 0.502592 0.603014 0.49712
20 0.351107 0.520737 0.634258 0.488479
68 0.340562 0.502592 0.603014 0.49712
7 0.594422 0.471198 0.670189 0.576037
4 0.351107 0.520737 0.634258 0.488479
28 0.594422 0.471198 0.670189 0.576037
0 0.594422 0.471198 0.670189 0.576037
1 0.351107 0.520737 0.634258 0.488479
4 0.496783 0.510369 0.97482 0.510369
2 0.497565 0.482071 0.970134 0.563508
66 0.497955 0.487831 0.970915 0.575029
33 0.497565 0.482071 0.970134 0.563508
28 0.497955 0.487831 0.970915 0.575029
52 0.496783 0.510369 0.97482 0.510369
3 0.497955 0.487831 0.970915 0.575029
44 0.496783 0.510369 0.97482 0.510369
10 0.496783 0.510369 0.97482 0.510369
35 0.497565 0.482071 0.970134 0.563508
20 0.497955 0.487831 0.970915 0.575029
61 0.497565 0.482071 0.970134 0.563508
5 0.497565 0.482071 0.970134 0.563508
30 0.497565 0.482071 0.970134 0.563508
0 0.497955 0.487831 0.970915 0.575029
65 0.497955 0.487831 0.970915 0.575029
62 0.497955 0.487831 0.970915 0.575029
7 0.497955 0.487831 0.970915 0.575029
39 0.497565 0.482071 0.970134 0.563508
69 0.497955 0.487831 0.970915 0.575029
36 0.497565 0.482071 0.970134 0.563508
1 0.496783 0.510369 0.97482 0.510369
21 0.497565 0.482071 0.970134 0.563508
67 0.496783 0.510369 0.97482 0.510369
23 0.496783 0.510369 0.97482 0.510369
32 0.497565 0.482071 0.970134 0.563508
45 0.497565 0.482071 0.970134 0.563508
57 0.497565 0.482071 0.970134 0.563508
6 0.497955 0.487831 0.970915 0.575029
8 0.497565 0.482071 0.970134 0.563508
34 0.497955 0.487831 0.970915 0.575029
56 0.496783 0.510369 0.97482 0.510369
22 0.497955 0.487831 0.970915 0.575029
60 0.497955 0.487831 0.970915 0.575029
58 0.497565 0.482071 0.970134 0.563508
29 0.497955 0.487831 0.970915 0.575029
54 0.49444 0.450749 0.927954 0.621544
59 0.496783 0.510369 0.97482 0.510369
31 0.497565 0.482071 0.970134 0.563508
54 0.403441 0.485023 0.703776 0.550691
68 0.468664 0.514977 0.893585 0.497696
4 0.352474 0.525634 0.651052 0.47523
68 0.352474 0.525634 0.651052 0.47523
4 0.596374 0.477031 0.731896 0.581653
28 0.340562 0.512673 0.618636 0.491935
39 0.624494 0.478615 0.663159 0.576181
66 0.340562 0.512673 0.618636 0.491935
10 0.352474 0.525634 0.651052 0.47523
2 0.624494 0.478615 0.663159 0.576181
5 0.624494 0.478615 0.663159 0.576181
0 0.352474 0.525634 0.651052 0.47523
57 0.624494 0.478615 0.663159 0.576181
61 0.352474 0.525634 0.651052 0.47523
58 0.624494 0.478615 0.663159 0.576181
52 0.352474 0.525634 0.651052 0.47523
54 0.620198 0.465438 0.626447 0.610599
41 0.496002 0.519297 0.973258 0.514401
1 0.352474 0.525634 0.651052 0.47523
58 0.352474 0.525634 0.651052 0.47523
21 0.624494 0.478615 0.663159 0.576181
52 0.624494 0.478615 0.663159 0.576181
56 0.352474 0.525634 0.651052 0.47523
44 0.352474 0.525634 0.651052 0.47523
69 0.352474 0.525634 0.651052 0.47523
56 0.596374 0.477031 0.731896 0.581653
45 0.624494 0.478615 0.663159 0.576181
4 0.499127 0.499352 0.970134 0.538162
2 0.499517 0.485311 0.966228 0.559332
30 0.499517 0.485311 0.966228 0.559332
1 0.497565 0.49424 0.973258 0.554147
44 0.499127 0.499352 0.970134 0.538162
36 0.499127 0.499352 0.970134 0.538162
20 0.499127 0.484519 0.968571 0.573589
28 0.499127 0.484519 0.968571 0.573589
45 0.499517 0.485311 0.966228 0.559332
65 0.499127 0.484519 0.968571 0.573589
33 0.499517 0.485311 0.966228 0.559332
66 0.499127 0.484519 0.968571 0.573589
7 0.499127 0.484519 0.968571 0.573589
8 0.499127 0.499352 0.970134 0.538162
21 0.499517 0.485311 0.966228 0.559332
62 0.499127 0.484519 0.968571 0.573589
35 0.499517 0.485311 0.966228 0.559332
39 0.499517 0.485311 0.966228 0.559332
10 0.497565 0.49424 0.973258 0.554147
52 0.499127 0.484519 0.968571 0.573589
3 0.499127 0.484519 0.968571 0.573589
61 0.499127 0.499352 0.970134 0.538162
5 0.499127 0.484519 0.968571 0.573589
6 0.499127 0.484519 0.968571 0.573589
29 0.497565 0.49424 0.973258 0.554147
34 0.499127 0.484519 0.968571 0.573589
54 0.492097 0.468894 0.945138 0.604839
56 0.497565 0.49424 0.973258 0.554147
32 0.499127 0.484519 0.968571 0.573589
0 0.499127 0.484519 0.968571 0.573589
57 0.499517 0.485311 0.966228 0.559332
67 0.499127 0.499352 0.970134 0.538162
69 0.497565 0.49424 0.973258 0.554147
23 0.499127 0.499352 0.970134 0.538162
31 0.499517 0.485311 0.966228 0.559332
59 0.499517 0.485311 0.966228 0.559332
22 0.499127 0.484519 0.968571 0.573589
60 0.497565 0.49424 0.973258 0.554147
58 0.499517 0.485311 0.966228 0.559332
68 0.475303 0.503456 0.902177 0.528802
52 0.446402 0.529378 0.828753 0.46659
20 0.446402 0.529378 0.828753 0.46659
3 0.446402 0.529378 0.828753 0.46659
65 0.446402 0.529378 0.828753 0.46659
32 0.446402 0.529378 0.828753 0.46659
66 0.446402 0.529378 0.828753 0.46659
5 0.446402 0.529378 0.828753 0.46659
54 0.364386 0.502304 0.674094 0.519585
62 0.446402 0.529378 0.828753 0.46659
28 0.364386 0.502304 0.674094 0.519585
22 0.446402 0.529378 0.828753 0.46659
6 0.446402 0.529378 0.828753 0.46659
4 0.353841 0.512097 0.654567 0.501152
54 0.496783 0.37212 0.638945 0.74424
72 0.499127 0.484519 0.968571 0.573589
39 0.609263 0.489703 0.671751 0.552851
1 0.364386 0.502304 0.674094 0.519585
68 0.353841 0.512097 0.654567 0.501152
41 0.492097 0.468894 0.945138 0.604839
4 0.448355 0.552419 0.738926 0.420507
10 0.353841 0.512097 0.654567 0.501152
36 0.448355 0.552419 0.738926 0.420507
2 0.50147 0.471774 0.973258 0.584101
4 0.50147 0.480703 0.977945 0.573157
44 0.497565 0.493016 0.977945 0.547379
65 0.50147 0.480703 0.977945 0.573157
66 0.50147 0.480703 0.977945 0.573157
20 0.50147 0.480703 0.977945 0.573157
30 0.50147 0.471774 0.973258 0.584101
45 0.50147 0.471774 0.973258 0.584101
1 0.50147 0.480703 0.977945 0.573157
8 0.50147 0.480703 0.977945 0.573157
33 0.50147 0.471774 0.973258 0.584101
7 0.50147 0.480703 0.977945 0.573157
5 0.50147 0.480703 0.977945 0.573157
28 0.50147 0.480703 0.977945 0.573157
39 0.50147 0.471774 0.973258 0.584101
35 0.50147 0.471774 0.973258 0.584101
36 0.50147 0.480703 0.977945 0.573157
3 0.50147 0.480703 0.977945 0.573157
6 0.50147 0.480703 0.977945 0.573157
34 0.50147 0.480703 0.977945 0.573157
29 0.50147 0.480703 0.977945 0.573157
54 0.496002 0.493736 0.979507 0.547091
62 0.50147 0.480703 0.977945 0.573157
21 0.50147 0.471774 0.973258 0.584101
61 0.50147 0.480703 0.977945 0.573157
52 0.50147 0.480703 0.977945 0.573157
67 0.50147 0.480703 0.977945 0.573157
0 0.50147 0.480703 0.977945 0.573157
10 0.50147 0.480703 0.977945 0.573157
56 0.50147 0.480703 0.977945 0.573157
32 0.50147 0.480703 0.977945 0.573157
57 0.497565 0.493016 0.977945 0.547379
69 0.50147 0.480703 0.977945 0.573157
22 0.50147 0.480703 0.977945 0.573157
31 0.50147 0.471774 0.973258 0.584101
60 0.50147 0.480703 0.977945 0.573157
23 0.50147 0.480703 0.977945 0.573157
39 0.598425 0.488983 0.723109 0.549683
59 0.50147 0.480703 0.977945 0.573157
54 0.37415 0.50144 0.703776 0.513249
68 0.496002 0.493736 0.979507 0.547091
58 0.50147 0.480703 0.977945 0.573157
45 0.598425 0.488983 0.723109 0.549683
21 0.598425 0.488983 0.723109 0.549683
2 0.598425 0.488983 0.723109 0.549683
28 0.37415 0.50144 0.703776 0.513249
5 0.371806 0.506336 0.699871 0.511521
4 0.371806 0.506336 0.699871 0.511521
44 0.371806 0.506336 0.699871 0.511521
72 0.497565 0.493016 0.977945 0.547379
66 0.37415 0.50144 0.703776 0.513249
66 0.50147 0.495464 0.968571 0.558612
6 0.50147 0.495464 0.968571 0.558612
54 0.498736 0.504896 0.969353 0.537442
20 0.50147 0.495464 0.968571 0.558612
2 0.501079 0.49568 0.966228 0.552419
30 0.50147 0.495464 0.968571 0.558612
29 0.50147 0.495464 0.968571 0.558612
44 0.50147 0.495464 0.968571 0.558612
4 0.50147 0.495464 0.968571 0.558612
8 0.50147 0.495464 0.968571 0.558612
35 0.501079 0.49568 0.966228 0.552419
65 0.50147 0.495464 0.968571 0.558612
33 0.501079 0.49568 0.966228 0.552419
1 0.50147 0.495464 0.968571 0.558612
45 0.501079 0.49568 0.966228 0.552419
7 0.50147 0.495464 0.968571 0.558612
62 0.50147 0.495464 0.968571 0.558612
36 0.50147 0.495464 0.968571 0.558612
28 0.50147 0.495464 0.968571 0.558612
39 0.501079 0.49568 0.966228 0.552419
67 0.50147 0.495464 0.968571 0.558612
61 0.50147 0.495464 0.968571 0.558612
5 0.501079 0.49568 0.966228 0.552419
56 0.50147 0.495464 0.968571 0.558612
57 0.501079 0.49568 0.966228 0.552419
31 0.501079 0.49568 0.966228 0.552419
3 0.50147 0.495464 0.968571 0.558612
21 0.501079 0.49568 0.966228 0.552419
34 0.50147 0.495464 0.968571 0.558612
69 0.50147 0.495464 0.968571 0.558612
0 0.50147 0.495464 0.968571 0.558612
52 0.501079 0.49568 0.966228 0.552419
32 0.50147 0.495464 0.968571 0.558612
10 0.50147 0.495464 0.968571 0.558612
60 0.50147 0.495464 0.968571 0.558612
22 0.501079 0.49568 0.966228 0.552419
23 0.501079 0.49568 0.966228 0.552419
59 0.501079 0.49568 0.966228 0.552419
68 0.498736 0.504896 0.969353 0.537442
54 0.510062 0.427995 0.638945 0.582949
54 0.342515 0.519297 0.631915 0.477535
58 0.501079 0.49568 0.966228 0.552419
72 0.50147 0.495464 0.968571 0.558612
41 0.500689 0.493736 0.951387 0.549395
66 0.365558 0.52909 0.685811 0.46371
4 0.503423 0.487615 0.972477 0.567396
54 0.503423 0.487615 0.972477 0.567396
66 0.503423 0.487615 0.972477 0.567396
2 0.503032 0.483871 0.971696 0.571429
30 0.503032 0.483871 0.971696 0.571429
20 0.503423 0.487615 0.972477 0.567396
44 0.503423 0.487615 0.972477 0.567396
35 0.503032 0.483871 0.971696 0.571429
6 0.503423 0.487615 0.972477 0.567396
29 0.503423 0.487615 0.972477 0.567396
8 0.503423 0.487615 0.972477 0.567396
1 0.503423 0.487615 0.972477 0.567396
65 0.503032 0.483871 0.971696 0.571429
36 0.503423 0.487615 0.972477 0.567396
45 0.503032 0.483871 0.971696 0.571429
39 0.503032 0.483871 0.971696 0.571429
7 0.503032 0.483871 0.971696 0.571429
3 0.503423 0.487615 0.972477 0.567396
28 0.503423 0.487615 0.972477 0.567396
62 0.503032 0.483871 0.971696 0.571429
5 0.503032 0.483871 0.971696 0.571429
33 0.503032 0.483871 0.971696 0.571429
31 0.503032 0.483871 0.971696 0.571429
21 0.503032 0.483871 0.971696 0.571429
61 0.503423 0.487615 0.972477 0.567396
34 0.503423 0.487615 0.972477 0.567396
32 0.503423 0.487615 0.972477 0.567396
56 0.503423 0.487615 0.972477 0.567396
67 0.503423 0.487615 0.972477 0.567396
57 0.503032 0.483871 0.971696 0.571429
10 0.503032 0.483871 0.971696 0.571429
69 0.503423 0.487615 0.972477 0.567396
0 0.503423 0.487615 0.972477 0.567396
22 0.503032 0.483871 0.971696 0.571429
52 0.503423 0.487615 0.972477 0.567396
60 0.503032 0.483871 0.971696 0.571429
23 0.503032 0.483871 0.971696 0.571429
59 0.503032 0.483871 0.971696 0.571429
4 0.465539 0.561636 0.881088 0.412442
30 0.465539 0.561636 0.881088 0.412442
68 0.503423 0.487615 0.972477 0.567396
66 0.465539 0.561636 0.881088 0.412442
44 0.465539 0.561636 0.881088 0.412442
36 0.465539 0.561636 0.881088 0.412442
31 0.465539 0.561636 0.881088 0.412442
2 0.465539 0.561636 0.881088 0.412442
20 0.465539 0.561636 0.881088 0.412442
45 0.465539 0.561636 0.881088 0.412442
39 0.465539 0.561636 0.881088 0.412442
6 0.465539 0.561636 0.881088 0.412442
8 0.465539 0.561636 0.881088 0.412442
35 0.465539 0.561636 0.881088 0.412442
58 0.506938 0.486247 0.967009 0.564372
56 0.465539 0.561636 0.881088 0.412442
1 0.465539 0.561636 0.881088 0.412442
7 0.465539 0.561636 0.881088 0.412442
29 0.465539 0.561636 0.881088 0.412442
54 0.498736 0.431452 0.683468 0.667051
32 0.465539 0.561636 0.881088 0.412442
66 0.499517 0.483799 0.970915 0.553139
20 0.499517 0.483799 0.970915 0.553139
54 0.499517 0.483799 0.970915 0.553139
44 0.499517 0.483799 0.970915 0.553139
4 0.499517 0.483799 0.970915 0.553139
30 0.499517 0.483799 0.970915 0.553139
6 0.499517 0.483799 0.970915 0.553139
2 0.499517 0.483799 0.970915 0.553139
35 0.499517 0.483799 0.970915 0.553139
29 0.499517 0.483799 0.970915 0.553139
1 0.499517 0.483799 0.970915 0.553139
56 0.499517 0.483799 0.970915 0.553139
65 0.499517 0.483799 0.970915 0.553139
45 0.499517 0.483799 0.970915 0.553139
7 0.499517 0.483799 0.970915 0.553139
39 0.499517 0.473574 0.969353 0.575893
8 0.499517 0.483799 0.970915 0.553139
28 0.499517 0.483799 0.970915 0.553139
36 0.499517 0.483799 0.970915 0.553139
31 0.499517 0.483799 0.970915 0.553139
3 0.499517 0.483799 0.970915 0.553139
5 0.499517 0.483799 0.970915 0.553139
57 0.499517 0.483799 0.970915 0.553139
32 0.499517 0.483799 0.970915 0.553139
62 0.499517 0.473574 0.969353 0.575893
67 0.499517 0.483799 0.970915 0.553139
61 0.499517 0.483799 0.970915 0.553139
33 0.499517 0.473574 0.969353 0.575893
21 0.499517 0.473574 0.969353 0.575893
0 0.499517 0.483799 0.970915 0.553139
34 0.499517 0.483799 0.970915 0.553139
69 0.499517 0.483799 0.970915 0.553139
60 0.499517 0.473574 0.969353 0.575893
10 0.499517 0.473574 0.969353 0.575893
22 0.499517 0.483799 0.970915 0.553139
52 0.499517 0.483799 0.970915 0.553139
68 0.499517 0.483799 0.970915 0.553139
23 0.499517 0.473574 0.969353 0.575893
54 0.497565 0.457085 0.710806 0.608871
72 0.499517 0.483799 0.970915 0.553139
66 0.497565 0.457085 0.710806 0.608871
20 0.497565 0.457085 0.710806 0.608871
59 0.499517 0.473574 0.969353 0.575893
4 0.502642 0.497768 0.963104 0.53557
2 0.502642 0.497768 0.963104 0.53557
54 0.502642 0.497768 0.963104 0.53557
66 0.502642 0.497768 0.963104 0.53557
7 0.502642 0.497768 0.963104 0.53557
45 0.502642 0.497768 0.963104 0.53557
3 0.502642 0.497768 0.963104 0.53557
1 0.502642 0.497768 0.963104 0.53557
20 0.502642 0.497768 0.963104 0.53557
39 0.502642 0.49856 0.963104 0.527074
30 0.502642 0.497768 0.963104 0.53557
35 0.502642 0.497768 0.963104 0.53557
28 0.502642 0.497768 0.963104 0.53557
8 0.502642 0.497768 0.963104 0.53557
29 0.502642 0.497768 0.963104 0.53557
5 0.502642 0.497768 0.963104 0.53557
6 0.502642 0.497768 0.963104 0.53557
57 0.502642 0.497768 0.963104 0.53557
31 0.502642 0.497768 0.963104 0.53557
34 0.502642 0.497768 0.963104 0.53557
44 0.502642 0.497768 0.963104 0.53557
32 0.502642 0.497768 0.963104 0.53557
56 0.502642 0.497768 0.963104 0.53557
36 0.502642 0.497768 0.963104 0.53557
65 0.502642 0.497768 0.963104 0.53557
21 0.502642 0.49856 0.963104 0.527074
22 0.502642 0.497768 0.963104 0.53557
67 0.502642 0.497768 0.963104 0.53557
62 0.502642 0.49856 0.963104 0.527074
52 0.502642 0.49856 0.963104 0.527074
10 0.502642 0.49856 0.963104 0.527074
0 0.502642 0.497768 0.963104 0.53557
60 0.502642 0.49856 0.963104 0.527074
61 0.502642 0.497768 0.963104 0.53557
69 0.502642 0.49856 0.963104 0.527074
68 0.502642 0.497768 0.963104 0.53557
23 0.502642 0.49856 0.963104 0.527074
59 0.502642 0.49856 0.963104 0.527074
33 0.502642 0.49856 0.963104 0.527074
58 0.502642 0.49856 0.963104 0.527074
44 0.502251 0.489631 0.963885 0.543779
20 0.502251 0.489631 0.963885 0.543779
54 0.502251 0.489631 0.963885 0.543779
66 0.502251 0.489631 0.963885 0.543779
4 0.502251 0.489631 0.963885 0.543779
35 0.502251 0.489631 0.963885 0.543779
29 0.502251 0.489631 0.963885 0.543779
30 0.502251 0.489631 0.963885 0.543779
8 0.502251 0.489631 0.963885 0.543779
45 0.502251 0.489631 0.963885 0.543779
39 0.502251 0.489631 0.963885 0.543779
65 0.502251 0.489631 0.963885 0.543779
7 0.502251 0.489631 0.963885 0.543779
21 0.50147 0.486463 0.959198 0.545507
31 0.502251 0.489631 0.963885 0.543779
6 0.502251 0.489631 0.963885 0.543779
57 0.503423 0.482791 0.961541 0.558612
36 0.502251 0.489631 0.963885 0.543779
28 0.502251 0.489631 0.963885 0.543779
1 0.502251 0.489631 0.963885 0.543779
2 0.50147 0.486463 0.959198 0.545507
34 0.502251 0.489631 0.963885 0.543779
33 0.50147 0.486463 0.959198 0.545507
67 0.502251 0.489631 0.963885 0.543779
56 0.502251 0.489631 0.963885 0.543779
5 0.502251 0.489631 0.963885 0.543779
3 0.50147 0.486463 0.959198 0.545507
62 0.50147 0.486463 0.959198 0.545507
61 0.502251 0.489631 0.963885 0.543779
32 0.502251 0.489631 0.963885 0.543779
10 0.50147 0.486463 0.959198 0.545507
23 0.50147 0.486463 0.959198 0.545507
68 0.503032 0.489919 0.962323 0.538594
0 0.503032 0.489919 0.962323 0.538594
22 0.50147 0.486463 0.959198 0.545507
60 0.50147 0.486463 0.959198 0.545507
59 0.50147 0.486463 0.959198 0.545507
20 0.474912 0.423675 0.813912 0.639977
52 0.50147 0.486463 0.959198 0.545507
54 0.474912 0.423675 0.813912 0.639977
69 0.50147 0.486463 0.959198 0.545507
66 0.498346 0.487327 0.973258 0.557604
20 0.498346 0.487327 0.973258 0.557604
30 0.498346 0.487327 0.973258 0.557604
54 0.498346 0.487327 0.973258 0.557604
44 0.498346 0.487327 0.973258 0.557604
35 0.498346 0.487327 0.973258 0.557604
29 0.498346 0.487327 0.973258 0.557604
8 0.498346 0.487327 0.973258 0.557604
6 0.498346 0.487327 0.973258 0.557604
45 0.498346 0.487327 0.973258 0.557604
65 0.498346 0.487327 0.973258 0.557604
39 0.498346 0.487327 0.973258 0.557604
4 0.498346 0.487327 0.973258 0.557604
7 0.498346 0.489343 0.970134 0.546659
31 0.498346 0.487327 0.973258 0.557604
36 0.498346 0.487327 0.973258 0.557604
57 0.498346 0.487327 0.973258 0.557604
33 0.498346 0.489343 0.970134 0.546659
2 0.498346 0.489343 0.970134 0.546659
28 0.498346 0.487327 0.973258 0.557604
34 0.498346 0.487327 0.973258 0.557604
21 0.498346 0.489343 0.970134 0.546659
1 0.498346 0.487327 0.973258 0.557604
67 0.498346 0.487327 0.973258 0.557604
5 0.498346 0.487327 0.973258 0.557604
62 0.498346 0.489343 0.970134 0.546659
56 0.498346 0.487327 0.973258 0.557604
61 0.498346 0.487327 0.973258 0.557604
3 0.498346 0.487327 0.973258 0.557604
32 0.498346 0.487327 0.973258 0.557604
60 0.498346 0.489343 0.970134 0.546659
0 0.498346 0.487327 0.973258 0.557604
10 0.498346 0.489343 0.970134 0.546659
68 0.498346 0.487327 0.973258 0.557604
69 0.498346 0.489343 0.970134 0.546659
22 0.498346 0.487327 0.973258 0.557604
23 0.498346 0.489343 0.970134 0.546659
4 0.596374 0.504536 0.703776 0.532402
20 0.596374 0.504536 0.703776 0.532402
31 0.596374 0.504536 0.703776 0.532402
20 0.50147 0.492007 0.970134 0.551699
44 0.50147 0.492007 0.970134 0.551699
30 0.50147 0.492007 0.970134 0.551699
54 0.50147 0.492007 0.970134 0.551699
4 0.502251 0.492439 0.967009 0.550835
66 0.50147 0.492007 0.970134 0.551699
45 0.50147 0.492007 0.970134 0.551699
8 0.50147 0.492007 0.970134 0.551699
29 0.50147 0.492007 0.970134 0.551699
35 0.502251 0.49604 0.967009 0.544787
65 0.502251 0.49604 0.967009 0.544787
7 0.502251 0.492439 0.967009 0.550835
6 0.50147 0.492007 0.970134 0.551699
39 0.502251 0.492439 0.967009 0.550835
21 0.50147 0.492007 0.970134 0.551699
31 0.502251 0.492439 0.967009 0.550835
34 0.50147 0.492007 0.970134 0.551699
1 0.502251 0.492439 0.967009 0.550835
5 0.502251 0.492439 0.967009 0.550835
3 0.502251 0.492439 0.967009 0.550835
28 0.50147 0.492007 0.970134 0.551699
2 0.502251 0.492439 0.967009 0.550835
36 0.50147 0.492007 0.970134 0.551699
56 0.502251 0.493952 0.973258 0.557028
33 0.50147 0.492007 0.970134 0.551699
57 0.502251 0.492439 0.967009 0.550835
67 0.50147 0.492007 0.970134 0.551699
61 0.50147 0.492007 0.970134 0.551699
0 0.502251 0.492439 0.967009 0.550835
62 0.502251 0.492439 0.967009 0.550835
32 0.502251 0.492439 0.967009 0.550835
23 0.502251 0.492439 0.967009 0.550835
68 0.50147 0.492007 0.970134 0.551699
60 0.502251 0.492439 0.967009 0.550835
22 0.504204 0.494168 0.966228 0.547379
10 0.502251 0.492439 0.967009 0.550835
59 0.502251 0.492439 0.967009 0.550835
54 0.499908 0.487039 0.979507 0.55818
30 0.494831 0.483295 0.978726 0.563364
20 0.499908 0.487039 0.979507 0.55818
66 0.494831 0.483295 0.978726 0.563364
35 0.499908 0.487039 0.979507 0.55818
44 0.499908 0.487039 0.979507 0.55818
8 0.494831 0.483295 0.978726 0.563364
29 0.499908 0.487039 0.979507 0.55818
6 0.499908 0.487039 0.979507 0.55818
45 0.499908 0.487039 0.979507 0.55818
21 0.499908 0.487039 0.979507 0.55818
4 0.500298 0.489703 0.974039 0.552851
7 0.499908 0.487039 0.979507 0.55818
31 0.499908 0.487039 0.979507 0.55818
39 0.494831 0.483295 0.978726 0.563364
2 0.500298 0.489703 0.974039 0.552851
57 0.494831 0.483295 0.978726 0.563364
65 0.499908 0.487039 0.979507 0.55818
1 0.500298 0.489703 0.974039 0.552851
56 0.500298 0.489703 0.974039 0.552851
34 0.499908 0.487039 0.979507 0.55818
3 0.500298 0.489703 0.974039 0.552851
28 0.499908 0.487039 0.979507 0.55818
36 0.499908 0.487039 0.979507 0.55818
5 0.500298 0.489703 0.974039 0.552851
33 0.500298 0.489703 0.974039 0.552851
67 0.499908 0.487039 0.979507 0.55818
61 0.499908 0.487039 0.979507 0.55818
0 0.500298 0.489703 0.974039 0.552851
32 0.500298 0.489703 0.974039 0.552851
60 0.500298 0.489703 0.974039 0.552851
72 0.494831 0.483295 0.978726 0.563364
62 0.500298 0.489703 0.974039 0.552851
10 0.500298 0.489703 0.974039 0.552851
23 0.500298 0.489703 0.974039 0.552851
69 0.500298 0.489703 0.974039 0.552851
68 0.499908 0.489127 0.97482 0.556308
44 0.500689 0.487615 0.970134 0.551267
20 0.500689 0.487615 0.970134 0.551267
66 0.500689 0.487615 0.970134 0.551267
65 0.500689 0.487615 0.970134 0.551267
54 0.500689 0.485887 0.967009 0.548963
45 0.500689 0.487615 0.970134 0.551267
8 0.500689 0.487615 0.970134 0.551267
29 0.500689 0.487615 0.970134 0.551267
30 0.500689 0.487615 0.970134 0.551267
21 0.501079 0.486247 0.966228 0.548243
35 0.500689 0.487615 0.970134 0.551267
4 0.503032 0.488191 0.962323 0.547811
31 0.500298 0.489127 0.96779 0.555156
6 0.500689 0.487615 0.970134 0.551267
39 0.500689 0.487615 0.970134 0.551267
33 0.500689 0.487615 0.970134 0.551267
57 0.499127 0.478759 0.970134 0.565524
34 0.500689 0.487615 0.970134 0.551267
61 0.500689 0.487615 0.970134 0.551267
28 0.500689 0.487615 0.970134 0.551267
7 0.501079 0.486247 0.966228 0.548243
36 0.500689 0.487615 0.970134 0.551267
56 0.501079 0.486247 0.966228 0.548243
1 0.501079 0.486247 0.966228 0.548243
5 0.503032 0.488191 0.962323 0.547811
2 0.503032 0.488191 0.962323 0.547811
3 0.503032 0.488191 0.962323 0.547811
67 0.501079 0.486247 0.966228 0.548243
20 0.47335 0.421371 0.843594 0.707949
68 0.500689 0.485887 0.967009 0.548963
30 0.437029 0.539747 0.820942 0.437788
44 0.437029 0.539747 0.820942 0.437788
32 0.501079 0.486247 0.966228 0.548243
0 0.501079 0.486247 0.966228 0.548243
44 0.47335 0.421371 0.843594 0.707949
20 0.437029 0.539747 0.820942 0.437788
23 0.501079 0.486247 0.966228 0.548243
66 0.503423 0.489055 0.966228 0.547235
30 0.502251 0.483871 0.967009 0.556452
20 0.502642 0.489631 0.966228 0.538018
35 0.502642 0.489631 0.966228 0.538018
44 0.503423 0.489055 0.966228 0.547235
54 0.502642 0.489631 0.966228 0.538018
8 0.503423 0.489055 0.966228 0.547235
6 0.503423 0.490207 0.972477 0.554147
45 0.502642 0.489631 0.966228 0.538018
39 0.502251 0.483871 0.967009 0.556452
31 0.503423 0.490207 0.972477 0.554147
29 0.502642 0.489631 0.966228 0.538018
56 0.503423 0.490207 0.972477 0.554147
4 0.502642 0.489631 0.966228 0.538018
7 0.502642 0.489631 0.966228 0.538018
21 0.503032 0.487831 0.971696 0.547379
28 0.502642 0.489631 0.966228 0.538018
65 0.502642 0.489631 0.966228 0.538018
2 0.503032 0.487831 0.971696 0.547379
1 0.503423 0.490207 0.972477 0.554147
57 0.503032 0.487831 0.971696 0.547379
36 0.503423 0.490207 0.972477 0.554147
61 0.503423 0.489055 0.966228 0.547235
5 0.503423 0.490207 0.972477 0.554147
33 0.503423 0.489055 0.966228 0.547235
3 0.503423 0.490207 0.972477 0.554147
67 0.502642 0.489631 0.966228 0.538018
34 0.502642 0.489631 0.966228 0.538018
32 0.503423 0.490207 0.972477 0.554147
0 0.502642 0.489631 0.966228 0.538018
60 0.502642 0.489631 0.966228 0.538018
72 0.503423 0.489055 0.966228 0.547235
68 0.502642 0.489631 0.966228 0.538018
51 0.503423 0.489055 0.966228 0.547235
62 0.502642 0.489631 0.966228 0.538018
35 0.503032 0.493664 0.976382 0.544931
66 0.503032 0.493664 0.976382 0.544931
44 0.503032 0.493664 0.976382 0.544931
30 0.496002 0.492512 0.973258 0.548387
8 0.503032 0.493664 0.976382 0.544931
54 0.503032 0.493664 0.976382 0.544931
20 0.503032 0.493664 0.976382 0.544931
45 0.503813 0.4928 0.97482 0.545507
6 0.502642 0.494312 0.98185 0.550547
39 0.496002 0.492512 0.973258 0.548387
21 0.503813 0.4928 0.97482 0.545507
29 0.503423 0.492584 0.975601 0.544787
7 0.503423 0.493664 0.970915 0.538018
57 0.503813 0.4928 0.97482 0.545507
28 0.503813 0.4928 0.97482 0.545507
31 0.502642 0.494312 0.98185 0.550547
61 0.503032 0.493664 0.976382 0.544931
56 0.503813 0.4928 0.97482 0.545507
36 0.497565 0.488767 0.976382 0.552419
33 0.503813 0.4928 0.97482 0.545507
4 0.503423 0.493664 0.970915 0.538018
2 0.505376 0.49532 0.97482 0.545075
67 0.503423 0.493664 0.970915 0.538018
1 0.505376 0.49532 0.97482 0.545075
65 0.503423 0.493664 0.970915 0.538018
34 0.503032 0.493664 0.976382 0.544931
5 0.505376 0.49532 0.97482 0.545075
3 0.505376 0.49532 0.97482 0.545075
60 0.503423 0.493664 0.970915 0.538018
0 0.505376 0.49532 0.97482 0.545075
32 0.497565 0.488767 0.976382 0.552419
10 0.497565 0.488767 0.976382 0.552419
62 0.503423 0.493664 0.970915 0.538018
20 0.52256 0.422883 0.842032 0.398474
51 0.503032 0.493664 0.976382 0.544931
30 0.510941 0.441316 0.796533 0.433036
8 0.510941 0.441316 0.796533 0.433036
69 0.503423 0.493664 0.970915 0.538018
68 0.503423 0.492584 0.975601 0.544787
72 0.503032 0.493664 0.976382 0.544931
35 0.52256 0.422883 0.842032 0.398474
30 0.503423 0.490207 0.975601 0.550691
66 0.505766 0.489919 0.975601 0.548963
35 0.504595 0.491287 0.97482 0.546227
54 0.504595 0.491287 0.97482 0.546227
8 0.503423 0.490207 0.975601 0.550691
20 0.503423 0.490207 0.975601 0.550691
44 0.503032 0.489919 0.979507 0.55818
6 0.504595 0.491287 0.97482 0.546227
39 0.504595 0.491287 0.97482 0.546227
31 0.505766 0.489919 0.975601 0.548963
7 0.500689 0.490495 0.971696 0.548963
45 0.505766 0.489919 0.975601 0.548963
28 0.504595 0.491287 0.97482 0.546227
29 0.505766 0.489919 0.975601 0.548963
4 0.505766 0.489919 0.975601 0.548963
36 0.500689 0.490495 0.971696 0.548963
21 0.504595 0.491287 0.97482 0.546227
56 0.505766 0.489919 0.975601 0.548963
61 0.500689 0.490495 0.971696 0.548963
57 0.504595 0.491287 0.97482 0.546227
1 0.505766 0.489919 0.975601 0.548963
67 0.504595 0.491287 0.97482 0.546227
5 0.505766 0.489919 0.975601 0.548963
33 0.504595 0.491287 0.97482 0.546227
2 0.505766 0.489919 0.975601 0.548963
3 0.505766 0.489919 0.975601 0.548963
60 0.504595 0.491287 0.97482 0.546227
65 0.503813 0.49316 0.970134 0.548243
62 0.500689 0.490495 0.971696 0.548963
0 0.504595 0.491287 0.97482 0.546227
34 0.503423 0.490207 0.975601 0.550691
10 0.504595 0.491287 0.97482 0.546227
32 0.504595 0.491287 0.97482 0.546227
68 0.505766 0.489919 0.975601 0.548963
69 0.504595 0.491287 0.97482 0.546227
23 0.505766 0.489919 0.975601 0.548963
72 0.503423 0.490207 0.975601 0.550691
22 0.505766 0.489919 0.975601 0.548963
20 0.536229 0.436348 0.720961 0.448733
66 0.503032 0.490279 0.971696 0.542483
30 0.50147 0.486463 0.967009 0.554724
35 0.50147 0.486463 0.967009 0.554724
8 0.50147 0.486463 0.967009 0.554724
44 0.500298 0.492224 0.977164 0.554724
20 0.503032 0.490279 0.971696 0.542483
54 0.504595 0.489919 0.970134 0.543203
45 0.503032 0.490279 0.971696 0.542483
39 0.502251 0.482647 0.967009 0.555444
6 0.500298 0.492224 0.977164 0.554724
21 0.500689 0.493664 0.971696 0.557604
7 0.50147 0.486463 0.967009 0.554724
31 0.503032 0.490279 0.971696 0.542483
29 0.500689 0.493664 0.971696 0.557604
65 0.502251 0.494816 0.970134 0.547235
36 0.502251 0.482647 0.967009 0.555444
2 0.503032 0.490279 0.971696 0.542483
28 0.504595 0.489919 0.970134 0.543203
61 0.502251 0.482647 0.967009 0.555444
56 0.503032 0.490279 0.971696 0.542483
57 0.503032 0.490279 0.971696 0.542483
4 0.503032 0.490279 0.971696 0.542483
33 0.500689 0.493664 0.971696 0.557604
62 0.502251 0.482647 0.967009 0.555444
60 0.503032 0.490279 0.971696 0.542483
1 0.503032 0.490279 0.971696 0.542483
3 0.503032 0.490279 0.971696 0.542483
5 0.503032 0.490279 0.971696 0.542483
10 0.502251 0.482647 0.967009 0.555444
67 0.504595 0.489919 0.970134 0.543203
34 0.503813 0.490207 0.971696 0.547235
0 0.503032 0.490279 0.971696 0.542483
69 0.502251 0.482647 0.967009 0.555444
32 0.502251 0.482647 0.967009 0.555444
23 0.503032 0.490279 0.971696 0.542483
22 0.503032 0.490279 0.971696 0.542483
52 0.502251 0.482647 0.967009 0.555444
30 0.501861 0.486175 0.974039 0.550691
54 0.501861 0.486175 0.974039 0.550691
35 0.499127 0.479839 0.970134 0.558756
20 0.501861 0.486175 0.974039 0.550691
8 0.497565 0.483007 0.970134 0.554724
66 0.503032 0.484951 0.971696 0.548531
6 0.501861 0.486175 0.974039 0.550691
44 0.503032 0.484951 0.971696 0.548531
39 0.499127 0.479839 0.970134 0.558756
7 0.497565 0.483007 0.970134 0.554724
28 0.503032 0.484951 0.971696 0.548531
45 0.503032 0.484951 0.971696 0.548531
31 0.503032 0.484951 0.971696 0.548531
29 0.502251 0.489919 0.970134 0.545507
61 0.499127 0.479839 0.970134 0.558756
36 0.499127 0.479839 0.970134 0.558756
21 0.503032 0.484951 0.971696 0.548531
56 0.503032 0.484951 0.971696 0.548531
67 0.502251 0.489919 0.970134 0.545507
1 0.503032 0.484951 0.971696 0.548531
0 0.49444 0.483295 0.96076 0.557604
57 0.502251 0.489919 0.970134 0.545507
33 0.503032 0.484951 0.971696 0.548531
60 0.503032 0.484951 0.971696 0.548531
4 0.502251 0.489919 0.970134 0.545507
2 0.504594 0.485671 0.971696 0.549395
32 0.503032 0.484951 0.971696 0.548531
10 0.499127 0.479839 0.970134 0.558756
62 0.499127 0.479839 0.970134 0.558756
34 0.502251 0.489919 0.970134 0.545507
65 0.502251 0.489919 0.970134 0.545507
5 0.504594 0.485671 0.971696 0.549395
3 0.504594 0.485671 0.971696 0.549395
8 0.50147 0.491287 0.97482 0.539315
35 0.502251 0.49424 0.97482 0.542627
20 0.50147 0.495968 0.976382 0.549539
30 0.50147 0.491287 0.97482 0.539315
66 0.502251 0.49424 0.97482 0.542627
6 0.502251 0.49424 0.97482 0.542627
7 0.502251 0.49424 0.97482 0.542627
39 0.502251 0.480415 0.970134 0.559908
54 0.502251 0.49424 0.97482 0.542627
45 0.50147 0.495968 0.976382 0.549539
31 0.50147 0.495968 0.976382 0.549539
36 0.499908 0.485887 0.971696 0.550115
57 0.50147 0.495968 0.976382 0.549539
44 0.50147 0.495968 0.976382 0.549539
33 0.502642 0.488551 0.969353 0.544787
28 0.502642 0.488551 0.969353 0.544787
2 0.503813 0.488767 0.970134 0.544355
29 0.502251 0.49424 0.97482 0.542627
21 0.502251 0.49424 0.97482 0.542627
60 0.502642 0.488551 0.969353 0.544787
56 0.500298 0.4928 0.977164 0.547811
1 0.502251 0.49424 0.97482 0.542627
61 0.499908 0.485887 0.971696 0.550115
4 0.502251 0.49424 0.97482 0.542627
0 0.502251 0.49424 0.97482 0.542627
65 0.502251 0.49424 0.97482 0.542627
34 0.502251 0.49424 0.97482 0.542627
67 0.502251 0.49424 0.97482 0.542627
5 0.50147 0.495968 0.976382 0.549539
62 0.502251 0.49424 0.97482 0.542627
32 0.502251 0.480415 0.970134 0.559908
10 0.502642 0.488551 0.969353 0.544787
3 0.503813 0.488767 0.970134 0.544355
41 0.499908 0.485887 0.971696 0.550115
20 0.604576 0.460253 0.693622 0.496544
20 0.502642 0.492584 0.98185 0.551699
35 0.498346 0.487039 0.981069 0.55818
8 0.502642 0.492584 0.98185 0.551699
54 0.503032 0.490495 0.977945 0.551267
30 0.498346 0.487039 0.981069 0.55818
6 0.498346 0.487039 0.981069 0.55818
66 0.502642 0.492584 0.98185 0.551699
7 0.498346 0.487039 0.981069 0.55818
39 0.499127 0.482143 0.981069 0.564516
31 0.503032 0.490495 0.977945 0.551267
45 0.503032 0.490495 0.977945 0.551267
29 0.503423 0.493952 0.977164 0.551267
44 0.503032 0.490495 0.977945 0.551267
4 0.504985 0.492512 0.974039 0.549539
21 0.503032 0.490495 0.977945 0.551267
36 0.498346 0.487039 0.981069 0.55818
1 0.503032 0.490495 0.977945 0.551267
57 0.504985 0.492512 0.974039 0.549539
65 0.503423 0.493952 0.977164 0.551267
28 0.503032 0.490495 0.977945 0.551267
2 0.504985 0.492512 0.974039 0.549539
56 0.503032 0.490495 0.977945 0.551267
0 0.503032 0.490495 0.977945 0.551267
61 0.498346 0.487039 0.981069 0.55818
5 0.504985 0.492512 0.974039 0.549539
33 0.499127 0.482143 0.981069 0.564516
41 0.498346 0.487039 0.981069 0.55818
60 0.503032 0.490495 0.977945 0.551267
62 0.498346 0.487039 0.981069 0.55818
67 0.503032 0.490495 0.977945 0.551267
34 0.504204 0.49424 0.975601 0.557604
32 0.499127 0.482143 0.981069 0.564516
8 0.50147 0.4928 0.976382 0.553571
54 0.502251 0.489919 0.976382 0.553571
20 0.50147 0.4928 0.976382 0.553571
30 0.50147 0.4928 0.976382 0.553571
66 0.502251 0.489919 0.976382 0.553571
35 0.50147 0.4928 0.976382 0.553571
6 0.502251 0.489919 0.976382 0.553571
39 0.498346 0.487039 0.977945 0.555876
7 0.497174 0.489631 0.975601 0.556452
31 0.502251 0.489919 0.976382 0.553571
44 0.502251 0.489919 0.976382 0.553571
28 0.502251 0.489919 0.976382 0.553571
45 0.502251 0.489919 0.976382 0.553571
57 0.498346 0.487039 0.977945 0.555876
4 0.504594 0.488479 0.976382 0.558756
56 0.502251 0.489919 0.976382 0.553571
0 0.502251 0.489919 0.976382 0.553571
1 0.504594 0.488479 0.976382 0.558756
29 0.503032 0.494888 0.971696 0.549395
5 0.504594 0.488479 0.976382 0.558756
2 0.504594 0.488479 0.976382 0.558756
20 0.512015 0.470118 0.728772 0.506768
60 0.502251 0.489919 0.976382 0.553571
67 0.502251 0.489919 0.976382 0.553571
32 0.502251 0.489919 0.976382 0.553571
21 0.498346 0.487039 0.977945 0.555876
36 0.497174 0.489631 0.975601 0.556452
41 0.50147 0.4928 0.976382 0.553571
8 0.512015 0.470118 0.728772 0.506768
8 0.502251 0.490783 0.977945 0.556452
35 0.497174 0.482215 0.969353 0.571285
30 0.502251 0.490783 0.977945 0.556452
20 0.503032 0.492224 0.977945 0.560484
54 0.503423 0.488551 0.977164 0.55746
6 0.503423 0.488551 0.977164 0.55746
7 0.497174 0.482215 0.969353 0.571285
66 0.502251 0.490783 0.977945 0.556452
39 0.498736 0.483943 0.972477 0.567828
31 0.505376 0.489631 0.976382 0.557604
45 0.505376 0.489631 0.976382 0.557604
29 0.503813 0.49424 0.97482 0.551843
21 0.504595 0.493376 0.97482 0.55818
44 0.503423 0.488551 0.977164 0.55746
1 0.505376 0.489631 0.976382 0.557604
36 0.497174 0.482215 0.969353 0.571285
28 0.503423 0.488551 0.977164 0.55746
57 0.505376 0.489631 0.976382 0.557604
0 0.505376 0.489631 0.976382 0.557604
61 0.497174 0.482215 0.969353 0.571285
4 0.505376 0.489631 0.976382 0.557604
2 0.505376 0.489631 0.976382 0.557604
56 0.505376 0.489631 0.976382 0.557604
33 0.498736 0.483943 0.972477 0.567828
5 0.505376 0.489631 0.976382 0.557604
60 0.503423 0.488551 0.977164 0.55746
67 0.503423 0.488551 0.977164 0.55746
32 0.498736 0.483943 0.972477 0.567828
62 0.503813 0.49424 0.97482 0.551843
65 0.504595 0.493376 0.97482 0.55818
8 0.502251 0.488767 0.979507 0.540899
7 0.498346 0.488767 0.977945 0.555876
6 0.502251 0.488767 0.979507 0.540899
20 0.502251 0.493088 0.982631 0.5553
35 0.498346 0.488767 0.977945 0.555876
30 0.498346 0.488767 0.977945 0.555876
39 0.499908 0.485311 0.979507 0.544355
54 0.502251 0.488767 0.979507 0.540899
31 0.503813 0.489127 0.979507 0.542483
1 0.502251 0.488767 0.979507 0.540899
66 0.50147 0.491647 0.977945 0.543203
7 0.449526 0.544931 0.86156 0.426267
4 0.503813 0.489127 0.979507 0.542483
0 0.49405 0.485599 0.970915 0.551843
29 0.50147 0.491647 0.977945 0.543203
57 0.49405 0.485599 0.970915 0.551843
8 0.449526 0.544931 0.86156 0.426267
60 0.49405 0.485599 0.970915 0.551843
2 0.503813 0.489127 0.979507 0.542483
5 0.502251 0.488767 0.979507 0.540899
36 0.498346 0.488767 0.977945 0.555876
6 0.449526 0.544931 0.86156 0.426267
41 0.50147 0.491647 0.981069 0.547811
45 0.503813 0.489127 0.979507 0.542483
21 0.50147 0.491647 0.977945 0.543203
8 0.449038 0.446429 0.707877 0.570276
8 0.499908 0.478759 0.96076 0.574741
54 0.502642 0.485599 0.963104 0.56106
20 0.500689 0.492224 0.971696 0.568548
6 0.502642 0.485599 0.963104 0.56106
35 0.502642 0.492511 0.966228 0.563364
30 0.502642 0.492511 0.966228 0.563364
7 0.499908 0.478759 0.96076 0.574741
66 0.500689 0.487327 0.970134 0.563364
39 0.503423 0.482215 0.961541 0.567828
31 0.502642 0.492511 0.966228 0.563364
29 0.502642 0.492511 0.966228 0.563364
0 0.498736 0.481567 0.961541 0.578341
36 0.499908 0.478759 0.96076 0.574741
28 0.503423 0.482215 0.961541 0.567828
67 0.502642 0.492511 0.966228 0.563364
1 0.500689 0.487327 0.970134 0.563364
57 0.501079 0.47379 0.959979 0.582373
41 0.502642 0.485599 0.963104 0.56106
62 0.502642 0.492511 0.966228 0.563364
20 0.610825 0.427131 0.660816 0.449885
2 0.498736 0.481567 0.961541 0.578341
60 0.503423 0.482215 0.961541 0.567828
45 0.500689 0.492224 0.971696 0.568548
44 0.500689 0.487327 0.970134 0.563364
4 0.498736 0.481567 0.961541 0.578341
20 0.505376 0.487327 0.979507 0.569124
8 0.503032 0.483583 0.979507 0.565092
35 0.499908 0.475806 0.981069 0.580645
6 0.503032 0.479911 0.977945 0.570132
30 0.502251 0.487831 0.979507 0.568116
54 0.503032 0.479911 0.977945 0.570132
7 0.503032 0.479911 0.977945 0.570132
39 0.503032 0.479911 0.977945 0.570132
31 0.502251 0.487831 0.979507 0.568116
66 0.505376 0.487327 0.979507 0.569124
36 0.499908 0.475806 0.981069 0.580645
29 0.505376 0.487327 0.979507 0.569124
20 0.57714 0.439516 0.760992 0.487327
1 0.503032 0.479911 0.977945 0.570132
45 0.505376 0.487327 0.979507 0.569124
0 0.505766 0.483583 0.975601 0.56394
28 0.503032 0.479911 0.977945 0.570132
41 0.503032 0.483583 0.979507 0.565092
44 0.505376 0.487327 0.979507 0.569124
4 0.505766 0.483583 0.975601 0.56394
20 0.504595 0.488191 0.977945 0.551267
8 0.49405 0.481567 0.977164 0.565668
30 0.498346 0.489631 0.981069 0.550691
54 0.498346 0.489631 0.981069 0.550691
35 0.49405 0.481567 0.977164 0.565668
6 0.498346 0.483871 0.977945 0.555299
66 0.49405 0.481567 0.977164 0.565668
39 0.495221 0.476094 0.977945 0.569701
31 0.498346 0.489631 0.981069 0.550691
7 0.498346 0.483871 0.977945 0.555299
45 0.498346 0.489631 0.981069 0.550691
29 0.504595 0.488191 0.977945 0.551267
44 0.498346 0.489631 0.981069 0.550691
28 0.498346 0.483871 0.977945 0.555299
0 0.498346 0.483871 0.977945 0.555299
1 0.498346 0.483871 0.977945 0.555299
4 0.492097 0.480343 0.97482 0.565812
67 0.498346 0.489631 0.981069 0.550691
57 0.492097 0.480343 0.97482 0.565812
20 0.590418 0.460253 0.729748 0.526498
36 0.49405 0.481567 0.977164 0.565668
2 0.492097 0.480343 0.97482 0.565812
41 0.498346 0.488191 0.981069 0.553571
8 0.501861 0.488767 0.975601 0.560484
6 0.502642 0.486103 0.975601 0.562356
35 0.498736 0.483799 0.966228 0.570421
20 0.505376 0.489919 0.970134 0.56394
7 0.498736 0.483799 0.966228 0.570421
54 0.502251 0.493088 0.976382 0.558756
30 0.502251 0.493088 0.976382 0.558756
39 0.499908 0.481639 0.968571 0.56898
31 0.502251 0.493088 0.976382 0.558756
66 0.502251 0.493088 0.976382 0.558756
36 0.498736 0.483799 0.966228 0.570421
0 0.495612 0.485311 0.961542 0.573157
29 0.502251 0.493088 0.976382 0.558756
57 0.495612 0.485311 0.961542 0.573157
4 0.502251 0.493088 0.976382 0.558756
2 0.495612 0.485311 0.961542 0.573157
1 0.502642 0.486103 0.975601 0.562356
45 0.502251 0.493088 0.976382 0.558756
60 0.495612 0.485311 0.961542 0.573157
20 0.504595 0.490279 0.97482 0.56322
8 0.503032 0.487831 0.976382 0.557748
30 0.503032 0.492584 0.97482 0.556308
35 0.503032 0.492584 0.97482 0.556308
6 0.504594 0.488479 0.976382 0.562212
54 0.503813 0.488479 0.976382 0.556452
66 0.503032 0.492584 0.97482 0.556308
31 0.504595 0.490279 0.97482 0.56322
39 0.503032 0.492584 0.97482 0.556308
7 0.499908 0.483871 0.97482 0.565668
20 0.647146 0.474582 0.630353 0.550835
29 0.504595 0.490279 0.97482 0.56322
20 0.55937 0.433468 0.791846 0.464862
45 0.503032 0.492584 0.97482 0.556308
21 0.510453 0.488479 0.956855 0.56106
1 0.503813 0.488479 0.976382 0.556452
8 0.500298 0.488983 0.970915 0.5589
20 0.5085 0.489055 0.957636 0.563364
6 0.497955 0.482143 0.966228 0.571428
54 0.50147 0.493376 0.971696 0.561636
7 0.497955 0.482143 0.966228 0.571428
35 0.50147 0.493664 0.971696 0.554147
30 0.50147 0.493376 0.971696 0.561636
31 0.50147 0.493376 0.971696 0.561636
39 0.50147 0.493664 0.971696 0.554147
66 0.50147 0.493664 0.971696 0.554147
20 0.629571 0.483943 0.681124 0.558612
29 0.50147 0.493376 0.971696 0.561636
4 0.50147 0.493664 0.971696 0.554147
1 0.50147 0.493664 0.971696 0.554147
0 0.50147 0.493664 0.971696 0.554147
2 0.50147 0.493664 0.971696 0.554147
45 0.50147 0.493376 0.971696 0.561636
5 0.50147 0.493664 0.971696 0.554147
44 0.50147 0.493376 0.971696 0.561636
36 0.497955 0.482143 0.966228 0.571428
8 0.500298 0.486823 0.983413 0.560916
54 0.500689 0.491071 0.982631 0.555876
6 0.504985 0.489703 0.980288 0.562068
20 0.504985 0.489703 0.980288 0.562068
7 0.495221 0.480991 0.977945 0.573733
35 0.496002 0.481063 0.979507 0.574741
30 0.504985 0.489703 0.980288 0.562068
31 0.495221 0.480991 0.977945 0.573733
39 0.499908 0.479767 0.981069 0.573877
29 0.505376 0.491647 0.979507 0.560484
0 0.495221 0.480991 0.977945 0.573733
66 0.500689 0.491071 0.982631 0.555876
4 0.495221 0.480991 0.977945 0.573733
2 0.495221 0.480991 0.977945 0.573733
5 0.499908 0.479767 0.981069 0.573877
20 0.505376 0.480703 0.976382 0.570853
8 0.503423 0.475807 0.978726 0.577189
30 0.505376 0.480703 0.976382 0.570853
35 0.502251 0.464286 0.973258 0.599078
6 0.505376 0.480703 0.976382 0.570853
54 0.502251 0.464286 0.973258 0.599078
66 0.502251 0.464286 0.973258 0.599078
31 0.500298 0.468318 0.974039 0.602535
39 0.502251 0.464286 0.973258 0.599078
2 0.500298 0.468318 0.974039 0.602535
20 0.698309 0.485095 0.538963 0.560916
44 0.500298 0.468318 0.974039 0.602535
29 0.505766 0.485887 0.977164 0.572005
7 0.500298 0.468318 0.974039 0.602535
20 0.6284 0.447293 0.586611 0.552419
45 0.500298 0.468318 0.974039 0.602535
65 0.505766 0.485887 0.977164 0.572005
20 0.504595 0.490783 0.977945 0.554147
8 0.500689 0.487615 0.984194 0.554723
6 0.496783 0.486175 0.981069 0.559908
54 0.500689 0.487615 0.984194 0.554723
35 0.496783 0.486175 0.981069 0.559908
30 0.500689 0.493664 0.984194 0.542627
31 0.505376 0.487975 0.976382 0.552851
7 0.496783 0.486175 0.981069 0.559908
66 0.500689 0.493664 0.984194 0.542627
39 0.497955 0.480343 0.98185 0.569268
20 0.630743 0.483871 0.678781 0.554147
29 0.500689 0.493664 0.984194 0.542627
2 0.495221 0.490207 0.977945 0.548387
8 0.495221 0.482719 0.97482 0.570276
20 0.503813 0.488407 0.97482 0.560052
6 0.503423 0.487039 0.972477 0.562788
54 0.499908 0.478975 0.977945 0.573157
7 0.49405 0.485095 0.974039 0.559764
30 0.503813 0.488407 0.97482 0.560052
35 0.49405 0.485095 0.974039 0.559764
31 0.49405 0.485095 0.974039 0.559764
29 0.49405 0.485095 0.974039 0.559764
4 0.49405 0.485095 0.974039 0.559764
0 0.49405 0.485095 0.974039 0.559764
39 0.49405 0.485095 0.974039 0.559764
66 0.503813 0.488407 0.97482 0.560052
8 0.494831 0.481855 0.975601 0.560484
54 0.499908 0.488551 0.981069 0.545939
20 0.505376 0.488767 0.976382 0.548963
6 0.500298 0.484159 0.980288 0.55818
35 0.494831 0.481855 0.975601 0.560484
7 0.506938 0.487399 0.973258 0.550547
31 0.499908 0.488551 0.981069 0.545939
30 0.505376 0.487327 0.97482 0.549539
0 0.492878 0.482431 0.973258 0.555876
66 0.499908 0.488551 0.981069 0.545939
29 0.492878 0.482431 0.973258 0.555876
39 0.492878 0.482431 0.973258 0.555876
2 0.492878 0.482431 0.973258 0.555876
1 0.492878 0.482431 0.973258 0.555876
5 0.500298 0.484159 0.980288 0.55818
20 0.499517 0.487831 0.975601 0.549683
8 0.495221 0.477535 0.976382 0.569124
6 0.495221 0.477535 0.976382 0.569124
54 0.498346 0.480127 0.976382 0.561636
35 0.495221 0.477535 0.976382 0.569124
30 0.497565 0.488479 0.979507 0.544931
7 0.495221 0.477535 0.976382 0.569124
31 0.497565 0.488479 0.979507 0.544931
39 0.495221 0.477535 0.976382 0.569124
66 0.495221 0.477535 0.976382 0.569124
29 0.497565 0.488479 0.979507 0.544931
20 0.722133 0.467742 0.469445 0.532258
20 0.653786 0.508065 0.620198 0.528802
8 0.499127 0.46803 0.985756 0.589286
20 0.504595 0.481855 0.982631 0.561636
6 0.499127 0.46803 0.985756 0.589286
35 0.497955 0.468822 0.984975 0.583093
54 0.499127 0.46803 0.985756 0.589286
30 0.500689 0.480919 0.98888 0.561204
31 0.497955 0.468822 0.984975 0.583093
7 0.497955 0.468822 0.984975 0.583093
20 0.6284 0.461118 0.672532 0.550115
66 0.497955 0.468822 0.984975 0.583093
39 0.497955 0.468822 0.984975 0.583093
29 0.497955 0.468822 0.984975 0.583093
20 0.504595 0.489631 0.970134 0.554147
8 0.503032 0.490495 0.971696 0.554723
54 0.502251 0.489919 0.973258 0.553571
35 0.499127 0.484735 0.970134 0.565092
6 0.506547 0.489703 0.96779 0.552851
30 0.503032 0.490783 0.97482 0.548387
31 0.506547 0.489703 0.96779 0.552851
66 0.503032 0.490783 0.97482 0.548387
39 0.499127 0.484735 0.970134 0.562788
29 0.503032 0.490783 0.97482 0.548387
20 0.500689 0.488407 0.963885 0.561204
8 0.496783 0.484519 0.965447 0.562068
54 0.496783 0.484519 0.965447 0.562068
6 0.496783 0.484519 0.965447 0.562068
35 0.496783 0.484519 0.965447 0.562068
31 0.502251 0.487255 0.963885 0.556596
30 0.499517 0.489919 0.970915 0.552419
7 0.496783 0.484519 0.965447 0.562068
66 0.499517 0.489919 0.970915 0.552419
39 0.499517 0.489919 0.970915 0.552419
20 0.499908 0.484519 0.965447 0.567828
8 0.49444 0.478039 0.968571 0.576181
35 0.49444 0.478039 0.968571 0.576181
6 0.49444 0.478039 0.968571 0.576181
30 0.499908 0.484519 0.965447 0.567828
54 0.495221 0.479551 0.968571 0.570853
31 0.495221 0.479551 0.968571 0.570853
7 0.495221 0.479551 0.968571 0.570853
39 0.49444 0.478039 0.968571 0.576181
8 0.349545 0.495968 0.650661 0.52765
8 0.500298 0.47379 0.974039 0.582373
20 0.504594 0.482719 0.971696 0.564516
6 0.500298 0.47379 0.974039 0.582373
35 0.498736 0.473502 0.972477 0.578341
30 0.503813 0.482215 0.970134 0.56898
54 0.500298 0.47379 0.974039 0.582373
39 0.498736 0.473502 0.972477 0.578341
7 0.498736 0.473502 0.972477 0.578341
31 0.504594 0.482719 0.971696 0.564516
66 0.498736 0.473502 0.972477 0.578341
4 0.498736 0.473502 0.972477 0.578341
20 0.506157 0.482719 0.97482 0.562212
8 0.50147 0.469542 0.976382 0.582805
54 0.499908 0.473214 0.976382 0.575461
6 0.499908 0.473214 0.976382 0.575461
35 0.50147 0.469542 0.976382 0.582805
30 0.506157 0.482071 0.97482 0.56466
31 0.499908 0.473214 0.976382 0.575461
7 0.499908 0.473214 0.976382 0.575461
39 0.50147 0.469542 0.976382 0.582805
20 0.627619 0.469542 0.667846 0.565524
8 0.504204 0.487255 0.96779 0.557748
20 0.504595 0.489343 0.968571 0.55818
54 0.496783 0.482143 0.97482 0.567972
6 0.496783 0.482143 0.97482 0.567972
30 0.504204 0.487255 0.96779 0.557748
31 0.504204 0.487255 0.96779 0.557748
8 0.503813 0.486751 0.971696 0.559908
20 0.504594 0.487615 0.971696 0.551267
6 0.49444 0.483223 0.97482 0.557748
35 0.494831 0.480919 0.972477 0.563508
30 0.503813 0.486751 0.971696 0.559908
7 0.49444 0.483223 0.97482 0.557748
54 0.498736 0.483367 0.977164 0.55746
39 0.494831 0.480919 0.972477 0.563508
8 0.632305 0.481567 0.683468 0.549539
31 0.504985 0.484951 0.970915 0.555444
20 0.632305 0.481567 0.683468 0.549539
29 0.49444 0.483223 0.97482 0.557748
8 0.450308 0.442396 0.742832 0.654378
8 0.498346 0.481495 0.979507 0.575029
20 0.504595 0.485599 0.97482 0.569124
6 0.498346 0.481495 0.979507 0.575029
35 0.498346 0.481495 0.979507 0.575029
30 0.504595 0.485599 0.97482 0.569124
54 0.498346 0.481495 0.979507 0.575029
39 0.498346 0.481495 0.979507 0.575029
7 0.497565 0.482791 0.977945 0.580501
31 0.505376 0.488191 0.976382 0.568548
8 0.446793 0.532834 0.827972 0.461982
8 0.506157 0.483871 0.981069 0.551843
20 0.508109 0.483583 0.969353 0.554724
6 0.501861 0.483583 0.980288 0.553571
35 0.501861 0.483583 0.980288 0.553571
30 0.508109 0.483583 0.969353 0.554724
54 0.504985 0.485527 0.980288 0.553139
39 0.501861 0.483583 0.980288 0.553571
20 0.637383 0.476094 0.674876 0.550115
31 0.508109 0.483583 0.969353 0.554724
8 0.501079 0.485527 0.969353 0.563508
20 0.50147 0.487039 0.970134 0.562788
6 0.497955 0.482719 0.969353 0.565668
35 0.497955 0.482719 0.969353 0.565668
30 0.501079 0.485527 0.969353 0.563508
54 0.497955 0.482719 0.969353 0.565668
31 0.503032 0.484735 0.968571 0.560484
39 0.497955 0.482719 0.969353 0.565668
8 0.504985 0.488479 0.96779 0.557604
20 0.503423 0.488767 0.969353 0.56394
6 0.501861 0.489127 0.964666 0.558612
54 0.502642 0.489631 0.966228 0.5553
35 0.501861 0.489127 0.964666 0.558612
30 0.504985 0.488479 0.96779 0.557604
7 0.499127 0.491935 0.962323 0.5553
31 0.504985 0.488479 0.96779 0.557604
4 0.503813 0.490783 0.970134 0.559908
39 0.502642 0.489631 0.966228 0.5553
8 0.502251 0.487039 0.979507 0.557028
20 0.506938 0.488191 0.979507 0.559332
6 0.502251 0.487039 0.979507 0.557028
35 0.502251 0.487039 0.979507 0.557028
54 0.499908 0.490783 0.977945 0.549539
30 0.506938 0.488191 0.979507 0.559332
7 0.499908 0.490783 0.977945 0.549539
31 0.506157 0.491935 0.981069 0.559908
2 0.499908 0.490783 0.977945 0.549539
0 0.499908 0.490783 0.977945 0.549539
8 0.501861 0.485887 0.974039 0.562788
20 0.503032 0.488551 0.973258 0.560916
54 0.501861 0.485887 0.974039 0.562788
6 0.501861 0.485887 0.974039 0.562788
30 0.503032 0.488551 0.973258 0.560916
31 0.501861 0.485887 0.974039 0.562788
35 0.501861 0.485887 0.974039 0.562788
8 0.503032 0.486679 0.965447 0.565812
20 0.499908 0.487327 0.968571 0.567972
6 0.50147 0.484519 0.957636 0.56898
30 0.501861 0.487327 0.96779 0.563364
54 0.50147 0.484519 0.957636 0.56898
35 0.50147 0.484519 0.957636 0.56898
31 0.501861 0.487327 0.96779 0.563364
7 0.499908 0.487039 0.96076 0.562788
39 0.50147 0.485887 0.959198 0.565092
8 0.504204 0.491287 0.978726 0.556596
20 0.506157 0.493088 0.97482 0.564516
6 0.504595 0.4928 0.973258 0.552419
35 0.504595 0.4928 0.973258 0.552419
54 0.504595 0.4928 0.973258 0.552419
30 0.507328 0.490855 0.975601 0.559764
31 0.507328 0.490855 0.975601 0.559764
7 0.503813 0.493376 0.979507 0.554724
8 0.443668 0.544787 0.818599 0.44038
8 0.506157 0.489127 0.973258 0.552851
20 0.506938 0.490279 0.976382 0.55746
6 0.506157 0.489127 0.973258 0.552851
35 0.506157 0.489127 0.973258 0.552851
54 0.506157 0.489127 0.973258 0.552851
30 0.507719 0.490207 0.976382 0.552995
31 0.507719 0.490207 0.976382 0.552995
8 0.505376 0.480127 0.97482 0.56394
20 0.506157 0.486175 0.977945 0.562212
6 0.505376 0.480127 0.97482 0.56394
54 0.505376 0.480127 0.97482 0.56394
35 0.505376 0.480127 0.97482 0.56394
30 0.507719 0.486463 0.97482 0.567396
8 0.503813 0.486247 0.982631 0.562068
20 0.505376 0.487039 0.976382 0.567396
54 0.503813 0.483871 0.977945 0.564516
6 0.503813 0.483871 0.977945 0.564516
31 0.506157 0.487255 0.977945 0.562356
35 0.503813 0.483871 0.977945 0.564516
30 0.506157 0.487255 0.977945 0.562356
4 0.505376 0.487903 0.977945 0.563364
8 0.506157 0.489703 0.984194 0.552851
20 0.5085 0.487903 0.971696 0.56106
6 0.503423 0.487039 0.980288 0.554724
30 0.5085 0.487903 0.971696 0.56106
54 0.503423 0.487039 0.980288 0.554724
35 0.504985 0.490495 0.986537 0.548963
31 0.5085 0.487903 0.971696 0.56106
8 0.451479 0.546659 0.852968 0.443548
8 0.50147 0.485023 0.973258 0.56682
20 0.503423 0.485095 0.972477 0.56898
35 0.50147 0.485023 0.973258 0.56682
6 0.50147 0.485023 0.973258 0.56682
30 0.505376 0.484735 0.973258 0.567396
54 0.50147 0.485023 0.973258 0.56682
31 0.503813 0.487039 0.97482 0.565092
8 0.503032 0.487903 0.97482 0.56106
20 0.503813 0.489631 0.973258 0.562212
6 0.500689 0.486175 0.970134 0.562212
35 0.500689 0.486175 0.970134 0.562212
30 0.505376 0.489055 0.971696 0.565668
54 0.500689 0.486175 0.970134 0.562212
31 0.505376 0.487903 0.967009 0.565668
39 0.500689 0.486175 0.970134 0.562212
7 0.500689 0.486175 0.970134 0.562212
8 0.505376 0.490495 0.977945 0.55818
20 0.505376 0.489127 0.967009 0.565524
6 0.504204 0.491935 0.978726 0.5553
30 0.506157 0.488191 0.97482 0.559332
54 0.504204 0.491935 0.978726 0.5553
35 0.501861 0.489055 0.977164 0.556452
31 0.504595 0.490783 0.977945 0.563364
39 0.501861 0.489055 0.977164 0.556452
7 0.504204 0.491935 0.978726 0.5553
8 0.506059 0.43174 0.746933 0.694124
8 0.504985 0.488767 0.980288 0.55818
20 0.505766 0.487975 0.969353 0.564372
6 0.503813 0.488983 0.979507 0.556596
54 0.503813 0.488983 0.979507 0.556596
30 0.505766 0.487975 0.969353 0.564372
31 0.505766 0.487975 0.969353 0.564372
35 0.503813 0.488983 0.979507 0.556596
8 0.50147 0.487903 0.968571 0.563364
20 0.50147 0.487903 0.968571 0.563364
6 0.498346 0.483367 0.97482 0.566676
54 0.498346 0.483367 0.97482 0.566676
35 0.498346 0.483367 0.97482 0.566676
31 0.502251 0.489919 0.973258 0.559332
7 0.502251 0.489919 0.973258 0.559332
4 0.502251 0.489919 0.973258 0.559332
30 0.503813 0.487831 0.970134 0.561204
5 0.499517 0.487615 0.975601 0.561636
8 0.502642 0.490495 0.978726 0.550115
20 0.504594 0.488767 0.967009 0.559332
6 0.497565 0.487327 0.976382 0.552995
54 0.501861 0.491647 0.980288 0.548963
35 0.497565 0.487327 0.976382 0.552995
30 0.504594 0.488767 0.967009 0.559332
8 0.635039 0.501152 0.679562 0.539171
31 0.504985 0.487903 0.96779 0.556452
39 0.497565 0.487327 0.976382 0.552995
7 0.497565 0.487327 0.976382 0.552995
4 0.504985 0.487903 0.96779 0.556452
8 0.504594 0.491359 0.984194 0.551843
20 0.5085 0.488767 0.971696 0.560484
6 0.499127 0.488407 0.982631 0.553139
35 0.499127 0.488407 0.982631 0.553139
30 0.5085 0.488767 0.971696 0.560484
54 0.499127 0.488407 0.982631 0.553139
39 0.499127 0.488407 0.982631 0.553139
31 0.509281 0.489631 0.971696 0.559908
7 0.499127 0.488407 0.982631 0.553139
8 0.506938 0.485527 0.979507 0.563508
20 0.506938 0.487615 0.971696 0.566244
6 0.503423 0.482719 0.977164 0.565668
54 0.501861 0.489703 0.977164 0.558612
30 0.506938 0.487615 0.971696 0.566244
7 0.501861 0.489703 0.977164 0.558612
5 0.501861 0.489703 0.977164 0.558612
1 0.501861 0.489703 0.977164 0.558612
39 0.501861 0.489703 0.977164 0.558612
0 0.501861 0.489703 0.977164 0.558612
35 0.503423 0.482719 0.977164 0.565668
8 0.500689 0.481567 0.971696 0.573733
20 0.503813 0.486751 0.973258 0.565668
54 0.499908 0.487039 0.973258 0.565092
6 0.500689 0.481567 0.971696 0.573733
30 0.503813 0.486751 0.973258 0.565668
31 0.503032 0.490495 0.97482 0.561636
39 0.499908 0.487039 0.973258 0.565092
35 0.500689 0.481567 0.971696 0.573733
7 0.499908 0.487039 0.973258 0.565092
5 0.499908 0.487039 0.973258 0.565092
4 0.499908 0.487039 0.973258 0.565092
8 0.50147 0.489631 0.976382 0.564516
20 0.503032 0.488767 0.971696 0.566244
6 0.496393 0.486823 0.972477 0.56322
30 0.503032 0.488767 0.971696 0.566244
54 0.496393 0.486823 0.972477 0.56322
31 0.503032 0.49244 0.973258 0.565812
39 0.496393 0.486823 0.972477 0.56322
35 0.496393 0.486823 0.972477 0.56322
7 0.496393 0.486823 0.972477 0.56322
8 0.502251 0.488479 0.981069 0.559908
20 0.503813 0.489919 0.976382 0.561636
6 0.494831 0.486247 0.977164 0.562068
54 0.494831 0.486247 0.977164 0.562068
30 0.506938 0.485887 0.973258 0.560484
39 0.494831 0.486247 0.977164 0.562068
5 0.49405 0.491287 0.975601 0.560052
35 0.494831 0.486247 0.977164 0.562068
8 0.503813 0.486751 0.981069 0.557604
20 0.505376 0.487615 0.976382 0.560484
6 0.499127 0.486823 0.976382 0.556308
54 0.499127 0.486823 0.976382 0.556308
30 0.506157 0.486103 0.97482 0.553139
35 0.499908 0.483007 0.976382 0.559332
39 0.499127 0.486823 0.976382 0.556308
5 0.499127 0.486823 0.976382 0.556308
8 0.500689 0.482791 0.970134 0.562068
20 0.503032 0.489703 0.970134 0.559764
6 0.499127 0.486823 0.970134 0.556308
54 0.499127 0.486823 0.970134 0.556308
30 0.503813 0.487255 0.970134 0.553139
5 0.499127 0.486823 0.970134 0.556308
1 0.499127 0.486823 0.970134 0.556308
8 0.503032 0.488767 0.97482 0.555876
20 0.503813 0.488983 0.971696 0.5589
6 0.500298 0.485599 0.972477 0.556452
30 0.505376 0.488191 0.971696 0.555876
35 0.500298 0.485599 0.972477 0.556452
54 0.498736 0.49244 0.972477 0.549683
7 0.498736 0.49244 0.972477 0.549683
39 0.498736 0.49244 0.972477 0.549683
0 0.498736 0.49244 0.972477 0.549683
31 0.503813 0.492584 0.97482 0.560916
5 0.498736 0.49244 0.972477 0.549683
8 0.502642 0.4928 0.972477 0.557028
20 0.504204 0.490207 0.963104 0.564516
6 0.501079 0.494528 0.975601 0.554724
54 0.501079 0.494528 0.975601 0.554724
30 0.504204 0.490207 0.963104 0.564516
5 0.496783 0.493376 0.968571 0.550115
39 0.498736 0.489055 0.96779 0.556452
1 0.496783 0.493376 0.968571 0.550115
35 0.498736 0.489055 0.96779 0.556452
7 0.501079 0.494528 0.975601 0.554724
8 0.503032 0.489343 0.977945 0.56394
20 0.506157 0.489127 0.968571 0.56898
6 0.497565 0.49316 0.976382 0.552851
35 0.499908 0.486679 0.977945 0.561204
7 0.497565 0.49316 0.976382 0.552851
39 0.497565 0.49316 0.976382 0.552851
54 0.497565 0.49316 0.976382 0.552851
30 0.506157 0.486679 0.977945 0.561204
0 0.497565 0.49316 0.976382 0.552851
31 0.506157 0.489127 0.968571 0.56898
1 0.497565 0.49316 0.976382 0.552851
8 0.505376 0.487975 0.976382 0.56322
20 0.506157 0.488191 0.968571 0.567396
6 0.499517 0.486463 0.972477 0.559332
35 0.499517 0.486463 0.972477 0.559332
30 0.506157 0.488191 0.968571 0.567396
31 0.506547 0.489127 0.969353 0.565524
39 0.499517 0.486463 0.972477 0.559332
8 0.633868 0.493952 0.697528 0.551267
54 0.499517 0.486463 0.972477 0.559332
8 0.504595 0.490495 0.981069 0.555876
20 0.506547 0.489055 0.96779 0.564516
6 0.503032 0.492511 0.984194 0.551843
35 0.499127 0.487615 0.979507 0.555876
30 0.505766 0.491359 0.978726 0.558756
54 0.503032 0.492511 0.984194 0.551843
39 0.499127 0.487615 0.979507 0.555876
31 0.506547 0.489055 0.96779 0.564516
7 0.503032 0.492511 0.984194 0.551843
4 0.506157 0.489055 0.968571 0.56106
8 0.503032 0.495104 0.981069 0.553571
20 0.505376 0.491359 0.965447 0.563364
6 0.498346 0.49244 0.976382 0.551987
35 0.498346 0.49244 0.976382 0.551987
30 0.505376 0.491359 0.965447 0.563364
31 0.505376 0.491359 0.965447 0.563364
39 0.498346 0.49244 0.976382 0.551987
54 0.501861 0.494816 0.98185 0.552995
8 0.636211 0.503456 0.678781 0.538018
8 0.504595 0.493736 0.977945 0.552851
20 0.506938 0.489919 0.968571 0.562788
30 0.504595 0.493736 0.977945 0.552851
6 0.499908 0.493088 0.97482 0.550691
31 0.506938 0.489919 0.968571 0.562788
39 0.499908 0.493088 0.97482 0.550691
54 0.503032 0.49316 0.981069 0.551699
35 0.503032 0.49316 0.981069 0.551699
1 0.499908 0.493088 0.97482 0.550691
7 0.503032 0.49316 0.981069 0.551699
4 0.506938 0.490207 0.968571 0.562212
5 0.499908 0.493088 0.97482 0.550691
8 0.504595 0.488191 0.981069 0.560484
20 0.506938 0.489631 0.976382 0.564516
6 0.504595 0.489631 0.981069 0.557604
30 0.507719 0.487255 0.976382 0.560052
31 0.508109 0.487975 0.969353 0.566676
54 0.504595 0.489631 0.981069 0.557604
35 0.502251 0.487327 0.976382 0.556452
39 0.502251 0.487327 0.976382 0.556452
4 0.508109 0.488191 0.969353 0.565092
8 0.505766 0.490495 0.975601 0.555876
20 0.506157 0.489055 0.971696 0.56106
6 0.504594 0.489631 0.971696 0.554147
30 0.506938 0.488479 0.970134 0.565668
35 0.504594 0.489631 0.971696 0.554147
31 0.506938 0.488479 0.970134 0.565668
54 0.506157 0.488551 0.97482 0.555156
8 0.506157 0.489919 0.97482 0.55818
20 0.507719 0.488191 0.971696 0.565092
6 0.502251 0.488983 0.973258 0.555444
30 0.507328 0.486751 0.972477 0.559908
54 0.504985 0.490207 0.978726 0.551843
31 0.506938 0.487615 0.971696 0.559332
35 0.502251 0.488983 0.973258 0.555444
39 0.502251 0.488983 0.973258 0.555444
5 0.502251 0.488983 0.973258 0.555444
4 0.506938 0.487615 0.971696 0.559332
8 0.504595 0.488767 0.973258 0.559332
20 0.504985 0.487975 0.96779 0.566676
6 0.500689 0.488191 0.965447 0.553571
30 0.504985 0.487975 0.96779 0.566676
5 0.500689 0.488191 0.965447 0.553571
39 0.500689 0.488191 0.965447 0.553571
54 0.500689 0.488191 0.965447 0.553571
31 0.504595 0.487255 0.968571 0.562356
8 0.644412 0.500288 0.665502 0.540899
4 0.504595 0.487255 0.968571 0.562356
35 0.500689 0.488191 0.965447 0.553571
1 0.500689 0.488191 0.965447 0.553571
8 0.50147 0.486751 0.968571 0.56106
20 0.502251 0.487399 0.963885 0.565524
6 0.498346 0.487615 0.965447 0.557028
54 0.497174 0.489631 0.96779 0.549539
5 0.497174 0.489631 0.96779 0.549539
31 0.502251 0.487399 0.963885 0.565524
30 0.503813 0.488407 0.967009 0.560052
7 0.497174 0.489631 0.96779 0.549539
1 0.497174 0.489631 0.96779 0.549539
39 0.497174 0.489631 0.96779 0.549539
0 0.497174 0.489631 0.96779 0.549539
8 0.505376 0.484375 0.976382 0.560052
20 0.504595 0.485023 0.973258 0.56106
6 0.502251 0.483871 0.973258 0.558756
54 0.504595 0.484159 0.977945 0.553572
5 0.504595 0.484159 0.977945 0.553572
30 0.506157 0.484159 0.97482 0.554723
7 0.504595 0.487399 0.97482 0.560916
1 0.499908 0.488191 0.973258 0.551267
31 0.505766 0.486175 0.969353 0.563364
0 0.499908 0.488191 0.973258 0.551267
4 0.504595 0.487399 0.97482 0.560916
39 0.499908 0.488191 0.973258 0.551267
8 0.505376 0.483871 0.97482 0.562212
20 0.504595 0.484447 0.973258 0.563364
6 0.502251 0.482791 0.967009 0.560916
54 0.504595 0.487255 0.977945 0.560052
8 0.64988 0.500864 0.640507 0.542051
30 0.504595 0.485095 0.970134 0.564372
5 0.505376 0.484447 0.973258 0.559908
31 0.504595 0.485095 0.970134 0.564372
39 0.502251 0.482791 0.967009 0.560916
1 0.499908 0.486463 0.968571 0.557028
8 0.502251 0.487903 0.982631 0.558756
20 0.502251 0.487615 0.976382 0.561636
6 0.498346 0.486751 0.984194 0.556452
30 0.502251 0.487327 0.982631 0.557604
54 0.502251 0.487327 0.982631 0.557604
39 0.496783 0.493016 0.981069 0.550835
5 0.496783 0.493016 0.981069 0.550835
8 0.64246 0.495464 0.65691 0.550547
1 0.496783 0.493016 0.981069 0.550835
35 0.498346 0.486751 0.984194 0.556452
8 0.501861 0.486103 0.972477 0.563508
20 0.503032 0.489919 0.968571 0.567396
6 0.500689 0.486175 0.973258 0.557604
30 0.503423 0.486679 0.969353 0.563508
39 0.498346 0.489919 0.971696 0.557028
35 0.498346 0.489919 0.971696 0.557028
5 0.498346 0.489919 0.971696 0.557028
1 0.498346 0.489919 0.971696 0.557028
54 0.503423 0.486679 0.969353 0.563508
8 0.656129 0.498272 0.628009 0.546083
8 0.50147 0.485887 0.977945 0.559332
20 0.500689 0.488983 0.973258 0.560052
6 0.497565 0.484951 0.976382 0.556596
39 0.496002 0.489055 0.976382 0.549539
30 0.502251 0.486103 0.977945 0.556596
5 0.496002 0.489055 0.976382 0.549539
54 0.502251 0.486103 0.977945 0.556596
1 0.496002 0.489055 0.976382 0.549539
8 0.500298 0.490783 0.978726 0.559908
20 0.499908 0.491287 0.971696 0.561204
6 0.497955 0.490495 0.978726 0.555876
54 0.501079 0.489055 0.978726 0.556452
5 0.496002 0.494816 0.976382 0.548387
39 0.496002 0.494816 0.976382 0.548387
30 0.501079 0.489055 0.978726 0.556452
0 0.496002 0.494816 0.976382 0.548387
1 0.496002 0.494816 0.976382 0.548387
8 0.502251 0.487615 0.982631 0.562788
20 0.505766 0.487399 0.970915 0.567828
6 0.497565 0.487615 0.981069 0.557028
54 0.502251 0.486751 0.982631 0.562212
5 0.496002 0.491071 0.979507 0.550115
30 0.502251 0.486751 0.982631 0.562212
39 0.496002 0.491071 0.979507 0.550115
8 0.503032 0.487831 0.984194 0.563508
20 0.503423 0.489343 0.978726 0.566244
6 0.498736 0.488407 0.984975 0.557748
30 0.502251 0.487039 0.984194 0.559332
35 0.498736 0.488407 0.984975 0.557748
39 0.497565 0.491647 0.982631 0.551267
5 0.497565 0.491647 0.982631 0.551267
54 0.502251 0.487039 0.984194 0.559332
8 0.504204 0.488191 0.98185 0.560484
20 0.507719 0.487327 0.971696 0.56682
6 0.498736 0.489631 0.980288 0.551843
54 0.507328 0.487327 0.975601 0.562212
30 0.507328 0.487327 0.975601 0.562212
39 0.498736 0.489631 0.980288 0.551843
8 0.503423 0.487615 0.977164 0.560484
20 0.505376 0.487399 0.971696 0.566676
6 0.499127 0.488191 0.973258 0.553571
54 0.503813 0.487831 0.976382 0.5589
30 0.506938 0.487255 0.973258 0.561204
39 0.499127 0.488191 0.973258 0.553571
8 0.503032 0.486463 0.981069 0.557028
20 0.506157 0.490279 0.97482 0.56322
6 0.496783 0.488191 0.976382 0.551267
54 0.506938 0.486175 0.973258 0.558756
30 0.506938 0.486175 0.973258 0.558756
39 0.496783 0.488191 0.976382 0.551267
8 0.636699 0.496256 0.684054 0.546659
8 0.502642 0.489703 0.98185 0.55746
20 0.504595 0.493088 0.97482 0.563364
30 0.506157 0.487903 0.973258 0.558756
6 0.498736 0.490783 0.980288 0.550691
39 0.498736 0.490783 0.980288 0.550691
54 0.506157 0.487903 0.973258 0.558756
5 0.498736 0.490783 0.980288 0.550691
8 0.502642 0.489343 0.98185 0.55818
20 0.504595 0.491935 0.97482 0.562212
6 0.496783 0.490279 0.981069 0.550547
30 0.505376 0.489055 0.976382 0.559908
39 0.496783 0.490279 0.981069 0.550547
54 0.496783 0.490279 0.981069 0.550547
5 0.496783 0.490279 0.981069 0.550547
8 0.502251 0.489919 0.979507 0.559332
20 0.502251 0.492439 0.97482 0.563508
6 0.496002 0.490207 0.977945 0.554147
30 0.504595 0.487327 0.97482 0.557604
39 0.496002 0.490207 0.977945 0.554147
54 0.496002 0.490207 0.977945 0.554147
35 0.496002 0.490207 0.977945 0.554147
8 0.502251 0.486463 0.979507 0.55818
20 0.502251 0.490855 0.976382 0.562068
6 0.498736 0.485527 0.980288 0.553139
54 0.503813 0.485095 0.976382 0.55746
30 0.501861 0.485023 0.980288 0.554147
39 0.497565 0.493088 0.977945 0.546083
8 0.503032 0.489919 0.981069 0.555876
20 0.504204 0.493088 0.975601 0.562212
6 0.499517 0.490495 0.98185 0.552419
30 0.505376 0.487327 0.976382 0.556452
54 0.504204 0.493088 0.975601 0.562212
39 0.499517 0.490495 0.98185 0.552419
5 0.498346 0.497624 0.981069 0.543923
8 0.627131 0.499712 0.692255 0.540899
8 0.503813 0.488767 0.985756 0.554724
20 0.503813 0.490495 0.981069 0.559332
6 0.499127 0.489343 0.985756 0.548963
30 0.505376 0.486823 0.979507 0.556308
39 0.499127 0.489343 0.985756 0.548963
5 0.503032 0.491071 0.985756 0.553571
54 0.503032 0.491071 0.985756 0.553571
8 0.502251 0.489055 0.981069 0.5553
20 0.503423 0.491647 0.977164 0.559332
6 0.498346 0.489559 0.979507 0.549683
30 0.505376 0.488983 0.976382 0.556596
35 0.498346 0.489559 0.979507 0.549683
54 0.505376 0.488983 0.976382 0.556596
39 0.498346 0.489559 0.979507 0.549683
8 0.502251 0.486175 0.981069 0.559908
20 0.503813 0.489055 0.976382 0.563364
6 0.498346 0.487615 0.981069 0.551267
5 0.503813 0.489055 0.976382 0.563364
39 0.498346 0.487615 0.981069 0.551267
54 0.503813 0.489055 0.976382 0.563364
30 0.505376 0.486247 0.976382 0.559764
7 0.503813 0.489055 0.976382 0.563364
8 0.505376 0.485527 0.976382 0.5589
20 0.503813 0.489919 0.976382 0.56394
30 0.503032 0.485095 0.982631 0.55746
6 0.500298 0.485887 0.980288 0.553571
39 0.500298 0.485887 0.980288 0.553571
5 0.500298 0.485887 0.980288 0.553571
35 0.500298 0.485887 0.980288 0.553571
8 0.627228 0.495968 0.698309 0.548387
54 0.505376 0.485527 0.976382 0.5589
8 0.503813 0.485311 0.985756 0.55818
20 0.506938 0.488191 0.971696 0.565092
6 0.499127 0.486751 0.987318 0.551843
39 0.499127 0.486751 0.987318 0.551843
30 0.506157 0.485095 0.979507 0.55746
5 0.499127 0.486751 0.987318 0.551843
8 0.640605 0.49568 0.67468 0.546659
8 0.503813 0.486103 0.985756 0.560052
20 0.505376 0.489343 0.979507 0.56394
6 0.500689 0.486463 0.985756 0.552419
39 0.500689 0.486463 0.985756 0.552419
5 0.500689 0.486463 0.985756 0.552419
30 0.506157 0.485887 0.981069 0.560484
54 0.503423 0.485671 0.986537 0.558612
8 0.64822 0.499496 0.6532 0.541331
8 0.504204 0.485311 0.98185 0.56394
20 0.505376 0.488479 0.976382 0.565668
6 0.50147 0.485887 0.981069 0.557028
30 0.503813 0.484447 0.982631 0.56106
39 0.50147 0.485887 0.981069 0.557028
54 0.503813 0.484447 0.982631 0.56106
5 0.499517 0.489631 0.978726 0.550691
8 0.504985 0.487327 0.98185 0.556452
20 0.506938 0.488479 0.970134 0.563364
30 0.506938 0.485527 0.976382 0.556596
39 0.501079 0.487903 0.98185 0.547235
6 0.501079 0.487903 0.98185 0.547235
35 0.501079 0.487903 0.98185 0.547235
5 0.501079 0.487903 0.98185 0.547235
8 0.504594 0.487615 0.984194 0.557028
20 0.506157 0.489055 0.973258 0.563364
6 0.500689 0.487903 0.982631 0.549539
8 0.628888 0.493088 0.696551 0.552995
39 0.500689 0.487903 0.982631 0.549539
30 0.506547 0.485887 0.977164 0.55818
54 0.506157 0.489055 0.973258 0.563364
5 0.500689 0.487903 0.982631 0.549539
8 0.503423 0.487615 0.983412 0.562788
20 0.506157 0.488767 0.970134 0.566244
6 0.500689 0.487903 0.982631 0.5553
39 0.500689 0.487903 0.982631 0.5553
30 0.505376 0.486463 0.977945 0.561636
54 0.506157 0.488767 0.970134 0.566244
8 0.644803 0.497624 0.660035 0.548531
5 0.500689 0.487903 0.982631 0.5553
8 0.504204 0.487039 0.98185 0.562788
20 0.505376 0.489055 0.970134 0.565668
6 0.500689 0.487327 0.981069 0.5553
39 0.500689 0.487327 0.981069 0.5553
54 0.505376 0.489055 0.970134 0.565668
8 0.658863 0.497408 0.62879 0.546659
30 0.506547 0.485599 0.975601 0.56106
5 0.505376 0.489055 0.970134 0.565668
8 0.503813 0.487615 0.982631 0.565092
20 0.504595 0.488767 0.970134 0.566244
6 0.500689 0.488479 0.982631 0.557604
39 0.500689 0.488479 0.982631 0.557604
30 0.506547 0.486751 0.977164 0.562212
5 0.498736 0.493952 0.980288 0.548963
54 0.504595 0.488767 0.970134 0.566244
8 0.504985 0.485671 0.980288 0.562068
20 0.506157 0.489343 0.97482 0.562788
6 0.502251 0.486175 0.982631 0.5553
30 0.504204 0.485311 0.98185 0.55818
39 0.502251 0.486175 0.982631 0.5553
8 0.504204 0.488767 0.980288 0.55818
20 0.504985 0.488479 0.96779 0.562212
6 0.502251 0.488479 0.981069 0.550691
30 0.506157 0.487039 0.97482 0.55818
39 0.502251 0.488479 0.981069 0.550691
8 0.657691 0.497408 0.631134 0.545507
54 0.504985 0.488479 0.96779 0.562212
8 0.504595 0.489343 0.981069 0.555876
20 0.504985 0.491071 0.975601 0.559332
6 0.502251 0.488551 0.982631 0.550547
30 0.504204 0.487255 0.98185 0.554291
39 0.502251 0.488551 0.982631 0.550547
5 0.499908 0.494168 0.981069 0.541619
54 0.504204 0.487255 0.98185 0.554291
8 0.504595 0.489631 0.982631 0.559908
20 0.506157 0.490783 0.968571 0.564516
6 0.500689 0.488767 0.982631 0.554724
30 0.507328 0.487327 0.975601 0.558756
39 0.500689 0.488767 0.982631 0.554724
8 0.648709 0.498272 0.653786 0.542627
54 0.503813 0.487327 0.982631 0.556452
5 0.500689 0.488767 0.982631 0.554724
8 0.503813 0.488191 0.981069 0.560484
20 0.505766 0.490207 0.969353 0.563364
6 0.500689 0.487327 0.981069 0.554147
30 0.505766 0.486751 0.975601 0.559908
39 0.500689 0.487327 0.981069 0.554147
5 0.500689 0.487327 0.981069 0.554147
54 0.503032 0.486751 0.981069 0.557604
8 0.637773 0.494816 0.677219 0.548387
8 0.505376 0.487327 0.982631 0.565668
20 0.507328 0.490207 0.970915 0.565668
6 0.502251 0.486103 0.982631 0.560052
30 0.507719 0.486823 0.976382 0.56322
39 0.502251 0.486103 0.982631 0.560052
54 0.504595 0.486175 0.982631 0.562212
5 0.502251 0.486103 0.982631 0.560052
8 0.503813 0.487327 0.984194 0.563364
20 0.506547 0.489703 0.970915 0.564372
6 0.499908 0.486175 0.984194 0.557604
54 0.503032 0.485527 0.984194 0.560052
8 0.627326 0.493592 0.699676 0.551987
5 0.499908 0.486175 0.984194 0.557604
39 0.499908 0.486175 0.984194 0.557604
30 0.506547 0.486103 0.977164 0.561204
8 0.503032 0.487399 0.984194 0.562068
20 0.506547 0.489343 0.970915 0.565092
6 0.499908 0.486823 0.984194 0.555156
8 0.6284 0.493088 0.69909 0.554147
54 0.506547 0.487039 0.977164 0.562788
30 0.506547 0.487039 0.977164 0.562788
5 0.499908 0.486823 0.984194 0.555156
39 0.499908 0.486823 0.984194 0.555156
8 0.503032 0.488767 0.981069 0.559332
20 0.505376 0.490135 0.970134 0.563508
6 0.500689 0.487399 0.979507 0.554004
54 0.505376 0.490135 0.970134 0.563508
39 0.500689 0.487399 0.979507 0.554004
5 0.500689 0.487399 0.979507 0.554004
30 0.506157 0.487399 0.97482 0.560916
8 0.660425 0.499496 0.627228 0.542483
8 0.503032 0.487975 0.982631 0.559764
20 0.505376 0.489919 0.970134 0.56394
6 0.499908 0.487327 0.982631 0.552995
30 0.505766 0.486463 0.975601 0.559332
39 0.499908 0.487327 0.982631 0.552995
54 0.499908 0.487327 0.982631 0.552995
8 0.655348 0.500576 0.637383 0.540323
5 0.499908 0.487327 0.982631 0.552995
8 0.503813 0.488191 0.982631 0.559332
20 0.506547 0.490207 0.970915 0.563364
6 0.500689 0.487615 0.982631 0.553572
30 0.506938 0.486247 0.976382 0.559764
39 0.500689 0.487615 0.982631 0.553572
8 0.64285 0.497048 0.667065 0.545075
5 0.500689 0.487615 0.982631 0.553572
54 0.500689 0.487615 0.982631 0.553572
8 0.504204 0.487039 0.98185 0.560484
20 0.504985 0.489631 0.977164 0.563364
6 0.50147 0.486463 0.981069 0.554724
54 0.50147 0.486463 0.981069 0.554724
39 0.50147 0.486463 0.981069 0.554724
30 0.506547 0.485599 0.977164 0.559908
5 0.50147 0.486463 0.981069 0.554724
8 0.637773 0.497624 0.672532 0.545075
8 0.504595 0.488983 0.981069 0.5589
20 0.504985 0.491071 0.977164 0.561636
6 0.50147 0.487903 0.981069 0.554147
54 0.50147 0.487903 0.981069 0.554147
30 0.506157 0.486463 0.976382 0.55818
39 0.50147 0.487903 0.981069 0.554147
5 0.50147 0.487903 0.981069 0.554147
8 0.504595 0.488767 0.981069 0.55818
20 0.505376 0.490855 0.976382 0.562068
6 0.50147 0.488479 0.981069 0.552995
30 0.506157 0.486679 0.976382 0.557748
54 0.503813 0.487327 0.982631 0.5553
39 0.50147 0.488479 0.981069 0.552995
8 0.647927 0.500864 0.650661 0.537442
5 0.50147 0.488479 0.981069 0.552995
8 0.503813 0.488767 0.982631 0.555876
20 0.506157 0.490855 0.976382 0.559764
6 0.500689 0.487975 0.982631 0.552851
30 0.503032 0.487327 0.984194 0.5553
54 0.503032 0.487327 0.984194 0.5553
39 0.500689 0.487975 0.982631 0.552851
8 0.504595 0.489055 0.982631 0.556452
20 0.505376 0.490783 0.977945 0.559908
6 0.500689 0.488479 0.982631 0.551843
30 0.503813 0.487039 0.982631 0.555876
39 0.500689 0.488479 0.982631 0.551843
5 0.500689 0.488479 0.982631 0.551843
54 0.503813 0.487039 0.982631 0.555876
8 0.504595 0.488767 0.982631 0.557028
20 0.506157 0.490783 0.977945 0.559908
6 0.501079 0.487903 0.98185 0.552995
30 0.506938 0.486175 0.976382 0.557604
54 0.503813 0.486751 0.984194 0.5553
39 0.501079 0.487903 0.98185 0.552995
5 0.501079 0.487903 0.98185 0.552995
8 0.504204 0.487975 0.98185 0.558612
20 0.504595 0.489919 0.977945 0.561636
6 0.500689 0.487615 0.982631 0.553572
54 0.503813 0.486175 0.982631 0.5553
39 0.500689 0.487615 0.982631 0.553572
30 0.506157 0.485887 0.976382 0.55818
5 0.500689 0.487615 0.982631 0.553572
8 0.503813 0.488191 0.982631 0.557028
20 0.504595 0.490207 0.977945 0.56106
6 0.500689 0.487399 0.982631 0.552851
54 0.503032 0.487039 0.984194 0.555876
30 0.503032 0.487039 0.984194 0.555876
39 0.500689 0.487399 0.982631 0.552851
5 0.500689 0.487399 0.982631 0.552851
8 0.503813 0.487831 0.982631 0.5589
20 0.504595 0.490495 0.977945 0.562788
6 0.500689 0.487255 0.984194 0.555444
30 0.503032 0.486463 0.984194 0.557028
39 0.500689 0.487255 0.984194 0.555444
54 0.503032 0.486463 0.984194 0.557028
5 0.500689 0.487255 0.984194 0.555444
8 0.503813 0.489055 0.982631 0.558756
20 0.504204 0.491071 0.978726 0.562788
6 0.500298 0.488191 0.983413 0.554724
30 0.505376 0.486751 0.977945 0.558756
39 0.500298 0.488191 0.983413 0.554724
54 0.500298 0.488191 0.983413 0.554724
5 0.500298 0.488191 0.983413 0.554724
8 0.503813 0.488479 0.982631 0.559908
20 0.504595 0.491071 0.977945 0.56394
6 0.500689 0.487903 0.982631 0.556452
30 0.506157 0.486751 0.977945 0.559908
39 0.500689 0.487903 0.982631 0.556452
54 0.500689 0.487903 0.982631 0.556452
5 0.500689 0.487903 0.982631 0.556452
8 0.503813 0.488479 0.982631 0.559908
20 0.504595 0.491071 0.977945 0.56394
6 0.500689 0.487399 0.982631 0.556308
30 0.503032 0.486823 0.984194 0.55746
39 0.500689 0.487399 0.982631 0.556308
54 0.503032 0.486823 0.984194 0.55746
5 0.500689 0.487399 0.982631 0.556308
8 0.503813 0.488479 0.982631 0.56106
20 0.504595 0.490783 0.977945 0.564516
6 0.50147 0.487399 0.982631 0.55746
54 0.503423 0.486823 0.983412 0.558612
39 0.50147 0.487399 0.982631 0.55746
5 0.50147 0.487399 0.982631 0.55746
30 0.506157 0.486679 0.977945 0.560052
8 0.503813 0.488191 0.982631 0.561636
20 0.504595 0.490783 0.977945 0.564516
6 0.500689 0.487039 0.982631 0.557028
54 0.503032 0.486751 0.984194 0.558756
39 0.500689 0.487039 0.982631 0.557028
30 0.505376 0.486679 0.977945 0.560052
5 0.500689 0.487039 0.982631 0.557028
8 0.504204 0.488479 0.98185 0.559908
20 0.504595 0.490783 0.977945 0.563364
6 0.501079 0.487327 0.98185 0.5553
30 0.506157 0.486823 0.976382 0.559764
54 0.503813 0.487255 0.982631 0.557748
39 0.501079 0.487327 0.98185 0.5553
5 0.501079 0.487327 0.98185 0.5553
8 0.504204 0.488479 0.98185 0.559908
20 0.504595 0.491071 0.977945 0.56394
6 0.50147 0.487615 0.981069 0.554723
30 0.505766 0.486823 0.977164 0.559764
39 0.50147 0.487615 0.981069 0.554723
54 0.503813 0.486823 0.982631 0.55746
5 0.50147 0.487615 0.981069 0.554723
8 0.503813 0.488191 0.982631 0.560484
20 0.504595 0.490783 0.977945 0.564516
6 0.500689 0.487327 0.982631 0.556452
30 0.503032 0.486679 0.984194 0.557748
54 0.503032 0.486679 0.984194 0.557748
39 0.500689 0.487327 0.982631 0.556452
5 0.500689 0.487327 0.982631 0.556452
8 0.504204 0.488191 0.983413 0.559332
20 0.504595 0.490495 0.977945 0.562788
6 0.500689 0.487399 0.984194 0.555156
30 0.503032 0.486823 0.984194 0.55746
54 0.503032 0.486823 0.984194 0.55746
39 0.500689 0.487399 0.984194 0.555156
8 0.504595 0.488191 0.982631 0.55818
20 0.504595 0.490783 0.977945 0.562212
6 0.50147 0.487831 0.984194 0.554291
30 0.506157 0.486751 0.977945 0.558756
39 0.50147 0.487831 0.984194 0.554291
54 0.503813 0.487255 0.984194 0.556596
5 0.50147 0.487831 0.984194 0.554291
8 0.504595 0.488551 0.982631 0.558612
20 0.506938 0.490135 0.970134 0.563508
6 0.50147 0.487975 0.982631 0.554003
30 0.506157 0.486751 0.977945 0.558756
39 0.50147 0.487975 0.982631 0.554003
5 0.50147 0.487975 0.982631 0.554003
54 0.503813 0.487255 0.982631 0.556596
8 0.504204 0.488983 0.98185 0.5589
20 0.504595 0.491071 0.977945 0.562788
6 0.500689 0.488407 0.982631 0.554291
30 0.506157 0.486823 0.977945 0.558612
39 0.500689 0.488407 0.982631 0.554291
5 0.500689 0.488407 0.982631 0.554291
54 0.500689 0.488407 0.982631 0.554291
8 0.504204 0.488767 0.98185 0.559332
20 0.504595 0.491359 0.977945 0.563364
6 0.501079 0.488191 0.98185 0.554724
30 0.506157 0.486751 0.977945 0.558756
39 0.501079 0.488191 0.98185 0.554724
5 0.501079 0.488191 0.98185 0.554724
54 0.501079 0.488191 0.98185 0.554724
8 0.504204 0.488479 0.98185 0.559908
20 0.504985 0.491071 0.977164 0.56394
6 0.500689 0.487903 0.982631 0.5553
30 0.506157 0.486823 0.977945 0.559764
39 0.500689 0.487903 0.982631 0.5553
5 0.500689 0.487903 0.982631 0.5553
54 0.503813 0.487039 0.982631 0.557028
8 0.503813 0.488767 0.982631 0.559332
20 0.504985 0.491359 0.977164 0.563364
6 0.501079 0.487975 0.98185 0.555156
30 0.506157 0.486751 0.977945 0.558756
39 0.501079 0.487975 0.98185 0.555156
5 0.501079 0.487975 0.98185 0.555156
54 0.503813 0.487039 0.982631 0.557028
8 0.504204 0.488983 0.98185 0.5589
20 0.504985 0.491359 0.977164 0.563364
6 0.50147 0.488191 0.981069 0.554724
30 0.506157 0.487039 0.977945 0.559332
39 0.50147 0.488191 0.981069 0.554724
5 0.50147 0.488191 0.981069 0.554724
54 0.503813 0.487255 0.982631 0.556596
8 0.504204 0.488983 0.98185 0.5589
20 0.504985 0.491359 0.977164 0.563364
6 0.501079 0.488191 0.98185 0.554724
30 0.506157 0.487039 0.977945 0.559332
39 0.501079 0.488191 0.98185 0.554724
5 0.501079 0.488191 0.98185 0.554724
54 0.503813 0.487255 0.982631 0.556596
8 0.503813 0.488767 0.982631 0.559332
20 0.504595 0.491359 0.977945 0.563364
6 0.501079 0.487903 0.98185 0.554147
30 0.506157 0.486751 0.976382 0.558756
39 0.501079 0.487903 0.98185 0.554147
5 0.501079 0.487903 0.98185 0.554147
54 0.503813 0.487255 0.982631 0.556596
8 0.503813 0.488767 0.982631 0.559332
20 0.504595 0.491071 0.977945 0.562788
6 0.501079 0.487903 0.98185 0.554147
30 0.506157 0.486751 0.976382 0.558756
39 0.501079 0.487903 0.98185 0.554147
5 0.501079 0.487903 0.98185 0.554147
54 0.503813 0.487327 0.982631 0.556452
