22 0.526465 0.515265 0.871714 0.395737
62 0.472569 0.531394 0.867028 0.358871
22 0.431561 0.543635 0.767827 0.311348
72 0.431561 0.543635 0.767827 0.311348
72 0.526465 0.515265 0.871714 0.395737
2 0.472569 0.531394 0.867028 0.358871
2 0.612778 0.512961 0.703776 0.346198
3 0.526465 0.515265 0.871714 0.395737
3 0.431561 0.543635 0.767827 0.311348
22 0.684249 0.511521 0.612387 0.34447
62 0.621077 0.502304 0.693427 0.366359
2 0.401098 0.546083 0.689717 0.291475
35 0.472569 0.531394 0.867028 0.358871
4 0.5788 0.495968 0.779544 0.391705
41 0.504595 0.520161 0.88265 0.402074
41 0.431561 0.543635 0.767827 0.311348
35 0.5788 0.495968 0.779544 0.391705
22 0.339781 0.559332 0.598327 0.258065
3 0.339781 0.559332 0.598327 0.258065
60 0.339781 0.559332 0.598327 0.258065
60 0.472569 0.531394 0.867028 0.358871
21 0.5788 0.495968 0.779544 0.391705
52 0.621077 0.502304 0.693427 0.366359
60 0.621077 0.502304 0.693427 0.366359
57 0.621077 0.502304 0.693427 0.366359
4 0.472569 0.531394 0.867028 0.358871
36 0.526465 0.515265 0.871714 0.395737
64 0.431561 0.543635 0.767827 0.311348
31 0.431561 0.543635 0.767827 0.311348
4 0.7276 0.516129 0.499127 0.329493
72 0.684249 0.511521 0.612387 0.34447
2 0.7276 0.516129 0.499127 0.329493
52 0.533495 0.487327 0.85453 0.430876
23 0.526465 0.515265 0.871714 0.395737
35 0.366925 0.552419 0.665893 0.279954
62 0.7276 0.516129 0.499127 0.329493
64 0.468273 0.49856 0.83344 0.417627
22 0.752986 0.506624 0.457728 0.304724
72 0.339781 0.559332 0.598327 0.258065
62 0.366925 0.552419 0.665893 0.279954
52 0.431561 0.543635 0.767827 0.311348
35 0.684249 0.511521 0.612387 0.34447
31 0.504595 0.520161 0.88265 0.402074
10 0.5788 0.495968 0.779544 0.391705
10 0.472569 0.531394 0.867028 0.358871
60 0.7276 0.516129 0.499127 0.329493
58 0.366925 0.552419 0.665893 0.279954
58 0.504595 0.520161 0.88265 0.402074
3 0.681515 0.521601 0.600671 0.323157
57 0.533495 0.487327 0.85453 0.430876
4 0.366925 0.552419 0.665893 0.279954
41 0.339781 0.559332 0.598327 0.258065
57 0.7276 0.516129 0.499127 0.329493
36 0.431561 0.543635 0.767827 0.311348
35 0.752986 0.506624 0.457728 0.304724
64 0.684249 0.511521 0.612387 0.34447
69 0.431561 0.543635 0.767827 0.311348
8 0.684249 0.511521 0.612387 0.34447
39 0.567864 0.510369 0.788917 0.373272
31 0.299945 0.560916 0.53662 0.258352
10 0.366925 0.552419 0.665893 0.279954
37 0.431561 0.543635 0.767827 0.311348
33 0.5788 0.495968 0.779544 0.391705
36 0.684249 0.511521 0.612387 0.34447
23 0.431561 0.543635 0.767827 0.311348
57 0.431561 0.543635 0.767827 0.311348
58 0.621077 0.502304 0.693427 0.366359
72 0.752986 0.506624 0.457728 0.304724
31 0.684249 0.511521 0.612387 0.34447
69 0.504595 0.520161 0.88265 0.402074
2 0.299945 0.560916 0.53662 0.258352
3 0.260889 0.567396 0.448355 0.260369
44 0.567864 0.510369 0.788917 0.373272
69 0.621077 0.502304 0.693427 0.366359
23 0.684249 0.511521 0.612387 0.34447
37 0.7276 0.516129 0.499127 0.329493
22 0.260889 0.567396 0.448355 0.260369
21 0.684249 0.511521 0.612387 0.34447
21 0.736583 0.491935 0.474912 0.394009
21 0.472569 0.531394 0.867028 0.358871
37 0.504595 0.520161 0.88265 0.402074
45 0.681515 0.521601 0.600671 0.323157
37 0.621077 0.502304 0.693427 0.366359
33 0.431561 0.543635 0.767827 0.311348
52 0.299945 0.560916 0.53662 0.258352
49 0.431561 0.543635 0.767827 0.311348
52 0.7276 0.516129 0.499127 0.329493
36 0.299945 0.560916 0.53662 0.258352
39 0.684249 0.511521 0.612387 0.34447
8 0.526465 0.515265 0.871714 0.395737
22 0.611215 0.458813 0.658472 0.485599
56 0.504595 0.520161 0.88265 0.402074
45 0.521095 0.533122 0.7731 0.429147
41 0.621077 0.502304 0.693427 0.366359
40 0.472569 0.531394 0.867028 0.358871
37 0.339781 0.559332 0.598327 0.258065
49 0.621077 0.502304 0.693427 0.366359
44 0.431561 0.543635 0.767827 0.311348
57 0.753377 0.585253 0.399145 0.384793
7 0.621077 0.502304 0.693427 0.366359
2 0.49405 0.502592 0.930297 0.364631
4 0.511624 0.49424 0.926392 0.387097
3 0.49405 0.502592 0.930297 0.364631
22 0.49405 0.502592 0.930297 0.364631
10 0.511624 0.49424 0.926392 0.387097
36 0.510843 0.497408 0.926392 0.385369
60 0.49405 0.502592 0.930297 0.364631
62 0.510843 0.497408 0.926392 0.385369
52 0.49405 0.502592 0.930297 0.364631
58 0.442887 0.520737 0.796728 0.31682
35 0.510843 0.497408 0.926392 0.385369
58 0.511624 0.49424 0.926392 0.387097
4 0.442887 0.520737 0.796728 0.31682
23 0.510843 0.497408 0.926392 0.385369
57 0.516702 0.497696 0.909988 0.384793
69 0.49405 0.502592 0.930297 0.364631
10 0.442887 0.520737 0.796728 0.31682
21 0.511624 0.49424 0.926392 0.387097
2 0.392506 0.525058 0.67097 0.317396
58 0.343101 0.534562 0.608872 0.279954
44 0.510843 0.497408 0.926392 0.385369
4 0.123708 0.556308 0.198206 0.216878
33 0.510843 0.497408 0.926392 0.385369
7 0.511624 0.49424 0.926392 0.387097
8 0.510843 0.497408 0.926392 0.385369
3 0.343101 0.534562 0.608872 0.279954
2 0.653102 0.501728 0.627814 0.383641
4 0.0950997 0.559332 0.145676 0.224654
5 0.511624 0.49424 0.926392 0.387097
60 0.343101 0.534562 0.608872 0.279954
65 0.492878 0.5 0.924829 0.373272
31 0.49405 0.502592 0.930297 0.364631
39 0.514749 0.496832 0.904521 0.391129
22 0.343101 0.534562 0.608872 0.279954
62 0.653102 0.501728 0.627814 0.383641
4 0.653102 0.501728 0.627814 0.383641
32 0.516702 0.497696 0.909988 0.384793
66 0.511624 0.49424 0.926392 0.387097
22 0.653102 0.501728 0.627814 0.383641
72 0.510843 0.497408 0.926392 0.385369
34 0.516702 0.497696 0.909988 0.384793
56 0.511624 0.49424 0.926392 0.387097
20 0.510843 0.497408 0.926392 0.385369
57 0.442887 0.520737 0.796728 0.31682
10 0.343101 0.534562 0.608872 0.279954
4 0.343101 0.534562 0.608872 0.279954
5 0.442887 0.520737 0.796728 0.31682
64 0.49405 0.502592 0.930297 0.364631
2 0.303069 0.543779 0.50147 0.286866
52 0.653102 0.501728 0.627814 0.383641
57 0.653102 0.501728 0.627814 0.383641
45 0.514749 0.496832 0.904521 0.391129
32 0.442887 0.520737 0.796728 0.31682
7 0.442887 0.520737 0.796728 0.31682
36 0.653102 0.501728 0.627814 0.383641
60 0.653102 0.501728 0.627814 0.383641
36 0.392506 0.525058 0.67097 0.317396
3 0.653102 0.501728 0.627814 0.383641
23 0.343101 0.534562 0.608872 0.279954
52 0.343101 0.534562 0.608872 0.279954
69 0.392506 0.525058 0.67097 0.317396
21 0.442887 0.520737 0.796728 0.31682
5 0.653102 0.501728 0.627814 0.383641
59 0.492878 0.5 0.924829 0.373272
66 0.442887 0.520737 0.796728 0.31682
56 0.442887 0.520737 0.796728 0.31682
2 0.122438 0.567972 0.200354 0.230415
65 0.394459 0.46803 0.646756 0.433756
49 0.436638 0.514689 0.782668 0.34159
10 0.653102 0.501728 0.627814 0.383641
4 0.394459 0.46803 0.646756 0.433756
62 0.343101 0.534562 0.608872 0.279954
39 0.653102 0.501728 0.627814 0.383641
7 0.343101 0.534562 0.608872 0.279954
35 0.392506 0.525058 0.67097 0.317396
41 0.49405 0.502592 0.930297 0.364631
8 0.653102 0.501728 0.627814 0.383641
30 0.514749 0.496832 0.904521 0.391129
2 0.591297 0.539747 0.626447 0.458525
65 0.345835 0.528802 0.610434 0.304147
65 0.599108 0.485311 0.69206 0.416475
64 0.660425 0.498272 0.595984 0.384793
37 0.442887 0.520737 0.796728 0.31682
20 0.392506 0.525058 0.67097 0.317396
29 0.510843 0.497408 0.926392 0.385369
21 0.653102 0.501728 0.627814 0.383641
34 0.442887 0.520737 0.796728 0.31682
49 0.345835 0.528802 0.610434 0.304147
40 0.516702 0.497696 0.909988 0.384793
67 0.514749 0.496832 0.904521 0.391129
35 0.653102 0.501728 0.627814 0.383641
57 0.343101 0.534562 0.608872 0.279954
0 0.49405 0.502592 0.930297 0.364631
69 0.599108 0.485311 0.69206 0.416475
34 0.653102 0.501728 0.627814 0.383641
58 0.653102 0.501728 0.627814 0.383641
23 0.653102 0.501728 0.627814 0.383641
45 0.660425 0.498272 0.595984 0.384793
7 0.653102 0.501728 0.627814 0.383641
32 0.653102 0.501728 0.627814 0.383641
10 0.394459 0.46803 0.646756 0.433756
4 0.0835783 0.510945 0.122048 0.286866
44 0.653102 0.501728 0.627814 0.383641
44 0.392506 0.525058 0.67097 0.317396
31 0.653102 0.501728 0.627814 0.383641
33 0.653102 0.501728 0.627814 0.383641
31 0.343101 0.534562 0.608872 0.279954
4 0.867223 0.454493 0.252688 0.22235
58 0.512015 0.499136 0.941233 0.360023
4 0.508891 0.493664 0.931859 0.383641
2 0.512015 0.499136 0.941233 0.360023
23 0.512015 0.499136 0.941233 0.360023
52 0.512015 0.499136 0.941233 0.360023
3 0.512015 0.499136 0.941233 0.360023
10 0.512015 0.499136 0.941233 0.360023
60 0.512015 0.499136 0.941233 0.360023
62 0.512015 0.499136 0.941233 0.360023
57 0.508891 0.493664 0.931859 0.383641
8 0.508891 0.497696 0.930297 0.37212
58 0.434393 0.534562 0.768413 0.288018
5 0.508891 0.493664 0.931859 0.383641
34 0.508891 0.493664 0.931859 0.383641
36 0.512015 0.499136 0.941233 0.360023
44 0.512015 0.499136 0.941233 0.360023
67 0.512015 0.499136 0.941233 0.360023
21 0.508891 0.497696 0.930297 0.37212
22 0.508891 0.493664 0.931859 0.383641
69 0.512015 0.499136 0.941233 0.360023
59 0.512015 0.499136 0.941233 0.360023
20 0.512015 0.499136 0.941233 0.360023
32 0.508891 0.493664 0.931859 0.383641
29 0.512015 0.499136 0.941233 0.360023
65 0.512406 0.490783 0.940452 0.382488
35 0.512015 0.499136 0.941233 0.360023
33 0.512015 0.499136 0.941233 0.360023
66 0.508891 0.493664 0.931859 0.383641
7 0.508891 0.493664 0.931859 0.383641
39 0.508891 0.497696 0.930297 0.37212
23 0.434393 0.534562 0.768413 0.288018
56 0.512406 0.490783 0.940452 0.382488
30 0.508891 0.497696 0.930297 0.37212
0 0.512015 0.499136 0.941233 0.360023
10 0.434393 0.534562 0.768413 0.288018
60 0.434393 0.534562 0.768413 0.288018
4 0.420626 0.529378 0.733459 0.3053
4 0.660816 0.507776 0.610825 0.366935
31 0.512015 0.499136 0.941233 0.360023
3 0.434393 0.534562 0.768413 0.288018
52 0.434393 0.534562 0.768413 0.288018
67 0.434393 0.534562 0.768413 0.288018
45 0.508891 0.497696 0.930297 0.37212
61 0.508891 0.497696 0.930297 0.37212
2 0.434393 0.534562 0.768413 0.288018
6 0.504595 0.510945 0.940452 0.335253
66 0.597937 0.457661 0.716274 0.461406
2 0.129859 0.573157 0.227692 0.243088
58 0.325721 0.547811 0.566302 0.264977
52 0.660816 0.507776 0.610825 0.366935
4 0.597937 0.457661 0.716274 0.461406
20 0.434393 0.534562 0.768413 0.288018
2 0.660816 0.507776 0.610825 0.366935
58 0.660816 0.507776 0.610825 0.366935
4 0.129859 0.573157 0.227692 0.243088
57 0.660816 0.507776 0.610825 0.366935
69 0.434393 0.534562 0.768413 0.288018
28 0.508891 0.493664 0.931859 0.383641
44 0.434393 0.534562 0.768413 0.288018
1 0.512015 0.499136 0.941233 0.360023
5 0.660816 0.507776 0.610825 0.366935
59 0.434393 0.534562 0.768413 0.288018
36 0.434393 0.534562 0.768413 0.288018
65 0.420626 0.529378 0.733459 0.3053
62 0.660816 0.507776 0.610825 0.366935
34 0.660816 0.507776 0.610825 0.366935
5 0.434393 0.534562 0.768413 0.288018
22 0.434393 0.534562 0.768413 0.288018
22 0.660816 0.507776 0.610825 0.366935
62 0.434393 0.534562 0.768413 0.288018
0 0.518264 0.439804 0.859998 0.493664
44 0.518264 0.439804 0.859998 0.493664
34 0.597937 0.457661 0.716274 0.461406
72 0.512015 0.499136 0.941233 0.360023
10 0.510062 0.438652 0.870152 0.489055
57 0.434393 0.534562 0.768413 0.288018
29 0.510062 0.438652 0.870152 0.489055
59 0.660816 0.507776 0.610825 0.366935
60 0.660816 0.507776 0.610825 0.366935
62 0.518264 0.439804 0.859998 0.493664
32 0.597937 0.457661 0.716274 0.461406
23 0.660816 0.507776 0.610825 0.366935
29 0.434393 0.534562 0.768413 0.288018
2 0.518264 0.439804 0.859998 0.493664
64 0.508891 0.497696 0.930297 0.37212
21 0.660816 0.507776 0.610825 0.366935
65 0.597937 0.457661 0.716274 0.461406
8 0.434393 0.534562 0.768413 0.288018
32 0.434393 0.534562 0.768413 0.288018
39 0.660816 0.507776 0.610825 0.366935
5 0.597937 0.457661 0.716274 0.461406
20 0.510062 0.438652 0.870152 0.489055
36 0.518264 0.439804 0.859998 0.493664
35 0.518264 0.439804 0.859998 0.493664
3 0.660816 0.507776 0.610825 0.366935
32 0.660816 0.507776 0.610825 0.366935
67 0.660425 0.507776 0.599108 0.365783
56 0.434393 0.534562 0.768413 0.288018
66 0.420626 0.529378 0.733459 0.3053
49 0.512406 0.490783 0.940452 0.382488
8 0.660816 0.507776 0.610825 0.366935
3 0.518264 0.439804 0.859998 0.493664
31 0.434393 0.534562 0.768413 0.288018
10 0.660816 0.507776 0.610825 0.366935
61 0.434393 0.534562 0.768413 0.288018
45 0.660425 0.507776 0.599108 0.365783
23 0.135327 0.562788 0.226911 0.238479
52 0.518264 0.439804 0.859998 0.493664
30 0.660425 0.507776 0.599108 0.365783
49 0.420626 0.529378 0.733459 0.3053
44 0.660816 0.507776 0.610825 0.366935
1 0.434393 0.534562 0.768413 0.288018
23 0.510062 0.438652 0.870152 0.489055
36 0.660816 0.507776 0.610825 0.366935
67 0.325721 0.547811 0.566302 0.264977
7 0.660816 0.507776 0.610825 0.366935
41 0.512406 0.490783 0.940452 0.382488
69 0.518264 0.439804 0.859998 0.493664
0 0.660816 0.507776 0.610825 0.366935
4 0.0907792 0.562356 0.147287 0.24856
0 0.420626 0.529378 0.733459 0.3053
39 0.597937 0.457661 0.716274 0.461406
60 0.518264 0.439804 0.859998 0.493664
30 0.597937 0.457661 0.716274 0.461406
33 0.518264 0.439804 0.859998 0.493664
10 0.325721 0.547811 0.566302 0.264977
66 0.660816 0.507776 0.610825 0.366935
29 0.660816 0.507776 0.610825 0.366935
34 0.434393 0.534562 0.768413 0.288018
58 0.506157 0.491935 0.956074 0.389401
4 0.506938 0.496544 0.957636 0.37788
23 0.506157 0.491935 0.956074 0.389401
52 0.506157 0.491935 0.956074 0.389401
20 0.506938 0.496544 0.957636 0.37788
7 0.506938 0.496544 0.957636 0.37788
10 0.506938 0.496544 0.957636 0.37788
2 0.506157 0.491935 0.956074 0.389401
5 0.506938 0.496544 0.957636 0.37788
34 0.506938 0.496544 0.957636 0.37788
62 0.506938 0.496544 0.957636 0.37788
3 0.506938 0.496544 0.957636 0.37788
60 0.506938 0.496544 0.957636 0.37788
66 0.506938 0.496544 0.957636 0.37788
57 0.506157 0.491935 0.956074 0.389401
36 0.506157 0.491935 0.956074 0.389401
28 0.506938 0.496544 0.957636 0.37788
67 0.506157 0.491935 0.956074 0.389401
0 0.506938 0.496544 0.957636 0.37788
65 0.506938 0.496544 0.957636 0.37788
8 0.506157 0.491935 0.956074 0.389401
59 0.506157 0.491935 0.956074 0.389401
32 0.509281 0.49712 0.945138 0.376728
44 0.506157 0.491935 0.956074 0.389401
29 0.506157 0.491935 0.956074 0.389401
22 0.506938 0.496544 0.957636 0.37788
1 0.506938 0.496544 0.957636 0.37788
21 0.506157 0.491935 0.956074 0.389401
69 0.506157 0.491935 0.956074 0.389401
61 0.506157 0.491935 0.956074 0.389401
56 0.506938 0.496544 0.957636 0.37788
30 0.506157 0.491935 0.956074 0.389401
6 0.503032 0.495104 0.957636 0.386521
31 0.506157 0.491935 0.956074 0.389401
33 0.506157 0.491935 0.956074 0.389401
35 0.506157 0.491935 0.956074 0.389401
68 0.448355 0.518433 0.821724 0.339862
54 0.503032 0.480991 0.904521 0.415899
39 0.506157 0.491935 0.956074 0.389401
58 0.696747 0.508065 0.546774 0.354839
45 0.506157 0.491935 0.956074 0.389401
68 0.344077 0.542627 0.616293 0.285714
52 0.413205 0.533698 0.737364 0.304724
4 0.696747 0.508065 0.546774 0.354839
54 0.400707 0.484447 0.650661 0.39977
58 0.413205 0.533698 0.737364 0.304724
23 0.696747 0.508065 0.546774 0.354839
10 0.344077 0.542627 0.616293 0.285714
4 0.344077 0.542627 0.616293 0.285714
57 0.696747 0.508065 0.546774 0.354839
20 0.413205 0.533698 0.737364 0.304724
23 0.413205 0.533698 0.737364 0.304724
5 0.696747 0.508065 0.546774 0.354839
52 0.696747 0.508065 0.546774 0.354839
31 0.696747 0.508065 0.546774 0.354839
67 0.413205 0.533698 0.737364 0.304724
34 0.696747 0.508065 0.546774 0.354839
59 0.696747 0.508065 0.546774 0.354839
2 0.696747 0.508065 0.546774 0.354839
0 0.696747 0.508065 0.546774 0.354839
1 0.344077 0.542627 0.616293 0.285714
61 0.413205 0.533698 0.737364 0.304724
28 0.696747 0.508065 0.546774 0.354839
7 0.696747 0.508065 0.546774 0.354839
36 0.413205 0.533698 0.737364 0.304724
65 0.344077 0.542627 0.616293 0.285714
69 0.413205 0.533698 0.737364 0.304724
28 0.400707 0.484447 0.650661 0.39977
62 0.696747 0.508065 0.546774 0.354839
5 0.413205 0.533698 0.737364 0.304724
6 0.413205 0.533698 0.737364 0.304724
54 0.335485 0.531106 0.581924 0.31106
28 0.335485 0.531106 0.581924 0.31106
60 0.696747 0.508065 0.546774 0.354839
32 0.696747 0.508065 0.546774 0.354839
66 0.700262 0.49856 0.517873 0.38076
60 0.413205 0.533698 0.737364 0.304724
36 0.696747 0.508065 0.546774 0.354839
56 0.413205 0.533698 0.737364 0.304724
59 0.413205 0.533698 0.737364 0.304724
54 0.700262 0.49856 0.517873 0.38076
41 0.503032 0.480991 0.904521 0.415899
4 0.502251 0.491647 0.970134 0.378456
52 0.502251 0.491647 0.970134 0.378456
23 0.502251 0.491647 0.970134 0.378456
58 0.502251 0.491647 0.970134 0.378456
2 0.502251 0.491647 0.970134 0.378456
3 0.502251 0.491647 0.970134 0.378456
28 0.502251 0.4928 0.970134 0.379608
10 0.502251 0.491647 0.970134 0.378456
67 0.502251 0.491647 0.970134 0.378456
66 0.502251 0.4928 0.970134 0.379608
0 0.502251 0.4928 0.970134 0.379608
69 0.502251 0.4928 0.970134 0.379608
22 0.502251 0.4928 0.970134 0.379608
5 0.502251 0.4928 0.970134 0.379608
60 0.502251 0.4928 0.970134 0.379608
57 0.502251 0.491647 0.970134 0.378456
32 0.502251 0.4928 0.970134 0.379608
7 0.502251 0.4928 0.970134 0.379608
34 0.502251 0.4928 0.970134 0.379608
62 0.502251 0.491647 0.970134 0.378456
44 0.502251 0.4928 0.970134 0.379608
21 0.502251 0.491647 0.970134 0.378456
56 0.502251 0.4928 0.970134 0.379608
59 0.502251 0.491647 0.970134 0.378456
20 0.502251 0.491647 0.970134 0.378456
30 0.502251 0.491647 0.970134 0.378456
1 0.502251 0.496256 0.971696 0.373848
61 0.502251 0.491647 0.970134 0.378456
8 0.502251 0.491647 0.970134 0.378456
36 0.502251 0.491647 0.970134 0.378456
29 0.502251 0.491647 0.970134 0.378456
65 0.502251 0.4928 0.970134 0.379608
6 0.502251 0.4928 0.970134 0.379608
31 0.502251 0.491647 0.970134 0.378456
35 0.502251 0.491647 0.970134 0.378456
39 0.502251 0.491647 0.970134 0.378456
45 0.502251 0.491647 0.970134 0.378456
54 0.499908 0.460253 0.927954 0.471198
33 0.502251 0.491647 0.970134 0.378456
68 0.469445 0.523329 0.877963 0.320853
52 0.405785 0.536866 0.731896 0.294931
4 0.353841 0.541331 0.650661 0.281394
58 0.353841 0.541331 0.650661 0.281394
58 0.693622 0.498848 0.549899 0.383641
68 0.353841 0.541331 0.650661 0.281394
54 0.389772 0.456293 0.638945 0.46875
23 0.405785 0.536866 0.731896 0.294931
69 0.405785 0.536866 0.731896 0.294931
10 0.353841 0.541331 0.650661 0.281394
4 0.693622 0.498848 0.549899 0.383641
54 0.323183 0.488479 0.573722 0.398618
67 0.405785 0.536866 0.731896 0.294931
3 0.353841 0.541331 0.650661 0.281394
22 0.353841 0.541331 0.650661 0.281394
4 0.323183 0.488479 0.573722 0.398618
2 0.405785 0.536866 0.731896 0.294931
60 0.405785 0.536866 0.731896 0.294931
4 0.620589 0.452117 0.67097 0.490927
0 0.620589 0.452117 0.67097 0.490927
61 0.405785 0.536866 0.731896 0.294931
66 0.620589 0.452117 0.67097 0.490927
56 0.405785 0.536866 0.731896 0.294931
1 0.353841 0.541331 0.650661 0.281394
6 0.405785 0.536866 0.731896 0.294931
68 0.323183 0.488479 0.573722 0.398618
57 0.693622 0.498848 0.549899 0.383641
23 0.693622 0.498848 0.549899 0.383641
0 0.353841 0.541331 0.650661 0.281394
0 0.323183 0.488479 0.573722 0.398618
28 0.620589 0.452117 0.67097 0.490927
5 0.693622 0.498848 0.549899 0.383641
52 0.693622 0.498848 0.549899 0.383641
59 0.353841 0.541331 0.650661 0.281394
31 0.693622 0.498848 0.549899 0.383641
44 0.405785 0.536866 0.731896 0.294931
31 0.405785 0.536866 0.731896 0.294931
57 0.353841 0.541331 0.650661 0.281394
68 0.499908 0.460253 0.927954 0.471198
54 0.693622 0.442108 0.528028 0.505184
36 0.405785 0.536866 0.731896 0.294931
4 0.500298 0.512673 0.970915 0.353687
23 0.500298 0.512673 0.970915 0.353687
58 0.499127 0.509505 0.967009 0.355415
52 0.499127 0.509505 0.967009 0.355415
59 0.500298 0.512673 0.970915 0.353687
3 0.500298 0.512673 0.970915 0.353687
10 0.500298 0.512673 0.970915 0.353687
2 0.500298 0.512673 0.970915 0.353687
1 0.500298 0.512673 0.970915 0.353687
67 0.500298 0.512673 0.970915 0.353687
8 0.500298 0.512673 0.970915 0.353687
31 0.499127 0.509505 0.967009 0.355415
28 0.498736 0.501152 0.96779 0.368664
36 0.500298 0.512673 0.970915 0.353687
22 0.499127 0.509505 0.967009 0.355415
30 0.500298 0.512673 0.970915 0.353687
29 0.500298 0.512673 0.970915 0.353687
32 0.500298 0.512673 0.970915 0.353687
7 0.499908 0.500288 0.971696 0.375
44 0.500298 0.512673 0.970915 0.353687
0 0.499908 0.500288 0.971696 0.375
34 0.500298 0.512673 0.970915 0.353687
21 0.499127 0.509505 0.967009 0.355415
57 0.500298 0.512673 0.970915 0.353687
56 0.499908 0.500288 0.971696 0.375
5 0.499127 0.509505 0.967009 0.355415
20 0.500298 0.512673 0.970915 0.353687
45 0.500298 0.512673 0.970915 0.353687
60 0.498736 0.501152 0.96779 0.368664
62 0.500298 0.512673 0.970915 0.353687
61 0.500298 0.512673 0.970915 0.353687
66 0.499908 0.500288 0.971696 0.375
6 0.499908 0.500288 0.971696 0.375
69 0.499908 0.500288 0.971696 0.375
39 0.499127 0.509505 0.967009 0.355415
65 0.499908 0.500288 0.971696 0.375
35 0.499908 0.500288 0.971696 0.375
68 0.474522 0.529378 0.894366 0.319124
54 0.492878 0.450749 0.938889 0.476382
33 0.500298 0.512673 0.970915 0.353687
4 0.428437 0.535714 0.786574 0.304147
4 0.340562 0.554003 0.624885 0.265265
4 0.355794 0.491647 0.655348 0.387673
52 0.428437 0.535714 0.786574 0.304147
10 0.340562 0.554003 0.624885 0.265265
68 0.340562 0.554003 0.624885 0.265265
58 0.633868 0.501152 0.650661 0.37788
4 0.446402 0.445853 0.828753 0.487327
28 0.446402 0.445853 0.828753 0.487327
23 0.340562 0.554003 0.624885 0.265265
23 0.428437 0.535714 0.786574 0.304147
3 0.340562 0.554003 0.624885 0.265265
1 0.340562 0.554003 0.624885 0.265265
58 0.340562 0.554003 0.624885 0.265265
1 0.355794 0.491647 0.655348 0.387673
36 0.340562 0.554003 0.624885 0.265265
68 0.355794 0.491647 0.655348 0.387673
1 0.446402 0.445853 0.828753 0.487327
10 0.428437 0.535714 0.786574 0.304147
10 0.355794 0.491647 0.655348 0.387673
4 0.633868 0.501152 0.650661 0.37788
36 0.428437 0.535714 0.786574 0.304147
3 0.428437 0.535714 0.786574 0.304147
28 0.355794 0.491647 0.655348 0.387673
57 0.633868 0.501152 0.650661 0.37788
68 0.446402 0.445853 0.828753 0.487327
0 0.355794 0.491647 0.655348 0.387673
22 0.340562 0.554003 0.624885 0.265265
59 0.340562 0.554003 0.624885 0.265265
29 0.446402 0.445853 0.828753 0.487327
20 0.340562 0.554003 0.624885 0.265265
31 0.428437 0.535714 0.786574 0.304147
58 0.428437 0.535714 0.786574 0.304147
44 0.340562 0.554003 0.624885 0.265265
3 0.355794 0.491647 0.655348 0.387673
52 0.340562 0.554003 0.624885 0.265265
44 0.428437 0.535714 0.786574 0.304147
10 0.446402 0.445853 0.828753 0.487327
7 0.355794 0.491647 0.655348 0.387673
69 0.428437 0.535714 0.786574 0.304147
66 0.446402 0.445853 0.828753 0.487327
59 0.428437 0.535714 0.786574 0.304147
2 0.428437 0.535714 0.786574 0.304147
65 0.355794 0.491647 0.655348 0.387673
22 0.355794 0.491647 0.655348 0.387673
31 0.340562 0.554003 0.624885 0.265265
31 0.633868 0.501152 0.650661 0.37788
0 0.446402 0.445853 0.828753 0.487327
28 0.340562 0.554003 0.624885 0.265265
54 0.355794 0.491647 0.655348 0.387673
67 0.428437 0.535714 0.786574 0.304147
22 0.428437 0.535714 0.786574 0.304147
1 0.428437 0.535714 0.786574 0.304147
56 0.428437 0.535714 0.786574 0.304147
8 0.428437 0.535714 0.786574 0.304147
61 0.428437 0.535714 0.786574 0.304147
65 0.340562 0.554003 0.624885 0.265265
20 0.355794 0.491647 0.655348 0.387673
32 0.428437 0.535714 0.786574 0.304147
29 0.355794 0.491647 0.655348 0.387673
7 0.340562 0.554003 0.624885 0.265265
44 0.355794 0.491647 0.655348 0.387673
65 0.446402 0.445853 0.828753 0.487327
67 0.340562 0.554003 0.624885 0.265265
20 0.428437 0.535714 0.786574 0.304147
29 0.340562 0.554003 0.624885 0.265265
20 0.446402 0.445853 0.828753 0.487327
5 0.355794 0.491647 0.655348 0.387673
6 0.446402 0.445853 0.828753 0.487327
21 0.428437 0.535714 0.786574 0.304147
44 0.446402 0.445853 0.828753 0.487327
57 0.340562 0.554003 0.624885 0.265265
5 0.340562 0.554003 0.624885 0.265265
57 0.428437 0.535714 0.786574 0.304147
32 0.340562 0.554003 0.624885 0.265265
5 0.446402 0.445853 0.828753 0.487327
23 0.355794 0.491647 0.655348 0.387673
6 0.340562 0.554003 0.624885 0.265265
60 0.428437 0.535714 0.786574 0.304147
8 0.340562 0.554003 0.624885 0.265265
28 0.428437 0.535714 0.786574 0.304147
56 0.340562 0.554003 0.624885 0.265265
69 0.340562 0.554003 0.624885 0.265265
61 0.340562 0.554003 0.624885 0.265265
6 0.428437 0.535714 0.786574 0.304147
66 0.355794 0.491647 0.655348 0.387673
60 0.340562 0.554003 0.624885 0.265265
45 0.428437 0.535714 0.786574 0.304147
7 0.446402 0.445853 0.828753 0.487327
23 0.633868 0.501152 0.650661 0.37788
5 0.428437 0.535714 0.786574 0.304147
36 0.355794 0.491647 0.655348 0.387673
56 0.355794 0.491647 0.655348 0.387673
0 0.340562 0.554003 0.624885 0.265265
0 0.428437 0.535714 0.786574 0.304147
34 0.355794 0.491647 0.655348 0.387673
62 0.340562 0.554003 0.624885 0.265265
34 0.428437 0.535714 0.786574 0.304147
34 0.446402 0.445853 0.828753 0.487327
60 0.355794 0.491647 0.655348 0.387673
4 0.504594 0.513825 0.971696 0.351382
23 0.504594 0.513825 0.971696 0.351382
58 0.504594 0.513825 0.971696 0.351382
2 0.504594 0.513825 0.971696 0.351382
52 0.504594 0.513825 0.971696 0.351382
3 0.503813 0.512097 0.971696 0.345622
22 0.504594 0.513825 0.971696 0.351382
34 0.503813 0.512097 0.971696 0.345622
31 0.504594 0.513825 0.971696 0.351382
60 0.503813 0.512097 0.971696 0.345622
57 0.504594 0.513825 0.971696 0.351382
7 0.503813 0.512097 0.971696 0.345622
67 0.504594 0.513825 0.971696 0.351382
5 0.503813 0.512097 0.971696 0.345622
0 0.503813 0.512097 0.971696 0.345622
69 0.503813 0.512097 0.971696 0.345622
10 0.504594 0.513825 0.971696 0.351382
28 0.503813 0.512097 0.971696 0.345622
1 0.502642 0.515553 0.972477 0.351382
32 0.503813 0.512097 0.971696 0.345622
59 0.504594 0.513825 0.971696 0.351382
44 0.502642 0.515553 0.972477 0.351382
21 0.504594 0.513825 0.971696 0.351382
8 0.504594 0.513825 0.971696 0.351382
29 0.502642 0.515553 0.972477 0.351382
36 0.504594 0.513825 0.971696 0.351382
45 0.504594 0.513825 0.971696 0.351382
56 0.504594 0.513825 0.971696 0.351382
39 0.504594 0.513825 0.971696 0.351382
30 0.504594 0.513825 0.971696 0.351382
68 0.503813 0.512097 0.971696 0.345622
62 0.504594 0.513825 0.971696 0.351382
66 0.503813 0.512097 0.971696 0.345622
20 0.504594 0.513825 0.971696 0.351382
65 0.502251 0.511521 0.970134 0.35023
6 0.503813 0.512097 0.971696 0.345622
35 0.504594 0.513825 0.971696 0.351382
4 0.355208 0.562356 0.658082 0.257776
61 0.504594 0.513825 0.971696 0.351382
58 0.660425 0.507776 0.625666 0.358871
54 0.502251 0.511521 0.970134 0.35023
3 0.355208 0.562356 0.658082 0.257776
58 0.355208 0.562356 0.658082 0.257776
52 0.429999 0.547811 0.800634 0.284562
23 0.355208 0.562356 0.658082 0.257776
33 0.502642 0.515553 0.972477 0.351382
57 0.660425 0.507776 0.625666 0.358871
4 0.660425 0.507776 0.625666 0.358871
23 0.660425 0.507776 0.625666 0.358871
22 0.355208 0.562356 0.658082 0.257776
68 0.355208 0.562356 0.658082 0.257776
2 0.429999 0.547811 0.800634 0.284562
1 0.355208 0.562356 0.658082 0.257776
31 0.355208 0.562356 0.658082 0.257776
7 0.355208 0.562356 0.658082 0.257776
36 0.355208 0.562356 0.658082 0.257776
10 0.355208 0.562356 0.658082 0.257776
5 0.355208 0.562356 0.658082 0.257776
2 0.660425 0.507776 0.625666 0.358871
57 0.355208 0.562356 0.658082 0.257776
52 0.660425 0.507776 0.625666 0.358871
22 0.660425 0.507776 0.625666 0.358871
29 0.355208 0.562356 0.658082 0.257776
69 0.355208 0.562356 0.658082 0.257776
44 0.355208 0.562356 0.658082 0.257776
34 0.355208 0.562356 0.658082 0.257776
67 0.429999 0.547811 0.800634 0.284562
60 0.429999 0.547811 0.800634 0.284562
32 0.660425 0.507776 0.625666 0.358871
32 0.355208 0.562356 0.658082 0.257776
59 0.355208 0.562356 0.658082 0.257776
34 0.660425 0.507776 0.625666 0.358871
31 0.660425 0.507776 0.625666 0.358871
61 0.429999 0.547811 0.800634 0.284562
56 0.355208 0.562356 0.658082 0.257776
0 0.355208 0.562356 0.658082 0.257776
65 0.355208 0.562356 0.658082 0.257776
45 0.429999 0.547811 0.800634 0.284562
8 0.429999 0.547811 0.800634 0.284562
20 0.355208 0.562356 0.658082 0.257776
6 0.355208 0.562356 0.658082 0.257776
0 0.660425 0.507776 0.625666 0.358871
67 0.660425 0.507776 0.625666 0.358871
21 0.429999 0.547811 0.800634 0.284562
54 0.341343 0.539747 0.616293 0.286866
4 0.504204 0.519585 0.956855 0.342166
52 0.504204 0.519585 0.956855 0.342166
2 0.504204 0.519585 0.956855 0.342166
58 0.504204 0.519585 0.956855 0.342166
23 0.504204 0.519585 0.956855 0.342166
3 0.504204 0.519585 0.956855 0.342166
60 0.504204 0.519585 0.956855 0.342166
22 0.504204 0.519585 0.956855 0.342166
67 0.504204 0.519585 0.956855 0.342166
31 0.504204 0.519585 0.956855 0.342166
0 0.504204 0.519585 0.956855 0.342166
57 0.504204 0.519585 0.956855 0.342166
28 0.504204 0.523041 0.956855 0.345622
7 0.504204 0.519585 0.956855 0.342166
10 0.504204 0.523041 0.956855 0.345622
68 0.504204 0.523041 0.956855 0.345622
34 0.504204 0.519585 0.956855 0.342166
59 0.504204 0.519585 0.956855 0.342166
5 0.504204 0.519585 0.956855 0.342166
8 0.504204 0.519585 0.956855 0.342166
69 0.504204 0.519585 0.956855 0.342166
29 0.505376 0.522177 0.967009 0.345046
1 0.505376 0.522177 0.967009 0.345046
6 0.505376 0.522177 0.967009 0.345046
56 0.504204 0.519585 0.956855 0.342166
62 0.504204 0.519585 0.956855 0.342166
54 0.503813 0.525346 0.96076 0.34447
32 0.504204 0.523041 0.956855 0.345622
21 0.504204 0.519585 0.956855 0.342166
45 0.504204 0.519585 0.956855 0.342166
36 0.504204 0.519585 0.956855 0.342166
44 0.505376 0.522177 0.967009 0.345046
20 0.504204 0.519585 0.956855 0.342166
30 0.504204 0.519585 0.956855 0.342166
61 0.504204 0.519585 0.956855 0.342166
39 0.504204 0.519585 0.956855 0.342166
66 0.505376 0.522177 0.967009 0.345046
35 0.504204 0.519585 0.956855 0.342166
65 0.503813 0.525346 0.96076 0.34447
4 0.385964 0.554724 0.715298 0.276498
33 0.504204 0.519585 0.956855 0.342166
58 0.655739 0.507776 0.62879 0.364631
68 0.385964 0.554724 0.715298 0.276498
3 0.385964 0.554724 0.715298 0.276498
58 0.385964 0.554724 0.715298 0.276498
57 0.655739 0.507776 0.62879 0.364631
31 0.385964 0.554724 0.715298 0.276498
7 0.385964 0.554724 0.715298 0.276498
4 0.655739 0.507776 0.62879 0.364631
22 0.385964 0.554724 0.715298 0.276498
2 0.385964 0.554724 0.715298 0.276498
1 0.385964 0.554724 0.715298 0.276498
23 0.385964 0.554724 0.715298 0.276498
67 0.385964 0.554724 0.715298 0.276498
60 0.385964 0.554724 0.715298 0.276498
23 0.655739 0.507776 0.62879 0.364631
4 0.503813 0.518145 0.965447 0.342742
58 0.503813 0.518145 0.965447 0.342742
23 0.503813 0.518145 0.965447 0.342742
22 0.503813 0.518145 0.965447 0.342742
3 0.503813 0.518145 0.965447 0.342742
59 0.503813 0.518145 0.965447 0.342742
52 0.503813 0.518145 0.965447 0.342742
68 0.503813 0.518433 0.963885 0.341014
2 0.503813 0.518145 0.965447 0.342742
31 0.503813 0.518145 0.965447 0.342742
60 0.503813 0.518145 0.965447 0.342742
57 0.503813 0.518145 0.965447 0.342742
10 0.503813 0.518145 0.965447 0.342742
32 0.503813 0.518433 0.963885 0.341014
67 0.503813 0.518145 0.965447 0.342742
69 0.503813 0.518145 0.965447 0.342742
7 0.503813 0.518145 0.965447 0.342742
0 0.503813 0.518145 0.965447 0.342742
34 0.503813 0.518145 0.965447 0.342742
5 0.503813 0.518145 0.965447 0.342742
56 0.503813 0.518145 0.965447 0.342742
1 0.503813 0.518145 0.965447 0.342742
28 0.503813 0.518433 0.963885 0.341014
39 0.503813 0.518145 0.965447 0.342742
8 0.503813 0.518145 0.965447 0.342742
29 0.504985 0.522177 0.970915 0.338134
36 0.503813 0.518145 0.965447 0.342742
44 0.504985 0.522177 0.970915 0.338134
45 0.503813 0.518145 0.965447 0.342742
21 0.503813 0.518145 0.965447 0.342742
62 0.503813 0.518145 0.965447 0.342742
4 0.364386 0.562788 0.675657 0.263825
30 0.503813 0.518145 0.965447 0.342742
6 0.504985 0.522177 0.970915 0.338134
20 0.503813 0.518145 0.965447 0.342742
66 0.504985 0.522177 0.970915 0.338134
54 0.503813 0.518433 0.963885 0.341014
35 0.503813 0.518145 0.965447 0.342742
68 0.364386 0.562788 0.675657 0.263825
61 0.504985 0.522177 0.970915 0.338134
58 0.364386 0.562788 0.675657 0.263825
58 0.63582 0.506624 0.668627 0.36924
4 0.624982 0.499424 0.693427 0.388249
23 0.364386 0.562788 0.675657 0.263825
59 0.364386 0.562788 0.675657 0.263825
22 0.364386 0.562788 0.675657 0.263825
3 0.364386 0.562788 0.675657 0.263825
65 0.504985 0.522177 0.970915 0.338134
59 0.624982 0.499424 0.693427 0.388249
32 0.364386 0.562788 0.675657 0.263825
23 0.624982 0.499424 0.693427 0.388249
31 0.364386 0.562788 0.675657 0.263825
57 0.364386 0.562788 0.675657 0.263825
57 0.624982 0.499424 0.693427 0.388249
7 0.364386 0.562788 0.675657 0.263825
1 0.364386 0.562788 0.675657 0.263825
4 0.502251 0.518433 0.970134 0.329493
58 0.502642 0.518433 0.969353 0.327189
23 0.502642 0.518433 0.969353 0.327189
3 0.502251 0.518433 0.970134 0.329493
68 0.502251 0.518433 0.970134 0.329493
52 0.502251 0.518433 0.970134 0.329493
22 0.502251 0.518433 0.970134 0.329493
59 0.502642 0.518433 0.969353 0.327189
57 0.502251 0.518433 0.970134 0.329493
32 0.502251 0.518433 0.970134 0.329493
69 0.502251 0.518433 0.970134 0.329493
60 0.502642 0.518433 0.969353 0.327189
67 0.502642 0.518433 0.969353 0.327189
10 0.502251 0.518433 0.970134 0.329493
0 0.502251 0.518433 0.970134 0.329493
56 0.502251 0.518433 0.970134 0.329493
2 0.502642 0.518433 0.969353 0.327189
28 0.502251 0.518433 0.970134 0.329493
31 0.502642 0.518433 0.969353 0.327189
5 0.502251 0.518433 0.970134 0.329493
7 0.502251 0.518433 0.970134 0.329493
34 0.502251 0.518433 0.970134 0.329493
1 0.502251 0.518433 0.970134 0.329493
4 0.383914 0.551843 0.716274 0.264977
36 0.502251 0.520449 0.968571 0.327765
68 0.383914 0.551843 0.716274 0.264977
44 0.502251 0.520449 0.968571 0.327765
8 0.502251 0.518433 0.970134 0.329493
6 0.502251 0.518433 0.970134 0.329493
45 0.502642 0.518433 0.969353 0.327189
58 0.383914 0.551843 0.716274 0.264977
39 0.502251 0.518433 0.970134 0.329493
21 0.502642 0.518433 0.969353 0.327189
59 0.383914 0.551843 0.716274 0.264977
29 0.502251 0.520449 0.968571 0.327765
61 0.502251 0.518433 0.970134 0.329493
3 0.383914 0.551843 0.716274 0.264977
23 0.383914 0.551843 0.716274 0.264977
58 0.655738 0.519585 0.630353 0.329493
54 0.502251 0.520449 0.968571 0.327765
4 0.655738 0.519585 0.630353 0.329493
59 0.655738 0.519585 0.630353 0.329493
30 0.502642 0.518433 0.969353 0.327189
62 0.502642 0.518433 0.969353 0.327189
66 0.502251 0.518433 0.970134 0.329493
35 0.502251 0.518433 0.970134 0.329493
32 0.383914 0.551843 0.716274 0.264977
67 0.383914 0.551843 0.716274 0.264977
20 0.502251 0.518433 0.970134 0.329493
57 0.383914 0.551843 0.716274 0.264977
57 0.655738 0.519585 0.630353 0.329493
31 0.383914 0.551843 0.716274 0.264977
22 0.383914 0.551843 0.716274 0.264977
23 0.655738 0.519585 0.630353 0.329493
68 0.655738 0.519585 0.630353 0.329493
60 0.383914 0.551843 0.716274 0.264977
56 0.383914 0.551843 0.716274 0.264977
10 0.383914 0.551843 0.716274 0.264977
1 0.383914 0.551843 0.716274 0.264977
52 0.383914 0.551843 0.716274 0.264977
4 0.272606 0.553139 0.516311 0.278514
0 0.383914 0.551843 0.716274 0.264977
4 0.505376 0.513825 0.967009 0.346774
58 0.505376 0.513825 0.967009 0.346774
68 0.505376 0.513825 0.967009 0.346774
23 0.506157 0.516705 0.968571 0.34447
3 0.505376 0.513825 0.967009 0.346774
52 0.505376 0.513825 0.967009 0.346774
59 0.506157 0.516705 0.968571 0.34447
57 0.505376 0.513825 0.967009 0.346774
22 0.505376 0.513825 0.967009 0.346774
32 0.505376 0.513825 0.967009 0.346774
67 0.506157 0.516705 0.968571 0.34447
31 0.506157 0.516705 0.968571 0.34447
10 0.506157 0.516705 0.968571 0.34447
28 0.505376 0.513825 0.967009 0.346774
69 0.505376 0.513825 0.967009 0.346774
2 0.506157 0.516705 0.968571 0.34447
60 0.505376 0.513825 0.967009 0.346774
5 0.505376 0.513825 0.967009 0.346774
34 0.505376 0.513825 0.967009 0.346774
7 0.505376 0.513825 0.967009 0.346774
1 0.505376 0.513825 0.967009 0.346774
56 0.505376 0.513825 0.967009 0.346774
0 0.505376 0.513825 0.967009 0.346774
58 0.605455 0.490783 0.738731 0.389401
59 0.605455 0.490783 0.738731 0.389401
8 0.505376 0.513825 0.967009 0.346774
45 0.505376 0.516705 0.976382 0.34447
39 0.506157 0.516705 0.968571 0.34447
4 0.387819 0.532258 0.724085 0.314516
68 0.387819 0.532258 0.724085 0.314516
58 0.387819 0.532258 0.724085 0.314516
36 0.503423 0.514401 0.970915 0.35023
59 0.387819 0.532258 0.724085 0.314516
29 0.503423 0.514401 0.970915 0.35023
4 0.605455 0.490783 0.738731 0.389401
6 0.505376 0.513825 0.967009 0.346774
23 0.605455 0.490783 0.738731 0.389401
57 0.605455 0.490783 0.738731 0.389401
21 0.506157 0.516705 0.968571 0.34447
68 0.605455 0.490783 0.738731 0.389401
23 0.387819 0.532258 0.724085 0.314516
44 0.506157 0.516705 0.968571 0.34447
30 0.506157 0.516705 0.968571 0.34447
32 0.605455 0.490783 0.738731 0.389401
57 0.387819 0.532258 0.724085 0.314516
20 0.506157 0.516705 0.968571 0.34447
67 0.605455 0.490783 0.738731 0.389401
62 0.506157 0.516705 0.968571 0.34447
61 0.505376 0.513825 0.967009 0.346774
67 0.387819 0.532258 0.724085 0.314516
3 0.387819 0.532258 0.724085 0.314516
31 0.387819 0.532258 0.724085 0.314516
54 0.505376 0.513825 0.967009 0.346774
52 0.605455 0.490783 0.738731 0.389401
32 0.387819 0.532258 0.724085 0.314516
58 0.504595 0.512385 0.965447 0.339286
23 0.504595 0.512385 0.965447 0.339286
52 0.504595 0.512385 0.965447 0.339286
4 0.504595 0.512385 0.965447 0.339286
68 0.504595 0.512385 0.965447 0.339286
3 0.504595 0.512385 0.965447 0.339286
10 0.503813 0.514977 0.963885 0.339862
22 0.504595 0.512385 0.965447 0.339286
59 0.504595 0.512385 0.965447 0.339286
57 0.504595 0.512385 0.965447 0.339286
28 0.504595 0.512385 0.965447 0.339286
32 0.504595 0.512385 0.965447 0.339286
69 0.504595 0.512385 0.965447 0.339286
67 0.504595 0.512385 0.965447 0.339286
0 0.504595 0.512385 0.965447 0.339286
56 0.504595 0.512385 0.965447 0.339286
34 0.504595 0.512385 0.965447 0.339286
5 0.504595 0.512385 0.965447 0.339286
31 0.504595 0.512385 0.965447 0.339286
60 0.504595 0.512385 0.965447 0.339286
2 0.506547 0.512097 0.964666 0.339862
7 0.506547 0.512097 0.964666 0.339862
21 0.503813 0.514977 0.963885 0.339862
44 0.506938 0.513825 0.967009 0.339862
36 0.506547 0.512097 0.964666 0.339862
8 0.504595 0.512385 0.965447 0.339286
39 0.504595 0.512385 0.965447 0.339286
1 0.503813 0.514977 0.963885 0.339862
61 0.504595 0.512385 0.965447 0.339286
4 0.357356 0.529666 0.661597 0.303571
45 0.506547 0.512097 0.964666 0.339862
58 0.357356 0.529666 0.661597 0.303571
68 0.357356 0.529666 0.661597 0.303571
58 0.625568 0.470334 0.696942 0.432604
23 0.357356 0.529666 0.661597 0.303571
62 0.503813 0.514977 0.963885 0.339862
29 0.506547 0.512097 0.964666 0.339862
59 0.357356 0.529666 0.661597 0.303571
23 0.625568 0.470334 0.696942 0.432604
59 0.625568 0.470334 0.696942 0.432604
3 0.357356 0.529666 0.661597 0.303571
6 0.506157 0.510945 0.968571 0.34447
57 0.357356 0.529666 0.661597 0.303571
52 0.357356 0.529666 0.661597 0.303571
32 0.357356 0.529666 0.661597 0.303571
54 0.506938 0.513825 0.967009 0.339862
65 0.506547 0.512097 0.964666 0.339862
22 0.357356 0.529666 0.661597 0.303571
67 0.357356 0.529666 0.661597 0.303571
68 0.625568 0.470334 0.696942 0.432604
4 0.625568 0.470334 0.696942 0.432604
10 0.357356 0.529666 0.661597 0.303571
32 0.625568 0.470334 0.696942 0.432604
31 0.357356 0.529666 0.661597 0.303571
35 0.506547 0.512097 0.964666 0.339862
52 0.501079 0.518433 0.972477 0.33871
23 0.500298 0.518145 0.972477 0.339286
58 0.500298 0.518145 0.972477 0.339286
68 0.501079 0.518433 0.972477 0.33871
4 0.501861 0.516705 0.977164 0.34447
10 0.500298 0.518145 0.972477 0.339286
22 0.501079 0.518433 0.972477 0.33871
3 0.50147 0.516705 0.977945 0.342166
59 0.500298 0.518145 0.972477 0.339286
69 0.500298 0.518145 0.972477 0.339286
57 0.50147 0.516705 0.977945 0.342166
28 0.501079 0.518433 0.972477 0.33871
67 0.500298 0.518145 0.972477 0.339286
31 0.501079 0.518433 0.972477 0.33871
60 0.500298 0.518145 0.972477 0.339286
0 0.501079 0.518433 0.972477 0.33871
32 0.50147 0.516705 0.977945 0.342166
34 0.501079 0.518433 0.972477 0.33871
5 0.501079 0.518433 0.972477 0.33871
2 0.50147 0.516705 0.977945 0.342166
56 0.501079 0.518433 0.972477 0.33871
7 0.50147 0.516705 0.977945 0.342166
62 0.500298 0.518145 0.972477 0.339286
1 0.50147 0.516705 0.977945 0.342166
21 0.50147 0.516705 0.977945 0.342166
39 0.500298 0.518145 0.972477 0.339286
8 0.501079 0.518433 0.972477 0.33871
36 0.501861 0.516705 0.977164 0.34447
61 0.501079 0.518433 0.972477 0.33871
44 0.50147 0.516705 0.977945 0.342166
4 0.371416 0.544931 0.698309 0.279954
6 0.503813 0.517857 0.976382 0.341014
68 0.371416 0.544931 0.698309 0.279954
29 0.50147 0.516705 0.977945 0.342166
45 0.501861 0.516705 0.977164 0.34447
58 0.371416 0.544931 0.698309 0.279954
54 0.501861 0.516705 0.977164 0.34447
23 0.371416 0.544931 0.698309 0.279954
59 0.371416 0.544931 0.698309 0.279954
31 0.371416 0.544931 0.698309 0.279954
23 0.601842 0.503456 0.72721 0.375576
3 0.371416 0.544931 0.698309 0.279954
35 0.50147 0.516705 0.977945 0.342166
22 0.371416 0.544931 0.698309 0.279954
52 0.371416 0.544931 0.698309 0.279954
58 0.601842 0.503456 0.72721 0.375576
67 0.371416 0.544931 0.698309 0.279954
57 0.371416 0.544931 0.698309 0.279954
65 0.500298 0.518145 0.972477 0.339286
68 0.601842 0.503456 0.72721 0.375576
58 0.503813 0.516705 0.970134 0.337558
23 0.504204 0.515553 0.969353 0.334101
52 0.503813 0.516705 0.970134 0.337558
4 0.504595 0.516129 0.968571 0.33871
68 0.503813 0.516705 0.970134 0.337558
59 0.504204 0.515553 0.969353 0.334101
22 0.503813 0.516705 0.970134 0.337558
3 0.504595 0.516129 0.968571 0.33871
69 0.505376 0.513825 0.973258 0.332949
67 0.503813 0.517281 0.973258 0.341014
10 0.504204 0.515553 0.969353 0.334101
32 0.503813 0.516705 0.970134 0.337558
34 0.503813 0.516705 0.970134 0.337558
28 0.503813 0.516705 0.970134 0.337558
57 0.504594 0.514401 0.971696 0.334101
0 0.503813 0.516705 0.970134 0.337558
31 0.504595 0.516129 0.968571 0.33871
2 0.504595 0.516129 0.968571 0.33871
60 0.504204 0.515553 0.969353 0.334101
5 0.503813 0.516705 0.970134 0.337558
56 0.503813 0.516705 0.970134 0.337558
21 0.504594 0.514401 0.971696 0.334101
45 0.504595 0.516129 0.968571 0.33871
39 0.504595 0.516129 0.968571 0.33871
8 0.504595 0.516129 0.968571 0.33871
61 0.503813 0.516705 0.970134 0.337558
36 0.504595 0.516129 0.968571 0.33871
29 0.504594 0.514401 0.971696 0.334101
1 0.504594 0.514401 0.971696 0.334101
62 0.504204 0.515553 0.969353 0.334101
44 0.504594 0.514401 0.971696 0.334101
7 0.504595 0.516129 0.968571 0.33871
6 0.504595 0.516129 0.968571 0.33871
54 0.504595 0.516129 0.968571 0.33871
58 0.368487 0.53485 0.683858 0.304724
59 0.368487 0.53485 0.683858 0.304724
23 0.645194 0.481279 0.653005 0.414171
30 0.504594 0.514401 0.971696 0.334101
4 0.368487 0.53485 0.683858 0.304724
52 0.50147 0.519873 0.979507 0.342742
23 0.50147 0.519873 0.979507 0.342742
58 0.50147 0.519873 0.979507 0.342742
68 0.50147 0.519873 0.979507 0.342742
59 0.50147 0.519873 0.979507 0.342742
4 0.496783 0.521025 0.979507 0.343894
22 0.50147 0.519873 0.979507 0.342742
10 0.50147 0.518145 0.977945 0.346198
69 0.50147 0.519873 0.979507 0.342742
57 0.496783 0.521025 0.979507 0.343894
3 0.496783 0.521025 0.979507 0.343894
67 0.50147 0.519873 0.979507 0.342742
32 0.50147 0.519873 0.979507 0.342742
34 0.496783 0.521025 0.979507 0.343894
28 0.496783 0.521025 0.979507 0.343894
31 0.496783 0.521025 0.979507 0.343894
60 0.50147 0.518145 0.977945 0.346198
2 0.485067 0.519009 0.957636 0.349078
21 0.496783 0.521025 0.979507 0.343894
0 0.496783 0.521025 0.979507 0.343894
56 0.496783 0.521025 0.979507 0.343894
23 0.629962 0.496544 0.703776 0.380184
8 0.496783 0.521025 0.979507 0.343894
5 0.496783 0.521025 0.979507 0.343894
58 0.629962 0.496544 0.703776 0.380184
59 0.629962 0.496544 0.703776 0.380184
61 0.50147 0.518145 0.977945 0.346198
4 0.399926 0.493952 0.752986 0.403802
39 0.496783 0.521025 0.979507 0.343894
52 0.629962 0.496544 0.703776 0.380184
45 0.496783 0.521025 0.979507 0.343894
23 0.399926 0.493952 0.752986 0.403802
59 0.399926 0.493952 0.752986 0.403802
36 0.496783 0.521025 0.979507 0.343894
32 0.629962 0.496544 0.703776 0.380184
58 0.399926 0.493952 0.752986 0.403802
52 0.399926 0.493952 0.752986 0.403802
44 0.498346 0.518433 0.982631 0.347926
29 0.486629 0.519009 0.96076 0.346774
68 0.399926 0.493952 0.752986 0.403802
7 0.485067 0.519009 0.957636 0.349078
62 0.50147 0.518145 0.977945 0.346198
6 0.486629 0.519009 0.96076 0.346774
1 0.485067 0.519009 0.957636 0.349078
22 0.399926 0.493952 0.752986 0.403802
3 0.399926 0.493952 0.752986 0.403802
57 0.399926 0.493952 0.752986 0.403802
68 0.629962 0.496544 0.703776 0.380184
69 0.629962 0.496544 0.703776 0.380184
4 0.365948 0.544931 0.683468 0.291475
34 0.399926 0.493952 0.752986 0.403802
58 0.500689 0.517857 0.967009 0.33871
23 0.500689 0.517857 0.967009 0.33871
68 0.500689 0.517857 0.967009 0.33871
59 0.500689 0.517857 0.967009 0.33871
4 0.503032 0.520737 0.968571 0.334101
52 0.500689 0.517281 0.967009 0.337558
3 0.503032 0.520737 0.968571 0.334101
32 0.503032 0.520737 0.968571 0.334101
22 0.503032 0.520737 0.968571 0.334101
57 0.503032 0.520737 0.968571 0.334101
10 0.503813 0.515265 0.967009 0.334677
67 0.503032 0.517569 0.968571 0.340438
28 0.503032 0.520737 0.968571 0.334101
31 0.503032 0.520737 0.968571 0.334101
69 0.503813 0.515265 0.967009 0.334677
60 0.503813 0.515265 0.967009 0.334677
2 0.503032 0.520737 0.968571 0.334101
5 0.503032 0.520737 0.968571 0.334101
56 0.503032 0.520737 0.968571 0.334101
0 0.503032 0.520737 0.968571 0.334101
58 0.362824 0.552995 0.675657 0.267281
59 0.362824 0.552995 0.675657 0.267281
34 0.503032 0.520737 0.968571 0.334101
23 0.362824 0.552995 0.675657 0.267281
1 0.503032 0.520737 0.968571 0.334101
68 0.362824 0.552995 0.675657 0.267281
39 0.503032 0.520737 0.968571 0.334101
45 0.503032 0.520737 0.968571 0.334101
4 0.362824 0.552995 0.675657 0.267281
7 0.503032 0.520737 0.968571 0.334101
6 0.503032 0.520737 0.968571 0.334101
8 0.503032 0.520737 0.968571 0.334101
61 0.503813 0.515265 0.967009 0.334677
23 0.624104 0.511233 0.687373 0.350806
29 0.503032 0.520737 0.968571 0.334101
21 0.503032 0.520737 0.968571 0.334101
36 0.503032 0.520737 0.968571 0.334101
32 0.600768 0.501152 0.740293 0.375576
58 0.624104 0.511233 0.687373 0.350806
44 0.503423 0.521889 0.972477 0.327189
52 0.505376 0.515841 0.979507 0.331221
58 0.504595 0.519009 0.970134 0.330645
23 0.504595 0.519009 0.970134 0.330645
68 0.504595 0.519009 0.970134 0.330645
4 0.504594 0.523041 0.962323 0.327189
59 0.504595 0.519009 0.970134 0.330645
10 0.505376 0.519009 0.970134 0.328341
3 0.504594 0.523041 0.962323 0.327189
22 0.504595 0.519009 0.970134 0.330645
69 0.506938 0.515553 0.976382 0.328341
32 0.504594 0.523041 0.962323 0.327189
67 0.504595 0.519009 0.970134 0.330645
57 0.504594 0.523041 0.962323 0.327189
60 0.505376 0.519009 0.970134 0.328341
28 0.504594 0.523041 0.962323 0.327189
0 0.504594 0.523041 0.962323 0.327189
56 0.504594 0.523041 0.962323 0.327189
2 0.504594 0.523041 0.962323 0.327189
34 0.504594 0.523041 0.962323 0.327189
31 0.504594 0.523041 0.962323 0.327189
5 0.504594 0.523041 0.962323 0.327189
61 0.504594 0.523041 0.962323 0.327189
1 0.506157 0.528226 0.968571 0.313364
45 0.504594 0.523041 0.962323 0.327189
21 0.504594 0.523041 0.962323 0.327189
39 0.504594 0.523041 0.962323 0.327189
52 0.466711 0.555876 0.892804 0.262673
8 0.504594 0.523041 0.962323 0.327189
36 0.504594 0.523041 0.962323 0.327189
44 0.506157 0.528226 0.968571 0.313364
7 0.506157 0.528226 0.968571 0.313364
62 0.505376 0.519009 0.970134 0.328341
58 0.353841 0.547235 0.654567 0.281106
4 0.353841 0.547235 0.654567 0.281106
6 0.504594 0.523041 0.962323 0.327189
68 0.353841 0.547235 0.654567 0.281106
59 0.353841 0.547235 0.654567 0.281106
54 0.506157 0.528226 0.968571 0.313364
29 0.504594 0.523041 0.962323 0.327189
23 0.499908 0.528226 0.967009 0.31682
58 0.499908 0.528226 0.967009 0.31682
52 0.503813 0.516705 0.981069 0.330645
59 0.499908 0.528226 0.967009 0.31682
68 0.499908 0.528226 0.967009 0.31682
10 0.505376 0.516129 0.979507 0.327189
69 0.505376 0.516129 0.979507 0.327189
32 0.499908 0.528226 0.967009 0.31682
22 0.499908 0.528226 0.967009 0.31682
4 0.499908 0.528226 0.967009 0.31682
57 0.499908 0.528226 0.967009 0.31682
67 0.499908 0.528226 0.967009 0.31682
3 0.499908 0.528226 0.967009 0.31682
34 0.499908 0.528226 0.967009 0.31682
28 0.499908 0.528226 0.967009 0.31682
56 0.499908 0.528226 0.967009 0.31682
60 0.505376 0.516129 0.979507 0.327189
2 0.499908 0.528226 0.967009 0.31682
5 0.499908 0.528226 0.967009 0.31682
61 0.505376 0.521313 0.971696 0.324885
0 0.499908 0.528226 0.967009 0.31682
31 0.499908 0.528226 0.967009 0.31682
58 0.365558 0.520737 0.673313 0.347926
45 0.499908 0.528226 0.967009 0.31682
21 0.499908 0.528226 0.967009 0.31682
39 0.499908 0.528226 0.967009 0.31682
23 0.365558 0.520737 0.673313 0.347926
44 0.505376 0.516129 0.979507 0.327189
36 0.499908 0.528226 0.967009 0.31682
1 0.499908 0.528226 0.967009 0.31682
59 0.365558 0.520737 0.673313 0.347926
23 0.702214 0.496256 0.535839 0.376152
8 0.499908 0.528226 0.967009 0.31682
52 0.503032 0.516129 0.97482 0.343318
23 0.500689 0.520737 0.970134 0.341014
58 0.500689 0.520737 0.970134 0.341014
68 0.500689 0.520737 0.970134 0.341014
59 0.500689 0.520737 0.970134 0.341014
69 0.505376 0.514401 0.979507 0.341014
22 0.500689 0.520737 0.970134 0.341014
67 0.503032 0.516129 0.97482 0.343318
32 0.500689 0.520737 0.970134 0.341014
10 0.503032 0.516129 0.97482 0.343318
4 0.500689 0.520737 0.970134 0.341014
3 0.500689 0.520737 0.970134 0.341014
57 0.500689 0.520737 0.970134 0.341014
31 0.502642 0.517569 0.974039 0.342742
28 0.500689 0.520737 0.970134 0.341014
60 0.505376 0.514401 0.979507 0.341014
34 0.500689 0.520737 0.970134 0.341014
56 0.500689 0.520737 0.970134 0.341014
23 0.666283 0.50576 0.617074 0.354839
5 0.500689 0.520737 0.970134 0.341014
0 0.500689 0.520737 0.970134 0.341014
54 0.502642 0.517569 0.974039 0.342742
58 0.348373 0.50576 0.643631 0.374424
44 0.505376 0.514401 0.979507 0.341014
52 0.666283 0.50576 0.617074 0.354839
58 0.666283 0.50576 0.617074 0.354839
23 0.348373 0.50576 0.643631 0.374424
2 0.500689 0.520737 0.970134 0.341014
68 0.348373 0.50576 0.643631 0.374424
6 0.500689 0.520737 0.970134 0.341014
61 0.500689 0.520737 0.970134 0.341014
59 0.348373 0.50576 0.643631 0.374424
52 0.505376 0.516705 0.973258 0.328341
23 0.505376 0.515841 0.968571 0.323157
58 0.505376 0.515841 0.968571 0.323157
59 0.505376 0.515841 0.968571 0.323157
69 0.505376 0.514401 0.976382 0.324885
10 0.505376 0.514401 0.976382 0.324885
22 0.505376 0.515841 0.968571 0.323157
68 0.505376 0.515841 0.968571 0.323157
32 0.505376 0.515841 0.968571 0.323157
67 0.505376 0.516705 0.973258 0.328341
57 0.505376 0.515841 0.968571 0.323157
4 0.505376 0.515841 0.968571 0.323157
3 0.505376 0.515841 0.968571 0.323157
60 0.505376 0.514401 0.976382 0.324885
56 0.505376 0.515841 0.968571 0.323157
34 0.505376 0.515841 0.968571 0.323157
31 0.505376 0.515841 0.968571 0.323157
5 0.505376 0.515841 0.968571 0.323157
28 0.505376 0.515841 0.968571 0.323157
61 0.504985 0.516417 0.974039 0.326613
58 0.355794 0.530818 0.650661 0.30818
2 0.505376 0.515841 0.968571 0.323157
23 0.668627 0.509793 0.596765 0.342166
44 0.505376 0.514401 0.976382 0.324885
59 0.355794 0.530818 0.650661 0.30818
21 0.505376 0.515841 0.968571 0.323157
39 0.505376 0.515841 0.968571 0.323157
23 0.355794 0.530818 0.650661 0.30818
58 0.668627 0.509793 0.596765 0.342166
0 0.505376 0.515841 0.968571 0.323157
45 0.505376 0.515841 0.968571 0.323157
58 0.423457 0.47235 0.746542 0.421659
33 0.505376 0.514401 0.976382 0.324885
52 0.663257 0.510657 0.609067 0.327765
32 0.668627 0.509793 0.596765 0.342166
23 0.423457 0.47235 0.746542 0.421659
62 0.505376 0.514401 0.976382 0.324885
58 0.505766 0.510945 0.975601 0.346774
23 0.506157 0.512961 0.976382 0.339286
32 0.506157 0.512961 0.976382 0.339286
68 0.500689 0.506624 0.968571 0.357719
67 0.505766 0.510945 0.975601 0.346774
59 0.505766 0.510945 0.975601 0.346774
52 0.505766 0.512385 0.972477 0.34735
22 0.500689 0.506624 0.968571 0.357719
69 0.506157 0.514113 0.97482 0.340438
3 0.500689 0.506624 0.968571 0.357719
10 0.506157 0.514113 0.97482 0.340438
60 0.506157 0.514113 0.97482 0.340438
4 0.500689 0.506624 0.968571 0.357719
57 0.500689 0.506624 0.968571 0.357719
31 0.500689 0.506624 0.968571 0.357719
28 0.500689 0.506624 0.968571 0.357719
56 0.506157 0.514113 0.97482 0.340438
23 0.678391 0.501728 0.599108 0.361751
58 0.678391 0.501728 0.599108 0.361751
32 0.678391 0.501728 0.599108 0.361751
5 0.500689 0.506624 0.968571 0.357719
39 0.506157 0.514113 0.97482 0.340438
0 0.500689 0.506624 0.968571 0.357719
1 0.500689 0.506624 0.968571 0.357719
2 0.500689 0.506624 0.968571 0.357719
6 0.500689 0.506624 0.968571 0.357719
44 0.506157 0.514113 0.97482 0.340438
59 0.678391 0.501728 0.599108 0.361751
36 0.500689 0.506624 0.968571 0.357719
61 0.506157 0.514113 0.97482 0.340438
34 0.500689 0.506624 0.968571 0.357719
54 0.500689 0.506624 0.968571 0.357719
45 0.500689 0.506624 0.968571 0.357719
30 0.506157 0.514113 0.97482 0.340438
23 0.506938 0.514689 0.973258 0.331221
52 0.506938 0.514689 0.973258 0.331221
58 0.502251 0.511233 0.967009 0.335829
69 0.506938 0.514689 0.973258 0.331221
10 0.506938 0.514689 0.973258 0.331221
60 0.506938 0.514689 0.973258 0.331221
22 0.502251 0.511233 0.967009 0.335829
68 0.502251 0.511233 0.967009 0.335829
32 0.502251 0.511233 0.967009 0.335829
3 0.502251 0.511233 0.967009 0.335829
59 0.502251 0.511233 0.967009 0.335829
67 0.502251 0.511233 0.967009 0.335829
57 0.502251 0.511233 0.967009 0.335829
2 0.502251 0.511233 0.967009 0.335829
28 0.502251 0.511233 0.967009 0.335829
56 0.506938 0.514689 0.973258 0.331221
39 0.502251 0.511233 0.967009 0.335829
4 0.502251 0.511233 0.967009 0.335829
31 0.502251 0.511233 0.967009 0.335829
5 0.502251 0.511233 0.967009 0.335829
44 0.506938 0.514689 0.973258 0.331221
33 0.506938 0.514689 0.973258 0.331221
34 0.502251 0.511233 0.967009 0.335829
1 0.502251 0.511233 0.967009 0.335829
36 0.502251 0.511233 0.967009 0.335829
62 0.506938 0.514689 0.973258 0.331221
0 0.502251 0.511233 0.967009 0.335829
6 0.502251 0.511233 0.967009 0.335829
61 0.502251 0.511233 0.967009 0.335829
7 0.502251 0.511233 0.967009 0.335829
45 0.502251 0.511233 0.967009 0.335829
23 0.507719 0.519585 0.981069 0.341014
58 0.503423 0.519585 0.974039 0.347926
52 0.508891 0.519585 0.978726 0.336406
69 0.508891 0.519585 0.978726 0.336406
32 0.503423 0.519585 0.974039 0.347926
59 0.503423 0.519585 0.974039 0.347926
68 0.503423 0.519585 0.974039 0.347926
67 0.5085 0.519873 0.979507 0.343894
3 0.503423 0.519585 0.974039 0.347926
22 0.507719 0.519585 0.981069 0.341014
10 0.508891 0.519585 0.978726 0.336406
60 0.508891 0.519585 0.978726 0.336406
4 0.503423 0.519585 0.974039 0.347926
57 0.503423 0.519585 0.974039 0.347926
56 0.508891 0.519585 0.978726 0.336406
28 0.503423 0.519585 0.974039 0.347926
5 0.503423 0.519585 0.974039 0.347926
31 0.503423 0.519585 0.974039 0.347926
2 0.503423 0.519585 0.974039 0.347926
39 0.508891 0.519585 0.978726 0.336406
1 0.503423 0.519585 0.974039 0.347926
44 0.508891 0.519585 0.978726 0.336406
6 0.503423 0.519585 0.974039 0.347926
23 0.641386 0.512097 0.668431 0.345622
34 0.503423 0.519585 0.974039 0.347926
59 0.381961 0.539171 0.72018 0.326037
4 0.381961 0.539171 0.72018 0.326037
33 0.508891 0.519585 0.978726 0.336406
45 0.503423 0.519585 0.974039 0.347926
0 0.503423 0.519585 0.974039 0.347926
58 0.381961 0.539171 0.72018 0.326037
68 0.381961 0.539171 0.72018 0.326037
23 0.381961 0.539171 0.72018 0.326037
58 0.499127 0.521889 0.973258 0.336406
23 0.505376 0.514977 0.979507 0.33871
3 0.499127 0.521889 0.973258 0.336406
69 0.505376 0.514977 0.979507 0.33871
59 0.499127 0.521889 0.973258 0.336406
22 0.505376 0.514977 0.979507 0.33871
32 0.499127 0.521889 0.973258 0.336406
68 0.499127 0.521889 0.973258 0.336406
10 0.505376 0.514977 0.979507 0.33871
67 0.503813 0.519297 0.977945 0.339286
60 0.505376 0.514977 0.979507 0.33871
57 0.499127 0.521889 0.973258 0.336406
52 0.503423 0.517281 0.978726 0.33871
4 0.499127 0.521889 0.973258 0.336406
28 0.499127 0.521889 0.973258 0.336406
2 0.499127 0.521889 0.973258 0.336406
56 0.499127 0.521889 0.973258 0.336406
5 0.499127 0.521889 0.973258 0.336406
31 0.491706 0.525634 0.972477 0.3197
39 0.505376 0.514977 0.979507 0.33871
1 0.499127 0.521889 0.973258 0.336406
0 0.499127 0.521889 0.973258 0.336406
34 0.499127 0.521889 0.973258 0.336406
45 0.499127 0.521889 0.973258 0.336406
44 0.505376 0.514977 0.979507 0.33871
23 0.624982 0.508929 0.699676 0.356567
58 0.378446 0.534562 0.714712 0.308756
6 0.499127 0.521889 0.973258 0.336406
59 0.378446 0.534562 0.714712 0.308756
58 0.499517 0.517569 0.969353 0.340438
23 0.499517 0.517569 0.969353 0.340438
69 0.506938 0.514689 0.976382 0.339286
67 0.503813 0.516705 0.979507 0.341014
59 0.499517 0.517569 0.969353 0.340438
52 0.506938 0.514689 0.976382 0.339286
68 0.499517 0.517569 0.969353 0.340438
32 0.499517 0.517569 0.969353 0.340438
10 0.506938 0.514689 0.976382 0.339286
60 0.505376 0.517281 0.979507 0.341014
22 0.499517 0.517569 0.969353 0.340438
3 0.499517 0.517569 0.969353 0.340438
57 0.499517 0.517569 0.969353 0.340438
56 0.499517 0.517569 0.969353 0.340438
31 0.499517 0.517569 0.969353 0.340438
4 0.499517 0.517569 0.969353 0.340438
28 0.499517 0.517569 0.969353 0.340438
2 0.499517 0.517569 0.969353 0.340438
5 0.499517 0.517569 0.969353 0.340438
23 0.64822 0.508065 0.659449 0.353687
39 0.499517 0.517569 0.969353 0.340438
44 0.506938 0.514689 0.976382 0.339286
6 0.499517 0.517569 0.969353 0.340438
0 0.499517 0.517569 0.969353 0.340438
1 0.499517 0.517569 0.969353 0.340438
34 0.499517 0.517569 0.969353 0.340438
58 0.64822 0.508065 0.659449 0.353687
32 0.64822 0.508065 0.659449 0.353687
58 0.347592 0.53053 0.64285 0.329493
61 0.499517 0.517569 0.969353 0.340438
58 0.501861 0.520161 0.96779 0.326037
23 0.501861 0.520161 0.96779 0.326037
59 0.501861 0.520161 0.96779 0.326037
32 0.501861 0.520161 0.96779 0.326037
22 0.501861 0.520161 0.96779 0.326037
52 0.504985 0.517857 0.978726 0.336406
69 0.505376 0.517281 0.982631 0.334101
10 0.505376 0.517281 0.982631 0.334101
68 0.501861 0.520161 0.96779 0.326037
3 0.501861 0.520161 0.96779 0.326037
67 0.501861 0.520161 0.96779 0.326037
60 0.504594 0.516129 0.984194 0.332949
57 0.501861 0.520161 0.96779 0.326037
4 0.492878 0.530818 0.96076 0.310484
56 0.501861 0.520161 0.96779 0.326037
2 0.501861 0.520161 0.96779 0.326037
5 0.501861 0.520161 0.96779 0.326037
28 0.501861 0.520161 0.96779 0.326037
23 0.404222 0.541475 0.778763 0.297235
58 0.404222 0.541475 0.778763 0.297235
59 0.404222 0.541475 0.778763 0.297235
31 0.501861 0.520161 0.96779 0.326037
39 0.501861 0.520161 0.96779 0.326037
23 0.636504 0.50576 0.659449 0.354839
33 0.505376 0.517281 0.982631 0.334101
23 0.503032 0.515265 0.981069 0.338134
58 0.50147 0.516417 0.959198 0.338134
69 0.503032 0.515265 0.981069 0.338134
22 0.50147 0.516417 0.959198 0.338134
52 0.503032 0.515265 0.981069 0.338134
68 0.50147 0.516417 0.959198 0.338134
3 0.50147 0.516417 0.959198 0.338134
67 0.503032 0.515265 0.981069 0.338134
10 0.503032 0.515265 0.981069 0.338134
60 0.503032 0.515265 0.981069 0.338134
32 0.50147 0.516417 0.959198 0.338134
59 0.50147 0.516417 0.959198 0.338134
57 0.50147 0.516417 0.959198 0.338134
2 0.50147 0.516417 0.959198 0.338134
5 0.50147 0.516417 0.959198 0.338134
56 0.50147 0.516417 0.959198 0.338134
28 0.50147 0.516417 0.959198 0.338134
31 0.50147 0.516417 0.959198 0.338134
44 0.503032 0.515265 0.981069 0.338134
4 0.493268 0.521889 0.959979 0.330645
54 0.502251 0.516129 0.962323 0.342166
39 0.503032 0.515265 0.981069 0.338134
1 0.50147 0.516417 0.959198 0.338134
6 0.50147 0.516417 0.959198 0.338134
23 0.354036 0.538018 0.660425 0.299539
58 0.354036 0.538018 0.660425 0.299539
68 0.354036 0.538018 0.660425 0.299539
0 0.50147 0.516417 0.959198 0.338134
33 0.503032 0.515265 0.981069 0.338134
59 0.354036 0.538018 0.660425 0.299539
45 0.50147 0.516417 0.959198 0.338134
22 0.354036 0.538018 0.660425 0.299539
58 0.502251 0.521889 0.979507 0.345622
23 0.504595 0.518433 0.977945 0.34447
69 0.504595 0.518433 0.977945 0.34447
59 0.495221 0.523618 0.971696 0.341014
3 0.495221 0.523618 0.971696 0.341014
67 0.502251 0.521889 0.979507 0.345622
10 0.504595 0.518433 0.977945 0.34447
32 0.495221 0.523618 0.971696 0.341014
22 0.495221 0.523618 0.971696 0.341014
60 0.504204 0.520737 0.980288 0.34447
68 0.502251 0.521889 0.979507 0.345622
52 0.495221 0.523618 0.971696 0.341014
57 0.495221 0.523618 0.971696 0.341014
56 0.495221 0.523618 0.971696 0.341014
4 0.495221 0.523618 0.971696 0.341014
2 0.495221 0.523618 0.971696 0.341014
31 0.495221 0.523618 0.971696 0.341014
28 0.495221 0.523618 0.971696 0.341014
5 0.495221 0.523618 0.971696 0.341014
39 0.495221 0.523618 0.971696 0.341014
23 0.384402 0.547811 0.740293 0.289171
58 0.384402 0.547811 0.740293 0.289171
59 0.384402 0.547811 0.740293 0.289171
58 0.625568 0.510081 0.693817 0.357719
1 0.495221 0.523618 0.971696 0.341014
44 0.504595 0.518433 0.977945 0.34447
23 0.625568 0.510081 0.693817 0.357719
6 0.495221 0.523618 0.971696 0.341014
23 0.493659 0.517281 0.971696 0.336406
22 0.493659 0.517281 0.971696 0.336406
58 0.493659 0.517281 0.971696 0.336406
52 0.499908 0.518433 0.981069 0.334101
69 0.493659 0.517281 0.971696 0.336406
67 0.500298 0.516993 0.980288 0.33583
60 0.502642 0.515841 0.978726 0.333525
10 0.503032 0.517569 0.977945 0.333525
68 0.493659 0.517281 0.971696 0.336406
59 0.493659 0.517281 0.971696 0.336406
32 0.502642 0.515841 0.978726 0.333525
3 0.493659 0.517281 0.971696 0.336406
2 0.493659 0.517281 0.971696 0.336406
57 0.500298 0.516993 0.980288 0.33583
23 0.359309 0.508641 0.678781 0.373272
23 0.368682 0.562212 0.702995 0.253456
31 0.493659 0.517281 0.971696 0.336406
56 0.499908 0.518433 0.981069 0.334101
23 0.439372 0.441172 0.844376 0.502448
44 0.503032 0.517569 0.977945 0.333525
39 0.502642 0.515841 0.978726 0.333525
4 0.488191 0.519297 0.970134 0.333525
33 0.503032 0.517569 0.977945 0.333525
5 0.488191 0.519297 0.970134 0.333525
6 0.493659 0.517281 0.971696 0.336406
23 0.501861 0.517569 0.977164 0.333525
58 0.499127 0.521313 0.963885 0.331797
69 0.503813 0.516705 0.976382 0.332949
22 0.501861 0.517569 0.977164 0.333525
59 0.499127 0.521313 0.963885 0.331797
3 0.499127 0.521313 0.963885 0.331797
32 0.499127 0.521313 0.963885 0.331797
10 0.503813 0.516705 0.976382 0.332949
68 0.499127 0.521313 0.963885 0.331797
60 0.501861 0.517569 0.977164 0.333525
52 0.503813 0.516705 0.976382 0.332949
2 0.499127 0.521313 0.963885 0.331797
4 0.492878 0.523618 0.957636 0.324885
67 0.501861 0.517569 0.977164 0.333525
56 0.499127 0.521313 0.963885 0.331797
5 0.499127 0.521313 0.963885 0.331797
57 0.499127 0.521313 0.963885 0.331797
28 0.499127 0.521313 0.963885 0.331797
6 0.499127 0.521313 0.963885 0.331797
39 0.501861 0.517569 0.977164 0.333525
31 0.492878 0.523618 0.957636 0.324885
0 0.499127 0.521313 0.963885 0.331797
44 0.503813 0.516705 0.976382 0.332949
33 0.503813 0.516705 0.976382 0.332949
1 0.499127 0.521313 0.963885 0.331797
23 0.501079 0.518433 0.972477 0.337558
58 0.501079 0.518433 0.972477 0.337558
22 0.501079 0.518433 0.972477 0.337558
69 0.506157 0.516129 0.977945 0.336406
32 0.505376 0.516129 0.979507 0.334101
60 0.505376 0.516129 0.979507 0.334101
59 0.50147 0.517281 0.971696 0.339862
10 0.505376 0.516129 0.979507 0.334101
52 0.506157 0.516129 0.977945 0.336406
68 0.501079 0.518433 0.972477 0.337558
67 0.505376 0.516129 0.979507 0.334101
23 0.355208 0.529378 0.667455 0.320276
3 0.501079 0.518433 0.972477 0.337558
2 0.504594 0.514113 0.967009 0.343894
5 0.501079 0.518433 0.972477 0.337558
39 0.506157 0.516129 0.977945 0.336406
33 0.506157 0.516129 0.977945 0.336406
57 0.501079 0.518433 0.972477 0.337558
44 0.505376 0.516129 0.979507 0.334101
23 0.502251 0.516705 0.982631 0.337558
22 0.503032 0.515265 0.979507 0.334677
69 0.503032 0.515265 0.979507 0.334677
58 0.497174 0.519873 0.970915 0.334677
32 0.497174 0.519873 0.970915 0.334677
60 0.503032 0.515265 0.979507 0.334677
59 0.496783 0.518145 0.971696 0.332373
2 0.497174 0.519873 0.970915 0.334677
68 0.497174 0.519873 0.970915 0.334677
39 0.503032 0.515265 0.979507 0.334677
3 0.497174 0.519873 0.970915 0.334677
10 0.503032 0.515265 0.979507 0.334677
67 0.502251 0.516705 0.982631 0.337558
4 0.497174 0.519873 0.970915 0.334677
5 0.497174 0.519873 0.970915 0.334677
6 0.497174 0.519873 0.970915 0.334677
52 0.500298 0.516705 0.975601 0.335253
57 0.497174 0.519873 0.970915 0.334677
23 0.379227 0.533986 0.714712 0.308756
28 0.497174 0.519873 0.970915 0.334677
56 0.497174 0.519873 0.970915 0.334677
33 0.503032 0.515265 0.979507 0.334677
44 0.503032 0.515265 0.979507 0.334677
23 0.678 0.512673 0.584267 0.343318
7 0.497174 0.519873 0.970915 0.334677
31 0.497174 0.519873 0.970915 0.334677
23 0.497565 0.520449 0.977945 0.342742
22 0.497565 0.520449 0.977945 0.342742
58 0.497565 0.520449 0.977945 0.342742
59 0.497565 0.520449 0.977945 0.342742
52 0.505376 0.519009 0.982631 0.336406
69 0.505376 0.519009 0.982631 0.336406
68 0.497565 0.520449 0.977945 0.342742
32 0.497565 0.520449 0.977945 0.342742
67 0.505376 0.519009 0.982631 0.336406
10 0.505376 0.519009 0.982631 0.336406
23 0.375712 0.528514 0.713931 0.330069
23 0.44484 0.458021 0.853749 0.46875
3 0.497565 0.520449 0.977945 0.342742
60 0.505376 0.519009 0.982631 0.336406
5 0.497565 0.520449 0.977945 0.342742
31 0.497565 0.520449 0.977945 0.342742
23 0.498346 0.519873 0.971696 0.34735
58 0.498346 0.519873 0.971696 0.34735
22 0.498346 0.519873 0.971696 0.34735
69 0.499908 0.520161 0.981069 0.342166
59 0.498346 0.519873 0.971696 0.34735
32 0.498346 0.519873 0.971696 0.34735
68 0.498346 0.519873 0.971696 0.34735
67 0.499908 0.520161 0.981069 0.342166
10 0.499908 0.520161 0.981069 0.342166
52 0.499908 0.520161 0.981069 0.342166
3 0.498346 0.519873 0.971696 0.34735
60 0.503032 0.517857 0.97482 0.337558
23 0.355208 0.503168 0.676828 0.383065
2 0.498346 0.519873 0.971696 0.34735
5 0.498346 0.519873 0.971696 0.34735
23 0.440544 0.456509 0.843594 0.474078
23 0.374833 0.565524 0.714126 0.244528
4 0.492097 0.517281 0.97482 0.349078
57 0.499908 0.520161 0.981069 0.342166
39 0.503813 0.520161 0.973258 0.34447
33 0.503813 0.520161 0.973258 0.34447
44 0.503032 0.517857 0.97482 0.337558
23 0.498346 0.521889 0.97482 0.334101
69 0.498346 0.521889 0.97482 0.334101
52 0.506157 0.518145 0.976382 0.334677
58 0.498346 0.521889 0.97482 0.334101
10 0.506157 0.518145 0.976382 0.334677
22 0.498346 0.521889 0.97482 0.334101
67 0.50147 0.519873 0.981069 0.334677
59 0.497565 0.519585 0.97482 0.337558
60 0.506157 0.518721 0.976382 0.334677
68 0.498346 0.521889 0.97482 0.334101
2 0.497565 0.519585 0.97482 0.337558
32 0.498346 0.521889 0.97482 0.334101
3 0.498346 0.521889 0.97482 0.334101
57 0.498346 0.521889 0.97482 0.334101
44 0.497565 0.519585 0.97482 0.337558
56 0.497565 0.519585 0.97482 0.337558
23 0.36712 0.554724 0.696747 0.269585
39 0.497565 0.519585 0.97482 0.337558
31 0.497565 0.519585 0.97482 0.337558
54 0.497565 0.519585 0.97482 0.337558
5 0.498346 0.521889 0.97482 0.334101
23 0.351107 0.501728 0.659253 0.397465
62 0.501079 0.518721 0.978726 0.336982
28 0.498346 0.521889 0.97482 0.334101
58 0.498736 0.520737 0.980288 0.334101
23 0.504595 0.519009 0.973258 0.336406
59 0.495221 0.523041 0.971696 0.331797
32 0.498736 0.520737 0.980288 0.334101
22 0.504595 0.519009 0.973258 0.336406
69 0.504595 0.519009 0.973258 0.336406
68 0.495221 0.523041 0.971696 0.331797
3 0.495221 0.523041 0.971696 0.331797
67 0.504595 0.519009 0.973258 0.336406
4 0.495221 0.523041 0.971696 0.331797
2 0.493659 0.522177 0.967009 0.338134
39 0.504595 0.519009 0.973258 0.336406
23 0.35306 0.531682 0.666283 0.324885
60 0.504595 0.519009 0.973258 0.336406
58 0.35306 0.531682 0.666283 0.324885
59 0.35306 0.531682 0.666283 0.324885
10 0.504595 0.519009 0.973258 0.336406
56 0.495221 0.523041 0.971696 0.331797
58 0.49405 0.524194 0.969353 0.330645
23 0.49405 0.524194 0.969353 0.330645
32 0.49405 0.524194 0.969353 0.330645
59 0.493659 0.529666 0.97482 0.322005
69 0.503423 0.522465 0.980288 0.337558
22 0.503423 0.522465 0.980288 0.337558
68 0.49405 0.524194 0.969353 0.330645
67 0.503032 0.519585 0.981069 0.334101
10 0.503423 0.522465 0.980288 0.337558
60 0.503423 0.522465 0.980288 0.337558
52 0.503423 0.522465 0.980288 0.337558
3 0.492097 0.525634 0.967009 0.324309
4 0.492097 0.525634 0.967009 0.324309
2 0.493659 0.527074 0.968571 0.323733
23 0.415548 0.552419 0.790479 0.270737
59 0.415548 0.552419 0.790479 0.270737
58 0.415548 0.552419 0.790479 0.270737
57 0.493659 0.527074 0.968571 0.323733
39 0.503423 0.522465 0.980288 0.337558
56 0.493659 0.527074 0.968571 0.323733
23 0.495221 0.520737 0.968571 0.328341
58 0.495221 0.520737 0.968571 0.328341
69 0.500689 0.515553 0.976382 0.332949
22 0.499127 0.516705 0.977945 0.335253
59 0.49444 0.525346 0.976382 0.31682
32 0.495221 0.520737 0.968571 0.328341
10 0.500689 0.515553 0.976382 0.332949
68 0.495221 0.520737 0.968571 0.328341
52 0.499127 0.516705 0.977945 0.335253
67 0.500689 0.515553 0.976382 0.332949
3 0.495221 0.520737 0.968571 0.328341
4 0.492487 0.525346 0.964666 0.317972
60 0.499127 0.516705 0.977945 0.335253
5 0.495221 0.520737 0.968571 0.328341
2 0.495221 0.522177 0.968571 0.327765
31 0.495221 0.520737 0.968571 0.328341
39 0.495221 0.522177 0.968571 0.327765
57 0.495221 0.522177 0.968571 0.327765
44 0.499127 0.516705 0.977945 0.335253
23 0.49444 0.52477 0.973258 0.327189
22 0.49444 0.52477 0.973258 0.327189
52 0.504595 0.519585 0.977945 0.337558
69 0.504595 0.519585 0.977945 0.337558
58 0.49444 0.52477 0.973258 0.327189
59 0.49444 0.52477 0.973258 0.327189
68 0.49444 0.52477 0.973258 0.327189
67 0.503032 0.518721 0.981069 0.333525
10 0.503032 0.518721 0.981069 0.333525
32 0.49444 0.52477 0.973258 0.327189
4 0.492878 0.529378 0.973258 0.320276
44 0.503032 0.518721 0.981069 0.333525
54 0.49444 0.522465 0.97482 0.334101
3 0.49444 0.52477 0.973258 0.327189
31 0.49444 0.52477 0.973258 0.327189
57 0.503032 0.518721 0.981069 0.333525
5 0.492878 0.529378 0.973258 0.320276
60 0.503032 0.518721 0.981069 0.333525
66 0.504595 0.519585 0.977945 0.337558
23 0.361652 0.513825 0.67097 0.364055
23 0.500689 0.519585 0.979507 0.334101
22 0.500689 0.519585 0.979507 0.334101
58 0.491316 0.52765 0.971696 0.324885
59 0.490144 0.527074 0.972477 0.324885
69 0.501079 0.521025 0.975601 0.334677
32 0.500689 0.519585 0.979507 0.334101
68 0.491316 0.52765 0.971696 0.324885
67 0.500689 0.519585 0.979507 0.334101
52 0.501079 0.521025 0.975601 0.334677
4 0.493659 0.53053 0.971696 0.312212
10 0.501079 0.521025 0.975601 0.334677
60 0.500689 0.519585 0.979507 0.334101
3 0.491316 0.52765 0.971696 0.324885
39 0.501079 0.521025 0.975601 0.334677
2 0.490144 0.529378 0.969353 0.317972
5 0.493659 0.53053 0.971696 0.312212
44 0.501079 0.521025 0.975601 0.334677
57 0.500689 0.519585 0.979507 0.334101
23 0.380789 0.572437 0.719399 0.230703
31 0.490144 0.529378 0.969353 0.317972
23 0.504595 0.519009 0.977945 0.336406
22 0.495221 0.521889 0.965447 0.332949
69 0.504594 0.518145 0.976382 0.334677
58 0.495221 0.521889 0.965447 0.332949
59 0.496002 0.520737 0.976382 0.329493
32 0.495221 0.521889 0.965447 0.332949
10 0.504595 0.519009 0.977945 0.336406
52 0.504594 0.518145 0.976382 0.334677
67 0.504594 0.518145 0.976382 0.334677
68 0.495221 0.521889 0.965447 0.332949
60 0.504595 0.519009 0.977945 0.336406
2 0.494831 0.520737 0.969353 0.329493
23 0.369854 0.510657 0.698309 0.360023
3 0.494831 0.520737 0.969353 0.329493
4 0.494831 0.520737 0.969353 0.329493
44 0.504594 0.518145 0.976382 0.334677
39 0.495221 0.521889 0.965447 0.332949
57 0.494831 0.520737 0.969353 0.329493
5 0.494831 0.520737 0.969353 0.329493
31 0.494831 0.520737 0.969353 0.329493
23 0.499517 0.516129 0.98185 0.335253
22 0.499908 0.516705 0.981069 0.337558
69 0.499908 0.516705 0.981069 0.337558
58 0.490535 0.519585 0.97482 0.335253
59 0.490535 0.519585 0.97482 0.335253
32 0.490535 0.519585 0.97482 0.335253
4 0.489363 0.519873 0.972477 0.333525
67 0.499517 0.516129 0.98185 0.335253
2 0.490535 0.519585 0.97482 0.335253
10 0.499908 0.516705 0.981069 0.337558
60 0.499908 0.516705 0.981069 0.337558
68 0.490535 0.519585 0.97482 0.335253
3 0.489363 0.519873 0.972477 0.333525
31 0.489363 0.519873 0.972477 0.333525
52 0.499908 0.516705 0.981069 0.337558
39 0.499908 0.516705 0.981069 0.337558
7 0.489363 0.519873 0.972477 0.333525
44 0.499908 0.516705 0.981069 0.337558
57 0.489363 0.519873 0.972477 0.333525
23 0.504595 0.519873 0.977945 0.335829
22 0.505376 0.520161 0.976382 0.335253
58 0.499908 0.521313 0.970134 0.332949
69 0.505376 0.520161 0.976382 0.335253
10 0.505376 0.520161 0.976382 0.335253
59 0.498736 0.52621 0.96779 0.328917
23 0.389772 0.542051 0.737364 0.290323
32 0.499908 0.521313 0.970134 0.332949
60 0.505376 0.520161 0.976382 0.335253
52 0.505376 0.520161 0.976382 0.335253
67 0.505376 0.520161 0.976382 0.335253
39 0.505376 0.520161 0.976382 0.335253
2 0.505376 0.520161 0.976382 0.335253
44 0.505376 0.520161 0.976382 0.335253
68 0.499908 0.521313 0.970134 0.332949
33 0.505376 0.520161 0.976382 0.335253
59 0.389772 0.542051 0.737364 0.290323
23 0.347006 0.502016 0.63543 0.388825
22 0.389772 0.542051 0.737364 0.290323
23 0.504985 0.520161 0.980288 0.334101
58 0.497565 0.523618 0.97482 0.329493
59 0.497565 0.523618 0.97482 0.329493
22 0.505376 0.520737 0.977945 0.332949
52 0.505376 0.520737 0.977945 0.332949
10 0.505376 0.520737 0.977945 0.332949
32 0.497565 0.523618 0.97482 0.329493
69 0.505376 0.520737 0.977945 0.332949
68 0.497565 0.523618 0.97482 0.329493
23 0.383914 0.540323 0.723304 0.3053
67 0.505376 0.520737 0.977945 0.332949
59 0.383914 0.540323 0.723304 0.3053
60 0.505376 0.520737 0.977945 0.332949
23 0.496783 0.523041 0.965447 0.334101
58 0.496783 0.523041 0.965447 0.334101
22 0.499127 0.523041 0.97482 0.334101
69 0.50147 0.521889 0.97482 0.335253
59 0.496783 0.523041 0.965447 0.334101
52 0.50147 0.521889 0.97482 0.335253
10 0.50147 0.521889 0.97482 0.335253
32 0.496783 0.523041 0.965447 0.334101
4 0.49444 0.521313 0.970134 0.330645
68 0.496783 0.523041 0.965447 0.334101
67 0.50147 0.521889 0.97482 0.335253
2 0.497565 0.526498 0.963885 0.334101
3 0.49444 0.521313 0.970134 0.330645
60 0.500689 0.520161 0.976382 0.336406
33 0.50147 0.521889 0.97482 0.335253
23 0.372783 0.510081 0.696356 0.373848
31 0.49444 0.521313 0.970134 0.330645
5 0.49444 0.521313 0.970134 0.330645
39 0.500689 0.520161 0.976382 0.336406
44 0.50147 0.521889 0.97482 0.335253
57 0.49444 0.521313 0.970134 0.330645
23 0.500689 0.521313 0.981069 0.334101
22 0.502251 0.523906 0.977945 0.332373
58 0.490535 0.52621 0.971696 0.328917
69 0.502251 0.523906 0.977945 0.332373
2 0.488972 0.52477 0.971696 0.328341
32 0.490535 0.52621 0.971696 0.328917
59 0.490535 0.528802 0.976382 0.322581
10 0.500689 0.521313 0.981069 0.334101
60 0.500689 0.521313 0.981069 0.334101
67 0.500689 0.521313 0.981069 0.334101
3 0.488972 0.52477 0.971696 0.328341
4 0.488972 0.52477 0.971696 0.328341
39 0.502251 0.523906 0.977945 0.332373
68 0.488972 0.52477 0.971696 0.328341
33 0.502251 0.523906 0.977945 0.332373
5 0.488972 0.52477 0.971696 0.328341
57 0.488972 0.52477 0.971696 0.328341
52 0.502251 0.523906 0.977945 0.332373
23 0.385866 0.509217 0.731115 0.376728
23 0.504595 0.520449 0.977945 0.334677
58 0.496002 0.520737 0.97482 0.341014
22 0.504595 0.520449 0.977945 0.334677
69 0.504595 0.520449 0.977945 0.334677
59 0.496393 0.521889 0.977164 0.334101
32 0.496002 0.520737 0.97482 0.341014
10 0.504595 0.520449 0.977945 0.334677
67 0.504595 0.520449 0.977945 0.334677
60 0.503032 0.521313 0.981069 0.337558
2 0.496002 0.520737 0.97482 0.341014
68 0.496002 0.520737 0.97482 0.341014
52 0.504595 0.520449 0.977945 0.334677
3 0.496002 0.520737 0.97482 0.341014
39 0.504595 0.520449 0.977945 0.334677
57 0.500689 0.522465 0.970134 0.336406
23 0.496002 0.524482 0.973258 0.330069
22 0.504204 0.520161 0.978726 0.335253
69 0.504204 0.520161 0.978726 0.335253
67 0.503423 0.520449 0.980288 0.334677
60 0.503423 0.520449 0.980288 0.334677
52 0.504204 0.520161 0.978726 0.335253
58 0.496002 0.524482 0.973258 0.330069
10 0.504204 0.520161 0.978726 0.335253
32 0.496002 0.524482 0.973258 0.330069
68 0.496002 0.524482 0.973258 0.330069
59 0.496783 0.523041 0.97482 0.329493
2 0.496002 0.524482 0.973258 0.330069
39 0.504204 0.520161 0.978726 0.335253
23 0.369268 0.53341 0.694794 0.326037
44 0.504204 0.520161 0.978726 0.335253
57 0.503813 0.525346 0.970134 0.331797
3 0.496002 0.524482 0.973258 0.330069
23 0.502251 0.520161 0.979507 0.33871
22 0.503032 0.519585 0.977945 0.335253
58 0.494831 0.521889 0.972477 0.341014
69 0.503032 0.519585 0.977945 0.335253
32 0.494831 0.521889 0.972477 0.341014
59 0.495221 0.521025 0.973258 0.338134
10 0.503032 0.519585 0.977945 0.335253
67 0.503032 0.519585 0.977945 0.335253
52 0.503032 0.519585 0.977945 0.335253
68 0.494831 0.521889 0.972477 0.341014
23 0.362433 0.539747 0.69206 0.308756
60 0.503032 0.519585 0.977945 0.335253
2 0.494831 0.521889 0.972477 0.341014
39 0.503032 0.519585 0.977945 0.335253
44 0.503032 0.519585 0.977945 0.335253
23 0.496783 0.526498 0.970134 0.326037
22 0.494831 0.525634 0.969353 0.331221
69 0.503032 0.523041 0.971696 0.331797
32 0.494831 0.525634 0.969353 0.331221
59 0.496783 0.526498 0.970134 0.326037
58 0.494831 0.525634 0.969353 0.331221
60 0.503423 0.523329 0.970915 0.335829
10 0.503423 0.523329 0.970915 0.335829
2 0.494831 0.525634 0.969353 0.331221
68 0.492878 0.523041 0.970134 0.329493
39 0.494831 0.525634 0.969353 0.331221
4 0.492878 0.523041 0.970134 0.329493
67 0.503423 0.523329 0.970915 0.335829
52 0.499127 0.525346 0.976382 0.331797
6 0.494831 0.525634 0.969353 0.331221
3 0.492878 0.523041 0.970134 0.329493
7 0.492878 0.523041 0.970134 0.329493
5 0.492878 0.523041 0.970134 0.329493
23 0.386745 0.508065 0.729358 0.373272
23 0.502251 0.521313 0.982631 0.329493
22 0.503813 0.521889 0.979507 0.329493
58 0.50147 0.523618 0.984194 0.326037
32 0.494831 0.525058 0.974039 0.323157
59 0.493659 0.530242 0.977945 0.312788
69 0.503813 0.521889 0.979507 0.329493
2 0.492878 0.526498 0.97482 0.319124
60 0.502251 0.521313 0.982631 0.329493
68 0.492878 0.526498 0.97482 0.319124
67 0.503813 0.521889 0.979507 0.329493
10 0.503813 0.521889 0.979507 0.329493
3 0.492878 0.526498 0.97482 0.319124
23 0.496783 0.521889 0.970134 0.323733
22 0.496783 0.521889 0.970134 0.323733
69 0.496783 0.521889 0.970134 0.323733
23 0.373759 0.53629 0.705339 0.302995
10 0.502251 0.520161 0.976382 0.327189
58 0.496783 0.519585 0.976382 0.324885
60 0.502251 0.520161 0.976382 0.327189
2 0.496783 0.519585 0.976382 0.324885
23 0.45929 0.47379 0.881088 0.431452
67 0.502251 0.520161 0.976382 0.327189
59 0.496783 0.522177 0.977945 0.323157
22 0.373759 0.53629 0.705339 0.302995
32 0.496783 0.521889 0.970134 0.323733
23 0.498736 0.520161 0.970915 0.337558
22 0.498736 0.520161 0.970915 0.337558
58 0.499517 0.519297 0.969353 0.335829
69 0.498736 0.520161 0.970915 0.337558
59 0.500689 0.521889 0.973258 0.330645
32 0.499908 0.520737 0.956074 0.339862
67 0.498736 0.520161 0.970915 0.337558
60 0.498346 0.519585 0.973258 0.339862
10 0.498736 0.520161 0.970915 0.337558
68 0.499517 0.519297 0.969353 0.335829
39 0.498736 0.520161 0.970915 0.337558
2 0.499908 0.521025 0.959198 0.334677
52 0.499517 0.519297 0.969353 0.335829
3 0.499517 0.519297 0.969353 0.335829
23 0.503813 0.525346 0.979507 0.331797
22 0.503813 0.525346 0.979507 0.331797
58 0.502251 0.525922 0.981069 0.329493
59 0.496783 0.532546 0.976382 0.312788
32 0.497955 0.529954 0.969353 0.322581
69 0.503813 0.525346 0.979507 0.331797
2 0.497955 0.529954 0.969353 0.322581
4 0.495221 0.529378 0.970134 0.315668
68 0.498346 0.53341 0.971696 0.317972
39 0.503813 0.525346 0.979507 0.331797
7 0.495221 0.529378 0.970134 0.315668
3 0.495221 0.529378 0.970134 0.315668
23 0.505766 0.521889 0.974039 0.332949
22 0.505766 0.521889 0.974039 0.332949
58 0.502251 0.525922 0.96076 0.326037
32 0.502251 0.525922 0.96076 0.326037
59 0.502642 0.525346 0.963104 0.328341
10 0.504985 0.521313 0.975601 0.332949
69 0.505766 0.521889 0.974039 0.332949
39 0.505766 0.521889 0.974039 0.332949
2 0.499908 0.52477 0.968571 0.326037
60 0.504985 0.521313 0.975601 0.332949
33 0.505766 0.521889 0.974039 0.332949
23 0.38118 0.510369 0.711588 0.365207
23 0.504204 0.524482 0.959979 0.339286
22 0.503423 0.521889 0.969353 0.33871
32 0.504204 0.524482 0.959979 0.339286
58 0.504204 0.524482 0.959979 0.339286
69 0.503423 0.521889 0.969353 0.33871
59 0.504204 0.524482 0.959979 0.339286
10 0.503423 0.521889 0.969353 0.33871
39 0.503423 0.521889 0.969353 0.33871
23 0.50147 0.521025 0.962323 0.338134
22 0.50147 0.519585 0.970134 0.33871
69 0.50147 0.519585 0.970134 0.33871
32 0.50147 0.521025 0.962323 0.338134
2 0.50147 0.521025 0.962323 0.338134
10 0.501079 0.520449 0.974039 0.339286
58 0.50147 0.521025 0.962323 0.338134
59 0.502251 0.521889 0.976382 0.331797
60 0.501079 0.520449 0.974039 0.339286
67 0.501079 0.520449 0.974039 0.339286
23 0.503032 0.523906 0.962323 0.336982
22 0.503813 0.521025 0.970134 0.333525
69 0.503813 0.521025 0.970134 0.333525
2 0.503032 0.523906 0.962323 0.336982
32 0.503032 0.523906 0.962323 0.336982
39 0.503813 0.521025 0.970134 0.333525
10 0.502251 0.521889 0.973258 0.336406
33 0.503813 0.521025 0.970134 0.333525
59 0.503032 0.523906 0.962323 0.336982
60 0.502251 0.521889 0.973258 0.336406
58 0.503032 0.523906 0.962323 0.336982
68 0.503032 0.523906 0.962323 0.336982
23 0.499908 0.523329 0.959198 0.338134
22 0.502251 0.521889 0.968571 0.334101
69 0.502251 0.521889 0.968571 0.334101
2 0.500689 0.527362 0.97482 0.327765
32 0.499908 0.523329 0.959198 0.338134
58 0.499127 0.522465 0.970134 0.332949
39 0.502251 0.521889 0.968571 0.334101
10 0.502251 0.521889 0.968571 0.334101
60 0.50147 0.521025 0.971696 0.336982
59 0.500689 0.527362 0.97482 0.327765
33 0.502251 0.521889 0.968571 0.334101
67 0.502251 0.521889 0.968571 0.334101
23 0.50147 0.521889 0.970134 0.336406
22 0.50147 0.521889 0.970134 0.336406
58 0.50147 0.521889 0.970134 0.336406
32 0.50147 0.521889 0.970134 0.336406
59 0.500689 0.522465 0.973258 0.330645
69 0.50147 0.521889 0.970134 0.336406
2 0.500689 0.522465 0.973258 0.330645
10 0.505376 0.520449 0.977945 0.333525
23 0.503032 0.521889 0.97482 0.335253
22 0.503032 0.521889 0.97482 0.335253
59 0.499127 0.525058 0.976382 0.332373
58 0.498346 0.524482 0.965447 0.333525
32 0.498346 0.524482 0.965447 0.333525
23 0.372197 0.53197 0.697528 0.3197
2 0.499127 0.525058 0.976382 0.332373
69 0.503032 0.521889 0.97482 0.335253
39 0.503032 0.521889 0.97482 0.335253
68 0.499127 0.525058 0.976382 0.332373
10 0.503032 0.521889 0.97482 0.335253
23 0.503032 0.519009 0.973258 0.33871
22 0.503032 0.519009 0.973258 0.33871
32 0.497174 0.522753 0.961542 0.335829
58 0.500298 0.519009 0.96779 0.335253
2 0.500689 0.523618 0.977945 0.329493
59 0.500689 0.523618 0.977945 0.329493
69 0.503032 0.519009 0.973258 0.33871
39 0.503032 0.519009 0.973258 0.33871
4 0.499127 0.523329 0.973258 0.328917
7 0.500689 0.523618 0.977945 0.329493
68 0.500689 0.523618 0.977945 0.329493
23 0.503032 0.518145 0.97482 0.338134
58 0.498346 0.521313 0.965447 0.337558
22 0.503032 0.518145 0.97482 0.338134
59 0.498346 0.521313 0.965447 0.337558
32 0.498346 0.521313 0.965447 0.337558
2 0.499517 0.521889 0.978726 0.332949
4 0.497955 0.520737 0.972477 0.334101
23 0.505376 0.519297 0.97482 0.335829
22 0.502251 0.521313 0.963885 0.336406
58 0.502251 0.521313 0.963885 0.336406
32 0.502251 0.521313 0.963885 0.336406
2 0.503813 0.520449 0.973258 0.331221
59 0.503813 0.520449 0.973258 0.331221
69 0.502251 0.521313 0.963885 0.336406
23 0.506938 0.520161 0.976382 0.328341
22 0.507719 0.521025 0.97482 0.327765
2 0.498736 0.522753 0.96779 0.324309
69 0.498736 0.522753 0.96779 0.324309
32 0.498736 0.522753 0.96779 0.324309
58 0.498736 0.522753 0.96779 0.324309
39 0.498736 0.522753 0.96779 0.324309
59 0.503032 0.522465 0.979507 0.330645
10 0.506938 0.520161 0.976382 0.328341
23 0.506938 0.521889 0.979507 0.334101
22 0.506938 0.521889 0.979507 0.334101
32 0.504204 0.525922 0.969353 0.331797
58 0.504204 0.525922 0.969353 0.331797
59 0.501079 0.526498 0.975601 0.329493
2 0.501079 0.526498 0.975601 0.329493
69 0.504204 0.525922 0.969353 0.331797
39 0.506938 0.521889 0.979507 0.334101
68 0.501079 0.526498 0.975601 0.329493
23 0.503813 0.524194 0.982631 0.332949
22 0.496002 0.524482 0.977945 0.327765
32 0.504985 0.521889 0.980288 0.336406
59 0.495612 0.523618 0.974039 0.327189
58 0.504985 0.522177 0.980288 0.335829
2 0.496002 0.524482 0.977945 0.327765
69 0.496002 0.524482 0.977945 0.327765
23 0.503813 0.523906 0.97482 0.336982
22 0.504985 0.524194 0.974039 0.334101
58 0.499908 0.52909 0.965447 0.327765
32 0.499908 0.52909 0.965447 0.327765
59 0.499908 0.52909 0.965447 0.327765
10 0.504985 0.524194 0.974039 0.334101
69 0.504985 0.524194 0.974039 0.334101
2 0.502642 0.529954 0.977164 0.320276
39 0.504985 0.524194 0.974039 0.334101
23 0.496783 0.525922 0.971696 0.336406
22 0.496783 0.525922 0.971696 0.336406
10 0.505376 0.523041 0.977945 0.341014
69 0.505766 0.521025 0.977164 0.340438
2 0.496783 0.525922 0.971696 0.336406
58 0.496783 0.525922 0.971696 0.336406
39 0.505766 0.521025 0.977164 0.340438
32 0.496783 0.525922 0.971696 0.336406
23 0.506938 0.521313 0.979507 0.337558
22 0.497565 0.524194 0.973258 0.331797
58 0.505766 0.520161 0.98185 0.335253
32 0.506938 0.521313 0.979507 0.337558
2 0.495612 0.524482 0.977164 0.331221
69 0.49444 0.523041 0.973258 0.329493
39 0.506938 0.521313 0.979507 0.337558
10 0.505766 0.520161 0.98185 0.335253
59 0.495612 0.524482 0.977164 0.331221
23 0.507328 0.520737 0.978726 0.332949
22 0.507328 0.520161 0.978726 0.332949
2 0.502251 0.524194 0.976382 0.326037
69 0.502251 0.524194 0.976382 0.326037
32 0.507328 0.520161 0.978726 0.332949
23 0.506938 0.521025 0.979507 0.331221
22 0.506938 0.521025 0.979507 0.331221
32 0.506938 0.521025 0.979507 0.331221
39 0.506938 0.521025 0.979507 0.331221
59 0.497565 0.523618 0.973258 0.321429
58 0.505376 0.521313 0.979507 0.331797
2 0.498346 0.525058 0.977945 0.322005
69 0.498346 0.525058 0.977945 0.322005
23 0.505376 0.520737 0.979507 0.334101
22 0.496002 0.52765 0.979507 0.319124
2 0.494831 0.52477 0.975601 0.322581
69 0.494831 0.52477 0.975601 0.322581
58 0.505376 0.520737 0.979507 0.334101
32 0.496002 0.52765 0.979507 0.319124
10 0.505376 0.520737 0.979507 0.334101
59 0.494831 0.52477 0.975601 0.322581
39 0.505376 0.523041 0.979507 0.332949
22 0.506157 0.521313 0.977945 0.330645
23 0.50147 0.522465 0.984194 0.323733
69 0.494831 0.525058 0.975601 0.31394
2 0.495221 0.526786 0.977945 0.315092
32 0.494831 0.525058 0.975601 0.31394
39 0.506157 0.521313 0.977945 0.330645
10 0.506157 0.520161 0.977945 0.328341
59 0.494831 0.525058 0.975601 0.31394
7 0.495221 0.526786 0.977945 0.315092
60 0.506157 0.520161 0.977945 0.328341
58 0.494831 0.525058 0.975601 0.31394
68 0.494831 0.525058 0.975601 0.31394
23 0.505766 0.521889 0.977164 0.337558
22 0.505766 0.521889 0.977164 0.337558
32 0.505766 0.521889 0.977164 0.337558
2 0.496783 0.523618 0.97482 0.329493
59 0.496783 0.523618 0.97482 0.329493
58 0.505376 0.520737 0.977945 0.335253
69 0.496783 0.523618 0.97482 0.329493
4 0.496783 0.523618 0.97482 0.329493
7 0.496783 0.523618 0.97482 0.329493
39 0.505766 0.521889 0.977164 0.337558
68 0.496783 0.523618 0.97482 0.329493
22 0.496783 0.52477 0.971696 0.330645
23 0.501861 0.52477 0.983413 0.335253
69 0.496002 0.52621 0.976382 0.325461
2 0.496002 0.52621 0.976382 0.325461
39 0.504595 0.522753 0.977945 0.336982
10 0.503813 0.521889 0.979507 0.337558
32 0.496002 0.528802 0.979507 0.320276
7 0.496002 0.528802 0.979507 0.320276
22 0.496783 0.525058 0.971696 0.327765
23 0.506547 0.520737 0.978726 0.331797
2 0.497565 0.528802 0.979507 0.314516
69 0.496002 0.526498 0.976382 0.319124
32 0.497565 0.528802 0.979507 0.314516
39 0.506547 0.520737 0.978726 0.331797
7 0.497565 0.528802 0.979507 0.314516
10 0.506157 0.520737 0.979507 0.334101
59 0.496002 0.526498 0.976382 0.319124
68 0.497565 0.528802 0.979507 0.314516
33 0.506547 0.520737 0.978726 0.331797
60 0.506157 0.520737 0.979507 0.334101
6 0.497565 0.528802 0.979507 0.314516
23 0.504595 0.521601 0.973258 0.332373
22 0.504595 0.521601 0.973258 0.332373
2 0.498736 0.525346 0.978726 0.322581
32 0.498736 0.525346 0.978726 0.322581
39 0.504595 0.521601 0.973258 0.332373
69 0.498736 0.525346 0.978726 0.322581
23 0.506938 0.520737 0.977945 0.335253
22 0.499127 0.52477 0.979507 0.323733
58 0.506547 0.520161 0.980288 0.334101
32 0.506938 0.520737 0.977945 0.335253
59 0.499127 0.52477 0.979507 0.323733
2 0.499127 0.52477 0.979507 0.323733
10 0.506547 0.520161 0.980288 0.334101
23 0.506547 0.518433 0.974039 0.336406
22 0.498346 0.523618 0.97482 0.324885
2 0.498346 0.523618 0.97482 0.324885
32 0.498346 0.523618 0.97482 0.324885
59 0.497565 0.521889 0.970134 0.327189
39 0.506547 0.518433 0.974039 0.336406
58 0.505766 0.517857 0.975601 0.334101
23 0.506547 0.519873 0.980288 0.333525
22 0.503813 0.522753 0.971696 0.328917
32 0.501079 0.52621 0.975601 0.320853
2 0.501079 0.52621 0.975601 0.320853
59 0.501079 0.52621 0.975601 0.320853
58 0.506547 0.519873 0.980288 0.333525
39 0.5085 0.520161 0.976382 0.334101
69 0.501079 0.52621 0.975601 0.320853
7 0.501079 0.52621 0.975601 0.320853
23 0.506938 0.520737 0.973258 0.330645
22 0.503032 0.523329 0.970134 0.324309
2 0.502251 0.525634 0.979507 0.318548
32 0.506938 0.520737 0.973258 0.330645
39 0.506938 0.520737 0.973258 0.330645
59 0.502251 0.525634 0.979507 0.318548
23 0.505376 0.522465 0.97482 0.332949
22 0.505376 0.522465 0.97482 0.332949
32 0.505376 0.522465 0.97482 0.332949
59 0.497955 0.525346 0.978726 0.329493
2 0.497955 0.525346 0.978726 0.329493
39 0.505376 0.522465 0.97482 0.332949
58 0.503813 0.521313 0.977945 0.334101
23 0.507719 0.519297 0.979507 0.332373
22 0.507719 0.519297 0.979507 0.332373
59 0.496393 0.52477 0.980288 0.321429
32 0.496393 0.52477 0.980288 0.321429
58 0.506547 0.518721 0.98185 0.331221
2 0.496393 0.52477 0.980288 0.321429
39 0.507719 0.519297 0.979507 0.332373
23 0.507328 0.520161 0.977164 0.331797
22 0.507328 0.520161 0.977164 0.331797
59 0.498736 0.525922 0.980288 0.320276
58 0.506157 0.519873 0.977945 0.333525
32 0.507328 0.520161 0.977164 0.331797
39 0.507328 0.520161 0.977164 0.331797
23 0.506938 0.521025 0.982631 0.331221
22 0.506938 0.521025 0.982631 0.331221
32 0.506938 0.521025 0.982631 0.331221
59 0.496393 0.528802 0.980288 0.319124
39 0.506938 0.521025 0.982631 0.331221
2 0.496393 0.528802 0.980288 0.319124
23 0.506938 0.519585 0.97482 0.331797
22 0.503813 0.521313 0.970134 0.332949
39 0.506938 0.519585 0.97482 0.331797
32 0.503813 0.521313 0.970134 0.332949
2 0.499908 0.522177 0.977945 0.325461
23 0.5085 0.520161 0.976382 0.328341
22 0.5085 0.520161 0.976382 0.328341
39 0.5085 0.520161 0.976382 0.328341
32 0.5085 0.520161 0.976382 0.328341
23 0.506157 0.521889 0.977945 0.330645
22 0.506157 0.521889 0.977945 0.330645
32 0.506157 0.521889 0.977945 0.330645
39 0.506157 0.521889 0.977945 0.330645
2 0.497565 0.52765 0.977945 0.322581
59 0.497565 0.524482 0.976382 0.324309
58 0.504595 0.520737 0.981069 0.331797
23 0.503813 0.521313 0.984194 0.335253
22 0.495221 0.528802 0.979507 0.319124
2 0.494831 0.525058 0.977164 0.324309
32 0.495221 0.528802 0.979507 0.319124
69 0.494831 0.525058 0.977164 0.324309
39 0.505766 0.521889 0.98185 0.334101
10 0.503813 0.521313 0.984194 0.335253
23 0.504595 0.520737 0.982631 0.329493
22 0.506157 0.521889 0.979507 0.329493
2 0.49444 0.525634 0.976382 0.317396
39 0.506157 0.521889 0.979507 0.329493
69 0.49444 0.525634 0.976382 0.317396
32 0.495221 0.528802 0.977945 0.317972
23 0.505766 0.520737 0.980288 0.329493
22 0.496783 0.527362 0.981069 0.320853
2 0.496783 0.527362 0.981069 0.320853
23 0.504595 0.523329 0.981069 0.331221
22 0.496783 0.53053 0.977945 0.319124
23 0.506547 0.519297 0.977164 0.330069
22 0.498736 0.522465 0.972477 0.326037
23 0.506938 0.523041 0.979507 0.323733
22 0.500689 0.525922 0.976382 0.323733
23 0.506157 0.521601 0.979507 0.330069
22 0.498736 0.525922 0.975601 0.326037
23 0.504985 0.521601 0.98185 0.333525
22 0.495221 0.528226 0.977945 0.323733
23 0.506157 0.521601 0.979507 0.327765
22 0.499908 0.526498 0.97482 0.322581
23 0.506938 0.522465 0.977945 0.329493
22 0.50147 0.525922 0.977945 0.324885
23 0.506157 0.521025 0.982631 0.326613
22 0.496002 0.525922 0.976382 0.31682
59 0.496002 0.525922 0.976382 0.31682
23 0.504595 0.521889 0.981069 0.329493
22 0.496002 0.526786 0.979507 0.3197
2 0.496002 0.526786 0.979507 0.3197
23 0.506157 0.520737 0.979507 0.329493
22 0.496393 0.526786 0.978726 0.324309
2 0.496393 0.526786 0.978726 0.324309
23 0.506157 0.521601 0.977945 0.327765
22 0.499908 0.525634 0.977945 0.323157
39 0.506157 0.521601 0.977945 0.327765
2 0.497565 0.52765 0.979507 0.320276
23 0.504985 0.521025 0.98185 0.331221
22 0.496002 0.525346 0.979507 0.323733
2 0.496002 0.525346 0.979507 0.323733
32 0.496002 0.525346 0.979507 0.323733
69 0.496002 0.525346 0.979507 0.323733
39 0.506157 0.521313 0.981069 0.330645
23 0.505766 0.520737 0.98185 0.331797
22 0.495612 0.524482 0.978726 0.325461
2 0.495612 0.524482 0.978726 0.325461
23 0.505376 0.520161 0.981069 0.332949
22 0.496002 0.524194 0.977945 0.326037
2 0.496002 0.524194 0.977945 0.326037
69 0.496002 0.521313 0.976382 0.329493
32 0.496002 0.524194 0.977945 0.326037
23 0.507328 0.520737 0.978726 0.329493
22 0.500689 0.523041 0.976382 0.326037
2 0.500689 0.525058 0.976382 0.322005
32 0.500689 0.525058 0.976382 0.322005
23 0.506938 0.520737 0.979507 0.328341
22 0.499908 0.523041 0.97482 0.324885
32 0.498346 0.52477 0.97482 0.322581
2 0.498346 0.52477 0.97482 0.322581
59 0.497955 0.521313 0.975601 0.326037
23 0.505376 0.523041 0.982631 0.330645
22 0.497565 0.527074 0.976382 0.322581
69 0.497955 0.523618 0.975601 0.326037
2 0.497565 0.527074 0.976382 0.322581
23 0.505376 0.522753 0.981069 0.326613
22 0.497565 0.525922 0.977945 0.319124
23 0.505376 0.521889 0.981069 0.327189
22 0.496002 0.526498 0.977945 0.322581
2 0.496002 0.526498 0.977945 0.322581
32 0.496002 0.526498 0.977945 0.322581
39 0.505376 0.521889 0.981069 0.327189
69 0.496002 0.522753 0.976382 0.326613
23 0.505376 0.522177 0.979507 0.327765
22 0.497174 0.525922 0.977164 0.320276
2 0.497174 0.525922 0.977164 0.320276
69 0.497565 0.522753 0.976382 0.324309
23 0.504595 0.522177 0.977945 0.328917
22 0.499127 0.525922 0.976382 0.319124
2 0.499127 0.525922 0.976382 0.319124
69 0.498736 0.522465 0.975601 0.324885
32 0.499127 0.525922 0.976382 0.319124
23 0.504595 0.522465 0.979507 0.327189
22 0.498346 0.525922 0.976382 0.317972
69 0.498346 0.525922 0.976382 0.317972
2 0.498346 0.525922 0.976382 0.317972
32 0.498346 0.525922 0.976382 0.317972
23 0.506157 0.522465 0.977945 0.329493
22 0.498346 0.52621 0.977945 0.320853
2 0.498346 0.52621 0.977945 0.320853
69 0.497565 0.521889 0.976382 0.324885
32 0.498346 0.52621 0.977945 0.320853
39 0.506938 0.522753 0.977945 0.327765
23 0.504204 0.521601 0.98185 0.328917
22 0.497174 0.523906 0.977164 0.323157
69 0.496783 0.521313 0.97482 0.326037
2 0.497174 0.523906 0.977164 0.323157
32 0.497174 0.523906 0.977164 0.323157
39 0.505766 0.521313 0.98185 0.327189
23 0.506157 0.522177 0.981069 0.330069
22 0.497174 0.525058 0.977164 0.324309
69 0.496783 0.522465 0.97482 0.327189
2 0.497174 0.525058 0.977164 0.324309
23 0.504595 0.521889 0.982631 0.327189
22 0.496393 0.525346 0.978726 0.320276
2 0.496393 0.525346 0.978726 0.320276
23 0.505766 0.520737 0.98185 0.329493
22 0.499127 0.522465 0.979507 0.328341
2 0.496002 0.523906 0.979507 0.325461
23 0.505376 0.521313 0.979507 0.327189
22 0.500689 0.523618 0.971696 0.321429
69 0.497565 0.520737 0.976382 0.323733
2 0.498346 0.523906 0.977945 0.320853
23 0.504595 0.521601 0.981069 0.327765
22 0.496393 0.525634 0.978726 0.320853
69 0.496002 0.522465 0.976382 0.322581
2 0.496393 0.525634 0.978726 0.320853
23 0.506547 0.522465 0.980288 0.326037
22 0.497565 0.525346 0.976382 0.320276
69 0.497565 0.521601 0.976382 0.323157
2 0.497565 0.525346 0.976382 0.320276
23 0.506547 0.521601 0.980288 0.327765
22 0.497174 0.524194 0.977164 0.323733
2 0.497174 0.524194 0.977164 0.323733
23 0.504595 0.521889 0.981069 0.328341
22 0.497174 0.525058 0.977164 0.323157
2 0.497174 0.525058 0.977164 0.323157
69 0.497565 0.521313 0.976382 0.326037
23 0.506938 0.521601 0.979507 0.326613
22 0.497955 0.523618 0.977164 0.323733
2 0.497955 0.523618 0.977164 0.323733
23 0.506547 0.522465 0.980288 0.326037
22 0.496393 0.52477 0.977164 0.322581
69 0.496002 0.521601 0.976382 0.324309
2 0.496393 0.52477 0.977164 0.322581
23 0.506157 0.522753 0.981069 0.327765
22 0.496783 0.526498 0.977945 0.321429
2 0.496783 0.526498 0.977945 0.321429
69 0.496002 0.522753 0.976382 0.324309
23 0.506547 0.522753 0.980288 0.326613
22 0.496393 0.527362 0.978726 0.320853
2 0.496393 0.527362 0.978726 0.320853
23 0.506157 0.521313 0.979507 0.328341
22 0.496783 0.525346 0.977945 0.322581
2 0.496783 0.525346 0.977945 0.322581
23 0.505766 0.522753 0.980288 0.326613
22 0.496393 0.526498 0.978726 0.321429
2 0.496393 0.526498 0.978726 0.321429
69 0.496002 0.522753 0.976382 0.324309
23 0.505376 0.522753 0.981069 0.326613
22 0.496002 0.52621 0.977945 0.320853
69 0.496002 0.522465 0.976382 0.323733
2 0.496002 0.52621 0.977945 0.320853
23 0.505766 0.522753 0.980288 0.327765
22 0.496783 0.526498 0.977945 0.320276
2 0.496783 0.526498 0.977945 0.320276
69 0.496393 0.523041 0.977164 0.322581
32 0.496783 0.526498 0.977945 0.320276
39 0.505766 0.522753 0.980288 0.327765
23 0.506157 0.522753 0.979507 0.327765
22 0.497174 0.526498 0.977164 0.321429
2 0.497174 0.526498 0.977164 0.321429
69 0.497174 0.523041 0.977164 0.323733
23 0.506157 0.522753 0.979507 0.327765
22 0.497174 0.526786 0.977164 0.322005
2 0.497174 0.526786 0.977164 0.322005
69 0.496393 0.522753 0.975601 0.324309
23 0.506157 0.522753 0.979507 0.327765
22 0.497174 0.52621 0.977164 0.322005
2 0.497174 0.52621 0.977164 0.322005
23 0.506157 0.522465 0.979507 0.328341
22 0.497174 0.525346 0.977164 0.322581
2 0.497174 0.525346 0.977164 0.322581
69 0.497565 0.521889 0.976382 0.326037
23 0.505766 0.522753 0.978726 0.327765
22 0.497565 0.525922 0.977945 0.321429
2 0.497565 0.525922 0.977945 0.321429
69 0.497565 0.522465 0.976382 0.326037
23 0.505766 0.522753 0.978726 0.327765
22 0.498346 0.525634 0.977945 0.320853
2 0.498346 0.525634 0.977945 0.320853
69 0.497565 0.521889 0.976382 0.324885
23 0.505376 0.523041 0.979507 0.327189
22 0.497174 0.525634 0.977164 0.320853
2 0.497174 0.525634 0.977164 0.320853
69 0.497565 0.522465 0.976382 0.323733
23 0.506157 0.522465 0.979507 0.327189
22 0.497174 0.525346 0.977164 0.321429
2 0.497174 0.525346 0.977164 0.321429
69 0.496783 0.521889 0.976382 0.324885
32 0.497174 0.525346 0.977164 0.321429
23 0.506157 0.523041 0.979507 0.327189
22 0.497174 0.525922 0.977164 0.321429
2 0.497174 0.525922 0.977164 0.321429
69 0.497565 0.522177 0.976382 0.324309
23 0.506157 0.522753 0.979507 0.327765
22 0.499517 0.525346 0.975601 0.322581
2 0.497565 0.525922 0.976382 0.321429
69 0.497565 0.522177 0.976382 0.324309
23 0.505766 0.522753 0.978726 0.327765
22 0.499517 0.525346 0.975601 0.322581
2 0.497565 0.525922 0.976382 0.321429
69 0.497565 0.522177 0.976382 0.324309
23 0.505766 0.522753 0.978726 0.327765
22 0.499908 0.525346 0.97482 0.322581
2 0.497565 0.525922 0.976382 0.321429
69 0.497565 0.522177 0.976382 0.324309
23 0.505766 0.522753 0.978726 0.327765
22 0.497955 0.525922 0.977164 0.321429
2 0.497955 0.525922 0.977164 0.321429
69 0.497565 0.522177 0.976382 0.324309
23 0.506157 0.522753 0.979507 0.327765
22 0.497565 0.525922 0.976382 0.321429
2 0.497565 0.525922 0.976382 0.321429
69 0.497565 0.522177 0.976382 0.324309
23 0.506157 0.523041 0.979507 0.327189
22 0.497565 0.52621 0.976382 0.320853
2 0.497565 0.52621 0.976382 0.320853
69 0.497565 0.522465 0.976382 0.323733
23 0.505766 0.522753 0.978726 0.327765
22 0.497565 0.52621 0.976382 0.320853
2 0.497565 0.52621 0.976382 0.320853
69 0.497565 0.522465 0.976382 0.323733
23 0.505766 0.522465 0.978726 0.327189
22 0.497565 0.52621 0.976382 0.320853
2 0.497565 0.52621 0.976382 0.320853
69 0.497565 0.522465 0.976382 0.324885
23 0.505766 0.522465 0.978726 0.327189
22 0.497565 0.52621 0.976382 0.320853
2 0.497565 0.52621 0.976382 0.320853
69 0.497565 0.522465 0.976382 0.323733
