22 0.577977 0.485057 0.786564 0.370115
22 0.414638 0.464368 0.768426 0.417241
72 0.414638 0.464368 0.768426 0.417241
3 0.577977 0.485057 0.786564 0.370115
62 0.624785 0.479885 0.696069 0.335632
62 0.414638 0.464368 0.768426 0.417241
3 0.36471 0.457471 0.663889 0.428736
2 0.414638 0.464368 0.768426 0.417241
2 0.689243 0.475287 0.606159 0.318391
72 0.577977 0.485057 0.786564 0.370115
4 0.414638 0.464368 0.768426 0.417241
64 0.414638 0.464368 0.768426 0.417241
22 0.689243 0.475287 0.606159 0.318391
62 0.532827 0.483333 0.85658 0.410345
60 0.36471 0.457471 0.663889 0.428736
3 0.44165 0.49569 0.798656 0.377586
22 0.30854 0.464081 0.571833 0.472989
35 0.380312 0.453951 0.708356 0.442672
41 0.380312 0.453951 0.708356 0.442672
72 0.689243 0.475287 0.606159 0.318391
2 0.584706 0.506897 0.737221 0.378161
23 0.624785 0.479885 0.696069 0.335632
35 0.577977 0.485057 0.786564 0.370115
60 0.577977 0.485057 0.786564 0.370115
2 0.30854 0.464081 0.571833 0.472989
62 0.597188 0.434483 0.726299 0.454023
22 0.645165 0.440805 0.641265 0.4
22 0.540726 0.426149 0.795535 0.501724
4 0.577977 0.485057 0.786564 0.370115
62 0.73176 0.474138 0.511764 0.310345
52 0.414638 0.464368 0.768426 0.417241
52 0.645165 0.440805 0.641265 0.4
60 0.689243 0.475287 0.606159 0.318391
57 0.624785 0.479885 0.696069 0.335632
36 0.584706 0.506897 0.737221 0.378161
35 0.73176 0.474138 0.511764 0.310345
41 0.577977 0.485057 0.786564 0.370115
4 0.645165 0.440805 0.641265 0.4
21 0.577977 0.485057 0.786564 0.370115
60 0.44165 0.49569 0.798656 0.377586
52 0.532827 0.483333 0.85658 0.410345
36 0.397475 0.474138 0.723178 0.386207
31 0.414638 0.464368 0.768426 0.417241
4 0.73176 0.474138 0.511764 0.310345
57 0.414638 0.464368 0.768426 0.417241
23 0.498892 0.473563 0.862041 0.427586
3 0.689243 0.475287 0.606159 0.318391
41 0.270314 0.472701 0.49226 0.491379
2 0.597188 0.434483 0.726299 0.454023
10 0.624785 0.479885 0.696069 0.335632
58 0.624785 0.479885 0.696069 0.335632
64 0.495283 0.420402 0.797485 0.520115
72 0.30854 0.464081 0.571833 0.472989
3 0.270314 0.472701 0.49226 0.491379
21 0.645165 0.440805 0.641265 0.4
22 0.799046 0.475575 0.386553 0.327011
4 0.540726 0.426149 0.795535 0.501724
64 0.597188 0.434483 0.726299 0.454023
69 0.414638 0.464368 0.768426 0.417241
8 0.689243 0.475287 0.606159 0.318391
10 0.532827 0.483333 0.85658 0.410345
39 0.577977 0.485057 0.786564 0.370115
52 0.689243 0.475287 0.606159 0.318391
58 0.498892 0.473563 0.862041 0.427586
57 0.704065 0.445977 0.568713 0.367816
64 0.30815 0.449497 0.564812 0.475718
36 0.73176 0.474138 0.511764 0.310345
37 0.397475 0.474138 0.723178 0.386207
57 0.532827 0.483333 0.85658 0.410345
58 0.326873 0.458046 0.61318 0.46092
64 0.689243 0.475287 0.606159 0.318391
31 0.689243 0.475287 0.606159 0.318391
3 0.495283 0.420402 0.797485 0.520115
57 0.738001 0.47931 0.474318 0.301149
35 0.645165 0.440805 0.641265 0.4
33 0.577977 0.485057 0.786564 0.370115
72 0.645165 0.440805 0.641265 0.4
69 0.577977 0.485057 0.786564 0.370115
33 0.740341 0.451724 0.49148 0.348276
3 0.338575 0.540086 0.533607 0.506034
36 0.326873 0.458046 0.61318 0.46092
60 0.259392 0.497989 0.467296 0.535057
3 0.767255 0.483621 0.417368 0.298276
45 0.701335 0.48046 0.563252 0.310345
10 0.414638 0.464368 0.768426 0.417241
5 0.624785 0.479885 0.696069 0.335632
57 0.597188 0.434483 0.726299 0.454023
40 0.414638 0.464368 0.768426 0.417241
72 0.495283 0.420402 0.797485 0.520115
56 0.380312 0.453951 0.708356 0.442672
39 0.397475 0.474138 0.723178 0.386207
4 0.30815 0.449497 0.564812 0.475718
21 0.740341 0.451724 0.49148 0.348276
37 0.532827 0.483333 0.85658 0.410345
34 0.577977 0.485057 0.786564 0.370115
2 0.495283 0.420402 0.797485 0.520115
69 0.762185 0.473276 0.450914 0.313218
5 0.532827 0.483333 0.85658 0.410345
7 0.624785 0.479885 0.696069 0.335632
44 0.414638 0.464368 0.768426 0.417241
33 0.799046 0.475575 0.386553 0.327011
2 0.443112 0.425862 0.848779 0.398851
4 0.443112 0.425862 0.848779 0.398851
52 0.443112 0.425862 0.848779 0.398851
3 0.443112 0.425862 0.848779 0.398851
22 0.443112 0.425862 0.848779 0.398851
62 0.482119 0.432471 0.936153 0.394828
60 0.443112 0.425862 0.848779 0.398851
36 0.482119 0.432471 0.936153 0.394828
69 0.443112 0.425862 0.848779 0.398851
58 0.443112 0.425862 0.848779 0.398851
35 0.482119 0.432471 0.936153 0.394828
10 0.443112 0.425862 0.848779 0.398851
23 0.482119 0.432471 0.936153 0.394828
2 0.521125 0.478448 0.836297 0.375287
21 0.482119 0.432471 0.936153 0.394828
57 0.443112 0.425862 0.848779 0.398851
44 0.443112 0.425862 0.848779 0.398851
8 0.482119 0.432471 0.936153 0.394828
58 0.287477 0.43477 0.54999 0.395977
33 0.443112 0.425862 0.848779 0.398851
5 0.498501 0.438506 0.931472 0.389655
2 0.287477 0.43477 0.54999 0.395977
3 0.521125 0.478448 0.836297 0.375287
3 0.287477 0.43477 0.54999 0.395977
56 0.482119 0.432471 0.936153 0.394828
65 0.434531 0.423851 0.825375 0.405172
64 0.482119 0.432471 0.936153 0.394828
39 0.498501 0.438506 0.931472 0.389655
72 0.482119 0.432471 0.936153 0.394828
60 0.287477 0.43477 0.54999 0.395977
22 0.296839 0.429023 0.568713 0.401724
32 0.443112 0.425862 0.848779 0.398851
31 0.482119 0.432471 0.936153 0.394828
66 0.434531 0.423851 0.825375 0.405172
4 0.585973 0.449425 0.748727 0.355172
22 0.585973 0.449425 0.748727 0.355172
34 0.517225 0.448851 0.890906 0.365517
4 0.296839 0.429023 0.568713 0.401724
2 0.596017 0.420402 0.705235 0.417816
7 0.498501 0.438506 0.931472 0.389655
52 0.585973 0.449425 0.748727 0.355172
60 0.585973 0.449425 0.748727 0.355172
62 0.688072 0.448851 0.541408 0.352874
20 0.443112 0.425862 0.848779 0.398851
58 0.521125 0.478448 0.836297 0.375287
10 0.585973 0.449425 0.748727 0.355172
59 0.482119 0.432471 0.936153 0.394828
57 0.596017 0.420402 0.705235 0.417816
33 0.585973 0.449425 0.748727 0.355172
5 0.372901 0.427012 0.705235 0.398851
2 0.688072 0.448851 0.541408 0.352874
4 0.0261343 0.532759 0.0522685 0.244828
7 0.372901 0.427012 0.705235 0.398851
36 0.341696 0.429885 0.61162 0.389655
30 0.482119 0.432471 0.936153 0.394828
69 0.287477 0.43477 0.54999 0.395977
36 0.601088 0.475287 0.676371 0.35977
10 0.287477 0.43477 0.54999 0.395977
39 0.601088 0.475287 0.676371 0.35977
62 0.601088 0.475287 0.676371 0.35977
52 0.287477 0.43477 0.54999 0.395977
65 0.336625 0.41408 0.579635 0.421264
41 0.443112 0.425862 0.848779 0.398851
69 0.585973 0.449425 0.748727 0.355172
4 0.138863 0.398922 0.24262 0.359626
23 0.341696 0.429885 0.61162 0.389655
58 0.226627 0.456034 0.414248 0.432759
4 0.048758 0.523563 0.0975159 0.257471
4 0.897147 0.448851 0.199713 0.328736
29 0.434531 0.423851 0.825375 0.405172
0 0.482119 0.432471 0.936153 0.394828
44 0.585973 0.449425 0.748727 0.355172
45 0.443112 0.425862 0.848779 0.398851
62 0.287477 0.43477 0.54999 0.395977
45 0.521125 0.478448 0.836297 0.375287
3 0.596017 0.420402 0.705235 0.417816
49 0.372901 0.427012 0.705235 0.398851
58 0.596017 0.420402 0.705235 0.417816
4 0.962677 0.444828 0.0717717 0.347126
32 0.521125 0.478448 0.836297 0.375287
35 0.389284 0.401652 0.666229 0.450718
32 0.596017 0.420402 0.705235 0.417816
66 0.296839 0.429023 0.568713 0.401724
37 0.443112 0.425862 0.848779 0.398851
4 0.0225749 0.570115 0.0451499 0.334483
4 0.675981 0.432184 0.554671 0.394253
57 0.296839 0.429023 0.568713 0.401724
66 0.484849 0.370618 0.698214 0.525431
57 0.521125 0.478448 0.836297 0.375287
65 0.585973 0.449425 0.748727 0.355172
8 0.601088 0.475287 0.676371 0.35977
8 0.341696 0.429885 0.61162 0.389655
52 0.48992 0.431034 0.957997 0.381609
4 0.48992 0.431034 0.957997 0.381609
58 0.453254 0.422414 0.859701 0.396552
2 0.48992 0.431034 0.957997 0.381609
23 0.48992 0.431034 0.957997 0.381609
62 0.48992 0.431034 0.957997 0.381609
3 0.48992 0.431034 0.957997 0.381609
8 0.48992 0.431034 0.957997 0.381609
59 0.48992 0.431034 0.957997 0.381609
10 0.453254 0.422414 0.859701 0.396552
21 0.48992 0.431034 0.957997 0.381609
60 0.453254 0.422414 0.859701 0.396552
5 0.48992 0.431034 0.957997 0.381609
57 0.48992 0.431034 0.957997 0.381609
67 0.48992 0.431034 0.957997 0.381609
36 0.48992 0.431034 0.957997 0.381609
34 0.496551 0.440805 0.957217 0.365517
44 0.48992 0.431034 0.957997 0.381609
52 0.374071 0.42069 0.697434 0.397701
29 0.48992 0.431034 0.957997 0.381609
69 0.48992 0.431034 0.957997 0.381609
4 0.374071 0.42069 0.697434 0.397701
22 0.48992 0.431034 0.957997 0.381609
32 0.48992 0.431034 0.957997 0.381609
35 0.48992 0.431034 0.957997 0.381609
30 0.48992 0.431034 0.957997 0.381609
56 0.48992 0.431034 0.957997 0.381609
65 0.436481 0.418103 0.818354 0.408621
3 0.374071 0.42069 0.697434 0.397701
20 0.453254 0.422414 0.859701 0.396552
33 0.48992 0.431034 0.957997 0.381609
66 0.485239 0.411207 0.929912 0.423563
23 0.374071 0.42069 0.697434 0.397701
2 0.374071 0.42069 0.697434 0.397701
58 0.296448 0.423276 0.566373 0.405172
58 0.512934 0.466954 0.877643 0.333908
0 0.436481 0.418103 0.818354 0.408621
39 0.496551 0.440805 0.957217 0.365517
67 0.374071 0.42069 0.697434 0.397701
5 0.374071 0.42069 0.697434 0.397701
61 0.453254 0.422414 0.859701 0.396552
36 0.374071 0.42069 0.697434 0.397701
7 0.496551 0.440805 0.957217 0.365517
6 0.436481 0.418103 0.818354 0.408621
69 0.374071 0.42069 0.697434 0.397701
22 0.374071 0.42069 0.697434 0.397701
62 0.374071 0.42069 0.697434 0.397701
44 0.374071 0.42069 0.697434 0.397701
56 0.374071 0.42069 0.697434 0.397701
31 0.453254 0.422414 0.859701 0.396552
29 0.362759 0.417241 0.67091 0.408046
8 0.374071 0.42069 0.697434 0.397701
59 0.374071 0.42069 0.697434 0.397701
32 0.374071 0.42069 0.697434 0.397701
4 0.602648 0.457471 0.704455 0.349425
66 0.362759 0.417241 0.67091 0.408046
45 0.48992 0.431034 0.957997 0.381609
34 0.602648 0.457471 0.704455 0.349425
59 0.602648 0.457471 0.704455 0.349425
57 0.374071 0.42069 0.697434 0.397701
58 0.616983 0.471264 0.624297 0.332184
21 0.374071 0.42069 0.697434 0.397701
64 0.48992 0.431034 0.957997 0.381609
34 0.362759 0.417241 0.67091 0.408046
28 0.496551 0.440805 0.957217 0.365517
52 0.602648 0.457471 0.704455 0.349425
62 0.602648 0.457471 0.704455 0.349425
66 0.441552 0.373851 0.711476 0.500575
72 0.48992 0.431034 0.957997 0.381609
20 0.332919 0.431322 0.583145 0.39023
41 0.436481 0.418103 0.818354 0.408621
33 0.374071 0.42069 0.697434 0.397701
21 0.602648 0.457471 0.704455 0.349425
60 0.296839 0.415589 0.565592 0.415948
10 0.512934 0.466954 0.877643 0.333908
1 0.453254 0.422414 0.859701 0.396552
8 0.602648 0.457471 0.704455 0.349425
10 0.296448 0.423276 0.566373 0.405172
2 0.602648 0.457471 0.704455 0.349425
23 0.602648 0.457471 0.704455 0.349425
57 0.602648 0.457471 0.704455 0.349425
5 0.602648 0.457471 0.704455 0.349425
3 0.602648 0.457471 0.704455 0.349425
39 0.602648 0.457471 0.704455 0.349425
61 0.512934 0.466954 0.877643 0.333908
35 0.374071 0.42069 0.697434 0.397701
54 0.327264 0.408333 0.556231 0.418966
60 0.512934 0.466954 0.877643 0.333908
29 0.602648 0.457471 0.704455 0.349425
67 0.602648 0.457471 0.704455 0.349425
65 0.296839 0.415589 0.565592 0.415948
28 0.362759 0.417241 0.67091 0.408046
36 0.602648 0.457471 0.704455 0.349425
7 0.362759 0.417241 0.67091 0.408046
49 0.453254 0.422414 0.859701 0.396552
0 0.296839 0.415589 0.565592 0.415948
44 0.602648 0.457471 0.704455 0.349425
58 0.222531 0.437428 0.402156 0.417098
30 0.441552 0.373851 0.711476 0.500575
32 0.602648 0.457471 0.704455 0.349425
40 0.436481 0.418103 0.818354 0.408621
61 0.332919 0.431322 0.583145 0.39023
33 0.602648 0.457471 0.704455 0.349425
22 0.602648 0.457471 0.704455 0.349425
7 0.602648 0.457471 0.704455 0.349425
4 0.49226 0.422701 0.972039 0.41092
52 0.49226 0.422701 0.972039 0.41092
23 0.498502 0.435632 0.967358 0.383908
58 0.498502 0.435632 0.967358 0.383908
2 0.49226 0.422701 0.972039 0.41092
20 0.454814 0.422701 0.881544 0.407471
62 0.49226 0.422701 0.972039 0.41092
5 0.49226 0.422701 0.972039 0.41092
10 0.498502 0.435632 0.967358 0.383908
36 0.49226 0.422701 0.972039 0.41092
66 0.4907 0.420762 0.962677 0.411351
0 0.49226 0.422701 0.972039 0.41092
67 0.49226 0.422701 0.972039 0.41092
34 0.498502 0.435632 0.967358 0.383908
59 0.49226 0.422701 0.972039 0.41092
3 0.49226 0.422701 0.972039 0.41092
57 0.49226 0.422701 0.972039 0.41092
60 0.49226 0.422701 0.972039 0.41092
8 0.49226 0.422701 0.972039 0.41092
61 0.463006 0.417816 0.901047 0.417241
65 0.454814 0.422701 0.881544 0.407471
56 0.49226 0.422701 0.972039 0.41092
32 0.49226 0.422701 0.972039 0.41092
30 0.49226 0.422701 0.972039 0.41092
7 0.4907 0.420762 0.962677 0.411351
69 0.49226 0.422701 0.972039 0.41092
44 0.49226 0.422701 0.972039 0.41092
29 0.49226 0.422701 0.972039 0.41092
1 0.49226 0.422701 0.972039 0.41092
6 0.463006 0.417816 0.901047 0.417241
28 0.496551 0.417816 0.954096 0.414943
21 0.498502 0.435632 0.967358 0.383908
22 0.49226 0.422701 0.972039 0.41092
31 0.49226 0.422701 0.972039 0.41092
33 0.49226 0.422701 0.972039 0.41092
68 0.382653 0.42069 0.724738 0.409195
35 0.49226 0.422701 0.972039 0.41092
54 0.340526 0.41523 0.596017 0.408621
59 0.574271 0.448851 0.787734 0.352874
4 0.574271 0.448851 0.787734 0.352874
39 0.498502 0.435632 0.967358 0.383908
45 0.49226 0.422701 0.972039 0.41092
52 0.574271 0.448851 0.787734 0.352874
5 0.574271 0.448851 0.787734 0.352874
58 0.59904 0.472989 0.64458 0.302299
67 0.574271 0.448851 0.787734 0.352874
36 0.574271 0.448851 0.787734 0.352874
54 0.457935 0.400862 0.806652 0.446552
57 0.574271 0.448851 0.787734 0.352874
2 0.574271 0.448851 0.787734 0.352874
32 0.574271 0.448851 0.787734 0.352874
34 0.594457 0.416092 0.727079 0.418391
62 0.574271 0.448851 0.787734 0.352874
28 0.340526 0.41523 0.596017 0.408621
20 0.574271 0.448851 0.787734 0.352874
29 0.574271 0.448851 0.787734 0.352874
3 0.574271 0.448851 0.787734 0.352874
8 0.574271 0.448851 0.787734 0.352874
58 0.353788 0.422126 0.638924 0.397126
30 0.574271 0.448851 0.787734 0.352874
0 0.574271 0.448851 0.787734 0.352874
60 0.574271 0.448851 0.787734 0.352874
31 0.574271 0.448851 0.787734 0.352874
65 0.340526 0.41523 0.596017 0.408621
41 0.454814 0.422701 0.881544 0.407471
58 0.728249 0.454023 0.439212 0.345977
0 0.30659 0.420187 0.584316 0.4125
23 0.353788 0.422126 0.638924 0.397126
52 0.353788 0.422126 0.638924 0.397126
67 0.353788 0.422126 0.638924 0.397126
36 0.353788 0.422126 0.638924 0.397126
23 0.594457 0.416092 0.727079 0.418391
56 0.574271 0.448851 0.787734 0.352874
66 0.340526 0.41523 0.596017 0.408621
61 0.574271 0.448851 0.787734 0.352874
0 0.479778 0.382471 0.781688 0.483333
4 0.30659 0.420187 0.584316 0.4125
20 0.30659 0.420187 0.584316 0.4125
44 0.574271 0.448851 0.787734 0.352874
10 0.353788 0.422126 0.638924 0.397126
4 0.494601 0.418319 0.97828 0.40704
52 0.494601 0.418319 0.97828 0.40704
2 0.494601 0.418319 0.97828 0.40704
23 0.494601 0.418319 0.97828 0.40704
58 0.494601 0.418319 0.97828 0.40704
3 0.494601 0.418319 0.97828 0.40704
67 0.494601 0.418319 0.97828 0.40704
66 0.493041 0.421552 0.973599 0.406322
69 0.494601 0.418319 0.97828 0.40704
0 0.494601 0.418319 0.97828 0.40704
10 0.494601 0.418319 0.97828 0.40704
32 0.494601 0.418319 0.97828 0.40704
44 0.494601 0.418319 0.97828 0.40704
5 0.494601 0.418319 0.97828 0.40704
22 0.494601 0.418319 0.97828 0.40704
60 0.494601 0.418319 0.97828 0.40704
57 0.494601 0.418319 0.97828 0.40704
56 0.494601 0.418319 0.97828 0.40704
28 0.493041 0.421552 0.973599 0.406322
61 0.494601 0.418319 0.97828 0.40704
62 0.494601 0.418319 0.97828 0.40704
8 0.494601 0.418319 0.97828 0.40704
6 0.493041 0.421552 0.973599 0.406322
20 0.494601 0.418319 0.97828 0.40704
30 0.494601 0.418319 0.97828 0.40704
34 0.494601 0.418319 0.97828 0.40704
21 0.498892 0.405675 0.982181 0.42773
36 0.494601 0.418319 0.97828 0.40704
29 0.493041 0.421552 0.973599 0.406322
59 0.498892 0.405675 0.982181 0.42773
1 0.494601 0.418319 0.97828 0.40704
65 0.493041 0.421552 0.973599 0.406322
35 0.494601 0.418319 0.97828 0.40704
7 0.493041 0.421552 0.973599 0.406322
33 0.494601 0.418319 0.97828 0.40704
31 0.494601 0.418319 0.97828 0.40704
45 0.494601 0.418319 0.97828 0.40704
39 0.498892 0.405675 0.982181 0.42773
54 0.408787 0.418463 0.750483 0.422845
68 0.378362 0.424713 0.714597 0.395402
54 0.481729 0.367241 0.874523 0.526437
0 0.285527 0.424784 0.536728 0.398707
58 0.282016 0.426437 0.532827 0.395402
59 0.381092 0.424138 0.720058 0.393103
58 0.617861 0.462356 0.608499 0.321264
54 0.285527 0.424784 0.536728 0.398707
28 0.321608 0.416739 0.559741 0.414799
4 0.285527 0.424784 0.536728 0.398707
66 0.321608 0.416739 0.559741 0.414799
4 0.607622 0.383621 0.706991 0.478736
69 0.333505 0.428233 0.590557 0.389512
52 0.282016 0.426437 0.532827 0.395402
41 0.408787 0.418463 0.750483 0.422845
56 0.285527 0.424784 0.536728 0.398707
21 0.381092 0.424138 0.720058 0.393103
60 0.285527 0.424784 0.536728 0.398707
23 0.333505 0.428233 0.590557 0.389512
4 0.49187 0.426724 0.9775 0.394828
2 0.49187 0.426724 0.9775 0.394828
52 0.49187 0.426724 0.9775 0.394828
23 0.49187 0.426724 0.9775 0.394828
30 0.49187 0.426724 0.9775 0.394828
8 0.49187 0.426724 0.9775 0.394828
58 0.472757 0.422989 0.91899 0.398851
1 0.49187 0.426724 0.9775 0.394828
67 0.49187 0.426724 0.9775 0.394828
3 0.49187 0.426724 0.9775 0.394828
31 0.49187 0.426724 0.9775 0.394828
59 0.49187 0.426724 0.9775 0.394828
36 0.49187 0.426724 0.9775 0.394828
10 0.472757 0.422989 0.91899 0.398851
32 0.49187 0.426724 0.9775 0.394828
28 0.468077 0.422414 0.911189 0.403448
5 0.472757 0.422989 0.91899 0.398851
20 0.472757 0.422989 0.91899 0.398851
44 0.49187 0.426724 0.9775 0.394828
45 0.49187 0.426724 0.9775 0.394828
7 0.49187 0.426724 0.9775 0.394828
61 0.472757 0.422989 0.91899 0.398851
29 0.468077 0.422414 0.911189 0.403448
6 0.468077 0.422414 0.911189 0.403448
56 0.472757 0.422989 0.91899 0.398851
21 0.49187 0.426724 0.9775 0.394828
34 0.49187 0.426724 0.9775 0.394828
0 0.468077 0.422414 0.911189 0.403448
22 0.49187 0.426724 0.9775 0.394828
66 0.48914 0.422989 0.972039 0.401149
62 0.49187 0.426724 0.9775 0.394828
57 0.472757 0.422989 0.91899 0.398851
35 0.49187 0.426724 0.9775 0.394828
60 0.49187 0.426724 0.9775 0.394828
54 0.468077 0.422414 0.911189 0.403448
69 0.472757 0.422989 0.91899 0.398851
68 0.407227 0.421911 0.780128 0.404454
39 0.49187 0.426724 0.9775 0.394828
65 0.468077 0.422414 0.911189 0.403448
33 0.49187 0.426724 0.9775 0.394828
54 0.341696 0.414871 0.616301 0.413937
4 0.353398 0.429885 0.647506 0.386207
52 0.353398 0.429885 0.647506 0.386207
58 0.282016 0.427083 0.539068 0.410201
68 0.282016 0.427083 0.539068 0.410201
28 0.304835 0.422486 0.585486 0.413649
0 0.304835 0.422486 0.585486 0.413649
10 0.353398 0.429885 0.647506 0.386207
23 0.353398 0.429885 0.647506 0.386207
36 0.353398 0.429885 0.647506 0.386207
69 0.353398 0.429885 0.647506 0.386207
3 0.353398 0.429885 0.647506 0.386207
22 0.353398 0.429885 0.647506 0.386207
5 0.353398 0.429885 0.647506 0.386207
1 0.341696 0.414871 0.616301 0.413937
59 0.353398 0.429885 0.647506 0.386207
67 0.353398 0.429885 0.647506 0.386207
2 0.353398 0.429885 0.647506 0.386207
61 0.353398 0.429885 0.647506 0.386207
8 0.353398 0.429885 0.647506 0.386207
56 0.353398 0.429885 0.647506 0.386207
57 0.353398 0.429885 0.647506 0.386207
31 0.353398 0.429885 0.647506 0.386207
58 0.604209 0.447701 0.706015 0.349425
20 0.353398 0.429885 0.647506 0.386207
7 0.304835 0.422486 0.585486 0.413649
60 0.353398 0.429885 0.647506 0.386207
34 0.353398 0.429885 0.647506 0.386207
32 0.353398 0.429885 0.647506 0.386207
31 0.604209 0.447701 0.706015 0.349425
4 0.498892 0.431897 0.989982 0.400575
2 0.49226 0.427299 0.984521 0.40977
3 0.498892 0.431897 0.989982 0.400575
52 0.498892 0.431897 0.989982 0.400575
5 0.498892 0.431897 0.989982 0.400575
66 0.49031 0.427658 0.98062 0.402155
7 0.49031 0.427658 0.98062 0.402155
23 0.498892 0.431897 0.989982 0.400575
30 0.49226 0.427299 0.984521 0.40977
22 0.498892 0.431897 0.989982 0.400575
1 0.49031 0.427658 0.98062 0.402155
29 0.49031 0.427658 0.98062 0.402155
44 0.49226 0.427299 0.984521 0.40977
34 0.498892 0.431897 0.989982 0.400575
8 0.498892 0.431897 0.989982 0.400575
31 0.498892 0.431897 0.989982 0.400575
45 0.49226 0.427299 0.984521 0.40977
39 0.498892 0.431897 0.989982 0.400575
67 0.49226 0.427299 0.984521 0.40977
36 0.498892 0.431897 0.989982 0.400575
28 0.49031 0.427658 0.98062 0.402155
32 0.498892 0.431897 0.989982 0.400575
65 0.49031 0.427658 0.98062 0.402155
20 0.49226 0.427299 0.984521 0.40977
58 0.498892 0.431897 0.989982 0.400575
56 0.49226 0.427299 0.984521 0.40977
57 0.498892 0.431897 0.989982 0.400575
6 0.49031 0.427658 0.98062 0.402155
21 0.498892 0.431897 0.989982 0.400575
54 0.49031 0.427658 0.98062 0.402155
35 0.498892 0.431897 0.989982 0.400575
69 0.498892 0.431897 0.989982 0.400575
0 0.49226 0.427299 0.984521 0.40977
60 0.49226 0.427299 0.984521 0.40977
10 0.498892 0.431897 0.989982 0.400575
62 0.498892 0.431897 0.989982 0.400575
59 0.498892 0.431897 0.989982 0.400575
61 0.49226 0.427299 0.984521 0.40977
33 0.49226 0.427299 0.984521 0.40977
68 0.466516 0.425575 0.933033 0.402874
54 0.344036 0.414871 0.638144 0.405891
54 0.532047 0.357543 0.801971 0.541236
58 0.693143 0.451149 0.560912 0.352874
4 0.710306 0.41329 0.525026 0.422845
4 0.295473 0.422342 0.577684 0.405891
68 0.295473 0.422342 0.577684 0.405891
58 0.588996 0.466092 0.73488 0.31954
28 0.344036 0.414871 0.638144 0.405891
4 0.496161 0.429598 0.97828 0.414368
2 0.494991 0.424425 0.97906 0.422414
54 0.49226 0.428161 0.972039 0.418391
6 0.49226 0.428161 0.972039 0.418391
66 0.49226 0.428161 0.972039 0.418391
29 0.49226 0.428161 0.972039 0.418391
30 0.494991 0.424425 0.97906 0.422414
8 0.494991 0.424425 0.97906 0.422414
7 0.49226 0.428161 0.972039 0.418391
31 0.494991 0.424425 0.97906 0.422414
20 0.494991 0.424425 0.97906 0.422414
67 0.494991 0.424425 0.97906 0.422414
3 0.494991 0.424425 0.97906 0.422414
52 0.496161 0.429598 0.97828 0.414368
36 0.494991 0.424425 0.97906 0.422414
28 0.49226 0.428161 0.972039 0.418391
44 0.494991 0.424425 0.97906 0.422414
1 0.49226 0.428161 0.972039 0.418391
45 0.494991 0.424425 0.97906 0.422414
5 0.496161 0.429598 0.97828 0.414368
56 0.494991 0.424425 0.97906 0.422414
62 0.494991 0.424425 0.97906 0.422414
61 0.494991 0.424425 0.97906 0.422414
39 0.496161 0.429598 0.97828 0.414368
60 0.494991 0.424425 0.97906 0.422414
23 0.496161 0.429598 0.97828 0.414368
35 0.494991 0.424425 0.97906 0.422414
32 0.494991 0.424425 0.97906 0.422414
0 0.494991 0.424425 0.97906 0.422414
57 0.494991 0.424425 0.97906 0.422414
34 0.496161 0.429598 0.97828 0.414368
59 0.496161 0.429598 0.97828 0.414368
21 0.496161 0.429598 0.97828 0.414368
22 0.496161 0.429598 0.97828 0.414368
65 0.49226 0.428161 0.972039 0.418391
69 0.496161 0.429598 0.97828 0.414368
58 0.496161 0.429598 0.97828 0.414368
10 0.496161 0.429598 0.97828 0.414368
33 0.49226 0.428161 0.972039 0.418391
68 0.472367 0.422414 0.922891 0.41954
54 0.375241 0.416667 0.702115 0.410345
58 0.573296 0.480747 0.76472 0.286782
4 0.505523 0.437284 0.97672 0.392098
3 0.505523 0.437284 0.97672 0.392098
2 0.505523 0.437284 0.97672 0.392098
7 0.505523 0.437284 0.97672 0.392098
22 0.505523 0.437284 0.97672 0.392098
31 0.505523 0.437284 0.97672 0.392098
32 0.505523 0.437284 0.97672 0.392098
1 0.505523 0.437284 0.97672 0.392098
54 0.504743 0.436782 0.975159 0.389655
23 0.505523 0.437284 0.97672 0.392098
8 0.505523 0.437284 0.97672 0.392098
66 0.504743 0.436782 0.975159 0.389655
30 0.505523 0.437284 0.97672 0.392098
5 0.505523 0.437284 0.97672 0.392098
39 0.505523 0.437284 0.97672 0.392098
59 0.505523 0.437284 0.97672 0.392098
34 0.505523 0.437284 0.97672 0.392098
52 0.505523 0.437284 0.97672 0.392098
36 0.505523 0.437284 0.97672 0.392098
29 0.505523 0.437284 0.97672 0.392098
67 0.505523 0.437284 0.97672 0.392098
57 0.505523 0.437284 0.97672 0.392098
44 0.505523 0.437284 0.97672 0.392098
45 0.505523 0.437284 0.97672 0.392098
35 0.505523 0.437284 0.97672 0.392098
58 0.505523 0.437284 0.97672 0.392098
56 0.505523 0.437284 0.97672 0.392098
69 0.505523 0.437284 0.97672 0.392098
6 0.505523 0.437284 0.97672 0.392098
60 0.505523 0.437284 0.97672 0.392098
10 0.505523 0.437284 0.97672 0.392098
20 0.505523 0.437284 0.97672 0.392098
28 0.504743 0.436782 0.975159 0.389655
0 0.505523 0.437284 0.97672 0.392098
21 0.505523 0.437284 0.97672 0.392098
65 0.504743 0.436782 0.975159 0.389655
62 0.505523 0.437284 0.97672 0.392098
68 0.503182 0.430532 0.97828 0.403305
61 0.505523 0.437284 0.97672 0.392098
33 0.505523 0.437284 0.97672 0.392098
4 0.366855 0.425575 0.678321 0.407471
4 0.580805 0.464655 0.760624 0.325862
22 0.366855 0.425575 0.678321 0.407471
31 0.375924 0.425575 0.699189 0.408621
58 0.580805 0.464655 0.760624 0.325862
58 0.375924 0.425575 0.699189 0.408621
57 0.366855 0.425575 0.678321 0.407471
31 0.580805 0.464655 0.760624 0.325862
68 0.366855 0.425575 0.678321 0.407471
4 0.506693 0.422917 0.9775 0.40704
66 0.506303 0.422989 0.975159 0.405747
54 0.506303 0.422989 0.975159 0.405747
2 0.506303 0.422989 0.975159 0.405747
7 0.506303 0.422989 0.975159 0.405747
31 0.506693 0.422917 0.9775 0.40704
3 0.506303 0.422989 0.975159 0.405747
20 0.506303 0.422989 0.975159 0.405747
6 0.506303 0.422989 0.975159 0.405747
56 0.504743 0.421552 0.972039 0.41092
30 0.506693 0.422917 0.9775 0.40704
44 0.504743 0.421552 0.972039 0.41092
57 0.506303 0.422989 0.975159 0.405747
32 0.506693 0.422917 0.9775 0.40704
1 0.506303 0.422989 0.975159 0.405747
29 0.506303 0.422989 0.975159 0.405747
35 0.506303 0.422989 0.975159 0.405747
5 0.506303 0.422989 0.975159 0.405747
67 0.506693 0.422917 0.9775 0.40704
28 0.506303 0.422989 0.975159 0.405747
39 0.506693 0.422917 0.9775 0.40704
60 0.506693 0.422917 0.9775 0.40704
0 0.506693 0.422917 0.9775 0.40704
22 0.506693 0.422917 0.9775 0.40704
23 0.506693 0.422917 0.9775 0.40704
45 0.506303 0.422989 0.975159 0.405747
8 0.506303 0.422989 0.975159 0.405747
68 0.505913 0.422126 0.972819 0.407471
52 0.506693 0.422917 0.9775 0.40704
69 0.506693 0.422917 0.9775 0.40704
34 0.506693 0.422917 0.9775 0.40704
36 0.506693 0.422917 0.9775 0.40704
58 0.506693 0.422917 0.9775 0.40704
65 0.506303 0.422989 0.975159 0.405747
10 0.506693 0.422917 0.9775 0.40704
62 0.506303 0.422989 0.975159 0.405747
59 0.506693 0.422917 0.9775 0.40704
21 0.506693 0.422917 0.9775 0.40704
61 0.506303 0.422989 0.975159 0.405747
33 0.506303 0.422989 0.975159 0.405747
4 0.584706 0.485632 0.762185 0.271264
58 0.584706 0.485632 0.762185 0.271264
4 0.505913 0.421552 0.97594 0.414368
3 0.505913 0.421552 0.97594 0.414368
2 0.500842 0.420762 0.97672 0.418247
7 0.505913 0.421552 0.97594 0.414368
57 0.505913 0.421552 0.97594 0.414368
22 0.506303 0.422989 0.97828 0.411494
31 0.506303 0.422989 0.97828 0.411494
52 0.506303 0.422989 0.97828 0.411494
1 0.505913 0.421552 0.97594 0.414368
58 0.506303 0.422989 0.97828 0.411494
23 0.506303 0.422989 0.97828 0.411494
5 0.505913 0.421552 0.97594 0.414368
28 0.505913 0.421552 0.97594 0.414368
32 0.506303 0.422989 0.97828 0.411494
34 0.505913 0.421552 0.97594 0.414368
39 0.506303 0.422989 0.97828 0.411494
68 0.505913 0.421552 0.97594 0.414368
45 0.506303 0.422989 0.97828 0.411494
59 0.506303 0.422989 0.97828 0.411494
67 0.506303 0.422989 0.97828 0.411494
56 0.506303 0.422989 0.97828 0.411494
8 0.505913 0.421552 0.97594 0.414368
60 0.506303 0.422989 0.97828 0.411494
54 0.505913 0.421552 0.97594 0.414368
0 0.500842 0.420762 0.97672 0.418247
29 0.505913 0.421552 0.97594 0.414368
66 0.505913 0.421552 0.97594 0.414368
10 0.506303 0.422989 0.97828 0.411494
69 0.506303 0.422989 0.97828 0.411494
6 0.505913 0.421552 0.97594 0.414368
35 0.505913 0.421552 0.97594 0.414368
30 0.506303 0.422989 0.97828 0.411494
21 0.506303 0.422989 0.97828 0.411494
20 0.505913 0.421552 0.97594 0.414368
36 0.506303 0.422989 0.97828 0.411494
44 0.506303 0.422989 0.97828 0.411494
62 0.506303 0.422989 0.97828 0.411494
65 0.505913 0.421552 0.97594 0.414368
61 0.500842 0.420762 0.97672 0.418247
33 0.505913 0.421552 0.97594 0.414368
4 0.505523 0.420115 0.97984 0.421839
44 0.503182 0.419037 0.97828 0.422845
31 0.505523 0.420115 0.97984 0.421839
54 0.504743 0.416092 0.97828 0.421839
7 0.504743 0.416092 0.97828 0.421839
57 0.504743 0.416092 0.97828 0.421839
3 0.505523 0.420115 0.97984 0.421839
39 0.505523 0.420115 0.97984 0.421839
29 0.504743 0.416092 0.97828 0.421839
23 0.505523 0.420115 0.97984 0.421839
35 0.504743 0.416092 0.97828 0.421839
66 0.504743 0.416092 0.97828 0.421839
21 0.505523 0.420115 0.97984 0.421839
45 0.504743 0.416092 0.97828 0.421839
8 0.504743 0.416092 0.97828 0.421839
30 0.505523 0.420115 0.97984 0.421839
32 0.505523 0.420115 0.97984 0.421839
67 0.505523 0.420115 0.97984 0.421839
20 0.504743 0.416092 0.97828 0.421839
2 0.502402 0.415589 0.97672 0.425144
28 0.504743 0.416092 0.97828 0.421839
56 0.505523 0.420115 0.97984 0.421839
34 0.505523 0.420115 0.97984 0.421839
22 0.505523 0.420115 0.97984 0.421839
5 0.505523 0.420115 0.97984 0.421839
1 0.505523 0.420115 0.97984 0.421839
6 0.504743 0.416092 0.97828 0.421839
59 0.510142 0.433046 0.979717 0.395977
36 0.505523 0.420115 0.97984 0.421839
0 0.505523 0.420115 0.97984 0.421839
52 0.505523 0.420115 0.97984 0.421839
68 0.505523 0.420115 0.97984 0.421839
58 0.505523 0.420115 0.97984 0.421839
10 0.505523 0.420115 0.97984 0.421839
65 0.504743 0.416092 0.97828 0.421839
60 0.505523 0.420115 0.97984 0.421839
69 0.505523 0.420115 0.97984 0.421839
4 0.580025 0.467241 0.812113 0.318391
61 0.503182 0.419037 0.97828 0.422845
62 0.504743 0.416092 0.97828 0.421839
33 0.504743 0.416092 0.97828 0.421839
57 0.36822 0.417816 0.683392 0.424138
23 0.580025 0.467241 0.812113 0.318391
58 0.580025 0.467241 0.812113 0.318391
4 0.36822 0.417816 0.683392 0.424138
59 0.580025 0.467241 0.812113 0.318391
31 0.580025 0.467241 0.812113 0.318391
2 0.36822 0.417816 0.683392 0.424138
7 0.36822 0.417816 0.683392 0.424138
5 0.36822 0.417816 0.683392 0.424138
32 0.580025 0.467241 0.812113 0.318391
3 0.580025 0.467241 0.812113 0.318391
57 0.580025 0.467241 0.812113 0.318391
7 0.580025 0.467241 0.812113 0.318391
22 0.580025 0.467241 0.812113 0.318391
39 0.580025 0.467241 0.812113 0.318391
4 0.492651 0.420977 0.985301 0.414368
54 0.496941 0.416954 0.987642 0.421264
66 0.496941 0.416954 0.987642 0.421264
31 0.492651 0.420977 0.985301 0.414368
7 0.496941 0.416954 0.987642 0.421264
35 0.496941 0.416954 0.987642 0.421264
29 0.496941 0.416954 0.987642 0.421264
57 0.496941 0.416954 0.987642 0.421264
30 0.492651 0.420977 0.985301 0.414368
44 0.492651 0.420977 0.985301 0.414368
39 0.497331 0.418894 0.986861 0.417385
2 0.478998 0.42069 0.957997 0.413793
8 0.496941 0.416954 0.987642 0.421264
6 0.496941 0.416954 0.987642 0.421264
28 0.496941 0.416954 0.987642 0.421264
3 0.492651 0.420977 0.985301 0.414368
34 0.497331 0.418894 0.986861 0.417385
45 0.496941 0.416954 0.987642 0.421264
20 0.496941 0.416954 0.987642 0.421264
32 0.492651 0.420977 0.985301 0.414368
21 0.497331 0.418894 0.986861 0.417385
5 0.478998 0.42069 0.957997 0.413793
22 0.492651 0.420977 0.985301 0.414368
36 0.497331 0.418894 0.986861 0.417385
1 0.492651 0.420977 0.985301 0.414368
56 0.478998 0.42069 0.957997 0.413793
67 0.492651 0.420977 0.985301 0.414368
23 0.497331 0.418894 0.986861 0.417385
0 0.493041 0.419253 0.986081 0.418966
68 0.492651 0.420977 0.985301 0.414368
65 0.496941 0.416954 0.987642 0.421264
10 0.497331 0.418894 0.986861 0.417385
60 0.492651 0.420977 0.985301 0.414368
52 0.497331 0.418894 0.986861 0.417385
59 0.492651 0.420977 0.985301 0.414368
69 0.497331 0.418894 0.986861 0.417385
58 0.478998 0.42069 0.957997 0.413793
62 0.497331 0.418894 0.986861 0.417385
61 0.497331 0.418894 0.986861 0.417385
33 0.496941 0.416954 0.987642 0.421264
4 0.503182 0.422414 0.97828 0.414943
54 0.503182 0.422414 0.97828 0.414943
45 0.503182 0.422414 0.97828 0.414943
30 0.502402 0.422701 0.97984 0.414368
29 0.503182 0.422414 0.97828 0.414943
7 0.503182 0.422414 0.97828 0.414943
8 0.503182 0.422414 0.97828 0.414943
3 0.502402 0.422701 0.97984 0.414368
44 0.502402 0.422701 0.97984 0.414368
31 0.502402 0.422701 0.97984 0.414368
35 0.503182 0.422414 0.97828 0.414943
39 0.502402 0.422701 0.97984 0.414368
2 0.486019 0.42306 0.943954 0.410201
66 0.503182 0.422414 0.97828 0.414943
34 0.503182 0.422414 0.97828 0.414943
20 0.503182 0.422414 0.97828 0.414943
21 0.502402 0.422701 0.97984 0.414368
6 0.503182 0.422414 0.97828 0.414943
28 0.503182 0.422414 0.97828 0.414943
5 0.486019 0.42306 0.943954 0.410201
56 0.499282 0.423851 0.97828 0.40977
57 0.503182 0.422414 0.97828 0.414943
1 0.499282 0.423851 0.97828 0.40977
32 0.502402 0.422701 0.97984 0.414368
67 0.502402 0.422701 0.97984 0.414368
23 0.502402 0.422701 0.97984 0.414368
0 0.499282 0.423851 0.97828 0.40977
65 0.503182 0.422414 0.97828 0.414943
36 0.502402 0.422701 0.97984 0.414368
22 0.502402 0.422701 0.97984 0.414368
59 0.502402 0.422701 0.97984 0.414368
68 0.503182 0.422414 0.97828 0.414943
60 0.502402 0.422701 0.97984 0.414368
61 0.503182 0.422414 0.97828 0.414943
58 0.502402 0.422701 0.97984 0.414368
52 0.502402 0.422701 0.97984 0.414368
10 0.502402 0.422701 0.97984 0.414368
69 0.502402 0.422701 0.97984 0.414368
33 0.503182 0.422414 0.97828 0.414943
62 0.503182 0.422414 0.97828 0.414943
4 0.578952 0.481322 0.759649 0.287931
4 0.501232 0.416739 0.988422 0.426293
54 0.500842 0.41717 0.989202 0.418534
2 0.482119 0.420762 0.950195 0.418247
7 0.500842 0.41717 0.989202 0.418534
8 0.500842 0.41717 0.989202 0.418534
29 0.500842 0.41717 0.989202 0.418534
35 0.500842 0.41717 0.989202 0.418534
44 0.496941 0.419828 0.984521 0.420115
6 0.500842 0.41717 0.989202 0.418534
66 0.500842 0.41717 0.989202 0.418534
30 0.496941 0.419828 0.984521 0.420115
45 0.501232 0.416739 0.988422 0.426293
57 0.500842 0.41717 0.989202 0.418534
31 0.496941 0.419828 0.984521 0.420115
21 0.501232 0.416739 0.988422 0.426293
56 0.496941 0.419828 0.984521 0.420115
3 0.501232 0.416739 0.988422 0.426293
39 0.501232 0.416739 0.988422 0.426293
20 0.500842 0.41717 0.989202 0.418534
1 0.496941 0.419828 0.984521 0.420115
5 0.482119 0.420762 0.950195 0.418247
28 0.500842 0.41717 0.989202 0.418534
34 0.500842 0.41717 0.989202 0.418534
0 0.482119 0.420762 0.950195 0.418247
32 0.496941 0.419828 0.984521 0.420115
67 0.496941 0.419828 0.984521 0.420115
23 0.496941 0.419828 0.984521 0.420115
36 0.501232 0.416739 0.988422 0.426293
69 0.482119 0.420762 0.950195 0.418247
65 0.501232 0.416739 0.988422 0.426293
60 0.482119 0.420762 0.950195 0.418247
22 0.482119 0.420762 0.950195 0.418247
59 0.496941 0.419828 0.984521 0.420115
52 0.482119 0.420762 0.950195 0.418247
68 0.496941 0.419828 0.984521 0.420115
10 0.501232 0.416739 0.988422 0.426293
58 0.482119 0.420762 0.950195 0.418247
61 0.500842 0.41717 0.989202 0.418534
33 0.501232 0.416739 0.988422 0.426293
62 0.501232 0.416739 0.988422 0.426293
4 0.496941 0.422989 0.984521 0.401149
54 0.502402 0.420187 0.989202 0.406753
44 0.502402 0.423635 0.986081 0.397557
31 0.496941 0.422989 0.984521 0.401149
20 0.502402 0.420187 0.989202 0.406753
66 0.502402 0.420187 0.989202 0.406753
7 0.502402 0.420187 0.989202 0.406753
30 0.502402 0.423635 0.986081 0.397557
29 0.502402 0.420187 0.989202 0.406753
56 0.496941 0.422989 0.984521 0.401149
45 0.502402 0.420187 0.989202 0.406753
57 0.502402 0.420187 0.989202 0.406753
8 0.502402 0.420187 0.989202 0.406753
6 0.502402 0.423635 0.986081 0.397557
2 0.484069 0.421839 0.950975 0.404598
39 0.502402 0.423635 0.986081 0.397557
1 0.496941 0.422989 0.984521 0.401149
3 0.502402 0.420187 0.989202 0.406753
21 0.510142 0.421839 0.979717 0.4
28 0.502402 0.420187 0.989202 0.406753
35 0.502402 0.420187 0.989202 0.406753
5 0.484069 0.421839 0.950975 0.404598
0 0.484069 0.421839 0.950975 0.404598
67 0.496941 0.422989 0.984521 0.401149
32 0.502402 0.423635 0.986081 0.397557
68 0.496941 0.422989 0.984521 0.401149
34 0.502402 0.423635 0.986081 0.397557
59 0.496941 0.422989 0.984521 0.401149
65 0.509423 0.415805 0.97984 0.412069
23 0.502402 0.423635 0.986081 0.397557
36 0.510142 0.421839 0.979717 0.4
60 0.484069 0.421839 0.950975 0.404598
22 0.484069 0.421839 0.950975 0.404598
58 0.484069 0.421839 0.950975 0.404598
61 0.502402 0.423635 0.986081 0.397557
10 0.502402 0.423635 0.986081 0.397557
69 0.484069 0.421839 0.950975 0.404598
52 0.484069 0.421839 0.950975 0.404598
4 0.568713 0.360057 0.814453 0.522414
62 0.510142 0.421839 0.979717 0.4
4 0.495381 0.424425 0.982961 0.40977
54 0.500062 0.425 0.982961 0.407471
7 0.500062 0.425 0.982961 0.407471
66 0.500062 0.425 0.982961 0.407471
30 0.500062 0.424713 0.984521 0.405747
6 0.500062 0.425 0.982961 0.407471
8 0.500062 0.425 0.982961 0.407471
31 0.495381 0.424425 0.982961 0.40977
39 0.500062 0.424713 0.984521 0.405747
56 0.495381 0.424425 0.982961 0.40977
3 0.495381 0.424425 0.982961 0.40977
35 0.500062 0.425 0.982961 0.407471
1 0.495381 0.424425 0.982961 0.40977
0 0.494601 0.424713 0.982961 0.412644
44 0.500062 0.424713 0.984521 0.405747
2 0.484459 0.422126 0.961117 0.413218
45 0.500062 0.425 0.982961 0.407471
28 0.500062 0.425 0.982961 0.407471
20 0.500062 0.425 0.982961 0.407471
57 0.500062 0.425 0.982961 0.407471
5 0.495381 0.424425 0.982961 0.40977
32 0.500062 0.424713 0.984521 0.405747
67 0.495381 0.424425 0.982961 0.40977
21 0.507863 0.426149 0.9814 0.404023
29 0.500062 0.425 0.982961 0.407471
36 0.507863 0.426149 0.9814 0.404023
60 0.500062 0.425 0.982961 0.407471
68 0.495381 0.424425 0.982961 0.40977
34 0.500062 0.425 0.982961 0.407471
22 0.500062 0.424713 0.984521 0.405747
59 0.495381 0.424425 0.982961 0.40977
69 0.500062 0.424713 0.984521 0.405747
61 0.500062 0.425 0.982961 0.407471
65 0.497721 0.421264 0.97672 0.414943
23 0.500062 0.424713 0.984521 0.405747
10 0.500062 0.424713 0.984521 0.405747
62 0.497721 0.421264 0.97672 0.414943
58 0.484459 0.422701 0.956436 0.413218
33 0.507863 0.426149 0.9814 0.404023
4 0.574076 0.486782 0.755358 0.267816
52 0.484459 0.422701 0.956436 0.413218
54 0.499282 0.415517 0.987641 0.41954
8 0.499282 0.414368 0.989202 0.417241
30 0.499282 0.414368 0.989202 0.417241
66 0.499282 0.415517 0.987641 0.41954
7 0.499282 0.415517 0.987641 0.41954
6 0.499282 0.414368 0.989202 0.417241
39 0.499282 0.414368 0.989202 0.417241
35 0.499282 0.415517 0.987641 0.41954
4 0.483289 0.41717 0.958777 0.416236
56 0.483289 0.41717 0.958777 0.416236
57 0.499282 0.415517 0.987641 0.41954
28 0.499282 0.415517 0.987641 0.41954
31 0.499282 0.414368 0.989202 0.417241
44 0.499282 0.414368 0.989202 0.417241
45 0.499282 0.414368 0.989202 0.417241
0 0.482899 0.418103 0.959557 0.418966
5 0.483289 0.41717 0.958777 0.416236
3 0.483289 0.41717 0.958777 0.416236
32 0.483289 0.41717 0.958777 0.416236
2 0.482899 0.418103 0.959557 0.418966
29 0.499282 0.414368 0.989202 0.417241
20 0.499282 0.414368 0.989202 0.417241
21 0.499282 0.414368 0.989202 0.417241
67 0.499282 0.414368 0.989202 0.417241
1 0.493821 0.416092 0.984521 0.416092
36 0.499282 0.414368 0.989202 0.417241
60 0.499282 0.415517 0.987641 0.41954
22 0.483289 0.41717 0.958777 0.416236
34 0.499282 0.415517 0.987641 0.41954
69 0.483289 0.41717 0.958777 0.416236
68 0.483289 0.41717 0.958777 0.416236
59 0.500062 0.417888 0.975159 0.399856
61 0.499282 0.415517 0.987641 0.41954
23 0.500062 0.417888 0.975159 0.399856
33 0.506303 0.41954 0.984521 0.404598
58 0.483289 0.41717 0.958777 0.416236
62 0.506303 0.41954 0.984521 0.404598
10 0.499282 0.414368 0.989202 0.417241
65 0.506303 0.41954 0.984521 0.404598
52 0.499282 0.414368 0.989202 0.417241
4 0.496161 0.418319 0.984521 0.417385
7 0.500062 0.416667 0.987641 0.417241
54 0.500062 0.416667 0.987641 0.417241
31 0.496161 0.418319 0.984521 0.417385
8 0.500062 0.417241 0.989202 0.414943
39 0.500062 0.417241 0.989202 0.414943
6 0.500062 0.416667 0.987641 0.417241
30 0.500062 0.417241 0.989202 0.414943
3 0.496161 0.418319 0.984521 0.417385
0 0.495381 0.417313 0.984521 0.420546
57 0.496161 0.418319 0.984521 0.417385
66 0.500062 0.416667 0.987641 0.417241
56 0.496161 0.418319 0.984521 0.417385
1 0.496161 0.418319 0.984521 0.417385
5 0.496161 0.418319 0.984521 0.417385
35 0.500062 0.417241 0.989202 0.414943
28 0.496161 0.418319 0.984521 0.417385
2 0.484849 0.417888 0.969699 0.420546
20 0.500062 0.417241 0.989202 0.414943
32 0.496161 0.418319 0.984521 0.417385
22 0.496161 0.418319 0.984521 0.417385
67 0.496161 0.418319 0.984521 0.417385
68 0.496161 0.418319 0.984521 0.417385
60 0.496161 0.418319 0.984521 0.417385
45 0.500062 0.417241 0.989202 0.414943
29 0.500062 0.417241 0.989202 0.414943
44 0.500062 0.417241 0.989202 0.414943
21 0.500062 0.417241 0.989202 0.414943
36 0.500062 0.417241 0.989202 0.414943
58 0.496161 0.418319 0.984521 0.417385
59 0.496161 0.418319 0.984521 0.417385
69 0.484459 0.420115 0.967358 0.41954
23 0.496161 0.418319 0.984521 0.417385
34 0.500062 0.417241 0.989202 0.414943
52 0.484459 0.420115 0.967358 0.41954
61 0.496161 0.418319 0.984521 0.417385
62 0.507863 0.411782 0.9814 0.422414
10 0.496161 0.418319 0.984521 0.417385
7 0.505523 0.420977 0.984521 0.404023
4 0.502402 0.420977 0.9814 0.407471
8 0.505523 0.420977 0.984521 0.404023
39 0.508971 0.418678 0.982057 0.407471
6 0.508971 0.418678 0.982057 0.407471
57 0.505523 0.422701 0.984521 0.408621
3 0.502402 0.420977 0.9814 0.407471
35 0.508971 0.418678 0.982057 0.407471
30 0.508971 0.418678 0.982057 0.407471
31 0.502402 0.420977 0.9814 0.407471
54 0.505523 0.422701 0.984521 0.408621
2 0.502402 0.420977 0.9814 0.407471
0 0.502012 0.421839 0.98062 0.412644
1 0.502402 0.420977 0.9814 0.407471
56 0.502402 0.420977 0.9814 0.407471
66 0.505523 0.422701 0.984521 0.408621
5 0.502402 0.420977 0.9814 0.407471
20 0.509362 0.41717 0.981277 0.412787
28 0.505523 0.422701 0.984521 0.408621
21 0.508971 0.418678 0.982057 0.407471
32 0.502402 0.420977 0.9814 0.407471
60 0.508971 0.418678 0.982057 0.407471
45 0.508971 0.418678 0.982057 0.407471
22 0.48914 0.420402 0.954876 0.412069
59 0.494991 0.416164 0.957216 0.403305
67 0.502402 0.420977 0.9814 0.407471
58 0.48914 0.420402 0.954876 0.412069
69 0.48836 0.41954 0.956436 0.413793
36 0.508971 0.418678 0.982057 0.407471
23 0.506303 0.416092 0.968918 0.401149
29 0.502402 0.420977 0.9814 0.407471
44 0.508971 0.418678 0.982057 0.407471
68 0.48836 0.41954 0.956436 0.413793
34 0.505523 0.420977 0.984521 0.404023
33 0.508971 0.418678 0.982057 0.407471
62 0.508971 0.418678 0.982057 0.407471
61 0.504352 0.41954 0.97906 0.416092
10 0.508971 0.418678 0.982057 0.407471
7 0.503182 0.40977 0.990762 0.428736
6 0.503182 0.40977 0.990762 0.428736
8 0.503182 0.410848 0.989202 0.428879
39 0.503182 0.410848 0.989202 0.428879
30 0.503182 0.410848 0.989202 0.428879
35 0.503182 0.410848 0.989202 0.428879
0 0.496941 0.413865 0.987642 0.422845
31 0.503182 0.410848 0.989202 0.428879
4 0.496941 0.414368 0.986081 0.424138
32 0.496941 0.414368 0.986081 0.424138
54 0.503182 0.40977 0.990762 0.428736
20 0.508581 0.406968 0.982837 0.430891
57 0.496941 0.414368 0.986081 0.424138
1 0.496941 0.414368 0.986081 0.424138
3 0.496941 0.414368 0.986081 0.424138
67 0.496941 0.414368 0.986081 0.424138
28 0.496941 0.414368 0.986081 0.424138
60 0.496941 0.414368 0.986081 0.424138
36 0.503182 0.410848 0.989202 0.428879
66 0.503182 0.40977 0.990762 0.428736
2 0.496941 0.414368 0.986081 0.424138
5 0.496941 0.414368 0.986081 0.424138
56 0.496941 0.414368 0.986081 0.424138
58 0.496941 0.414368 0.986081 0.424138
29 0.496941 0.414368 0.986081 0.424138
22 0.496941 0.414368 0.986081 0.424138
21 0.503182 0.410848 0.989202 0.428879
68 0.496941 0.414368 0.986081 0.424138
59 0.496941 0.414368 0.986081 0.424138
45 0.496941 0.414368 0.986081 0.424138
61 0.496941 0.414368 0.986081 0.424138
23 0.508191 0.410632 0.983617 0.433908
69 0.496941 0.414368 0.986081 0.424138
44 0.496941 0.414368 0.986081 0.424138
34 0.496941 0.414368 0.986081 0.424138
33 0.508191 0.410632 0.983617 0.433908
7 0.503962 0.424138 0.986081 0.402299
8 0.503962 0.424138 0.986081 0.402299
6 0.508971 0.418966 0.982057 0.404598
39 0.503962 0.424138 0.986081 0.402299
35 0.508971 0.421839 0.982057 0.410345
57 0.499672 0.423491 0.983741 0.40819
30 0.503962 0.424138 0.986081 0.402299
20 0.508971 0.418966 0.982057 0.404598
60 0.499672 0.423491 0.983741 0.40819
31 0.503962 0.424138 0.986081 0.402299
2 0.499672 0.423491 0.983741 0.40819
0 0.500062 0.422126 0.984521 0.406322
4 0.499672 0.423491 0.983741 0.40819
66 0.508971 0.418966 0.982057 0.404598
32 0.499672 0.423491 0.983741 0.40819
28 0.499672 0.423491 0.983741 0.40819
3 0.499672 0.423491 0.983741 0.40819
5 0.499672 0.423491 0.983741 0.40819
67 0.499672 0.423491 0.983741 0.40819
36 0.503962 0.424138 0.986081 0.402299
1 0.499672 0.423491 0.983741 0.40819
54 0.503962 0.423276 0.986081 0.401724
56 0.499672 0.423491 0.983741 0.40819
21 0.508971 0.421839 0.982057 0.410345
69 0.499672 0.423491 0.983741 0.40819
33 0.508971 0.421839 0.982057 0.410345
22 0.499672 0.423491 0.983741 0.40819
45 0.499672 0.423491 0.983741 0.40819
58 0.499672 0.423491 0.983741 0.40819
34 0.503962 0.424138 0.986081 0.402299
23 0.503962 0.424138 0.986081 0.402299
29 0.508971 0.418966 0.982057 0.404598
68 0.499672 0.423491 0.983741 0.40819
59 0.499672 0.423491 0.983741 0.40819
44 0.503962 0.424138 0.986081 0.402299
61 0.499672 0.423491 0.983741 0.40819
62 0.499672 0.423491 0.983741 0.40819
10 0.499672 0.423491 0.983741 0.40819
7 0.505523 0.418966 0.987641 0.413793
6 0.505523 0.418966 0.987641 0.413793
8 0.505523 0.418966 0.987641 0.413793
39 0.501622 0.419828 0.987641 0.418966
35 0.505523 0.418966 0.987641 0.413793
20 0.505523 0.418966 0.987641 0.413793
30 0.501622 0.419828 0.987641 0.418966
54 0.505523 0.418966 0.987641 0.413793
57 0.505523 0.418966 0.987641 0.413793
1 0.501622 0.419828 0.987641 0.418966
0 0.500842 0.418966 0.989202 0.417241
2 0.48797 0.420977 0.958777 0.420115
5 0.501622 0.419828 0.987641 0.418966
66 0.505523 0.418966 0.987641 0.413793
31 0.501622 0.419828 0.987641 0.418966
4 0.501622 0.419828 0.987641 0.418966
56 0.501622 0.419828 0.987641 0.418966
60 0.505523 0.418966 0.987641 0.413793
3 0.501622 0.419828 0.987641 0.418966
28 0.501622 0.419828 0.987641 0.418966
32 0.501622 0.419828 0.987641 0.418966
36 0.48758 0.418103 0.959557 0.416667
21 0.508191 0.420115 0.983617 0.42069
69 0.48797 0.420977 0.958777 0.420115
29 0.505523 0.418966 0.987641 0.413793
67 0.501622 0.419828 0.987641 0.418966
59 0.507863 0.414081 0.97672 0.413218
41 0.505523 0.418966 0.987641 0.413793
45 0.505523 0.418966 0.987641 0.413793
23 0.507863 0.414081 0.97672 0.413218
7 0.502402 0.425934 0.984521 0.398707
8 0.496551 0.424713 0.982181 0.404598
6 0.502402 0.425934 0.984521 0.398707
39 0.496941 0.422989 0.982961 0.396552
57 0.502402 0.425934 0.984521 0.398707
31 0.496941 0.422989 0.982961 0.396552
4 0.502402 0.424138 0.986081 0.391954
0 0.485239 0.421336 0.961117 0.407902
2 0.4868 0.420115 0.964238 0.404598
35 0.502402 0.425934 0.984521 0.398707
5 0.4868 0.420115 0.964238 0.404598
54 0.485239 0.421336 0.961117 0.407902
30 0.4868 0.420115 0.964238 0.404598
3 0.502402 0.425934 0.984521 0.398707
20 0.496941 0.422989 0.982961 0.396552
1 0.496941 0.422989 0.982961 0.396552
60 0.485239 0.421336 0.961117 0.407902
66 0.502402 0.425934 0.984521 0.398707
32 0.496941 0.422989 0.982961 0.396552
28 0.502402 0.425934 0.984521 0.398707
56 0.4868 0.420115 0.964238 0.404598
59 0.49187 0.420618 0.966578 0.395546
22 0.506303 0.424784 0.984521 0.39296
69 0.4868 0.420115 0.964238 0.404598
58 0.504743 0.422414 0.975159 0.390805
36 0.4868 0.420115 0.964238 0.404598
23 0.504743 0.422414 0.975159 0.390805
67 0.4868 0.420115 0.964238 0.404598
29 0.49187 0.420618 0.966578 0.395546
68 0.504743 0.422414 0.975159 0.390805
7 0.502402 0.424425 0.989202 0.405172
6 0.496161 0.422342 0.986081 0.410489
39 0.495771 0.422701 0.985301 0.406322
8 0.496161 0.422342 0.986081 0.410489
30 0.495771 0.422701 0.985301 0.406322
0 0.496161 0.422342 0.986081 0.410489
57 0.502402 0.424425 0.989202 0.405172
4 0.503962 0.419468 0.986081 0.397845
35 0.496161 0.422342 0.986081 0.410489
32 0.495771 0.422701 0.985301 0.406322
31 0.495771 0.422701 0.985301 0.406322
2 0.495771 0.422701 0.985301 0.406322
59 0.503962 0.419468 0.986081 0.397845
23 0.503962 0.419468 0.986081 0.397845
58 0.503962 0.419468 0.986081 0.397845
60 0.496161 0.422342 0.986081 0.410489
5 0.495771 0.422701 0.985301 0.406322
54 0.496161 0.422342 0.986081 0.410489
1 0.495771 0.422701 0.985301 0.406322
56 0.495771 0.422701 0.985301 0.406322
67 0.495771 0.422701 0.985301 0.406322
20 0.495771 0.422701 0.985301 0.406322
69 0.503962 0.419468 0.986081 0.397845
66 0.502402 0.424425 0.989202 0.405172
3 0.503962 0.419468 0.986081 0.397845
28 0.495771 0.422701 0.985301 0.406322
22 0.507801 0.424713 0.984397 0.394253
36 0.495771 0.422701 0.985301 0.406322
7 0.532047 0.472414 0.91431 0.286207
21 0.503962 0.419468 0.986081 0.397845
29 0.495771 0.422701 0.985301 0.406322
7 0.6124 0.45 0.747362 0.358621
39 0.532047 0.472414 0.91431 0.286207
68 0.503962 0.419468 0.986081 0.397845
23 0.532047 0.472414 0.91431 0.286207
62 0.48992 0.418463 0.968918 0.402155
32 0.532047 0.472414 0.91431 0.286207
7 0.504352 0.420618 0.985301 0.402443
39 0.500062 0.42069 0.982961 0.4
6 0.504352 0.420618 0.985301 0.402443
8 0.504352 0.420618 0.985301 0.402443
32 0.500062 0.42069 0.982961 0.4
60 0.48758 0.419253 0.962677 0.402874
2 0.48992 0.420115 0.962677 0.402299
23 0.506303 0.422342 0.97672 0.395546
22 0.48992 0.420115 0.962677 0.402299
5 0.48992 0.420115 0.962677 0.402299
57 0.504352 0.420618 0.985301 0.402443
4 0.506303 0.422342 0.97672 0.395546
69 0.48992 0.420115 0.962677 0.402299
59 0.506303 0.422342 0.97672 0.395546
35 0.495381 0.42069 0.972039 0.404598
0 0.499282 0.420115 0.982961 0.403448
58 0.48992 0.420115 0.962677 0.402299
31 0.507411 0.420762 0.985178 0.398707
3 0.500062 0.42069 0.982961 0.4
20 0.500062 0.42069 0.982961 0.4
1 0.500062 0.42069 0.982961 0.4
48 0.504352 0.420618 0.985301 0.402443
67 0.500062 0.42069 0.982961 0.4
7 0.36822 0.423563 0.697434 0.397701
30 0.48992 0.420115 0.962677 0.402299
28 0.48992 0.420115 0.962677 0.402299
68 0.506303 0.422342 0.97672 0.395546
11 0.504352 0.420618 0.985301 0.402443
62 0.48992 0.420115 0.962677 0.402299
23 0.541408 0.489655 0.889345 0.257471
56 0.48992 0.420115 0.962677 0.402299
36 0.48758 0.419253 0.962677 0.402874
66 0.48992 0.420115 0.962677 0.402299
7 0.506303 0.421552 0.97828 0.408621
39 0.500452 0.420402 0.968138 0.408621
6 0.506303 0.421552 0.97828 0.408621
8 0.506303 0.421552 0.97828 0.408621
60 0.49226 0.420115 0.959557 0.411494
69 0.49148 0.420762 0.954876 0.413649
2 0.498502 0.419612 0.964238 0.406753
32 0.500452 0.420402 0.968138 0.408621
35 0.498502 0.419612 0.964238 0.406753
22 0.500452 0.420402 0.968138 0.408621
57 0.49148 0.420762 0.954876 0.413649
23 0.507863 0.420977 0.982961 0.40977
67 0.500452 0.420402 0.968138 0.408621
58 0.49148 0.420762 0.954876 0.413649
30 0.49148 0.420762 0.954876 0.413649
5 0.49148 0.420762 0.954876 0.413649
0 0.49226 0.420115 0.959557 0.411494
54 0.49226 0.420115 0.959557 0.411494
31 0.500452 0.420402 0.968138 0.408621
20 0.500452 0.420402 0.968138 0.408621
28 0.49148 0.420762 0.954876 0.413649
66 0.506303 0.421552 0.97828 0.408621
56 0.49148 0.420762 0.954876 0.413649
1 0.498502 0.419612 0.964238 0.406753
4 0.49148 0.420762 0.954876 0.413649
36 0.49148 0.420762 0.954876 0.413649
3 0.49148 0.420762 0.954876 0.413649
33 0.49148 0.420762 0.954876 0.413649
62 0.49148 0.420762 0.954876 0.413649
68 0.500452 0.420402 0.968138 0.408621
59 0.507863 0.419253 0.964238 0.405172
43 0.500452 0.421264 0.969699 0.409195
61 0.498502 0.419612 0.964238 0.406753
7 0.501622 0.417529 0.987641 0.418966
6 0.501622 0.417529 0.987641 0.418966
8 0.501622 0.417529 0.987641 0.418966
39 0.495381 0.419828 0.982961 0.413218
35 0.501622 0.417529 0.987641 0.418966
60 0.501622 0.417529 0.987641 0.418966
30 0.501622 0.417529 0.987641 0.418966
32 0.495381 0.419828 0.982961 0.413218
20 0.500842 0.419612 0.982961 0.417098
2 0.493431 0.422342 0.97906 0.40819
57 0.493431 0.422342 0.97906 0.40819
31 0.501622 0.416667 0.987641 0.42069
66 0.501622 0.417529 0.987641 0.418966
54 0.501622 0.417529 0.987641 0.418966
0 0.493431 0.422342 0.97906 0.40819
43 0.501622 0.417529 0.987641 0.418966
36 0.48758 0.422126 0.967358 0.41092
67 0.495381 0.419828 0.982961 0.413218
69 0.48758 0.422126 0.967358 0.41092
23 0.502792 0.410417 0.972819 0.421695
4 0.48914 0.416379 0.962677 0.412069
53 0.495381 0.421552 0.984521 0.41092
5 0.495381 0.419828 0.982961 0.413218
1 0.493431 0.422342 0.97906 0.40819
59 0.48914 0.416379 0.962677 0.412069
22 0.48758 0.422126 0.967358 0.41092
7 0.503572 0.416667 0.98062 0.405747
6 0.496161 0.416379 0.973599 0.405172
39 0.496161 0.416379 0.973599 0.405172
8 0.503572 0.416667 0.98062 0.405747
35 0.502012 0.417529 0.9775 0.408621
60 0.495381 0.417816 0.972039 0.409195
32 0.496161 0.416379 0.973599 0.405172
2 0.495381 0.417816 0.972039 0.409195
30 0.502012 0.417529 0.9775 0.408621
57 0.495381 0.417816 0.972039 0.409195
20 0.502012 0.417529 0.9775 0.408621
66 0.502012 0.417529 0.9775 0.408621
0 0.495381 0.417816 0.972039 0.409195
43 0.503572 0.416667 0.98062 0.405747
31 0.507083 0.416954 0.97984 0.406322
67 0.496161 0.416379 0.973599 0.405172
54 0.502012 0.417529 0.9775 0.408621
36 0.495381 0.417816 0.972039 0.409195
69 0.48836 0.416164 0.961117 0.406753
53 0.496161 0.416379 0.973599 0.405172
4 0.502012 0.417529 0.9775 0.408621
22 0.496161 0.416379 0.973599 0.405172
1 0.502012 0.417529 0.9775 0.408621
33 0.48836 0.416164 0.961117 0.406753
5 0.495381 0.417816 0.972039 0.409195
23 0.504352 0.413506 0.954096 0.407471
7 0.500842 0.41523 0.97984 0.418966
6 0.495381 0.416595 0.975159 0.417385
39 0.494601 0.412931 0.973599 0.413218
8 0.495381 0.416595 0.975159 0.417385
60 0.4907 0.416092 0.964238 0.414943
32 0.494601 0.412931 0.973599 0.413218
35 0.495381 0.416595 0.975159 0.417385
2 0.49187 0.41523 0.966578 0.41092
23 0.501622 0.413147 0.975159 0.409339
59 0.501622 0.413147 0.975159 0.409339
57 0.500842 0.41523 0.97984 0.418966
22 0.49187 0.41523 0.966578 0.41092
4 0.49226 0.415445 0.964238 0.404741
69 0.49187 0.41523 0.966578 0.41092
58 0.501622 0.413147 0.975159 0.409339
48 0.500842 0.41523 0.97984 0.418966
31 0.501622 0.413147 0.975159 0.409339
0 0.4907 0.416092 0.964238 0.414943
43 0.500842 0.41523 0.97984 0.418966
11 0.500842 0.41523 0.97984 0.418966
68 0.501622 0.413147 0.975159 0.409339
53 0.495381 0.416595 0.975159 0.417385
67 0.49187 0.41523 0.966578 0.41092
5 0.49187 0.41523 0.966578 0.41092
7 0.506303 0.41523 0.9814 0.418966
6 0.506303 0.41523 0.9814 0.418966
39 0.501622 0.415589 0.975159 0.419397
8 0.506303 0.41523 0.9814 0.418966
35 0.505523 0.415517 0.97828 0.416092
2 0.501622 0.41408 0.97828 0.417816
60 0.502402 0.415014 0.97984 0.419397
32 0.501622 0.415589 0.975159 0.419397
69 0.501622 0.415589 0.975159 0.419397
20 0.506303 0.414943 0.9814 0.418391
54 0.501622 0.415589 0.975159 0.419397
0 0.502402 0.415014 0.97984 0.419397
22 0.501622 0.415589 0.975159 0.419397
57 0.501622 0.41408 0.97828 0.417816
31 0.501622 0.415589 0.975159 0.419397
5 0.501622 0.415589 0.975159 0.419397
23 0.507863 0.417529 0.9814 0.413218
1 0.501622 0.41408 0.97828 0.417816
66 0.505523 0.415517 0.97828 0.416092
4 0.501622 0.415589 0.975159 0.419397
67 0.501622 0.415589 0.975159 0.419397
43 0.506303 0.41523 0.9814 0.418966
7 0.507473 0.414871 0.97906 0.423132
6 0.501232 0.41523 0.97594 0.424713
39 0.500452 0.415589 0.974379 0.426293
8 0.501232 0.41523 0.97594 0.424713
35 0.500452 0.415589 0.974379 0.426293
60 0.503182 0.412644 0.97672 0.42069
32 0.500452 0.415589 0.974379 0.426293
2 0.503182 0.412644 0.97672 0.42069
20 0.507473 0.414871 0.97906 0.423132
7 0.634146 0.415805 0.682027 0.421264
57 0.503182 0.412644 0.97672 0.42069
31 0.507473 0.414871 0.97906 0.423132
30 0.500452 0.415589 0.974379 0.426293
54 0.501232 0.41523 0.97594 0.424713
66 0.500452 0.415589 0.974379 0.426293
69 0.500452 0.415589 0.974379 0.426293
0 0.503182 0.412644 0.97672 0.42069
23 0.506303 0.408333 0.965798 0.424713
5 0.503182 0.412644 0.97672 0.42069
4 0.507863 0.412644 0.972039 0.42069
22 0.506303 0.408333 0.965798 0.424713
1 0.503182 0.412644 0.97672 0.42069
43 0.506303 0.415014 0.975159 0.428592
7 0.503572 0.418103 0.986861 0.413218
6 0.503572 0.417529 0.985301 0.415517
8 0.498501 0.420043 0.982961 0.415086
39 0.496941 0.418966 0.9814 0.411494
35 0.503572 0.417529 0.985301 0.415517
32 0.496941 0.418966 0.9814 0.411494
60 0.497721 0.417816 0.982961 0.414943
20 0.503572 0.417529 0.985301 0.415517
2 0.503572 0.417529 0.985301 0.415517
57 0.497721 0.417816 0.982961 0.414943
31 0.496941 0.418966 0.9814 0.411494
54 0.503572 0.417529 0.985301 0.415517
43 0.503962 0.41954 0.986081 0.418391
48 0.503572 0.418103 0.986861 0.413218
53 0.498501 0.420043 0.982961 0.415086
0 0.497721 0.417816 0.982961 0.414943
7 0.505913 0.312356 0.791829 0.624713
7 0.361784 0.424138 0.682222 0.409195
30 0.497721 0.417816 0.982961 0.414943
66 0.503572 0.417529 0.985301 0.415517
4 0.497721 0.417816 0.982961 0.414943
6 0.506693 0.414368 0.983741 0.425287
7 0.506693 0.414368 0.983741 0.425287
8 0.506693 0.414368 0.983741 0.425287
39 0.503962 0.416954 0.97672 0.425862
35 0.505523 0.411782 0.97984 0.421264
60 0.503962 0.413218 0.975159 0.42069
2 0.505523 0.411782 0.97984 0.421264
20 0.503962 0.416954 0.97672 0.425862
32 0.503962 0.416954 0.97672 0.425862
31 0.503962 0.416954 0.97672 0.425862
54 0.505523 0.411782 0.97984 0.421264
57 0.505523 0.411782 0.97984 0.421264
66 0.505523 0.411782 0.97984 0.421264
69 0.503962 0.416954 0.97672 0.425862
30 0.503962 0.416954 0.97672 0.425862
0 0.503962 0.413218 0.975159 0.42069
36 0.505523 0.411782 0.97984 0.421264
22 0.503962 0.416954 0.97672 0.425862
23 0.509423 0.407974 0.967358 0.423132
6 0.357103 0.420115 0.67442 0.417241
7 0.504743 0.424138 0.9814 0.404598
6 0.504743 0.424138 0.9814 0.404598
8 0.504743 0.424138 0.9814 0.404598
39 0.500452 0.422486 0.974379 0.409052
35 0.504743 0.424138 0.9814 0.404598
20 0.504743 0.421552 0.9814 0.405172
2 0.497721 0.425575 0.967358 0.41092
60 0.497721 0.425575 0.967358 0.41092
31 0.508643 0.421839 0.97984 0.402299
32 0.500452 0.422486 0.974379 0.409052
0 0.497721 0.425575 0.967358 0.41092
57 0.497721 0.425575 0.967358 0.41092
54 0.504743 0.424138 0.9814 0.404598
7 0.496551 0.420402 0.972819 0.41092
6 0.502402 0.418966 0.97984 0.413793
39 0.496941 0.420115 0.972039 0.410345
8 0.502402 0.418966 0.97984 0.413793
35 0.502402 0.418966 0.97984 0.413793
2 0.502402 0.418966 0.97984 0.413793
32 0.496941 0.420115 0.972039 0.410345
60 0.502402 0.418966 0.97984 0.413793
20 0.502402 0.418966 0.97984 0.413793
57 0.502402 0.418966 0.97984 0.413793
4 0.502402 0.418966 0.97984 0.413793
43 0.503962 0.420402 0.97984 0.40977
48 0.503572 0.417816 0.98062 0.410345
7 0.3376 0.421193 0.629173 0.417385
0 0.496161 0.419037 0.973599 0.414799
31 0.507863 0.416739 0.97828 0.411351
53 0.503962 0.420402 0.97984 0.40977
22 0.496941 0.420115 0.972039 0.410345
3 0.502402 0.418966 0.97984 0.413793
69 0.496941 0.420115 0.972039 0.410345
47 0.503962 0.420402 0.97984 0.40977
11 0.503962 0.420402 0.97984 0.40977
7 0.502402 0.429239 0.982961 0.400144
6 0.502402 0.425216 0.982961 0.402443
39 0.493041 0.425862 0.964238 0.412644
8 0.502402 0.425216 0.982961 0.402443
35 0.493041 0.425862 0.964238 0.412644
60 0.493041 0.425862 0.964238 0.412644
32 0.493041 0.425862 0.964238 0.412644
2 0.500842 0.423563 0.97672 0.4
20 0.500842 0.423563 0.97672 0.4
4 0.503962 0.423276 0.973599 0.393678
57 0.495381 0.424138 0.972039 0.403448
0 0.495381 0.424138 0.972039 0.403448
31 0.507863 0.426437 0.97984 0.404598
22 0.503962 0.423276 0.973599 0.393678
66 0.493041 0.425862 0.964238 0.412644
48 0.502402 0.429239 0.982961 0.400144
69 0.493041 0.425862 0.964238 0.412644
43 0.502402 0.425216 0.982961 0.402443
36 0.500842 0.423563 0.97672 0.4
53 0.496161 0.424138 0.97672 0.406897
1 0.500842 0.423563 0.97672 0.4
7 0.508253 0.418966 0.97906 0.404598
6 0.508253 0.418966 0.97906 0.404598
39 0.504743 0.421264 0.968918 0.401149
8 0.505913 0.420115 0.97906 0.405747
35 0.505913 0.420115 0.97906 0.405747
2 0.505913 0.420115 0.97906 0.405747
32 0.504743 0.421264 0.968918 0.401149
60 0.504743 0.421264 0.968918 0.401149
20 0.505913 0.420115 0.97906 0.405747
57 0.505913 0.420115 0.97906 0.405747
23 0.509423 0.419828 0.965798 0.395977
0 0.505913 0.420115 0.97906 0.405747
22 0.509423 0.419828 0.965798 0.395977
36 0.505913 0.420115 0.97906 0.405747
66 0.505913 0.420115 0.97906 0.405747
69 0.504743 0.421264 0.968918 0.401149
53 0.507863 0.421193 0.97828 0.403592
48 0.508253 0.421839 0.9775 0.398851
54 0.505913 0.420115 0.97906 0.405747
4 0.509423 0.419828 0.965798 0.395977
43 0.507863 0.421193 0.97828 0.403592
7 0.505523 0.418966 0.982961 0.422989
6 0.501232 0.421336 0.97594 0.420546
8 0.505523 0.418391 0.982961 0.418391
39 0.501232 0.421336 0.97594 0.420546
35 0.501232 0.421336 0.97594 0.420546
60 0.501232 0.421336 0.97594 0.420546
2 0.503182 0.417744 0.9814 0.416236
32 0.501232 0.421336 0.97594 0.420546
20 0.503182 0.417744 0.9814 0.416236
31 0.507083 0.418319 0.9814 0.423132
57 0.503182 0.417744 0.9814 0.416236
7 0.507473 0.422342 0.974379 0.405891
6 0.507473 0.422342 0.974379 0.405891
39 0.498501 0.420977 0.970479 0.412069
8 0.507473 0.422342 0.974379 0.405891
35 0.503182 0.420187 0.975159 0.409052
32 0.498501 0.420977 0.970479 0.412069
2 0.503182 0.420187 0.975159 0.409052
60 0.498501 0.420977 0.970479 0.412069
20 0.503182 0.420187 0.975159 0.409052
22 0.498501 0.420977 0.970479 0.412069
0 0.503182 0.420187 0.975159 0.409052
23 0.508643 0.419253 0.954876 0.404023
57 0.503182 0.420187 0.975159 0.409052
7 0.507863 0.418391 0.97672 0.409195
6 0.507863 0.418391 0.97672 0.409195
39 0.499672 0.417241 0.969699 0.410345
8 0.503182 0.416092 0.97672 0.403448
35 0.503182 0.416092 0.97672 0.403448
2 0.503182 0.416092 0.97672 0.403448
32 0.499672 0.417241 0.969699 0.410345
60 0.498111 0.415805 0.969699 0.404023
57 0.503182 0.416092 0.97672 0.403448
48 0.499672 0.417241 0.969699 0.410345
22 0.493041 0.418319 0.962677 0.411638
0 0.503182 0.416092 0.97672 0.403448
36 0.503182 0.416092 0.97672 0.403448
69 0.493041 0.418319 0.962677 0.411638
43 0.505523 0.420115 0.97672 0.411494
4 0.503182 0.416092 0.97672 0.403448
7 0.503182 0.418103 0.97828 0.416667
6 0.504743 0.418966 0.97828 0.412644
39 0.496941 0.418894 0.968918 0.416236
8 0.496941 0.418894 0.968918 0.416236
35 0.496941 0.418894 0.968918 0.416236
2 0.496941 0.418391 0.968918 0.410345
32 0.503182 0.418103 0.97828 0.416667
60 0.496941 0.418391 0.968918 0.410345
57 0.496941 0.418391 0.968918 0.410345
20 0.503182 0.418103 0.97828 0.416667
0 0.496941 0.418391 0.968918 0.410345
4 0.502012 0.418894 0.97594 0.40704
7 0.507863 0.411207 0.97672 0.425862
6 0.505133 0.413218 0.9775 0.421839
39 0.501622 0.414871 0.972039 0.421983
8 0.505133 0.413218 0.9775 0.421839
32 0.501622 0.414871 0.972039 0.421983
2 0.505133 0.413218 0.9775 0.421839
60 0.501622 0.414296 0.972039 0.419684
35 0.501622 0.414296 0.972039 0.419684
4 0.505133 0.413218 0.9775 0.421839
7 0.56803 0.366954 0.795535 0.518965
57 0.501622 0.414296 0.972039 0.419684
0 0.505133 0.413218 0.9775 0.421839
22 0.507863 0.410273 0.97672 0.430029
36 0.501622 0.414296 0.972039 0.419684
1 0.505133 0.413218 0.9775 0.421839
69 0.501622 0.414871 0.972039 0.421983
20 0.505133 0.413218 0.9775 0.421839
5 0.505133 0.413218 0.9775 0.421839
43 0.507083 0.412644 0.97672 0.425287
7 0.507083 0.419037 0.97672 0.405603
6 0.503182 0.42069 0.9814 0.404598
39 0.500842 0.422126 0.975159 0.408621
8 0.503182 0.42069 0.9814 0.404598
35 0.503182 0.42069 0.9814 0.404598
32 0.500842 0.422126 0.975159 0.408621
20 0.503182 0.42069 0.9814 0.404598
4 0.503182 0.42069 0.9814 0.404598
60 0.499282 0.420043 0.97672 0.404741
2 0.503182 0.42069 0.9814 0.404598
31 0.503182 0.42069 0.9814 0.404598
57 0.503182 0.42069 0.9814 0.404598
0 0.503182 0.42069 0.9814 0.404598
22 0.500842 0.422126 0.975159 0.408621
7 0.503962 0.41523 0.982961 0.427012
6 0.496941 0.417816 0.97672 0.41954
39 0.498892 0.417816 0.974379 0.424138
8 0.496941 0.417816 0.97672 0.41954
32 0.498892 0.417816 0.974379 0.424138
54 0.502402 0.415445 0.9814 0.419684
2 0.496941 0.417816 0.97672 0.41954
69 0.498892 0.417816 0.974379 0.424138
22 0.503962 0.41523 0.982961 0.427012
35 0.496941 0.417816 0.97672 0.41954
0 0.496941 0.417816 0.97672 0.41954
4 0.502402 0.415445 0.9814 0.419684
7 0.503572 0.421552 0.983741 0.408621
6 0.502012 0.421264 0.983741 0.403448
39 0.498501 0.421911 0.975159 0.409052
8 0.496941 0.420977 0.97828 0.407471
32 0.498501 0.421911 0.975159 0.409052
2 0.502012 0.421264 0.983741 0.403448
20 0.502012 0.421264 0.983741 0.403448
35 0.496941 0.420977 0.97828 0.407471
7 0.353008 0.416954 0.683392 0.402874
4 0.502012 0.421264 0.983741 0.403448
1 0.502012 0.421264 0.983741 0.403448
0 0.496941 0.420977 0.97828 0.407471
60 0.496941 0.420977 0.97828 0.407471
7 0.503182 0.414943 0.990762 0.421839
6 0.503182 0.417241 0.990762 0.424138
39 0.503182 0.414943 0.990762 0.421839
32 0.503182 0.414943 0.990762 0.421839
2 0.501622 0.417529 0.989202 0.421264
8 0.497331 0.418103 0.988422 0.420115
35 0.501622 0.417529 0.989202 0.421264
22 0.506303 0.414081 0.984521 0.425862
48 0.499282 0.416739 0.989202 0.418247
60 0.497331 0.418103 0.988422 0.420115
4 0.501622 0.417529 0.989202 0.421264
7 0.618739 0.377586 0.680076 0.509195
7 0.503182 0.416379 0.984521 0.421264
6 0.503962 0.415589 0.986081 0.423994
39 0.503182 0.416379 0.984521 0.421264
8 0.501622 0.416164 0.984521 0.419397
35 0.501622 0.416164 0.984521 0.419397
32 0.503182 0.416379 0.984521 0.421264
2 0.501622 0.416164 0.984521 0.419397
60 0.496941 0.417744 0.9814 0.416236
7 0.504743 0.414655 0.984521 0.424713
6 0.504743 0.414655 0.986081 0.423563
39 0.504743 0.414655 0.984521 0.424713
8 0.502012 0.415517 0.986861 0.42069
35 0.502012 0.415517 0.986861 0.42069
2 0.502012 0.415517 0.986861 0.42069
32 0.504743 0.414655 0.984521 0.424713
60 0.498501 0.417313 0.97984 0.418247
0 0.502012 0.415517 0.986861 0.42069
20 0.502012 0.415517 0.986861 0.42069
36 0.502012 0.415517 0.986861 0.42069
7 0.504352 0.416954 0.97906 0.418966
6 0.503962 0.417529 0.97984 0.415517
39 0.49226 0.419037 0.965798 0.419397
32 0.504352 0.416954 0.97906 0.418966
35 0.495381 0.416667 0.970479 0.409195
8 0.495381 0.416667 0.970479 0.409195
2 0.495381 0.416667 0.970479 0.409195
60 0.495381 0.416667 0.970479 0.409195
22 0.507083 0.414368 0.97672 0.424138
4 0.495381 0.416667 0.970479 0.409195
0 0.495381 0.416667 0.970479 0.409195
7 0.504743 0.415014 0.987641 0.422845
6 0.496941 0.416667 0.9814 0.411494
39 0.500452 0.416595 0.98062 0.419684
32 0.504743 0.415014 0.987641 0.422845
2 0.496941 0.416667 0.9814 0.411494
35 0.496941 0.416667 0.9814 0.411494
22 0.48797 0.417241 0.966578 0.421839
8 0.496941 0.416667 0.9814 0.411494
60 0.496941 0.416667 0.9814 0.411494
4 0.501622 0.416667 0.987641 0.410345
0 0.496941 0.416667 0.9814 0.411494
36 0.496941 0.416667 0.9814 0.411494
1 0.496941 0.416667 0.9814 0.411494
7 0.504352 0.41408 0.982181 0.418966
6 0.499282 0.418678 0.97672 0.415517
39 0.501622 0.416092 0.975159 0.413793
8 0.499282 0.418678 0.97672 0.415517
32 0.504352 0.41408 0.982181 0.418966
2 0.499282 0.418678 0.97672 0.415517
35 0.499282 0.418678 0.97672 0.415517
22 0.507083 0.412356 0.97984 0.425862
60 0.499282 0.418678 0.97672 0.415517
0 0.499282 0.418678 0.97672 0.415517
20 0.499282 0.418678 0.97672 0.415517
4 0.503182 0.417313 0.9814 0.418247
54 0.503182 0.417313 0.9814 0.418247
7 0.361199 0.415014 0.689633 0.404454
7 0.507863 0.415805 0.975159 0.421264
6 0.509423 0.417241 0.975159 0.42069
39 0.494601 0.417888 0.967358 0.420546
8 0.509423 0.417241 0.975159 0.42069
32 0.507863 0.415805 0.975159 0.421264
2 0.500842 0.418319 0.967358 0.417385
35 0.500842 0.418319 0.967358 0.417385
0 0.500842 0.418319 0.967358 0.417385
7 0.507083 0.419253 0.982961 0.417816
6 0.507083 0.419253 0.982961 0.417816
39 0.505523 0.418966 0.975159 0.418391
32 0.507083 0.419253 0.982961 0.417816
7 0.350277 0.420115 0.67403 0.412644
6 0.350277 0.420115 0.67403 0.412644
2 0.505913 0.41954 0.985301 0.414943
8 0.503962 0.418678 0.97984 0.416667
35 0.505913 0.41954 0.985301 0.414943
7 0.509423 0.415517 0.97984 0.413793
6 0.509423 0.415517 0.97984 0.413793
39 0.509423 0.415517 0.97984 0.413793
8 0.509752 0.415517 0.980497 0.410345
2 0.505523 0.419253 0.984521 0.407471
32 0.510142 0.412716 0.979717 0.417098
35 0.505523 0.419253 0.984521 0.407471
60 0.502402 0.420402 0.97984 0.407471
0 0.505523 0.419253 0.984521 0.407471
6 0.508643 0.413218 0.97984 0.425287
7 0.508643 0.413218 0.97984 0.425287
8 0.510142 0.412141 0.979717 0.423994
39 0.508643 0.413218 0.97984 0.425287
35 0.506303 0.415517 0.982961 0.414943
2 0.506303 0.415517 0.982961 0.414943
6 0.324338 0.420402 0.604989 0.417816
0 0.506303 0.415517 0.982961 0.414943
32 0.510142 0.409842 0.979717 0.427443
20 0.506303 0.415517 0.982961 0.414943
7 0.324338 0.420402 0.604989 0.417816
7 0.507083 0.414081 0.982961 0.413218
6 0.507083 0.414081 0.982961 0.413218
39 0.505523 0.416667 0.97672 0.410345
32 0.505523 0.416667 0.97672 0.410345
7 0.370561 0.421264 0.709136 0.403448
2 0.507083 0.414081 0.982961 0.413218
4 0.509362 0.413793 0.981277 0.411494
22 0.509362 0.413793 0.981277 0.411494
60 0.503962 0.416667 0.97984 0.410345
8 0.503962 0.416667 0.97984 0.410345
6 0.508643 0.414655 0.97984 0.414368
7 0.508643 0.413147 0.97828 0.415086
2 0.506303 0.416667 0.9814 0.409195
39 0.508643 0.413147 0.97828 0.415086
35 0.506303 0.416667 0.9814 0.409195
8 0.508253 0.41602 0.97906 0.412787
32 0.508643 0.413147 0.97828 0.415086
6 0.359639 0.419612 0.67247 0.405603
0 0.506303 0.416667 0.9814 0.409195
60 0.506303 0.417241 0.975159 0.406897
7 0.508253 0.417529 0.98062 0.416667
6 0.506303 0.417744 0.9814 0.413937
35 0.503962 0.417816 0.982961 0.412644
39 0.508253 0.417529 0.98062 0.416667
2 0.503962 0.417816 0.982961 0.412644
8 0.508643 0.417313 0.97984 0.414799
32 0.508253 0.417529 0.98062 0.416667
0 0.503962 0.417816 0.982961 0.412644
60 0.502402 0.418966 0.97672 0.412644
36 0.503962 0.417816 0.982961 0.412644
20 0.503962 0.417816 0.982961 0.412644
31 0.508253 0.417529 0.98062 0.416667
7 0.507473 0.417529 0.97906 0.417816
6 0.507863 0.417816 0.97828 0.416092
39 0.507473 0.417529 0.97906 0.417816
2 0.504743 0.418319 0.9814 0.413937
8 0.507083 0.418391 0.97984 0.417241
32 0.507473 0.417529 0.97906 0.417816
35 0.504743 0.418319 0.9814 0.413937
0 0.504743 0.418319 0.9814 0.413937
7 0.506303 0.421264 0.97984 0.412644
6 0.499282 0.419828 0.97672 0.412069
39 0.506303 0.421264 0.97984 0.412644
32 0.500452 0.422126 0.971259 0.41092
8 0.507083 0.421839 0.9814 0.408046
2 0.506303 0.421264 0.97984 0.412644
35 0.503182 0.420762 0.9814 0.410201
4 0.503182 0.420762 0.9814 0.410201
60 0.499282 0.419828 0.97672 0.412069
7 0.508581 0.418678 0.982837 0.414368
6 0.505133 0.420402 0.983741 0.407471
39 0.508581 0.418678 0.982837 0.414368
32 0.508581 0.418678 0.982837 0.414368
8 0.505133 0.420402 0.983741 0.407471
2 0.505133 0.420402 0.983741 0.407471
35 0.505133 0.420402 0.983741 0.407471
0 0.505133 0.420402 0.983741 0.407471
7 0.508253 0.416092 0.98062 0.416092
6 0.503182 0.416667 0.97984 0.414943
39 0.508253 0.416092 0.98062 0.416092
32 0.508253 0.416092 0.98062 0.416092
2 0.508253 0.416092 0.98062 0.416092
22 0.508253 0.416092 0.98062 0.416092
4 0.508253 0.416092 0.98062 0.416092
35 0.503182 0.416667 0.984521 0.411494
8 0.507863 0.416595 0.9814 0.415086
36 0.503182 0.416667 0.984521 0.411494
7 0.507083 0.415517 0.982961 0.416092
6 0.504743 0.41523 0.984521 0.415517
39 0.507083 0.415517 0.982961 0.416092
32 0.507083 0.415517 0.982961 0.416092
8 0.507863 0.416092 0.982961 0.413793
2 0.507083 0.415517 0.982961 0.416092
35 0.503572 0.415805 0.983741 0.40977
4 0.503572 0.415805 0.983741 0.40977
0 0.503572 0.415805 0.983741 0.40977
7 0.361589 0.421839 0.693533 0.4
7 0.510203 0.416739 0.97672 0.411351
6 0.503182 0.417529 0.97672 0.412069
39 0.510203 0.416739 0.97672 0.411351
32 0.510203 0.416739 0.97672 0.411351
2 0.500842 0.415805 0.973599 0.412069
4 0.503962 0.416379 0.982961 0.408621
8 0.509813 0.418103 0.9775 0.40977
22 0.510203 0.416739 0.97672 0.411351
7 0.603136 0.393391 0.722203 0.459195
0 0.503962 0.416379 0.982961 0.408621
7 0.510142 0.416739 0.979717 0.422845
6 0.509752 0.417313 0.980497 0.420546
39 0.510142 0.416739 0.979717 0.422845
32 0.510142 0.416739 0.979717 0.422845
8 0.507801 0.417744 0.984397 0.413937
35 0.507801 0.417744 0.984397 0.413937
2 0.507801 0.417744 0.984397 0.413937
7 0.508643 0.420115 0.9814 0.413793
6 0.503182 0.419828 0.975159 0.413218
39 0.508643 0.420115 0.9814 0.413793
32 0.508643 0.420115 0.9814 0.413793
8 0.505133 0.420115 0.983741 0.403448
2 0.505133 0.420115 0.983741 0.403448
4 0.505133 0.420115 0.983741 0.403448
22 0.508643 0.420115 0.9814 0.413793
7 0.502402 0.418966 0.970479 0.414943
6 0.502402 0.418966 0.970479 0.414943
39 0.506303 0.416595 0.97828 0.419684
32 0.506303 0.416595 0.97828 0.419684
8 0.504743 0.416092 0.97828 0.411494
22 0.508643 0.415589 0.97828 0.422845
4 0.504743 0.416092 0.97828 0.411494
7 0.503962 0.413218 0.982961 0.42069
6 0.502402 0.41408 0.982961 0.412069
39 0.503962 0.413218 0.982961 0.42069
32 0.503962 0.413218 0.982961 0.42069
8 0.508253 0.410848 0.9775 0.421983
2 0.502402 0.41408 0.982961 0.412069
35 0.502402 0.41408 0.982961 0.412069
0 0.502402 0.41408 0.982961 0.412069
7 0.504743 0.41602 0.984521 0.421983
6 0.502402 0.415014 0.984521 0.418247
39 0.504743 0.41602 0.984521 0.421983
32 0.504743 0.41602 0.984521 0.421983
2 0.504743 0.41602 0.984521 0.421983
35 0.498501 0.416954 0.97828 0.416667
8 0.498501 0.416954 0.97828 0.416667
7 0.507083 0.414368 0.97828 0.421839
6 0.505133 0.415805 0.98062 0.414368
39 0.501622 0.416164 0.968918 0.418247
32 0.507083 0.414368 0.97828 0.421839
22 0.508643 0.41408 0.97828 0.420115
2 0.505133 0.415805 0.98062 0.414368
8 0.502402 0.416595 0.97672 0.413937
7 0.505523 0.414368 0.97828 0.418391
6 0.503182 0.417888 0.972039 0.414799
39 0.507863 0.41444 0.97672 0.417098
32 0.507863 0.41444 0.97672 0.417098
8 0.504743 0.415517 0.97828 0.410345
4 0.504743 0.415517 0.97828 0.410345
7 0.507083 0.417816 0.97672 0.417241
6 0.503962 0.417529 0.97984 0.41092
39 0.507083 0.417816 0.97672 0.417241
32 0.507083 0.417816 0.97672 0.417241
8 0.503962 0.417529 0.97984 0.41092
2 0.503962 0.417529 0.97984 0.41092
7 0.504743 0.417313 0.9814 0.411351
6 0.501622 0.420402 0.975159 0.41092
32 0.500062 0.418103 0.972039 0.40977
39 0.503572 0.418463 0.982181 0.410201
4 0.508643 0.417241 0.975159 0.412644
2 0.508643 0.416954 0.97672 0.41092
0 0.503572 0.418463 0.982181 0.410201
8 0.500062 0.418391 0.97828 0.411494
7 0.507473 0.417529 0.98062 0.420115
6 0.505133 0.41954 0.974379 0.413793
39 0.509423 0.417241 0.97828 0.418391
32 0.509423 0.417241 0.97828 0.418391
4 0.506303 0.416739 0.9814 0.414799
2 0.509423 0.417241 0.97828 0.418391
8 0.506303 0.416739 0.9814 0.414799
0 0.506303 0.416739 0.9814 0.414799
7 0.322583 0.422989 0.61006 0.405747
7 0.504743 0.416379 0.984521 0.421264
6 0.500062 0.418103 0.97984 0.414368
39 0.504743 0.416379 0.984521 0.421264
32 0.504743 0.416379 0.984521 0.421264
8 0.500062 0.418103 0.97984 0.414368
2 0.504743 0.416379 0.984521 0.421264
35 0.504743 0.416954 0.984521 0.413218
4 0.504743 0.416954 0.984521 0.413218
6 0.501622 0.419612 0.97672 0.413649
7 0.505523 0.417744 0.986081 0.417385
2 0.505523 0.417744 0.986081 0.417385
39 0.500062 0.416379 0.97984 0.41092
35 0.503962 0.41602 0.984521 0.410489
32 0.505523 0.417744 0.986081 0.417385
8 0.500062 0.416379 0.97984 0.41092
36 0.503962 0.41602 0.984521 0.410489
0 0.505523 0.417744 0.986081 0.417385
7 0.504743 0.417744 0.984521 0.417385
6 0.501622 0.419828 0.97828 0.413218
39 0.504743 0.417744 0.984521 0.417385
32 0.504743 0.417744 0.984521 0.417385
2 0.507083 0.418103 0.9814 0.414368
22 0.507083 0.418103 0.9814 0.414368
8 0.499672 0.418391 0.982181 0.413793
4 0.503182 0.417888 0.984521 0.4125
7 0.508643 0.418103 0.97984 0.414368
6 0.507863 0.417816 0.9814 0.417241
39 0.508643 0.418103 0.97984 0.414368
32 0.508643 0.418103 0.97984 0.414368
2 0.508643 0.418103 0.97984 0.414368
8 0.505523 0.41717 0.9814 0.410489
35 0.505523 0.41717 0.9814 0.410489
7 0.506303 0.418103 0.9814 0.418966
6 0.506303 0.418103 0.9814 0.418966
39 0.506303 0.418103 0.9814 0.418966
32 0.506303 0.418103 0.9814 0.418966
2 0.506303 0.418103 0.9814 0.418966
35 0.503182 0.418391 0.9814 0.417241
8 0.499282 0.419253 0.97672 0.416667
7 0.506693 0.418894 0.983741 0.411638
6 0.507473 0.418966 0.982181 0.406897
32 0.503182 0.41954 0.97828 0.410345
39 0.495381 0.419828 0.968918 0.413218
4 0.507473 0.418966 0.982181 0.406897
2 0.507863 0.41954 0.9814 0.409195
22 0.507863 0.41954 0.9814 0.409195
7 0.608597 0.386853 0.70192 0.468822
7 0.506303 0.417744 0.9814 0.416236
6 0.507863 0.416667 0.9814 0.411494
39 0.507863 0.417241 0.97984 0.414943
32 0.507863 0.417241 0.97984 0.414943
22 0.507863 0.417241 0.97984 0.414943
2 0.507863 0.417241 0.97984 0.414943
4 0.507863 0.417241 0.97984 0.414943
7 0.507083 0.416379 0.97828 0.414368
6 0.502012 0.41717 0.974379 0.411638
39 0.504743 0.41602 0.9814 0.411638
32 0.507863 0.416164 0.97672 0.418247
4 0.504743 0.41602 0.9814 0.411638
22 0.507473 0.415589 0.97594 0.417098
2 0.507473 0.415589 0.97594 0.417098
7 0.508581 0.41408 0.982837 0.414368
6 0.508581 0.41408 0.982837 0.414368
39 0.504743 0.416092 0.987641 0.412644
32 0.504743 0.415805 0.9814 0.416667
2 0.508971 0.413147 0.982057 0.419684
4 0.504743 0.416092 0.987641 0.412644
8 0.508581 0.41408 0.982837 0.414368
7 0.508643 0.41523 0.97984 0.415517
6 0.506303 0.416379 0.9814 0.41092
39 0.506303 0.416379 0.9814 0.41092
32 0.508643 0.41523 0.97984 0.415517
8 0.506303 0.416379 0.9814 0.41092
2 0.509033 0.414296 0.97906 0.415086
7 0.503962 0.41717 0.989202 0.413937
6 0.502012 0.417313 0.989982 0.409052
39 0.503962 0.41717 0.989202 0.413937
32 0.503962 0.41717 0.989202 0.413937
2 0.503962 0.41717 0.989202 0.413937
8 0.502012 0.417313 0.989982 0.409052
4 0.502012 0.417313 0.989982 0.409052
7 0.506303 0.415805 0.9814 0.416667
6 0.507863 0.414368 0.9814 0.414943
39 0.506303 0.415805 0.9814 0.416667
32 0.503182 0.417241 0.97672 0.413793
2 0.506303 0.415805 0.9814 0.416667
4 0.509033 0.413865 0.97906 0.417098
22 0.509033 0.413865 0.97906 0.417098
7 0.504743 0.416739 0.987641 0.4125
6 0.502402 0.417816 0.989202 0.409195
39 0.504743 0.416739 0.987641 0.4125
32 0.502402 0.417816 0.97984 0.411494
22 0.508191 0.416667 0.983617 0.411494
2 0.504743 0.416739 0.987641 0.4125
4 0.502402 0.417816 0.989202 0.409195
7 0.504743 0.415517 0.984521 0.42069
6 0.503182 0.416954 0.987642 0.414368
39 0.504743 0.415517 0.984521 0.42069
32 0.504743 0.415517 0.984521 0.42069
2 0.504743 0.415517 0.984521 0.42069
8 0.503182 0.416954 0.987642 0.414368
7 0.504743 0.420402 0.987641 0.41092
6 0.502402 0.420043 0.989202 0.405891
39 0.504743 0.420402 0.987641 0.41092
32 0.502402 0.420762 0.982961 0.410201
22 0.508581 0.421193 0.982837 0.40819
2 0.504743 0.420402 0.987641 0.41092
7 0.503182 0.419612 0.989202 0.409052
6 0.48953 0.418678 0.969699 0.414368
32 0.503182 0.419612 0.989202 0.409052
39 0.503182 0.419612 0.989202 0.409052
2 0.503182 0.419612 0.989202 0.409052
4 0.501232 0.420115 0.989982 0.405747
7 0.501622 0.419253 0.984521 0.414368
6 0.507863 0.417744 0.9814 0.412787
32 0.501232 0.417816 0.982181 0.416092
39 0.507863 0.417744 0.9814 0.412787
4 0.507863 0.417744 0.9814 0.412787
22 0.507863 0.417744 0.9814 0.412787
2 0.507863 0.417744 0.9814 0.412787
7 0.504743 0.41717 0.984521 0.419684
6 0.504743 0.41717 0.984521 0.419684
39 0.503182 0.417241 0.986081 0.413793
32 0.504743 0.41717 0.984521 0.419684
2 0.504743 0.41717 0.984521 0.419684
8 0.507863 0.415805 0.9814 0.416667
7 0.504743 0.416164 0.984521 0.414799
6 0.504743 0.416164 0.984521 0.414799
39 0.504743 0.416164 0.984521 0.414799
32 0.504743 0.416164 0.984521 0.414799
2 0.504743 0.416164 0.984521 0.414799
22 0.507083 0.416667 0.982961 0.410345
7 0.505523 0.418678 0.984521 0.41092
6 0.503182 0.418678 0.987642 0.406322
39 0.500842 0.418103 0.982961 0.408621
32 0.505523 0.418678 0.984521 0.41092
22 0.494991 0.419253 0.969698 0.413218
2 0.505523 0.418678 0.984521 0.41092
7 0.506303 0.417529 0.984521 0.414368
6 0.503962 0.418319 0.986081 0.409339
39 0.501622 0.418391 0.982961 0.410345
32 0.506303 0.417529 0.984521 0.414368
22 0.507863 0.418894 0.982961 0.410489
4 0.503962 0.418319 0.986081 0.409339
2 0.506303 0.417529 0.984521 0.414368
7 0.506303 0.416092 0.984521 0.416092
6 0.506303 0.416092 0.984521 0.416092
39 0.500062 0.417529 0.9814 0.412069
32 0.506303 0.416092 0.984521 0.416092
2 0.506303 0.416092 0.984521 0.416092
22 0.493431 0.418391 0.969699 0.414943
7 0.505913 0.414368 0.985301 0.416092
6 0.503962 0.417816 0.982961 0.412644
39 0.503962 0.41523 0.987641 0.41092
32 0.505913 0.414368 0.985301 0.416092
2 0.505913 0.414368 0.985301 0.416092
7 0.505913 0.416379 0.985301 0.418966
6 0.503962 0.417529 0.987641 0.413218
39 0.503962 0.417529 0.987641 0.413218
32 0.503182 0.417816 0.97828 0.414943
2 0.505913 0.416379 0.985301 0.418966
22 0.505913 0.416379 0.985301 0.418966
7 0.504743 0.418966 0.9814 0.410345
6 0.507411 0.418103 0.985178 0.40977
39 0.504743 0.416667 0.987641 0.409195
32 0.503962 0.416379 0.97984 0.413218
2 0.507083 0.415805 0.984521 0.414368
7 0.503182 0.420618 0.9814 0.409339
6 0.503182 0.420618 0.9814 0.409339
32 0.505523 0.416379 0.986081 0.412069
39 0.503182 0.417313 0.987642 0.405603
2 0.507863 0.416667 0.9814 0.410345
7 0.503182 0.418463 0.984521 0.4125
6 0.503182 0.418463 0.984521 0.4125
39 0.502402 0.415517 0.989202 0.409195
32 0.502402 0.416954 0.97984 0.414368
4 0.502402 0.415517 0.989202 0.409195
7 0.505523 0.416595 0.986081 0.419684
6 0.503962 0.41954 0.986081 0.414943
39 0.503182 0.416092 0.990762 0.411494
32 0.503182 0.417313 0.984521 0.418247
22 0.493821 0.418391 0.972039 0.41954
2 0.507473 0.416954 0.982181 0.417816
4 0.503182 0.416092 0.990762 0.411494
7 0.507473 0.414943 0.983741 0.413793
6 0.503572 0.416954 0.985301 0.412069
39 0.503182 0.414081 0.989202 0.40977
32 0.503182 0.416164 0.9814 0.415948
2 0.507473 0.414871 0.982181 0.417385
4 0.503182 0.414081 0.989202 0.40977
7 0.505523 0.416954 0.982961 0.414368
6 0.505523 0.416954 0.982961 0.414368
39 0.508191 0.414296 0.983617 0.416236
32 0.504743 0.415805 0.9814 0.415517
22 0.508191 0.414296 0.983617 0.416236
4 0.508191 0.414296 0.983617 0.416236
7 0.506303 0.414368 0.984521 0.418391
6 0.504743 0.417529 0.9814 0.415517
39 0.503572 0.41602 0.986861 0.413937
32 0.503572 0.415517 0.9775 0.416092
2 0.506303 0.414368 0.984521 0.418391
7 0.507863 0.418319 0.982961 0.40819
6 0.503962 0.416667 0.986081 0.410345
39 0.503962 0.416667 0.986081 0.410345
32 0.503962 0.416667 0.97984 0.413793
22 0.508253 0.41717 0.982181 0.410489
2 0.508253 0.41717 0.982181 0.410489
4 0.508253 0.41717 0.982181 0.410489
7 0.503962 0.419828 0.97984 0.41092
6 0.503962 0.419828 0.97984 0.41092
39 0.503962 0.417744 0.987641 0.40819
32 0.503572 0.417816 0.9775 0.412644
7 0.505913 0.418103 0.985301 0.416667
6 0.504352 0.420618 0.98062 0.411638
39 0.504352 0.418319 0.988422 0.411638
32 0.505913 0.418103 0.985301 0.416667
7 0.503962 0.418894 0.982961 0.411638
6 0.503962 0.418894 0.982961 0.411638
39 0.503962 0.416379 0.989202 0.41092
32 0.502792 0.41717 0.98062 0.413937
7 0.504743 0.416092 0.987641 0.416092
6 0.502792 0.419253 0.983741 0.412069
39 0.503572 0.416667 0.989982 0.410345
32 0.501622 0.416954 0.9814 0.414368
2 0.504743 0.416092 0.987641 0.416092
7 0.505523 0.415589 0.984521 0.417098
6 0.503182 0.418103 0.9814 0.412069
39 0.503572 0.41602 0.986861 0.410489
32 0.502402 0.416667 0.97828 0.414943
8 0.508253 0.41602 0.982181 0.412787
7 0.505523 0.416379 0.984521 0.415517
6 0.503572 0.418678 0.98062 0.412069
39 0.503962 0.416667 0.986081 0.411494
32 0.505523 0.416379 0.984521 0.415517
7 0.504352 0.415517 0.986861 0.417241
6 0.502012 0.418319 0.983741 0.412787
39 0.502402 0.416092 0.989202 0.412644
32 0.504352 0.415517 0.986861 0.417241
8 0.507083 0.416595 0.982961 0.411638
7 0.504743 0.416667 0.987641 0.417241
6 0.501622 0.419253 0.984521 0.414368
39 0.502402 0.416739 0.989202 0.4125
32 0.501232 0.417313 0.982181 0.415948
22 0.502402 0.416739 0.989202 0.4125
7 0.503182 0.419468 0.9814 0.412787
6 0.503182 0.416667 0.987642 0.410345
39 0.500842 0.416954 0.982961 0.412069
32 0.502402 0.417241 0.97984 0.413793
4 0.507083 0.418678 0.984521 0.40977
22 0.503182 0.416667 0.987642 0.410345
2 0.504743 0.416954 0.987641 0.415517
7 0.504743 0.416164 0.987641 0.420546
6 0.502792 0.416164 0.988422 0.413649
39 0.500842 0.416954 0.984521 0.414368
32 0.504743 0.416164 0.987641 0.420546
7 0.500842 0.418103 0.986081 0.41092
6 0.501622 0.416092 0.990762 0.410345
39 0.501622 0.416092 0.990762 0.410345
32 0.500452 0.416595 0.983741 0.413937
7 0.500842 0.417888 0.986081 0.414799
6 0.500842 0.417888 0.986081 0.414799
39 0.502402 0.416667 0.989202 0.412644
32 0.500452 0.417241 0.983741 0.418391
7 0.507083 0.419253 0.982961 0.408621
6 0.501232 0.419037 0.982181 0.411351
39 0.503182 0.41717 0.987642 0.410489
32 0.500062 0.418319 0.9814 0.415086
7 0.503182 0.416667 0.989202 0.414943
6 0.502012 0.417313 0.989982 0.409052
39 0.502012 0.417313 0.989982 0.409052
32 0.499672 0.417313 0.982181 0.413649
8 0.507083 0.418966 0.982961 0.406897
7 0.506693 0.418103 0.983741 0.41092
6 0.502402 0.417241 0.989202 0.411494
39 0.502402 0.417241 0.989202 0.411494
32 0.500062 0.417816 0.9814 0.414943
7 0.503962 0.416667 0.989202 0.418391
6 0.502402 0.416739 0.989202 0.4125
39 0.502402 0.416739 0.989202 0.4125
32 0.500452 0.417529 0.982181 0.416667
22 0.502402 0.416739 0.989202 0.4125
4 0.507083 0.417529 0.984521 0.412069
7 0.504352 0.417241 0.988422 0.418391
6 0.502402 0.416954 0.989202 0.413218
39 0.502402 0.416954 0.989202 0.413218
32 0.500062 0.417816 0.9814 0.416092
22 0.507083 0.417529 0.984521 0.412069
7 0.501232 0.418678 0.985301 0.412069
6 0.502402 0.416379 0.989202 0.412069
39 0.502402 0.416379 0.989202 0.412069
32 0.500842 0.41717 0.982961 0.415086
4 0.507473 0.417529 0.983741 0.41092
22 0.502402 0.416379 0.989202 0.412069
7 0.500842 0.418319 0.984521 0.412787
6 0.502012 0.416667 0.989982 0.412644
39 0.502012 0.416667 0.989982 0.412644
32 0.500062 0.417241 0.982961 0.416092
7 0.504743 0.416667 0.987641 0.417241
6 0.502402 0.416667 0.989202 0.412644
39 0.502402 0.416667 0.989202 0.412644
32 0.500842 0.417744 0.9814 0.415086
7 0.504743 0.416667 0.987641 0.414943
6 0.502402 0.416739 0.989202 0.410201
39 0.502402 0.416739 0.989202 0.410201
32 0.501622 0.417529 0.9814 0.413218
4 0.508581 0.418103 0.982837 0.40977
7 0.505133 0.416667 0.986861 0.414943
6 0.503182 0.416739 0.987642 0.411351
39 0.503182 0.416739 0.987642 0.411351
32 0.501622 0.417241 0.97984 0.412644
4 0.507863 0.417529 0.982961 0.40977
22 0.507863 0.417529 0.982961 0.40977
7 0.504743 0.416379 0.987641 0.415517
6 0.502792 0.416739 0.988422 0.411351
39 0.502792 0.416739 0.988422 0.411351
32 0.500842 0.417529 0.97984 0.413218
7 0.504352 0.416667 0.988422 0.416092
6 0.502402 0.416739 0.990762 0.411351
39 0.502402 0.416739 0.990762 0.411351
32 0.500842 0.417313 0.982961 0.413649
4 0.507801 0.417241 0.984397 0.411494
7 0.504352 0.416954 0.988422 0.415517
6 0.502402 0.416595 0.990762 0.410488
39 0.502402 0.416595 0.990762 0.410488
32 0.500842 0.417529 0.982961 0.413218
4 0.507801 0.417313 0.984397 0.411351
7 0.504743 0.416667 0.987641 0.417241
6 0.503182 0.416595 0.989202 0.411638
39 0.503182 0.416595 0.989202 0.411638
32 0.501622 0.417529 0.9814 0.414368
7 0.504743 0.416954 0.987641 0.416667
6 0.502402 0.416739 0.989202 0.411351
39 0.502402 0.416739 0.989202 0.411351
32 0.501622 0.417744 0.9814 0.413937
4 0.508581 0.417529 0.982837 0.412069
22 0.502402 0.416739 0.989202 0.411351
7 0.504743 0.416739 0.987641 0.415948
6 0.502402 0.416739 0.989202 0.411351
39 0.502402 0.416739 0.989202 0.411351
32 0.501622 0.417744 0.9814 0.413937
22 0.502402 0.416739 0.989202 0.411351
4 0.508191 0.417529 0.983617 0.41092
7 0.502402 0.418678 0.982961 0.412069
6 0.502402 0.416954 0.989202 0.412069
39 0.502402 0.416954 0.989202 0.412069
32 0.501622 0.417241 0.9814 0.414943
22 0.502402 0.416954 0.989202 0.412069
4 0.508191 0.41717 0.983617 0.411638
7 0.502402 0.41954 0.982961 0.411494
6 0.503182 0.41717 0.987642 0.411638
39 0.503182 0.41717 0.987642 0.411638
32 0.502012 0.418103 0.98062 0.414368
22 0.503182 0.41717 0.987642 0.411638
7 0.503182 0.419253 0.9814 0.41092
6 0.503182 0.416954 0.987642 0.41092
39 0.503182 0.416954 0.987642 0.41092
32 0.502402 0.417744 0.97984 0.413937
22 0.503182 0.416954 0.987642 0.41092
7 0.502402 0.419253 0.982961 0.41092
6 0.502792 0.417241 0.988422 0.411494
39 0.502792 0.417241 0.988422 0.411494
32 0.502012 0.417744 0.98062 0.413937
22 0.502792 0.417241 0.988422 0.411494
7 0.502792 0.418678 0.983741 0.41092
6 0.503182 0.416595 0.989202 0.410488
39 0.503182 0.416595 0.989202 0.410488
32 0.501622 0.417241 0.9814 0.413793
22 0.503182 0.416595 0.989202 0.410488
7 0.503182 0.418966 0.984521 0.410345
6 0.503182 0.416667 0.989202 0.410345
39 0.503182 0.416667 0.989202 0.410345
32 0.502402 0.417816 0.9814 0.413793
22 0.503182 0.416667 0.989202 0.410345
7 0.503182 0.418966 0.984521 0.410345
6 0.503182 0.416667 0.989202 0.410345
39 0.503182 0.416667 0.989202 0.410345
32 0.502012 0.417816 0.982181 0.413793
22 0.503182 0.416667 0.989202 0.410345
4 0.508581 0.417816 0.982837 0.412644
7 0.502792 0.419253 0.983741 0.41092
6 0.503182 0.416954 0.989202 0.41092
39 0.503182 0.416954 0.989202 0.41092
32 0.501622 0.418103 0.9814 0.414368
22 0.503182 0.416954 0.989202 0.41092
7 0.502792 0.418966 0.983741 0.411494
6 0.503182 0.416739 0.989202 0.411351
39 0.503182 0.416739 0.989202 0.411351
32 0.501622 0.417744 0.9814 0.413937
22 0.503182 0.416739 0.989202 0.411351
7 0.503182 0.418678 0.984521 0.41092
6 0.503572 0.416739 0.989982 0.411351
39 0.503572 0.416739 0.989982 0.411351
32 0.501622 0.417529 0.9814 0.414368
22 0.503572 0.416739 0.989982 0.411351
7 0.503182 0.418966 0.984521 0.411494
6 0.503182 0.416954 0.989202 0.41092
39 0.503182 0.416954 0.989202 0.41092
32 0.501622 0.417744 0.9814 0.413937
22 0.503182 0.416954 0.989202 0.41092
7 0.502792 0.419253 0.983741 0.41092
6 0.503182 0.416954 0.989202 0.41092
39 0.503182 0.416954 0.989202 0.41092
32 0.502012 0.417816 0.982181 0.413793
22 0.503182 0.416954 0.989202 0.41092
7 0.503182 0.419253 0.982961 0.41092
6 0.503182 0.416954 0.989202 0.41092
39 0.503182 0.416954 0.989202 0.41092
32 0.501622 0.417816 0.9814 0.413793
22 0.503182 0.416954 0.989202 0.41092
7 0.502792 0.418894 0.983741 0.410489
6 0.503182 0.416954 0.989202 0.41092
39 0.503182 0.416954 0.989202 0.41092
32 0.501622 0.417816 0.9814 0.413793
22 0.503182 0.416954 0.989202 0.41092
7 0.502792 0.418966 0.983741 0.410345
6 0.503182 0.416954 0.989202 0.41092
39 0.503182 0.416954 0.989202 0.41092
32 0.501622 0.417816 0.9814 0.413793
22 0.503182 0.416954 0.989202 0.41092
