22 0.427631 0.498264 0.758867 0.46875
2 0.46012 0.499132 0.840627 0.468171
72 0.427631 0.498264 0.758867 0.46875
3 0.427631 0.498264 0.758867 0.46875
62 0.46012 0.499132 0.840627 0.468171
22 0.583053 0.478588 0.752428 0.47338
4 0.460511 0.490162 0.832041 0.46875
60 0.427631 0.498264 0.758867 0.46875
64 0.427631 0.498264 0.758867 0.46875
3 0.307137 0.48235 0.564321 0.523727
41 0.427631 0.498264 0.758867 0.46875
22 0.307137 0.48235 0.564321 0.523727
35 0.427631 0.498264 0.758867 0.46875
62 0.583053 0.478588 0.752428 0.47338
52 0.460511 0.490162 0.832041 0.46875
3 0.583053 0.478588 0.752428 0.47338
31 0.427631 0.498264 0.758867 0.46875
60 0.307137 0.48235 0.564321 0.523727
57 0.46012 0.499132 0.840627 0.468171
72 0.583053 0.478588 0.752428 0.47338
22 0.707547 0.493345 0.54871 0.426505
2 0.714962 0.511285 0.53388 0.396412
72 0.307137 0.48235 0.564321 0.523727
44 0.46012 0.499132 0.840627 0.468171
36 0.46012 0.499132 0.840627 0.468171
39 0.526465 0.496238 0.834383 0.472801
2 0.352603 0.501808 0.591249 0.50217
41 0.583053 0.478588 0.752428 0.47338
62 0.707547 0.493345 0.54871 0.426505
10 0.460511 0.490162 0.832041 0.46875
41 0.307137 0.48235 0.564321 0.523727
60 0.583053 0.478588 0.752428 0.47338
4 0.305186 0.472512 0.560418 0.522569
33 0.583053 0.478588 0.752428 0.47338
69 0.500318 0.484881 0.841408 0.480469
23 0.497976 0.498264 0.84453 0.474537
36 0.640812 0.496528 0.643154 0.43287
37 0.427631 0.498264 0.758867 0.46875
2 0.583053 0.478588 0.752428 0.47338
21 0.638568 0.480613 0.647642 0.45544
35 0.583053 0.478588 0.752428 0.47338
57 0.638568 0.480613 0.647642 0.45544
58 0.427631 0.498264 0.758867 0.46875
4 0.638568 0.480613 0.647642 0.45544
39 0.638568 0.480613 0.647642 0.45544
52 0.638568 0.480613 0.647642 0.45544
45 0.438558 0.506655 0.749501 0.48206
56 0.46012 0.499132 0.840627 0.468171
64 0.583053 0.478588 0.752428 0.47338
23 0.640812 0.496528 0.643154 0.43287
35 0.305186 0.472512 0.560418 0.522569
57 0.746574 0.570023 0.408215 0.27662
22 0.208986 0.469907 0.37114 0.52662
22 0.492512 0.441551 0.744622 0.554398
2 0.730573 0.558738 0.466755 0.308449
35 0.707547 0.493345 0.54871 0.426505
72 0.707547 0.493345 0.54871 0.426505
62 0.307137 0.48235 0.564321 0.523727
5 0.372701 0.49103 0.676717 0.487847
5 0.529978 0.482928 0.83048 0.477431
33 0.732134 0.499421 0.462072 0.412037
40 0.427631 0.498264 0.758867 0.46875
64 0.492512 0.441551 0.744622 0.554398
66 0.427729 0.492188 0.752428 0.468171
34 0.583053 0.478588 0.752428 0.47338
57 0.734476 0.525174 0.455828 0.365162
4 0.0975902 0.339699 0.142007 0.289352
8 0.707547 0.493345 0.54871 0.426505
3 0.714962 0.511285 0.53388 0.396412
52 0.305186 0.472512 0.560418 0.522569
52 0.537783 0.44184 0.729012 0.530671
4 0.734476 0.525174 0.455828 0.365162
58 0.307137 0.48235 0.564321 0.523727
60 0.714962 0.511285 0.53388 0.396412
2 0.48939 0.471933 0.916338 0.468171
4 0.491732 0.465278 0.927266 0.472222
3 0.48939 0.471933 0.916338 0.468171
22 0.491732 0.465278 0.927266 0.472222
10 0.491732 0.465278 0.927266 0.472222
62 0.508903 0.458333 0.921021 0.483796
52 0.48939 0.471933 0.916338 0.468171
35 0.508903 0.458333 0.921021 0.483796
60 0.48939 0.471933 0.916338 0.468171
36 0.48939 0.471933 0.916338 0.468171
57 0.508903 0.458333 0.921021 0.483796
58 0.48939 0.471933 0.916338 0.468171
33 0.508903 0.458333 0.921021 0.483796
69 0.508903 0.458333 0.921021 0.483796
44 0.508903 0.458333 0.921021 0.483796
21 0.508903 0.458333 0.921021 0.483796
23 0.491732 0.465278 0.927266 0.472222
5 0.508903 0.458333 0.921021 0.483796
39 0.508903 0.458333 0.921021 0.483796
7 0.508903 0.458333 0.921021 0.483796
65 0.491732 0.465278 0.927266 0.472222
66 0.508903 0.458333 0.921021 0.483796
8 0.48939 0.471933 0.916338 0.468171
3 0.364506 0.460359 0.65174 0.498264
56 0.491732 0.465278 0.927266 0.472222
22 0.364506 0.460359 0.65174 0.498264
58 0.364506 0.460359 0.65174 0.498264
60 0.364506 0.460359 0.65174 0.498264
32 0.491732 0.465278 0.927266 0.472222
2 0.387531 0.483869 0.633007 0.487124
72 0.508903 0.458333 0.921021 0.483796
10 0.364506 0.460359 0.65174 0.498264
34 0.508903 0.458333 0.921021 0.483796
4 0.364506 0.460359 0.65174 0.498264
4 0.10381 0.366971 0.183033 0.341291
20 0.491732 0.465278 0.927266 0.472222
64 0.506172 0.471065 0.907752 0.465278
31 0.48939 0.471933 0.916338 0.468171
45 0.511245 0.470558 0.885117 0.473235
40 0.508903 0.458333 0.921021 0.483796
36 0.346944 0.474465 0.611152 0.500145
65 0.364506 0.460359 0.65174 0.498264
41 0.447242 0.464193 0.810187 0.481337
59 0.508903 0.458333 0.921021 0.483796
4 0.0690766 0.339048 0.124494 0.284867
23 0.346944 0.474465 0.611152 0.500145
7 0.364506 0.460359 0.65174 0.498264
62 0.364506 0.460359 0.65174 0.498264
49 0.447242 0.464193 0.810187 0.481337
4 0.145763 0.353299 0.250939 0.315394
52 0.364506 0.460359 0.65174 0.498264
30 0.506172 0.471065 0.907752 0.465278
62 0.673985 0.469329 0.561199 0.481481
44 0.364506 0.460359 0.65174 0.498264
5 0.364506 0.460359 0.65174 0.498264
57 0.364506 0.460359 0.65174 0.498264
69 0.346944 0.474465 0.611152 0.500145
2 0.604811 0.425926 0.637105 0.539352
37 0.447242 0.464193 0.810187 0.481337
20 0.364506 0.460359 0.65174 0.498264
2 0.673985 0.469329 0.561199 0.481481
0 0.491732 0.465278 0.927266 0.472222
4 0.0942486 0.403646 0.149081 0.365162
29 0.508903 0.458333 0.921021 0.483796
2 0.265769 0.4966 0.475341 0.529948
2 0.496415 0.465784 0.94912 0.467737
52 0.496415 0.465784 0.94912 0.467737
58 0.496415 0.465784 0.94912 0.467737
4 0.503049 0.467014 0.946779 0.478009
3 0.496415 0.465784 0.94912 0.467737
62 0.503049 0.467014 0.946779 0.478009
23 0.496415 0.465784 0.94912 0.467737
10 0.497976 0.468171 0.94912 0.479167
8 0.502269 0.46752 0.946779 0.464265
44 0.503049 0.467014 0.946779 0.478009
5 0.502269 0.46752 0.946779 0.464265
60 0.496415 0.465784 0.94912 0.467737
21 0.502269 0.46752 0.946779 0.464265
65 0.497976 0.468171 0.94912 0.479167
34 0.503049 0.467014 0.946779 0.478009
57 0.503049 0.467014 0.946779 0.478009
36 0.497976 0.468171 0.94912 0.479167
20 0.497976 0.468171 0.94912 0.479167
67 0.496415 0.465784 0.94912 0.467737
29 0.497976 0.468171 0.94912 0.479167
33 0.503049 0.467014 0.946779 0.478009
35 0.503049 0.467014 0.946779 0.478009
66 0.503049 0.467014 0.946779 0.478009
22 0.503049 0.467014 0.946779 0.478009
32 0.497976 0.468171 0.94912 0.479167
7 0.503049 0.467014 0.946779 0.478009
59 0.497976 0.468171 0.94912 0.479167
69 0.496415 0.465784 0.94912 0.467737
39 0.502269 0.46752 0.946779 0.464265
56 0.497976 0.468171 0.94912 0.479167
61 0.496415 0.465784 0.94912 0.467737
30 0.502269 0.46752 0.946779 0.464265
0 0.497976 0.468171 0.94912 0.479167
58 0.344017 0.469835 0.613884 0.482784
45 0.502269 0.46752 0.946779 0.464265
6 0.497976 0.468171 0.94912 0.479167
1 0.497976 0.468171 0.94912 0.479167
28 0.503049 0.467014 0.946779 0.478009
10 0.344017 0.469835 0.613884 0.482784
31 0.496415 0.465784 0.94912 0.467737
2 0.388312 0.469329 0.657984 0.475694
60 0.352408 0.458623 0.632227 0.502894
23 0.388312 0.469329 0.657984 0.475694
72 0.503049 0.467014 0.946779 0.478009
52 0.388312 0.469329 0.657984 0.475694
65 0.352408 0.458623 0.632227 0.502894
3 0.388312 0.469329 0.657984 0.475694
67 0.344017 0.469835 0.613884 0.482784
64 0.502269 0.46752 0.946779 0.464265
20 0.344017 0.469835 0.613884 0.482784
5 0.388312 0.469329 0.657984 0.475694
4 0.352408 0.458623 0.632227 0.502894
40 0.503049 0.467014 0.946779 0.478009
22 0.352408 0.458623 0.632227 0.502894
41 0.497976 0.468171 0.94912 0.479167
54 0.4008 0.45884 0.687644 0.500145
61 0.344017 0.469835 0.613884 0.482784
62 0.352408 0.458623 0.632227 0.502894
36 0.344017 0.469835 0.613884 0.482784
69 0.388312 0.469329 0.657984 0.475694
2 0.520221 0.419633 0.789112 0.586661
30 0.520221 0.419633 0.789112 0.586661
44 0.352408 0.458623 0.632227 0.502894
8 0.388312 0.469329 0.657984 0.475694
4 0.0768819 0.373264 0.134641 0.366319
29 0.344017 0.469835 0.613884 0.482784
49 0.497976 0.468171 0.94912 0.479167
59 0.344017 0.469835 0.613884 0.482784
0 0.352408 0.458623 0.632227 0.502894
4 0.0664423 0.328776 0.117469 0.28805
2 0.0768819 0.373264 0.134641 0.366319
4 0.506562 0.46875 0.956926 0.471065
52 0.506562 0.463035 0.958487 0.467448
7 0.506562 0.46875 0.956926 0.471065
20 0.506562 0.46875 0.956926 0.471065
66 0.506562 0.46875 0.956926 0.471065
2 0.506562 0.463035 0.958487 0.467448
58 0.506562 0.463035 0.958487 0.467448
23 0.506562 0.463035 0.958487 0.467448
10 0.501879 0.462674 0.956926 0.484375
62 0.506562 0.46875 0.956926 0.471065
36 0.506562 0.463035 0.958487 0.467448
34 0.506562 0.46875 0.956926 0.471065
5 0.506562 0.46875 0.956926 0.471065
3 0.506562 0.46875 0.956926 0.471065
65 0.501879 0.462674 0.956926 0.484375
0 0.506562 0.46875 0.956926 0.471065
57 0.506562 0.463035 0.958487 0.467448
8 0.506562 0.463035 0.958487 0.467448
44 0.506562 0.46875 0.956926 0.471065
1 0.501879 0.462674 0.956926 0.484375
28 0.506562 0.46875 0.956926 0.471065
61 0.506562 0.463035 0.958487 0.467448
67 0.506562 0.463035 0.958487 0.467448
32 0.506562 0.463035 0.958487 0.467448
60 0.506562 0.46875 0.956926 0.471065
56 0.501879 0.453993 0.958487 0.48669
33 0.506562 0.46875 0.956926 0.471065
30 0.506562 0.463035 0.958487 0.467448
21 0.506562 0.463035 0.958487 0.467448
59 0.506562 0.463035 0.958487 0.467448
69 0.506562 0.463035 0.958487 0.467448
22 0.506562 0.46875 0.956926 0.471065
29 0.506562 0.46875 0.956926 0.471065
35 0.506562 0.46875 0.956926 0.471065
6 0.501879 0.453993 0.958487 0.48669
39 0.506562 0.463035 0.958487 0.467448
31 0.506562 0.463035 0.958487 0.467448
45 0.506562 0.463035 0.958487 0.467448
68 0.453486 0.453414 0.842969 0.502894
54 0.500708 0.462384 0.870287 0.484954
28 0.403923 0.454572 0.690766 0.489005
68 0.332114 0.459997 0.590859 0.496672
54 0.324309 0.423032 0.5331 0.452546
4 0.403923 0.454572 0.690766 0.489005
10 0.332114 0.459997 0.590859 0.496672
66 0.403923 0.454572 0.690766 0.489005
58 0.332114 0.459997 0.590859 0.496672
0 0.403923 0.454572 0.690766 0.489005
20 0.332114 0.459997 0.590859 0.496672
65 0.34148 0.448568 0.606469 0.509115
36 0.332114 0.459997 0.590859 0.496672
1 0.34148 0.448568 0.606469 0.509115
28 0.324309 0.423032 0.5331 0.452546
72 0.506562 0.46875 0.956926 0.471065
29 0.403923 0.454572 0.690766 0.489005
23 0.332114 0.459997 0.590859 0.496672
61 0.332114 0.459997 0.590859 0.496672
34 0.403923 0.454572 0.690766 0.489005
58 0.615445 0.542535 0.565882 0.339699
57 0.332114 0.459997 0.590859 0.496672
6 0.332114 0.459997 0.590859 0.496672
7 0.403923 0.454572 0.690766 0.489005
60 0.34148 0.448568 0.606469 0.509115
4 0.499927 0.458623 0.970195 0.478588
52 0.499927 0.458623 0.970195 0.478588
2 0.502659 0.475116 0.974097 0.46412
3 0.502659 0.475116 0.974097 0.46412
66 0.502659 0.475116 0.974097 0.46412
10 0.500318 0.472873 0.972536 0.468605
33 0.502659 0.475116 0.974097 0.46412
44 0.502659 0.475116 0.974097 0.46412
28 0.502659 0.475116 0.974097 0.46412
0 0.500318 0.472873 0.972536 0.468605
7 0.502659 0.475116 0.974097 0.46412
23 0.499927 0.458623 0.970195 0.478588
69 0.499927 0.458623 0.970195 0.478588
67 0.499927 0.458623 0.970195 0.478588
20 0.500318 0.472873 0.972536 0.468605
61 0.499927 0.458623 0.970195 0.478588
1 0.500318 0.472873 0.972536 0.468605
35 0.502659 0.475116 0.974097 0.46412
58 0.499927 0.458623 0.970195 0.478588
56 0.500318 0.472873 0.972536 0.468605
5 0.502269 0.466435 0.971756 0.465278
32 0.500318 0.472873 0.972536 0.468605
62 0.502659 0.475116 0.974097 0.46412
22 0.502659 0.475116 0.974097 0.46412
57 0.502659 0.475116 0.974097 0.46412
65 0.500318 0.472873 0.972536 0.468605
60 0.499927 0.458623 0.970195 0.478588
34 0.502659 0.475116 0.974097 0.46412
36 0.502269 0.466435 0.971756 0.465278
8 0.502659 0.475116 0.974097 0.46412
21 0.502269 0.466435 0.971756 0.465278
39 0.502269 0.466435 0.971756 0.465278
6 0.500318 0.472873 0.972536 0.468605
30 0.502269 0.466435 0.971756 0.465278
29 0.500318 0.472873 0.972536 0.468605
45 0.502269 0.466435 0.971756 0.465278
59 0.499927 0.458623 0.970195 0.478588
54 0.487829 0.462095 0.913216 0.487847
68 0.467535 0.461806 0.881995 0.493056
31 0.502269 0.466435 0.971756 0.465278
66 0.520611 0.400463 0.866385 0.615741
28 0.358652 0.45515 0.653301 0.51331
58 0.345383 0.458623 0.626763 0.506366
0 0.358652 0.45515 0.653301 0.51331
10 0.345383 0.458623 0.626763 0.506366
54 0.315528 0.44647 0.528807 0.498264
4 0.345383 0.458623 0.626763 0.506366
52 0.345383 0.458623 0.626763 0.506366
61 0.345383 0.458623 0.626763 0.506366
6 0.520611 0.400463 0.866385 0.615741
68 0.345383 0.458623 0.626763 0.506366
60 0.358652 0.45515 0.653301 0.51331
1 0.358652 0.45515 0.653301 0.51331
3 0.345383 0.458623 0.626763 0.506366
23 0.345383 0.458623 0.626763 0.506366
67 0.345383 0.458623 0.626763 0.506366
69 0.345383 0.458623 0.626763 0.506366
65 0.520611 0.400463 0.866385 0.615741
22 0.358652 0.45515 0.653301 0.51331
56 0.358652 0.45515 0.653301 0.51331
65 0.358652 0.45515 0.653301 0.51331
62 0.358652 0.45515 0.653301 0.51331
57 0.345383 0.458623 0.626763 0.506366
20 0.520611 0.400463 0.866385 0.615741
20 0.358652 0.45515 0.653301 0.51331
66 0.358652 0.45515 0.653301 0.51331
7 0.358652 0.45515 0.653301 0.51331
44 0.358652 0.45515 0.653301 0.51331
5 0.345383 0.458623 0.626763 0.506366
0 0.520611 0.400463 0.866385 0.615741
2 0.358652 0.45515 0.653301 0.51331
28 0.520611 0.400463 0.866385 0.615741
6 0.345383 0.458623 0.626763 0.506366
32 0.345383 0.458623 0.626763 0.506366
36 0.345383 0.458623 0.626763 0.506366
44 0.520611 0.400463 0.866385 0.615741
62 0.520611 0.400463 0.866385 0.615741
4 0.605298 0.474826 0.703255 0.484375
33 0.520611 0.400463 0.866385 0.615741
41 0.487829 0.462095 0.913216 0.487847
2 0.520611 0.400463 0.866385 0.615741
33 0.358652 0.45515 0.653301 0.51331
58 0.605298 0.474826 0.703255 0.484375
29 0.520611 0.400463 0.866385 0.615741
4 0.495634 0.451678 0.97878 0.510995
2 0.495634 0.451678 0.97878 0.510995
52 0.496025 0.45421 0.971756 0.496672
10 0.495634 0.451678 0.97878 0.510995
7 0.495634 0.451678 0.97878 0.510995
3 0.495634 0.451678 0.97878 0.510995
1 0.495634 0.451678 0.97878 0.510995
23 0.496025 0.45421 0.971756 0.496672
8 0.495634 0.451678 0.97878 0.510995
28 0.495634 0.451678 0.97878 0.510995
44 0.495634 0.451678 0.97878 0.510995
58 0.496025 0.45421 0.971756 0.496672
36 0.496025 0.45421 0.971756 0.496672
21 0.496025 0.45421 0.971756 0.496672
56 0.495634 0.451678 0.97878 0.510995
20 0.495634 0.451678 0.97878 0.510995
62 0.495634 0.451678 0.97878 0.510995
61 0.496025 0.45421 0.971756 0.496672
34 0.495634 0.451678 0.97878 0.510995
59 0.496025 0.45421 0.971756 0.496672
0 0.495634 0.451678 0.97878 0.510995
32 0.495634 0.451678 0.97878 0.510995
29 0.495634 0.451678 0.97878 0.510995
5 0.495634 0.451678 0.97878 0.510995
31 0.496025 0.45421 0.971756 0.496672
67 0.496025 0.45421 0.971756 0.496672
69 0.495634 0.451678 0.97878 0.510995
33 0.495634 0.451678 0.97878 0.510995
6 0.495634 0.451678 0.97878 0.510995
45 0.496025 0.45421 0.971756 0.496672
65 0.495634 0.451678 0.97878 0.510995
22 0.495634 0.451678 0.97878 0.510995
57 0.496025 0.45421 0.971756 0.496672
39 0.497195 0.465784 0.967853 0.473524
30 0.496025 0.45421 0.971756 0.496672
66 0.495634 0.451678 0.97878 0.510995
35 0.495634 0.451678 0.97878 0.510995
60 0.495634 0.451678 0.97878 0.510995
54 0.451925 0.448785 0.858579 0.532986
68 0.382848 0.453053 0.718865 0.526765
4 0.346554 0.456091 0.640032 0.514902
10 0.346554 0.456091 0.640032 0.514902
58 0.346554 0.456091 0.640032 0.514902
52 0.346554 0.456091 0.640032 0.514902
23 0.346554 0.456091 0.640032 0.514902
61 0.346554 0.456091 0.640032 0.514902
28 0.357481 0.453993 0.650959 0.529514
3 0.346554 0.456091 0.640032 0.514902
60 0.346554 0.456091 0.640032 0.514902
2 0.346554 0.456091 0.640032 0.514902
5 0.346554 0.456091 0.640032 0.514902
22 0.346554 0.456091 0.640032 0.514902
59 0.346554 0.456091 0.640032 0.514902
0 0.357481 0.453993 0.650959 0.529514
67 0.346554 0.456091 0.640032 0.514902
1 0.346554 0.456091 0.640032 0.514902
8 0.346554 0.456091 0.640032 0.514902
57 0.346554 0.456091 0.640032 0.514902
56 0.346554 0.456091 0.640032 0.514902
69 0.346554 0.456091 0.640032 0.514902
36 0.346554 0.456091 0.640032 0.514902
62 0.346554 0.456091 0.640032 0.514902
34 0.346554 0.456091 0.640032 0.514902
20 0.346554 0.456091 0.640032 0.514902
7 0.346554 0.456091 0.640032 0.514902
31 0.346554 0.456091 0.640032 0.514902
32 0.346554 0.456091 0.640032 0.514902
21 0.346554 0.456091 0.640032 0.514902
29 0.346554 0.456091 0.640032 0.514902
44 0.346554 0.456091 0.640032 0.514902
54 0.271818 0.452836 0.47417 0.516782
65 0.357481 0.453993 0.650959 0.529514
68 0.283331 0.484447 0.524514 0.509115
6 0.346554 0.456091 0.640032 0.514902
54 0.546369 0.398148 0.758672 0.625
4 0.509781 0.488426 0.774087 0.444444
45 0.346554 0.456091 0.640032 0.514902
54 0.38158 0.405961 0.54032 0.601273
2 0.496025 0.4511 0.984244 0.502894
4 0.496025 0.4511 0.984244 0.502894
7 0.496025 0.4511 0.984244 0.502894
3 0.496025 0.4511 0.984244 0.502894
52 0.496025 0.447266 0.978 0.512876
5 0.498756 0.465278 0.97878 0.476852
44 0.496025 0.4511 0.984244 0.502894
8 0.496025 0.4511 0.984244 0.502894
34 0.498756 0.465278 0.97878 0.476852
1 0.496025 0.4511 0.984244 0.502894
28 0.498756 0.465278 0.97878 0.476852
65 0.498756 0.465278 0.97878 0.476852
66 0.498756 0.465278 0.97878 0.476852
0 0.496025 0.4511 0.984244 0.502894
22 0.496025 0.4511 0.984244 0.502894
45 0.498756 0.465278 0.97878 0.476852
39 0.499537 0.460648 0.975658 0.486111
36 0.498756 0.465278 0.97878 0.476852
10 0.496025 0.4511 0.984244 0.502894
20 0.498756 0.465278 0.97878 0.476852
61 0.496025 0.4511 0.984244 0.502894
33 0.498756 0.465278 0.97878 0.476852
69 0.496025 0.4511 0.984244 0.502894
56 0.496025 0.4511 0.984244 0.502894
60 0.496025 0.4511 0.984244 0.502894
35 0.498756 0.465278 0.97878 0.476852
29 0.496025 0.4511 0.984244 0.502894
32 0.496025 0.4511 0.984244 0.502894
23 0.496025 0.4511 0.984244 0.502894
67 0.496025 0.447266 0.978 0.512876
57 0.496025 0.4511 0.984244 0.502894
21 0.498756 0.465278 0.97878 0.476852
58 0.496025 0.447266 0.978 0.512876
6 0.496025 0.4511 0.984244 0.502894
30 0.498756 0.465278 0.97878 0.476852
62 0.498756 0.465278 0.97878 0.476852
31 0.496025 0.447266 0.978 0.512876
54 0.48861 0.451678 0.955365 0.51331
68 0.476121 0.442781 0.93351 0.521846
59 0.496025 0.447266 0.978 0.512876
5 0.38597 0.444444 0.728231 0.524306
58 0.357481 0.449725 0.665009 0.521846
4 0.357481 0.449725 0.665009 0.521846
28 0.38597 0.444444 0.728231 0.524306
54 0.366457 0.446253 0.673594 0.513744
52 0.357481 0.449725 0.665009 0.521846
2 0.357481 0.449725 0.665009 0.521846
61 0.357481 0.449725 0.665009 0.521846
23 0.357481 0.449725 0.665009 0.521846
34 0.38597 0.444444 0.728231 0.524306
66 0.38597 0.444444 0.728231 0.524306
20 0.38597 0.444444 0.728231 0.524306
3 0.357481 0.449725 0.665009 0.521846
10 0.357481 0.449725 0.665009 0.521846
69 0.357481 0.449725 0.665009 0.521846
22 0.357481 0.449725 0.665009 0.521846
62 0.38597 0.444444 0.728231 0.524306
0 0.366457 0.446253 0.673594 0.513744
67 0.357481 0.449725 0.665009 0.521846
8 0.357481 0.449725 0.665009 0.521846
65 0.38597 0.444444 0.728231 0.524306
57 0.357481 0.449725 0.665009 0.521846
7 0.366457 0.446253 0.673594 0.513744
60 0.357481 0.449725 0.665009 0.521846
36 0.38597 0.444444 0.728231 0.524306
68 0.357481 0.449725 0.665009 0.521846
1 0.366457 0.446253 0.673594 0.513744
33 0.38597 0.444444 0.728231 0.524306
45 0.38597 0.444444 0.728231 0.524306
32 0.357481 0.449725 0.665009 0.521846
39 0.684132 0.475116 0.561199 0.46412
4 0.512123 0.480613 0.764721 0.457755
2 0.499927 0.449942 0.973317 0.512153
52 0.501098 0.447917 0.972536 0.506944
4 0.500708 0.457755 0.968633 0.491898
3 0.499927 0.449942 0.973317 0.512153
8 0.499927 0.449942 0.973317 0.512153
7 0.499927 0.449942 0.973317 0.512153
61 0.501098 0.447917 0.972536 0.506944
6 0.499537 0.465856 0.969414 0.483796
10 0.499927 0.449942 0.973317 0.512153
5 0.500708 0.457755 0.968633 0.491898
69 0.499927 0.449942 0.973317 0.512153
28 0.499537 0.465856 0.969414 0.483796
0 0.499927 0.449942 0.973317 0.512153
56 0.499927 0.449942 0.973317 0.512153
62 0.499927 0.449942 0.973317 0.512153
66 0.499537 0.465856 0.969414 0.483796
58 0.501098 0.447917 0.972536 0.506944
36 0.500708 0.457755 0.968633 0.491898
1 0.499927 0.449942 0.973317 0.512153
44 0.499927 0.449942 0.973317 0.512153
60 0.501098 0.447917 0.972536 0.506944
67 0.501098 0.447917 0.972536 0.506944
23 0.501098 0.447917 0.972536 0.506944
34 0.500708 0.457755 0.968633 0.491898
33 0.499537 0.465856 0.969414 0.483796
20 0.499537 0.465856 0.969414 0.483796
29 0.499927 0.449942 0.973317 0.512153
39 0.500708 0.457755 0.968633 0.491898
57 0.501098 0.447917 0.972536 0.506944
31 0.501098 0.447917 0.972536 0.506944
35 0.499537 0.465856 0.969414 0.483796
45 0.500708 0.457755 0.968633 0.491898
54 0.499537 0.465856 0.969414 0.483796
22 0.500708 0.457755 0.968633 0.491898
21 0.500708 0.457755 0.968633 0.491898
32 0.500708 0.457755 0.968633 0.491898
30 0.500708 0.457755 0.968633 0.491898
65 0.499537 0.465856 0.969414 0.483796
68 0.480414 0.444372 0.924924 0.525608
59 0.501098 0.447917 0.972536 0.506944
54 0.372311 0.446759 0.677497 0.520833
28 0.372311 0.446759 0.677497 0.520833
4 0.501879 0.455512 0.972536 0.499855
2 0.502659 0.462095 0.974097 0.495949
3 0.502659 0.462095 0.974097 0.495949
52 0.501879 0.455512 0.972536 0.499855
7 0.502659 0.462095 0.974097 0.495949
5 0.501879 0.455512 0.972536 0.499855
8 0.502659 0.462095 0.974097 0.495949
1 0.502659 0.462095 0.974097 0.495949
22 0.501879 0.455512 0.972536 0.499855
69 0.502659 0.462095 0.974097 0.495949
66 0.502659 0.462095 0.974097 0.495949
36 0.501879 0.455512 0.972536 0.499855
39 0.501879 0.455512 0.972536 0.499855
34 0.502659 0.462095 0.974097 0.495949
6 0.502659 0.462095 0.974097 0.495949
0 0.502659 0.462095 0.974097 0.495949
35 0.502659 0.462095 0.974097 0.495949
10 0.501879 0.455512 0.972536 0.499855
32 0.502659 0.462095 0.974097 0.495949
31 0.501879 0.455512 0.972536 0.499855
23 0.501879 0.455512 0.972536 0.499855
61 0.502659 0.462095 0.974097 0.495949
28 0.502659 0.462095 0.974097 0.495949
44 0.501879 0.455512 0.972536 0.499855
54 0.502659 0.462095 0.974097 0.495949
56 0.501879 0.455512 0.972536 0.499855
62 0.501879 0.455512 0.972536 0.499855
29 0.502659 0.462095 0.974097 0.495949
30 0.501879 0.455512 0.972536 0.499855
20 0.502659 0.462095 0.974097 0.495949
57 0.502659 0.462095 0.974097 0.495949
45 0.501879 0.455512 0.972536 0.499855
67 0.501879 0.455512 0.972536 0.499855
21 0.501879 0.455512 0.972536 0.499855
65 0.502659 0.462095 0.974097 0.495949
60 0.502659 0.462095 0.974097 0.495949
59 0.501098 0.449725 0.977219 0.510272
58 0.501098 0.449725 0.977219 0.510272
68 0.500708 0.453125 0.978 0.513889
33 0.502659 0.462095 0.974097 0.495949
2 0.365872 0.455946 0.681009 0.516348
4 0.358262 0.469907 0.66657 0.49537
68 0.358262 0.469907 0.66657 0.49537
58 0.358262 0.469907 0.66657 0.49537
52 0.358262 0.469907 0.66657 0.49537
22 0.358262 0.469907 0.66657 0.49537
2 0.501488 0.446759 0.976439 0.510417
4 0.501098 0.453125 0.974097 0.5
3 0.501488 0.446759 0.976439 0.510417
52 0.501488 0.446759 0.976439 0.510417
56 0.501488 0.446759 0.976439 0.510417
0 0.501488 0.446759 0.976439 0.510417
69 0.501488 0.446759 0.976439 0.510417
60 0.501488 0.446759 0.976439 0.510417
10 0.501488 0.446759 0.976439 0.510417
23 0.501488 0.446759 0.976439 0.510417
5 0.501098 0.453125 0.974097 0.5
32 0.501488 0.446759 0.976439 0.510417
58 0.501488 0.446759 0.976439 0.510417
22 0.501098 0.453125 0.974097 0.5
7 0.501098 0.453125 0.974097 0.5
1 0.501488 0.446759 0.976439 0.510417
57 0.501098 0.453125 0.974097 0.5
66 0.501098 0.453125 0.974097 0.5
61 0.501488 0.446759 0.976439 0.510417
67 0.501488 0.446759 0.976439 0.510417
28 0.501098 0.453125 0.974097 0.5
34 0.501098 0.453125 0.974097 0.5
6 0.501098 0.453125 0.974097 0.5
62 0.501488 0.446759 0.976439 0.510417
68 0.501488 0.446759 0.976439 0.510417
44 0.501098 0.453125 0.974097 0.5
35 0.501098 0.453125 0.974097 0.5
39 0.501098 0.453125 0.974097 0.5
31 0.501098 0.453125 0.974097 0.5
8 0.501098 0.453125 0.974097 0.5
36 0.501488 0.446759 0.976439 0.510417
20 0.501098 0.453125 0.974097 0.5
21 0.501098 0.453125 0.974097 0.5
45 0.501098 0.453125 0.974097 0.5
54 0.501098 0.453125 0.974097 0.5
59 0.501879 0.442636 0.970975 0.515191
65 0.501098 0.453125 0.974097 0.5
29 0.501098 0.453125 0.974097 0.5
30 0.501098 0.453125 0.974097 0.5
33 0.501098 0.453125 0.974097 0.5
58 0.359042 0.447917 0.665009 0.502315
60 0.359042 0.447917 0.665009 0.502315
68 0.359042 0.447917 0.665009 0.502315
52 0.359042 0.447917 0.665009 0.502315
2 0.359042 0.447917 0.665009 0.502315
22 0.359042 0.447917 0.665009 0.502315
4 0.359042 0.447917 0.665009 0.502315
0 0.359042 0.447917 0.665009 0.502315
4 0.583834 0.49103 0.772721 0.448495
67 0.359042 0.447917 0.665009 0.502315
56 0.359042 0.447917 0.665009 0.502315
23 0.359042 0.447917 0.665009 0.502315
3 0.359042 0.447917 0.665009 0.502315
57 0.359042 0.447917 0.665009 0.502315
69 0.359042 0.447917 0.665009 0.502315
59 0.359042 0.447917 0.665009 0.502315
2 0.501879 0.443576 0.972536 0.515625
4 0.503049 0.445602 0.967072 0.511574
3 0.503049 0.445602 0.967072 0.511574
52 0.503049 0.445602 0.967072 0.511574
5 0.503049 0.445602 0.967072 0.511574
22 0.503049 0.445602 0.967072 0.511574
1 0.501879 0.443576 0.972536 0.515625
7 0.503049 0.445602 0.967072 0.511574
10 0.501879 0.443576 0.972536 0.515625
28 0.503049 0.445602 0.967072 0.511574
69 0.501879 0.443576 0.972536 0.515625
39 0.503049 0.445602 0.967072 0.511574
56 0.501879 0.443576 0.972536 0.515625
34 0.503049 0.445602 0.967072 0.511574
57 0.503049 0.445602 0.967072 0.511574
32 0.503049 0.445602 0.967072 0.511574
58 0.501879 0.443576 0.972536 0.515625
0 0.503049 0.445602 0.967072 0.511574
8 0.501879 0.443576 0.972536 0.515625
60 0.501879 0.443576 0.972536 0.515625
23 0.501098 0.445095 0.969414 0.510272
61 0.501879 0.443576 0.972536 0.515625
31 0.503049 0.445602 0.967072 0.511574
45 0.503049 0.445602 0.967072 0.511574
68 0.501879 0.443576 0.972536 0.515625
67 0.501879 0.443576 0.972536 0.515625
66 0.503049 0.445602 0.967072 0.511574
62 0.501879 0.443576 0.972536 0.515625
36 0.501879 0.443576 0.972536 0.515625
21 0.503049 0.445602 0.967072 0.511574
35 0.503049 0.445602 0.967072 0.511574
6 0.501879 0.443576 0.972536 0.515625
59 0.501098 0.445095 0.969414 0.510272
20 0.503049 0.445602 0.967072 0.511574
54 0.503049 0.445602 0.967072 0.511574
65 0.497195 0.443359 0.966292 0.520689
30 0.503049 0.445602 0.967072 0.511574
44 0.503049 0.445602 0.967072 0.511574
29 0.503049 0.445602 0.967072 0.511574
33 0.503049 0.445602 0.967072 0.511574
2 0.376994 0.456525 0.700913 0.496672
58 0.376994 0.456525 0.700913 0.496672
52 0.376994 0.456525 0.700913 0.496672
3 0.376994 0.456525 0.700913 0.496672
60 0.376994 0.456525 0.700913 0.496672
22 0.376994 0.456525 0.700913 0.496672
5 0.376994 0.456525 0.700913 0.496672
4 0.608713 0.418403 0.696425 0.585648
4 0.502269 0.440321 0.968633 0.531395
52 0.503049 0.440321 0.970195 0.52908
10 0.503049 0.440321 0.970195 0.52908
2 0.503049 0.440321 0.970195 0.52908
3 0.502269 0.445096 0.971756 0.517216
39 0.502269 0.445096 0.971756 0.517216
28 0.502269 0.440321 0.968633 0.531395
7 0.502269 0.445096 0.971756 0.517216
23 0.503049 0.440321 0.970195 0.52908
44 0.502269 0.445096 0.971756 0.517216
21 0.502269 0.445096 0.971756 0.517216
57 0.502269 0.445096 0.971756 0.517216
34 0.502269 0.440321 0.968633 0.531395
5 0.502269 0.440321 0.968633 0.531395
22 0.502269 0.445096 0.971756 0.517216
0 0.503049 0.440321 0.970195 0.52908
61 0.503049 0.440321 0.970195 0.52908
62 0.502269 0.440321 0.968633 0.531395
35 0.502269 0.445096 0.971756 0.517216
8 0.502269 0.445096 0.971756 0.517216
56 0.50383 0.44647 0.974878 0.516782
36 0.502269 0.445096 0.971756 0.517216
1 0.502269 0.445096 0.971756 0.517216
69 0.503049 0.440321 0.970195 0.52908
58 0.503049 0.440321 0.970195 0.52908
31 0.502269 0.445096 0.971756 0.517216
45 0.502269 0.445096 0.971756 0.517216
60 0.503049 0.440321 0.970195 0.52908
33 0.502269 0.445096 0.971756 0.517216
20 0.502269 0.445096 0.971756 0.517216
32 0.503049 0.440321 0.970195 0.52908
67 0.502269 0.440321 0.968633 0.531395
66 0.502269 0.445096 0.971756 0.517216
54 0.502269 0.445096 0.971756 0.517216
6 0.502269 0.445096 0.971756 0.517216
65 0.501098 0.44213 0.964731 0.523148
68 0.50383 0.44647 0.974878 0.516782
30 0.502269 0.445096 0.971756 0.517216
59 0.502269 0.440321 0.968633 0.531395
29 0.502269 0.445096 0.971756 0.517216
4 0.617006 0.497396 0.729792 0.428819
39 0.617006 0.497396 0.729792 0.428819
21 0.617006 0.497396 0.729792 0.428819
57 0.617006 0.497396 0.729792 0.428819
2 0.352408 0.451968 0.653301 0.528935
7 0.617006 0.497396 0.729792 0.428819
44 0.617006 0.497396 0.729792 0.428819
23 0.617006 0.497396 0.729792 0.428819
31 0.617006 0.497396 0.729792 0.428819
52 0.340114 0.455367 0.625592 0.522135
5 0.352408 0.451968 0.653301 0.528935
22 0.352408 0.451968 0.653301 0.528935
57 0.352408 0.451968 0.653301 0.528935
58 0.340114 0.455367 0.625592 0.522135
10 0.352408 0.451968 0.653301 0.528935
2 0.493683 0.445023 0.982683 0.515046
4 0.496805 0.446832 0.974878 0.513744
52 0.493683 0.445023 0.982683 0.515046
3 0.493683 0.445023 0.982683 0.515046
10 0.493683 0.445023 0.982683 0.515046
5 0.496415 0.443866 0.977219 0.517361
7 0.496415 0.443866 0.977219 0.517361
39 0.496415 0.443866 0.977219 0.517361
57 0.496415 0.443866 0.977219 0.517361
28 0.496415 0.443866 0.977219 0.517361
0 0.493683 0.445023 0.982683 0.515046
34 0.496805 0.446832 0.974878 0.513744
22 0.496415 0.443866 0.977219 0.517361
69 0.493683 0.445023 0.982683 0.515046
60 0.493683 0.445023 0.982683 0.515046
62 0.496805 0.446832 0.974878 0.513744
35 0.496415 0.443866 0.977219 0.517361
66 0.496415 0.443866 0.977219 0.517361
1 0.496415 0.443866 0.977219 0.517361
23 0.493683 0.445023 0.982683 0.515046
6 0.496415 0.443866 0.977219 0.517361
8 0.496415 0.443866 0.977219 0.517361
56 0.493683 0.445023 0.982683 0.515046
36 0.496415 0.443866 0.977219 0.517361
61 0.496415 0.443866 0.977219 0.517361
54 0.496415 0.443866 0.977219 0.517361
32 0.496415 0.443866 0.977219 0.517361
58 0.493683 0.445023 0.982683 0.515046
31 0.496805 0.446832 0.974878 0.513744
44 0.496805 0.446832 0.974878 0.513744
67 0.496805 0.446832 0.974878 0.513744
21 0.496805 0.446832 0.974878 0.513744
45 0.496805 0.446832 0.974878 0.513744
20 0.496415 0.443866 0.977219 0.517361
68 0.494073 0.445023 0.988147 0.515046
33 0.496415 0.443866 0.977219 0.517361
29 0.496415 0.443866 0.977219 0.517361
65 0.496805 0.446832 0.974878 0.513744
30 0.496415 0.443866 0.977219 0.517361
59 0.493683 0.445023 0.982683 0.515046
4 0.500708 0.437789 0.968633 0.534144
2 0.498366 0.442636 0.970195 0.525608
3 0.500708 0.437789 0.968633 0.534144
5 0.501098 0.440394 0.970975 0.528935
39 0.501098 0.440394 0.970975 0.528935
7 0.500708 0.437789 0.968633 0.534144
1 0.501098 0.440394 0.970975 0.528935
0 0.498366 0.442636 0.970195 0.525608
35 0.499537 0.442998 0.966292 0.530671
34 0.501098 0.440394 0.970975 0.528935
8 0.501098 0.440394 0.970975 0.528935
45 0.501098 0.440394 0.970975 0.528935
56 0.498366 0.442636 0.970195 0.525608
30 0.501098 0.440394 0.970975 0.528935
28 0.501098 0.440394 0.970975 0.528935
54 0.501098 0.440394 0.970975 0.528935
66 0.501098 0.440394 0.970975 0.528935
22 0.500708 0.437789 0.968633 0.534144
52 0.498366 0.442636 0.970195 0.525608
6 0.501098 0.440394 0.970975 0.528935
20 0.499537 0.442998 0.966292 0.530671
23 0.500708 0.437789 0.968633 0.534144
65 0.499537 0.442998 0.966292 0.530671
44 0.501098 0.440394 0.970975 0.528935
60 0.498366 0.442636 0.970195 0.525608
31 0.500708 0.437789 0.968633 0.534144
57 0.499537 0.442998 0.966292 0.530671
32 0.501098 0.440394 0.970975 0.528935
29 0.499537 0.442998 0.966292 0.530671
21 0.499537 0.442998 0.966292 0.530671
69 0.498366 0.442636 0.970195 0.525608
36 0.501098 0.440394 0.970975 0.528935
67 0.500708 0.437789 0.968633 0.534144
10 0.498366 0.442636 0.970195 0.525608
61 0.501098 0.440394 0.970975 0.528935
58 0.498366 0.442636 0.970195 0.525608
62 0.500708 0.437789 0.968633 0.534144
68 0.501098 0.440394 0.970975 0.528935
4 0.56354 0.488354 0.827358 0.443432
59 0.500708 0.437789 0.968633 0.534144
33 0.501098 0.440394 0.970975 0.528935
7 0.56354 0.488354 0.827358 0.443432
31 0.56354 0.488354 0.827358 0.443432
4 0.490951 0.367766 0.863262 0.703125
3 0.56354 0.488354 0.827358 0.443432
5 0.366847 0.452546 0.685302 0.520833
2 0.47495 0.442636 0.945218 0.538339
7 0.48861 0.445312 0.977219 0.535301
4 0.48861 0.445312 0.977219 0.535301
8 0.492512 0.438368 0.981902 0.531829
35 0.48861 0.445312 0.977219 0.535301
39 0.495634 0.434606 0.983464 0.539352
3 0.490951 0.43873 0.977219 0.546152
5 0.492512 0.438368 0.981902 0.531829
1 0.48861 0.445312 0.977219 0.535301
57 0.48861 0.445312 0.977219 0.535301
54 0.48861 0.445312 0.977219 0.535301
56 0.490951 0.43873 0.977219 0.546152
6 0.492512 0.438368 0.981902 0.531829
0 0.490951 0.43873 0.977219 0.546152
66 0.495634 0.434606 0.983464 0.539352
34 0.48861 0.445312 0.977219 0.535301
69 0.48861 0.445312 0.977219 0.535301
44 0.48861 0.445312 0.977219 0.535301
28 0.495634 0.434606 0.983464 0.539352
60 0.490951 0.43873 0.977219 0.546152
20 0.48861 0.445312 0.977219 0.535301
45 0.495634 0.434606 0.983464 0.539352
30 0.495634 0.434606 0.983464 0.539352
21 0.48861 0.445312 0.977219 0.535301
36 0.495634 0.434606 0.983464 0.539352
52 0.490951 0.43873 0.977219 0.546152
32 0.495634 0.434606 0.983464 0.539352
61 0.495634 0.434606 0.983464 0.539352
23 0.490951 0.43873 0.977219 0.546152
29 0.48861 0.445312 0.977219 0.535301
10 0.48861 0.445312 0.977219 0.535301
31 0.48861 0.445312 0.977219 0.535301
22 0.490951 0.43873 0.977219 0.546152
67 0.48861 0.445312 0.977219 0.535301
65 0.48861 0.445312 0.977219 0.535301
58 0.47495 0.442636 0.945218 0.538339
33 0.495634 0.434606 0.983464 0.539352
62 0.48861 0.445312 0.977219 0.535301
68 0.48861 0.445312 0.977219 0.535301
59 0.490951 0.43873 0.977219 0.546152
72 0.484707 0.440321 0.966292 0.530237
2 0.495634 0.443576 0.972536 0.526042
7 0.496025 0.44647 0.976439 0.521412
4 0.500318 0.443287 0.97878 0.523148
3 0.499537 0.438368 0.974097 0.534144
57 0.500318 0.443287 0.97878 0.523148
1 0.496025 0.44647 0.976439 0.521412
6 0.496025 0.44647 0.976439 0.521412
56 0.495634 0.443576 0.972536 0.526042
39 0.501098 0.445023 0.980341 0.519676
5 0.501098 0.445023 0.980341 0.519676
35 0.500318 0.443287 0.97878 0.523148
0 0.495634 0.443576 0.972536 0.526042
8 0.500318 0.443287 0.97878 0.523148
66 0.500318 0.443287 0.97878 0.523148
54 0.500318 0.443287 0.97878 0.523148
20 0.500318 0.443287 0.97878 0.523148
60 0.495634 0.443576 0.972536 0.526042
44 0.500318 0.443287 0.97878 0.523148
32 0.501098 0.445023 0.980341 0.519676
45 0.500318 0.443287 0.97878 0.523148
28 0.500318 0.443287 0.97878 0.523148
31 0.500318 0.443287 0.97878 0.523148
21 0.500318 0.443287 0.97878 0.523148
58 0.495634 0.443576 0.972536 0.526042
22 0.499537 0.438368 0.974097 0.534144
34 0.500318 0.443287 0.97878 0.523148
29 0.500318 0.443287 0.97878 0.523148
23 0.499537 0.438368 0.974097 0.534144
69 0.499537 0.438368 0.974097 0.534144
65 0.500318 0.443287 0.97878 0.523148
30 0.500318 0.443287 0.97878 0.523148
67 0.495634 0.443576 0.972536 0.526042
36 0.496025 0.44647 0.976439 0.521412
10 0.496025 0.44647 0.976439 0.521412
52 0.499537 0.438368 0.974097 0.534144
61 0.501098 0.445023 0.980341 0.519676
62 0.499537 0.438368 0.974097 0.534144
2 0.360603 0.457465 0.682961 0.512153
33 0.501098 0.445023 0.980341 0.519676
68 0.495634 0.443576 0.972536 0.526042
59 0.495634 0.443576 0.972536 0.526042
0 0.360603 0.457465 0.682961 0.512153
5 0.360603 0.457465 0.682961 0.512153
4 0.360603 0.457465 0.682961 0.512153
56 0.360603 0.457465 0.682961 0.512153
2 0.497976 0.445529 0.964731 0.507089
7 0.497195 0.443576 0.972536 0.510995
1 0.497195 0.443576 0.972536 0.510995
3 0.497976 0.445529 0.964731 0.507089
6 0.501098 0.441262 0.969414 0.516782
8 0.499537 0.442998 0.969414 0.512153
39 0.501098 0.441262 0.969414 0.516782
35 0.499537 0.442998 0.969414 0.512153
5 0.501098 0.441262 0.969414 0.516782
4 0.499537 0.442998 0.969414 0.512153
56 0.497976 0.445529 0.964731 0.507089
66 0.499537 0.442998 0.969414 0.512153
54 0.499537 0.442998 0.969414 0.512153
57 0.499537 0.442998 0.969414 0.512153
0 0.497976 0.445529 0.964731 0.507089
28 0.499537 0.442998 0.969414 0.512153
20 0.499537 0.442998 0.969414 0.512153
60 0.497195 0.443576 0.972536 0.510995
44 0.499537 0.442998 0.969414 0.512153
36 0.50422 0.444155 0.977219 0.514468
45 0.499537 0.442998 0.969414 0.512153
30 0.50422 0.444155 0.977219 0.514468
32 0.501098 0.441262 0.969414 0.516782
69 0.497195 0.443576 0.972536 0.510995
21 0.499537 0.442998 0.969414 0.512153
31 0.499537 0.442998 0.969414 0.512153
34 0.499537 0.442998 0.969414 0.512153
61 0.499537 0.442998 0.969414 0.512153
22 0.500318 0.441045 0.966292 0.517216
10 0.497195 0.443576 0.972536 0.510995
33 0.501098 0.441262 0.969414 0.516782
58 0.497976 0.445529 0.964731 0.507089
67 0.499537 0.442998 0.969414 0.512153
62 0.500318 0.441045 0.966292 0.517216
29 0.499537 0.442998 0.969414 0.512153
23 0.500318 0.441045 0.966292 0.517216
52 0.500318 0.441045 0.966292 0.517216
65 0.499537 0.442998 0.969414 0.512153
2 0.35631 0.449942 0.671253 0.509838
2 0.567443 0.492477 0.807065 0.425926
68 0.497976 0.445529 0.964731 0.507089
5 0.35631 0.449942 0.671253 0.509838
39 0.567443 0.492477 0.807065 0.425926
59 0.500318 0.441045 0.966292 0.517216
7 0.567443 0.492477 0.807065 0.425926
4 0.567443 0.492477 0.807065 0.425926
2 0.495244 0.441045 0.976439 0.525318
7 0.500708 0.439815 0.981122 0.520833
39 0.500318 0.441262 0.97878 0.524884
8 0.500708 0.439815 0.981122 0.520833
6 0.500708 0.439815 0.981122 0.520833
35 0.500708 0.439815 0.981122 0.520833
5 0.495244 0.441045 0.976439 0.525318
3 0.495244 0.441045 0.976439 0.525318
56 0.495244 0.441045 0.976439 0.525318
57 0.500318 0.441262 0.97878 0.524884
0 0.495244 0.441045 0.976439 0.525318
28 0.500318 0.441262 0.97878 0.524884
66 0.500708 0.439815 0.981122 0.520833
1 0.495244 0.441045 0.976439 0.525318
60 0.495244 0.441045 0.976439 0.525318
69 0.500318 0.441262 0.97878 0.524884
54 0.500708 0.439815 0.981122 0.520833
30 0.500708 0.439815 0.981122 0.520833
36 0.500318 0.441262 0.97878 0.524884
4 0.500318 0.441262 0.97878 0.524884
22 0.500318 0.441262 0.97878 0.524884
32 0.495244 0.441045 0.976439 0.525318
44 0.500318 0.441262 0.97878 0.524884
61 0.500708 0.439815 0.981122 0.520833
31 0.500318 0.441262 0.97878 0.524884
10 0.500318 0.441262 0.97878 0.524884
58 0.495244 0.441045 0.976439 0.525318
23 0.500318 0.441262 0.97878 0.524884
33 0.500708 0.439815 0.981122 0.520833
20 0.500318 0.441262 0.97878 0.524884
21 0.499537 0.441045 0.974097 0.518374
34 0.500318 0.441262 0.97878 0.524884
45 0.500708 0.439815 0.981122 0.520833
67 0.500318 0.441262 0.97878 0.524884
62 0.500318 0.441262 0.97878 0.524884
52 0.500318 0.441262 0.97878 0.524884
29 0.499537 0.441045 0.974097 0.518374
68 0.495244 0.441045 0.976439 0.525318
65 0.499537 0.441045 0.974097 0.518374
5 0.368994 0.458912 0.698181 0.493056
7 0.495634 0.445312 0.980341 0.519097
6 0.499147 0.444155 0.981122 0.520255
39 0.499147 0.444155 0.981122 0.520255
8 0.499147 0.444155 0.981122 0.520255
2 0.494464 0.445674 0.976439 0.516059
35 0.499147 0.444155 0.981122 0.520255
3 0.494464 0.445674 0.976439 0.516059
54 0.494073 0.44647 0.977219 0.522569
30 0.499147 0.444155 0.981122 0.520255
57 0.494464 0.445674 0.976439 0.516059
4 0.500318 0.444372 0.97878 0.519821
5 0.495634 0.445312 0.980341 0.519097
1 0.495634 0.445312 0.980341 0.519097
66 0.499147 0.444155 0.981122 0.520255
31 0.500318 0.444372 0.97878 0.519821
0 0.495634 0.445312 0.980341 0.519097
69 0.494464 0.445674 0.976439 0.516059
22 0.500318 0.444372 0.97878 0.519821
56 0.494464 0.445674 0.976439 0.516059
23 0.500318 0.444372 0.97878 0.519821
60 0.494464 0.445674 0.976439 0.516059
58 0.494464 0.445674 0.976439 0.516059
28 0.499147 0.444155 0.981122 0.520255
20 0.498366 0.445602 0.976439 0.523148
32 0.500318 0.444372 0.97878 0.519821
67 0.494464 0.445674 0.976439 0.516059
36 0.502659 0.445891 0.980341 0.519097
52 0.500318 0.444372 0.97878 0.519821
44 0.500318 0.444372 0.97878 0.519821
21 0.498366 0.445602 0.976439 0.523148
34 0.500318 0.444372 0.97878 0.519821
29 0.494073 0.44647 0.977219 0.522569
61 0.499147 0.444155 0.981122 0.520255
45 0.500318 0.444372 0.97878 0.519821
68 0.500318 0.444372 0.97878 0.519821
10 0.494464 0.445674 0.976439 0.516059
59 0.500318 0.444372 0.97878 0.519821
33 0.502659 0.445891 0.980341 0.519097
62 0.500318 0.444372 0.97878 0.519821
65 0.498366 0.445602 0.976439 0.523148
7 0.500318 0.444155 0.975658 0.515625
39 0.500318 0.441623 0.972536 0.524161
8 0.500318 0.444155 0.975658 0.515625
6 0.500318 0.444155 0.975658 0.515625
2 0.497195 0.447266 0.972536 0.514034
35 0.501098 0.446253 0.977219 0.507957
66 0.500318 0.444155 0.975658 0.515625
30 0.500318 0.444155 0.975658 0.515625
60 0.497195 0.443576 0.970975 0.51794
20 0.498756 0.446108 0.972536 0.514034
1 0.497195 0.447266 0.972536 0.514034
69 0.497195 0.443576 0.970975 0.51794
5 0.490171 0.443866 0.96317 0.521991
57 0.497195 0.447266 0.972536 0.514034
3 0.497195 0.443576 0.970975 0.51794
56 0.497195 0.443576 0.970975 0.51794
4 0.497195 0.447266 0.972536 0.514034
31 0.500318 0.441623 0.972536 0.524161
54 0.497195 0.447266 0.972536 0.514034
0 0.497195 0.443576 0.970975 0.51794
23 0.500318 0.441623 0.972536 0.524161
22 0.500318 0.441623 0.972536 0.524161
28 0.497195 0.443576 0.970975 0.51794
58 0.497195 0.443576 0.970975 0.51794
36 0.500318 0.441623 0.972536 0.524161
21 0.498756 0.446108 0.972536 0.514034
62 0.500318 0.441623 0.972536 0.524161
33 0.500318 0.441623 0.972536 0.524161
67 0.497195 0.443576 0.970975 0.51794
32 0.500318 0.441623 0.972536 0.524161
44 0.500318 0.441623 0.972536 0.524161
10 0.497195 0.443576 0.970975 0.51794
34 0.497195 0.447266 0.972536 0.514034
61 0.500318 0.444155 0.975658 0.515625
45 0.497195 0.447266 0.972536 0.514034
7 0.596713 0.506944 0.737598 0.388889
52 0.497195 0.443576 0.970975 0.51794
29 0.497195 0.447266 0.972536 0.514034
59 0.500318 0.441623 0.972536 0.524161
39 0.596713 0.506944 0.737598 0.388889
68 0.500318 0.441623 0.972536 0.524161
35 0.596713 0.506944 0.737598 0.388889
7 0.499537 0.431713 0.977219 0.541667
6 0.499537 0.430556 0.980341 0.539352
8 0.499537 0.430556 0.980341 0.539352
35 0.499537 0.431713 0.977219 0.541667
39 0.499537 0.430556 0.980341 0.539352
30 0.499537 0.430556 0.980341 0.539352
20 0.499537 0.431713 0.977219 0.541667
66 0.499537 0.431713 0.977219 0.541667
54 0.499537 0.431713 0.977219 0.541667
60 0.494854 0.435836 0.97878 0.534578
2 0.494854 0.435836 0.97878 0.534578
36 0.499537 0.430556 0.980341 0.539352
31 0.499537 0.431713 0.977219 0.541667
57 0.499537 0.431713 0.977219 0.541667
1 0.494854 0.435836 0.97878 0.534578
0 0.494854 0.434896 0.980341 0.532986
33 0.499537 0.430556 0.980341 0.539352
67 0.499537 0.431713 0.977219 0.541667
28 0.492903 0.435113 0.971756 0.531395
61 0.499537 0.430556 0.980341 0.539352
5 0.492903 0.435113 0.971756 0.531395
69 0.492903 0.435113 0.971756 0.531395
32 0.500318 0.430483 0.975658 0.538339
21 0.499537 0.431713 0.977219 0.541667
29 0.499537 0.431713 0.977219 0.541667
3 0.492903 0.435113 0.971756 0.531395
56 0.492903 0.435113 0.971756 0.531395
23 0.500318 0.430483 0.975658 0.538339
4 0.499537 0.431713 0.977219 0.541667
58 0.492903 0.435113 0.971756 0.531395
44 0.499537 0.431713 0.977219 0.541667
34 0.499537 0.431713 0.977219 0.541667
10 0.492903 0.435113 0.971756 0.531395
62 0.499537 0.431713 0.977219 0.541667
45 0.499537 0.431713 0.977219 0.541667
22 0.492903 0.435113 0.971756 0.531395
43 0.494854 0.434896 0.980341 0.532986
68 0.500318 0.430483 0.975658 0.538339
59 0.500318 0.430483 0.975658 0.538339
41 0.494854 0.434896 0.980341 0.532986
7 0.501098 0.44741 0.974097 0.512587
6 0.501488 0.44647 0.976439 0.509838
8 0.501488 0.44647 0.976439 0.509838
39 0.502269 0.444951 0.971756 0.512876
35 0.50383 0.447338 0.978 0.505787
2 0.499927 0.447049 0.974878 0.51331
20 0.501098 0.44741 0.974097 0.512587
60 0.499927 0.447049 0.974878 0.51331
57 0.501098 0.44741 0.974097 0.512587
30 0.50383 0.447338 0.978 0.505787
66 0.50383 0.447338 0.978 0.505787
36 0.50383 0.447338 0.978 0.505787
33 0.502269 0.444951 0.971756 0.512876
5 0.498757 0.444951 0.970975 0.512876
0 0.499927 0.447049 0.974878 0.51331
1 0.499927 0.447049 0.974878 0.51331
31 0.50383 0.447338 0.978 0.505787
28 0.502269 0.444951 0.971756 0.512876
54 0.501098 0.44741 0.974097 0.512587
56 0.498757 0.444951 0.970975 0.512876
21 0.501098 0.44741 0.974097 0.512587
3 0.502269 0.444951 0.971756 0.512876
69 0.502269 0.444951 0.971756 0.512876
23 0.502269 0.444951 0.971756 0.512876
34 0.501098 0.44741 0.974097 0.512587
32 0.502269 0.444951 0.971756 0.512876
4 0.501098 0.44741 0.974097 0.512587
67 0.501098 0.44741 0.974097 0.512587
45 0.501098 0.44741 0.974097 0.512587
29 0.501098 0.44741 0.974097 0.512587
10 0.502269 0.444951 0.971756 0.512876
62 0.498757 0.444951 0.970975 0.512876
22 0.502269 0.444951 0.971756 0.512876
61 0.502269 0.444951 0.971756 0.512876
44 0.502269 0.444951 0.971756 0.512876
58 0.502269 0.444951 0.971756 0.512876
41 0.501488 0.44647 0.976439 0.509838
68 0.502269 0.444951 0.971756 0.512876
43 0.501488 0.44647 0.976439 0.509838
6 0.501879 0.445312 0.97878 0.516782
7 0.499537 0.446759 0.980341 0.516204
8 0.501879 0.445312 0.97878 0.516782
35 0.501879 0.445312 0.97878 0.516782
39 0.498756 0.442708 0.975658 0.524306
2 0.498756 0.442708 0.975658 0.524306
20 0.501098 0.446181 0.974097 0.517361
5 0.498756 0.442708 0.975658 0.524306
57 0.498756 0.442708 0.975658 0.524306
60 0.499537 0.446759 0.980341 0.516204
0 0.498756 0.442708 0.975658 0.524306
1 0.499537 0.446759 0.980341 0.516204
30 0.501879 0.445312 0.97878 0.516782
33 0.501879 0.441551 0.974097 0.524306
66 0.501879 0.445312 0.97878 0.516782
56 0.498756 0.442708 0.975658 0.524306
54 0.501879 0.445312 0.97878 0.516782
69 0.498756 0.442708 0.975658 0.524306
36 0.501879 0.441551 0.974097 0.524306
31 0.505781 0.439815 0.975658 0.516204
3 0.498756 0.442708 0.975658 0.524306
28 0.498756 0.442708 0.975658 0.524306
21 0.501098 0.446181 0.974097 0.517361
62 0.498756 0.442708 0.975658 0.524306
41 0.501879 0.445312 0.97878 0.516782
4 0.498757 0.447049 0.977219 0.519097
32 0.501879 0.441551 0.974097 0.524306
23 0.501879 0.441551 0.974097 0.524306
61 0.501879 0.441551 0.974097 0.524306
34 0.498757 0.447049 0.977219 0.519097
67 0.498756 0.442708 0.975658 0.524306
58 0.498756 0.442708 0.975658 0.524306
7 0.501098 0.444951 0.977219 0.504774
8 0.501098 0.444951 0.977219 0.504774
6 0.501098 0.444951 0.977219 0.504774
39 0.501098 0.443576 0.977219 0.509838
35 0.501098 0.444951 0.977219 0.504774
2 0.495244 0.445312 0.973317 0.505208
20 0.500318 0.447627 0.972536 0.502894
57 0.495244 0.445312 0.973317 0.505208
5 0.495244 0.445312 0.973317 0.505208
60 0.494073 0.447049 0.972536 0.506366
0 0.495244 0.445312 0.973317 0.505208
30 0.501098 0.444951 0.977219 0.504774
66 0.500318 0.447627 0.972536 0.502894
1 0.495244 0.445312 0.973317 0.505208
54 0.500318 0.447627 0.972536 0.502894
31 0.501098 0.443576 0.977219 0.509838
56 0.495244 0.445312 0.973317 0.505208
3 0.501098 0.443576 0.977219 0.509838
69 0.495244 0.445312 0.973317 0.505208
36 0.501098 0.443576 0.977219 0.509838
33 0.501098 0.443576 0.977219 0.509838
28 0.495244 0.445312 0.973317 0.505208
4 0.500318 0.447627 0.972536 0.502894
32 0.501098 0.443576 0.977219 0.509838
43 0.501098 0.444951 0.977219 0.504774
22 0.50422 0.442419 0.977219 0.509838
34 0.500318 0.447627 0.972536 0.502894
67 0.494073 0.447049 0.972536 0.506366
23 0.501098 0.443576 0.977219 0.509838
21 0.500318 0.447627 0.972536 0.502894
58 0.501098 0.443576 0.977219 0.509838
62 0.495244 0.445312 0.973317 0.505208
7 0.501488 0.445602 0.981122 0.512731
8 0.496415 0.44553 0.977219 0.510561
6 0.496415 0.44553 0.977219 0.510561
39 0.501879 0.444951 0.97878 0.518663
35 0.501488 0.445602 0.981122 0.512731
30 0.501879 0.444951 0.97878 0.518663
20 0.501879 0.444951 0.97878 0.518663
2 0.494854 0.445312 0.974097 0.516782
60 0.501879 0.444951 0.97878 0.518663
66 0.501488 0.443866 0.979561 0.512731
57 0.501488 0.443866 0.979561 0.512731
0 0.494854 0.445312 0.974097 0.516782
33 0.501879 0.444951 0.97878 0.518663
54 0.501488 0.443866 0.979561 0.512731
5 0.494854 0.445312 0.974097 0.516782
31 0.501879 0.444951 0.97878 0.518663
36 0.501879 0.444951 0.97878 0.518663
1 0.494854 0.445312 0.974097 0.516782
69 0.494854 0.445312 0.974097 0.516782
21 0.501488 0.443866 0.979561 0.512731
56 0.494854 0.445312 0.974097 0.516782
32 0.501879 0.444951 0.97878 0.518663
28 0.494854 0.445312 0.974097 0.516782
62 0.494854 0.445312 0.974097 0.516782
61 0.494854 0.445312 0.974097 0.516782
23 0.501879 0.444951 0.97878 0.518663
67 0.501879 0.444951 0.97878 0.518663
34 0.501488 0.443866 0.979561 0.512731
29 0.501488 0.443866 0.979561 0.512731
43 0.501488 0.445602 0.981122 0.512731
7 0.63369 0.435692 0.677692 0.541811
4 0.501488 0.443866 0.979561 0.512731
8 0.328602 0.45081 0.605689 0.518519
3 0.501879 0.444951 0.97878 0.518663
58 0.494854 0.445312 0.974097 0.516782
8 0.490268 0.357639 0.797503 0.715278
7 0.490268 0.357639 0.797503 0.715278
22 0.505781 0.442781 0.977219 0.521846
7 0.502659 0.441551 0.983464 0.505787
6 0.499537 0.441623 0.983464 0.505642
8 0.499537 0.441623 0.983464 0.505642
39 0.502269 0.443215 0.981122 0.501302
35 0.501879 0.440394 0.980341 0.505787
60 0.497976 0.440104 0.980341 0.506366
2 0.498366 0.444444 0.979561 0.498843
20 0.499537 0.441623 0.983464 0.505642
57 0.501879 0.440394 0.980341 0.505787
0 0.497976 0.440104 0.980341 0.506366
5 0.498366 0.444444 0.979561 0.498843
33 0.502269 0.443215 0.981122 0.501302
22 0.505781 0.447049 0.981902 0.492477
23 0.502269 0.443215 0.981122 0.501302
1 0.498366 0.444444 0.979561 0.498843
31 0.505781 0.444372 0.983464 0.49783
32 0.505781 0.447049 0.981902 0.492477
30 0.498366 0.444444 0.979561 0.498843
69 0.498366 0.444444 0.979561 0.498843
66 0.501879 0.440394 0.980341 0.505787
62 0.498366 0.444444 0.979561 0.498843
43 0.502659 0.441551 0.983464 0.505787
3 0.501879 0.440394 0.980341 0.505787
54 0.501879 0.440394 0.980341 0.505787
67 0.501879 0.440394 0.980341 0.505787
28 0.498366 0.444444 0.979561 0.498843
4 0.501879 0.440394 0.980341 0.505787
36 0.501879 0.440394 0.980341 0.505787
48 0.502659 0.441551 0.983464 0.505787
6 0.498366 0.441262 0.970195 0.524884
7 0.498366 0.441262 0.970195 0.524884
8 0.500318 0.440104 0.972536 0.529514
39 0.497195 0.438079 0.969414 0.519676
2 0.498366 0.441262 0.970195 0.524884
35 0.500318 0.440104 0.972536 0.529514
60 0.498366 0.441262 0.970195 0.524884
20 0.498366 0.441262 0.970195 0.524884
57 0.498366 0.441262 0.970195 0.524884
69 0.496415 0.4409 0.96317 0.525608
54 0.498366 0.441262 0.970195 0.524884
0 0.498366 0.441262 0.970195 0.524884
1 0.498366 0.441262 0.970195 0.524884
30 0.500318 0.440104 0.972536 0.529514
5 0.492903 0.4375 0.96395 0.520833
66 0.498366 0.441262 0.970195 0.524884
33 0.501098 0.436994 0.967853 0.536892
31 0.498366 0.441262 0.970195 0.524884
67 0.498366 0.441262 0.970195 0.524884
36 0.500318 0.440104 0.972536 0.529514
56 0.496415 0.4409 0.96317 0.525608
23 0.501098 0.436994 0.967853 0.536892
32 0.498366 0.441262 0.970195 0.524884
22 0.496415 0.4409 0.96317 0.525608
3 0.498366 0.441262 0.970195 0.524884
62 0.498366 0.441262 0.970195 0.524884
28 0.496415 0.4409 0.96317 0.525608
4 0.498366 0.441262 0.970195 0.524884
43 0.500708 0.435258 0.971756 0.526476
58 0.496415 0.4409 0.96317 0.525608
61 0.498366 0.441262 0.970195 0.524884
29 0.498366 0.441262 0.970195 0.524884
7 0.495634 0.438657 0.985025 0.525463
6 0.498757 0.438006 0.985025 0.52908
8 0.499537 0.434317 0.986586 0.532986
39 0.499537 0.433521 0.983464 0.535735
35 0.498757 0.438006 0.985025 0.52908
2 0.494854 0.442708 0.983464 0.521991
60 0.498757 0.438006 0.985025 0.52908
20 0.498757 0.438006 0.985025 0.52908
30 0.502659 0.429688 0.983464 0.541088
57 0.498757 0.438006 0.985025 0.52908
66 0.498757 0.438006 0.985025 0.52908
0 0.494854 0.442708 0.983464 0.521991
5 0.494464 0.438368 0.981122 0.524884
36 0.498757 0.438006 0.985025 0.52908
54 0.498757 0.438006 0.985025 0.52908
31 0.498757 0.438006 0.985025 0.52908
33 0.499537 0.433521 0.983464 0.535735
43 0.499537 0.434317 0.986586 0.532986
1 0.495634 0.438657 0.985025 0.525463
69 0.494854 0.442708 0.983464 0.521991
32 0.499537 0.433521 0.983464 0.535735
67 0.498757 0.438006 0.985025 0.52908
6 0.495634 0.440466 0.977219 0.519531
7 0.500708 0.439308 0.981122 0.520689
8 0.500708 0.439308 0.981122 0.520689
35 0.500708 0.439308 0.981122 0.520689
39 0.500708 0.4375 0.978 0.532407
60 0.495634 0.440466 0.977219 0.519531
2 0.495634 0.440466 0.977219 0.519531
30 0.500708 0.439308 0.981122 0.520689
20 0.495634 0.440466 0.977219 0.519531
33 0.500708 0.4375 0.978 0.532407
57 0.500708 0.439308 0.981122 0.520689
0 0.495634 0.440466 0.977219 0.519531
66 0.500708 0.439308 0.981122 0.520689
32 0.495634 0.440466 0.977219 0.519531
36 0.500708 0.439308 0.981122 0.520689
43 0.500318 0.436632 0.981903 0.527199
69 0.495634 0.440466 0.977219 0.519531
67 0.495634 0.440466 0.977219 0.519531
54 0.495634 0.440466 0.977219 0.519531
1 0.495634 0.440466 0.977219 0.519531
5 0.494464 0.439742 0.973317 0.525608
31 0.500708 0.439308 0.981122 0.520689
53 0.500318 0.436632 0.981903 0.527199
7 0.500318 0.442057 0.97878 0.525608
6 0.496415 0.442708 0.977219 0.518519
8 0.496415 0.442708 0.977219 0.518519
39 0.495634 0.443576 0.972536 0.522569
35 0.500708 0.443576 0.978 0.51794
60 0.494854 0.443866 0.974097 0.519676
2 0.495634 0.443576 0.972536 0.522569
57 0.500708 0.443576 0.978 0.51794
20 0.500708 0.443576 0.978 0.51794
0 0.494854 0.443866 0.974097 0.519676
43 0.500318 0.440972 0.980341 0.519676
33 0.495634 0.443576 0.972536 0.522569
32 0.50422 0.443359 0.974097 0.516059
66 0.500708 0.443576 0.978 0.51794
69 0.495634 0.443576 0.972536 0.522569
30 0.500708 0.443576 0.978 0.51794
48 0.500318 0.440972 0.980341 0.519676
31 0.50422 0.443359 0.974097 0.516059
6 0.502269 0.443576 0.979561 0.520255
7 0.502269 0.443576 0.979561 0.520255
8 0.502269 0.443576 0.979561 0.520255
39 0.50344 0.443576 0.975658 0.523727
2 0.497976 0.441551 0.980341 0.52662
35 0.50344 0.445095 0.97878 0.518374
60 0.497976 0.441551 0.980341 0.52662
20 0.50344 0.443576 0.975658 0.523727
0 0.497976 0.441551 0.980341 0.52662
69 0.497976 0.441551 0.980341 0.52662
57 0.502269 0.443576 0.979561 0.520255
66 0.502269 0.443576 0.979561 0.520255
1 0.497976 0.441551 0.980341 0.52662
33 0.50344 0.443576 0.975658 0.523727
54 0.502269 0.443576 0.979561 0.520255
30 0.50344 0.445095 0.97878 0.518374
5 0.497976 0.441551 0.980341 0.52662
32 0.502269 0.443576 0.979561 0.520255
36 0.502269 0.443576 0.979561 0.520255
31 0.502269 0.443576 0.979561 0.520255
43 0.502659 0.441479 0.980341 0.526765
56 0.497976 0.441551 0.980341 0.52662
7 0.501879 0.434606 0.975658 0.524306
6 0.501098 0.435258 0.977219 0.525318
39 0.500708 0.431713 0.974878 0.540509
8 0.501098 0.435258 0.977219 0.525318
35 0.501098 0.435258 0.977219 0.525318
2 0.501098 0.435258 0.977219 0.525318
60 0.495634 0.436053 0.975658 0.526042
20 0.501098 0.435258 0.977219 0.525318
32 0.500708 0.431713 0.974878 0.540509
33 0.500708 0.431713 0.974878 0.540509
57 0.501098 0.435258 0.977219 0.525318
0 0.501098 0.435258 0.977219 0.525318
69 0.496415 0.435475 0.972536 0.532986
7 0.656033 0.418909 0.625202 0.569589
66 0.501098 0.435258 0.977219 0.525318
5 0.496415 0.435475 0.972536 0.532986
22 0.500708 0.431713 0.974878 0.540509
54 0.501098 0.435258 0.977219 0.525318
1 0.501098 0.435258 0.977219 0.525318
30 0.501098 0.435258 0.977219 0.525318
43 0.501488 0.432292 0.976439 0.530093
36 0.501098 0.435258 0.977219 0.525318
7 0.494854 0.4375 0.980341 0.523148
6 0.494073 0.437211 0.981902 0.51794
8 0.494073 0.437211 0.981902 0.51794
39 0.494854 0.4375 0.980341 0.523148
35 0.50344 0.429688 0.97878 0.539931
2 0.494073 0.437211 0.981902 0.51794
60 0.494073 0.437211 0.981902 0.51794
20 0.494073 0.437211 0.981902 0.51794
57 0.494073 0.437211 0.981902 0.51794
7 0.515928 0.353588 0.872629 0.707176
54 0.494073 0.437211 0.981902 0.51794
0 0.494073 0.437211 0.981902 0.51794
43 0.499927 0.434606 0.985805 0.528935
31 0.50383 0.427662 0.978 0.538194
32 0.494073 0.437211 0.981902 0.51794
33 0.499537 0.430049 0.980341 0.540365
6 0.499537 0.435475 0.974097 0.530671
7 0.500318 0.431424 0.975658 0.538773
8 0.500318 0.431424 0.975658 0.538773
39 0.499537 0.425058 0.974097 0.557292
35 0.500318 0.431424 0.975658 0.538773
2 0.499537 0.435475 0.974097 0.530671
60 0.499537 0.435475 0.974097 0.530671
20 0.500318 0.431424 0.975658 0.538773
57 0.500318 0.431424 0.975658 0.538773
0 0.499537 0.435475 0.974097 0.530671
54 0.500318 0.431424 0.975658 0.538773
36 0.500318 0.431424 0.975658 0.538773
66 0.500318 0.431424 0.975658 0.538773
69 0.497976 0.434317 0.967853 0.541088
33 0.499537 0.425058 0.974097 0.557292
30 0.500318 0.431424 0.975658 0.538773
5 0.497976 0.434317 0.967853 0.541088
32 0.499537 0.425058 0.974097 0.557292
31 0.499537 0.425058 0.974097 0.557292
1 0.499537 0.435475 0.974097 0.530671
6 0.497976 0.439525 0.983464 0.526042
7 0.499147 0.437211 0.981122 0.529514
8 0.497976 0.439525 0.983464 0.526042
39 0.499147 0.437211 0.981122 0.529514
35 0.497976 0.440972 0.980341 0.517361
2 0.494854 0.442636 0.980341 0.515191
60 0.494854 0.442636 0.980341 0.515191
20 0.497976 0.440972 0.980341 0.517361
0 0.494854 0.442636 0.980341 0.515191
57 0.494854 0.442636 0.980341 0.515191
36 0.497976 0.440972 0.980341 0.517361
54 0.497976 0.440972 0.980341 0.517361
66 0.497976 0.440972 0.980341 0.517361
32 0.499147 0.437211 0.981122 0.529514
5 0.495244 0.439742 0.976439 0.525608
31 0.499147 0.437211 0.981122 0.529514
1 0.497976 0.440972 0.980341 0.517361
7 0.498756 0.438151 0.972536 0.513744
6 0.498756 0.439815 0.975658 0.510417
8 0.498756 0.439815 0.975658 0.510417
39 0.498756 0.438151 0.972536 0.513744
2 0.494073 0.440972 0.972536 0.506944
35 0.498756 0.439815 0.975658 0.510417
60 0.494073 0.440972 0.972536 0.506944
20 0.498756 0.439815 0.975658 0.510417
32 0.498756 0.438151 0.972536 0.513744
0 0.494073 0.440972 0.972536 0.506944
43 0.497976 0.439236 0.974097 0.513889
57 0.494073 0.440972 0.972536 0.506944
48 0.498756 0.438151 0.972536 0.513744
4 0.494073 0.440972 0.972536 0.506944
69 0.493293 0.441262 0.969414 0.506366
7 0.52227 0.389468 0.795942 0.636574
7 0.497586 0.441479 0.981122 0.516348
6 0.497195 0.442636 0.980341 0.508246
8 0.497586 0.441479 0.981122 0.516348
39 0.497586 0.441479 0.981122 0.516348
35 0.497195 0.442636 0.980341 0.508246
2 0.490951 0.444444 0.977219 0.508102
60 0.490951 0.444444 0.977219 0.508102
20 0.497195 0.442636 0.980341 0.508246
0 0.490951 0.444444 0.977219 0.508102
57 0.490951 0.444444 0.977219 0.508102
66 0.497195 0.442636 0.980341 0.508246
32 0.497195 0.442636 0.980341 0.508246
36 0.497195 0.442636 0.980341 0.508246
69 0.490951 0.444444 0.977219 0.508102
30 0.497195 0.442636 0.980341 0.508246
54 0.497195 0.442636 0.980341 0.508246
5 0.491732 0.444951 0.977219 0.510561
43 0.497195 0.442636 0.981902 0.510561
7 0.499927 0.436415 0.973317 0.524161
6 0.498757 0.44213 0.974097 0.510417
8 0.498757 0.44213 0.974097 0.510417
39 0.499927 0.436415 0.973317 0.524161
35 0.498757 0.44213 0.974097 0.510417
2 0.498757 0.44213 0.974097 0.510417
60 0.498757 0.44213 0.974097 0.510417
20 0.498757 0.44213 0.974097 0.510417
0 0.498757 0.44213 0.974097 0.510417
57 0.498757 0.44213 0.974097 0.510417
54 0.498757 0.44213 0.974097 0.510417
32 0.499927 0.436415 0.973317 0.524161
66 0.498757 0.44213 0.974097 0.510417
6 0.538661 0.394965 0.794381 0.615162
6 0.501098 0.433449 0.980341 0.521991
7 0.500318 0.431424 0.97878 0.530671
8 0.501879 0.431785 0.981903 0.527633
35 0.501098 0.433449 0.980341 0.521991
39 0.500318 0.435185 0.97878 0.519676
2 0.500318 0.437428 0.980341 0.516348
20 0.501098 0.433449 0.980341 0.521991
60 0.500318 0.437428 0.980341 0.516348
57 0.500318 0.437428 0.980341 0.516348
0 0.500318 0.437428 0.980341 0.516348
54 0.500318 0.431424 0.97878 0.530671
6 0.498366 0.439742 0.973317 0.515191
7 0.501098 0.439815 0.975658 0.524306
39 0.501098 0.439815 0.975658 0.524306
8 0.501879 0.43873 0.975658 0.516059
35 0.501879 0.43873 0.975658 0.516059
2 0.498366 0.439742 0.973317 0.515191
60 0.498366 0.439742 0.973317 0.515191
20 0.494854 0.441623 0.970975 0.520689
32 0.50422 0.439236 0.969414 0.521991
0 0.498366 0.439742 0.973317 0.515191
7 0.499147 0.435692 0.976439 0.52908
6 0.496025 0.4375 0.971756 0.516204
8 0.499147 0.435692 0.976439 0.52908
39 0.499147 0.435692 0.976439 0.52908
2 0.499147 0.435692 0.976439 0.52908
35 0.500318 0.434896 0.975658 0.519097
60 0.496025 0.4375 0.971756 0.516204
20 0.499147 0.435692 0.976439 0.52908
57 0.496025 0.4375 0.971756 0.516204
32 0.50383 0.434679 0.970195 0.527633
0 0.496025 0.4375 0.971756 0.516204
1 0.499147 0.435692 0.976439 0.52908
7 0.498756 0.43287 0.975658 0.534722
6 0.500318 0.435185 0.975658 0.52662
8 0.498756 0.43287 0.975658 0.534722
35 0.499537 0.436632 0.974097 0.51794
2 0.496415 0.438657 0.970975 0.515046
39 0.498756 0.43287 0.975658 0.534722
20 0.499537 0.436632 0.974097 0.51794
60 0.496415 0.438657 0.970975 0.515046
0 0.496415 0.438657 0.970975 0.515046
36 0.499537 0.436632 0.974097 0.51794
57 0.496415 0.438657 0.970975 0.515046
7 0.501488 0.431134 0.974878 0.550926
6 0.498756 0.436632 0.972536 0.531829
39 0.501488 0.431134 0.974878 0.550926
8 0.502269 0.43316 0.974878 0.535301
2 0.498756 0.436632 0.972536 0.531829
35 0.498756 0.436632 0.972536 0.531829
60 0.498756 0.436632 0.972536 0.531829
32 0.501488 0.431134 0.974878 0.550926
57 0.498756 0.436632 0.972536 0.531829
0 0.498756 0.436632 0.972536 0.531829
20 0.501488 0.431134 0.974878 0.550926
7 0.503049 0.431424 0.970195 0.529514
6 0.503049 0.431424 0.970195 0.529514
39 0.500318 0.431424 0.975658 0.529514
35 0.498757 0.44213 0.974097 0.509259
8 0.50383 0.432364 0.971756 0.527633
2 0.498757 0.44213 0.974097 0.509259
60 0.500318 0.431424 0.975658 0.529514
20 0.500318 0.431424 0.975658 0.529514
66 0.500318 0.431424 0.975658 0.529514
0 0.498757 0.44213 0.974097 0.509259
32 0.503049 0.431424 0.970195 0.529514
30 0.50383 0.432364 0.971756 0.527633
6 0.497195 0.436343 0.975658 0.53125
7 0.497195 0.435185 0.972536 0.533565
8 0.497976 0.436921 0.974097 0.527778
39 0.497195 0.435185 0.972536 0.533565
2 0.495634 0.439887 0.972536 0.524161
35 0.495634 0.439887 0.972536 0.524161
1 0.492903 0.4375 0.968633 0.528935
5 0.492903 0.4375 0.968633 0.528935
0 0.497976 0.436921 0.974097 0.527778
7 0.498757 0.439887 0.980341 0.519531
6 0.496025 0.442202 0.978 0.509115
8 0.499537 0.441262 0.980341 0.508681
39 0.498757 0.439887 0.980341 0.519531
35 0.496025 0.442202 0.978 0.509115
2 0.496025 0.442202 0.978 0.509115
20 0.505781 0.443866 0.970975 0.503472
32 0.505001 0.437428 0.969414 0.518663
60 0.496025 0.442202 0.978 0.509115
0 0.496025 0.442202 0.978 0.509115
1 0.505781 0.443866 0.970975 0.503472
7 0.501098 0.436053 0.985025 0.532986
6 0.501098 0.436053 0.985025 0.532986
39 0.50422 0.436849 0.977219 0.52908
2 0.501098 0.436053 0.985025 0.532986
35 0.501098 0.439815 0.983464 0.524306
8 0.501098 0.436053 0.985025 0.532986
32 0.50422 0.436849 0.977219 0.52908
60 0.501098 0.436053 0.985025 0.532986
6 0.501098 0.438151 0.983464 0.518374
7 0.50422 0.436921 0.977219 0.517361
39 0.500318 0.437572 0.981903 0.520689
8 0.501098 0.438151 0.983464 0.518374
35 0.50422 0.436849 0.977219 0.518663
2 0.501098 0.438151 0.983464 0.518374
60 0.500318 0.437572 0.981903 0.520689
32 0.50422 0.436849 0.977219 0.518663
6 0.497195 0.439887 0.974097 0.521846
7 0.498756 0.436053 0.97878 0.530671
8 0.498756 0.436053 0.97878 0.530671
35 0.502269 0.435185 0.971756 0.528935
39 0.498756 0.436053 0.97878 0.530671
2 0.497195 0.439887 0.974097 0.521846
20 0.502269 0.435185 0.971756 0.528935
60 0.497195 0.439887 0.974097 0.521846
0 0.502269 0.435185 0.971756 0.528935
36 0.502269 0.435185 0.971756 0.528935
7 0.498756 0.436994 0.969414 0.52879
6 0.497586 0.440972 0.965511 0.516204
2 0.497586 0.440972 0.965511 0.516204
39 0.498756 0.436994 0.969414 0.52879
35 0.497586 0.440972 0.965511 0.516204
8 0.498756 0.436994 0.969414 0.52879
32 0.503049 0.434896 0.962389 0.529514
0 0.499537 0.439236 0.970975 0.517361
36 0.502659 0.439742 0.964731 0.516348
1 0.494854 0.440104 0.96317 0.522569
4 0.502659 0.439742 0.964731 0.516348
60 0.497586 0.440972 0.965511 0.516204
20 0.498756 0.436994 0.969414 0.52879
6 0.496415 0.439887 0.974097 0.519531
7 0.500318 0.435836 0.975658 0.525318
2 0.500318 0.435836 0.975658 0.525318
39 0.500318 0.435836 0.975658 0.525318
35 0.496415 0.439887 0.974097 0.519531
8 0.500318 0.435836 0.975658 0.525318
32 0.503049 0.435113 0.970195 0.523293
60 0.496415 0.439887 0.974097 0.519531
0 0.500318 0.439887 0.97878 0.519531
36 0.50344 0.444155 0.972536 0.512153
20 0.496415 0.439887 0.974097 0.519531
1 0.494073 0.436849 0.969414 0.52445
6 0.494854 0.43627 0.977219 0.515191
7 0.496805 0.433955 0.976439 0.518663
39 0.496805 0.433955 0.976439 0.518663
8 0.496805 0.433955 0.976439 0.518663
2 0.494854 0.43627 0.977219 0.515191
35 0.494854 0.43627 0.977219 0.515191
20 0.492512 0.435185 0.972536 0.517361
0 0.494854 0.43627 0.977219 0.515191
32 0.496805 0.433955 0.976439 0.518663
31 0.496805 0.433955 0.976439 0.518663
1 0.492512 0.435185 0.972536 0.517361
60 0.494854 0.43627 0.977219 0.515191
6 0.497195 0.441262 0.966292 0.515625
7 0.497976 0.440466 0.967853 0.520689
8 0.495244 0.442202 0.96395 0.519531
39 0.497976 0.440466 0.967853 0.520689
2 0.497195 0.441262 0.966292 0.515625
35 0.495244 0.442202 0.96395 0.519531
20 0.495244 0.442202 0.96395 0.519531
0 0.497195 0.441262 0.966292 0.515625
32 0.497976 0.440466 0.967853 0.520689
7 0.501488 0.443866 0.979561 0.506944
6 0.501098 0.44213 0.974097 0.516204
39 0.501488 0.443866 0.979561 0.506944
2 0.501098 0.44213 0.974097 0.516204
8 0.501488 0.443866 0.979561 0.506944
35 0.501098 0.44213 0.974097 0.516204
32 0.50422 0.450521 0.974097 0.487847
0 0.501098 0.44213 0.974097 0.516204
6 0.502659 0.441551 0.970975 0.515046
7 0.50344 0.436921 0.972536 0.525463
2 0.502659 0.441551 0.970975 0.515046
39 0.502659 0.438657 0.972536 0.527778
8 0.502659 0.441551 0.970975 0.515046
35 0.502659 0.441551 0.970975 0.515046
32 0.50344 0.436921 0.972536 0.525463
0 0.502659 0.441551 0.970975 0.515046
60 0.502659 0.441551 0.970975 0.515046
36 0.505001 0.439236 0.972536 0.519676
1 0.505001 0.439236 0.972536 0.519676
6 0.501879 0.436632 0.969414 0.520255
7 0.505001 0.430483 0.972536 0.534867
8 0.501879 0.436632 0.969414 0.520255
35 0.505781 0.43287 0.970975 0.532407
2 0.505781 0.43287 0.970975 0.532407
39 0.496415 0.434896 0.967853 0.527199
20 0.505781 0.43287 0.970975 0.532407
0 0.505781 0.43287 0.970975 0.532407
36 0.505781 0.43287 0.970975 0.532407
7 0.501879 0.434028 0.97878 0.530093
6 0.501879 0.434028 0.97878 0.530093
39 0.501879 0.434028 0.97878 0.530093
2 0.501879 0.434028 0.97878 0.530093
32 0.50422 0.432943 0.970975 0.527633
35 0.502659 0.438368 0.974097 0.516782
8 0.502659 0.438368 0.974097 0.516782
60 0.502659 0.438368 0.974097 0.516782
4 0.505001 0.4375 0.969414 0.520833
6 0.501879 0.443866 0.972536 0.515046
7 0.50422 0.439815 0.970975 0.525463
39 0.502659 0.4409 0.977219 0.52908
2 0.501879 0.443866 0.972536 0.515046
8 0.501879 0.443866 0.972536 0.515046
35 0.501879 0.443866 0.972536 0.515046
32 0.50422 0.439815 0.970975 0.525463
60 0.501879 0.443866 0.972536 0.515046
6 0.499147 0.442708 0.973317 0.515046
7 0.499537 0.437572 0.977219 0.527633
35 0.500318 0.440394 0.97878 0.519676
2 0.499537 0.437572 0.977219 0.527633
39 0.499537 0.437572 0.977219 0.527633
8 0.499147 0.442708 0.973317 0.515046
0 0.500318 0.440394 0.97878 0.519676
60 0.499147 0.442708 0.973317 0.515046
32 0.502659 0.436921 0.967853 0.52662
36 0.50383 0.440394 0.968633 0.519676
6 0.498756 0.441551 0.972536 0.512731
7 0.499537 0.436343 0.974097 0.527778
2 0.499537 0.436343 0.974097 0.527778
39 0.499537 0.436343 0.974097 0.527778
8 0.499537 0.436343 0.974097 0.527778
35 0.498756 0.441551 0.972536 0.512731
32 0.503049 0.433738 0.968634 0.526042
0 0.498756 0.441551 0.972536 0.512731
6 0.496025 0.442419 0.974878 0.515625
7 0.499537 0.437572 0.977219 0.523003
39 0.499537 0.437572 0.977219 0.523003
8 0.496025 0.442419 0.974878 0.515625
2 0.499537 0.437572 0.977219 0.523003
35 0.500318 0.439815 0.975658 0.521991
32 0.499537 0.437572 0.977219 0.523003
0 0.500318 0.439815 0.975658 0.521991
6 0.497195 0.44213 0.981902 0.517361
7 0.498756 0.436994 0.97878 0.529948
39 0.498756 0.436994 0.97878 0.529948
8 0.497195 0.442419 0.981902 0.51794
2 0.498756 0.436994 0.97878 0.529948
32 0.500318 0.436053 0.975658 0.530671
35 0.497195 0.442419 0.981902 0.51794
6 0.495634 0.438079 0.981902 0.519676
7 0.497195 0.434028 0.980341 0.528935
39 0.497195 0.434028 0.980341 0.528935
2 0.497195 0.434028 0.980341 0.528935
35 0.495634 0.438079 0.981902 0.519676
8 0.497195 0.434028 0.980341 0.528935
32 0.500318 0.433449 0.974097 0.52662
36 0.500708 0.437789 0.974878 0.520255
0 0.497195 0.436849 0.981902 0.522135
6 0.495634 0.440394 0.981902 0.515046
7 0.498757 0.438368 0.981903 0.526042
39 0.498757 0.438368 0.981903 0.526042
2 0.498757 0.438368 0.981903 0.526042
8 0.498757 0.438368 0.981903 0.526042
35 0.495634 0.440394 0.981902 0.515046
32 0.498757 0.438368 0.981903 0.526042
0 0.502659 0.438368 0.97878 0.519097
36 0.502659 0.438368 0.97878 0.519097
6 0.496805 0.439525 0.979561 0.519097
7 0.506171 0.437572 0.971756 0.518374
39 0.506171 0.437572 0.971756 0.518374
8 0.500318 0.438657 0.981903 0.523148
2 0.500318 0.438657 0.981903 0.523148
32 0.506171 0.437572 0.971756 0.518374
35 0.497195 0.441045 0.981902 0.519531
0 0.497195 0.441045 0.981902 0.519531
20 0.500318 0.438657 0.981903 0.523148
6 0.500708 0.437789 0.976439 0.522569
7 0.50344 0.433449 0.97878 0.53125
39 0.50344 0.433449 0.97878 0.53125
8 0.500708 0.437789 0.976439 0.522569
32 0.50461 0.431062 0.973317 0.534867
35 0.500708 0.437789 0.976439 0.522569
2 0.500318 0.440394 0.977219 0.517361
6 0.499537 0.438657 0.974097 0.516204
7 0.499537 0.434534 0.980341 0.526765
39 0.499537 0.434534 0.980341 0.526765
8 0.499537 0.434534 0.980341 0.526765
32 0.502659 0.433521 0.974097 0.521846
2 0.499537 0.439887 0.975658 0.512587
35 0.496415 0.435475 0.974097 0.521412
4 0.50344 0.438079 0.974097 0.513889
6 0.494854 0.438079 0.972536 0.513889
7 0.497586 0.4341 0.978 0.526476
39 0.497586 0.4341 0.978 0.526476
8 0.497586 0.4341 0.978 0.526476
32 0.497586 0.4341 0.978 0.526476
2 0.497586 0.4341 0.978 0.526476
35 0.494854 0.4375 0.974097 0.513889
6 0.492512 0.438368 0.977219 0.516782
7 0.496415 0.431785 0.983464 0.53805
8 0.496415 0.431785 0.983464 0.53805
2 0.492512 0.438368 0.977219 0.516782
39 0.496415 0.431785 0.983464 0.53805
35 0.492512 0.438368 0.977219 0.516782
0 0.492512 0.438368 0.977219 0.516782
36 0.502659 0.433377 0.974097 0.526765
32 0.501488 0.432581 0.974878 0.531829
6 0.501879 0.432292 0.977219 0.52662
7 0.48978 0.434896 0.968633 0.523727
35 0.501879 0.432292 0.977219 0.52662
2 0.497976 0.433738 0.983464 0.526042
39 0.48978 0.434896 0.968633 0.523727
36 0.50344 0.432581 0.975658 0.527199
8 0.501879 0.432292 0.977219 0.52662
32 0.501879 0.432292 0.977219 0.52662
33 0.501879 0.432292 0.977219 0.52662
6 0.496415 0.434317 0.972536 0.522569
7 0.498757 0.429904 0.977219 0.538339
39 0.498757 0.429904 0.977219 0.538339
2 0.496415 0.434317 0.972536 0.522569
8 0.498757 0.429904 0.977219 0.538339
32 0.502659 0.429398 0.970975 0.53125
35 0.502659 0.429398 0.970975 0.53125
6 0.495244 0.436415 0.976439 0.523003
7 0.497586 0.434534 0.981122 0.534867
8 0.497586 0.434534 0.981122 0.534867
2 0.495634 0.438368 0.975658 0.521412
32 0.501098 0.432292 0.974097 0.530093
35 0.495634 0.438368 0.975658 0.521412
0 0.495634 0.438368 0.975658 0.521412
36 0.502659 0.436632 0.974097 0.524884
39 0.497586 0.434534 0.981122 0.534867
6 0.497976 0.439815 0.967853 0.517361
7 0.499537 0.436343 0.977219 0.530093
2 0.497976 0.439815 0.967853 0.517361
35 0.503049 0.437789 0.967072 0.519097
39 0.499537 0.436343 0.977219 0.530093
8 0.499537 0.436343 0.977219 0.530093
32 0.503049 0.437789 0.967072 0.519097
36 0.503049 0.437789 0.967072 0.519097
0 0.497976 0.439815 0.967853 0.517361
6 0.495634 0.438657 0.974097 0.516204
7 0.495634 0.437789 0.975658 0.519097
2 0.495634 0.438657 0.974097 0.516204
35 0.501879 0.434028 0.972536 0.525463
8 0.497976 0.433955 0.980341 0.532552
0 0.502659 0.435764 0.970975 0.519676
36 0.502659 0.435764 0.970975 0.519676
39 0.492512 0.437789 0.972536 0.521412
32 0.502659 0.435764 0.970975 0.519676
6 0.501879 0.433738 0.972536 0.529514
7 0.499537 0.43287 0.980341 0.534722
2 0.499537 0.43287 0.980341 0.534722
35 0.50383 0.435113 0.970195 0.525608
39 0.499537 0.43287 0.980341 0.534722
8 0.499537 0.43287 0.980341 0.534722
32 0.50383 0.435113 0.970195 0.525608
36 0.50383 0.435113 0.970195 0.525608
0 0.50383 0.435113 0.970195 0.525608
6 0.495244 0.438947 0.976439 0.514468
7 0.497976 0.43287 0.980341 0.530093
35 0.500708 0.434896 0.974878 0.523727
2 0.499537 0.436994 0.980341 0.519531
8 0.497976 0.43287 0.980341 0.530093
36 0.502269 0.436921 0.973317 0.520833
32 0.502269 0.436921 0.973317 0.520833
33 0.500708 0.434896 0.974878 0.523727
39 0.497976 0.43287 0.980341 0.530093
0 0.502269 0.436921 0.973317 0.520833
6 0.497976 0.439308 0.970975 0.514902
7 0.499927 0.43873 0.978 0.518374
2 0.497976 0.439308 0.970975 0.514902
35 0.50383 0.4375 0.968633 0.516204
36 0.50383 0.4375 0.968633 0.516204
8 0.499927 0.43873 0.978 0.518374
32 0.50383 0.4375 0.968633 0.516204
33 0.501879 0.4375 0.969414 0.512731
0 0.497976 0.439308 0.970975 0.514902
6 0.496415 0.4375 0.972536 0.513889
7 0.497976 0.435692 0.975658 0.518663
2 0.496415 0.4375 0.972536 0.513889
8 0.497976 0.435692 0.975658 0.518663
39 0.497976 0.435692 0.975658 0.518663
35 0.497976 0.435692 0.975658 0.518663
32 0.498756 0.436053 0.972536 0.516782
0 0.498756 0.436053 0.972536 0.516782
36 0.498756 0.436053 0.972536 0.516782
6 0.497976 0.438947 0.974097 0.51331
7 0.499537 0.436415 0.977219 0.521846
2 0.497976 0.438947 0.974097 0.51331
35 0.502269 0.438079 0.970195 0.515046
8 0.499537 0.436415 0.977219 0.521846
36 0.502269 0.438079 0.970195 0.515046
0 0.497976 0.438947 0.974097 0.51331
69 0.497976 0.438947 0.974097 0.51331
32 0.502269 0.438079 0.970195 0.515046
39 0.499537 0.436415 0.977219 0.521846
6 0.493683 0.439815 0.967072 0.513889
7 0.499147 0.439742 0.973317 0.518663
2 0.497976 0.440972 0.969414 0.509259
35 0.499537 0.439525 0.969414 0.514468
8 0.494073 0.441623 0.966292 0.514902
36 0.501879 0.438947 0.967853 0.514468
32 0.499537 0.439525 0.969414 0.514468
39 0.499147 0.439742 0.973317 0.518663
0 0.497976 0.440972 0.969414 0.509259
33 0.499537 0.439525 0.969414 0.514468
6 0.497195 0.439815 0.975658 0.513889
7 0.499537 0.436849 0.980341 0.525608
2 0.499537 0.436849 0.980341 0.525608
32 0.501879 0.438368 0.972536 0.519097
39 0.499537 0.436849 0.980341 0.525608
35 0.501879 0.438368 0.972536 0.519097
8 0.499537 0.436849 0.980341 0.525608
36 0.501879 0.438368 0.972536 0.519097
0 0.497195 0.439815 0.975658 0.513889
6 0.498756 0.440466 0.972536 0.512587
7 0.499927 0.438151 0.976439 0.521846
2 0.498756 0.440466 0.972536 0.512587
39 0.499927 0.438151 0.976439 0.521846
32 0.501879 0.438947 0.967853 0.51331
36 0.501879 0.438947 0.967853 0.51331
8 0.499927 0.438151 0.976439 0.521846
0 0.498756 0.440466 0.972536 0.512587
35 0.498756 0.440466 0.972536 0.512587
6 0.496415 0.439236 0.970975 0.515046
7 0.499147 0.436994 0.974878 0.525318
2 0.499147 0.436994 0.974878 0.525318
39 0.499147 0.436994 0.974878 0.525318
32 0.501098 0.436921 0.967853 0.517361
8 0.499147 0.436994 0.974878 0.525318
35 0.494073 0.438079 0.967853 0.521991
36 0.501098 0.436921 0.967853 0.517361
0 0.501098 0.436921 0.967853 0.517361
6 0.499537 0.442419 0.977219 0.51794
7 0.500318 0.436994 0.97878 0.524161
2 0.500318 0.436994 0.97878 0.524161
8 0.500318 0.436994 0.97878 0.524161
39 0.500318 0.436994 0.97878 0.524161
35 0.500318 0.436994 0.97878 0.524161
32 0.502659 0.439815 0.972536 0.520833
36 0.502659 0.439815 0.972536 0.520833
0 0.502659 0.439815 0.972536 0.520833
6 0.501879 0.440683 0.969414 0.51331
7 0.501879 0.439525 0.975658 0.523727
8 0.501879 0.439525 0.975658 0.523727
2 0.501879 0.439525 0.975658 0.523727
35 0.503049 0.439815 0.973317 0.516204
32 0.503049 0.439815 0.973317 0.516204
36 0.503049 0.439815 0.973317 0.516204
0 0.503049 0.439815 0.973317 0.516204
39 0.501879 0.439525 0.975658 0.523727
6 0.490951 0.4375 0.972536 0.518519
7 0.497976 0.436921 0.981902 0.525463
2 0.497976 0.436921 0.981902 0.525463
39 0.497976 0.436921 0.981902 0.525463
32 0.496805 0.439236 0.982683 0.515046
8 0.491732 0.437428 0.977219 0.52445
35 0.496805 0.439236 0.982683 0.515046
6 0.497976 0.438006 0.974097 0.517506
7 0.498756 0.436343 0.975658 0.527778
2 0.498756 0.436343 0.975658 0.527778
39 0.498756 0.436343 0.975658 0.527778
35 0.501098 0.436632 0.970975 0.522569
32 0.501098 0.436632 0.970975 0.522569
8 0.498756 0.436343 0.975658 0.527778
36 0.501098 0.436632 0.970975 0.522569
6 0.495634 0.438947 0.977219 0.51331
7 0.498756 0.438368 0.975658 0.516782
2 0.497976 0.4375 0.980341 0.521991
39 0.497976 0.4375 0.980341 0.521991
32 0.499537 0.438368 0.974097 0.516782
35 0.499537 0.438368 0.974097 0.516782
8 0.497976 0.4375 0.980341 0.521991
69 0.497976 0.4375 0.980341 0.521991
6 0.496415 0.438368 0.975658 0.516782
7 0.498756 0.436343 0.97878 0.523148
2 0.498756 0.436343 0.97878 0.523148
35 0.499537 0.436921 0.977219 0.521991
39 0.497976 0.435185 0.980341 0.530093
32 0.499537 0.436921 0.977219 0.521991
8 0.497976 0.435185 0.980341 0.530093
36 0.499537 0.436921 0.977219 0.521991
69 0.492903 0.435764 0.973317 0.527778
0 0.499537 0.436921 0.977219 0.521991
33 0.498756 0.436343 0.97878 0.523148
6 0.496415 0.440972 0.980341 0.509259
7 0.498757 0.437572 0.985025 0.525318
2 0.498757 0.437572 0.985025 0.525318
35 0.501098 0.439525 0.97878 0.514468
39 0.498757 0.437572 0.985025 0.525318
32 0.501098 0.439525 0.97878 0.514468
8 0.498757 0.437572 0.985025 0.525318
69 0.493293 0.438585 0.977219 0.522135
36 0.501098 0.439525 0.97878 0.514468
33 0.499537 0.439525 0.980341 0.516782
6 0.490171 0.435764 0.967853 0.518519
7 0.497976 0.436343 0.986586 0.523148
2 0.497976 0.436343 0.986586 0.523148
35 0.501879 0.4375 0.97878 0.513889
32 0.499927 0.4375 0.982683 0.517361
36 0.501879 0.4375 0.97878 0.513889
69 0.490561 0.436921 0.970195 0.515046
33 0.499927 0.4375 0.982683 0.517361
39 0.497976 0.436343 0.986586 0.523148
8 0.492512 0.436343 0.97878 0.520833
6 0.496415 0.439236 0.983464 0.515046
7 0.499537 0.435836 0.986586 0.527633
2 0.499537 0.435836 0.986586 0.527633
32 0.50461 0.439525 0.976439 0.516782
8 0.499537 0.435836 0.986586 0.527633
39 0.499537 0.435836 0.986586 0.527633
35 0.499537 0.435836 0.986586 0.527633
69 0.494073 0.436343 0.980341 0.525463
6 0.501098 0.435185 0.981902 0.520833
7 0.499537 0.433449 0.980341 0.528935
2 0.503049 0.434534 0.978 0.520978
35 0.503049 0.434534 0.978 0.520978
8 0.492512 0.434028 0.970975 0.525463
36 0.505001 0.435185 0.972536 0.520833
0 0.503049 0.434534 0.978 0.520978
69 0.492512 0.434028 0.970975 0.525463
32 0.503049 0.434534 0.978 0.520978
6 0.491342 0.435764 0.970195 0.520833
7 0.501879 0.436053 0.97878 0.520255
2 0.498757 0.435258 0.981903 0.527633
35 0.491732 0.435692 0.972536 0.52445
8 0.491732 0.435692 0.972536 0.52445
39 0.498757 0.435258 0.981903 0.527633
32 0.50422 0.437789 0.974097 0.51794
36 0.50422 0.437789 0.974097 0.51794
20 0.491732 0.435692 0.972536 0.52445
69 0.491732 0.435692 0.972536 0.52445
0 0.490951 0.438079 0.970975 0.518519
6 0.498756 0.439525 0.97878 0.514468
7 0.499927 0.435475 0.981122 0.520255
2 0.499927 0.435475 0.981122 0.520255
35 0.494464 0.435836 0.974878 0.518374
39 0.499927 0.435475 0.981122 0.520255
8 0.499927 0.435475 0.981122 0.520255
32 0.50344 0.439164 0.974097 0.512876
36 0.50344 0.439164 0.974097 0.512876
0 0.494464 0.435836 0.974878 0.518374
69 0.494464 0.435836 0.974878 0.518374
6 0.497195 0.440104 0.97878 0.516782
7 0.499537 0.436415 0.983464 0.526476
2 0.499537 0.436415 0.983464 0.526476
35 0.493683 0.437211 0.976439 0.523727
8 0.499537 0.436415 0.983464 0.526476
32 0.50422 0.438947 0.974097 0.51794
36 0.50422 0.438947 0.974097 0.51794
39 0.499537 0.436415 0.983464 0.526476
69 0.499537 0.436415 0.983464 0.526476
6 0.491732 0.437428 0.969414 0.523293
7 0.498757 0.435475 0.981903 0.526042
2 0.498757 0.435475 0.981903 0.526042
35 0.492122 0.435836 0.974878 0.524161
8 0.492122 0.435836 0.974878 0.524161
39 0.498757 0.435475 0.981903 0.526042
36 0.500708 0.439236 0.974878 0.518519
69 0.492122 0.435836 0.974878 0.524161
33 0.498756 0.438079 0.97878 0.519676
32 0.500708 0.439236 0.974878 0.518519
20 0.492122 0.435836 0.974878 0.524161
0 0.498757 0.435475 0.981903 0.526042
6 0.496415 0.438657 0.977219 0.518519
35 0.499147 0.436415 0.981122 0.520689
7 0.499537 0.434679 0.980341 0.527633
2 0.496415 0.438657 0.977219 0.518519
8 0.499537 0.434679 0.980341 0.527633
36 0.500708 0.438585 0.978 0.520978
69 0.493293 0.435185 0.974097 0.524306
33 0.499147 0.436415 0.981122 0.520689
32 0.500708 0.438585 0.978 0.520978
20 0.493293 0.435185 0.974097 0.524306
0 0.500708 0.438585 0.978 0.520978
6 0.496415 0.439164 0.980341 0.515191
7 0.498757 0.435836 0.981903 0.525318
2 0.500318 0.439236 0.977219 0.516204
35 0.500318 0.439236 0.977219 0.516204
8 0.498757 0.435836 0.981903 0.525318
36 0.500318 0.439236 0.977219 0.516204
32 0.500318 0.439236 0.977219 0.516204
69 0.492512 0.43627 0.975658 0.522135
39 0.498757 0.435836 0.981903 0.525318
0 0.500318 0.439236 0.977219 0.516204
6 0.497976 0.440683 0.977219 0.514468
7 0.501098 0.4375 0.981902 0.523148
35 0.500318 0.440466 0.980341 0.514902
2 0.497976 0.440683 0.977219 0.514468
8 0.501098 0.4375 0.981902 0.523148
36 0.500318 0.440466 0.980341 0.514902
69 0.494464 0.438151 0.974878 0.521846
32 0.493293 0.438585 0.966292 0.519821
33 0.494464 0.438151 0.974878 0.521846
39 0.501098 0.4375 0.981902 0.523148
0 0.497976 0.440683 0.977219 0.514468
6 0.496805 0.441262 0.978 0.514468
35 0.500318 0.44184 0.975658 0.516782
2 0.499537 0.440394 0.981902 0.517361
7 0.493293 0.438368 0.970975 0.520255
36 0.500318 0.44184 0.975658 0.516782
69 0.493293 0.438585 0.974097 0.523293
32 0.500318 0.44184 0.975658 0.516782
33 0.493293 0.438368 0.970975 0.520255
8 0.498366 0.438079 0.979561 0.525463
6 0.496415 0.440394 0.980341 0.513889
7 0.498366 0.438079 0.981122 0.523148
2 0.496415 0.440394 0.980341 0.513889
35 0.500318 0.441623 0.975658 0.513744
36 0.500318 0.441623 0.975658 0.513744
8 0.498366 0.438079 0.981122 0.523148
32 0.500318 0.441623 0.975658 0.513744
69 0.493683 0.438151 0.976439 0.520689
0 0.496415 0.440394 0.980341 0.513889
6 0.497195 0.440321 0.980341 0.511719
7 0.494073 0.436994 0.977219 0.517216
35 0.494073 0.436994 0.977219 0.517216
2 0.499537 0.436994 0.980341 0.518374
36 0.498757 0.443576 0.977219 0.506366
33 0.494073 0.436994 0.977219 0.517216
32 0.498757 0.443576 0.977219 0.506366
69 0.494073 0.436994 0.977219 0.517216
8 0.499537 0.436994 0.980341 0.518374
39 0.494073 0.436994 0.977219 0.517216
6 0.496415 0.439815 0.983464 0.518519
35 0.498757 0.440683 0.981903 0.519097
7 0.498757 0.440683 0.981903 0.519097
2 0.499147 0.435475 0.982683 0.524884
36 0.498757 0.440683 0.981903 0.519097
8 0.499147 0.435475 0.982683 0.524884
32 0.498757 0.440683 0.981903 0.519097
69 0.492903 0.435475 0.978 0.523727
33 0.497976 0.438151 0.983464 0.518374
6 0.496805 0.439525 0.981122 0.51794
7 0.499537 0.434606 0.981902 0.528935
2 0.499537 0.434606 0.981902 0.528935
35 0.499537 0.439742 0.980341 0.518663
36 0.499537 0.439742 0.980341 0.518663
8 0.499537 0.434606 0.981902 0.528935
32 0.499537 0.439742 0.980341 0.518663
69 0.494073 0.435113 0.977219 0.526765
33 0.494073 0.435113 0.977219 0.526765
39 0.499537 0.434606 0.981902 0.528935
6 0.497976 0.438006 0.977219 0.517506
35 0.501098 0.437572 0.977219 0.520689
7 0.493683 0.434028 0.973317 0.52662
2 0.501098 0.437211 0.980341 0.519097
36 0.501098 0.437572 0.977219 0.520689
69 0.493683 0.434028 0.973317 0.52662
8 0.501098 0.437572 0.977219 0.520689
32 0.501098 0.437572 0.977219 0.520689
33 0.493683 0.434028 0.973317 0.52662
6 0.498757 0.439164 0.977219 0.512876
35 0.501879 0.441551 0.974097 0.511574
2 0.498757 0.439164 0.977219 0.512876
7 0.499927 0.437211 0.979561 0.520255
36 0.501879 0.441551 0.974097 0.511574
8 0.499927 0.437211 0.979561 0.520255
33 0.499927 0.437211 0.979561 0.520255
32 0.501879 0.441551 0.974097 0.511574
69 0.499927 0.437211 0.979561 0.520255
0 0.498757 0.439164 0.977219 0.512876
6 0.497195 0.440104 0.977219 0.51331
7 0.499537 0.436994 0.980341 0.524161
35 0.500318 0.441479 0.97878 0.512876
2 0.499537 0.436994 0.980341 0.524161
36 0.500318 0.441479 0.97878 0.512876
69 0.499537 0.436994 0.980341 0.524161
32 0.500318 0.441479 0.97878 0.512876
8 0.499537 0.436994 0.980341 0.524161
33 0.493293 0.437211 0.967853 0.520255
6 0.497586 0.439236 0.978 0.512731
7 0.499537 0.436849 0.980341 0.52445
2 0.497586 0.439236 0.978 0.512731
35 0.493293 0.4375 0.967853 0.520833
8 0.499537 0.436849 0.980341 0.52445
69 0.499537 0.436849 0.980341 0.52445
36 0.499537 0.438079 0.97878 0.515046
32 0.499537 0.438079 0.97878 0.515046
6 0.497586 0.438368 0.978 0.51331
7 0.500318 0.4341 0.980341 0.525318
2 0.501098 0.437211 0.975658 0.516782
35 0.496415 0.436632 0.977219 0.516782
8 0.500318 0.4341 0.980341 0.525318
69 0.500318 0.4341 0.980341 0.525318
32 0.501098 0.437211 0.975658 0.516782
36 0.501098 0.437211 0.975658 0.516782
33 0.493683 0.435258 0.968634 0.520689
6 0.497586 0.439236 0.979561 0.517361
35 0.497195 0.4375 0.97878 0.520833
7 0.499537 0.43627 0.980341 0.527922
2 0.501879 0.438657 0.977219 0.518519
36 0.501879 0.438657 0.977219 0.518519
69 0.499537 0.43627 0.980341 0.527922
33 0.492512 0.436415 0.969414 0.525318
32 0.501879 0.438657 0.977219 0.518519
8 0.497586 0.439236 0.979561 0.517361
6 0.497976 0.439164 0.97878 0.515191
35 0.501879 0.438947 0.975658 0.515625
7 0.499537 0.436053 0.980341 0.526042
2 0.501879 0.438947 0.975658 0.515625
8 0.499537 0.436053 0.980341 0.526042
36 0.501879 0.438947 0.975658 0.515625
69 0.499537 0.436053 0.980341 0.526042
33 0.492903 0.435764 0.968633 0.521991
6 0.499147 0.439742 0.978 0.514034
7 0.501879 0.439887 0.975658 0.511429
35 0.501879 0.439887 0.975658 0.511429
2 0.501879 0.439887 0.975658 0.511429
8 0.500318 0.436849 0.980341 0.522135
36 0.501879 0.439887 0.975658 0.511429
69 0.500318 0.436849 0.980341 0.522135
32 0.501879 0.439887 0.975658 0.511429
6 0.497195 0.439308 0.981902 0.514902
35 0.501488 0.439525 0.979561 0.514468
7 0.499537 0.436053 0.983464 0.526042
2 0.501488 0.439525 0.979561 0.514468
8 0.499537 0.436053 0.983464 0.526042
36 0.501488 0.439525 0.979561 0.514468
69 0.499537 0.436053 0.983464 0.526042
32 0.501488 0.439525 0.979561 0.514468
33 0.492512 0.436343 0.969414 0.520833
6 0.497195 0.439742 0.981902 0.514034
7 0.499927 0.435764 0.984244 0.523148
35 0.494854 0.435692 0.977219 0.522135
2 0.499927 0.435764 0.984244 0.523148
36 0.502659 0.439815 0.97878 0.512731
8 0.499927 0.435764 0.984244 0.523148
32 0.502659 0.439815 0.97878 0.512731
69 0.499927 0.435764 0.984244 0.523148
6 0.497195 0.439815 0.980341 0.513889
7 0.499537 0.435764 0.983464 0.523148
35 0.493683 0.435764 0.976439 0.521991
2 0.499537 0.435764 0.983464 0.523148
36 0.500318 0.440104 0.981903 0.51331
32 0.500318 0.440104 0.981903 0.51331
8 0.499537 0.435764 0.983464 0.523148
69 0.499537 0.435764 0.983464 0.523148
33 0.498757 0.438657 0.981903 0.515046
6 0.496805 0.438079 0.981122 0.518519
7 0.499537 0.436632 0.983464 0.521412
35 0.501488 0.437428 0.982683 0.518663
2 0.501488 0.437428 0.982683 0.518663
36 0.501488 0.437428 0.982683 0.518663
8 0.501488 0.437428 0.982683 0.518663
32 0.501488 0.437428 0.982683 0.518663
69 0.494073 0.434679 0.977219 0.527633
6 0.495634 0.439164 0.981902 0.515191
7 0.499147 0.435764 0.987366 0.524306
35 0.499147 0.439815 0.984244 0.513889
2 0.499147 0.435764 0.987366 0.524306
36 0.499147 0.439815 0.984244 0.513889
32 0.499147 0.439815 0.984244 0.513889
69 0.499147 0.435764 0.987366 0.524306
6 0.496415 0.438151 0.980341 0.517216
7 0.499537 0.436053 0.983464 0.524884
35 0.500318 0.439308 0.981903 0.514902
2 0.500318 0.439308 0.981903 0.514902
8 0.499537 0.436053 0.983464 0.524884
36 0.500318 0.439308 0.981903 0.514902
69 0.499537 0.436053 0.983464 0.524884
32 0.500318 0.439308 0.981903 0.514902
33 0.491342 0.435475 0.970195 0.523727
6 0.496025 0.439164 0.974878 0.517506
7 0.499537 0.439236 0.980341 0.515046
35 0.500708 0.439815 0.978 0.513889
2 0.499537 0.439236 0.980341 0.515046
8 0.499537 0.436632 0.980341 0.523727
36 0.500708 0.439815 0.978 0.513889
32 0.500708 0.439815 0.978 0.513889
69 0.499537 0.436632 0.980341 0.523727
6 0.496415 0.439525 0.980341 0.51331
7 0.498757 0.439164 0.981903 0.515191
35 0.500318 0.440683 0.980341 0.512153
2 0.500318 0.440683 0.980341 0.512153
8 0.498757 0.436632 0.985025 0.522569
36 0.500318 0.440683 0.980341 0.512153
32 0.500318 0.440683 0.980341 0.512153
69 0.491732 0.438657 0.974097 0.518519
6 0.496415 0.438947 0.97878 0.514468
7 0.499537 0.435185 0.983464 0.525463
35 0.500708 0.439236 0.981122 0.515046
2 0.500708 0.439236 0.981122 0.515046
8 0.499537 0.435185 0.983464 0.525463
36 0.500708 0.439236 0.981122 0.515046
32 0.500708 0.439236 0.981122 0.515046
69 0.492512 0.438368 0.972536 0.519097
33 0.492512 0.436343 0.969414 0.521991
6 0.495634 0.437789 0.980341 0.515625
7 0.498757 0.434896 0.983464 0.526042
35 0.499927 0.438079 0.981122 0.516204
2 0.498757 0.434896 0.983464 0.526042
36 0.499927 0.438079 0.981122 0.516204
32 0.499927 0.438079 0.981122 0.516204
8 0.498757 0.434896 0.983464 0.526042
69 0.498757 0.434896 0.983464 0.526042
33 0.491732 0.434606 0.969414 0.521991
6 0.494854 0.438368 0.980341 0.514468
7 0.497976 0.4375 0.983464 0.516204
35 0.499537 0.438657 0.981902 0.515046
2 0.499537 0.438657 0.981902 0.515046
36 0.499537 0.438657 0.981902 0.515046
69 0.491342 0.436921 0.971756 0.519676
32 0.499537 0.438657 0.981902 0.515046
8 0.499537 0.438657 0.981902 0.515046
33 0.490951 0.435113 0.969414 0.520978
6 0.495634 0.438368 0.981902 0.515625
7 0.498757 0.43627 0.985025 0.523293
35 0.499927 0.438947 0.979561 0.515625
2 0.499927 0.438947 0.979561 0.515625
36 0.499927 0.438947 0.979561 0.515625
32 0.499927 0.438947 0.979561 0.515625
8 0.498757 0.43627 0.985025 0.523293
33 0.491732 0.435185 0.969414 0.521991
69 0.498757 0.43627 0.985025 0.523293
6 0.494854 0.438585 0.980341 0.516348
35 0.501098 0.438657 0.97878 0.518519
7 0.497976 0.435764 0.983464 0.52662
2 0.501098 0.438657 0.97878 0.518519
36 0.501098 0.438657 0.97878 0.518519
8 0.501098 0.438657 0.97878 0.518519
69 0.490951 0.438079 0.972536 0.521991
32 0.501098 0.438657 0.97878 0.518519
33 0.490951 0.435475 0.969414 0.522569
6 0.494854 0.438947 0.980341 0.515625
7 0.498366 0.435836 0.982683 0.526476
35 0.500708 0.439525 0.979561 0.516782
2 0.500708 0.439525 0.979561 0.516782
36 0.500708 0.439525 0.979561 0.516782
8 0.500708 0.439525 0.979561 0.516782
32 0.500708 0.439525 0.979561 0.516782
69 0.491342 0.438368 0.971756 0.520255
33 0.490951 0.436343 0.969414 0.521991
6 0.496415 0.439308 0.980341 0.516059
7 0.499147 0.435836 0.984244 0.525318
35 0.501879 0.440104 0.97878 0.515625
2 0.501879 0.440104 0.97878 0.515625
36 0.501879 0.440104 0.97878 0.515625
8 0.499147 0.435836 0.984244 0.525318
69 0.499147 0.435836 0.984244 0.525318
32 0.501879 0.440104 0.97878 0.515625
33 0.492122 0.436343 0.970195 0.521991
6 0.496415 0.438947 0.980341 0.515625
7 0.499537 0.435836 0.983464 0.524161
35 0.500708 0.439236 0.979561 0.515046
2 0.500708 0.439236 0.979561 0.515046
36 0.500708 0.439236 0.979561 0.515046
32 0.500708 0.439236 0.979561 0.515046
69 0.492512 0.435836 0.975658 0.524161
33 0.492122 0.436053 0.970195 0.521412
8 0.500708 0.439236 0.979561 0.515046
6 0.495634 0.439236 0.980341 0.515046
7 0.499147 0.436343 0.984244 0.524306
35 0.501098 0.439164 0.980341 0.515191
2 0.501098 0.439164 0.980341 0.515191
36 0.501098 0.439164 0.980341 0.515191
69 0.492512 0.436343 0.975658 0.523148
32 0.501098 0.439164 0.980341 0.515191
8 0.501098 0.439164 0.980341 0.515191
33 0.490951 0.43627 0.969414 0.520978
6 0.495634 0.439236 0.981902 0.515046
7 0.498757 0.436053 0.985025 0.524884
35 0.500318 0.439236 0.981903 0.516204
2 0.500318 0.439236 0.981903 0.516204
36 0.500318 0.439236 0.981903 0.516204
8 0.498757 0.436053 0.985025 0.524884
32 0.500318 0.439236 0.981903 0.516204
69 0.492903 0.436053 0.978 0.523727
33 0.490951 0.436343 0.969414 0.521991
6 0.496025 0.439236 0.981122 0.515046
7 0.498757 0.436053 0.985025 0.523727
35 0.500318 0.439164 0.981903 0.515191
2 0.498757 0.436053 0.985025 0.523727
36 0.500318 0.439164 0.981903 0.515191
32 0.500318 0.439164 0.981903 0.515191
69 0.498757 0.436053 0.985025 0.523727
8 0.498757 0.436053 0.985025 0.523727
33 0.491732 0.436343 0.969414 0.520833
6 0.496415 0.43873 0.980341 0.516059
7 0.499537 0.435764 0.983464 0.525463
35 0.501488 0.43873 0.979561 0.517216
2 0.501488 0.43873 0.979561 0.517216
36 0.501488 0.43873 0.979561 0.517216
32 0.501488 0.43873 0.979561 0.517216
69 0.499537 0.435764 0.983464 0.525463
8 0.499537 0.435764 0.983464 0.525463
33 0.492512 0.436053 0.969414 0.522569
6 0.496415 0.438947 0.980341 0.514468
7 0.499147 0.436053 0.984244 0.524884
35 0.501879 0.438947 0.97878 0.515625
2 0.499147 0.436053 0.984244 0.524884
36 0.501879 0.438947 0.97878 0.515625
32 0.501879 0.438947 0.97878 0.515625
69 0.499147 0.436053 0.984244 0.524884
8 0.499147 0.436053 0.984244 0.524884
33 0.491732 0.436053 0.969414 0.521412
6 0.496415 0.438657 0.980341 0.516204
7 0.499147 0.43627 0.984244 0.525608
35 0.501879 0.438585 0.97878 0.516348
2 0.499147 0.43627 0.984244 0.525608
32 0.501879 0.438585 0.97878 0.516348
36 0.501879 0.438585 0.97878 0.516348
69 0.499147 0.43627 0.984244 0.525608
8 0.499147 0.43627 0.984244 0.525608
33 0.491732 0.436053 0.969414 0.522569
6 0.496415 0.438657 0.980341 0.516204
7 0.499147 0.435836 0.984244 0.526476
35 0.501098 0.438947 0.97878 0.51794
2 0.499147 0.435836 0.984244 0.526476
36 0.501098 0.438947 0.97878 0.51794
32 0.501098 0.438947 0.97878 0.51794
69 0.499147 0.435836 0.984244 0.526476
8 0.499147 0.435836 0.984244 0.526476
33 0.492512 0.43627 0.969414 0.523293
6 0.496805 0.438657 0.979561 0.513889
7 0.499537 0.436343 0.983464 0.524306
35 0.501488 0.439164 0.978 0.515191
2 0.499537 0.436343 0.983464 0.524306
36 0.501488 0.439164 0.978 0.515191
69 0.499537 0.436343 0.983464 0.524306
32 0.501488 0.439164 0.978 0.515191
8 0.499537 0.436343 0.983464 0.524306
33 0.492512 0.436053 0.969414 0.521412
6 0.497195 0.439236 0.980341 0.515046
7 0.499537 0.436343 0.983464 0.524306
35 0.501488 0.439525 0.978 0.515625
2 0.499537 0.436343 0.983464 0.524306
36 0.501488 0.439525 0.978 0.515625
32 0.501488 0.439525 0.978 0.515625
69 0.499537 0.436343 0.983464 0.524306
8 0.499537 0.436343 0.983464 0.524306
33 0.492903 0.436343 0.968633 0.521991
6 0.496415 0.439308 0.980341 0.516059
7 0.499147 0.436053 0.984244 0.526042
35 0.501098 0.439525 0.980341 0.516782
2 0.499147 0.436053 0.984244 0.526042
36 0.501098 0.439525 0.980341 0.516782
32 0.501098 0.439525 0.980341 0.516782
69 0.499147 0.436053 0.984244 0.526042
33 0.492512 0.436343 0.969414 0.523148
8 0.499147 0.436053 0.984244 0.526042
6 0.497195 0.438947 0.981902 0.515625
7 0.499147 0.436343 0.984244 0.525463
35 0.501488 0.439236 0.979561 0.516204
2 0.499147 0.436343 0.984244 0.525463
36 0.501488 0.439236 0.979561 0.516204
32 0.501488 0.439236 0.979561 0.516204
69 0.499147 0.436343 0.984244 0.525463
8 0.499147 0.436343 0.984244 0.525463
33 0.492512 0.436053 0.969414 0.522569
6 0.497195 0.439525 0.981902 0.514468
7 0.499537 0.436632 0.983464 0.524884
35 0.501879 0.439236 0.97878 0.515046
2 0.499537 0.436632 0.983464 0.524884
36 0.501879 0.439236 0.97878 0.515046
32 0.501879 0.439236 0.97878 0.515046
69 0.499537 0.436632 0.983464 0.524884
8 0.499537 0.436632 0.983464 0.524884
33 0.492512 0.43627 0.969414 0.520978
6 0.497586 0.439236 0.981122 0.515046
7 0.499537 0.436849 0.983464 0.52445
2 0.499537 0.436849 0.983464 0.52445
35 0.501098 0.439742 0.97878 0.515191
32 0.501098 0.439742 0.97878 0.515191
36 0.501098 0.439742 0.97878 0.515191
69 0.499537 0.436849 0.983464 0.52445
8 0.499537 0.436849 0.983464 0.52445
33 0.492512 0.436849 0.969414 0.522135
6 0.496415 0.439236 0.980341 0.515046
7 0.499537 0.436415 0.983464 0.524161
35 0.501098 0.439742 0.97878 0.515191
2 0.499537 0.436415 0.983464 0.524161
36 0.501098 0.439742 0.97878 0.515191
32 0.501098 0.439742 0.97878 0.515191
69 0.499537 0.436415 0.983464 0.524161
8 0.499537 0.436415 0.983464 0.524161
33 0.492512 0.436415 0.969414 0.521846
6 0.497195 0.439236 0.980341 0.515046
7 0.499537 0.436632 0.983464 0.524884
35 0.501488 0.439236 0.978 0.515046
2 0.499537 0.436632 0.983464 0.524884
36 0.501488 0.439236 0.978 0.515046
32 0.501488 0.439236 0.978 0.515046
69 0.499537 0.436632 0.983464 0.524884
8 0.499537 0.436632 0.983464 0.524884
33 0.492512 0.436343 0.969414 0.521991
6 0.497195 0.438947 0.980341 0.515625
7 0.499537 0.436415 0.983464 0.525318
35 0.501488 0.439236 0.978 0.516204
2 0.499537 0.436415 0.983464 0.525318
32 0.501488 0.439236 0.978 0.516204
36 0.501488 0.439236 0.978 0.516204
69 0.499537 0.436415 0.983464 0.525318
8 0.499537 0.436415 0.983464 0.525318
33 0.492512 0.436632 0.969414 0.522569
6 0.497195 0.439164 0.980341 0.515191
7 0.499537 0.436632 0.983464 0.524884
2 0.499537 0.436632 0.983464 0.524884
35 0.501488 0.439525 0.978 0.515625
32 0.501488 0.439525 0.978 0.515625
36 0.501488 0.439525 0.978 0.515625
69 0.499537 0.436632 0.983464 0.524884
8 0.499537 0.436632 0.983464 0.524884
33 0.492512 0.436632 0.969414 0.522569
6 0.496805 0.439236 0.979561 0.515046
7 0.499537 0.436849 0.983464 0.52445
2 0.499537 0.436849 0.983464 0.52445
35 0.501488 0.439525 0.978 0.515625
32 0.501488 0.439525 0.978 0.515625
36 0.501488 0.439525 0.978 0.515625
69 0.499537 0.436849 0.983464 0.52445
8 0.499537 0.436849 0.983464 0.52445
33 0.492903 0.436632 0.968633 0.522569
6 0.496805 0.439236 0.979561 0.515046
7 0.499537 0.436632 0.983464 0.524884
35 0.501488 0.439815 0.978 0.516204
2 0.499537 0.436632 0.983464 0.524884
36 0.501488 0.439815 0.978 0.516204
32 0.501488 0.439815 0.978 0.516204
69 0.499537 0.436632 0.983464 0.524884
8 0.499537 0.436632 0.983464 0.524884
33 0.492512 0.436632 0.969414 0.522569
6 0.496805 0.439236 0.979561 0.515046
7 0.499537 0.436632 0.983464 0.524884
35 0.501879 0.439815 0.977219 0.516204
2 0.499537 0.436632 0.983464 0.524884
32 0.501879 0.439815 0.977219 0.516204
36 0.501879 0.439815 0.977219 0.516204
69 0.499537 0.436632 0.983464 0.524884
8 0.499537 0.436632 0.983464 0.524884
33 0.492512 0.436632 0.969414 0.522569
6 0.496415 0.439236 0.980341 0.515046
7 0.499537 0.436632 0.983464 0.524884
35 0.501488 0.439815 0.978 0.516204
2 0.499537 0.436632 0.983464 0.524884
32 0.501488 0.439815 0.978 0.516204
36 0.501488 0.439815 0.978 0.516204
69 0.499537 0.436632 0.983464 0.524884
8 0.499537 0.436632 0.983464 0.524884
33 0.492512 0.436632 0.969414 0.522569
