2 0.370484 0.569057 0.650445 0.690011
22 0.497101 0.570173 0.747602 0.669922
22 0.37068 0.607143 0.645373 0.716518
2 0.381605 0.699219 0.668784 0.507812
72 0.381605 0.699219 0.668784 0.507812
22 0.299665 0.545201 0.548606 0.664062
64 0.381605 0.699219 0.668784 0.507812
3 0.299665 0.545201 0.548606 0.664062
64 0.397993 0.594727 0.703121 0.683315
72 0.360535 0.559152 0.632106 0.667411
22 0.374972 0.517578 0.582942 0.598772
41 0.360535 0.559152 0.632106 0.667411
2 0.555629 0.543666 0.692976 0.611328
22 0.550947 0.642718 0.699219 0.527065
22 0.35 0.739955 0.584503 0.467634
3 0.35 0.739955 0.584503 0.467634
3 0.497101 0.570173 0.747602 0.669922
35 0.41243 0.745396 0.676588 0.419922
3 0.37068 0.607143 0.645373 0.716518
62 0.441694 0.557059 0.713266 0.642578
3 0.280936 0.741071 0.497881 0.517857
2 0.299665 0.618862 0.547045 0.726562
35 0.401895 0.569754 0.703901 0.675223
2 0.399944 0.776786 0.648494 0.392857
60 0.370484 0.569057 0.650445 0.690011
64 0.551044 0.573661 0.720874 0.632812
22 0.562262 0.493304 0.645373 0.534598
62 0.338879 0.513672 0.582552 0.599888
35 0.359559 0.702985 0.624693 0.556083
64 0.374972 0.517578 0.582942 0.598772
22 0.245039 0.461007 0.43389 0.522182
41 0.249136 0.524554 0.445206 0.631696
22 0.484517 0.716657 0.694732 0.459542
3 0.484517 0.716657 0.694732 0.459542
60 0.299665 0.618862 0.547045 0.726562
3 0.550947 0.642718 0.699219 0.527065
72 0.497881 0.547991 0.705462 0.621652
62 0.367948 0.740932 0.634447 0.433315
41 0.359559 0.702985 0.624693 0.556083
3 0.568896 0.352748 0.569676 0.290039
41 0.299665 0.618862 0.547045 0.726562
3 0.562262 0.493304 0.645373 0.534598
31 0.381605 0.699219 0.668784 0.507812
72 0.299665 0.618862 0.547045 0.726562
33 0.359559 0.702985 0.624693 0.556083
35 0.299665 0.618862 0.547045 0.726562
2 0.43311 0.499442 0.624303 0.560268
39 0.550947 0.642718 0.699219 0.527065
52 0.39292 0.561384 0.664102 0.65625
22 0.600501 0.344308 0.572017 0.238281
2 0.249136 0.524554 0.445206 0.631696
2 0.550947 0.642718 0.699219 0.527065
4 0.370484 0.569057 0.650445 0.690011
3 0.245039 0.461007 0.43389 0.522182
41 0.497101 0.570173 0.747602 0.669922
64 0.399944 0.776786 0.648494 0.392857
41 0.430378 0.714286 0.710924 0.467634
60 0.362876 0.758929 0.607134 0.420759
60 0.596599 0.494141 0.629765 0.527344
39 0.441694 0.557059 0.713266 0.642578
2 0.568896 0.352748 0.569676 0.290039
22 0.280936 0.741071 0.497881 0.517857
72 0.399944 0.776786 0.648494 0.392857
64 0.5011 0.491071 0.633472 0.535714
62 0.555629 0.543666 0.692976 0.611328
72 0.562262 0.493304 0.645373 0.534598
4 0.359559 0.702985 0.624693 0.556083
45 0.381605 0.699219 0.668784 0.507812
35 0.549776 0.707589 0.667223 0.426339
36 0.381605 0.699219 0.668784 0.507812
2 0.479933 0.541295 0.900556 0.667411
4 0.479933 0.541295 0.900556 0.667411
3 0.480323 0.558036 0.899776 0.685268
35 0.479933 0.541295 0.900556 0.667411
62 0.479933 0.541295 0.900556 0.667411
36 0.436231 0.541155 0.795986 0.660993
52 0.479933 0.541295 0.900556 0.667411
10 0.479933 0.541295 0.900556 0.667411
69 0.479933 0.541295 0.900556 0.667411
33 0.479933 0.541295 0.900556 0.667411
22 0.479933 0.541295 0.900556 0.667411
3 0.358194 0.52846 0.64069 0.639509
60 0.436231 0.541155 0.795986 0.660993
44 0.479933 0.541295 0.900556 0.667411
57 0.479933 0.541295 0.900556 0.667411
21 0.479933 0.541295 0.900556 0.667411
2 0.360535 0.553432 0.636788 0.663225
8 0.479933 0.541295 0.900556 0.667411
65 0.436231 0.541155 0.795986 0.660993
39 0.480323 0.558036 0.899776 0.685268
23 0.436231 0.541155 0.795986 0.660993
58 0.436231 0.541155 0.795986 0.660993
2 0.449498 0.683036 0.708583 0.485491
32 0.479933 0.541295 0.900556 0.667411
56 0.479933 0.541295 0.900556 0.667411
5 0.49632 0.534319 0.889631 0.683594
22 0.358194 0.52846 0.64069 0.639509
72 0.479933 0.541295 0.900556 0.667411
66 0.479933 0.541295 0.900556 0.667411
4 0.358194 0.52846 0.64069 0.639509
10 0.358194 0.52846 0.64069 0.639509
20 0.436231 0.541155 0.795986 0.660993
64 0.479933 0.541295 0.900556 0.667411
30 0.479933 0.541295 0.900556 0.667411
2 0.604403 0.550781 0.662541 0.638393
35 0.358194 0.52846 0.64069 0.639509
34 0.479933 0.541295 0.900556 0.667411
45 0.480323 0.558036 0.899776 0.685268
7 0.479933 0.541295 0.900556 0.667411
35 0.449498 0.683036 0.708583 0.485491
44 0.358194 0.52846 0.64069 0.639509
3 0.449498 0.683036 0.708583 0.485491
58 0.449498 0.683036 0.708583 0.485491
2 0.553288 0.616071 0.638349 0.582589
65 0.342781 0.472587 0.597379 0.561523
4 0.381215 0.400949 0.594648 0.539621
2 0.444425 0.744978 0.653957 0.342634
62 0.358194 0.52846 0.64069 0.639509
41 0.436231 0.541155 0.795986 0.660993
65 0.381215 0.400949 0.594648 0.539621
2 0.548996 0.726004 0.593868 0.378348
58 0.342781 0.472587 0.597379 0.561523
36 0.449498 0.683036 0.708583 0.485491
31 0.436231 0.541155 0.795986 0.660993
36 0.342781 0.472587 0.597379 0.561523
60 0.342781 0.472587 0.597379 0.561523
35 0.445206 0.396763 0.678149 0.610491
29 0.436231 0.541155 0.795986 0.660993
40 0.49632 0.534319 0.889631 0.683594
52 0.449498 0.683036 0.708583 0.485491
33 0.445206 0.396763 0.678149 0.610491
52 0.358194 0.52846 0.64069 0.639509
2 0.445206 0.396763 0.678149 0.610491
33 0.553288 0.616071 0.638349 0.582589
36 0.445206 0.396763 0.678149 0.610491
33 0.358194 0.52846 0.64069 0.639509
62 0.604403 0.550781 0.662541 0.638393
39 0.603232 0.53404 0.652396 0.648437
23 0.449498 0.683036 0.708583 0.485491
4 0.449498 0.683036 0.708583 0.485491
8 0.358194 0.52846 0.64069 0.639509
36 0.525975 0.488002 0.746041 0.646763
32 0.445206 0.396763 0.678149 0.610491
59 0.479933 0.541295 0.900556 0.667411
3 0.553288 0.616071 0.638349 0.582589
8 0.604403 0.550781 0.662541 0.638393
3 0.260841 0.508371 0.461594 0.578125
7 0.358194 0.52846 0.64069 0.639509
60 0.449498 0.683036 0.708583 0.485491
2 0.260841 0.508371 0.461594 0.578125
3 0.382483 0.758929 0.539827 0.322545
58 0.382483 0.758929 0.539827 0.322545
22 0.490077 0.672433 0.697658 0.534598
36 0.382483 0.758929 0.539827 0.322545
33 0.604403 0.550781 0.662541 0.638393
10 0.445206 0.396763 0.678149 0.610491
62 0.449498 0.683036 0.708583 0.485491
39 0.411649 0.501395 0.724971 0.617746
5 0.358194 0.52846 0.64069 0.639509
36 0.553288 0.616071 0.638349 0.582589
4 0.504514 0.547991 0.94972 0.702009
2 0.504514 0.547991 0.94972 0.702009
52 0.504514 0.547991 0.94972 0.702009
3 0.504514 0.547991 0.94972 0.702009
62 0.504514 0.547991 0.94972 0.702009
8 0.504514 0.547991 0.94972 0.702009
10 0.504514 0.547991 0.94972 0.702009
21 0.504514 0.547991 0.94972 0.702009
5 0.504514 0.547991 0.94972 0.702009
36 0.504514 0.547991 0.94972 0.702009
23 0.504514 0.547991 0.94972 0.702009
58 0.504514 0.547991 0.94972 0.702009
44 0.504514 0.547991 0.94972 0.702009
34 0.504514 0.547991 0.94972 0.702009
33 0.504514 0.547991 0.94972 0.702009
57 0.504514 0.547991 0.94972 0.702009
29 0.493199 0.543527 0.942697 0.705357
60 0.504514 0.547991 0.94972 0.702009
65 0.490077 0.537946 0.923968 0.683036
20 0.504514 0.547991 0.94972 0.702009
59 0.504514 0.547991 0.94972 0.702009
35 0.504514 0.547991 0.94972 0.702009
67 0.504514 0.547991 0.94972 0.702009
22 0.504514 0.547991 0.94972 0.702009
39 0.511928 0.547014 0.920846 0.689453
30 0.511928 0.547014 0.920846 0.689453
56 0.504514 0.547991 0.94972 0.702009
66 0.505685 0.538923 0.933332 0.681083
69 0.504514 0.547991 0.94972 0.702009
32 0.504514 0.547991 0.94972 0.702009
61 0.493199 0.543527 0.942697 0.705357
0 0.505685 0.538923 0.933332 0.681083
45 0.511928 0.547014 0.920846 0.689453
7 0.504514 0.547991 0.94972 0.702009
28 0.504514 0.547991 0.94972 0.702009
1 0.493199 0.543527 0.942697 0.705357
6 0.490077 0.537946 0.923968 0.683036
5 0.59894 0.574219 0.676588 0.623884
39 0.525292 0.617188 0.75365 0.560268
2 0.486273 0.691825 0.7318 0.437779
33 0.525292 0.617188 0.75365 0.560268
21 0.525292 0.617188 0.75365 0.560268
64 0.511928 0.547014 0.920846 0.689453
4 0.525292 0.617188 0.75365 0.560268
34 0.59894 0.574219 0.676588 0.623884
2 0.59894 0.574219 0.676588 0.623884
3 0.525292 0.617188 0.75365 0.560268
21 0.486273 0.691825 0.7318 0.437779
8 0.59894 0.574219 0.676588 0.623884
58 0.458082 0.691406 0.736677 0.439732
23 0.486273 0.691825 0.7318 0.437779
33 0.486273 0.691825 0.7318 0.437779
72 0.505685 0.538923 0.933332 0.681083
10 0.525292 0.617188 0.75365 0.560268
3 0.486273 0.691825 0.7318 0.437779
36 0.525292 0.617188 0.75365 0.560268
57 0.525292 0.617188 0.75365 0.560268
40 0.511928 0.547014 0.920846 0.689453
52 0.486273 0.691825 0.7318 0.437779
45 0.59894 0.574219 0.676588 0.623884
41 0.493199 0.543527 0.942697 0.705357
59 0.458082 0.691406 0.736677 0.439732
62 0.59894 0.574219 0.676588 0.623884
58 0.59894 0.574219 0.676588 0.623884
52 0.525292 0.617188 0.75365 0.560268
31 0.504514 0.547991 0.94972 0.702009
36 0.458082 0.691406 0.736677 0.439732
4 0.486273 0.691825 0.7318 0.437779
61 0.525292 0.617188 0.75365 0.560268
44 0.525292 0.617188 0.75365 0.560268
39 0.486273 0.691825 0.7318 0.437779
8 0.486273 0.691825 0.7318 0.437779
67 0.525292 0.617188 0.75365 0.560268
35 0.486273 0.691825 0.7318 0.437779
44 0.486273 0.691825 0.7318 0.437779
29 0.59894 0.574219 0.676588 0.623884
10 0.486273 0.691825 0.7318 0.437779
30 0.486273 0.691825 0.7318 0.437779
2 0.611134 0.495815 0.599135 0.640067
59 0.59894 0.574219 0.676588 0.623884
32 0.525292 0.617188 0.75365 0.560268
34 0.611134 0.495815 0.599135 0.640067
34 0.486273 0.691825 0.7318 0.437779
62 0.486273 0.691825 0.7318 0.437779
67 0.486273 0.691825 0.7318 0.437779
65 0.378874 0.480469 0.589185 0.603795
4 0.506465 0.510045 0.964547 0.58817
20 0.499052 0.524554 0.959085 0.632812
52 0.506856 0.53404 0.962206 0.635045
23 0.506856 0.53404 0.962206 0.635045
58 0.506856 0.53404 0.962206 0.635045
10 0.499052 0.524554 0.959085 0.632812
5 0.506465 0.510045 0.964547 0.58817
62 0.506465 0.510045 0.964547 0.58817
34 0.506465 0.510045 0.964547 0.58817
36 0.506856 0.53404 0.962206 0.635045
7 0.506465 0.510045 0.964547 0.58817
2 0.506856 0.53404 0.962206 0.635045
65 0.499052 0.524554 0.959085 0.632812
8 0.506856 0.53404 0.962206 0.635045
0 0.506465 0.510045 0.964547 0.58817
66 0.506465 0.510045 0.964547 0.58817
28 0.506465 0.510045 0.964547 0.58817
57 0.506856 0.53404 0.962206 0.635045
3 0.506465 0.510045 0.964547 0.58817
44 0.499052 0.524554 0.959085 0.632812
61 0.498662 0.544643 0.956743 0.662946
32 0.506465 0.510045 0.964547 0.58817
60 0.506465 0.510045 0.964547 0.58817
1 0.499052 0.524554 0.959085 0.632812
56 0.499052 0.524554 0.959085 0.632812
21 0.506856 0.53404 0.962206 0.635045
67 0.499052 0.524554 0.959085 0.632812
29 0.499052 0.524554 0.959085 0.632812
30 0.506856 0.53404 0.962206 0.635045
59 0.506856 0.53404 0.962206 0.635045
69 0.506465 0.510045 0.964547 0.58817
33 0.506465 0.510045 0.964547 0.58817
6 0.499052 0.524554 0.959085 0.632812
22 0.506465 0.510045 0.964547 0.58817
35 0.506465 0.510045 0.964547 0.58817
58 0.564213 0.562639 0.814715 0.510882
39 0.506856 0.53404 0.962206 0.635045
31 0.506856 0.53404 0.962206 0.635045
45 0.506856 0.53404 0.962206 0.635045
34 0.564213 0.562639 0.814715 0.510882
2 0.564213 0.562639 0.814715 0.510882
68 0.452619 0.509766 0.839687 0.612165
28 0.417502 0.468192 0.730434 0.59375
4 0.564213 0.562639 0.814715 0.510882
54 0.417502 0.468192 0.730434 0.59375
5 0.564213 0.562639 0.814715 0.510882
65 0.417502 0.468192 0.730434 0.59375
0 0.564213 0.562639 0.814715 0.510882
59 0.564213 0.562639 0.814715 0.510882
23 0.564213 0.562639 0.814715 0.510882
67 0.564213 0.562639 0.814715 0.510882
52 0.564213 0.562639 0.814715 0.510882
28 0.564213 0.562639 0.814715 0.510882
62 0.564213 0.562639 0.814715 0.510882
0 0.417502 0.468192 0.730434 0.59375
36 0.564213 0.562639 0.814715 0.510882
8 0.564213 0.562639 0.814715 0.510882
30 0.564213 0.562639 0.814715 0.510882
57 0.564213 0.562639 0.814715 0.510882
29 0.564213 0.562639 0.814715 0.510882
4 0.417502 0.468192 0.730434 0.59375
66 0.417502 0.468192 0.730434 0.59375
61 0.564213 0.562639 0.814715 0.510882
10 0.564213 0.562639 0.814715 0.510882
20 0.417502 0.468192 0.730434 0.59375
32 0.564213 0.562639 0.814715 0.510882
60 0.564213 0.562639 0.814715 0.510882
62 0.417502 0.468192 0.730434 0.59375
58 0.590746 0.617188 0.699219 0.421875
20 0.564213 0.562639 0.814715 0.510882
21 0.564213 0.562639 0.814715 0.510882
20 0.417112 0.578264 0.718728 0.6649
36 0.417112 0.578264 0.718728 0.6649
7 0.564213 0.562639 0.814715 0.510882
34 0.417502 0.468192 0.730434 0.59375
68 0.347658 0.479074 0.59933 0.513951
3 0.564213 0.562639 0.814715 0.510882
1 0.417502 0.468192 0.730434 0.59375
65 0.564213 0.562639 0.814715 0.510882
39 0.564213 0.562639 0.814715 0.510882
10 0.417502 0.468192 0.730434 0.59375
61 0.417112 0.578264 0.718728 0.6649
23 0.590746 0.617188 0.699219 0.421875
45 0.564213 0.562639 0.814715 0.510882
6 0.417112 0.578264 0.718728 0.6649
0 0.603232 0.507812 0.589966 0.590402
65 0.462764 0.579241 0.758527 0.714286
33 0.506856 0.610491 0.682831 0.621652
29 0.417502 0.468192 0.730434 0.59375
5 0.590746 0.617188 0.699219 0.421875
36 0.417502 0.468192 0.730434 0.59375
7 0.417502 0.468192 0.730434 0.59375
54 0.334002 0.434989 0.53768 0.499442
6 0.417502 0.468192 0.730434 0.59375
54 0.445596 0.404297 0.566554 0.640067
56 0.564213 0.562639 0.814715 0.510882
23 0.417112 0.578264 0.718728 0.6649
4 0.417112 0.578264 0.718728 0.6649
52 0.417502 0.468192 0.730434 0.59375
8 0.417112 0.578264 0.718728 0.6649
5 0.417502 0.468192 0.730434 0.59375
4 0.507246 0.539062 0.980155 0.667411
52 0.507246 0.539062 0.980155 0.667411
2 0.507246 0.539062 0.980155 0.667411
33 0.507246 0.539062 0.980155 0.667411
3 0.507246 0.539062 0.980155 0.667411
10 0.507246 0.539062 0.980155 0.667411
28 0.506856 0.540039 0.979374 0.654297
44 0.506856 0.540039 0.979374 0.654297
66 0.506856 0.540039 0.979374 0.654297
69 0.507246 0.539062 0.980155 0.667411
23 0.507246 0.539062 0.980155 0.667411
0 0.506856 0.540039 0.979374 0.654297
8 0.507246 0.539062 0.980155 0.667411
36 0.507246 0.539062 0.980155 0.667411
62 0.506856 0.540039 0.979374 0.654297
35 0.507246 0.539062 0.980155 0.667411
7 0.506856 0.540039 0.979374 0.654297
61 0.507246 0.539062 0.980155 0.667411
65 0.506856 0.540039 0.979374 0.654297
20 0.506856 0.540039 0.979374 0.654297
58 0.507246 0.539062 0.980155 0.667411
57 0.507246 0.539062 0.980155 0.667411
5 0.507246 0.539062 0.980155 0.667411
1 0.506856 0.540039 0.979374 0.654297
32 0.506856 0.540039 0.979374 0.654297
22 0.506856 0.540039 0.979374 0.654297
6 0.506856 0.540039 0.979374 0.654297
67 0.507246 0.539062 0.980155 0.667411
21 0.507246 0.539062 0.980155 0.667411
60 0.506856 0.540039 0.979374 0.654297
56 0.507246 0.539062 0.980155 0.667411
34 0.506856 0.540039 0.979374 0.654297
30 0.512318 0.540039 0.97001 0.663225
39 0.512318 0.540039 0.97001 0.663225
45 0.507246 0.539062 0.980155 0.667411
29 0.507246 0.539062 0.980155 0.667411
54 0.505685 0.516183 0.930211 0.676339
59 0.507246 0.539062 0.980155 0.667411
31 0.507246 0.539062 0.980155 0.667411
54 0.402578 0.501953 0.702535 0.625558
68 0.459643 0.535854 0.844369 0.63365
33 0.548996 0.552455 0.699999 0.667411
28 0.402578 0.501953 0.702535 0.625558
66 0.402578 0.501953 0.702535 0.625558
39 0.548996 0.552455 0.699999 0.667411
21 0.548996 0.552455 0.699999 0.667411
0 0.402578 0.501953 0.702535 0.625558
57 0.548996 0.552455 0.699999 0.667411
36 0.548996 0.552455 0.699999 0.667411
4 0.402578 0.501953 0.702535 0.625558
44 0.548996 0.552455 0.699999 0.667411
4 0.497101 0.541853 0.975473 0.691964
2 0.497101 0.541853 0.975473 0.691964
8 0.497101 0.541853 0.975473 0.691964
1 0.497101 0.541853 0.975473 0.691964
52 0.503734 0.546735 0.980935 0.674386
36 0.497101 0.541853 0.975473 0.691964
10 0.497101 0.541853 0.975473 0.691964
28 0.497101 0.541853 0.975473 0.691964
44 0.497101 0.541853 0.975473 0.691964
62 0.497101 0.541853 0.975473 0.691964
61 0.497101 0.541853 0.975473 0.691964
30 0.503734 0.546735 0.980935 0.674386
29 0.497101 0.541853 0.975473 0.691964
33 0.503734 0.546735 0.980935 0.674386
21 0.503734 0.546735 0.980935 0.674386
20 0.497101 0.541853 0.975473 0.691964
3 0.497101 0.541853 0.975473 0.691964
65 0.497101 0.541853 0.975473 0.691964
7 0.503734 0.546735 0.980935 0.674386
45 0.497101 0.541853 0.975473 0.691964
34 0.497101 0.541853 0.975473 0.691964
23 0.503734 0.546735 0.980935 0.674386
56 0.497101 0.541853 0.975473 0.691964
6 0.497101 0.541853 0.975473 0.691964
39 0.503734 0.546735 0.980935 0.674386
35 0.503734 0.546735 0.980935 0.674386
0 0.497101 0.541853 0.975473 0.691964
67 0.497101 0.541853 0.975473 0.691964
59 0.497101 0.541853 0.975473 0.691964
5 0.503734 0.546735 0.980935 0.674386
66 0.497101 0.541853 0.975473 0.691964
32 0.497101 0.541853 0.975473 0.691964
69 0.49632 0.544503 0.972351 0.685547
57 0.497101 0.541853 0.975473 0.691964
22 0.503734 0.546735 0.980935 0.674386
58 0.503734 0.546735 0.980935 0.674386
31 0.503734 0.546735 0.980935 0.674386
60 0.49632 0.544503 0.972351 0.685547
54 0.49632 0.544503 0.972351 0.685547
68 0.468617 0.535714 0.890411 0.698661
28 0.347658 0.519531 0.623522 0.652902
39 0.533779 0.590262 0.739798 0.5851
21 0.533779 0.590262 0.739798 0.5851
36 0.413698 0.562639 0.695902 0.680525
33 0.533779 0.590262 0.739798 0.5851
65 0.413698 0.562639 0.695902 0.680525
8 0.413698 0.562639 0.695902 0.680525
33 0.413698 0.562639 0.695902 0.680525
36 0.533779 0.590262 0.739798 0.5851
39 0.474567 0.643415 0.611621 0.511161
68 0.347658 0.519531 0.623522 0.652902
1 0.347658 0.519531 0.623522 0.652902
54 0.347658 0.519531 0.623522 0.652902
10 0.347658 0.519531 0.623522 0.652902
20 0.413698 0.562639 0.695902 0.680525
44 0.413698 0.562639 0.695902 0.680525
2 0.505463 0.522879 0.989075 0.610491
4 0.505463 0.522879 0.989075 0.610491
8 0.506243 0.522321 0.987514 0.63058
3 0.505463 0.522879 0.989075 0.610491
1 0.505463 0.522879 0.989075 0.610491
7 0.505463 0.522879 0.989075 0.610491
5 0.505463 0.522879 0.989075 0.610491
52 0.505463 0.522879 0.989075 0.610491
34 0.505463 0.522879 0.989075 0.610491
61 0.505463 0.522879 0.989075 0.610491
28 0.505463 0.522879 0.989075 0.610491
65 0.505463 0.522879 0.989075 0.610491
45 0.506243 0.522321 0.987514 0.63058
20 0.505463 0.522879 0.989075 0.610491
21 0.506243 0.522321 0.987514 0.63058
36 0.506243 0.522321 0.987514 0.63058
44 0.505463 0.522879 0.989075 0.610491
30 0.506243 0.522321 0.987514 0.63058
67 0.505463 0.522879 0.989075 0.610491
69 0.505463 0.522879 0.989075 0.610491
6 0.505463 0.522879 0.989075 0.610491
0 0.505463 0.522879 0.989075 0.610491
33 0.505463 0.522879 0.989075 0.610491
66 0.505463 0.522879 0.989075 0.610491
10 0.505463 0.522879 0.989075 0.610491
62 0.505463 0.522879 0.989075 0.610491
39 0.506243 0.522321 0.987514 0.63058
29 0.505463 0.522879 0.989075 0.610491
22 0.505463 0.522879 0.989075 0.610491
60 0.505463 0.522879 0.989075 0.610491
35 0.506243 0.522321 0.987514 0.63058
56 0.505463 0.522879 0.989075 0.610491
23 0.505463 0.522879 0.989075 0.610491
32 0.505463 0.522879 0.989075 0.610491
54 0.490858 0.49721 0.959865 0.643973
57 0.505463 0.522879 0.989075 0.610491
58 0.505463 0.522879 0.989075 0.610491
31 0.506243 0.522321 0.987514 0.63058
59 0.506243 0.522321 0.987514 0.63058
68 0.497881 0.51981 0.986398 0.643415
33 0.485785 0.665179 0.648494 0.417411
21 0.485785 0.665179 0.648494 0.417411
39 0.485785 0.665179 0.648494 0.417411
54 0.487346 0.398996 0.656298 0.617188
65 0.485785 0.665179 0.648494 0.417411
36 0.485785 0.665179 0.648494 0.417411
21 0.590356 0.567104 0.731214 0.553292
44 0.485785 0.665179 0.648494 0.417411
8 0.485785 0.665179 0.648494 0.417411
33 0.408528 0.566406 0.707803 0.621652
8 0.408528 0.566406 0.707803 0.621652
45 0.485785 0.665179 0.648494 0.417411
2 0.502954 0.549247 0.979374 0.655971
8 0.499442 0.549665 0.973912 0.657366
52 0.502954 0.549247 0.979374 0.655971
4 0.502954 0.549247 0.979374 0.655971
61 0.499442 0.549665 0.973912 0.657366
6 0.503344 0.539062 0.975473 0.631696
36 0.502954 0.549247 0.979374 0.655971
3 0.502954 0.549247 0.979374 0.655971
62 0.502954 0.549247 0.979374 0.655971
34 0.502954 0.549247 0.979374 0.655971
33 0.502954 0.549247 0.979374 0.655971
69 0.502954 0.549247 0.979374 0.655971
10 0.502954 0.549247 0.979374 0.655971
29 0.499442 0.549665 0.973912 0.657366
67 0.499442 0.549665 0.973912 0.657366
21 0.502954 0.549247 0.979374 0.655971
28 0.502954 0.549247 0.979374 0.655971
7 0.502954 0.549247 0.979374 0.655971
44 0.502954 0.549247 0.979374 0.655971
30 0.502954 0.549247 0.979374 0.655971
23 0.502954 0.549247 0.979374 0.655971
1 0.499442 0.549665 0.973912 0.657366
0 0.503344 0.539062 0.975473 0.631696
5 0.502954 0.549247 0.979374 0.655971
56 0.502954 0.549247 0.979374 0.655971
66 0.503344 0.539062 0.975473 0.631696
20 0.499442 0.549665 0.973912 0.657366
35 0.502954 0.549247 0.979374 0.655971
54 0.498271 0.542969 0.97001 0.639509
45 0.499442 0.549665 0.973912 0.657366
57 0.502954 0.549247 0.979374 0.655971
60 0.503344 0.539062 0.975473 0.631696
65 0.502954 0.549247 0.979374 0.655971
39 0.502954 0.549247 0.979374 0.655971
58 0.502954 0.549247 0.979374 0.655971
59 0.502954 0.549247 0.979374 0.655971
31 0.502954 0.549247 0.979374 0.655971
22 0.502954 0.549247 0.979374 0.655971
32 0.502954 0.549247 0.979374 0.655971
54 0.426086 0.499721 0.780378 0.56529
33 0.47486 0.638253 0.823299 0.560547
68 0.498271 0.542969 0.97001 0.639509
36 0.47486 0.638253 0.823299 0.560547
8 0.43389 0.597656 0.764771 0.633929
21 0.47486 0.638253 0.823299 0.560547
65 0.47486 0.638253 0.823299 0.560547
2 0.47486 0.638253 0.823299 0.560547
39 0.47486 0.638253 0.823299 0.560547
44 0.47486 0.638253 0.823299 0.560547
20 0.47486 0.638253 0.823299 0.560547
62 0.47486 0.638253 0.823299 0.560547
29 0.47486 0.638253 0.823299 0.560547
61 0.43389 0.597656 0.764771 0.633929
30 0.47486 0.638253 0.823299 0.560547
45 0.47486 0.638253 0.823299 0.560547
4 0.47486 0.638253 0.823299 0.560547
6 0.47486 0.638253 0.823299 0.560547
35 0.47486 0.638253 0.823299 0.560547
57 0.47486 0.638253 0.823299 0.560547
3 0.47486 0.638253 0.823299 0.560547
28 0.43389 0.597656 0.764771 0.633929
34 0.47486 0.638253 0.823299 0.560547
5 0.47486 0.638253 0.823299 0.560547
52 0.49554 0.647879 0.802229 0.539063
7 0.47486 0.638253 0.823299 0.560547
10 0.47486 0.638253 0.823299 0.560547
23 0.47486 0.638253 0.823299 0.560547
67 0.47486 0.638253 0.823299 0.560547
4 0.426086 0.499721 0.780378 0.56529
21 0.414283 0.696429 0.682245 0.445312
36 0.414283 0.696429 0.682245 0.445312
59 0.47486 0.638253 0.823299 0.560547
62 0.426086 0.499721 0.780378 0.56529
65 0.426086 0.499721 0.780378 0.56529
8 0.365217 0.512835 0.6602 0.455357
61 0.365217 0.512835 0.6602 0.455357
33 0.414283 0.696429 0.682245 0.445312
29 0.426086 0.499721 0.780378 0.56529
2 0.365217 0.512835 0.6602 0.455357
7 0.426086 0.499721 0.780378 0.56529
69 0.49554 0.647879 0.802229 0.539063
31 0.47486 0.638253 0.823299 0.560547
4 0.504124 0.5512 0.980155 0.696708
8 0.504124 0.5512 0.980155 0.696708
36 0.504124 0.5512 0.980155 0.696708
2 0.504124 0.5512 0.980155 0.696708
65 0.504124 0.5512 0.980155 0.696708
30 0.504124 0.5512 0.980155 0.696708
6 0.504124 0.5512 0.980155 0.696708
44 0.504124 0.5512 0.980155 0.696708
33 0.504124 0.5512 0.980155 0.696708
35 0.504124 0.5512 0.980155 0.696708
29 0.504124 0.5512 0.980155 0.696708
66 0.504514 0.553432 0.979374 0.669922
61 0.504124 0.5512 0.980155 0.696708
1 0.504124 0.5512 0.980155 0.696708
21 0.504124 0.5512 0.980155 0.696708
7 0.504514 0.553432 0.979374 0.669922
20 0.504124 0.5512 0.980155 0.696708
45 0.504124 0.5512 0.980155 0.696708
3 0.504124 0.5512 0.980155 0.696708
62 0.504124 0.5512 0.980155 0.696708
54 0.504514 0.553432 0.979374 0.669922
69 0.504514 0.553432 0.979374 0.669922
34 0.504124 0.5512 0.980155 0.696708
39 0.504124 0.5512 0.980155 0.696708
52 0.504124 0.5512 0.980155 0.696708
10 0.504124 0.5512 0.980155 0.696708
5 0.504124 0.5512 0.980155 0.696708
28 0.504124 0.5512 0.980155 0.696708
56 0.504124 0.5512 0.980155 0.696708
67 0.504124 0.5512 0.980155 0.696708
0 0.504124 0.5512 0.980155 0.696708
32 0.504124 0.5512 0.980155 0.696708
31 0.504124 0.5512 0.980155 0.696708
22 0.504514 0.553432 0.979374 0.669922
23 0.504124 0.5512 0.980155 0.696708
57 0.504124 0.5512 0.980155 0.696708
60 0.504514 0.553432 0.979374 0.669922
59 0.504124 0.5512 0.980155 0.696708
65 0.51583 0.636719 0.824079 0.53125
68 0.504124 0.5512 0.980155 0.696708
36 0.51583 0.636719 0.824079 0.53125
65 0.493979 0.730469 0.803789 0.38058
58 0.504514 0.553432 0.979374 0.669922
21 0.51583 0.636719 0.824079 0.53125
21 0.493979 0.730469 0.803789 0.38058
36 0.493979 0.730469 0.803789 0.38058
4 0.493979 0.730469 0.803789 0.38058
33 0.51583 0.636719 0.824079 0.53125
33 0.493979 0.730469 0.803789 0.38058
39 0.493979 0.730469 0.803789 0.38058
4 0.51583 0.636719 0.824079 0.53125
30 0.493979 0.730469 0.803789 0.38058
8 0.493979 0.730469 0.803789 0.38058
36 0.415161 0.688477 0.719509 0.433315
2 0.493979 0.730469 0.803789 0.38058
29 0.493979 0.730469 0.803789 0.38058
39 0.51583 0.636719 0.824079 0.53125
44 0.493979 0.730469 0.803789 0.38058
35 0.493979 0.730469 0.803789 0.38058
20 0.493979 0.730469 0.803789 0.38058
6 0.51583 0.636719 0.824079 0.53125
44 0.51583 0.636719 0.824079 0.53125
2 0.51583 0.636719 0.824079 0.53125
20 0.51583 0.636719 0.824079 0.53125
45 0.493979 0.730469 0.803789 0.38058
62 0.493979 0.730469 0.803789 0.38058
4 0.41204 0.496652 0.750724 0.558036
65 0.415161 0.688477 0.719509 0.433315
21 0.415161 0.688477 0.719509 0.433315
45 0.51583 0.636719 0.824079 0.53125
2 0.508807 0.531529 0.967669 0.618862
4 0.508807 0.531529 0.967669 0.618862
52 0.508807 0.531529 0.967669 0.618862
3 0.508807 0.531529 0.967669 0.618862
69 0.508807 0.524554 0.97079 0.587054
0 0.508807 0.524554 0.97079 0.587054
56 0.508807 0.531529 0.967669 0.618862
62 0.508807 0.531529 0.967669 0.618862
6 0.508807 0.524554 0.97079 0.587054
60 0.508807 0.524554 0.97079 0.587054
23 0.508807 0.531529 0.967669 0.618862
61 0.508807 0.524554 0.97079 0.587054
10 0.508807 0.531529 0.967669 0.618862
34 0.508807 0.531529 0.967669 0.618862
5 0.508807 0.524554 0.97079 0.587054
67 0.508807 0.531529 0.967669 0.618862
36 0.508807 0.531529 0.967669 0.618862
1 0.508807 0.524554 0.97079 0.587054
32 0.508807 0.524554 0.97079 0.587054
8 0.508807 0.531529 0.967669 0.618862
7 0.508807 0.524554 0.97079 0.587054
66 0.508807 0.524554 0.97079 0.587054
22 0.508807 0.524554 0.97079 0.587054
44 0.508807 0.531529 0.967669 0.618862
35 0.508807 0.531529 0.967669 0.618862
31 0.508807 0.531529 0.967669 0.618862
28 0.508807 0.524554 0.97079 0.587054
57 0.508807 0.531529 0.967669 0.618862
21 0.508807 0.531529 0.967669 0.618862
58 0.508807 0.524554 0.97079 0.587054
30 0.508807 0.531529 0.967669 0.618862
45 0.508807 0.531529 0.967669 0.618862
20 0.508807 0.524554 0.97079 0.587054
65 0.508807 0.531529 0.967669 0.618862
39 0.508807 0.531529 0.967669 0.618862
29 0.508807 0.531529 0.967669 0.618862
54 0.508807 0.524554 0.97079 0.587054
33 0.508807 0.531529 0.967669 0.618862
68 0.506465 0.513672 0.972351 0.573103
59 0.508807 0.531529 0.967669 0.618862
65 0.503344 0.6762 0.683611 0.4601
21 0.503344 0.6762 0.683611 0.4601
2 0.512708 0.555246 0.973912 0.659598
4 0.512708 0.555246 0.973912 0.659598
65 0.513099 0.555246 0.971571 0.66183
33 0.513099 0.555246 0.971571 0.66183
35 0.512708 0.555246 0.973912 0.659598
36 0.512708 0.555246 0.973912 0.659598
21 0.513099 0.555246 0.971571 0.66183
8 0.512708 0.555246 0.973912 0.659598
3 0.512708 0.555246 0.973912 0.659598
1 0.512708 0.555246 0.973912 0.659598
7 0.512708 0.555246 0.973912 0.659598
66 0.512708 0.555246 0.973912 0.659598
45 0.512708 0.555246 0.973912 0.659598
61 0.512708 0.555246 0.973912 0.659598
39 0.512708 0.555246 0.973912 0.659598
10 0.513099 0.555246 0.971571 0.66183
20 0.512708 0.555246 0.973912 0.659598
6 0.512708 0.555246 0.973912 0.659598
28 0.512708 0.555246 0.973912 0.659598
62 0.512708 0.555246 0.973912 0.659598
5 0.512708 0.555246 0.973912 0.659598
34 0.512708 0.555246 0.973912 0.659598
30 0.512708 0.555246 0.973912 0.659598
52 0.513099 0.555246 0.971571 0.66183
54 0.512708 0.555246 0.973912 0.659598
44 0.512708 0.555246 0.973912 0.659598
57 0.512708 0.555246 0.973912 0.659598
69 0.512708 0.555246 0.973912 0.659598
22 0.512708 0.555246 0.973912 0.659598
67 0.512708 0.555246 0.973912 0.659598
56 0.512708 0.555246 0.973912 0.659598
0 0.512708 0.555246 0.973912 0.659598
29 0.513099 0.555246 0.971571 0.66183
32 0.512708 0.555246 0.973912 0.659598
31 0.512708 0.555246 0.973912 0.659598
60 0.512708 0.555246 0.973912 0.659598
23 0.512708 0.555246 0.973912 0.659598
68 0.512708 0.555246 0.973912 0.659598
58 0.512708 0.555246 0.973912 0.659598
59 0.512708 0.555246 0.973912 0.659598
21 0.513099 0.66183 0.834224 0.439732
33 0.513099 0.66183 0.834224 0.439732
4 0.492419 0.4601 0.747602 0.508371
65 0.513099 0.66183 0.834224 0.439732
36 0.513099 0.66183 0.834224 0.439732
36 0.508806 0.526228 0.977033 0.614955
61 0.508806 0.526228 0.977033 0.614955
33 0.508806 0.526228 0.977033 0.614955
21 0.508806 0.525112 0.972351 0.635045
10 0.508806 0.526228 0.977033 0.614955
8 0.508806 0.526228 0.977033 0.614955
4 0.508806 0.513951 0.973912 0.582589
62 0.508806 0.526228 0.977033 0.614955
44 0.508806 0.526228 0.977033 0.614955
65 0.508806 0.525112 0.972351 0.635045
34 0.508806 0.526228 0.977033 0.614955
28 0.508806 0.526228 0.977033 0.614955
52 0.508806 0.526228 0.977033 0.614955
39 0.508806 0.526228 0.977033 0.614955
35 0.508806 0.526228 0.977033 0.614955
23 0.508806 0.526228 0.977033 0.614955
57 0.508806 0.526228 0.977033 0.614955
7 0.508806 0.513951 0.973912 0.582589
67 0.508806 0.526228 0.977033 0.614955
6 0.508806 0.513951 0.973912 0.582589
69 0.508806 0.526228 0.977033 0.614955
2 0.508806 0.526228 0.977033 0.614955
3 0.508806 0.526228 0.977033 0.614955
1 0.508806 0.526228 0.977033 0.614955
20 0.508806 0.526228 0.977033 0.614955
0 0.508806 0.526228 0.977033 0.614955
31 0.508806 0.513951 0.973912 0.582589
30 0.508806 0.526228 0.977033 0.614955
45 0.508806 0.526228 0.977033 0.614955
54 0.508806 0.513951 0.973912 0.582589
29 0.508806 0.513951 0.973912 0.582589
5 0.508806 0.526228 0.977033 0.614955
56 0.508806 0.526228 0.977033 0.614955
66 0.508806 0.513951 0.973912 0.582589
22 0.508806 0.526228 0.977033 0.614955
68 0.508806 0.513951 0.973912 0.582589
32 0.508806 0.526228 0.977033 0.614955
59 0.502563 0.495536 0.967669 0.558036
58 0.508806 0.526228 0.977033 0.614955
60 0.508806 0.526228 0.977033 0.614955
4 0.486176 0.453404 0.817836 0.49721
54 0.486176 0.453404 0.817836 0.49721
33 0.508416 0.543527 0.982496 0.65067
36 0.506856 0.530413 0.985618 0.625558
62 0.506856 0.530413 0.985618 0.625558
65 0.508416 0.543527 0.982496 0.65067
34 0.508416 0.543527 0.982496 0.65067
10 0.508416 0.543527 0.982496 0.65067
35 0.506856 0.530413 0.985618 0.625558
61 0.506856 0.530413 0.985618 0.625558
8 0.506856 0.530413 0.985618 0.625558
21 0.508416 0.543527 0.982496 0.65067
6 0.506856 0.530413 0.985618 0.625558
28 0.506856 0.530413 0.985618 0.625558
2 0.508416 0.543527 0.982496 0.65067
44 0.508416 0.543527 0.982496 0.65067
39 0.506856 0.530413 0.985618 0.625558
52 0.508416 0.543527 0.982496 0.65067
4 0.507636 0.515067 0.979374 0.597098
57 0.506856 0.530413 0.985618 0.625558
30 0.506856 0.530413 0.985618 0.625558
7 0.506856 0.530413 0.985618 0.625558
66 0.506856 0.530413 0.985618 0.625558
69 0.506856 0.530413 0.985618 0.625558
29 0.502563 0.533203 0.989519 0.650112
20 0.506856 0.530413 0.985618 0.625558
67 0.506856 0.530413 0.985618 0.625558
23 0.508416 0.543527 0.982496 0.65067
54 0.506856 0.530413 0.985618 0.625558
1 0.506856 0.530413 0.985618 0.625558
5 0.506856 0.530413 0.985618 0.625558
0 0.506856 0.530413 0.985618 0.625558
22 0.506856 0.530413 0.985618 0.625558
3 0.506856 0.530413 0.985618 0.625558
31 0.507636 0.515067 0.979374 0.597098
60 0.506856 0.530413 0.985618 0.625558
56 0.508416 0.543527 0.982496 0.65067
45 0.502563 0.533203 0.989519 0.650112
32 0.506856 0.530413 0.985618 0.625558
68 0.507636 0.515067 0.979374 0.597098
58 0.506856 0.530413 0.985618 0.625558
33 0.509489 0.629464 0.735311 0.555804
59 0.508416 0.543527 0.982496 0.65067
36 0.509489 0.629464 0.735311 0.555804
65 0.466569 0.592634 0.757162 0.61942
34 0.509489 0.629464 0.735311 0.555804
21 0.509489 0.629464 0.735311 0.555804
62 0.509489 0.629464 0.735311 0.555804
10 0.509489 0.629464 0.735311 0.555804
34 0.510367 0.527902 0.977033 0.633929
65 0.510757 0.521205 0.976253 0.640625
33 0.510367 0.527902 0.977033 0.633929
36 0.510367 0.527902 0.977033 0.633929
8 0.510367 0.527902 0.977033 0.633929
21 0.510757 0.521205 0.976253 0.640625
62 0.510367 0.527902 0.977033 0.633929
61 0.510367 0.527902 0.977033 0.633929
35 0.510367 0.527902 0.977033 0.633929
29 0.506465 0.527902 0.978594 0.647321
4 0.509587 0.5226 0.972351 0.615513
30 0.510367 0.527902 0.977033 0.633929
44 0.510367 0.527902 0.977033 0.633929
28 0.510367 0.527902 0.977033 0.633929
45 0.510367 0.527902 0.977033 0.633929
52 0.510757 0.521205 0.976253 0.640625
39 0.510367 0.527902 0.977033 0.633929
67 0.510367 0.527902 0.977033 0.633929
6 0.509587 0.5226 0.972351 0.615513
54 0.509587 0.5226 0.972351 0.615513
57 0.510367 0.527902 0.977033 0.633929
0 0.510367 0.527902 0.977033 0.633929
66 0.509587 0.5226 0.972351 0.615513
65 0.534169 0.709263 0.854514 0.341518
20 0.506465 0.527902 0.978594 0.647321
23 0.510757 0.521205 0.976253 0.640625
2 0.510367 0.527902 0.977033 0.633929
10 0.510367 0.527902 0.977033 0.633929
21 0.534169 0.709263 0.854514 0.341518
7 0.509587 0.5226 0.972351 0.615513
33 0.534169 0.709263 0.854514 0.341518
1 0.510367 0.527902 0.977033 0.633929
31 0.509587 0.5226 0.972351 0.615513
5 0.510367 0.527902 0.977033 0.633929
56 0.506465 0.527902 0.978594 0.647321
34 0.534169 0.709263 0.854514 0.341518
69 0.510367 0.527902 0.977033 0.633929
22 0.510367 0.527902 0.977033 0.633929
32 0.510367 0.527902 0.977033 0.633929
3 0.510367 0.527902 0.977033 0.633929
60 0.510367 0.527902 0.977033 0.633929
62 0.534169 0.709263 0.854514 0.341518
36 0.534169 0.709263 0.854514 0.341518
68 0.509587 0.5226 0.972351 0.615513
59 0.510757 0.521205 0.976253 0.640625
29 0.534169 0.709263 0.854514 0.341518
8 0.534169 0.709263 0.854514 0.341518
44 0.534169 0.709263 0.854514 0.341518
35 0.534169 0.709263 0.854514 0.341518
45 0.534169 0.709263 0.854514 0.341518
4 0.534169 0.709263 0.854514 0.341518
61 0.534169 0.709263 0.854514 0.341518
52 0.534169 0.709263 0.854514 0.341518
57 0.534169 0.709263 0.854514 0.341518
65 0.499052 0.737723 0.696878 0.3125
23 0.534169 0.709263 0.854514 0.341518
21 0.499052 0.737723 0.696878 0.3125
20 0.534169 0.709263 0.854514 0.341518
30 0.534169 0.709263 0.854514 0.341518
4 0.499052 0.737723 0.696878 0.3125
6 0.534169 0.709263 0.854514 0.341518
28 0.534169 0.709263 0.854514 0.341518
65 0.518269 0.452846 0.789548 0.554129
39 0.534169 0.709263 0.854514 0.341518
34 0.499052 0.737723 0.696878 0.3125
54 0.534169 0.709263 0.854514 0.341518
2 0.534169 0.709263 0.854514 0.341518
10 0.534169 0.709263 0.854514 0.341518
67 0.534169 0.709263 0.854514 0.341518
36 0.510367 0.547852 0.977033 0.676618
61 0.510367 0.547852 0.977033 0.676618
34 0.510367 0.547852 0.977033 0.676618
33 0.510367 0.547852 0.977033 0.676618
62 0.510367 0.547852 0.977033 0.676618
8 0.504905 0.544782 0.978594 0.687221
21 0.510367 0.547852 0.977033 0.676618
65 0.511148 0.538504 0.972351 0.671875
35 0.510367 0.547852 0.977033 0.676618
10 0.510367 0.547852 0.977033 0.676618
52 0.510367 0.547852 0.977033 0.676618
44 0.504905 0.544782 0.978594 0.687221
30 0.499832 0.546875 0.965328 0.683036
28 0.510367 0.547852 0.977033 0.676618
29 0.499832 0.546875 0.965328 0.683036
6 0.509587 0.549247 0.972351 0.6649
39 0.510367 0.547852 0.977033 0.676618
67 0.510367 0.547852 0.977033 0.676618
57 0.504905 0.544782 0.978594 0.687221
23 0.510367 0.547852 0.977033 0.676618
4 0.509587 0.549247 0.972351 0.6649
45 0.504905 0.544782 0.978594 0.687221
2 0.510367 0.547852 0.977033 0.676618
69 0.510367 0.547852 0.977033 0.676618
66 0.499832 0.546875 0.965328 0.683036
0 0.510367 0.547852 0.977033 0.676618
54 0.499832 0.546875 0.965328 0.683036
60 0.510367 0.547852 0.977033 0.676618
7 0.509587 0.549247 0.972351 0.6649
20 0.499832 0.546875 0.965328 0.683036
56 0.504905 0.544782 0.978594 0.687221
31 0.499832 0.546875 0.965328 0.683036
65 0.517 0.589286 0.793644 0.606027
1 0.510367 0.547852 0.977033 0.676618
22 0.510367 0.547852 0.977033 0.676618
32 0.509587 0.549247 0.972351 0.6649
5 0.510367 0.547852 0.977033 0.676618
68 0.509587 0.549247 0.972351 0.6649
58 0.510367 0.547852 0.977033 0.676618
65 0.503344 0.458147 0.802229 0.503348
3 0.509587 0.549247 0.972351 0.6649
59 0.499832 0.546875 0.965328 0.683036
21 0.503344 0.458147 0.802229 0.503348
34 0.558361 0.640625 0.623522 0.484375
34 0.503344 0.458147 0.802229 0.503348
33 0.503344 0.458147 0.802229 0.503348
36 0.503344 0.458147 0.802229 0.503348
61 0.508584 0.515904 0.982832 0.583147
33 0.508584 0.515904 0.982832 0.583147
36 0.508584 0.515904 0.982832 0.583147
34 0.508584 0.515904 0.982832 0.583147
62 0.508584 0.515904 0.982832 0.583147
65 0.509755 0.518973 0.980491 0.591518
21 0.509755 0.512277 0.980491 0.591518
35 0.509755 0.518973 0.980491 0.591518
10 0.508584 0.515904 0.982832 0.583147
8 0.502954 0.518694 0.982496 0.609933
44 0.502563 0.512835 0.973912 0.617187
52 0.508584 0.515904 0.982832 0.583147
39 0.508584 0.515904 0.982832 0.583147
28 0.508584 0.515904 0.982832 0.583147
29 0.501003 0.516183 0.977033 0.613839
30 0.502563 0.512835 0.973912 0.617187
45 0.502563 0.512835 0.973912 0.617187
57 0.502563 0.512835 0.973912 0.617187
67 0.508584 0.515904 0.982832 0.583147
6 0.509755 0.518973 0.980491 0.591518
23 0.509755 0.512277 0.980491 0.591518
7 0.509755 0.518973 0.980491 0.591518
66 0.502563 0.512835 0.973912 0.617187
2 0.502563 0.512835 0.973912 0.617187
4 0.509755 0.518973 0.980491 0.591518
20 0.502563 0.512835 0.973912 0.617187
54 0.502563 0.512835 0.973912 0.617187
60 0.509755 0.512277 0.980491 0.591518
31 0.502563 0.512835 0.973912 0.617187
0 0.508584 0.515904 0.982832 0.583147
56 0.509755 0.512277 0.980491 0.591518
69 0.509365 0.517299 0.981271 0.577009
32 0.509755 0.512277 0.980491 0.591518
68 0.509755 0.518973 0.980491 0.591518
1 0.502563 0.512835 0.973912 0.617187
22 0.509755 0.518973 0.980491 0.591518
5 0.509755 0.512277 0.980491 0.591518
3 0.509755 0.512277 0.980491 0.591518
59 0.509755 0.512277 0.980491 0.591518
65 0.51544 0.71317 0.749943 0.3125
65 0.457302 0.436942 0.820958 0.704241
58 0.509755 0.512277 0.980491 0.591518
21 0.51544 0.71317 0.749943 0.3125
33 0.51544 0.71317 0.749943 0.3125
33 0.457302 0.436942 0.820958 0.704241
21 0.387458 0.473772 0.712485 0.620536
36 0.512486 0.518415 0.975028 0.585937
33 0.512486 0.518415 0.975028 0.585937
61 0.512486 0.518415 0.975028 0.585937
34 0.512486 0.518415 0.975028 0.585937
65 0.512876 0.518136 0.974248 0.570871
62 0.510535 0.51144 0.97893 0.573103
35 0.512876 0.518136 0.974248 0.570871
21 0.512486 0.518415 0.975028 0.585937
8 0.510925 0.52567 0.978149 0.607143
10 0.512486 0.518415 0.975028 0.585937
52 0.510535 0.51144 0.97893 0.573103
39 0.512876 0.518136 0.974248 0.570871
30 0.512876 0.518136 0.974248 0.570871
44 0.507246 0.518136 0.967669 0.580915
28 0.512486 0.518415 0.975028 0.585937
45 0.512876 0.518136 0.974248 0.570871
66 0.507246 0.518136 0.967669 0.580915
29 0.512876 0.518136 0.974248 0.570871
6 0.512876 0.518136 0.974248 0.570871
57 0.512876 0.518136 0.974248 0.570871
60 0.510535 0.51144 0.97893 0.573103
67 0.510535 0.51144 0.97893 0.573103
7 0.512876 0.518136 0.974248 0.570871
54 0.512876 0.518136 0.974248 0.570871
20 0.512876 0.518136 0.974248 0.570871
2 0.512876 0.518136 0.974248 0.570871
23 0.513657 0.520647 0.972687 0.601562
31 0.512876 0.518136 0.974248 0.570871
62 0.520512 0.594308 0.90836 0.501116
56 0.513657 0.520647 0.972687 0.601562
0 0.510535 0.51144 0.97893 0.573103
65 0.527926 0.727121 0.78428 0.351562
4 0.512876 0.518136 0.974248 0.570871
69 0.510535 0.51144 0.97893 0.573103
68 0.511706 0.51702 0.976589 0.573103
32 0.512876 0.518136 0.974248 0.570871
22 0.510535 0.51144 0.97893 0.573103
1 0.512876 0.518136 0.974248 0.570871
21 0.527926 0.727121 0.78428 0.351562
33 0.527926 0.727121 0.78428 0.351562
36 0.527926 0.727121 0.78428 0.351562
34 0.527926 0.727121 0.78428 0.351562
36 0.507414 0.510672 0.985173 0.561244
61 0.507414 0.510672 0.985173 0.561244
34 0.508584 0.51423 0.982832 0.575335
33 0.508584 0.51423 0.982832 0.575335
62 0.508584 0.51423 0.982832 0.575335
21 0.508584 0.51423 0.982832 0.575335
35 0.509755 0.512207 0.980491 0.564872
65 0.508584 0.51423 0.982832 0.575335
8 0.508584 0.51423 0.982832 0.575335
10 0.508584 0.51423 0.982832 0.575335
29 0.508584 0.51423 0.982832 0.575335
44 0.508584 0.51423 0.982832 0.575335
30 0.497881 0.507882 0.97079 0.55678
39 0.509755 0.512207 0.980491 0.564872
52 0.508584 0.51423 0.982832 0.575335
28 0.508584 0.51423 0.982832 0.575335
57 0.509755 0.512207 0.980491 0.564872
45 0.508584 0.51423 0.982832 0.575335
66 0.509755 0.512207 0.980491 0.564872
6 0.508584 0.51423 0.982832 0.575335
67 0.508584 0.51423 0.982832 0.575335
23 0.508584 0.51423 0.982832 0.575335
60 0.508584 0.51423 0.982832 0.575335
56 0.508584 0.51423 0.982832 0.575335
54 0.508584 0.51423 0.982832 0.575335
7 0.509755 0.512207 0.980491 0.564872
2 0.497881 0.507882 0.97079 0.55678
32 0.502173 0.512556 0.985617 0.577567
31 0.509755 0.512207 0.980491 0.564872
4 0.497881 0.507882 0.97079 0.55678
20 0.508584 0.51423 0.982832 0.575335
0 0.508584 0.51423 0.982832 0.575335
69 0.508584 0.51423 0.982832 0.575335
68 0.508584 0.51423 0.982832 0.575335
36 0.509755 0.510603 0.980491 0.585937
33 0.509755 0.510603 0.980491 0.58817
34 0.509755 0.510603 0.980491 0.58817
61 0.509755 0.510603 0.980491 0.58817
65 0.510925 0.510045 0.978149 0.58817
62 0.509755 0.510603 0.980491 0.585937
21 0.510925 0.510045 0.978149 0.58817
35 0.509755 0.512277 0.980491 0.58817
29 0.508584 0.512835 0.982832 0.601562
8 0.508584 0.512835 0.982832 0.601562
30 0.504124 0.511161 0.975473 0.602679
45 0.505685 0.512277 0.973912 0.604911
39 0.509755 0.512277 0.980491 0.58817
10 0.509755 0.510603 0.980491 0.585937
66 0.508584 0.512835 0.982832 0.601562
52 0.509755 0.510603 0.980491 0.585937
44 0.505685 0.512277 0.973912 0.604911
57 0.509755 0.512277 0.980491 0.58817
6 0.509755 0.510603 0.980491 0.585937
28 0.510925 0.510045 0.978149 0.58817
20 0.504124 0.511161 0.975473 0.602679
54 0.509755 0.512277 0.980491 0.58817
7 0.509755 0.512277 0.980491 0.58817
67 0.509755 0.510603 0.980491 0.585937
31 0.504124 0.511161 0.975473 0.602679
2 0.504124 0.511161 0.975473 0.602679
60 0.509755 0.510603 0.980491 0.585937
23 0.510925 0.510045 0.978149 0.58817
65 0.471348 0.703125 0.744481 0.447545
56 0.504124 0.511161 0.975473 0.602679
4 0.504124 0.511161 0.975473 0.602679
68 0.513657 0.513951 0.972687 0.58817
34 0.54246 0.560826 0.763015 0.590402
62 0.508026 0.515346 0.981716 0.601004
61 0.508806 0.512556 0.977033 0.604353
34 0.508806 0.512556 0.977033 0.604353
36 0.508026 0.515346 0.981716 0.601004
33 0.508806 0.512556 0.977033 0.604353
65 0.508026 0.511161 0.973912 0.609375
21 0.503344 0.517857 0.96923 0.642857
10 0.508026 0.515346 0.981716 0.601004
35 0.507246 0.505022 0.977033 0.579241
52 0.508026 0.515346 0.981716 0.601004
8 0.505685 0.515067 0.973912 0.625
39 0.507246 0.505022 0.977033 0.579241
23 0.503344 0.517857 0.96923 0.642857
29 0.505685 0.515067 0.973912 0.625
60 0.508026 0.515346 0.981716 0.601004
30 0.504124 0.498326 0.97079 0.603795
67 0.508026 0.515346 0.981716 0.601004
45 0.504124 0.498326 0.97079 0.603795
28 0.508026 0.511161 0.973912 0.609375
57 0.507246 0.505022 0.977033 0.579241
44 0.504124 0.498326 0.97079 0.603795
69 0.508026 0.515346 0.981716 0.601004
2 0.504124 0.498326 0.97079 0.603795
18 0.508806 0.512556 0.977033 0.604353
7 0.507246 0.505022 0.977033 0.579241
34 0.562262 0.570173 0.673466 0.558315
56 0.504124 0.498326 0.97079 0.603795
36 0.509365 0.501395 0.981271 0.592076
61 0.509365 0.501395 0.981271 0.592076
62 0.510145 0.503906 0.97971 0.58817
34 0.509365 0.501395 0.981271 0.592076
35 0.510145 0.500279 0.97971 0.595424
33 0.509365 0.501395 0.981271 0.592076
21 0.510145 0.500279 0.97971 0.595424
8 0.510145 0.500279 0.97971 0.595424
30 0.504905 0.497489 0.978594 0.609933
10 0.510145 0.503906 0.97971 0.58817
65 0.510145 0.500279 0.97971 0.595424
29 0.504514 0.5 0.979374 0.602679
39 0.510145 0.500279 0.97971 0.595424
52 0.510145 0.503906 0.97971 0.58817
6 0.510145 0.500279 0.97971 0.595424
60 0.510145 0.500279 0.97971 0.595424
45 0.510145 0.500279 0.97971 0.595424
67 0.510145 0.503906 0.97971 0.58817
44 0.504905 0.497489 0.978594 0.609933
57 0.510145 0.500279 0.97971 0.595424
66 0.504905 0.497489 0.978594 0.609933
28 0.510145 0.503906 0.97971 0.58817
54 0.510145 0.500279 0.97971 0.595424
7 0.510145 0.500279 0.97971 0.595424
36 0.633569 0.511719 0.696292 0.608259
32 0.510925 0.504743 0.978149 0.588728
0 0.510145 0.500279 0.97971 0.595424
23 0.510367 0.500558 0.973912 0.59375
31 0.504905 0.497489 0.978594 0.609933
2 0.510145 0.500279 0.97971 0.595424
69 0.510145 0.503906 0.97971 0.58817
36 0.412722 0.447824 0.772769 0.541853
56 0.510367 0.500558 0.973912 0.59375
36 0.507246 0.507533 0.983276 0.614397
61 0.507246 0.507533 0.983276 0.614397
62 0.509365 0.507812 0.981271 0.602679
34 0.509365 0.507812 0.981271 0.602679
33 0.506465 0.503069 0.981716 0.611049
35 0.506465 0.503069 0.981716 0.611049
8 0.506465 0.503069 0.981716 0.611049
21 0.506465 0.503069 0.981716 0.611049
10 0.509365 0.507812 0.981271 0.602679
39 0.506465 0.503069 0.981716 0.611049
65 0.506465 0.503069 0.981716 0.611049
30 0.506465 0.503069 0.981716 0.611049
60 0.506465 0.503069 0.981716 0.611049
52 0.509365 0.507812 0.981271 0.602679
29 0.509365 0.507812 0.981271 0.602679
57 0.506465 0.503069 0.981716 0.611049
28 0.508416 0.501116 0.977814 0.618304
67 0.509365 0.507812 0.981271 0.602679
6 0.506465 0.503069 0.981716 0.611049
45 0.506465 0.503069 0.981716 0.611049
7 0.510145 0.507254 0.97971 0.603795
66 0.506465 0.503069 0.981716 0.611049
36 0.634447 0.470703 0.671125 0.654576
36 0.671028 0.586077 0.599525 0.4774
23 0.508416 0.501116 0.977814 0.618304
32 0.510145 0.507254 0.97971 0.603795
34 0.671028 0.586077 0.599525 0.4774
2 0.504905 0.502511 0.980155 0.637835
44 0.504905 0.502511 0.980155 0.637835
56 0.508416 0.501116 0.977814 0.618304
0 0.506465 0.503069 0.981716 0.611049
34 0.507804 0.517299 0.984392 0.601562
36 0.507804 0.517299 0.984392 0.601562
61 0.507804 0.517299 0.984392 0.601562
62 0.507804 0.517299 0.984392 0.601562
65 0.508974 0.509208 0.982051 0.604353
33 0.509365 0.515067 0.981271 0.592634
21 0.508974 0.509208 0.982051 0.604353
29 0.508974 0.509208 0.982051 0.604353
35 0.508974 0.515625 0.982051 0.595982
45 0.504124 0.508092 0.984837 0.634487
10 0.508974 0.509208 0.982051 0.604353
8 0.508974 0.509208 0.982051 0.604353
52 0.509365 0.515067 0.981271 0.592634
44 0.504124 0.508092 0.984837 0.634487
30 0.508974 0.509208 0.982051 0.604353
57 0.508974 0.515625 0.982051 0.595982
39 0.508974 0.515625 0.982051 0.595982
54 0.508974 0.509208 0.982051 0.604353
66 0.504124 0.508092 0.984837 0.634487
28 0.508974 0.509208 0.982051 0.604353
56 0.508974 0.509208 0.982051 0.604353
60 0.508974 0.515625 0.982051 0.595982
67 0.508974 0.509208 0.982051 0.604353
36 0.508807 0.518973 0.981716 0.578125
61 0.505295 0.520368 0.984057 0.579799
34 0.505685 0.510324 0.983276 0.582031
62 0.505685 0.510324 0.983276 0.582031
33 0.505685 0.510324 0.983276 0.582031
35 0.505685 0.518415 0.980155 0.574777
21 0.505685 0.510324 0.983276 0.582031
10 0.505685 0.510324 0.983276 0.582031
65 0.505685 0.510324 0.983276 0.582031
29 0.505685 0.510324 0.983276 0.582031
39 0.505685 0.518415 0.980155 0.574777
8 0.505685 0.518415 0.980155 0.574777
30 0.505685 0.518415 0.980155 0.574777
60 0.505685 0.518415 0.980155 0.574777
52 0.505685 0.510324 0.983276 0.582031
45 0.498662 0.50865 0.984837 0.584263
57 0.505685 0.518415 0.980155 0.574777
67 0.505685 0.518415 0.980155 0.574777
23 0.505685 0.510324 0.983276 0.582031
28 0.505685 0.510324 0.983276 0.582031
44 0.498662 0.50865 0.984837 0.584263
32 0.505685 0.518415 0.980155 0.574777
56 0.505685 0.510324 0.983276 0.582031
34 0.644982 0.623326 0.667223 0.366071
66 0.505685 0.518415 0.980155 0.574777
2 0.499832 0.517857 0.982496 0.580357
0 0.505685 0.518415 0.980155 0.574777
58 0.505685 0.518415 0.980155 0.574777
4 0.505685 0.518415 0.980155 0.574777
14 0.505295 0.520368 0.984057 0.579799
7 0.510925 0.518415 0.978149 0.579241
61 0.506243 0.512556 0.987514 0.611049
36 0.506243 0.512556 0.987514 0.611049
34 0.506243 0.509487 0.987514 0.603795
62 0.510145 0.512835 0.97971 0.603795
33 0.506243 0.509487 0.987514 0.603795
35 0.507804 0.513114 0.984392 0.603237
21 0.506243 0.509487 0.987514 0.603795
10 0.506243 0.509487 0.987514 0.603795
29 0.506243 0.509487 0.987514 0.603795
30 0.506243 0.509487 0.987514 0.603795
8 0.506243 0.509487 0.987514 0.603795
39 0.507804 0.513114 0.984392 0.603237
60 0.507804 0.513114 0.984392 0.603237
65 0.506243 0.509487 0.987514 0.603795
52 0.511706 0.512277 0.976589 0.602679
45 0.501003 0.511161 0.989519 0.611607
67 0.506243 0.509487 0.987514 0.603795
28 0.511706 0.512277 0.976589 0.602679
44 0.507804 0.513114 0.984392 0.603237
57 0.507804 0.513114 0.984392 0.603237
56 0.506243 0.509487 0.987514 0.603795
34 0.59855 0.577009 0.769453 0.488839
66 0.507804 0.513114 0.984392 0.603237
54 0.511706 0.512277 0.976589 0.602679
23 0.506243 0.509487 0.987514 0.603795
32 0.507804 0.513114 0.984392 0.603237
14 0.506243 0.512556 0.987514 0.611049
36 0.59855 0.577009 0.769453 0.488839
36 0.623132 0.483259 0.696878 0.607143
6 0.506243 0.509487 0.987514 0.603795
36 0.507804 0.517578 0.984392 0.587612
61 0.505463 0.518415 0.989075 0.601562
34 0.505853 0.515067 0.988294 0.600446
62 0.507804 0.517578 0.984392 0.587612
35 0.506243 0.516183 0.987514 0.595982
33 0.507804 0.517578 0.984392 0.587612
29 0.505853 0.515067 0.988294 0.600446
21 0.506243 0.516183 0.987514 0.595982
65 0.505853 0.515067 0.988294 0.600446
30 0.506243 0.516183 0.987514 0.595982
10 0.505853 0.515067 0.988294 0.600446
39 0.506243 0.516183 0.987514 0.595982
60 0.506243 0.516183 0.987514 0.595982
8 0.501783 0.521484 0.99108 0.619978
45 0.506243 0.516183 0.987514 0.595982
57 0.506243 0.516183 0.987514 0.595982
52 0.506243 0.516183 0.987514 0.595982
67 0.506243 0.516183 0.987514 0.595982
32 0.506243 0.516183 0.987514 0.595982
28 0.505853 0.515067 0.988294 0.600446
23 0.500222 0.518973 0.987959 0.618304
36 0.510925 0.518415 0.978149 0.606027
61 0.510925 0.518415 0.978149 0.606027
62 0.509755 0.514788 0.980491 0.59654
34 0.509755 0.514788 0.980491 0.59654
35 0.510925 0.518415 0.978149 0.606027
10 0.509755 0.514788 0.980491 0.59654
33 0.510925 0.518415 0.978149 0.606027
60 0.510535 0.51702 0.97893 0.602121
39 0.510925 0.518415 0.978149 0.606027
52 0.510535 0.51702 0.97893 0.602121
30 0.510925 0.518415 0.978149 0.606027
8 0.510925 0.518415 0.978149 0.606027
21 0.510925 0.518415 0.978149 0.606027
67 0.510925 0.518415 0.978149 0.606027
65 0.511148 0.505301 0.975473 0.598772
29 0.511148 0.505301 0.975473 0.598772
28 0.511148 0.505301 0.975473 0.598772
57 0.510925 0.518415 0.978149 0.606027
6 0.508806 0.520647 0.977033 0.635045
54 0.511148 0.505301 0.975473 0.598772
44 0.508806 0.520647 0.977033 0.635045
45 0.510925 0.518415 0.978149 0.606027
2 0.510925 0.518415 0.978149 0.606027
32 0.510925 0.518415 0.978149 0.606027
66 0.508806 0.520647 0.977033 0.635045
69 0.510535 0.51702 0.97893 0.602121
56 0.510925 0.518415 0.978149 0.606027
58 0.510535 0.51702 0.97893 0.602121
36 0.508584 0.526507 0.982832 0.623326
61 0.508584 0.526507 0.982832 0.623326
34 0.508194 0.521763 0.983612 0.617188
62 0.510925 0.526228 0.978149 0.611607
35 0.508194 0.518136 0.983612 0.613281
33 0.510925 0.526228 0.978149 0.611607
21 0.508194 0.521763 0.983612 0.617188
10 0.508194 0.521763 0.983612 0.617188
39 0.508194 0.518136 0.983612 0.613281
29 0.508194 0.521763 0.983612 0.617188
60 0.508194 0.518136 0.983612 0.613281
8 0.508194 0.521763 0.983612 0.617188
30 0.508194 0.518136 0.983612 0.613281
65 0.508194 0.521763 0.983612 0.617188
52 0.511706 0.520089 0.976589 0.611607
28 0.508194 0.521763 0.983612 0.617188
36 0.650055 0.46875 0.644592 0.669643
45 0.505463 0.5226 0.989075 0.634487
67 0.508194 0.518136 0.983612 0.613281
44 0.505463 0.5226 0.989075 0.634487
32 0.508194 0.518136 0.983612 0.613281
14 0.508584 0.526507 0.982832 0.623326
23 0.508194 0.521763 0.983612 0.617188
36 0.505685 0.515625 0.986398 0.611607
61 0.505685 0.515625 0.986398 0.611607
34 0.510145 0.51144 0.97971 0.593192
35 0.505685 0.515625 0.986398 0.611607
62 0.510145 0.51144 0.97971 0.593192
39 0.505685 0.515625 0.986398 0.611607
10 0.510145 0.51144 0.97971 0.593192
60 0.510535 0.514788 0.97893 0.599888
30 0.500222 0.518415 0.983276 0.631696
8 0.500222 0.518415 0.983276 0.631696
33 0.505685 0.515625 0.986398 0.611607
21 0.505685 0.515625 0.986398 0.611607
29 0.505685 0.501116 0.984837 0.613839
52 0.505685 0.501116 0.984837 0.613839
65 0.505685 0.501116 0.984837 0.613839
32 0.500222 0.518415 0.983276 0.631696
36 0.625083 0.485212 0.683611 0.616629
67 0.505685 0.501116 0.984837 0.613839
28 0.505685 0.501116 0.984837 0.613839
6 0.500222 0.518415 0.983276 0.631696
44 0.500222 0.518415 0.983276 0.631696
57 0.505685 0.515625 0.986398 0.611607
61 0.505072 0.529018 0.989855 0.601562
36 0.505072 0.529018 0.989855 0.601562
34 0.505463 0.516741 0.989075 0.591518
35 0.505072 0.529576 0.989855 0.606027
62 0.509755 0.522321 0.980491 0.587054
39 0.505072 0.529576 0.989855 0.606027
60 0.505072 0.529576 0.989855 0.606027
10 0.510145 0.515625 0.97971 0.589286
33 0.505072 0.529576 0.989855 0.606027
21 0.505463 0.516741 0.989075 0.591518
30 0.505072 0.529576 0.989855 0.606027
8 0.505463 0.516741 0.989075 0.591518
29 0.505463 0.516741 0.989075 0.591518
52 0.510145 0.515625 0.97971 0.589286
61 0.642349 0.558036 0.69122 0.524554
67 0.510145 0.515625 0.97971 0.589286
36 0.642349 0.558036 0.69122 0.524554
34 0.642349 0.558036 0.69122 0.524554
32 0.505072 0.529576 0.989855 0.606027
28 0.505463 0.516741 0.989075 0.591518
57 0.505072 0.529576 0.989855 0.606027
65 0.505463 0.516741 0.989075 0.591518
45 0.500222 0.521763 0.986398 0.600446
0 0.505072 0.529576 0.989855 0.606027
6 0.505072 0.529576 0.989855 0.606027
58 0.505463 0.516741 0.989075 0.591518
23 0.505463 0.516741 0.989075 0.591518
10 0.642349 0.558036 0.69122 0.524554
60 0.642349 0.558036 0.69122 0.524554
7 0.505072 0.529576 0.989855 0.606027
62 0.642349 0.558036 0.69122 0.524554
69 0.510145 0.525112 0.97971 0.597098
66 0.505072 0.529576 0.989855 0.606027
36 0.508584 0.508371 0.982832 0.56808
34 0.509755 0.513393 0.980491 0.587054
61 0.508194 0.50865 0.983612 0.578683
33 0.509755 0.513393 0.980491 0.587054
35 0.509755 0.511998 0.980491 0.576451
62 0.509755 0.513393 0.980491 0.587054
21 0.509755 0.512277 0.980491 0.580357
65 0.509755 0.512277 0.980491 0.580357
39 0.508584 0.508371 0.982832 0.56808
29 0.506243 0.501395 0.987514 0.573103
60 0.509755 0.511998 0.980491 0.576451
30 0.509755 0.511998 0.980491 0.576451
8 0.508584 0.508371 0.982832 0.56808
10 0.509755 0.513393 0.980491 0.587054
34 0.651616 0.542271 0.677368 0.558315
23 0.509755 0.512277 0.980491 0.580357
52 0.509755 0.512277 0.980491 0.580357
36 0.614158 0.474609 0.725752 0.648996
45 0.507023 0.500558 0.985953 0.56808
57 0.507023 0.500558 0.985953 0.56808
28 0.509755 0.512277 0.980491 0.580357
61 0.507023 0.520089 0.985953 0.601562
36 0.507023 0.520089 0.985953 0.601562
35 0.507414 0.51981 0.985173 0.588728
34 0.506633 0.511719 0.986734 0.600446
62 0.506633 0.511719 0.986734 0.600446
39 0.507414 0.51981 0.985173 0.588728
60 0.510925 0.521763 0.978149 0.587054
30 0.510925 0.521763 0.978149 0.587054
10 0.511315 0.514509 0.977369 0.600446
33 0.512876 0.522879 0.974248 0.597098
8 0.506633 0.511719 0.986734 0.600446
32 0.510925 0.521763 0.978149 0.587054
21 0.507414 0.51981 0.985173 0.588728
29 0.506633 0.511719 0.986734 0.600446
67 0.506633 0.511719 0.986734 0.600446
14 0.507023 0.520089 0.985953 0.601562
28 0.506633 0.511719 0.986734 0.600446
36 0.686342 0.514788 0.626644 0.628906
52 0.506633 0.511719 0.986734 0.600446
44 0.507414 0.51981 0.985173 0.588728
66 0.510925 0.521763 0.978149 0.587054
36 0.505853 0.522879 0.988294 0.601562
61 0.505853 0.522879 0.988294 0.601562
34 0.505685 0.524554 0.987959 0.626116
35 0.505853 0.522879 0.988294 0.601562
33 0.505853 0.522879 0.988294 0.601562
62 0.505685 0.524554 0.987959 0.626116
39 0.505853 0.522879 0.988294 0.601562
60 0.510145 0.5226 0.97971 0.599888
30 0.504124 0.521763 0.987959 0.616071
10 0.505685 0.524554 0.987959 0.626116
8 0.503344 0.532087 0.99108 0.634487
29 0.505685 0.524554 0.987959 0.626116
21 0.501003 0.527623 0.983276 0.645647
14 0.505853 0.529297 0.988294 0.619978
65 0.505685 0.524554 0.987959 0.626116
32 0.504124 0.521763 0.987959 0.616071
67 0.505685 0.524554 0.987959 0.626116
36 0.509755 0.51981 0.980491 0.625558
61 0.509755 0.51981 0.980491 0.625558
34 0.509755 0.515067 0.980491 0.622768
35 0.509755 0.51981 0.980491 0.625558
33 0.509755 0.51981 0.980491 0.625558
60 0.509755 0.51981 0.980491 0.625558
62 0.510145 0.520926 0.97971 0.617746
39 0.509755 0.51981 0.980491 0.625558
30 0.510145 0.520926 0.97971 0.617746
29 0.509755 0.515067 0.980491 0.622768
21 0.506856 0.514509 0.974692 0.640625
65 0.509755 0.515067 0.980491 0.622768
10 0.509755 0.51981 0.980491 0.625558
8 0.508806 0.518415 0.980155 0.641741
32 0.510145 0.520926 0.97971 0.617746
67 0.509755 0.51981 0.980491 0.625558
36 0.646836 0.51702 0.658834 0.637835
14 0.510145 0.518973 0.97971 0.627232
36 0.506243 0.517299 0.987514 0.598214
61 0.506243 0.509208 0.987514 0.609933
34 0.506243 0.509208 0.987514 0.609933
35 0.506243 0.517299 0.987514 0.598214
62 0.506243 0.509208 0.987514 0.609933
33 0.506243 0.517299 0.987514 0.598214
30 0.510535 0.517857 0.97893 0.594866
39 0.506243 0.517299 0.987514 0.598214
29 0.501783 0.511161 0.983276 0.620536
60 0.510535 0.517857 0.97893 0.594866
10 0.506243 0.509208 0.987514 0.609933
8 0.506243 0.509208 0.987514 0.609933
21 0.501783 0.511161 0.983276 0.620536
65 0.506243 0.509208 0.987514 0.609933
54 0.506243 0.509208 0.987514 0.609933
66 0.510535 0.517857 0.97893 0.594866
6 0.510535 0.517857 0.97893 0.594866
32 0.510535 0.517857 0.97893 0.594866
28 0.510925 0.513951 0.978149 0.606027
61 0.508584 0.513672 0.982832 0.616629
36 0.508584 0.516462 0.982832 0.605469
34 0.508584 0.513672 0.982832 0.616629
62 0.508584 0.513672 0.982832 0.616629
35 0.511315 0.518973 0.977369 0.600446
33 0.513266 0.518694 0.973467 0.603237
10 0.508584 0.513672 0.982832 0.616629
60 0.511315 0.518973 0.977369 0.600446
39 0.511315 0.518973 0.977369 0.600446
29 0.508584 0.513672 0.982832 0.616629
21 0.508584 0.516462 0.982832 0.605469
30 0.511315 0.518973 0.977369 0.600446
36 0.605573 0.479632 0.755406 0.582031
8 0.508584 0.513672 0.982832 0.616629
65 0.508584 0.513672 0.982832 0.616629
34 0.641861 0.554827 0.685952 0.542132
14 0.508584 0.515625 0.982832 0.609375
28 0.508584 0.513672 0.982832 0.616629
61 0.510145 0.518973 0.97971 0.587054
36 0.507246 0.522321 0.983276 0.600446
34 0.510145 0.516183 0.97971 0.58817
35 0.507246 0.522321 0.983276 0.600446
62 0.510925 0.522321 0.978149 0.598214
29 0.506465 0.511719 0.981716 0.58817
21 0.499442 0.513951 0.977033 0.59375
33 0.507246 0.522321 0.983276 0.600446
60 0.510925 0.522321 0.978149 0.598214
30 0.510925 0.522321 0.978149 0.598214
39 0.507246 0.522321 0.983276 0.600446
10 0.510145 0.516183 0.97971 0.58817
65 0.506465 0.511719 0.981716 0.58817
8 0.499442 0.513951 0.977033 0.59375
67 0.510925 0.522321 0.978149 0.598214
66 0.507246 0.522321 0.983276 0.600446
32 0.510925 0.522321 0.978149 0.598214
45 0.499442 0.513951 0.977033 0.59375
28 0.499442 0.513951 0.977033 0.59375
36 0.507804 0.532366 0.984392 0.609375
61 0.508194 0.526228 0.983612 0.618304
34 0.510535 0.52567 0.97893 0.609375
62 0.508194 0.526228 0.983612 0.618304
29 0.508194 0.526228 0.983612 0.618304
33 0.507804 0.532366 0.984392 0.609375
21 0.507246 0.533203 0.981716 0.626674
65 0.510535 0.52567 0.97893 0.609375
35 0.507804 0.532366 0.984392 0.609375
10 0.508194 0.526228 0.983612 0.618304
60 0.510925 0.53125 0.978149 0.607143
30 0.510535 0.52567 0.97893 0.609375
36 0.669564 0.493862 0.558751 0.574777
39 0.507804 0.532366 0.984392 0.609375
36 0.506633 0.527344 0.986734 0.617188
61 0.507414 0.520926 0.985173 0.630022
34 0.507414 0.520926 0.985173 0.630022
33 0.506633 0.527344 0.986734 0.617188
35 0.506633 0.527344 0.986734 0.617188
62 0.507414 0.520926 0.985173 0.630022
60 0.506633 0.527344 0.986734 0.617188
39 0.506633 0.527344 0.986734 0.617188
65 0.507414 0.520926 0.985173 0.630022
10 0.507414 0.520926 0.985173 0.630022
30 0.510145 0.523158 0.97971 0.598772
29 0.507414 0.520926 0.985173 0.630022
8 0.504124 0.533482 0.983276 0.659598
36 0.508584 0.515625 0.982832 0.609375
61 0.509365 0.515625 0.981271 0.608259
34 0.511706 0.518973 0.976589 0.59933
35 0.508584 0.515625 0.982832 0.609375
33 0.511706 0.518973 0.976589 0.59933
62 0.509365 0.515625 0.981271 0.608259
10 0.509365 0.515625 0.981271 0.608259
60 0.511706 0.519531 0.976589 0.601562
39 0.508584 0.515625 0.982832 0.609375
8 0.511706 0.518973 0.976589 0.59933
30 0.511706 0.519531 0.976589 0.601562
21 0.509365 0.515625 0.981271 0.608259
29 0.509365 0.515625 0.981271 0.608259
65 0.509365 0.515625 0.981271 0.608259
36 0.643714 0.542969 0.682245 0.565848
14 0.510145 0.51981 0.97971 0.616629
36 0.508026 0.524275 0.981716 0.614397
61 0.507636 0.511161 0.979374 0.602679
34 0.507636 0.511161 0.979374 0.602679
35 0.508026 0.524275 0.981716 0.614397
62 0.507636 0.511161 0.979374 0.602679
33 0.507636 0.511161 0.979374 0.602679
39 0.508026 0.524275 0.981716 0.614397
10 0.507636 0.511161 0.979374 0.602679
21 0.501783 0.519531 0.96923 0.618304
60 0.508026 0.524275 0.981716 0.614397
8 0.501783 0.519531 0.96923 0.618304
30 0.511706 0.524275 0.976589 0.606585
29 0.507636 0.511161 0.979374 0.602679
36 0.658737 0.483817 0.622547 0.581473
32 0.511706 0.524275 0.976589 0.606585
58 0.501783 0.519531 0.96923 0.618304
36 0.504124 0.522879 0.980155 0.610491
61 0.506856 0.515625 0.984057 0.602679
34 0.506856 0.515625 0.984057 0.602679
33 0.510145 0.517857 0.97971 0.597098
35 0.506465 0.517299 0.983276 0.594866
62 0.506856 0.515625 0.984057 0.602679
21 0.502954 0.520647 0.977814 0.608259
29 0.502954 0.520647 0.977814 0.608259
10 0.506856 0.515625 0.984057 0.602679
65 0.510145 0.517857 0.97971 0.597098
8 0.502954 0.520647 0.977814 0.608259
60 0.502954 0.520647 0.977814 0.608259
36 0.507414 0.524554 0.985173 0.625
61 0.507804 0.515346 0.984392 0.613281
34 0.510925 0.519531 0.978149 0.608259
62 0.507804 0.515346 0.984392 0.613281
35 0.507414 0.524554 0.985173 0.625
29 0.507804 0.515346 0.984392 0.613281
30 0.510925 0.519531 0.978149 0.608259
21 0.505685 0.520368 0.986398 0.616629
8 0.510925 0.519531 0.978149 0.608259
32 0.505685 0.520368 0.986398 0.616629
10 0.507804 0.515346 0.984392 0.613281
60 0.507414 0.524554 0.985173 0.625
39 0.507414 0.524554 0.985173 0.625
36 0.706632 0.533482 0.547045 0.591518
33 0.507414 0.524554 0.985173 0.625
65 0.510925 0.519531 0.978149 0.608259
36 0.507023 0.505301 0.985953 0.624442
61 0.506856 0.506138 0.984057 0.61942
35 0.507023 0.505301 0.985953 0.624442
34 0.506856 0.506138 0.984057 0.61942
33 0.507023 0.505301 0.985953 0.624442
62 0.510925 0.509487 0.978149 0.61942
30 0.507023 0.505301 0.985953 0.624442
39 0.507023 0.505301 0.985953 0.624442
60 0.510925 0.509487 0.978149 0.61942
21 0.506856 0.506138 0.984057 0.61942
29 0.506856 0.506138 0.984057 0.61942
10 0.506856 0.506138 0.984057 0.61942
8 0.511315 0.51144 0.977369 0.615513
65 0.506856 0.506138 0.984057 0.61942
61 0.517781 0.412667 0.946599 0.825335
66 0.510925 0.509487 0.978149 0.61942
32 0.512486 0.501395 0.975028 0.646763
28 0.506856 0.506138 0.984057 0.61942
36 0.638349 0.529297 0.699219 0.59654
36 0.508974 0.51981 0.982051 0.593192
61 0.508416 0.513951 0.982496 0.594866
34 0.508416 0.513951 0.982496 0.594866
62 0.508416 0.513951 0.982496 0.594866
35 0.508974 0.51981 0.982051 0.593192
29 0.508416 0.513951 0.982496 0.594866
33 0.508974 0.51981 0.982051 0.593192
8 0.508416 0.513951 0.982496 0.594866
10 0.508416 0.513951 0.982496 0.594866
30 0.508416 0.513951 0.982496 0.594866
21 0.508416 0.513951 0.982496 0.594866
39 0.508974 0.51981 0.982051 0.593192
60 0.508974 0.51981 0.982051 0.593192
28 0.508416 0.513951 0.982496 0.594866
32 0.503734 0.516183 0.977814 0.602679
54 0.510535 0.519531 0.97893 0.594866
65 0.508416 0.513951 0.982496 0.594866
36 0.506465 0.516741 0.984837 0.594866
61 0.506075 0.515067 0.982496 0.59933
34 0.506075 0.515067 0.982496 0.59933
35 0.506465 0.516741 0.984837 0.594866
33 0.506075 0.515067 0.982496 0.59933
39 0.506465 0.516741 0.984837 0.594866
62 0.506075 0.515067 0.982496 0.59933
30 0.511315 0.520926 0.977369 0.589844
21 0.502563 0.51702 0.97079 0.601004
60 0.511315 0.520926 0.977369 0.589844
29 0.506075 0.515067 0.982496 0.59933
8 0.510367 0.518415 0.977033 0.603795
10 0.506075 0.515067 0.982496 0.59933
36 0.609865 0.476562 0.753065 0.622768
32 0.511315 0.520926 0.977369 0.589844
28 0.506075 0.515067 0.982496 0.59933
65 0.506075 0.515067 0.982496 0.59933
61 0.506243 0.511161 0.987514 0.595982
36 0.506243 0.526786 0.987514 0.618304
34 0.510145 0.516183 0.97971 0.59933
35 0.506243 0.526786 0.987514 0.618304
39 0.506243 0.526786 0.987514 0.618304
21 0.502563 0.518136 0.987959 0.611049
62 0.506243 0.511161 0.987514 0.595982
29 0.506243 0.511161 0.987514 0.595982
33 0.506243 0.526786 0.987514 0.618304
60 0.510925 0.529576 0.978149 0.614955
30 0.506243 0.526786 0.987514 0.618304
8 0.502563 0.518136 0.987959 0.611049
10 0.506243 0.511161 0.987514 0.595982
28 0.506243 0.511161 0.987514 0.595982
32 0.510925 0.529576 0.978149 0.614955
65 0.510145 0.516183 0.97971 0.59933
23 0.502563 0.518136 0.987959 0.611049
67 0.502563 0.518136 0.987959 0.611049
58 0.502563 0.518136 0.987959 0.611049
36 0.509755 0.52567 0.980491 0.626116
61 0.509365 0.526228 0.981271 0.61942
34 0.509365 0.526228 0.981271 0.61942
33 0.509755 0.52567 0.980491 0.626116
35 0.509755 0.52567 0.980491 0.626116
39 0.509755 0.52567 0.980491 0.626116
62 0.511706 0.526786 0.976589 0.611607
32 0.506465 0.533482 0.978594 0.633929
30 0.511706 0.532087 0.976589 0.628906
8 0.506465 0.533482 0.978594 0.633929
65 0.511706 0.526786 0.976589 0.611607
29 0.509365 0.526228 0.981271 0.61942
21 0.506465 0.533482 0.978594 0.633929
60 0.511706 0.532087 0.976589 0.628906
36 0.614548 0.483259 0.746822 0.631696
36 0.507414 0.519531 0.985173 0.592634
61 0.507414 0.518415 0.985173 0.602679
34 0.510535 0.522321 0.97893 0.604911
35 0.507414 0.519531 0.985173 0.592634
33 0.507414 0.519531 0.985173 0.592634
62 0.510535 0.522321 0.97893 0.604911
39 0.507414 0.519531 0.985173 0.592634
32 0.504905 0.524275 0.981716 0.615513
60 0.504905 0.524275 0.981716 0.615513
8 0.504905 0.524275 0.981716 0.615513
10 0.510535 0.522321 0.97893 0.604911
36 0.505295 0.526786 0.982496 0.604911
61 0.511315 0.522321 0.977369 0.602679
34 0.511315 0.522321 0.977369 0.602679
33 0.511315 0.522321 0.977369 0.602679
35 0.508584 0.524554 0.982832 0.595982
39 0.503344 0.521763 0.978594 0.611607
29 0.511315 0.522321 0.977369 0.602679
60 0.503344 0.521763 0.978594 0.611607
8 0.503344 0.521763 0.978594 0.611607
32 0.503344 0.521763 0.978594 0.611607
62 0.509365 0.521205 0.981271 0.602679
21 0.511315 0.522321 0.977369 0.602679
10 0.503344 0.521763 0.978594 0.611607
36 0.508974 0.513393 0.982051 0.604911
61 0.511706 0.517578 0.976589 0.614397
34 0.511706 0.517578 0.976589 0.614397
35 0.508974 0.513393 0.982051 0.604911
62 0.509365 0.513114 0.981271 0.617746
30 0.512096 0.517578 0.975808 0.604353
33 0.508974 0.513393 0.982051 0.604911
32 0.512096 0.517578 0.975808 0.604353
39 0.508974 0.513393 0.982051 0.604911
36 0.522853 0.450893 0.819397 0.558036
60 0.512096 0.517578 0.975808 0.604353
61 0.510925 0.520647 0.978149 0.606027
36 0.508194 0.525391 0.983612 0.605469
34 0.510925 0.520647 0.978149 0.606027
35 0.508194 0.525391 0.983612 0.605469
33 0.508194 0.525391 0.983612 0.605469
60 0.508194 0.525391 0.983612 0.605469
10 0.504124 0.523996 0.984837 0.613839
39 0.508194 0.525391 0.983612 0.605469
8 0.504124 0.523996 0.984837 0.613839
29 0.510925 0.520647 0.978149 0.606027
32 0.510925 0.527344 0.978149 0.606027
30 0.508194 0.525391 0.983612 0.605469
62 0.507023 0.518415 0.985953 0.602679
21 0.504124 0.523996 0.984837 0.613839
28 0.504124 0.523996 0.984837 0.613839
58 0.504124 0.523996 0.984837 0.613839
23 0.504124 0.523996 0.984837 0.613839
61 0.510925 0.517857 0.978149 0.611607
36 0.506075 0.520647 0.974692 0.618304
34 0.510925 0.517857 0.978149 0.611607
35 0.510367 0.517857 0.978594 0.59375
10 0.510925 0.517857 0.978149 0.611607
60 0.510535 0.519531 0.97893 0.590402
8 0.504124 0.515625 0.97079 0.626116
39 0.504124 0.515625 0.97079 0.626116
62 0.510925 0.517857 0.978149 0.611607
29 0.510925 0.517857 0.978149 0.611607
30 0.510925 0.517857 0.978149 0.611607
28 0.504124 0.515625 0.97079 0.626116
21 0.504124 0.515625 0.97079 0.626116
32 0.504124 0.515625 0.97079 0.626116
58 0.504124 0.515625 0.97079 0.626116
54 0.510925 0.517857 0.978149 0.611607
33 0.510367 0.517857 0.978594 0.59375
67 0.504124 0.515625 0.97079 0.626116
61 0.508194 0.529576 0.983612 0.621652
36 0.507804 0.531529 0.984392 0.609933
34 0.508194 0.529576 0.983612 0.621652
39 0.507804 0.531529 0.984392 0.609933
33 0.507804 0.531529 0.984392 0.609933
10 0.511315 0.532645 0.977369 0.621094
35 0.507804 0.531529 0.984392 0.609933
60 0.510535 0.532087 0.97893 0.609933
32 0.510535 0.532087 0.97893 0.609933
8 0.511315 0.532645 0.977369 0.621094
28 0.511315 0.532645 0.977369 0.621094
62 0.508194 0.529576 0.983612 0.621652
21 0.506465 0.530134 0.978594 0.635045
29 0.511315 0.532645 0.977369 0.621094
58 0.506465 0.530134 0.978594 0.635045
30 0.511315 0.532645 0.977369 0.621094
54 0.511315 0.532645 0.977369 0.621094
36 0.507414 0.529297 0.985173 0.615513
61 0.510925 0.522879 0.978149 0.603795
34 0.507804 0.518694 0.984392 0.605469
33 0.507414 0.529297 0.985173 0.615513
29 0.510925 0.522879 0.978149 0.603795
35 0.507414 0.529297 0.985173 0.615513
8 0.510925 0.522879 0.978149 0.603795
28 0.510925 0.522879 0.978149 0.603795
21 0.503734 0.522321 0.984057 0.621652
60 0.510535 0.530134 0.97893 0.611607
32 0.510535 0.530134 0.97893 0.611607
39 0.507414 0.529297 0.985173 0.615513
10 0.510925 0.522879 0.978149 0.603795
30 0.510925 0.522879 0.978149 0.603795
62 0.507804 0.518694 0.984392 0.605469
61 0.511315 0.503906 0.977369 0.625
36 0.510535 0.522879 0.97893 0.635045
34 0.510145 0.502232 0.97971 0.623884
33 0.510535 0.522879 0.97893 0.635045
10 0.511315 0.503906 0.977369 0.625
35 0.509587 0.527902 0.980155 0.651786
28 0.511315 0.503906 0.977369 0.625
39 0.509587 0.527902 0.980155 0.651786
8 0.511315 0.503906 0.977369 0.625
60 0.509587 0.527902 0.980155 0.651786
32 0.509587 0.527902 0.980155 0.651786
29 0.511315 0.503906 0.977369 0.625
21 0.511315 0.503906 0.977369 0.625
58 0.511315 0.503906 0.977369 0.625
30 0.511315 0.503906 0.977369 0.625
54 0.511315 0.503906 0.977369 0.625
62 0.510145 0.502232 0.97971 0.623884
23 0.511706 0.522042 0.976589 0.625558
61 0.510535 0.512556 0.97893 0.601004
34 0.510535 0.512556 0.97893 0.601004
36 0.507636 0.521763 0.984057 0.610491
62 0.506075 0.508929 0.982496 0.601562
29 0.510535 0.512556 0.97893 0.601004
10 0.510535 0.512556 0.97893 0.601004
21 0.510535 0.512556 0.97893 0.601004
33 0.507636 0.521763 0.984057 0.610491
8 0.510535 0.512556 0.97893 0.601004
32 0.511315 0.522879 0.977369 0.601562
28 0.512486 0.513393 0.975028 0.600446
65 0.510535 0.512556 0.97893 0.601004
60 0.511315 0.522879 0.977369 0.601562
30 0.510535 0.512556 0.97893 0.601004
23 0.511315 0.522879 0.977369 0.601562
36 0.508806 0.526786 0.980155 0.611607
61 0.510367 0.523996 0.975473 0.604911
34 0.510367 0.523996 0.975473 0.604911
62 0.510367 0.523996 0.975473 0.604911
65 0.510367 0.523996 0.975473 0.604911
33 0.508806 0.526786 0.980155 0.611607
29 0.510367 0.523996 0.975473 0.604911
10 0.510367 0.523996 0.975473 0.604911
60 0.510925 0.532087 0.978149 0.603237
32 0.510925 0.532087 0.978149 0.603237
35 0.508806 0.526786 0.980155 0.611607
30 0.510367 0.523996 0.975473 0.604911
61 0.510145 0.51423 0.97971 0.611049
36 0.507804 0.518973 0.984392 0.607143
34 0.510145 0.51423 0.97971 0.611049
10 0.510145 0.51423 0.97971 0.611049
33 0.507804 0.518973 0.984392 0.607143
35 0.504124 0.520089 0.980155 0.61942
60 0.507804 0.518973 0.984392 0.607143
29 0.510145 0.51423 0.97971 0.611049
8 0.510145 0.51423 0.97971 0.611049
62 0.510145 0.51423 0.97971 0.611049
28 0.510145 0.51423 0.97971 0.611049
32 0.510925 0.522879 0.978149 0.600446
21 0.510145 0.51423 0.97971 0.611049
39 0.507804 0.518973 0.984392 0.607143
54 0.510145 0.51423 0.97971 0.611049
58 0.510145 0.51423 0.97971 0.611049
30 0.510145 0.51423 0.97971 0.611049
61 0.509587 0.519531 0.978594 0.603795
36 0.507636 0.527344 0.982496 0.612723
34 0.509587 0.519531 0.978594 0.603795
10 0.509587 0.519531 0.978594 0.603795
33 0.507636 0.527344 0.982496 0.612723
62 0.509587 0.519531 0.978594 0.603795
28 0.509587 0.519531 0.978594 0.603795
29 0.509587 0.519531 0.978594 0.603795
8 0.509587 0.519531 0.978594 0.603795
60 0.509587 0.519531 0.978594 0.603795
32 0.510145 0.527623 0.97971 0.605469
58 0.509587 0.519531 0.978594 0.603795
39 0.507636 0.527344 0.982496 0.612723
54 0.509587 0.519531 0.978594 0.603795
35 0.507636 0.527344 0.982496 0.612723
30 0.509587 0.519531 0.978594 0.603795
21 0.509587 0.519531 0.978594 0.603795
61 0.508974 0.522321 0.982051 0.609375
34 0.508974 0.522321 0.982051 0.609375
36 0.505463 0.524275 0.989075 0.614397
33 0.505463 0.524275 0.989075 0.614397
29 0.508974 0.522321 0.982051 0.609375
28 0.508974 0.522321 0.982051 0.609375
21 0.508974 0.522321 0.982051 0.609375
10 0.508974 0.522321 0.982051 0.609375
39 0.505463 0.524275 0.989075 0.614397
8 0.508974 0.522321 0.982051 0.609375
35 0.500613 0.532366 0.987178 0.625
60 0.509365 0.525112 0.981271 0.604911
32 0.509365 0.525112 0.981271 0.604911
62 0.504905 0.519531 0.987959 0.613839
45 0.510145 0.52567 0.97971 0.609375
61 0.509755 0.517857 0.980491 0.617188
36 0.505463 0.518415 0.989075 0.63058
34 0.509755 0.517857 0.980491 0.617188
62 0.509755 0.517857 0.980491 0.617188
10 0.509755 0.517857 0.980491 0.617188
29 0.509755 0.517857 0.980491 0.617188
35 0.505463 0.518415 0.989075 0.63058
60 0.510145 0.52567 0.97971 0.618304
33 0.505463 0.518415 0.989075 0.63058
28 0.509755 0.517857 0.980491 0.617188
61 0.509587 0.517857 0.978594 0.617188
36 0.504124 0.516741 0.986398 0.63058
34 0.509587 0.517857 0.978594 0.617188
29 0.509587 0.517857 0.978594 0.617188
62 0.509587 0.517857 0.978594 0.617188
33 0.504124 0.516741 0.986398 0.63058
8 0.509587 0.517857 0.978594 0.617188
10 0.509587 0.517857 0.978594 0.617188
21 0.509587 0.517857 0.978594 0.617188
28 0.509587 0.517857 0.978594 0.617188
32 0.509755 0.520368 0.980491 0.616629
30 0.509587 0.517857 0.978594 0.617188
61 0.508807 0.524554 0.978594 0.600446
34 0.508807 0.524554 0.978594 0.600446
36 0.505685 0.53404 0.983276 0.618304
29 0.508807 0.524554 0.978594 0.600446
21 0.508807 0.524554 0.978594 0.600446
33 0.505685 0.53404 0.983276 0.618304
62 0.505295 0.521763 0.980935 0.601562
39 0.505685 0.53404 0.983276 0.618304
10 0.500222 0.52567 0.977033 0.612723
60 0.505685 0.53404 0.983276 0.618304
32 0.509755 0.53404 0.980491 0.614955
28 0.505685 0.53404 0.983276 0.618304
35 0.505685 0.53404 0.983276 0.618304
8 0.508807 0.524554 0.978594 0.600446
61 0.509587 0.520089 0.975473 0.606027
36 0.504905 0.527065 0.981716 0.62221
34 0.509587 0.520089 0.975473 0.606027
62 0.504905 0.514509 0.980155 0.609375
29 0.509587 0.520089 0.975473 0.606027
21 0.509587 0.520089 0.975473 0.606027
33 0.504905 0.527065 0.981716 0.62221
8 0.509587 0.520089 0.975473 0.606027
32 0.511148 0.53125 0.977033 0.616071
30 0.509587 0.520089 0.975473 0.606027
28 0.511928 0.523438 0.973912 0.606027
61 0.511315 0.522879 0.977369 0.616071
36 0.510145 0.521484 0.97971 0.614397
34 0.511315 0.522879 0.977369 0.616071
29 0.511315 0.522879 0.977369 0.616071
62 0.508416 0.518415 0.980935 0.617187
10 0.508416 0.518415 0.980935 0.617187
33 0.510145 0.521484 0.97971 0.614397
28 0.512876 0.526786 0.974248 0.614955
21 0.511315 0.522879 0.977369 0.616071
35 0.510145 0.521484 0.97971 0.614397
32 0.510145 0.521484 0.97971 0.614397
60 0.510145 0.521484 0.97971 0.614397
39 0.510145 0.521484 0.97971 0.614397
8 0.512876 0.526786 0.974248 0.614955
61 0.508807 0.519531 0.978594 0.595982
36 0.504905 0.535714 0.984837 0.622768
34 0.508807 0.519531 0.978594 0.595982
62 0.505295 0.515067 0.984057 0.600446
29 0.508807 0.519531 0.978594 0.595982
21 0.508807 0.519531 0.978594 0.595982
10 0.504905 0.535714 0.984837 0.622768
33 0.504905 0.535714 0.984837 0.622768
32 0.509755 0.53976 0.980491 0.623605
61 0.508806 0.515625 0.977033 0.606027
36 0.504124 0.527344 0.980155 0.61942
34 0.508806 0.515625 0.977033 0.606027
62 0.504905 0.50865 0.980155 0.607701
29 0.508806 0.515625 0.977033 0.606027
30 0.508806 0.515625 0.977033 0.606027
21 0.508806 0.515625 0.977033 0.606027
8 0.508806 0.515625 0.977033 0.606027
10 0.508806 0.515625 0.977033 0.606027
28 0.508806 0.515625 0.977033 0.606027
32 0.508026 0.52846 0.978594 0.609375
35 0.504124 0.527344 0.980155 0.61942
39 0.504124 0.527344 0.980155 0.61942
60 0.508026 0.52846 0.978594 0.609375
61 0.504124 0.514509 0.983276 0.635045
36 0.503344 0.523158 0.984837 0.634487
34 0.508806 0.520647 0.977033 0.628348
62 0.504124 0.514509 0.983276 0.635045
29 0.508806 0.520647 0.977033 0.628348
30 0.508806 0.520647 0.977033 0.628348
10 0.508806 0.520647 0.977033 0.628348
32 0.509587 0.529297 0.980155 0.625558
8 0.508806 0.520647 0.977033 0.628348
39 0.503344 0.523158 0.984837 0.634487
61 0.508584 0.523438 0.982832 0.616071
36 0.503344 0.525112 0.989519 0.617188
34 0.508584 0.523438 0.982832 0.616071
62 0.508974 0.527344 0.982051 0.610491
10 0.508584 0.523438 0.982832 0.616071
29 0.508584 0.523438 0.982832 0.616071
8 0.508584 0.523438 0.982832 0.616071
32 0.508974 0.527344 0.982051 0.610491
30 0.508584 0.523438 0.982832 0.616071
28 0.508584 0.523438 0.982832 0.616071
39 0.503344 0.525112 0.989519 0.617188
61 0.509365 0.523717 0.981271 0.612165
36 0.505685 0.525949 0.986398 0.607701
34 0.509365 0.523717 0.981271 0.612165
62 0.509365 0.523717 0.981271 0.612165
29 0.509365 0.523717 0.981271 0.612165
32 0.510145 0.529576 0.97971 0.606027
33 0.505685 0.525949 0.986398 0.607701
61 0.510145 0.522321 0.97971 0.621652
36 0.504905 0.527902 0.986398 0.629464
34 0.510145 0.522321 0.97971 0.621652
62 0.510145 0.522321 0.97971 0.621652
35 0.504905 0.527902 0.986398 0.629464
10 0.504905 0.517299 0.984837 0.622768
29 0.510145 0.522321 0.97971 0.621652
39 0.504905 0.527902 0.986398 0.629464
8 0.510145 0.522321 0.97971 0.621652
32 0.503734 0.527902 0.985618 0.635045
30 0.510145 0.522321 0.97971 0.621652
61 0.510535 0.524554 0.97893 0.622768
36 0.506633 0.527902 0.986734 0.618304
34 0.510535 0.524554 0.97893 0.622768
29 0.510535 0.524554 0.97893 0.622768
62 0.510535 0.524554 0.97893 0.622768
21 0.510535 0.524554 0.97893 0.622768
32 0.504514 0.528181 0.982496 0.626674
10 0.510925 0.533482 0.978149 0.616071
8 0.510535 0.524554 0.97893 0.622768
61 0.508806 0.521763 0.980155 0.623884
36 0.504905 0.528181 0.984837 0.628906
34 0.508806 0.521763 0.980155 0.623884
29 0.508806 0.521763 0.980155 0.623884
32 0.503344 0.523996 0.984837 0.635045
28 0.508806 0.521763 0.980155 0.623884
8 0.508806 0.521763 0.980155 0.623884
62 0.508806 0.521763 0.980155 0.623884
21 0.508806 0.521763 0.980155 0.623884
30 0.508806 0.521763 0.980155 0.623884
61 0.511315 0.516183 0.977369 0.627232
36 0.505685 0.520647 0.986398 0.625
34 0.511315 0.516183 0.977369 0.627232
62 0.511315 0.516183 0.977369 0.627232
29 0.511315 0.516183 0.977369 0.627232
33 0.505685 0.520647 0.986398 0.625
32 0.503344 0.520647 0.983276 0.63058
21 0.511315 0.516183 0.977369 0.627232
8 0.511315 0.516183 0.977369 0.627232
35 0.505685 0.520647 0.986398 0.625
30 0.511315 0.516183 0.977369 0.627232
36 0.506856 0.52567 0.984057 0.609375
61 0.510925 0.520926 0.978149 0.616629
34 0.510925 0.520926 0.978149 0.616629
29 0.510925 0.520926 0.978149 0.616629
62 0.510925 0.520926 0.978149 0.616629
21 0.510925 0.520926 0.978149 0.616629
30 0.510925 0.520926 0.978149 0.616629
8 0.510925 0.520926 0.978149 0.616629
32 0.503344 0.530134 0.981716 0.613839
36 0.506633 0.526228 0.986734 0.603795
61 0.509587 0.523438 0.978594 0.602679
34 0.509587 0.523438 0.978594 0.602679
29 0.509587 0.523438 0.978594 0.602679
62 0.509587 0.523438 0.978594 0.602679
21 0.509587 0.523438 0.978594 0.602679
30 0.509587 0.523438 0.978594 0.602679
8 0.509587 0.523438 0.978594 0.602679
32 0.501003 0.532366 0.981716 0.613839
61 0.510535 0.522321 0.97893 0.631696
36 0.504905 0.528739 0.989519 0.635603
34 0.510535 0.522321 0.97893 0.631696
62 0.510535 0.522321 0.97893 0.631696
29 0.510535 0.522321 0.97893 0.631696
21 0.510535 0.522321 0.97893 0.631696
30 0.510535 0.522321 0.97893 0.631696
8 0.510535 0.522321 0.97893 0.631696
10 0.510535 0.522321 0.97893 0.631696
65 0.510535 0.522321 0.97893 0.631696
33 0.510535 0.522321 0.97893 0.631696
61 0.510367 0.522879 0.977033 0.652902
36 0.505685 0.529855 0.986398 0.640067
34 0.510367 0.522879 0.977033 0.652902
62 0.510367 0.522879 0.977033 0.652902
29 0.510367 0.522879 0.977033 0.652902
32 0.510535 0.535156 0.97893 0.639509
10 0.510367 0.522879 0.977033 0.652902
30 0.510367 0.522879 0.977033 0.652902
36 0.522073 0.465402 0.841248 0.569196
8 0.510367 0.522879 0.977033 0.652902
36 0.506465 0.52567 0.984837 0.61942
61 0.510925 0.525112 0.978149 0.63058
34 0.510925 0.525112 0.978149 0.63058
62 0.510925 0.525112 0.978149 0.63058
29 0.510925 0.525112 0.978149 0.63058
21 0.510925 0.525112 0.978149 0.63058
30 0.510925 0.525112 0.978149 0.63058
8 0.510925 0.525112 0.978149 0.63058
32 0.510925 0.531529 0.978149 0.619978
61 0.510757 0.525112 0.976253 0.622768
36 0.506856 0.531808 0.984057 0.622768
34 0.510757 0.525112 0.976253 0.622768
62 0.510757 0.525112 0.976253 0.622768
29 0.510757 0.525112 0.976253 0.622768
30 0.510757 0.525112 0.976253 0.622768
21 0.510757 0.525112 0.976253 0.622768
8 0.511706 0.526228 0.976589 0.61942
32 0.510925 0.535714 0.978149 0.617188
33 0.510925 0.535714 0.978149 0.617188
61 0.510925 0.521763 0.978149 0.638393
36 0.506243 0.527344 0.987514 0.628348
34 0.510925 0.521763 0.978149 0.638393
62 0.510925 0.521763 0.978149 0.638393
29 0.510925 0.521763 0.978149 0.638393
32 0.503344 0.527902 0.983276 0.639509
33 0.511315 0.53125 0.977369 0.633929
30 0.510925 0.521763 0.978149 0.638393
61 0.510535 0.521763 0.97893 0.654018
36 0.505685 0.530971 0.983276 0.638951
34 0.510535 0.521763 0.97893 0.654018
62 0.510535 0.521763 0.97893 0.654018
29 0.510535 0.521763 0.97893 0.654018
30 0.510535 0.521763 0.97893 0.654018
21 0.510535 0.521763 0.97893 0.654018
10 0.510535 0.521763 0.97893 0.654018
8 0.510535 0.521763 0.97893 0.654018
36 0.506243 0.530134 0.987514 0.631696
61 0.510145 0.527902 0.97971 0.635045
34 0.510145 0.527902 0.97971 0.635045
29 0.510145 0.527902 0.97971 0.635045
62 0.510145 0.527902 0.97971 0.635045
33 0.506243 0.530134 0.987514 0.631696
32 0.510925 0.533761 0.978149 0.630022
21 0.510145 0.527902 0.97971 0.635045
8 0.510145 0.527902 0.97971 0.635045
30 0.510145 0.527902 0.97971 0.635045
28 0.510145 0.527902 0.97971 0.635045
65 0.510145 0.527902 0.97971 0.635045
36 0.508806 0.534598 0.977033 0.638393
61 0.510367 0.53125 0.977033 0.646205
34 0.510367 0.53125 0.977033 0.646205
62 0.510367 0.53125 0.977033 0.646205
29 0.510367 0.53125 0.977033 0.646205
32 0.510925 0.537946 0.978149 0.636161
33 0.508806 0.534598 0.977033 0.638393
30 0.510367 0.53125 0.977033 0.646205
36 0.504124 0.529576 0.986398 0.639509
61 0.508806 0.523158 0.980155 0.635603
34 0.508806 0.523158 0.980155 0.635603
62 0.504124 0.517299 0.986398 0.639509
29 0.508806 0.523158 0.980155 0.635603
33 0.504124 0.529576 0.986398 0.639509
32 0.508974 0.53404 0.982051 0.632812
65 0.508806 0.523158 0.980155 0.635603
36 0.505685 0.524275 0.981716 0.621094
61 0.508806 0.525112 0.977033 0.620536
34 0.508806 0.525112 0.977033 0.620536
29 0.508806 0.525112 0.977033 0.620536
62 0.508806 0.525112 0.977033 0.620536
33 0.510757 0.527902 0.977814 0.611607
32 0.510757 0.527902 0.977814 0.611607
61 0.510535 0.526228 0.97893 0.637277
36 0.506465 0.530692 0.986398 0.632812
34 0.510535 0.526228 0.97893 0.637277
62 0.506856 0.519252 0.984057 0.645647
29 0.510535 0.526228 0.97893 0.637277
10 0.510535 0.526228 0.97893 0.637277
8 0.510535 0.526228 0.97893 0.637277
33 0.506465 0.530692 0.986398 0.632812
61 0.509587 0.526507 0.978594 0.625558
36 0.504905 0.532366 0.983276 0.625
34 0.509587 0.526507 0.978594 0.625558
62 0.504905 0.521205 0.981716 0.628348
29 0.509587 0.526507 0.978594 0.625558
32 0.509977 0.535714 0.979374 0.620536
8 0.509587 0.526507 0.978594 0.625558
21 0.509587 0.526507 0.978594 0.625558
61 0.510145 0.513951 0.97971 0.648438
36 0.505295 0.526786 0.985618 0.638393
34 0.510145 0.513951 0.97971 0.648438
62 0.504905 0.508929 0.983276 0.649554
29 0.510145 0.513951 0.97971 0.648438
10 0.510145 0.513951 0.97971 0.648438
21 0.510145 0.513951 0.97971 0.648438
8 0.510145 0.513951 0.97971 0.648438
32 0.501783 0.523438 0.977033 0.651786
61 0.508806 0.520926 0.980155 0.62779
36 0.503344 0.527065 0.99108 0.62221
34 0.508806 0.520926 0.980155 0.62779
29 0.508806 0.520926 0.980155 0.62779
62 0.503344 0.516462 0.987959 0.62779
21 0.508806 0.520926 0.980155 0.62779
32 0.500222 0.527902 0.987959 0.629464
8 0.508806 0.520926 0.980155 0.62779
33 0.503344 0.527065 0.99108 0.62221
30 0.508806 0.520926 0.980155 0.62779
61 0.510145 0.516741 0.97971 0.640625
36 0.505685 0.530413 0.986398 0.640067
34 0.510145 0.516741 0.97971 0.640625
29 0.510145 0.516741 0.97971 0.640625
21 0.510145 0.516741 0.97971 0.640625
8 0.510145 0.516741 0.97971 0.640625
62 0.504905 0.513393 0.984837 0.638393
32 0.502173 0.527344 0.985617 0.635045
10 0.510145 0.516741 0.97971 0.640625
30 0.510145 0.516741 0.97971 0.640625
33 0.505685 0.530413 0.986398 0.640067
28 0.510145 0.516741 0.97971 0.640625
36 0.504905 0.529855 0.984837 0.630022
61 0.510367 0.521763 0.978594 0.641741
34 0.510367 0.521763 0.978594 0.641741
62 0.510367 0.521763 0.978594 0.641741
29 0.510367 0.521763 0.978594 0.641741
8 0.510367 0.521763 0.978594 0.641741
32 0.510145 0.532366 0.97971 0.622768
33 0.504905 0.529855 0.984837 0.630022
61 0.509977 0.525112 0.977814 0.643973
36 0.504124 0.536272 0.984837 0.632812
34 0.509977 0.525112 0.977814 0.643973
62 0.509977 0.525112 0.977814 0.643973
29 0.509977 0.525112 0.977814 0.643973
32 0.500222 0.537388 0.978594 0.631696
8 0.509977 0.525112 0.977814 0.643973
10 0.509977 0.525112 0.977814 0.643973
30 0.509977 0.525112 0.977814 0.643973
61 0.510367 0.522879 0.977033 0.621652
36 0.504905 0.53125 0.984837 0.610491
34 0.510367 0.522879 0.977033 0.621652
62 0.504905 0.521205 0.984837 0.61942
29 0.510367 0.522879 0.977033 0.621652
32 0.510925 0.532924 0.978149 0.606027
30 0.510367 0.522879 0.977033 0.621652
8 0.510367 0.522879 0.977033 0.621652
21 0.510367 0.522879 0.977033 0.621652
61 0.509977 0.527902 0.977814 0.63058
36 0.504905 0.53404 0.984837 0.625
34 0.509977 0.527902 0.977814 0.63058
62 0.509977 0.527902 0.977814 0.63058
29 0.509977 0.527902 0.977814 0.63058
21 0.511706 0.530134 0.976589 0.631696
32 0.509977 0.537946 0.979374 0.620536
36 0.504514 0.535854 0.984057 0.624721
61 0.509587 0.529297 0.978594 0.637835
34 0.509587 0.529297 0.978594 0.637835
62 0.504124 0.526228 0.986398 0.642857
32 0.509587 0.539621 0.980155 0.622768
29 0.509587 0.529297 0.978594 0.637835
33 0.504514 0.535854 0.984057 0.624721
36 0.503344 0.539621 0.984837 0.652902
61 0.507246 0.524833 0.980155 0.655692
34 0.507246 0.524833 0.980155 0.655692
32 0.508026 0.543527 0.978594 0.651786
33 0.503344 0.539621 0.984837 0.652902
62 0.502563 0.521205 0.986398 0.657366
29 0.507246 0.524833 0.980155 0.655692
36 0.503344 0.532924 0.986398 0.617188
61 0.508807 0.527344 0.978594 0.621652
34 0.508807 0.527344 0.978594 0.621652
29 0.508807 0.527344 0.978594 0.621652
62 0.503344 0.523438 0.984837 0.620536
32 0.509197 0.537946 0.979374 0.618304
33 0.503344 0.532924 0.986398 0.617188
61 0.508806 0.527344 0.980155 0.65067
36 0.504905 0.540039 0.984837 0.643136
34 0.508806 0.527344 0.980155 0.65067
32 0.508974 0.543945 0.982051 0.637556
62 0.504124 0.524833 0.986398 0.655692
29 0.508806 0.527344 0.980155 0.65067
33 0.504905 0.540039 0.984837 0.643136
36 0.504124 0.544224 0.983276 0.641462
61 0.509587 0.532366 0.978594 0.647321
34 0.509587 0.532366 0.978594 0.647321
62 0.509587 0.532366 0.978594 0.647321
29 0.509587 0.532366 0.978594 0.647321
32 0.509197 0.549526 0.979374 0.637556
36 0.503344 0.538365 0.984837 0.630859
61 0.509587 0.53125 0.977033 0.63058
34 0.509587 0.53125 0.977033 0.63058
62 0.509587 0.53125 0.977033 0.63058
29 0.509587 0.53125 0.977033 0.63058
32 0.509197 0.542411 0.979374 0.629464
61 0.510367 0.527902 0.977033 0.645089
36 0.504905 0.534319 0.984837 0.625558
34 0.510367 0.527902 0.977033 0.645089
29 0.510367 0.527902 0.977033 0.645089
62 0.510367 0.527902 0.977033 0.645089
32 0.510145 0.539062 0.97971 0.627232
21 0.510367 0.527902 0.977033 0.645089
36 0.504124 0.527902 0.986398 0.645089
61 0.508807 0.522321 0.978594 0.658482
34 0.508807 0.522321 0.978594 0.658482
29 0.508807 0.522321 0.978594 0.658482
62 0.508807 0.522321 0.978594 0.658482
33 0.504124 0.527902 0.986398 0.645089
32 0.500222 0.523158 0.983276 0.652344
36 0.504905 0.527902 0.987959 0.639509
61 0.509365 0.520089 0.981271 0.657366
34 0.509365 0.520089 0.981271 0.657366
29 0.509365 0.520089 0.981271 0.657366
62 0.504514 0.517857 0.987178 0.65625
33 0.504905 0.527902 0.987959 0.639509
21 0.509365 0.520089 0.981271 0.657366
32 0.509365 0.532924 0.981271 0.641741
30 0.509365 0.520089 0.981271 0.657366
8 0.509365 0.520089 0.981271 0.657366
36 0.505685 0.532366 0.986398 0.631696
61 0.510145 0.525949 0.97971 0.643415
34 0.510145 0.525949 0.97971 0.643415
33 0.505685 0.532366 0.986398 0.631696
29 0.510145 0.525949 0.97971 0.643415
62 0.504124 0.523438 0.986398 0.645089
32 0.509755 0.536133 0.980491 0.633091
36 0.506856 0.534598 0.984057 0.633929
61 0.510535 0.525112 0.97893 0.640625
34 0.510535 0.525112 0.97893 0.640625
29 0.510535 0.525112 0.97893 0.640625
33 0.506856 0.534598 0.984057 0.633929
32 0.504905 0.530134 0.983276 0.638393
62 0.510535 0.525112 0.97893 0.640625
61 0.510145 0.520089 0.97971 0.642857
36 0.506075 0.528739 0.985617 0.62779
34 0.510145 0.520089 0.97971 0.642857
62 0.510145 0.520089 0.97971 0.642857
29 0.510145 0.520089 0.97971 0.642857
32 0.503344 0.529297 0.981716 0.633371
8 0.510145 0.520089 0.97971 0.642857
10 0.510145 0.520089 0.97971 0.642857
36 0.506465 0.52567 0.984837 0.640625
61 0.510535 0.518694 0.97893 0.656808
34 0.510535 0.518694 0.97893 0.656808
62 0.510535 0.518694 0.97893 0.656808
29 0.510535 0.518694 0.97893 0.656808
32 0.503734 0.524554 0.980935 0.647321
36 0.506243 0.532366 0.987514 0.670759
61 0.510925 0.515067 0.978149 0.679688
34 0.510925 0.515067 0.978149 0.679688
29 0.510925 0.515067 0.978149 0.679688
32 0.503734 0.526228 0.984057 0.676339
62 0.510925 0.515067 0.978149 0.679688
8 0.510925 0.515067 0.978149 0.679688
30 0.510925 0.515067 0.978149 0.679688
36 0.505685 0.533761 0.986398 0.660156
61 0.510535 0.51981 0.97893 0.672433
34 0.510535 0.51981 0.97893 0.672433
62 0.510535 0.51981 0.97893 0.672433
29 0.510535 0.51981 0.97893 0.672433
32 0.503344 0.529576 0.984837 0.657366
36 0.506856 0.532645 0.984057 0.662388
61 0.510925 0.515625 0.978149 0.668527
34 0.510925 0.515625 0.978149 0.668527
62 0.510925 0.515625 0.978149 0.668527
29 0.510925 0.515625 0.978149 0.668527
61 0.509977 0.527344 0.977814 0.65067
36 0.506465 0.538504 0.983276 0.641741
34 0.509977 0.527344 0.977814 0.65067
62 0.509977 0.527344 0.977814 0.65067
29 0.509977 0.527344 0.977814 0.65067
61 0.509977 0.521205 0.977814 0.65625
36 0.505685 0.535714 0.984837 0.633929
34 0.509977 0.521205 0.977814 0.65625
62 0.509977 0.521205 0.977814 0.65625
29 0.509977 0.521205 0.977814 0.65625
30 0.509977 0.521205 0.977814 0.65625
32 0.502563 0.531808 0.980155 0.637277
61 0.510925 0.520926 0.978149 0.680246
36 0.505685 0.540179 0.986398 0.667411
34 0.510925 0.520926 0.978149 0.680246
62 0.504905 0.517857 0.987959 0.684152
29 0.510925 0.520926 0.978149 0.680246
30 0.510925 0.520926 0.978149 0.680246
32 0.510145 0.544782 0.97971 0.667132
36 0.505295 0.554688 0.984057 0.69308
61 0.509587 0.528739 0.978594 0.681362
34 0.509587 0.528739 0.978594 0.681362
62 0.504124 0.52567 0.986398 0.683036
32 0.509587 0.55692 0.980155 0.690848
29 0.509587 0.528739 0.978594 0.681362
36 0.504905 0.541434 0.984837 0.669364
61 0.510367 0.526228 0.978594 0.670759
34 0.510367 0.526228 0.978594 0.670759
62 0.504905 0.524275 0.986398 0.670201
29 0.510367 0.526228 0.978594 0.670759
32 0.510145 0.546317 0.97971 0.670759
61 0.509587 0.530692 0.978594 0.655134
36 0.504124 0.541295 0.986398 0.649554
34 0.509587 0.530692 0.978594 0.655134
62 0.503734 0.527902 0.987178 0.658482
29 0.509587 0.530692 0.978594 0.655134
32 0.509365 0.546317 0.981271 0.648438
36 0.504124 0.53683 0.986398 0.65625
61 0.509587 0.527065 0.978594 0.664621
34 0.509587 0.527065 0.978594 0.664621
62 0.503734 0.523996 0.987178 0.667411
29 0.509587 0.527065 0.978594 0.664621
32 0.509365 0.541853 0.981271 0.65625
61 0.509977 0.523438 0.977814 0.676339
36 0.505685 0.542969 0.983276 0.662946
34 0.509977 0.523438 0.977814 0.676339
62 0.504905 0.520368 0.984837 0.679129
29 0.509977 0.523438 0.977814 0.676339
21 0.509977 0.523438 0.977814 0.676339
32 0.502954 0.531808 0.982496 0.668527
8 0.509977 0.523438 0.977814 0.676339
61 0.509977 0.529018 0.977814 0.659598
36 0.505685 0.545619 0.984837 0.658761
34 0.509977 0.529018 0.977814 0.659598
62 0.504514 0.526228 0.985617 0.659598
29 0.509977 0.529018 0.977814 0.659598
32 0.510145 0.550642 0.97971 0.657645
21 0.512486 0.532924 0.975028 0.655134
36 0.506465 0.530692 0.984837 0.641741
61 0.510535 0.521763 0.97893 0.658482
34 0.510535 0.521763 0.97893 0.658482
62 0.505685 0.518415 0.984837 0.657366
29 0.510535 0.521763 0.97893 0.658482
32 0.503344 0.526228 0.984837 0.649554
61 0.510925 0.524554 0.978149 0.65625
36 0.506465 0.533482 0.984837 0.640625
34 0.510925 0.524554 0.978149 0.65625
62 0.504905 0.520647 0.984837 0.655134
29 0.510925 0.524554 0.978149 0.65625
32 0.510145 0.539621 0.97971 0.645089
36 0.506465 0.531529 0.984837 0.641183
61 0.510145 0.520926 0.97971 0.65904
34 0.510145 0.520926 0.97971 0.65904
62 0.510145 0.520926 0.97971 0.65904
29 0.510145 0.520926 0.97971 0.65904
32 0.510145 0.53697 0.97971 0.647042
36 0.506075 0.535156 0.987178 0.635045
61 0.510535 0.525112 0.97893 0.651786
34 0.510535 0.525112 0.97893 0.651786
62 0.510535 0.525112 0.97893 0.651786
29 0.510535 0.525112 0.97893 0.651786
8 0.510535 0.525112 0.97893 0.651786
36 0.505295 0.536272 0.987178 0.63058
61 0.510535 0.52846 0.97893 0.643973
34 0.510535 0.52846 0.97893 0.643973
62 0.510535 0.52846 0.97893 0.643973
29 0.510535 0.52846 0.97893 0.643973
32 0.510145 0.541155 0.97971 0.634208
36 0.505685 0.537388 0.986398 0.63058
61 0.510145 0.52846 0.97971 0.648437
34 0.510145 0.52846 0.97971 0.648437
62 0.510145 0.52846 0.97971 0.648437
29 0.510145 0.52846 0.97971 0.648437
32 0.510145 0.54255 0.97971 0.635882
36 0.506075 0.535714 0.985617 0.628348
61 0.510925 0.529018 0.978149 0.642857
34 0.510925 0.529018 0.978149 0.642857
62 0.510925 0.529018 0.978149 0.642857
29 0.510925 0.529018 0.978149 0.642857
32 0.510145 0.540179 0.97971 0.631696
36 0.506465 0.535435 0.984837 0.634487
61 0.510367 0.527902 0.978594 0.65067
34 0.510367 0.527902 0.978594 0.65067
62 0.510367 0.527902 0.978594 0.65067
29 0.510367 0.527902 0.978594 0.65067
32 0.510535 0.540179 0.97893 0.638393
36 0.505685 0.53404 0.984837 0.637277
61 0.510367 0.524833 0.978594 0.656808
34 0.510367 0.524833 0.978594 0.656808
62 0.510367 0.524833 0.978594 0.656808
29 0.510367 0.524833 0.978594 0.656808
32 0.510535 0.537388 0.97893 0.641741
61 0.510535 0.520647 0.97893 0.66183
36 0.505685 0.530134 0.986398 0.638393
34 0.510535 0.520647 0.97893 0.66183
62 0.510535 0.520647 0.97893 0.66183
29 0.510535 0.520647 0.97893 0.66183
61 0.510535 0.525391 0.97893 0.654576
36 0.505685 0.534319 0.986398 0.636719
34 0.510535 0.525391 0.97893 0.654576
62 0.510535 0.525391 0.97893 0.654576
29 0.510535 0.525391 0.97893 0.654576
32 0.510145 0.538504 0.97971 0.639509
36 0.506465 0.533482 0.984837 0.638393
61 0.510925 0.52567 0.978149 0.65625
34 0.510925 0.52567 0.978149 0.65625
62 0.510925 0.52567 0.978149 0.65625
29 0.510925 0.52567 0.978149 0.65625
32 0.510145 0.537388 0.97971 0.641741
36 0.506465 0.533482 0.984837 0.639509
61 0.510367 0.526507 0.978594 0.655692
34 0.510367 0.526507 0.978594 0.655692
62 0.510367 0.526507 0.978594 0.655692
29 0.510367 0.526507 0.978594 0.655692
32 0.510535 0.537388 0.97893 0.642857
36 0.506075 0.53404 0.985617 0.646205
61 0.510367 0.525391 0.978594 0.660156
34 0.510367 0.525391 0.978594 0.660156
62 0.510367 0.525391 0.978594 0.660156
32 0.510145 0.537388 0.97971 0.649554
29 0.510367 0.525391 0.978594 0.660156
36 0.505295 0.535714 0.984057 0.648438
61 0.510367 0.525112 0.977033 0.66183
34 0.510367 0.525112 0.977033 0.66183
62 0.510367 0.525112 0.977033 0.66183
29 0.510367 0.525112 0.977033 0.66183
32 0.510535 0.539062 0.97893 0.651786
36 0.505685 0.535714 0.983276 0.641741
61 0.510367 0.524833 0.977033 0.65904
34 0.510367 0.524833 0.977033 0.65904
62 0.510367 0.524833 0.977033 0.65904
29 0.510367 0.524833 0.977033 0.65904
32 0.510145 0.539481 0.97971 0.644252
61 0.510367 0.525112 0.977033 0.658482
36 0.506075 0.53404 0.984057 0.639509
34 0.510367 0.525112 0.977033 0.658482
62 0.510367 0.525112 0.977033 0.658482
29 0.510367 0.525112 0.977033 0.658482
32 0.510535 0.538086 0.97893 0.642578
36 0.505295 0.534598 0.984057 0.645089
61 0.510367 0.524554 0.977033 0.662946
34 0.510367 0.524554 0.977033 0.662946
62 0.510367 0.524554 0.977033 0.662946
29 0.510367 0.524554 0.977033 0.662946
32 0.510145 0.538923 0.97971 0.6476
36 0.506075 0.534877 0.985617 0.640067
61 0.509977 0.52567 0.977814 0.65625
34 0.509977 0.52567 0.977814 0.65625
62 0.509977 0.52567 0.977814 0.65625
29 0.509977 0.52567 0.977814 0.65625
32 0.510535 0.538504 0.97893 0.641741
36 0.506465 0.535854 0.984837 0.642578
61 0.510367 0.52567 0.978594 0.65625
34 0.510367 0.52567 0.978594 0.65625
62 0.510367 0.52567 0.978594 0.65625
29 0.510367 0.52567 0.978594 0.65625
32 0.510145 0.540179 0.97971 0.643973
36 0.506465 0.536691 0.984837 0.643136
61 0.510367 0.526228 0.978594 0.65625
34 0.510367 0.526228 0.978594 0.65625
62 0.510367 0.526228 0.978594 0.65625
29 0.510367 0.526228 0.978594 0.65625
32 0.510145 0.540737 0.97971 0.645089
36 0.506465 0.536272 0.984837 0.645089
61 0.510367 0.525949 0.977033 0.657924
34 0.510367 0.525949 0.977033 0.657924
62 0.510367 0.525949 0.977033 0.657924
29 0.510367 0.525949 0.977033 0.657924
32 0.510145 0.540737 0.97971 0.646205
36 0.506465 0.535156 0.984837 0.643973
61 0.510757 0.52567 0.977814 0.658482
34 0.510757 0.52567 0.977814 0.658482
62 0.510757 0.52567 0.977814 0.658482
29 0.510757 0.52567 0.977814 0.658482
32 0.510535 0.539062 0.97893 0.645089
36 0.506465 0.534319 0.984837 0.644531
61 0.510757 0.524833 0.977814 0.660156
34 0.510757 0.524833 0.977814 0.660156
62 0.510757 0.524833 0.977814 0.660156
29 0.510757 0.524833 0.977814 0.660156
32 0.510535 0.538504 0.97893 0.646205
36 0.506465 0.534598 0.984837 0.642857
61 0.510757 0.52567 0.977814 0.658482
34 0.510757 0.52567 0.977814 0.658482
62 0.510757 0.52567 0.977814 0.658482
29 0.510757 0.52567 0.977814 0.658482
32 0.510145 0.539062 0.97971 0.645089
36 0.506465 0.534877 0.984837 0.642299
61 0.510757 0.525112 0.977814 0.658482
34 0.510757 0.525112 0.977814 0.658482
62 0.510757 0.525112 0.977814 0.658482
29 0.510757 0.525112 0.977814 0.658482
32 0.510145 0.539062 0.97971 0.643973
36 0.505685 0.534877 0.984837 0.642299
61 0.510757 0.525112 0.977814 0.658482
34 0.510757 0.525112 0.977814 0.658482
62 0.510757 0.525112 0.977814 0.658482
29 0.510757 0.525112 0.977814 0.658482
32 0.510535 0.539202 0.97893 0.64481
36 0.506465 0.535156 0.984837 0.642857
61 0.510757 0.525391 0.977814 0.65904
34 0.510757 0.525391 0.977814 0.65904
62 0.510757 0.525391 0.977814 0.65904
29 0.510757 0.525391 0.977814 0.65904
32 0.510535 0.539202 0.97893 0.64481
36 0.506465 0.535156 0.984837 0.642857
61 0.510757 0.52567 0.977814 0.658482
34 0.510757 0.52567 0.977814 0.658482
62 0.510757 0.52567 0.977814 0.658482
29 0.510757 0.52567 0.977814 0.658482
32 0.510535 0.539202 0.97893 0.64481
