22 0.423609 0.434411 0.762965 0.488649
2 0.423609 0.434411 0.762965 0.488649
22 0.528536 0.471552 0.868282 0.414368
62 0.423609 0.434411 0.762965 0.488649
3 0.499282 0.473851 0.833176 0.397126
72 0.423609 0.434411 0.762965 0.488649
64 0.423609 0.434411 0.762965 0.488649
62 0.528536 0.471552 0.868282 0.414368
3 0.399035 0.44454 0.694314 0.461494
4 0.423609 0.434411 0.762965 0.488649
62 0.620299 0.518103 0.687877 0.315517
60 0.355933 0.443678 0.624492 0.48046
3 0.56725 0.517241 0.769011 0.309195
22 0.620299 0.518103 0.687877 0.315517
35 0.423609 0.434411 0.762965 0.488649
52 0.423609 0.434411 0.762965 0.488649
41 0.377972 0.430747 0.688073 0.501724
2 0.528536 0.471552 0.868282 0.414368
72 0.499282 0.473851 0.833176 0.397126
60 0.528536 0.471552 0.868282 0.414368
3 0.306785 0.457974 0.557401 0.504741
4 0.528536 0.471552 0.868282 0.414368
22 0.306785 0.457974 0.557401 0.504741
2 0.306785 0.457974 0.557401 0.504741
41 0.507083 0.452012 0.873743 0.453448
31 0.423609 0.434411 0.762965 0.488649
36 0.526586 0.501724 0.834736 0.341379
35 0.528536 0.471552 0.868282 0.414368
21 0.566763 0.503161 0.79495 0.347701
23 0.528536 0.471552 0.868282 0.414368
58 0.499282 0.473851 0.833176 0.397126
57 0.528536 0.471552 0.868282 0.414368
72 0.56725 0.517241 0.769011 0.309195
62 0.739951 0.526149 0.476658 0.292529
2 0.709136 0.525 0.557011 0.297126
22 0.739951 0.526149 0.476658 0.292529
52 0.528536 0.471552 0.868282 0.414368
64 0.528536 0.471552 0.868282 0.414368
39 0.566763 0.503161 0.79495 0.347701
62 0.648969 0.450647 0.608695 0.464224
57 0.620299 0.518103 0.687877 0.315517
10 0.457935 0.431322 0.806652 0.494828
69 0.423609 0.434411 0.762965 0.488649
4 0.739951 0.526149 0.476658 0.292529
36 0.447013 0.455101 0.79261 0.433477
33 0.566763 0.503161 0.79495 0.347701
23 0.620299 0.518103 0.687877 0.315517
41 0.566763 0.503161 0.79495 0.347701
10 0.620299 0.518103 0.687877 0.315517
52 0.620299 0.518103 0.687877 0.315517
3 0.714597 0.527586 0.539848 0.28046
64 0.315952 0.435345 0.581975 0.513218
41 0.270704 0.447126 0.48914 0.543678
2 0.56725 0.517241 0.769011 0.309195
36 0.625272 0.524425 0.67325 0.29023
72 0.306785 0.457974 0.557401 0.504741
21 0.507083 0.452012 0.873743 0.453448
57 0.423609 0.434411 0.762965 0.488649
60 0.620299 0.518103 0.687877 0.315517
60 0.714597 0.527586 0.539848 0.28046
4 0.620299 0.518103 0.687877 0.315517
56 0.423609 0.434411 0.762965 0.488649
37 0.399035 0.44454 0.694314 0.461494
58 0.714597 0.527586 0.539848 0.28046
35 0.760624 0.520402 0.444673 0.297126
33 0.586266 0.438578 0.718497 0.489512
3 0.418148 0.539081 0.617861 0.444828
5 0.423609 0.434411 0.762965 0.488649
37 0.499282 0.473851 0.833176 0.397126
4 0.315952 0.435345 0.581975 0.513218
33 0.423609 0.434411 0.762965 0.488649
52 0.315952 0.435345 0.581975 0.513218
58 0.399035 0.44454 0.694314 0.461494
44 0.423609 0.434411 0.762965 0.488649
22 0.648969 0.450647 0.608695 0.464224
72 0.709136 0.525 0.557011 0.297126
39 0.423609 0.434411 0.762965 0.488649
35 0.56725 0.517241 0.769011 0.309195
40 0.423609 0.434411 0.762965 0.488649
35 0.306785 0.457974 0.557401 0.504741
57 0.729029 0.561925 0.461055 0.317529
34 0.566763 0.503161 0.79495 0.347701
62 0.315952 0.435345 0.581975 0.513218
5 0.620299 0.518103 0.687877 0.315517
33 0.760624 0.520402 0.444673 0.297126
36 0.323753 0.435057 0.603819 0.517241
64 0.620299 0.518103 0.687877 0.315517
57 0.714597 0.527586 0.539848 0.28046
23 0.423609 0.434411 0.762965 0.488649
49 0.466516 0.442241 0.85502 0.472989
40 0.528536 0.471552 0.868282 0.414368
23 0.714597 0.527586 0.539848 0.28046
3 0.586266 0.438578 0.718497 0.489512
58 0.306785 0.457974 0.557401 0.504741
58 0.56725 0.517241 0.769011 0.309195
31 0.499282 0.473851 0.833176 0.397126
8 0.709136 0.525 0.557011 0.297126
22 0.207709 0.448851 0.383433 0.535632
65 0.413565 0.430388 0.725324 0.496695
8 0.528536 0.471552 0.868282 0.414368
22 0.418148 0.539081 0.617861 0.444828
2 0.449744 0.432687 0.851119 0.465661
4 0.449744 0.432687 0.851119 0.465661
22 0.449744 0.432687 0.851119 0.465661
52 0.4868 0.434986 0.939274 0.456466
3 0.449744 0.432687 0.851119 0.465661
60 0.449744 0.432687 0.851119 0.465661
62 0.4868 0.434986 0.939274 0.456466
36 0.449744 0.432687 0.851119 0.465661
10 0.449744 0.432687 0.851119 0.465661
35 0.449744 0.432687 0.851119 0.465661
58 0.449744 0.432687 0.851119 0.465661
69 0.449744 0.432687 0.851119 0.465661
57 0.449744 0.432687 0.851119 0.465661
44 0.449744 0.432687 0.851119 0.465661
21 0.4868 0.434986 0.939274 0.456466
23 0.4868 0.434986 0.939274 0.456466
33 0.449744 0.432687 0.851119 0.465661
8 0.449744 0.432687 0.851119 0.465661
3 0.301129 0.438003 0.572614 0.494109
5 0.449744 0.432687 0.851119 0.465661
58 0.301129 0.438003 0.572614 0.494109
65 0.431411 0.425575 0.800411 0.483333
2 0.301129 0.438003 0.572614 0.494109
72 0.449744 0.432687 0.851119 0.465661
60 0.301129 0.438003 0.572614 0.494109
56 0.4868 0.434986 0.939274 0.456466
22 0.301129 0.438003 0.572614 0.494109
39 0.4868 0.434986 0.939274 0.456466
64 0.4868 0.434986 0.939274 0.456466
32 0.449744 0.432687 0.851119 0.465661
31 0.449744 0.432687 0.851119 0.465661
66 0.449744 0.432687 0.851119 0.465661
20 0.449744 0.432687 0.851119 0.465661
62 0.363539 0.425287 0.666229 0.491954
34 0.4868 0.434986 0.939274 0.456466
10 0.301129 0.438003 0.572614 0.494109
62 0.594067 0.491379 0.715377 0.375862
7 0.379532 0.431609 0.710696 0.48046
2 0.594067 0.491379 0.715377 0.375862
52 0.347937 0.439727 0.629563 0.476868
23 0.347937 0.439727 0.629563 0.476868
4 0.301129 0.438003 0.572614 0.494109
59 0.4868 0.434986 0.939274 0.456466
4 0.594067 0.491379 0.715377 0.375862
36 0.301129 0.438003 0.572614 0.494109
45 0.480559 0.443032 0.908068 0.436925
57 0.301129 0.438003 0.572614 0.494109
41 0.449744 0.432687 0.851119 0.465661
3 0.603819 0.497989 0.680271 0.344253
21 0.363539 0.425287 0.666229 0.491954
49 0.449744 0.432687 0.851119 0.465661
2 0.452474 0.572989 0.739561 0.72069
58 0.594067 0.491379 0.715377 0.375862
7 0.511764 0.46523 0.895586 0.413218
69 0.301129 0.438003 0.572614 0.494109
57 0.594067 0.491379 0.715377 0.375862
10 0.594067 0.491379 0.715377 0.375862
22 0.594067 0.491379 0.715377 0.375862
3 0.452474 0.572989 0.739561 0.72069
5 0.594067 0.491379 0.715377 0.375862
29 0.431411 0.425575 0.800411 0.483333
65 0.301129 0.438003 0.572614 0.494109
35 0.301129 0.438003 0.572614 0.494109
8 0.594067 0.491379 0.715377 0.375862
30 0.4868 0.434986 0.939274 0.456466
21 0.594067 0.491379 0.715377 0.375862
39 0.594067 0.491379 0.715377 0.375862
44 0.301129 0.438003 0.572614 0.494109
56 0.363539 0.425287 0.666229 0.491954
40 0.431411 0.425575 0.800411 0.483333
34 0.594067 0.491379 0.715377 0.375862
60 0.594067 0.491379 0.715377 0.375862
4 0.131842 0.343032 0.235599 0.292098
52 0.594067 0.491379 0.715377 0.375862
62 0.695484 0.509195 0.514104 0.344828
66 0.375631 0.42069 0.581195 0.489655
4 0.869062 0.54023 0.252761 0.226437
2 0.60928 0.442816 0.616301 0.486782
36 0.603819 0.497989 0.680271 0.344253
5 0.301129 0.438003 0.572614 0.494109
67 0.449744 0.432687 0.851119 0.465661
4 0.158073 0.296264 0.221361 0.21954
34 0.363539 0.425287 0.666229 0.491954
37 0.42907 0.437284 0.791049 0.456466
4 0.905666 0.921839 0.188667 0.156322
0 0.4868 0.434986 0.939274 0.456466
4 0.912749 0.551724 0.165387 0.248276
32 0.301129 0.438003 0.572614 0.494109
2 0.494991 0.421839 0.950975 0.45977
52 0.494991 0.421839 0.950975 0.45977
4 0.494991 0.421839 0.950975 0.45977
58 0.444673 0.420115 0.817574 0.463218
10 0.444673 0.420115 0.817574 0.463218
23 0.444673 0.420115 0.817574 0.463218
8 0.494991 0.421839 0.950975 0.45977
5 0.444673 0.420115 0.817574 0.463218
3 0.494991 0.421839 0.950975 0.45977
60 0.444673 0.420115 0.817574 0.463218
62 0.494991 0.421839 0.950975 0.45977
36 0.444673 0.420115 0.817574 0.463218
21 0.494991 0.421839 0.950975 0.45977
44 0.444673 0.420115 0.817574 0.463218
67 0.494991 0.421839 0.950975 0.45977
20 0.433751 0.418319 0.786369 0.471408
57 0.494991 0.421839 0.950975 0.45977
59 0.494991 0.421839 0.950975 0.45977
32 0.494991 0.421839 0.950975 0.45977
66 0.49148 0.421552 0.928352 0.47069
34 0.494991 0.421839 0.950975 0.45977
65 0.433751 0.418319 0.786369 0.471408
29 0.49148 0.421552 0.928352 0.47069
56 0.494991 0.421839 0.950975 0.45977
33 0.494991 0.421839 0.950975 0.45977
3 0.330189 0.421767 0.594067 0.46681
35 0.49148 0.421552 0.928352 0.47069
22 0.494991 0.421839 0.950975 0.45977
69 0.494991 0.421839 0.950975 0.45977
30 0.494991 0.421839 0.950975 0.45977
52 0.330189 0.421767 0.594067 0.46681
4 0.330189 0.421767 0.594067 0.46681
0 0.49148 0.421552 0.928352 0.47069
39 0.503182 0.425359 0.953316 0.465374
2 0.330189 0.421767 0.594067 0.46681
58 0.315952 0.428664 0.546869 0.459914
61 0.444673 0.420115 0.817574 0.463218
67 0.330189 0.421767 0.594067 0.46681
6 0.433751 0.418319 0.786369 0.471408
62 0.339941 0.417241 0.60889 0.475862
45 0.494991 0.421839 0.950975 0.45977
31 0.494991 0.421839 0.950975 0.45977
22 0.330189 0.421767 0.594067 0.46681
69 0.330189 0.421767 0.594067 0.46681
32 0.330189 0.421767 0.594067 0.46681
56 0.330189 0.421767 0.594067 0.46681
57 0.330189 0.421767 0.594067 0.46681
8 0.330189 0.421767 0.594067 0.46681
0 0.339941 0.417241 0.60889 0.475862
7 0.433751 0.418319 0.786369 0.471408
66 0.384213 0.41329 0.628003 0.476868
59 0.330189 0.421767 0.594067 0.46681
64 0.494991 0.421839 0.950975 0.45977
21 0.330189 0.421767 0.594067 0.46681
10 0.315952 0.428664 0.546869 0.459914
33 0.330189 0.421767 0.594067 0.46681
1 0.48797 0.421911 0.927572 0.45273
41 0.433751 0.418319 0.786369 0.471408
1 0.330189 0.421767 0.594067 0.46681
72 0.433751 0.418319 0.786369 0.471408
23 0.315952 0.428664 0.546869 0.459914
29 0.339941 0.417241 0.60889 0.475862
5 0.315952 0.428664 0.546869 0.459914
28 0.503182 0.425359 0.953316 0.465374
60 0.315952 0.428664 0.546869 0.459914
66 0.484849 0.367241 0.699774 0.594253
20 0.315952 0.428664 0.546869 0.459914
58 0.60967 0.505172 0.634244 0.350575
36 0.315952 0.428664 0.546869 0.459914
34 0.339941 0.417241 0.60889 0.475862
54 0.384213 0.41329 0.628003 0.476868
40 0.500062 0.41717 0.91899 0.490948
58 0.486897 0.555747 0.753408 0.704598
28 0.339941 0.417241 0.60889 0.475862
49 0.444673 0.420115 0.817574 0.463218
35 0.330189 0.421767 0.594067 0.46681
61 0.315952 0.428664 0.546869 0.459914
65 0.327068 0.412356 0.536338 0.474138
34 0.618641 0.469828 0.642825 0.437356
44 0.315952 0.428664 0.546869 0.459914
4 0.497721 0.414943 0.964238 0.482759
52 0.497721 0.414943 0.964238 0.482759
2 0.497721 0.414943 0.964238 0.482759
20 0.462616 0.417529 0.872183 0.48908
58 0.497721 0.414943 0.964238 0.482759
0 0.496941 0.417529 0.956436 0.48908
66 0.496941 0.417529 0.956436 0.48908
23 0.497721 0.414943 0.964238 0.482759
36 0.497721 0.414943 0.964238 0.482759
8 0.497721 0.414943 0.964238 0.482759
10 0.497721 0.414943 0.964238 0.482759
5 0.497721 0.414943 0.964238 0.482759
65 0.462616 0.417529 0.872183 0.48908
61 0.497721 0.414943 0.964238 0.482759
62 0.497721 0.414943 0.964238 0.482759
67 0.497721 0.414943 0.964238 0.482759
7 0.496941 0.417529 0.956436 0.48908
32 0.497721 0.414943 0.964238 0.482759
60 0.497721 0.414943 0.964238 0.482759
56 0.497721 0.414943 0.964238 0.482759
57 0.497721 0.414943 0.964238 0.482759
44 0.496941 0.417529 0.956436 0.48908
3 0.497721 0.414943 0.964238 0.482759
1 0.462616 0.417529 0.872183 0.48908
29 0.496941 0.417529 0.956436 0.48908
30 0.497721 0.414943 0.964238 0.482759
59 0.497721 0.414943 0.964238 0.482759
69 0.497721 0.414943 0.964238 0.482759
34 0.500842 0.420618 0.961117 0.474856
6 0.496941 0.417529 0.956436 0.48908
28 0.496941 0.417529 0.956436 0.48908
21 0.497721 0.414943 0.964238 0.482759
33 0.497721 0.414943 0.964238 0.482759
10 0.355348 0.423276 0.646726 0.479885
35 0.496941 0.417529 0.956436 0.48908
36 0.355348 0.423276 0.646726 0.479885
22 0.500842 0.420618 0.961117 0.474856
4 0.371341 0.420115 0.677151 0.490805
31 0.497721 0.414943 0.964238 0.482759
39 0.500842 0.420618 0.961117 0.474856
58 0.355348 0.423276 0.646726 0.479885
45 0.497721 0.414943 0.964238 0.482759
68 0.371341 0.420115 0.677151 0.490805
62 0.371341 0.420115 0.677151 0.490805
23 0.355348 0.423276 0.646726 0.479885
52 0.355348 0.423276 0.646726 0.479885
54 0.420099 0.419253 0.743462 0.484483
44 0.355348 0.423276 0.646726 0.479885
6 0.355348 0.423276 0.646726 0.479885
60 0.371341 0.420115 0.677151 0.490805
61 0.355348 0.423276 0.646726 0.479885
5 0.355348 0.423276 0.646726 0.479885
56 0.355348 0.423276 0.646726 0.479885
67 0.355348 0.423276 0.646726 0.479885
3 0.355348 0.423276 0.646726 0.479885
57 0.355348 0.423276 0.646726 0.479885
69 0.355348 0.423276 0.646726 0.479885
33 0.355348 0.423276 0.646726 0.479885
2 0.355348 0.423276 0.646726 0.479885
41 0.462616 0.417529 0.872183 0.48908
28 0.344036 0.419253 0.583535 0.481034
65 0.344036 0.419253 0.583535 0.481034
59 0.355348 0.423276 0.646726 0.479885
32 0.355348 0.423276 0.646726 0.479885
58 0.593677 0.514368 0.641265 0.311494
8 0.355348 0.423276 0.646726 0.479885
22 0.371341 0.420115 0.677151 0.490805
34 0.371341 0.420115 0.677151 0.490805
72 0.496941 0.417529 0.956436 0.48908
0 0.355348 0.423276 0.646726 0.479885
66 0.355348 0.423276 0.646726 0.479885
20 0.334285 0.429813 0.587436 0.457615
31 0.355348 0.423276 0.646726 0.479885
7 0.355348 0.423276 0.646726 0.479885
54 0.286502 0.424138 0.515274 0.494253
58 0.59436 0.458693 0.70543 0.440086
5 0.59436 0.458693 0.70543 0.440086
29 0.355348 0.423276 0.646726 0.479885
4 0.498502 0.41717 0.973599 0.46796
52 0.498502 0.41717 0.973599 0.46796
2 0.498502 0.41717 0.973599 0.46796
3 0.498502 0.41717 0.973599 0.46796
0 0.497721 0.423851 0.965798 0.466092
58 0.498502 0.41717 0.973599 0.46796
66 0.497721 0.423851 0.965798 0.466092
69 0.498502 0.41717 0.973599 0.46796
10 0.498502 0.41717 0.973599 0.46796
67 0.498502 0.41717 0.973599 0.46796
23 0.498502 0.41717 0.973599 0.46796
44 0.498502 0.41717 0.973599 0.46796
61 0.498502 0.41717 0.973599 0.46796
32 0.498502 0.41717 0.973599 0.46796
56 0.498502 0.41717 0.973599 0.46796
60 0.498502 0.41717 0.973599 0.46796
8 0.498502 0.41717 0.973599 0.46796
5 0.498502 0.41717 0.973599 0.46796
28 0.497721 0.423851 0.965798 0.466092
62 0.498502 0.41717 0.973599 0.46796
6 0.497721 0.423851 0.965798 0.466092
57 0.498502 0.41717 0.973599 0.46796
20 0.498502 0.41717 0.973599 0.46796
22 0.498502 0.41717 0.973599 0.46796
33 0.498502 0.41717 0.973599 0.46796
29 0.498502 0.41717 0.973599 0.46796
36 0.498502 0.41717 0.973599 0.46796
1 0.497721 0.423851 0.965798 0.466092
34 0.498502 0.41717 0.973599 0.46796
30 0.498502 0.41717 0.973599 0.46796
21 0.498502 0.41717 0.973599 0.46796
65 0.466516 0.421839 0.883104 0.468966
7 0.497721 0.423851 0.965798 0.466092
35 0.498502 0.41717 0.973599 0.46796
59 0.498502 0.41717 0.973599 0.46796
58 0.353593 0.421193 0.651797 0.46681
4 0.353593 0.421193 0.651797 0.46681
54 0.466516 0.421839 0.883104 0.468966
10 0.353593 0.421193 0.651797 0.46681
45 0.498502 0.41717 0.973599 0.46796
39 0.500452 0.412356 0.974379 0.478736
52 0.353593 0.421193 0.651797 0.46681
28 0.360029 0.420977 0.659208 0.475287
0 0.360029 0.420977 0.659208 0.475287
3 0.353593 0.421193 0.651797 0.46681
69 0.353593 0.421193 0.651797 0.46681
31 0.498502 0.41717 0.973599 0.46796
23 0.353593 0.421193 0.651797 0.46681
68 0.360029 0.420977 0.659208 0.475287
60 0.353593 0.421193 0.651797 0.46681
2 0.353593 0.421193 0.651797 0.46681
44 0.353593 0.421193 0.651797 0.46681
66 0.360029 0.420977 0.659208 0.475287
61 0.353593 0.421193 0.651797 0.46681
56 0.353593 0.421193 0.651797 0.46681
67 0.353593 0.421193 0.651797 0.46681
22 0.353593 0.421193 0.651797 0.46681
62 0.360029 0.420977 0.659208 0.475287
20 0.360029 0.420977 0.659208 0.475287
5 0.353593 0.421193 0.651797 0.46681
1 0.353593 0.421193 0.651797 0.46681
57 0.353593 0.421193 0.651797 0.46681
6 0.353593 0.421193 0.651797 0.46681
54 0.320632 0.422989 0.526586 0.471264
32 0.353593 0.421193 0.651797 0.46681
36 0.353593 0.421193 0.651797 0.46681
7 0.360029 0.420977 0.659208 0.475287
33 0.353593 0.421193 0.651797 0.46681
8 0.353593 0.421193 0.651797 0.46681
29 0.353593 0.421193 0.651797 0.46681
34 0.353593 0.421193 0.651797 0.46681
68 0.497721 0.423851 0.965798 0.466092
59 0.353593 0.421193 0.651797 0.46681
41 0.466516 0.421839 0.883104 0.468966
68 0.264658 0.43046 0.49187 0.454023
58 0.600698 0.457184 0.642825 0.393678
35 0.353593 0.421193 0.651797 0.46681
31 0.353593 0.421193 0.651797 0.46681
4 0.500452 0.428736 0.968138 0.464368
2 0.500452 0.428736 0.968138 0.464368
52 0.500452 0.428736 0.968138 0.464368
8 0.500452 0.428736 0.968138 0.464368
23 0.500452 0.428736 0.968138 0.464368
10 0.500452 0.428736 0.968138 0.464368
3 0.500452 0.428736 0.968138 0.464368
58 0.473147 0.427658 0.901047 0.471121
1 0.500452 0.428736 0.968138 0.464368
67 0.500452 0.428736 0.968138 0.464368
61 0.500452 0.428736 0.968138 0.464368
28 0.500452 0.428736 0.968138 0.464368
44 0.500452 0.428736 0.968138 0.464368
20 0.500452 0.428736 0.968138 0.464368
30 0.500452 0.428736 0.968138 0.464368
32 0.500452 0.428736 0.968138 0.464368
36 0.500452 0.428736 0.968138 0.464368
56 0.500452 0.428736 0.968138 0.464368
21 0.500452 0.428736 0.968138 0.464368
5 0.500452 0.428736 0.968138 0.464368
7 0.500452 0.428736 0.968138 0.464368
59 0.500452 0.428736 0.968138 0.464368
29 0.500452 0.428736 0.968138 0.464368
6 0.500452 0.428736 0.968138 0.464368
0 0.500452 0.428736 0.968138 0.464368
31 0.500452 0.428736 0.968138 0.464368
22 0.496551 0.428089 0.950975 0.462213
62 0.500452 0.428736 0.968138 0.464368
45 0.500452 0.428736 0.968138 0.464368
66 0.498501 0.426724 0.965798 0.468391
34 0.500452 0.428736 0.968138 0.464368
54 0.471977 0.426509 0.898707 0.475718
69 0.500452 0.428736 0.968138 0.464368
60 0.500452 0.428736 0.968138 0.464368
57 0.500452 0.428736 0.968138 0.464368
35 0.500452 0.428736 0.968138 0.464368
33 0.500452 0.428736 0.968138 0.464368
68 0.471977 0.426509 0.898707 0.475718
39 0.499282 0.430963 0.967358 0.456466
65 0.500452 0.428736 0.968138 0.464368
58 0.335065 0.434555 0.603039 0.463075
4 0.335065 0.434555 0.603039 0.463075
52 0.335065 0.434555 0.603039 0.463075
10 0.335065 0.434555 0.603039 0.463075
23 0.335065 0.434555 0.603039 0.463075
69 0.335065 0.434555 0.603039 0.463075
68 0.335065 0.434555 0.603039 0.463075
22 0.335065 0.434555 0.603039 0.463075
3 0.335065 0.434555 0.603039 0.463075
5 0.335065 0.434555 0.603039 0.463075
56 0.335065 0.434555 0.603039 0.463075
54 0.274995 0.435057 0.505523 0.508046
59 0.335065 0.434555 0.603039 0.463075
57 0.335065 0.434555 0.603039 0.463075
67 0.335065 0.434555 0.603039 0.463075
61 0.335065 0.434555 0.603039 0.463075
2 0.335065 0.434555 0.603039 0.463075
34 0.335065 0.434555 0.603039 0.463075
60 0.335065 0.434555 0.603039 0.463075
28 0.335065 0.434555 0.603039 0.463075
0 0.335065 0.434555 0.603039 0.463075
36 0.335065 0.434555 0.603039 0.463075
1 0.335065 0.434555 0.603039 0.463075
62 0.335065 0.434555 0.603039 0.463075
8 0.335065 0.434555 0.603039 0.463075
41 0.471977 0.426509 0.898707 0.475718
72 0.500452 0.428736 0.968138 0.464368
2 0.500062 0.421839 0.97672 0.477012
4 0.502012 0.426509 0.9775 0.468822
66 0.497721 0.425287 0.975159 0.471264
5 0.502012 0.426509 0.9775 0.468822
52 0.502012 0.426509 0.9775 0.468822
7 0.497721 0.425287 0.975159 0.471264
1 0.497721 0.425287 0.975159 0.471264
8 0.500062 0.421839 0.97672 0.477012
3 0.500062 0.421839 0.97672 0.477012
30 0.502012 0.426509 0.9775 0.468822
28 0.497721 0.425287 0.975159 0.471264
44 0.497721 0.425287 0.975159 0.471264
20 0.497721 0.425287 0.975159 0.471264
45 0.502012 0.426509 0.9775 0.468822
0 0.497721 0.425287 0.975159 0.471264
6 0.497721 0.425287 0.975159 0.471264
39 0.502012 0.426509 0.9775 0.468822
54 0.497721 0.425287 0.975159 0.471264
67 0.500062 0.421839 0.97672 0.477012
61 0.500062 0.421839 0.97672 0.477012
29 0.497721 0.425287 0.975159 0.471264
22 0.502012 0.426509 0.9775 0.468822
32 0.500062 0.421839 0.97672 0.477012
65 0.497721 0.425287 0.975159 0.471264
34 0.502012 0.426509 0.9775 0.468822
36 0.502012 0.426509 0.9775 0.468822
60 0.500062 0.421839 0.97672 0.477012
56 0.500062 0.421839 0.97672 0.477012
69 0.497721 0.425287 0.975159 0.471264
35 0.502012 0.426509 0.9775 0.468822
21 0.500062 0.421839 0.97672 0.477012
23 0.500062 0.421839 0.97672 0.477012
31 0.502012 0.426509 0.9775 0.468822
10 0.500062 0.421839 0.97672 0.477012
62 0.502012 0.426509 0.9775 0.468822
58 0.500062 0.421839 0.97672 0.477012
57 0.500062 0.421839 0.97672 0.477012
33 0.502012 0.426509 0.9775 0.468822
59 0.494601 0.418463 0.957997 0.478017
68 0.475098 0.421552 0.91899 0.479885
54 0.379142 0.420402 0.702115 0.49023
4 0.379142 0.420402 0.702115 0.49023
28 0.379142 0.420402 0.702115 0.49023
7 0.379142 0.420402 0.702115 0.49023
5 0.358274 0.427083 0.659598 0.476868
2 0.358274 0.427083 0.659598 0.476868
1 0.379142 0.420402 0.702115 0.49023
10 0.358274 0.427083 0.659598 0.476868
52 0.358274 0.427083 0.659598 0.476868
0 0.379142 0.420402 0.702115 0.49023
58 0.358274 0.427083 0.659598 0.476868
36 0.358274 0.427083 0.659598 0.476868
69 0.358274 0.427083 0.659598 0.476868
66 0.379142 0.420402 0.702115 0.49023
3 0.358274 0.427083 0.659598 0.476868
65 0.379142 0.420402 0.702115 0.49023
61 0.358274 0.427083 0.659598 0.476868
20 0.379142 0.420402 0.702115 0.49023
44 0.379142 0.420402 0.702115 0.49023
22 0.358274 0.427083 0.659598 0.476868
6 0.379142 0.420402 0.702115 0.49023
57 0.358274 0.427083 0.659598 0.476868
23 0.358274 0.427083 0.659598 0.476868
62 0.379142 0.420402 0.702115 0.49023
34 0.358274 0.427083 0.659598 0.476868
67 0.358274 0.427083 0.659598 0.476868
8 0.358274 0.427083 0.659598 0.476868
72 0.497721 0.425287 0.975159 0.471264
60 0.358274 0.427083 0.659598 0.476868
2 0.503962 0.425359 0.967358 0.471121
54 0.501622 0.424713 0.961117 0.475862
6 0.501622 0.424713 0.961117 0.475862
66 0.501622 0.424713 0.961117 0.475862
8 0.503962 0.425359 0.967358 0.471121
4 0.502402 0.432471 0.964238 0.464943
7 0.501622 0.424713 0.961117 0.475862
61 0.503962 0.425359 0.967358 0.471121
20 0.501622 0.424713 0.961117 0.475862
1 0.501622 0.424713 0.961117 0.475862
30 0.502402 0.432471 0.964238 0.464943
3 0.503962 0.425359 0.967358 0.471121
5 0.503962 0.425359 0.967358 0.471121
56 0.503962 0.425359 0.967358 0.471121
28 0.501622 0.424713 0.961117 0.475862
52 0.503962 0.425359 0.967358 0.471121
29 0.501622 0.424713 0.961117 0.475862
44 0.501622 0.424713 0.961117 0.475862
62 0.503962 0.425359 0.967358 0.471121
67 0.503962 0.425359 0.967358 0.471121
36 0.503962 0.425359 0.967358 0.471121
0 0.501622 0.424713 0.961117 0.475862
60 0.503962 0.425359 0.967358 0.471121
45 0.502402 0.432471 0.964238 0.464943
69 0.501622 0.424713 0.961117 0.475862
31 0.503962 0.425359 0.967358 0.471121
39 0.502402 0.432471 0.964238 0.464943
35 0.502402 0.432471 0.964238 0.464943
57 0.503962 0.425359 0.967358 0.471121
22 0.500062 0.419612 0.956436 0.469971
33 0.502402 0.432471 0.964238 0.464943
10 0.503962 0.425359 0.967358 0.471121
58 0.503962 0.425359 0.967358 0.471121
32 0.503962 0.425359 0.967358 0.471121
34 0.503962 0.425359 0.967358 0.471121
21 0.503962 0.425359 0.967358 0.471121
23 0.503962 0.425359 0.967358 0.471121
65 0.502402 0.432471 0.964238 0.464943
68 0.477048 0.421264 0.896367 0.481609
59 0.500062 0.419612 0.956436 0.469971
58 0.353788 0.424425 0.642045 0.466092
2 0.353788 0.424425 0.642045 0.466092
52 0.353788 0.424425 0.642045 0.466092
5 0.353788 0.424425 0.642045 0.466092
72 0.503962 0.425359 0.967358 0.471121
69 0.353788 0.424425 0.642045 0.466092
67 0.353788 0.424425 0.642045 0.466092
41 0.477048 0.421264 0.896367 0.481609
54 0.36861 0.423276 0.646726 0.482184
3 0.353788 0.424425 0.642045 0.466092
57 0.353788 0.424425 0.642045 0.466092
4 0.353788 0.424425 0.642045 0.466092
34 0.353788 0.424425 0.642045 0.466092
61 0.353788 0.424425 0.642045 0.466092
31 0.558474 0.462644 0.794365 0.405747
4 0.501622 0.431106 0.968918 0.460776
2 0.501622 0.431106 0.968918 0.460776
66 0.500452 0.433046 0.965018 0.458046
54 0.502402 0.429598 0.967358 0.464943
30 0.501622 0.431106 0.968918 0.460776
7 0.500452 0.433046 0.965018 0.458046
8 0.501622 0.431106 0.968918 0.460776
3 0.501622 0.431106 0.968918 0.460776
1 0.500452 0.433046 0.965018 0.458046
39 0.501622 0.431106 0.968918 0.460776
20 0.501622 0.431106 0.968918 0.460776
35 0.501622 0.431106 0.968918 0.460776
6 0.500452 0.433046 0.965018 0.458046
5 0.501622 0.431106 0.968918 0.460776
44 0.501622 0.431106 0.968918 0.460776
36 0.501622 0.431106 0.968918 0.460776
45 0.501622 0.431106 0.968918 0.460776
29 0.500452 0.433046 0.965018 0.458046
32 0.501622 0.431106 0.968918 0.460776
31 0.501622 0.431106 0.968918 0.460776
65 0.501622 0.431106 0.968918 0.460776
67 0.501622 0.431106 0.968918 0.460776
22 0.501622 0.431106 0.968918 0.460776
61 0.501622 0.431106 0.968918 0.460776
28 0.500452 0.433046 0.965018 0.458046
56 0.501622 0.431106 0.968918 0.460776
62 0.501622 0.431106 0.968918 0.460776
52 0.501622 0.431106 0.968918 0.460776
57 0.500452 0.433046 0.965018 0.458046
69 0.500452 0.433046 0.965018 0.458046
34 0.501622 0.431106 0.968918 0.460776
10 0.501622 0.431106 0.968918 0.460776
21 0.501622 0.431106 0.968918 0.460776
23 0.500842 0.431106 0.964238 0.459626
0 0.502402 0.429598 0.967358 0.464943
59 0.500842 0.431106 0.964238 0.459626
60 0.500452 0.433046 0.965018 0.458046
33 0.501622 0.431106 0.968918 0.460776
58 0.500842 0.431106 0.964238 0.459626
68 0.502402 0.429598 0.967358 0.464943
4 0.572224 0.481609 0.759064 0.374713
31 0.572224 0.481609 0.759064 0.374713
39 0.572224 0.481609 0.759064 0.374713
66 0.500842 0.427514 0.957997 0.458764
54 0.500842 0.427514 0.957997 0.458764
4 0.500842 0.427514 0.957997 0.458764
2 0.500842 0.427514 0.957997 0.458764
20 0.500842 0.427514 0.957997 0.458764
6 0.500842 0.427514 0.957997 0.458764
7 0.500842 0.427514 0.957997 0.458764
44 0.500842 0.427514 0.957997 0.458764
30 0.500842 0.425359 0.961117 0.459626
56 0.505133 0.424713 0.963458 0.467816
1 0.500842 0.427514 0.957997 0.458764
35 0.500842 0.427514 0.957997 0.458764
5 0.500842 0.425359 0.961117 0.459626
3 0.500842 0.427514 0.957997 0.458764
0 0.504743 0.422701 0.965798 0.467241
28 0.500842 0.427514 0.957997 0.458764
57 0.500842 0.427514 0.957997 0.458764
31 0.500842 0.425359 0.961117 0.459626
32 0.500842 0.425359 0.961117 0.459626
39 0.500842 0.425359 0.961117 0.459626
29 0.500842 0.427514 0.957997 0.458764
52 0.500842 0.419612 0.957997 0.468822
23 0.500062 0.422917 0.956436 0.459914
69 0.505133 0.424713 0.963458 0.467816
60 0.500842 0.427514 0.957997 0.458764
61 0.500842 0.425359 0.961117 0.459626
67 0.500842 0.425359 0.961117 0.459626
22 0.500062 0.422917 0.956436 0.459914
62 0.500842 0.425359 0.961117 0.459626
8 0.500842 0.427514 0.957997 0.458764
45 0.500842 0.425359 0.961117 0.459626
36 0.500842 0.425359 0.961117 0.459626
65 0.500842 0.427514 0.957997 0.458764
58 0.500842 0.419612 0.957997 0.468822
10 0.504743 0.422701 0.965798 0.467241
68 0.505133 0.424713 0.963458 0.467816
59 0.500062 0.422917 0.956436 0.459914
34 0.500842 0.427514 0.957997 0.458764
21 0.500842 0.425359 0.961117 0.459626
33 0.500842 0.427514 0.957997 0.458764
72 0.500842 0.427514 0.957997 0.458764
4 0.503182 0.420402 0.959557 0.460345
2 0.503182 0.420402 0.959557 0.460345
7 0.503182 0.420402 0.959557 0.460345
3 0.503182 0.420402 0.959557 0.460345
66 0.503182 0.420402 0.959557 0.460345
54 0.503182 0.420402 0.959557 0.460345
1 0.503182 0.420402 0.959557 0.460345
5 0.503962 0.421193 0.962677 0.456466
39 0.503962 0.421193 0.962677 0.456466
28 0.503182 0.420402 0.959557 0.460345
57 0.503182 0.420402 0.959557 0.460345
45 0.503962 0.421193 0.962677 0.456466
30 0.503962 0.421193 0.962677 0.456466
31 0.503962 0.421193 0.962677 0.456466
35 0.503182 0.420402 0.959557 0.460345
20 0.503182 0.420402 0.959557 0.460345
8 0.503182 0.420402 0.959557 0.460345
52 0.503962 0.421193 0.962677 0.456466
22 0.503182 0.420402 0.959557 0.460345
6 0.503182 0.420402 0.959557 0.460345
34 0.503182 0.420402 0.959557 0.460345
56 0.507863 0.417241 0.965798 0.465517
32 0.503962 0.421193 0.962677 0.456466
29 0.503182 0.420402 0.959557 0.460345
60 0.503182 0.420402 0.959557 0.460345
67 0.503962 0.421193 0.962677 0.456466
44 0.503182 0.420402 0.959557 0.460345
23 0.503182 0.425934 0.959557 0.455029
0 0.507863 0.417241 0.965798 0.465517
10 0.503962 0.421193 0.962677 0.456466
21 0.503962 0.421193 0.962677 0.456466
36 0.503962 0.421193 0.962677 0.456466
69 0.503182 0.420402 0.959557 0.460345
62 0.503182 0.420402 0.959557 0.460345
68 0.503182 0.420402 0.959557 0.460345
59 0.503182 0.425934 0.959557 0.455029
61 0.503962 0.421193 0.962677 0.456466
65 0.503182 0.420402 0.959557 0.460345
58 0.503962 0.421193 0.962677 0.456466
33 0.503182 0.420402 0.959557 0.460345
4 0.568615 0.460345 0.756919 0.411494
44 0.503182 0.422126 0.956436 0.460345
66 0.503182 0.422126 0.956436 0.460345
54 0.503182 0.422126 0.956436 0.460345
20 0.503182 0.422126 0.956436 0.460345
4 0.503962 0.421911 0.957997 0.466523
35 0.503182 0.422126 0.956436 0.460345
30 0.503962 0.421911 0.957997 0.466523
39 0.503962 0.421911 0.957997 0.466523
21 0.503962 0.421911 0.957997 0.466523
8 0.503962 0.421911 0.957997 0.466523
7 0.503182 0.422126 0.956436 0.460345
29 0.503182 0.422126 0.956436 0.460345
31 0.503962 0.421911 0.957997 0.466523
57 0.503182 0.422126 0.956436 0.460345
45 0.503962 0.421911 0.957997 0.466523
6 0.503182 0.422126 0.956436 0.460345
36 0.503962 0.421911 0.957997 0.466523
65 0.503962 0.421911 0.957997 0.466523
28 0.503962 0.421911 0.957997 0.466523
23 0.502792 0.422486 0.954096 0.47342
2 0.503182 0.422126 0.956436 0.460345
33 0.503182 0.422126 0.956436 0.460345
3 0.502792 0.422486 0.954096 0.47342
56 0.503962 0.421911 0.957997 0.466523
61 0.508643 0.419612 0.961117 0.467672
5 0.503962 0.421911 0.957997 0.466523
1 0.503962 0.421911 0.957997 0.466523
34 0.502792 0.422486 0.954096 0.47342
10 0.508643 0.419612 0.961117 0.467672
67 0.503962 0.421911 0.957997 0.466523
32 0.502792 0.422486 0.954096 0.47342
52 0.503182 0.417888 0.954876 0.471121
62 0.503962 0.421911 0.957997 0.466523
22 0.502792 0.422486 0.954096 0.47342
59 0.502792 0.422486 0.954096 0.47342
0 0.502792 0.422486 0.954096 0.47342
69 0.502792 0.422486 0.954096 0.47342
68 0.503182 0.422126 0.956436 0.460345
60 0.502792 0.422486 0.954096 0.47342
58 0.502792 0.422486 0.954096 0.47342
4 0.586656 0.47069 0.745802 0.409195
31 0.586656 0.47069 0.745802 0.409195
10 0.334285 0.423491 0.60928 0.469109
44 0.586656 0.47069 0.745802 0.409195
21 0.586656 0.47069 0.745802 0.409195
66 0.495381 0.420977 0.965798 0.468391
54 0.495381 0.420977 0.965798 0.468391
35 0.495381 0.420977 0.965798 0.468391
20 0.495381 0.420977 0.965798 0.468391
44 0.495381 0.420977 0.965798 0.468391
30 0.496161 0.420043 0.965798 0.465661
6 0.495381 0.420977 0.965798 0.468391
39 0.496161 0.420043 0.965798 0.465661
8 0.496161 0.420043 0.965798 0.465661
2 0.495381 0.420977 0.965798 0.468391
29 0.495381 0.420977 0.965798 0.468391
36 0.496161 0.420043 0.965798 0.465661
7 0.495381 0.420977 0.965798 0.468391
57 0.495381 0.420977 0.965798 0.468391
28 0.495381 0.420977 0.965798 0.468391
4 0.496161 0.420043 0.965798 0.465661
33 0.496161 0.420043 0.965798 0.465661
34 0.496161 0.420043 0.965798 0.465661
31 0.495381 0.420977 0.965798 0.468391
65 0.496161 0.420043 0.965798 0.465661
45 0.496161 0.420043 0.965798 0.465661
21 0.496161 0.420043 0.965798 0.465661
5 0.496161 0.420043 0.965798 0.465661
62 0.496161 0.420043 0.965798 0.465661
61 0.496161 0.420043 0.965798 0.465661
1 0.495381 0.420977 0.965798 0.468391
10 0.497331 0.418463 0.974379 0.467672
67 0.496161 0.420043 0.965798 0.465661
32 0.496161 0.420043 0.965798 0.465661
56 0.497331 0.418463 0.974379 0.467672
0 0.497331 0.418463 0.974379 0.467672
3 0.496161 0.420043 0.965798 0.465661
52 0.483679 0.417313 0.951756 0.467672
69 0.483679 0.417313 0.951756 0.467672
22 0.497331 0.418463 0.974379 0.467672
60 0.495381 0.420977 0.965798 0.468391
23 0.496161 0.420043 0.965798 0.465661
68 0.495381 0.420977 0.965798 0.468391
58 0.483679 0.417313 0.951756 0.467672
59 0.495381 0.419468 0.950195 0.469109
72 0.496551 0.420115 0.97594 0.471264
54 0.501622 0.425 0.959557 0.464943
30 0.501622 0.423276 0.959557 0.468391
35 0.501622 0.425 0.959557 0.464943
44 0.501622 0.425 0.959557 0.464943
66 0.501622 0.425 0.959557 0.464943
4 0.501622 0.425 0.959557 0.464943
20 0.501622 0.425 0.959557 0.464943
8 0.501622 0.425 0.959557 0.464943
29 0.501622 0.425 0.959557 0.464943
45 0.501622 0.425 0.959557 0.464943
65 0.501622 0.425 0.959557 0.464943
34 0.501622 0.423276 0.959557 0.468391
21 0.501622 0.423276 0.959557 0.468391
6 0.501622 0.425 0.959557 0.464943
39 0.501622 0.423276 0.959557 0.468391
7 0.501622 0.425 0.959557 0.464943
2 0.501622 0.425 0.959557 0.464943
28 0.501622 0.425 0.959557 0.464943
36 0.501622 0.423276 0.959557 0.468391
33 0.501622 0.425 0.959557 0.464943
57 0.501622 0.425 0.959557 0.464943
31 0.501622 0.423276 0.959557 0.468391
1 0.501622 0.425 0.959557 0.464943
5 0.501622 0.423276 0.959557 0.468391
67 0.501622 0.423276 0.959557 0.468391
61 0.501622 0.425 0.959557 0.464943
56 0.503182 0.423491 0.964238 0.469109
0 0.503182 0.423491 0.964238 0.469109
62 0.501622 0.423276 0.959557 0.468391
3 0.501622 0.423276 0.959557 0.468391
32 0.501622 0.423276 0.959557 0.468391
23 0.500842 0.421193 0.954876 0.463362
52 0.501622 0.423276 0.959557 0.468391
60 0.501622 0.425 0.959557 0.464943
10 0.501622 0.423276 0.959557 0.468391
59 0.500842 0.421193 0.954876 0.463362
22 0.500842 0.421193 0.954876 0.463362
68 0.501622 0.425 0.959557 0.464943
69 0.500842 0.421193 0.954876 0.463362
54 0.498892 0.421264 0.965018 0.462069
66 0.498892 0.421264 0.965018 0.462069
35 0.498892 0.421264 0.965018 0.462069
44 0.498892 0.421264 0.965018 0.462069
30 0.499672 0.420115 0.963458 0.467816
6 0.498892 0.421264 0.965018 0.462069
8 0.498892 0.421264 0.965018 0.462069
20 0.498892 0.421264 0.965018 0.462069
29 0.498892 0.421264 0.965018 0.462069
21 0.499672 0.420115 0.963458 0.467816
45 0.499672 0.420115 0.963458 0.467816
39 0.498892 0.421264 0.965018 0.462069
7 0.498892 0.421264 0.965018 0.462069
34 0.499672 0.420115 0.963458 0.467816
36 0.499672 0.420115 0.963458 0.467816
2 0.498892 0.421264 0.965018 0.462069
57 0.498892 0.421264 0.965018 0.462069
4 0.499672 0.420115 0.963458 0.467816
28 0.498892 0.421264 0.965018 0.462069
65 0.499672 0.420115 0.963458 0.467816
61 0.498501 0.418319 0.965798 0.470259
31 0.498892 0.421264 0.965018 0.462069
33 0.499672 0.420115 0.963458 0.467816
56 0.498892 0.421264 0.965018 0.462069
1 0.498892 0.421264 0.965018 0.462069
67 0.499672 0.420115 0.963458 0.467816
0 0.498892 0.421264 0.965018 0.462069
69 0.48719 0.416739 0.944734 0.47227
5 0.499672 0.420115 0.963458 0.467816
62 0.48719 0.416739 0.944734 0.47227
3 0.499672 0.420115 0.963458 0.467816
52 0.48719 0.416739 0.944734 0.47227
32 0.499672 0.420115 0.963458 0.467816
10 0.48719 0.416739 0.944734 0.47227
60 0.498892 0.421264 0.965018 0.462069
23 0.48719 0.416739 0.944734 0.47227
22 0.48719 0.416739 0.944734 0.47227
59 0.498892 0.418463 0.952536 0.478017
68 0.498892 0.421264 0.965018 0.462069
72 0.497721 0.417744 0.965798 0.46796
44 0.502402 0.423276 0.961117 0.463793
66 0.502402 0.423276 0.961117 0.463793
20 0.502402 0.423276 0.961117 0.463793
54 0.502402 0.423276 0.961117 0.463793
30 0.502402 0.42069 0.957997 0.468966
29 0.502402 0.423276 0.961117 0.463793
35 0.502402 0.423276 0.961117 0.463793
65 0.502402 0.423276 0.961117 0.463793
45 0.503572 0.413506 0.965018 0.481034
21 0.502402 0.42069 0.957997 0.468966
8 0.503182 0.419828 0.962677 0.47069
6 0.503182 0.419828 0.962677 0.47069
33 0.502402 0.42069 0.957997 0.468966
31 0.502402 0.423276 0.961117 0.463793
39 0.503572 0.413506 0.965018 0.481034
4 0.503572 0.413506 0.965018 0.481034
57 0.502402 0.423276 0.961117 0.463793
36 0.503572 0.413506 0.965018 0.481034
28 0.502402 0.423276 0.961117 0.463793
7 0.503572 0.413506 0.965018 0.481034
34 0.502402 0.423276 0.961117 0.463793
61 0.502402 0.42069 0.957997 0.468966
56 0.502402 0.423276 0.961117 0.463793
2 0.501622 0.422414 0.959557 0.465517
67 0.502402 0.42069 0.957997 0.468966
20 0.560132 0.363793 0.825375 0.609195
1 0.502402 0.423276 0.961117 0.463793
62 0.503572 0.413506 0.965018 0.481034
44 0.560132 0.363793 0.825375 0.609195
32 0.502012 0.421193 0.961897 0.46796
68 0.502402 0.423276 0.961117 0.463793
66 0.560132 0.363793 0.825375 0.609195
3 0.503572 0.413506 0.965018 0.481034
5 0.503572 0.413506 0.965018 0.481034
0 0.502402 0.423276 0.961117 0.463793
60 0.503572 0.413506 0.965018 0.481034
31 0.560132 0.363793 0.825375 0.609195
65 0.560132 0.363793 0.825375 0.609195
29 0.560132 0.363793 0.825375 0.609195
20 0.635024 0.411997 0.645946 0.518534
45 0.560132 0.363793 0.825375 0.609195
23 0.502402 0.42069 0.957997 0.468966
44 0.359054 0.421839 0.665839 0.494253
54 0.560132 0.363793 0.825375 0.609195
66 0.503182 0.426149 0.948635 0.452299
30 0.502402 0.421552 0.964238 0.459195
54 0.503182 0.426149 0.948635 0.452299
20 0.503182 0.426149 0.948635 0.452299
35 0.503182 0.426149 0.948635 0.452299
44 0.503182 0.426149 0.948635 0.452299
6 0.503182 0.426149 0.948635 0.452299
8 0.503182 0.425287 0.956436 0.454023
39 0.502402 0.421552 0.964238 0.459195
45 0.502402 0.421552 0.964238 0.459195
7 0.502402 0.421552 0.964238 0.459195
29 0.502402 0.425575 0.950195 0.451149
31 0.502402 0.421552 0.964238 0.459195
36 0.502402 0.421552 0.964238 0.459195
21 0.502402 0.421552 0.964238 0.459195
28 0.502792 0.423851 0.952536 0.454598
33 0.502792 0.423851 0.952536 0.454598
65 0.502402 0.425575 0.950195 0.451149
4 0.502402 0.425575 0.950195 0.451149
56 0.503182 0.426149 0.948635 0.452299
57 0.502402 0.425575 0.950195 0.451149
2 0.502402 0.425575 0.950195 0.451149
61 0.503182 0.426149 0.948635 0.452299
1 0.502402 0.425575 0.950195 0.451149
67 0.502792 0.423851 0.952536 0.454598
32 0.502402 0.421552 0.964238 0.459195
60 0.502402 0.425575 0.950195 0.451149
62 0.502402 0.421552 0.964238 0.459195
3 0.502402 0.421552 0.964238 0.459195
0 0.501232 0.42579 0.966578 0.455316
34 0.502402 0.425575 0.950195 0.451149
5 0.503572 0.424138 0.958777 0.454023
68 0.502402 0.425575 0.950195 0.451149
10 0.502792 0.423851 0.952536 0.454598
22 0.502402 0.421552 0.964238 0.459195
72 0.503182 0.426149 0.948635 0.452299
66 0.504743 0.42069 0.964238 0.468966
30 0.504352 0.422414 0.966578 0.471264
35 0.504352 0.422414 0.966578 0.471264
54 0.504743 0.42069 0.964238 0.468966
8 0.504352 0.422414 0.966578 0.471264
6 0.504352 0.422414 0.966578 0.471264
44 0.504743 0.42069 0.964238 0.468966
20 0.504743 0.42069 0.964238 0.468966
39 0.504352 0.422414 0.966578 0.471264
7 0.504352 0.422414 0.966578 0.471264
45 0.504352 0.422414 0.966578 0.471264
28 0.504743 0.42069 0.964238 0.468966
31 0.504352 0.422414 0.966578 0.471264
57 0.504352 0.422414 0.966578 0.471264
29 0.504743 0.42069 0.964238 0.468966
36 0.503962 0.418319 0.973599 0.473707
21 0.504352 0.422414 0.966578 0.471264
56 0.504352 0.422414 0.966578 0.471264
33 0.503962 0.418319 0.973599 0.473707
61 0.504743 0.42069 0.964238 0.468966
67 0.504352 0.422414 0.966578 0.471264
60 0.504352 0.422414 0.966578 0.471264
4 0.502402 0.422701 0.957997 0.466092
32 0.504352 0.422414 0.966578 0.471264
2 0.504743 0.42069 0.964238 0.468966
0 0.504743 0.42069 0.964238 0.468966
62 0.503962 0.418319 0.973599 0.473707
1 0.504743 0.42069 0.964238 0.468966
5 0.4907 0.422126 0.950195 0.46954
3 0.503962 0.418319 0.973599 0.473707
34 0.504743 0.42069 0.964238 0.468966
69 0.502402 0.422701 0.957997 0.466092
65 0.503962 0.418319 0.973599 0.473707
10 0.504352 0.422414 0.966578 0.471264
22 0.503962 0.418319 0.973599 0.473707
23 0.502402 0.422701 0.957997 0.466092
72 0.500842 0.422126 0.965798 0.467241
30 0.500842 0.424425 0.961117 0.471839
54 0.500842 0.424425 0.961117 0.471839
66 0.500842 0.424425 0.961117 0.471839
35 0.500842 0.424425 0.961117 0.471839
8 0.500842 0.424066 0.964238 0.472557
6 0.500842 0.424425 0.961117 0.471839
20 0.500842 0.424425 0.961117 0.471839
7 0.500842 0.424066 0.964238 0.472557
39 0.500842 0.424066 0.964238 0.472557
31 0.500842 0.424066 0.964238 0.472557
44 0.500842 0.424425 0.961117 0.471839
36 0.502012 0.421767 0.969699 0.472557
29 0.500842 0.424425 0.961117 0.471839
28 0.500842 0.424425 0.961117 0.471839
21 0.500842 0.424066 0.964238 0.472557
45 0.500842 0.424066 0.964238 0.472557
61 0.500842 0.422486 0.964238 0.47227
57 0.500842 0.424066 0.964238 0.472557
4 0.502012 0.421767 0.969699 0.472557
67 0.500842 0.424066 0.964238 0.472557
33 0.500842 0.424066 0.964238 0.472557
62 0.502012 0.421767 0.969699 0.472557
56 0.500842 0.424425 0.961117 0.471839
60 0.500842 0.424066 0.964238 0.472557
0 0.500842 0.424425 0.961117 0.471839
32 0.502012 0.421767 0.969699 0.472557
1 0.500842 0.424425 0.961117 0.471839
34 0.500842 0.424066 0.964238 0.472557
2 0.500842 0.424425 0.961117 0.471839
3 0.502012 0.421767 0.969699 0.472557
5 0.500842 0.424066 0.964238 0.472557
22 0.502012 0.421767 0.969699 0.472557
65 0.502012 0.421767 0.969699 0.472557
69 0.502012 0.421767 0.969699 0.472557
68 0.500842 0.424425 0.961117 0.471839
59 0.499282 0.427299 0.957997 0.475287
72 0.501622 0.422989 0.962677 0.473563
41 0.501622 0.422989 0.962677 0.473563
23 0.499282 0.427299 0.957997 0.475287
10 0.500842 0.424066 0.964238 0.472557
43 0.500842 0.424425 0.961117 0.471839
8 0.500452 0.424713 0.968138 0.467816
30 0.500842 0.426724 0.968918 0.462644
7 0.500452 0.424713 0.968138 0.467816
35 0.500842 0.426724 0.968918 0.462644
39 0.500452 0.424713 0.968138 0.467816
66 0.500842 0.426724 0.968918 0.462644
6 0.500842 0.426724 0.968918 0.462644
54 0.500842 0.426724 0.968918 0.462644
20 0.500842 0.426724 0.968918 0.462644
36 0.502402 0.420762 0.970479 0.474569
31 0.502402 0.420762 0.970479 0.474569
60 0.500452 0.424713 0.968138 0.467816
21 0.500452 0.424713 0.968138 0.467816
61 0.500452 0.424713 0.968138 0.467816
28 0.500452 0.424713 0.968138 0.467816
62 0.500452 0.424713 0.968138 0.467816
45 0.500842 0.426724 0.968918 0.462644
44 0.500842 0.426724 0.968918 0.462644
67 0.500452 0.424713 0.968138 0.467816
57 0.502402 0.420762 0.970479 0.474569
33 0.502402 0.420762 0.970479 0.474569
4 0.502402 0.420762 0.970479 0.474569
2 0.502402 0.420762 0.970479 0.474569
29 0.502402 0.420762 0.970479 0.474569
22 0.502402 0.420762 0.970479 0.474569
32 0.502402 0.420762 0.970479 0.474569
56 0.500452 0.424713 0.968138 0.467816
69 0.49187 0.424138 0.960337 0.467816
0 0.500452 0.424713 0.968138 0.467816
1 0.500842 0.426724 0.968918 0.462644
3 0.502402 0.420762 0.970479 0.474569
5 0.49148 0.420187 0.954876 0.467672
10 0.500452 0.424713 0.968138 0.467816
34 0.502402 0.420762 0.970479 0.474569
23 0.499282 0.420977 0.957997 0.464943
59 0.499282 0.420977 0.957997 0.464943
65 0.502402 0.420762 0.970479 0.474569
43 0.500842 0.426724 0.968918 0.462644
52 0.499282 0.420977 0.957997 0.464943
58 0.496161 0.419612 0.959557 0.461925
6 0.501232 0.415805 0.966578 0.476437
7 0.500452 0.416739 0.965018 0.47342
35 0.501232 0.415805 0.966578 0.476437
8 0.500452 0.416739 0.965018 0.47342
54 0.501232 0.415805 0.966578 0.476437
30 0.501232 0.415805 0.966578 0.476437
39 0.500452 0.416739 0.965018 0.47342
66 0.501232 0.415805 0.966578 0.476437
20 0.501232 0.415805 0.966578 0.476437
36 0.500452 0.416739 0.965018 0.47342
31 0.500452 0.416739 0.965018 0.47342
60 0.500452 0.416739 0.965018 0.47342
0 0.500452 0.416739 0.965018 0.47342
28 0.501232 0.415805 0.966578 0.476437
67 0.500452 0.416739 0.965018 0.47342
61 0.500452 0.416739 0.965018 0.47342
57 0.500452 0.416739 0.965018 0.47342
44 0.501232 0.415805 0.966578 0.476437
1 0.501232 0.415805 0.966578 0.476437
32 0.500452 0.416739 0.965018 0.47342
2 0.48953 0.417529 0.961897 0.474138
21 0.500452 0.416739 0.965018 0.47342
29 0.500452 0.416739 0.965018 0.47342
33 0.502792 0.410632 0.972819 0.485632
45 0.500452 0.416739 0.965018 0.47342
62 0.500452 0.416739 0.965018 0.47342
56 0.500452 0.416739 0.965018 0.47342
4 0.499672 0.41717 0.957217 0.478305
43 0.501232 0.415805 0.966578 0.476437
5 0.500452 0.416739 0.965018 0.47342
3 0.502792 0.410632 0.972819 0.485632
69 0.48953 0.417529 0.961897 0.474138
22 0.502792 0.410632 0.972819 0.485632
10 0.500452 0.416739 0.965018 0.47342
34 0.500452 0.416739 0.965018 0.47342
41 0.501232 0.415805 0.966578 0.476437
8 0.501232 0.423851 0.966578 0.46954
7 0.503962 0.424138 0.970479 0.464368
6 0.501232 0.423851 0.966578 0.46954
35 0.501622 0.426509 0.962677 0.463075
39 0.501232 0.423851 0.966578 0.46954
30 0.501622 0.426509 0.962677 0.463075
66 0.501622 0.426509 0.962677 0.463075
20 0.501622 0.426509 0.962677 0.463075
36 0.503962 0.424138 0.970479 0.464368
54 0.501622 0.426509 0.962677 0.463075
31 0.503962 0.424138 0.970479 0.464368
60 0.501232 0.423851 0.966578 0.46954
57 0.503962 0.424138 0.970479 0.464368
33 0.503962 0.424138 0.970479 0.464368
28 0.500842 0.421911 0.967358 0.471121
0 0.501622 0.426509 0.962677 0.463075
21 0.503962 0.424138 0.970479 0.464368
45 0.503962 0.424138 0.970479 0.464368
29 0.502402 0.426149 0.970479 0.461494
2 0.500062 0.423563 0.961117 0.472414
62 0.503962 0.424138 0.970479 0.464368
67 0.503962 0.424138 0.970479 0.464368
32 0.503962 0.424138 0.970479 0.464368
61 0.500842 0.421911 0.967358 0.471121
1 0.502402 0.426149 0.970479 0.461494
34 0.503962 0.424138 0.970479 0.464368
5 0.500842 0.421911 0.967358 0.471121
4 0.501622 0.427299 0.957997 0.462644
44 0.503962 0.424138 0.970479 0.464368
41 0.501622 0.426509 0.962677 0.463075
56 0.503962 0.424138 0.970479 0.464368
43 0.501622 0.426509 0.962677 0.463075
3 0.503962 0.424138 0.970479 0.464368
69 0.503962 0.424138 0.970479 0.464368
22 0.503962 0.424138 0.970479 0.464368
10 0.501232 0.423851 0.966578 0.46954
8 0.337405 0.425287 0.620201 0.493103
8 0.501622 0.425862 0.975159 0.465517
6 0.501232 0.420762 0.97594 0.481466
35 0.501622 0.425862 0.975159 0.465517
7 0.506303 0.420187 0.975159 0.480316
30 0.503182 0.425862 0.970479 0.467816
20 0.503182 0.425862 0.970479 0.467816
54 0.501622 0.425862 0.975159 0.465517
66 0.501622 0.425862 0.975159 0.465517
39 0.501622 0.425862 0.975159 0.465517
36 0.501622 0.419828 0.965798 0.483333
31 0.506303 0.420187 0.975159 0.480316
33 0.501622 0.419828 0.965798 0.483333
0 0.501622 0.425862 0.975159 0.465517
21 0.501622 0.419828 0.965798 0.483333
2 0.501622 0.425862 0.975159 0.465517
57 0.501622 0.425862 0.975159 0.465517
29 0.506303 0.420187 0.975159 0.480316
60 0.501622 0.425862 0.975159 0.465517
1 0.501622 0.425862 0.975159 0.465517
62 0.501622 0.419828 0.965798 0.483333
67 0.499282 0.417313 0.970479 0.482615
61 0.501622 0.419828 0.965798 0.483333
45 0.506303 0.420187 0.975159 0.480316
5 0.499282 0.417313 0.970479 0.482615
44 0.501622 0.425862 0.975159 0.465517
41 0.503182 0.425862 0.970479 0.467816
28 0.501622 0.425862 0.975159 0.465517
56 0.499282 0.417313 0.970479 0.482615
69 0.499282 0.417313 0.970479 0.482615
4 0.501622 0.419828 0.965798 0.483333
8 0.356128 0.450072 0.663889 0.499856
32 0.501622 0.419828 0.965798 0.483333
34 0.501622 0.419828 0.965798 0.483333
10 0.501622 0.419828 0.965798 0.483333
8 0.494991 0.421552 0.969698 0.462644
7 0.500842 0.42579 0.973599 0.456466
6 0.494991 0.421552 0.969698 0.462644
35 0.498111 0.425 0.968138 0.456897
39 0.498111 0.425 0.968138 0.456897
30 0.498111 0.425 0.968138 0.456897
66 0.498111 0.425 0.968138 0.456897
20 0.498111 0.425 0.968138 0.456897
54 0.498111 0.425 0.968138 0.456897
31 0.498501 0.426437 0.962677 0.450575
36 0.498501 0.426437 0.962677 0.450575
60 0.494991 0.421552 0.969698 0.462644
57 0.494991 0.421552 0.969698 0.462644
0 0.494991 0.421552 0.969698 0.462644
2 0.494991 0.421552 0.969698 0.462644
67 0.494211 0.42306 0.965018 0.45158
4 0.498501 0.426437 0.962677 0.450575
28 0.494991 0.421552 0.969698 0.462644
32 0.498501 0.426437 0.962677 0.450575
61 0.494991 0.421552 0.969698 0.462644
5 0.494211 0.42306 0.965018 0.45158
21 0.498501 0.426437 0.962677 0.450575
1 0.498501 0.426437 0.962677 0.450575
56 0.494991 0.421552 0.969698 0.462644
29 0.498501 0.426437 0.962677 0.450575
43 0.498502 0.424066 0.968918 0.459914
69 0.494211 0.42306 0.965018 0.45158
45 0.500842 0.42579 0.973599 0.456466
33 0.498501 0.426437 0.962677 0.450575
62 0.498501 0.426437 0.962677 0.450575
44 0.494991 0.421552 0.969698 0.462644
22 0.498501 0.426437 0.962677 0.450575
3 0.494211 0.42306 0.965018 0.45158
8 0.344426 0.429382 0.640485 0.49296
34 0.498501 0.426437 0.962677 0.450575
41 0.498111 0.425 0.968138 0.456897
10 0.494211 0.42306 0.965018 0.45158
35 0.502012 0.428736 0.965018 0.468966
8 0.499282 0.426509 0.961117 0.466523
7 0.503572 0.425287 0.968138 0.482759
6 0.499282 0.426509 0.961117 0.466523
30 0.502012 0.428736 0.965018 0.468966
39 0.503572 0.425287 0.968138 0.482759
66 0.503572 0.425287 0.968138 0.482759
20 0.499282 0.426509 0.961117 0.466523
36 0.499282 0.425 0.961117 0.476437
54 0.499282 0.426509 0.961117 0.466523
33 0.503572 0.425287 0.968138 0.482759
60 0.503572 0.425287 0.968138 0.482759
61 0.499282 0.425 0.961117 0.476437
31 0.502792 0.428233 0.963458 0.479167
21 0.502792 0.428233 0.963458 0.479167
0 0.499282 0.426509 0.961117 0.466523
29 0.502792 0.428233 0.963458 0.479167
57 0.503182 0.427874 0.968918 0.475287
62 0.502792 0.428233 0.963458 0.479167
2 0.499282 0.426509 0.961117 0.466523
67 0.502792 0.428233 0.963458 0.479167
45 0.503182 0.427874 0.968918 0.475287
34 0.502792 0.428233 0.963458 0.479167
32 0.502792 0.428233 0.963458 0.479167
28 0.502792 0.428233 0.963458 0.479167
1 0.503182 0.427874 0.968918 0.475287
69 0.502792 0.428233 0.963458 0.479167
41 0.502012 0.428736 0.965018 0.468966
43 0.502402 0.425862 0.967358 0.481609
10 0.502792 0.428233 0.963458 0.479167
4 0.502792 0.428233 0.963458 0.479167
44 0.502792 0.428233 0.963458 0.479167
56 0.503572 0.425287 0.968138 0.482759
7 0.505523 0.423563 0.97984 0.46092
6 0.502402 0.421193 0.973599 0.459914
8 0.503962 0.422126 0.975159 0.461494
35 0.503962 0.422126 0.975159 0.461494
39 0.505523 0.423563 0.97984 0.46092
20 0.502402 0.421193 0.973599 0.459914
30 0.502402 0.421193 0.973599 0.459914
31 0.505523 0.423563 0.97984 0.46092
60 0.502402 0.421193 0.973599 0.459914
66 0.505523 0.423563 0.97984 0.46092
36 0.502402 0.421193 0.973599 0.459914
54 0.502402 0.421193 0.973599 0.459914
0 0.502402 0.421193 0.973599 0.459914
57 0.505133 0.421552 0.97906 0.464943
62 0.502402 0.421193 0.973599 0.459914
2 0.502402 0.421193 0.973599 0.459914
32 0.505523 0.423563 0.97984 0.46092
43 0.503962 0.422126 0.975159 0.461494
67 0.503182 0.422342 0.968918 0.463362
33 0.505523 0.423563 0.97984 0.46092
1 0.502402 0.421193 0.973599 0.459914
61 0.502402 0.421193 0.973599 0.459914
41 0.503962 0.422126 0.975159 0.461494
6 0.501622 0.422126 0.959557 0.47069
8 0.501622 0.422126 0.959557 0.47069
7 0.503962 0.42069 0.970479 0.487356
35 0.501622 0.422126 0.959557 0.47069
20 0.501622 0.422126 0.959557 0.47069
39 0.503962 0.42069 0.970479 0.487356
30 0.501622 0.422126 0.959557 0.47069
54 0.501622 0.422126 0.959557 0.47069
66 0.503962 0.42069 0.970479 0.487356
36 0.501622 0.422126 0.959557 0.47069
60 0.503962 0.42069 0.970479 0.487356
31 0.503962 0.42069 0.970479 0.487356
0 0.501622 0.422126 0.959557 0.47069
2 0.500452 0.420977 0.958777 0.484483
67 0.503572 0.420187 0.972819 0.481466
29 0.502402 0.421767 0.961117 0.485201
57 0.503572 0.420187 0.972819 0.481466
62 0.503962 0.42069 0.970479 0.487356
33 0.503962 0.42069 0.970479 0.487356
41 0.503962 0.422989 0.961117 0.473563
8 0.293718 0.420115 0.521905 0.483908
61 0.501622 0.422126 0.959557 0.47069
43 0.504352 0.424713 0.960337 0.48046
32 0.503962 0.42069 0.970479 0.487356
1 0.500452 0.420977 0.958777 0.484483
26 0.503962 0.422989 0.961117 0.473563
6 0.496161 0.42306 0.97672 0.47342
8 0.496161 0.42306 0.97672 0.47342
7 0.501622 0.418894 0.972039 0.486351
35 0.501622 0.420977 0.973599 0.484483
39 0.501622 0.418894 0.972039 0.486351
30 0.501622 0.420977 0.973599 0.484483
20 0.496161 0.42306 0.97672 0.47342
66 0.501622 0.418894 0.972039 0.486351
60 0.501622 0.418894 0.972039 0.486351
36 0.496161 0.42306 0.97672 0.47342
54 0.496161 0.42306 0.97672 0.47342
31 0.501622 0.418894 0.972039 0.486351
0 0.496161 0.42306 0.97672 0.47342
2 0.496161 0.42306 0.97672 0.47342
33 0.501622 0.418894 0.972039 0.486351
57 0.501622 0.418894 0.972039 0.486351
41 0.499282 0.423276 0.973599 0.477586
32 0.501622 0.418894 0.972039 0.486351
67 0.501622 0.420977 0.973599 0.484483
43 0.499282 0.423276 0.973599 0.477586
29 0.498111 0.422342 0.969699 0.479454
6 0.496161 0.422701 0.970479 0.471839
8 0.496161 0.422701 0.970479 0.471839
35 0.496161 0.422701 0.970479 0.471839
7 0.503962 0.423635 0.972039 0.481466
39 0.503962 0.423635 0.972039 0.481466
30 0.503962 0.423635 0.972039 0.481466
20 0.496161 0.422701 0.970479 0.471839
66 0.503962 0.423635 0.972039 0.481466
36 0.496161 0.422701 0.970479 0.471839
31 0.503962 0.423635 0.972039 0.481466
54 0.496161 0.422701 0.970479 0.471839
60 0.499282 0.422414 0.968918 0.473563
2 0.499282 0.422414 0.968918 0.473563
0 0.496161 0.422701 0.970479 0.471839
57 0.499282 0.422414 0.968918 0.473563
32 0.496161 0.422701 0.970479 0.471839
67 0.503962 0.426149 0.973599 0.476437
43 0.499672 0.425359 0.972819 0.47227
29 0.499282 0.422414 0.968918 0.473563
1 0.499282 0.422414 0.968918 0.473563
8 0.496161 0.423276 0.968918 0.467241
6 0.496161 0.423276 0.968918 0.467241
7 0.500842 0.426365 0.967358 0.476006
35 0.496161 0.423276 0.968918 0.467241
39 0.496161 0.423276 0.968918 0.467241
20 0.496161 0.423276 0.968918 0.467241
30 0.496161 0.423276 0.968918 0.467241
60 0.496161 0.423276 0.968918 0.467241
54 0.496161 0.423276 0.968918 0.467241
31 0.500842 0.426365 0.967358 0.476006
2 0.496161 0.423276 0.968918 0.467241
0 0.496161 0.423276 0.968918 0.467241
57 0.496161 0.423276 0.968918 0.467241
66 0.496161 0.423276 0.968918 0.467241
36 0.496161 0.423276 0.968918 0.467241
67 0.498502 0.424138 0.964238 0.466667
1 0.496161 0.423276 0.968918 0.467241
4 0.498502 0.424138 0.964238 0.466667
8 0.338965 0.443103 0.617081 0.493103
32 0.496161 0.423276 0.968918 0.467241
6 0.498892 0.421264 0.9775 0.474713
8 0.501232 0.422989 0.97594 0.475862
35 0.503182 0.424138 0.97672 0.481609
7 0.503962 0.42421 0.973599 0.476868
39 0.503182 0.424138 0.97672 0.481609
30 0.503962 0.42421 0.973599 0.476868
20 0.498892 0.421264 0.9775 0.474713
66 0.503962 0.42421 0.973599 0.476868
60 0.503182 0.424138 0.97672 0.481609
54 0.498892 0.421264 0.9775 0.474713
2 0.498892 0.421264 0.9775 0.474713
31 0.503962 0.42421 0.973599 0.476868
36 0.503962 0.42421 0.973599 0.476868
0 0.498892 0.421264 0.9775 0.474713
57 0.503182 0.424138 0.97672 0.481609
33 0.503962 0.42421 0.973599 0.476868
29 0.503962 0.42421 0.973599 0.476868
61 0.503182 0.424138 0.97672 0.481609
8 0.497331 0.419253 0.968138 0.475287
6 0.497331 0.419253 0.968138 0.475287
7 0.497721 0.422701 0.961117 0.478736
35 0.497721 0.422701 0.961117 0.478736
39 0.497721 0.422701 0.961117 0.478736
30 0.497721 0.422701 0.961117 0.478736
20 0.497331 0.419253 0.968138 0.475287
54 0.497721 0.422701 0.961117 0.478736
66 0.498892 0.421839 0.965018 0.482759
60 0.498892 0.421839 0.965018 0.482759
31 0.498892 0.421839 0.965018 0.482759
36 0.497331 0.419253 0.968138 0.475287
2 0.497331 0.419253 0.968138 0.475287
7 0.603429 0.448563 0.723178 0.461494
0 0.497331 0.419253 0.968138 0.475287
32 0.498892 0.421839 0.965018 0.482759
8 0.624102 0.427874 0.684952 0.491379
57 0.498892 0.421839 0.965018 0.482759
35 0.624102 0.427874 0.684952 0.491379
33 0.499282 0.41408 0.964238 0.483333
8 0.493821 0.421552 0.975159 0.467241
6 0.493821 0.421552 0.975159 0.467241
35 0.502402 0.424641 0.973599 0.474856
7 0.502402 0.424641 0.973599 0.474856
39 0.502402 0.424641 0.973599 0.474856
30 0.502402 0.424641 0.973599 0.474856
20 0.493821 0.421552 0.975159 0.467241
54 0.493821 0.421552 0.975159 0.467241
66 0.502402 0.424641 0.973599 0.474856
31 0.502402 0.424641 0.973599 0.474856
36 0.502402 0.424641 0.973599 0.474856
60 0.502402 0.424641 0.973599 0.474856
8 0.499672 0.422989 0.968138 0.474713
6 0.499672 0.422989 0.968138 0.474713
35 0.499282 0.424425 0.967358 0.477586
20 0.499672 0.422989 0.968138 0.474713
7 0.499672 0.417241 0.966578 0.498851
39 0.499672 0.417241 0.966578 0.498851
30 0.499672 0.417241 0.966578 0.498851
54 0.499282 0.424425 0.967358 0.477586
66 0.499672 0.417241 0.966578 0.498851
31 0.499672 0.417241 0.966578 0.498851
36 0.499672 0.422989 0.968138 0.474713
2 0.500452 0.420402 0.968138 0.491379
60 0.499672 0.417241 0.966578 0.498851
8 0.328044 0.436782 0.605379 0.489655
8 0.498111 0.428161 0.969699 0.474713
6 0.498111 0.428161 0.969699 0.474713
35 0.498111 0.428161 0.969699 0.474713
7 0.502402 0.428448 0.970479 0.476437
39 0.498111 0.428161 0.969699 0.474713
20 0.498111 0.428161 0.969699 0.474713
30 0.498111 0.428161 0.969699 0.474713
54 0.496941 0.424641 0.965798 0.477155
36 0.502402 0.428448 0.970479 0.476437
66 0.502402 0.428448 0.970479 0.476437
8 0.355738 0.423851 0.67169 0.493678
31 0.498501 0.426724 0.965798 0.472989
60 0.502402 0.428448 0.970479 0.476437
62 0.498501 0.426724 0.965798 0.472989
2 0.502012 0.430172 0.969699 0.477586
6 0.355738 0.423851 0.67169 0.493678
29 0.498501 0.426724 0.965798 0.472989
8 0.494601 0.419828 0.964238 0.468391
6 0.494601 0.419828 0.964238 0.468391
7 0.501232 0.422917 0.966578 0.471408
35 0.501622 0.422989 0.967358 0.471264
20 0.494601 0.419828 0.964238 0.468391
39 0.501232 0.422917 0.966578 0.471408
30 0.501232 0.422917 0.966578 0.471408
54 0.494991 0.420402 0.963458 0.46954
31 0.501232 0.422917 0.966578 0.471408
66 0.501232 0.422917 0.966578 0.471408
8 0.324728 0.424138 0.586266 0.495402
2 0.501622 0.422989 0.967358 0.471264
60 0.501622 0.422989 0.967358 0.471264
36 0.501622 0.422989 0.967358 0.471264
8 0.493431 0.422126 0.971259 0.460345
6 0.496161 0.423635 0.968918 0.458477
35 0.496161 0.423635 0.968918 0.458477
7 0.501232 0.424425 0.969698 0.460345
39 0.496161 0.423635 0.968918 0.458477
20 0.493431 0.422126 0.971259 0.460345
30 0.501232 0.424425 0.969698 0.460345
54 0.49226 0.421264 0.967358 0.463218
66 0.501232 0.424425 0.969698 0.460345
36 0.501232 0.424425 0.969698 0.460345
31 0.501232 0.424425 0.969698 0.460345
60 0.500842 0.423851 0.968918 0.461494
2 0.500842 0.423851 0.968918 0.461494
6 0.376704 0.418966 0.70543 0.483908
29 0.49226 0.421264 0.967358 0.463218
0 0.500842 0.423851 0.968918 0.461494
8 0.498501 0.426724 0.965798 0.464943
6 0.497721 0.421552 0.965798 0.476437
35 0.498111 0.427874 0.966578 0.472989
7 0.497721 0.421552 0.965798 0.476437
20 0.498501 0.426724 0.965798 0.464943
39 0.497721 0.421552 0.965798 0.476437
30 0.497721 0.421552 0.965798 0.476437
54 0.497721 0.421552 0.965798 0.476437
36 0.497721 0.421552 0.965798 0.476437
66 0.497721 0.421552 0.965798 0.476437
60 0.498111 0.427874 0.966578 0.472989
31 0.497721 0.421552 0.965798 0.476437
2 0.498111 0.427874 0.966578 0.472989
8 0.499672 0.423491 0.972819 0.46681
6 0.500062 0.424138 0.975159 0.463218
35 0.502402 0.422989 0.973599 0.472414
7 0.502402 0.422989 0.973599 0.472414
20 0.500062 0.424138 0.975159 0.463218
54 0.499672 0.423491 0.972819 0.46681
39 0.500062 0.424138 0.975159 0.463218
31 0.502402 0.422989 0.973599 0.472414
30 0.502402 0.422989 0.973599 0.472414
8 0.335455 0.44023 0.608499 0.486207
2 0.502402 0.42579 0.97672 0.46796
36 0.502402 0.422989 0.973599 0.472414
66 0.502402 0.422989 0.973599 0.472414
8 0.498892 0.422989 0.971259 0.468966
6 0.498892 0.422989 0.971259 0.468966
35 0.503182 0.424784 0.968918 0.469971
7 0.503572 0.424784 0.968138 0.474569
39 0.498892 0.422989 0.971259 0.468966
20 0.503182 0.424784 0.968918 0.469971
30 0.503572 0.424784 0.968138 0.474569
54 0.503572 0.424784 0.968138 0.474569
66 0.503182 0.424784 0.968918 0.469971
31 0.503572 0.424784 0.968138 0.474569
36 0.503182 0.425862 0.962677 0.472414
8 0.494991 0.423276 0.965018 0.466092
6 0.494991 0.423276 0.965018 0.466092
7 0.499282 0.426724 0.964238 0.46954
35 0.499282 0.426724 0.964238 0.46954
39 0.500452 0.42694 0.965018 0.464512
20 0.494991 0.423276 0.965018 0.466092
54 0.499282 0.426724 0.964238 0.46954
2 0.500452 0.42694 0.965018 0.464512
31 0.499282 0.426724 0.964238 0.46954
8 0.353398 0.435129 0.658428 0.490661
30 0.499282 0.426724 0.964238 0.46954
60 0.500452 0.42694 0.965018 0.464512
36 0.499282 0.426724 0.964238 0.46954
66 0.499282 0.426724 0.964238 0.46954
8 0.494601 0.423563 0.967358 0.472414
6 0.494601 0.423563 0.967358 0.472414
35 0.498892 0.426149 0.968138 0.464943
7 0.498502 0.425359 0.968918 0.471121
20 0.498892 0.426149 0.968138 0.464943
39 0.498892 0.426149 0.968138 0.464943
30 0.500062 0.424784 0.965798 0.47342
36 0.500062 0.424784 0.965798 0.47342
31 0.500062 0.424784 0.965798 0.47342
54 0.494601 0.423563 0.967358 0.472414
2 0.501622 0.427586 0.964238 0.466667
66 0.500062 0.424784 0.965798 0.47342
60 0.495381 0.424641 0.962677 0.470259
8 0.500062 0.420402 0.975159 0.481034
35 0.503182 0.41954 0.972039 0.489655
6 0.503962 0.417529 0.970479 0.497126
39 0.503182 0.41954 0.972039 0.489655
7 0.503962 0.417529 0.970479 0.497126
30 0.503182 0.41954 0.972039 0.489655
36 0.503962 0.417529 0.970479 0.497126
20 0.500842 0.41954 0.968918 0.483908
66 0.503182 0.41954 0.972039 0.489655
60 0.503182 0.41954 0.972039 0.489655
8 0.369195 0.440733 0.687682 0.489799
31 0.503962 0.417529 0.970479 0.497126
54 0.503962 0.417529 0.970479 0.497126
2 0.503182 0.41954 0.972039 0.489655
61 0.503962 0.417529 0.970479 0.497126
8 0.500842 0.423851 0.970479 0.460345
35 0.502402 0.426437 0.970479 0.467816
6 0.500842 0.423851 0.970479 0.460345
7 0.501622 0.424138 0.970479 0.468966
20 0.500842 0.423851 0.970479 0.460345
39 0.501622 0.424138 0.970479 0.468966
30 0.501622 0.424138 0.970479 0.468966
31 0.501622 0.424138 0.970479 0.468966
54 0.502402 0.426437 0.970479 0.467816
66 0.501622 0.424138 0.970479 0.468966
36 0.501622 0.424138 0.970479 0.468966
60 0.501622 0.424138 0.970479 0.468966
8 0.30542 0.444828 0.559351 0.455172
2 0.502402 0.426437 0.970479 0.467816
8 0.497721 0.423276 0.964238 0.468391
6 0.497721 0.423276 0.964238 0.468391
35 0.501232 0.425 0.958777 0.472989
7 0.500842 0.42069 0.959557 0.474713
54 0.497721 0.42069 0.964238 0.472414
20 0.497721 0.423563 0.962677 0.474713
8 0.33448 0.423851 0.619811 0.497126
39 0.500842 0.42069 0.959557 0.474713
36 0.500842 0.42069 0.959557 0.474713
31 0.500842 0.42069 0.959557 0.474713
2 0.501232 0.425 0.958777 0.472989
8 0.496941 0.422701 0.973599 0.460345
35 0.503572 0.426437 0.971259 0.463218
6 0.503182 0.424784 0.968918 0.466523
7 0.503182 0.424784 0.968918 0.466523
39 0.503182 0.424784 0.968918 0.466523
30 0.503182 0.424784 0.968918 0.466523
20 0.503572 0.426437 0.971259 0.463218
36 0.503182 0.424784 0.968918 0.466523
31 0.503182 0.424784 0.968918 0.466523
66 0.503572 0.426437 0.971259 0.463218
54 0.503182 0.424784 0.968918 0.466523
60 0.503572 0.426437 0.971259 0.463218
8 0.499282 0.42421 0.982961 0.468822
6 0.503962 0.42579 0.973599 0.479454
35 0.503962 0.426149 0.973599 0.475287
7 0.503962 0.42579 0.973599 0.479454
39 0.503962 0.426149 0.973599 0.475287
20 0.499282 0.42421 0.982961 0.468822
30 0.503962 0.42579 0.973599 0.479454
31 0.500062 0.426724 0.975159 0.47069
60 0.503962 0.426149 0.973599 0.475287
2 0.503962 0.426149 0.973599 0.475287
36 0.503962 0.42579 0.973599 0.479454
66 0.503962 0.426149 0.973599 0.475287
54 0.499282 0.42421 0.982961 0.468822
8 0.496941 0.422701 0.975159 0.461494
6 0.501622 0.425 0.972039 0.466092
35 0.501622 0.423635 0.972039 0.465374
7 0.501622 0.423635 0.972039 0.465374
39 0.501622 0.423635 0.972039 0.465374
20 0.496941 0.422701 0.975159 0.461494
30 0.501622 0.423635 0.972039 0.465374
31 0.501622 0.423635 0.972039 0.465374
8 0.342476 0.43046 0.636584 0.493103
54 0.501622 0.423635 0.972039 0.465374
8 0.495381 0.423851 0.965798 0.467241
35 0.498501 0.427012 0.965798 0.474713
6 0.497721 0.422917 0.964238 0.473707
20 0.498501 0.427012 0.965798 0.474713
7 0.497721 0.422917 0.964238 0.473707
30 0.497721 0.422917 0.964238 0.473707
8 0.342866 0.428807 0.645165 0.484914
39 0.498501 0.427012 0.965798 0.474713
31 0.497721 0.422917 0.964238 0.473707
36 0.497721 0.422917 0.964238 0.473707
54 0.497721 0.422917 0.964238 0.473707
2 0.498501 0.427012 0.965798 0.474713
66 0.498501 0.427012 0.965798 0.474713
8 0.493431 0.421264 0.971259 0.475862
35 0.499282 0.423276 0.962677 0.477586
6 0.498892 0.420187 0.961897 0.480316
7 0.498892 0.420187 0.961897 0.480316
39 0.499282 0.423276 0.962677 0.477586
30 0.499282 0.423276 0.962677 0.477586
20 0.499282 0.423276 0.962677 0.477586
36 0.498892 0.420187 0.961897 0.480316
2 0.499282 0.423276 0.962677 0.477586
31 0.498892 0.420187 0.961897 0.480316
54 0.493431 0.421264 0.971259 0.475862
66 0.499282 0.423276 0.962677 0.477586
60 0.499282 0.423276 0.962677 0.477586
6 0.497721 0.421193 0.970479 0.474856
8 0.49148 0.41954 0.970479 0.471264
35 0.500062 0.422989 0.965798 0.475862
7 0.500062 0.422989 0.965798 0.475862
20 0.49148 0.41954 0.970479 0.471264
39 0.500062 0.422989 0.965798 0.475862
36 0.500062 0.41954 0.965798 0.475862
2 0.500062 0.422989 0.965798 0.475862
31 0.500062 0.41954 0.965798 0.475862
30 0.500062 0.422989 0.965798 0.475862
60 0.500062 0.422989 0.965798 0.475862
66 0.500062 0.422989 0.965798 0.475862
54 0.49226 0.418463 0.970479 0.474569
0 0.493821 0.42069 0.967358 0.472414
33 0.500062 0.41954 0.965798 0.475862
8 0.496941 0.420115 0.973599 0.463218
6 0.496941 0.420115 0.973599 0.463218
35 0.499282 0.419828 0.970479 0.467241
7 0.499282 0.419828 0.970479 0.467241
20 0.49226 0.417816 0.975159 0.470115
54 0.49226 0.417816 0.975159 0.470115
31 0.499672 0.418463 0.971259 0.466523
30 0.492651 0.418319 0.974379 0.46796
39 0.499282 0.419828 0.970479 0.467241
2 0.499282 0.419828 0.970479 0.467241
36 0.499672 0.418463 0.971259 0.466523
8 0.500062 0.423851 0.959557 0.47069
6 0.500062 0.423851 0.959557 0.47069
35 0.496941 0.425934 0.965798 0.471121
7 0.496941 0.421911 0.964238 0.47342
20 0.496941 0.425934 0.965798 0.471121
54 0.496941 0.421911 0.964238 0.47342
30 0.496941 0.421911 0.964238 0.47342
39 0.496941 0.425934 0.965798 0.471121
31 0.496941 0.421911 0.964238 0.47342
2 0.496941 0.425934 0.965798 0.471121
6 0.500452 0.425862 0.968138 0.464368
8 0.500452 0.425862 0.968138 0.464368
35 0.501622 0.428448 0.972039 0.464943
7 0.501622 0.428448 0.972039 0.464943
2 0.501622 0.428448 0.972039 0.464943
20 0.500452 0.425862 0.968138 0.464368
39 0.501622 0.428448 0.972039 0.464943
36 0.501622 0.423563 0.972039 0.463218
54 0.493041 0.425287 0.973599 0.471264
0 0.501622 0.428448 0.972039 0.464943
8 0.493821 0.420043 0.975159 0.470259
6 0.500842 0.424425 0.965798 0.47069
35 0.500842 0.424425 0.965798 0.47069
7 0.500452 0.421839 0.965018 0.474713
20 0.500842 0.424425 0.965798 0.47069
8 0.368805 0.421552 0.700945 0.493678
2 0.500842 0.424425 0.965798 0.47069
39 0.500842 0.424425 0.965798 0.47069
54 0.493821 0.420043 0.975159 0.470259
36 0.500842 0.424425 0.965798 0.47069
30 0.500842 0.424425 0.965798 0.47069
60 0.500842 0.424425 0.965798 0.47069
0 0.500842 0.424425 0.965798 0.47069
31 0.493821 0.420043 0.975159 0.470259
8 0.500062 0.419828 0.959557 0.475287
6 0.500842 0.420402 0.964238 0.478736
35 0.500842 0.420402 0.964238 0.478736
20 0.500842 0.420402 0.964238 0.478736
8 0.333309 0.429885 0.61435 0.497701
7 0.500842 0.420402 0.964238 0.478736
54 0.494991 0.420115 0.971259 0.475862
2 0.500842 0.420402 0.964238 0.478736
36 0.500452 0.419253 0.961897 0.483333
39 0.500842 0.420402 0.964238 0.478736
6 0.333309 0.429885 0.61435 0.497701
30 0.500842 0.420402 0.964238 0.478736
8 0.500062 0.420977 0.970479 0.463793
6 0.502402 0.420977 0.967358 0.47069
35 0.502402 0.420977 0.967358 0.47069
7 0.502402 0.420977 0.967358 0.47069
20 0.502402 0.420977 0.967358 0.47069
39 0.502402 0.420977 0.967358 0.47069
31 0.498502 0.421839 0.968918 0.45977
30 0.501232 0.420402 0.966578 0.468391
54 0.498502 0.421839 0.968918 0.45977
2 0.502402 0.420977 0.967358 0.47069
8 0.501232 0.423563 0.963458 0.468966
6 0.499282 0.426509 0.959557 0.475718
35 0.499672 0.428736 0.963458 0.473563
7 0.499282 0.426509 0.959557 0.475718
20 0.499282 0.424713 0.964238 0.474713
39 0.499282 0.426509 0.959557 0.475718
30 0.499282 0.426509 0.959557 0.475718
31 0.499282 0.426509 0.959557 0.475718
54 0.499282 0.426509 0.959557 0.475718
2 0.499282 0.424713 0.964238 0.474713
8 0.500842 0.423276 0.964238 0.46954
6 0.500842 0.424425 0.967358 0.471839
35 0.500842 0.424425 0.967358 0.471839
7 0.500062 0.422414 0.965798 0.474713
20 0.500842 0.424425 0.967358 0.471839
31 0.500062 0.422414 0.965798 0.474713
30 0.500062 0.422414 0.965798 0.474713
39 0.500062 0.422414 0.965798 0.474713
54 0.500062 0.422414 0.965798 0.474713
8 0.348522 0.435057 0.638534 0.5
2 0.500842 0.424425 0.967358 0.471839
8 0.499282 0.421264 0.967358 0.468966
6 0.501622 0.423276 0.968918 0.472989
35 0.502402 0.423276 0.970479 0.472989
7 0.501622 0.423276 0.968918 0.472989
20 0.502402 0.423276 0.970479 0.472989
2 0.502402 0.423276 0.970479 0.472989
39 0.501622 0.423276 0.968918 0.472989
31 0.501622 0.423276 0.968918 0.472989
30 0.501622 0.423276 0.968918 0.472989
8 0.497331 0.421839 0.968138 0.472414
6 0.500062 0.424784 0.967358 0.476868
35 0.500062 0.421767 0.965798 0.477155
7 0.500062 0.421767 0.965798 0.477155
39 0.500062 0.424784 0.967358 0.476868
20 0.498501 0.424713 0.965798 0.47931
8 0.358859 0.421767 0.667789 0.493247
31 0.500062 0.421767 0.965798 0.477155
30 0.500062 0.421767 0.965798 0.477155
54 0.498501 0.424713 0.965798 0.47931
2 0.500062 0.424784 0.967358 0.476868
8 0.500452 0.42306 0.968138 0.47227
6 0.500062 0.42421 0.968918 0.465374
35 0.500062 0.42421 0.968918 0.465374
20 0.498502 0.425575 0.964238 0.47069
7 0.498501 0.42306 0.962677 0.478017
54 0.500062 0.42421 0.968918 0.465374
31 0.498501 0.42306 0.962677 0.478017
39 0.500452 0.42306 0.968138 0.47227
0 0.497721 0.425862 0.964238 0.472414
2 0.497721 0.425862 0.964238 0.472414
8 0.496941 0.419612 0.972039 0.471121
6 0.499282 0.419468 0.964238 0.476006
35 0.499282 0.424066 0.965798 0.472557
7 0.499282 0.419468 0.964238 0.476006
20 0.499282 0.424066 0.965798 0.472557
54 0.499282 0.419468 0.964238 0.476006
2 0.499282 0.424066 0.965798 0.472557
31 0.499282 0.419468 0.964238 0.476006
0 0.499282 0.424066 0.965798 0.472557
36 0.499282 0.419468 0.964238 0.476006
8 0.497721 0.421264 0.970479 0.467816
6 0.497721 0.421264 0.970479 0.467816
7 0.502012 0.424425 0.968138 0.471839
35 0.497721 0.421264 0.970479 0.467816
20 0.502012 0.424425 0.968138 0.471839
54 0.497721 0.421264 0.970479 0.467816
39 0.502012 0.424425 0.968138 0.471839
31 0.498501 0.425575 0.965798 0.463793
30 0.501232 0.424641 0.966578 0.472557
0 0.502012 0.424425 0.968138 0.471839
2 0.502012 0.424425 0.968138 0.471839
36 0.502012 0.424425 0.968138 0.471839
4 0.502012 0.424425 0.968138 0.471839
8 0.497721 0.424425 0.970479 0.463793
6 0.504743 0.425216 0.968918 0.46681
35 0.505523 0.427586 0.970479 0.470115
7 0.505523 0.427586 0.970479 0.470115
39 0.505523 0.427586 0.970479 0.470115
30 0.505523 0.427586 0.970479 0.470115
20 0.505523 0.427586 0.970479 0.470115
36 0.505523 0.427586 0.970479 0.470115
31 0.499282 0.424066 0.968918 0.457615
60 0.505523 0.427586 0.970479 0.470115
2 0.505523 0.427586 0.970479 0.470115
54 0.504743 0.425216 0.968918 0.46681
8 0.502402 0.422701 0.967358 0.467241
6 0.502402 0.422486 0.964238 0.476868
35 0.502012 0.421264 0.965018 0.470115
7 0.502792 0.425862 0.966578 0.474713
20 0.502012 0.421264 0.965018 0.470115
54 0.502012 0.421264 0.965018 0.470115
39 0.503182 0.427012 0.965798 0.482759
30 0.502402 0.422486 0.964238 0.476868
31 0.502012 0.421264 0.965018 0.470115
8 0.499282 0.421552 0.970479 0.460345
6 0.500452 0.421911 0.966578 0.464224
7 0.500842 0.424713 0.968918 0.462069
35 0.500452 0.421911 0.966578 0.464224
39 0.500842 0.424713 0.968918 0.462069
30 0.500452 0.421911 0.966578 0.464224
20 0.497721 0.422126 0.970479 0.461494
54 0.499282 0.421552 0.970479 0.460345
31 0.500452 0.421911 0.966578 0.464224
8 0.277335 0.43046 0.510203 0.478161
8 0.496161 0.421839 0.965798 0.45977
6 0.496161 0.421839 0.965798 0.45977
7 0.498501 0.423851 0.965798 0.462644
35 0.498501 0.423851 0.965798 0.462644
20 0.495381 0.422701 0.967358 0.461494
39 0.498501 0.423851 0.965798 0.462644
31 0.499282 0.421336 0.962677 0.466523
54 0.499282 0.421336 0.962677 0.466523
8 0.293718 0.433836 0.531267 0.490948
30 0.499282 0.421336 0.962677 0.466523
8 0.494601 0.421552 0.964238 0.475287
6 0.499672 0.41954 0.960337 0.48046
35 0.499672 0.420977 0.961897 0.474138
7 0.499672 0.41954 0.960337 0.48046
20 0.499672 0.41954 0.960337 0.48046
54 0.499672 0.41954 0.960337 0.48046
39 0.499672 0.420977 0.961897 0.474138
30 0.499672 0.41954 0.960337 0.48046
2 0.499672 0.420977 0.961897 0.474138
31 0.499672 0.41954 0.960337 0.48046
36 0.499672 0.41954 0.960337 0.48046
8 0.494601 0.420115 0.964238 0.467816
6 0.501232 0.421839 0.966578 0.468966
35 0.501232 0.421839 0.966578 0.468966
7 0.501232 0.421839 0.966578 0.468966
20 0.496551 0.421911 0.969698 0.468822
36 0.501232 0.421839 0.966578 0.468966
39 0.501232 0.421839 0.966578 0.468966
54 0.500842 0.417816 0.964238 0.471264
30 0.501232 0.421839 0.966578 0.468966
2 0.501232 0.421839 0.966578 0.468966
31 0.500842 0.417816 0.964238 0.471264
8 0.498501 0.420043 0.961117 0.464512
6 0.500842 0.41954 0.964238 0.471264
7 0.500842 0.41954 0.964238 0.471264
35 0.500062 0.417529 0.962677 0.472989
20 0.499282 0.421839 0.964238 0.470115
54 0.500062 0.417529 0.962677 0.472989
39 0.500842 0.41954 0.964238 0.471264
31 0.500062 0.417529 0.962677 0.472989
8 0.498111 0.423563 0.966578 0.466667
6 0.500452 0.424713 0.968138 0.467816
35 0.500452 0.424713 0.968138 0.467816
7 0.500452 0.424713 0.968138 0.467816
8 0.367245 0.429957 0.688463 0.497557
20 0.500842 0.421839 0.967358 0.474713
54 0.500842 0.421839 0.967358 0.474713
39 0.500452 0.424713 0.968138 0.467816
31 0.500842 0.421839 0.967358 0.474713
30 0.500452 0.424713 0.968138 0.467816
8 0.499282 0.422917 0.957997 0.46681
6 0.499282 0.425287 0.961117 0.468966
35 0.499282 0.425287 0.961117 0.468966
7 0.499282 0.425287 0.961117 0.468966
20 0.499282 0.425287 0.961117 0.468966
39 0.499282 0.425287 0.961117 0.468966
8 0.345987 0.430172 0.642045 0.49023
54 0.499282 0.421911 0.957997 0.475718
2 0.499282 0.425287 0.961117 0.468966
8 0.498501 0.421552 0.965798 0.466092
6 0.500452 0.423851 0.968138 0.468391
35 0.500452 0.423851 0.968138 0.468391
7 0.499282 0.425 0.967358 0.464943
20 0.499282 0.425 0.967358 0.464943
39 0.499282 0.425 0.967358 0.464943
8 0.374266 0.429598 0.698604 0.495977
31 0.500842 0.420977 0.967358 0.475287
0 0.499282 0.425 0.967358 0.464943
2 0.500452 0.423851 0.968138 0.468391
36 0.500452 0.423851 0.968138 0.468391
54 0.500842 0.420977 0.967358 0.475287
8 0.496941 0.421552 0.967358 0.47069
6 0.501232 0.419037 0.963458 0.483764
35 0.501622 0.422126 0.967358 0.477586
20 0.499282 0.423563 0.970479 0.477012
7 0.499282 0.423563 0.970479 0.477012
39 0.499282 0.423563 0.970479 0.477012
2 0.499282 0.423563 0.970479 0.477012
31 0.501232 0.419037 0.963458 0.483764
0 0.499282 0.423563 0.970479 0.477012
36 0.501232 0.419037 0.963458 0.483764
30 0.501622 0.422126 0.967358 0.477586
8 0.49187 0.421264 0.974379 0.468966
6 0.498502 0.420618 0.972039 0.473707
35 0.500842 0.421552 0.970479 0.476437
7 0.500842 0.421552 0.970479 0.476437
20 0.49187 0.418678 0.971259 0.475287
54 0.49187 0.418678 0.971259 0.475287
39 0.500842 0.421552 0.970479 0.476437
30 0.500842 0.421552 0.970479 0.476437
8 0.262513 0.420762 0.48836 0.49181
8 0.497721 0.423851 0.962677 0.462644
6 0.500842 0.423851 0.965798 0.463793
35 0.500842 0.423851 0.965798 0.463793
20 0.499282 0.424425 0.968918 0.468391
2 0.500842 0.423851 0.965798 0.463793
7 0.500842 0.423851 0.965798 0.463793
30 0.500842 0.423851 0.965798 0.463793
36 0.500842 0.423851 0.965798 0.463793
31 0.500842 0.422126 0.962677 0.467241
54 0.500842 0.422126 0.962677 0.467241
8 0.496941 0.421264 0.965798 0.463218
6 0.497721 0.421767 0.967358 0.464512
35 0.497721 0.421767 0.967358 0.464512
20 0.498502 0.421264 0.968918 0.470115
7 0.498502 0.421264 0.968918 0.470115
30 0.497721 0.420043 0.964238 0.46796
31 0.497721 0.420043 0.964238 0.46796
54 0.497721 0.420043 0.964238 0.46796
39 0.498502 0.421264 0.968918 0.470115
8 0.33877 0.430532 0.628393 0.490661
4 0.498502 0.421264 0.968918 0.470115
0 0.498502 0.421264 0.968918 0.470115
8 0.498502 0.421911 0.964238 0.463075
6 0.498111 0.421839 0.961897 0.467816
35 0.498111 0.421839 0.961897 0.467816
20 0.498111 0.421264 0.968138 0.470115
54 0.498502 0.417888 0.959557 0.474569
7 0.498502 0.417888 0.959557 0.474569
39 0.498111 0.421264 0.968138 0.470115
31 0.498502 0.417888 0.959557 0.474569
30 0.498502 0.417888 0.959557 0.474569
8 0.493041 0.417816 0.973599 0.472414
6 0.499672 0.422486 0.963458 0.468822
35 0.499672 0.422486 0.963458 0.468822
20 0.493041 0.417816 0.973599 0.472414
7 0.499672 0.422486 0.963458 0.468822
2 0.499672 0.422486 0.963458 0.468822
30 0.499672 0.422486 0.963458 0.468822
54 0.499282 0.419612 0.961117 0.471121
31 0.499282 0.419612 0.961117 0.471121
39 0.499672 0.422486 0.963458 0.468822
8 0.496551 0.423563 0.963458 0.462069
6 0.498501 0.424425 0.965798 0.464943
35 0.498501 0.424425 0.965798 0.464943
20 0.498501 0.424425 0.965798 0.464943
7 0.498501 0.424425 0.965798 0.464943
54 0.498502 0.422701 0.964238 0.466092
30 0.498502 0.422701 0.964238 0.466092
31 0.498502 0.422701 0.964238 0.466092
2 0.498501 0.424425 0.965798 0.464943
39 0.498501 0.424425 0.965798 0.464943
8 0.496941 0.420402 0.962677 0.467241
6 0.497721 0.422126 0.964238 0.468391
35 0.497721 0.422126 0.964238 0.468391
20 0.497331 0.423276 0.966578 0.471839
7 0.497721 0.422126 0.964238 0.468391
31 0.497721 0.41954 0.961117 0.474713
2 0.497721 0.422126 0.964238 0.468391
39 0.497721 0.422126 0.964238 0.468391
30 0.497721 0.422126 0.964238 0.468391
8 0.494211 0.420977 0.971259 0.464943
6 0.496941 0.422989 0.959557 0.466667
35 0.496941 0.422989 0.959557 0.466667
20 0.497331 0.422126 0.961897 0.468391
7 0.496941 0.422989 0.959557 0.466667
31 0.497721 0.419612 0.956436 0.474569
2 0.496941 0.422989 0.959557 0.466667
39 0.496941 0.422989 0.959557 0.466667
54 0.496941 0.422989 0.959557 0.466667
8 0.499282 0.422486 0.964238 0.469971
6 0.498502 0.425287 0.964238 0.466667
35 0.498502 0.425287 0.964238 0.466667
20 0.498501 0.425575 0.965798 0.471839
7 0.498502 0.425287 0.964238 0.466667
54 0.498501 0.422126 0.962677 0.47069
39 0.498502 0.425287 0.964238 0.466667
30 0.498502 0.425287 0.964238 0.466667
2 0.498502 0.425287 0.964238 0.466667
31 0.498501 0.422126 0.962677 0.47069
8 0.500062 0.42069 0.962677 0.466667
6 0.500062 0.422701 0.965798 0.466092
35 0.500062 0.422701 0.965798 0.466092
20 0.500842 0.422414 0.964238 0.471264
7 0.500062 0.421552 0.962677 0.47069
54 0.500062 0.421552 0.962677 0.47069
8 0.49148 0.422414 0.973599 0.470115
6 0.497721 0.423276 0.973599 0.475287
35 0.496941 0.420977 0.968918 0.475287
7 0.496941 0.420977 0.968918 0.475287
20 0.497331 0.422701 0.971259 0.471839
54 0.49148 0.422414 0.973599 0.470115
39 0.497331 0.422701 0.971259 0.471839
8 0.499282 0.423276 0.962677 0.471839
6 0.498892 0.423635 0.958777 0.478017
35 0.498501 0.424138 0.962677 0.473563
20 0.498892 0.424138 0.965018 0.478161
39 0.498501 0.424138 0.962677 0.473563
7 0.498892 0.424138 0.965018 0.478161
30 0.498501 0.424138 0.962677 0.473563
8 0.494601 0.423851 0.967358 0.466092
6 0.497721 0.425575 0.964238 0.468391
35 0.497721 0.425575 0.964238 0.468391
39 0.497721 0.425575 0.964238 0.468391
20 0.496161 0.425287 0.967358 0.468966
7 0.497721 0.423491 0.961117 0.469109
8 0.493041 0.421264 0.973599 0.470115
6 0.497331 0.422414 0.971259 0.475862
35 0.497721 0.423851 0.968918 0.475287
54 0.493041 0.421264 0.973599 0.470115
7 0.497721 0.423851 0.968918 0.475287
20 0.496941 0.423851 0.968918 0.474138
39 0.497721 0.423851 0.968918 0.475287
8 0.494601 0.422989 0.972039 0.468966
6 0.496941 0.425287 0.965798 0.465517
35 0.497331 0.423276 0.965018 0.468391
20 0.496161 0.424784 0.970479 0.465374
54 0.49226 0.421264 0.975159 0.466667
7 0.497331 0.423276 0.965018 0.468391
39 0.496941 0.425287 0.965798 0.465517
8 0.49148 0.419253 0.973599 0.468391
6 0.496941 0.424138 0.975159 0.464368
35 0.498111 0.423851 0.968138 0.464943
7 0.498111 0.423851 0.968138 0.464943
20 0.49148 0.419253 0.973599 0.468391
54 0.4907 0.420977 0.972039 0.463793
2 0.498111 0.423851 0.968138 0.464943
39 0.498111 0.423851 0.968138 0.464943
8 0.494991 0.422342 0.972819 0.473707
6 0.498501 0.423851 0.962677 0.471839
35 0.498501 0.423851 0.962677 0.471839
54 0.498501 0.423851 0.962677 0.471839
7 0.498501 0.423851 0.962677 0.471839
20 0.498501 0.423851 0.962677 0.471839
8 0.493821 0.418463 0.972039 0.471121
6 0.498501 0.421911 0.965798 0.469971
35 0.499282 0.419828 0.964238 0.472988
20 0.498501 0.421911 0.965798 0.469971
54 0.499282 0.419828 0.964238 0.472988
2 0.498501 0.421911 0.965798 0.469971
8 0.49109 0.421552 0.974379 0.466092
6 0.498111 0.424425 0.966578 0.463793
35 0.498502 0.422342 0.964238 0.46681
20 0.49226 0.420187 0.973599 0.467672
54 0.498502 0.422342 0.964238 0.46681
7 0.498111 0.424425 0.966578 0.463793
39 0.498111 0.424425 0.966578 0.463793
8 0.495381 0.421264 0.968918 0.465517
6 0.497721 0.423635 0.965798 0.463075
35 0.498111 0.421911 0.963457 0.464224
7 0.498111 0.421911 0.963457 0.464224
39 0.497721 0.423635 0.965798 0.463075
20 0.498111 0.421911 0.963457 0.464224
54 0.498111 0.421911 0.963457 0.464224
8 0.49226 0.422917 0.975159 0.46681
6 0.497721 0.424713 0.965798 0.467816
35 0.497331 0.422701 0.965018 0.468391
20 0.49226 0.422917 0.975159 0.46681
7 0.497721 0.424713 0.965798 0.467816
54 0.497331 0.422701 0.965018 0.468391
8 0.492651 0.418319 0.974379 0.470259
6 0.497331 0.42306 0.965018 0.471121
35 0.497721 0.421264 0.964238 0.470115
20 0.492651 0.418319 0.974379 0.470259
7 0.497331 0.42306 0.965018 0.471121
39 0.497331 0.42306 0.965018 0.471121
54 0.497721 0.421264 0.964238 0.470115
8 0.493041 0.421767 0.973599 0.46681
6 0.498502 0.421552 0.968918 0.467241
35 0.498502 0.421552 0.968918 0.467241
20 0.498502 0.421552 0.968918 0.467241
54 0.499282 0.419468 0.967358 0.471408
30 0.498502 0.421552 0.968918 0.467241
8 0.493041 0.420977 0.975159 0.467241
6 0.497721 0.422701 0.967358 0.47069
35 0.497721 0.422701 0.967358 0.47069
20 0.493041 0.420977 0.975159 0.467241
54 0.497721 0.422701 0.967358 0.47069
7 0.497721 0.422701 0.967358 0.47069
39 0.497721 0.422701 0.967358 0.47069
8 0.495381 0.423491 0.972039 0.469109
6 0.498502 0.425862 0.972039 0.465517
35 0.498502 0.425862 0.972039 0.465517
20 0.498502 0.425862 0.972039 0.465517
54 0.497721 0.423563 0.970479 0.470115
39 0.498502 0.425862 0.972039 0.465517
7 0.497721 0.423563 0.970479 0.470115
8 0.49226 0.422414 0.97672 0.470115
6 0.498111 0.424425 0.968138 0.467241
35 0.498111 0.424425 0.968138 0.467241
20 0.498111 0.424425 0.968138 0.467241
54 0.498501 0.422414 0.965798 0.471264
8 0.49226 0.421264 0.975159 0.467816
6 0.500062 0.423491 0.968918 0.46681
35 0.500062 0.423491 0.968918 0.46681
20 0.49226 0.420043 0.975159 0.472557
7 0.500062 0.423491 0.968918 0.46681
54 0.500062 0.422126 0.968918 0.47069
8 0.49187 0.416954 0.97594 0.471839
35 0.498502 0.422414 0.972039 0.466667
6 0.498502 0.422414 0.972039 0.466667
20 0.49187 0.416954 0.97594 0.471839
30 0.49187 0.416954 0.97594 0.471839
8 0.494211 0.42069 0.97594 0.466667
6 0.496941 0.422989 0.973599 0.464368
35 0.496941 0.422989 0.973599 0.464368
20 0.496941 0.422989 0.973599 0.464368
7 0.496941 0.422989 0.973599 0.464368
8 0.49109 0.421336 0.974379 0.468822
6 0.497721 0.423563 0.972039 0.468966
35 0.497721 0.423563 0.972039 0.468966
20 0.49226 0.418463 0.975159 0.47342
7 0.497721 0.423563 0.972039 0.468966
39 0.497721 0.423563 0.972039 0.468966
54 0.497721 0.421336 0.970479 0.47227
30 0.49226 0.418463 0.975159 0.47342
8 0.49187 0.421264 0.974379 0.467816
6 0.498111 0.422989 0.969699 0.467816
35 0.498111 0.422989 0.969699 0.467816
20 0.492651 0.418463 0.974379 0.47227
54 0.498502 0.421552 0.968918 0.46954
7 0.498111 0.422989 0.969699 0.467816
39 0.498111 0.422989 0.969699 0.467816
8 0.496161 0.421264 0.967358 0.465517
35 0.497331 0.423851 0.966578 0.466092
6 0.497331 0.423851 0.966578 0.466092
20 0.496941 0.423635 0.968918 0.469971
30 0.497331 0.423851 0.966578 0.466092
39 0.497331 0.423851 0.966578 0.466092
8 0.49148 0.423851 0.973599 0.467241
6 0.496161 0.42579 0.970479 0.469109
35 0.496161 0.42579 0.970479 0.469109
20 0.496161 0.426437 0.970479 0.468966
54 0.496941 0.42306 0.968918 0.47342
7 0.496161 0.42579 0.970479 0.469109
39 0.496161 0.42579 0.970479 0.469109
8 0.49226 0.424138 0.973599 0.468966
6 0.496941 0.425287 0.972039 0.472414
35 0.496941 0.425287 0.972039 0.472414
54 0.496941 0.423851 0.968918 0.474138
20 0.496941 0.425 0.970479 0.471839
39 0.496941 0.425287 0.972039 0.472414
7 0.496941 0.425287 0.972039 0.472414
8 0.494601 0.422342 0.973599 0.470259
6 0.497721 0.423851 0.970479 0.468391
35 0.497721 0.423851 0.970479 0.468391
7 0.496161 0.423851 0.973599 0.46954
20 0.496161 0.423851 0.973599 0.46954
39 0.496161 0.423851 0.973599 0.46954
54 0.498502 0.421552 0.967358 0.471839
8 0.49109 0.423851 0.974379 0.46954
6 0.497721 0.425359 0.972039 0.47342
35 0.497721 0.425359 0.972039 0.47342
39 0.495771 0.426365 0.972819 0.473707
20 0.495771 0.426365 0.972819 0.473707
7 0.495771 0.426365 0.972819 0.473707
54 0.498502 0.422701 0.968918 0.475287
8 0.49148 0.422486 0.973599 0.469971
6 0.497721 0.424713 0.970479 0.474713
35 0.497721 0.424713 0.970479 0.474713
20 0.49187 0.420402 0.972819 0.472989
39 0.497721 0.424713 0.970479 0.474713
30 0.49187 0.420402 0.972819 0.472989
8 0.493041 0.422701 0.973599 0.467241
6 0.496941 0.425359 0.970479 0.47227
35 0.496941 0.425359 0.970479 0.47227
39 0.495381 0.423276 0.972039 0.472989
7 0.496941 0.425359 0.970479 0.47227
20 0.493431 0.420402 0.972819 0.471839
30 0.493431 0.420402 0.972819 0.471839
8 0.49148 0.422414 0.973599 0.468966
35 0.497331 0.425575 0.971259 0.475287
6 0.497331 0.425575 0.971259 0.475287
20 0.49226 0.420402 0.972039 0.471839
39 0.497331 0.425575 0.971259 0.475287
30 0.49226 0.420402 0.972039 0.471839
7 0.497331 0.425575 0.971259 0.475287
8 0.49148 0.422989 0.973599 0.468966
35 0.498502 0.425575 0.972039 0.475287
6 0.498502 0.425575 0.972039 0.475287
20 0.49148 0.420043 0.973599 0.471408
39 0.498502 0.425575 0.972039 0.475287
30 0.49148 0.420043 0.973599 0.471408
7 0.498502 0.425575 0.972039 0.475287
8 0.49148 0.42306 0.973599 0.467672
6 0.497721 0.425862 0.973599 0.473563
35 0.497721 0.425862 0.973599 0.473563
20 0.49148 0.420402 0.973599 0.46954
7 0.497721 0.425862 0.973599 0.473563
39 0.497721 0.425862 0.973599 0.473563
30 0.49148 0.420402 0.973599 0.46954
8 0.49109 0.421839 0.974379 0.470115
6 0.497721 0.423491 0.975159 0.476006
35 0.498502 0.425 0.973599 0.478736
20 0.49148 0.419037 0.973599 0.474569
7 0.498502 0.425 0.973599 0.478736
39 0.498502 0.425 0.973599 0.478736
30 0.49148 0.419037 0.973599 0.474569
8 0.4907 0.421767 0.975159 0.46796
6 0.496941 0.423563 0.975159 0.472414
35 0.496941 0.423563 0.975159 0.472414
20 0.49109 0.419037 0.974379 0.47227
7 0.496941 0.423563 0.975159 0.472414
54 0.496941 0.423563 0.975159 0.472414
39 0.496941 0.423563 0.975159 0.472414
30 0.49109 0.419037 0.974379 0.47227
8 0.49109 0.421552 0.974379 0.468391
6 0.497721 0.424425 0.973599 0.471839
35 0.497721 0.424425 0.973599 0.471839
20 0.49187 0.418894 0.974379 0.472557
7 0.497721 0.424425 0.973599 0.471839
54 0.498501 0.422701 0.970479 0.472988
39 0.497721 0.424425 0.973599 0.471839
8 0.49226 0.421839 0.973599 0.467816
6 0.498502 0.425216 0.968918 0.470259
35 0.498502 0.425216 0.968918 0.470259
20 0.493041 0.418966 0.973599 0.471264
7 0.498502 0.425216 0.968918 0.470259
39 0.495381 0.422414 0.968918 0.472414
54 0.498502 0.425216 0.968918 0.470259
8 0.49148 0.420977 0.973599 0.47069
6 0.498111 0.424641 0.969699 0.474856
35 0.498111 0.424641 0.969699 0.474856
20 0.49148 0.417816 0.973599 0.473563
7 0.498111 0.424641 0.969699 0.474856
39 0.498111 0.424641 0.969699 0.474856
30 0.49148 0.417816 0.973599 0.473563
8 0.49187 0.420977 0.972819 0.47069
6 0.498501 0.424425 0.970479 0.475287
35 0.498501 0.424425 0.970479 0.475287
20 0.49187 0.420977 0.972819 0.47069
39 0.498501 0.424425 0.970479 0.475287
7 0.498501 0.424425 0.970479 0.475287
8 0.49187 0.420115 0.972819 0.468966
6 0.497721 0.422701 0.970479 0.474138
35 0.497721 0.422701 0.970479 0.474138
20 0.49226 0.417816 0.972039 0.472414
7 0.497721 0.422701 0.970479 0.474138
54 0.49187 0.420115 0.972819 0.468966
39 0.497721 0.422701 0.970479 0.474138
30 0.49226 0.417816 0.972039 0.472414
8 0.49148 0.42069 0.973599 0.468966
6 0.497721 0.423276 0.970479 0.474138
35 0.497721 0.423276 0.970479 0.474138
20 0.49226 0.418103 0.972039 0.472989
7 0.497721 0.423276 0.970479 0.474138
39 0.497721 0.423276 0.970479 0.474138
54 0.49148 0.42069 0.973599 0.468966
8 0.49226 0.420402 0.972039 0.46954
6 0.498502 0.422989 0.968918 0.473563
35 0.498502 0.422989 0.968918 0.473563
7 0.498502 0.422989 0.968918 0.473563
20 0.493041 0.418103 0.973599 0.471839
39 0.498502 0.422989 0.968918 0.473563
30 0.493041 0.418103 0.973599 0.471839
54 0.49226 0.420402 0.972039 0.46954
8 0.49148 0.421839 0.973599 0.470115
6 0.498892 0.423851 0.969698 0.474138
35 0.498892 0.423851 0.969698 0.474138
20 0.49226 0.419037 0.973599 0.47342
7 0.498892 0.423851 0.969698 0.474138
39 0.498892 0.423851 0.969698 0.474138
30 0.49226 0.419037 0.973599 0.47342
8 0.49148 0.421336 0.973599 0.469971
6 0.499282 0.423563 0.970479 0.474713
35 0.499282 0.423563 0.970479 0.474713
20 0.49187 0.418678 0.972819 0.474138
7 0.499282 0.423563 0.970479 0.474713
39 0.499282 0.423563 0.970479 0.474713
30 0.49187 0.418678 0.972819 0.474138
8 0.49148 0.420977 0.973599 0.47069
6 0.499282 0.423276 0.970479 0.475287
35 0.499282 0.423276 0.970479 0.475287
20 0.49226 0.418319 0.973599 0.474856
7 0.499282 0.423276 0.970479 0.475287
30 0.49226 0.418319 0.973599 0.474856
39 0.499282 0.423276 0.970479 0.475287
54 0.499282 0.423276 0.970479 0.475287
8 0.49148 0.421552 0.973599 0.46954
6 0.498892 0.423851 0.971259 0.474138
35 0.498892 0.423851 0.971259 0.474138
20 0.492651 0.418463 0.972819 0.47342
7 0.498892 0.423851 0.971259 0.474138
54 0.498892 0.423851 0.971259 0.474138
39 0.498892 0.423851 0.971259 0.474138
8 0.49148 0.421264 0.973599 0.468966
6 0.499282 0.423851 0.970479 0.474138
35 0.499282 0.423851 0.970479 0.474138
20 0.49226 0.418678 0.973599 0.472989
7 0.499282 0.423851 0.970479 0.474138
54 0.499282 0.423851 0.970479 0.474138
39 0.499282 0.423851 0.970479 0.474138
8 0.49148 0.421264 0.973599 0.468966
6 0.497721 0.424425 0.972039 0.474138
35 0.497721 0.424425 0.972039 0.474138
20 0.49187 0.418966 0.972819 0.472414
7 0.497721 0.424425 0.972039 0.474138
39 0.497721 0.424425 0.972039 0.474138
54 0.497721 0.424425 0.972039 0.474138
8 0.49148 0.420977 0.973599 0.468391
6 0.497721 0.423635 0.972039 0.47227
35 0.497721 0.423635 0.972039 0.47227
7 0.497721 0.423635 0.972039 0.47227
20 0.49148 0.420977 0.973599 0.468391
54 0.497721 0.423635 0.972039 0.47227
39 0.497721 0.423635 0.972039 0.47227
8 0.49187 0.421264 0.972819 0.468966
6 0.498502 0.423276 0.968918 0.472989
35 0.498502 0.423276 0.968918 0.472989
20 0.49187 0.421264 0.972819 0.468966
7 0.498502 0.423276 0.968918 0.472989
39 0.498502 0.423276 0.968918 0.472989
54 0.498502 0.423276 0.968918 0.472989
8 0.49148 0.421264 0.973599 0.468966
6 0.498502 0.423276 0.968918 0.472989
35 0.498502 0.423276 0.968918 0.472989
20 0.492651 0.418678 0.972819 0.472989
7 0.498502 0.423276 0.968918 0.472989
39 0.498502 0.423276 0.968918 0.472989
54 0.498502 0.423276 0.968918 0.472989
8 0.49187 0.421839 0.972819 0.468966
6 0.498502 0.423563 0.968918 0.472414
35 0.498502 0.423563 0.968918 0.472414
7 0.498502 0.423563 0.968918 0.472414
20 0.493041 0.418894 0.973599 0.472557
39 0.498502 0.423563 0.968918 0.472414
54 0.498502 0.423563 0.968918 0.472414
8 0.49187 0.421552 0.972819 0.46954
6 0.498111 0.423491 0.969699 0.472557
35 0.498111 0.423491 0.969699 0.472557
20 0.493041 0.418966 0.973599 0.473563
7 0.498111 0.423491 0.969699 0.472557
39 0.498111 0.423491 0.969699 0.472557
54 0.498111 0.423491 0.969699 0.472557
8 0.49226 0.421839 0.973599 0.468966
6 0.498502 0.423635 0.968918 0.47227
35 0.498502 0.423635 0.968918 0.47227
20 0.49226 0.421839 0.973599 0.468966
7 0.498502 0.423635 0.968918 0.47227
39 0.498502 0.423635 0.968918 0.47227
54 0.498502 0.423635 0.968918 0.47227
8 0.49226 0.421839 0.973599 0.468966
6 0.498111 0.424066 0.969699 0.472557
35 0.498111 0.424066 0.969699 0.472557
7 0.498111 0.424066 0.969699 0.472557
20 0.493431 0.419468 0.972819 0.472557
39 0.498111 0.424066 0.969699 0.472557
54 0.498111 0.424066 0.969699 0.472557
8 0.49187 0.422126 0.972819 0.46954
6 0.497721 0.424138 0.970479 0.473563
35 0.497721 0.424138 0.970479 0.473563
20 0.493041 0.419468 0.973599 0.473707
7 0.497721 0.424138 0.970479 0.473563
39 0.497721 0.424138 0.970479 0.473563
54 0.497721 0.424138 0.970479 0.473563
8 0.49148 0.421839 0.973599 0.468966
6 0.498892 0.423851 0.971259 0.472989
35 0.498892 0.423851 0.971259 0.472989
20 0.493041 0.419037 0.973599 0.47342
7 0.498892 0.423851 0.971259 0.472989
39 0.498892 0.423851 0.971259 0.472989
54 0.498892 0.423851 0.971259 0.472989
8 0.49226 0.421911 0.973599 0.468822
6 0.498501 0.423851 0.970479 0.471839
35 0.498501 0.423851 0.970479 0.471839
20 0.493041 0.419253 0.973599 0.472989
7 0.498501 0.423851 0.970479 0.471839
39 0.498501 0.423851 0.970479 0.471839
54 0.498501 0.423851 0.970479 0.471839
8 0.49226 0.422486 0.973599 0.468822
6 0.498111 0.424713 0.969699 0.472414
35 0.498111 0.424713 0.969699 0.472414
20 0.498111 0.424713 0.969699 0.472414
7 0.498111 0.424713 0.969699 0.472414
39 0.498111 0.424713 0.969699 0.472414
54 0.498111 0.424713 0.969699 0.472414
8 0.49187 0.422126 0.972819 0.468391
6 0.498111 0.424425 0.969699 0.471839
35 0.498111 0.424425 0.969699 0.471839
20 0.498111 0.424425 0.969699 0.471839
7 0.498111 0.424425 0.969699 0.471839
39 0.498111 0.424425 0.969699 0.471839
8 0.49187 0.422126 0.972819 0.468391
6 0.498502 0.424713 0.968918 0.472414
35 0.498502 0.424713 0.968918 0.472414
20 0.498502 0.424713 0.968918 0.472414
7 0.498502 0.424713 0.968918 0.472414
39 0.498502 0.424713 0.968918 0.472414
8 0.49226 0.422414 0.972039 0.468966
6 0.498502 0.424641 0.968918 0.472557
35 0.498502 0.424641 0.968918 0.472557
20 0.498502 0.424641 0.968918 0.472557
7 0.498502 0.424641 0.968918 0.472557
39 0.498502 0.424641 0.968918 0.472557
8 0.49226 0.422414 0.972039 0.468966
6 0.498502 0.424713 0.968918 0.472414
35 0.498502 0.424713 0.968918 0.472414
20 0.498502 0.424713 0.968918 0.472414
7 0.498502 0.424713 0.968918 0.472414
39 0.498502 0.424713 0.968918 0.472414
8 0.49226 0.422126 0.972039 0.468391
6 0.498502 0.424713 0.968918 0.472414
35 0.498502 0.424713 0.968918 0.472414
20 0.498502 0.424713 0.968918 0.472414
7 0.498502 0.424713 0.968918 0.472414
39 0.498502 0.424713 0.968918 0.472414
8 0.49226 0.422414 0.972039 0.468966
6 0.498502 0.424713 0.968918 0.472414
35 0.498502 0.424713 0.968918 0.472414
20 0.493431 0.41954 0.972819 0.473563
7 0.498502 0.424713 0.968918 0.472414
39 0.498502 0.424713 0.968918 0.472414
8 0.49226 0.422126 0.972039 0.468391
6 0.498502 0.424713 0.968918 0.472414
35 0.498502 0.424713 0.968918 0.472414
20 0.498502 0.424713 0.968918 0.472414
7 0.498502 0.424713 0.968918 0.472414
39 0.498502 0.424713 0.968918 0.472414
8 0.49226 0.422126 0.972039 0.468391
6 0.498502 0.424713 0.968918 0.472414
35 0.498502 0.424713 0.968918 0.472414
20 0.493431 0.41954 0.972819 0.473563
7 0.498502 0.424713 0.968918 0.472414
39 0.498502 0.424713 0.968918 0.472414
