22 0.462415 0.509217 0.852968 0.43318
72 0.422188 0.528802 0.749081 0.384793
22 0.363019 0.557748 0.662768 0.331509
62 0.462415 0.509217 0.852968 0.43318
2 0.462415 0.509217 0.852968 0.43318
3 0.363019 0.557748 0.662768 0.331509
3 0.462415 0.509217 0.852968 0.43318
64 0.426484 0.50288 0.756111 0.429724
60 0.363019 0.557748 0.662768 0.331509
2 0.380008 0.553571 0.631915 0.319124
41 0.422188 0.528802 0.749081 0.384793
62 0.62137 0.495392 0.694403 0.43318
4 0.463586 0.494528 0.850624 0.453341
22 0.62137 0.495392 0.694403 0.43318
2 0.622151 0.504896 0.683468 0.427995
62 0.363019 0.557748 0.662768 0.331509
35 0.422188 0.528802 0.749081 0.384793
60 0.462415 0.509217 0.852968 0.43318
72 0.504594 0.493952 0.862341 0.468318
52 0.463586 0.494528 0.850624 0.453341
72 0.380008 0.553571 0.631915 0.319124
72 0.62137 0.495392 0.694403 0.43318
22 0.729162 0.462846 0.497565 0.422235
35 0.504594 0.493952 0.862341 0.468318
22 0.30385 0.517569 0.549118 0.432604
2 0.695965 0.474078 0.585829 0.428571
36 0.528809 0.530242 0.85453 0.409562
4 0.363019 0.557748 0.662768 0.331509
3 0.622151 0.504896 0.683468 0.427995
60 0.286666 0.579637 0.498346 0.285426
41 0.504594 0.493952 0.862341 0.468318
3 0.30385 0.517569 0.549118 0.432604
21 0.574796 0.511521 0.784426 0.43318
41 0.298383 0.570421 0.542869 0.324597
57 0.531933 0.504608 0.85453 0.453917
22 0.286666 0.579637 0.498346 0.285426
3 0.286666 0.579637 0.498346 0.285426
41 0.380008 0.553571 0.631915 0.319124
4 0.729162 0.462846 0.497565 0.422235
23 0.503032 0.512961 0.863903 0.439516
2 0.298383 0.570421 0.542869 0.324597
35 0.62137 0.495392 0.694403 0.43318
72 0.298383 0.570421 0.542869 0.324597
31 0.422188 0.528802 0.749081 0.384793
58 0.363019 0.557748 0.662768 0.331509
23 0.62137 0.495392 0.694403 0.43318
35 0.380008 0.553571 0.631915 0.319124
62 0.729162 0.462846 0.497565 0.422235
35 0.729162 0.462846 0.497565 0.422235
64 0.528809 0.530242 0.85453 0.409562
60 0.62137 0.495392 0.694403 0.43318
10 0.531933 0.504608 0.85453 0.453917
58 0.503032 0.512961 0.863903 0.439516
4 0.62137 0.495392 0.694403 0.43318
69 0.422188 0.528802 0.749081 0.384793
60 0.729162 0.462846 0.497565 0.422235
36 0.363019 0.557748 0.662768 0.331509
72 0.729162 0.462846 0.497565 0.422235
56 0.462415 0.509217 0.852968 0.43318
39 0.503032 0.512961 0.863903 0.439516
57 0.695965 0.474078 0.585829 0.428571
52 0.62137 0.495392 0.694403 0.43318
3 0.729162 0.462846 0.497565 0.422235
4 0.30385 0.517569 0.549118 0.432604
33 0.463586 0.494528 0.850624 0.453341
37 0.422188 0.528802 0.749081 0.384793
52 0.30385 0.517569 0.549118 0.432604
35 0.298383 0.570421 0.542869 0.324597
40 0.504594 0.493952 0.862341 0.468318
57 0.422188 0.528802 0.749081 0.384793
36 0.696747 0.475806 0.563959 0.447005
44 0.528809 0.530242 0.85453 0.409562
5 0.422188 0.528802 0.749081 0.384793
64 0.498346 0.449381 0.749862 0.543635
49 0.426484 0.50288 0.756111 0.429724
8 0.695965 0.474078 0.585829 0.428571
72 0.404222 0.464862 0.657691 0.495392
64 0.62137 0.495392 0.694403 0.43318
37 0.334313 0.56898 0.573332 0.288306
64 0.380008 0.553571 0.631915 0.319124
41 0.404222 0.464862 0.657691 0.495392
66 0.426484 0.50288 0.756111 0.429724
10 0.367901 0.510945 0.667064 0.422811
39 0.62137 0.495392 0.694403 0.43318
23 0.363019 0.557748 0.662768 0.331509
31 0.504594 0.493952 0.862341 0.468318
21 0.736583 0.457949 0.479599 0.413594
58 0.62137 0.495392 0.694403 0.43318
10 0.444547 0.456293 0.737169 0.518289
60 0.30385 0.517569 0.549118 0.432604
33 0.601061 0.467094 0.694403 0.509361
69 0.531933 0.504608 0.85453 0.453917
64 0.30385 0.517569 0.549118 0.432604
49 0.363019 0.557748 0.662768 0.331509
4 0.404222 0.464862 0.657691 0.495392
22 0.804539 0.461694 0.362433 0.426843
52 0.363019 0.557748 0.662768 0.331509
62 0.254641 0.575029 0.449136 0.336118
64 0.349935 0.469758 0.585829 0.498272
21 0.650661 0.474654 0.62176 0.467742
2 0.492097 0.468894 0.940452 0.488479
4 0.492097 0.468894 0.940452 0.488479
22 0.492097 0.468894 0.940452 0.488479
3 0.492097 0.468894 0.940452 0.488479
62 0.510062 0.459965 0.934203 0.506336
35 0.492097 0.468894 0.940452 0.488479
60 0.492097 0.468894 0.940452 0.488479
52 0.492097 0.468894 0.940452 0.488479
36 0.492097 0.468894 0.940452 0.488479
10 0.492097 0.468894 0.940452 0.488479
57 0.492097 0.468894 0.940452 0.488479
58 0.492097 0.468894 0.940452 0.488479
23 0.492097 0.468894 0.940452 0.488479
44 0.492097 0.468894 0.940452 0.488479
21 0.510062 0.459965 0.934203 0.506336
33 0.492097 0.468894 0.940452 0.488479
69 0.492097 0.468894 0.940452 0.488479
3 0.361652 0.485887 0.654567 0.445276
22 0.361652 0.485887 0.654567 0.445276
58 0.361652 0.485887 0.654567 0.445276
60 0.361652 0.485887 0.654567 0.445276
5 0.510062 0.459965 0.934203 0.506336
8 0.510062 0.459965 0.934203 0.506336
39 0.510062 0.459965 0.934203 0.506336
2 0.361652 0.485887 0.654567 0.445276
66 0.492097 0.468894 0.940452 0.488479
65 0.481942 0.459389 0.895147 0.50288
72 0.492097 0.468894 0.940452 0.488479
7 0.510062 0.459965 0.934203 0.506336
56 0.492097 0.468894 0.940452 0.488479
31 0.492097 0.468894 0.940452 0.488479
4 0.361652 0.485887 0.654567 0.445276
10 0.361652 0.485887 0.654567 0.445276
32 0.492097 0.468894 0.940452 0.488479
2 0.657008 0.476094 0.615316 0.477535
20 0.510062 0.459965 0.934203 0.506336
64 0.510062 0.459965 0.934203 0.506336
45 0.507719 0.472062 0.906083 0.491359
34 0.510062 0.459965 0.934203 0.506336
62 0.657008 0.476094 0.615316 0.477535
4 0.85453 0.3822 0.262452 0.282834
4 0.798095 0.390265 0.328455 0.310484
23 0.361652 0.485887 0.654567 0.445276
4 0.657008 0.476094 0.615316 0.477535
62 0.361652 0.485887 0.654567 0.445276
36 0.361652 0.485887 0.654567 0.445276
59 0.510062 0.459965 0.934203 0.506336
41 0.451479 0.481855 0.823286 0.456797
49 0.451479 0.481855 0.823286 0.456797
4 0.852968 0.337846 0.240581 0.209101
52 0.361652 0.485887 0.654567 0.445276
7 0.361652 0.485887 0.654567 0.445276
65 0.361652 0.485887 0.654567 0.445276
57 0.361652 0.485887 0.654567 0.445276
57 0.657008 0.476094 0.615316 0.477535
35 0.361652 0.485887 0.654567 0.445276
44 0.361652 0.485887 0.654567 0.445276
40 0.510062 0.459965 0.934203 0.506336
36 0.657008 0.476094 0.615316 0.477535
69 0.32455 0.495392 0.565521 0.425115
30 0.507719 0.472062 0.906083 0.491359
4 0.0765484 0.502016 0.14099 0.375
4 0.893585 0.363407 0.193714 0.257056
4 0.112772 0.460253 0.213437 0.299539
5 0.361652 0.485887 0.654567 0.445276
22 0.657008 0.476094 0.615316 0.477535
58 0.657008 0.476094 0.615316 0.477535
52 0.657008 0.476094 0.615316 0.477535
29 0.481942 0.459389 0.895147 0.50288
39 0.657008 0.476094 0.615316 0.477535
8 0.657008 0.476094 0.615316 0.477535
5 0.657008 0.476094 0.615316 0.477535
37 0.451479 0.481855 0.823286 0.456797
20 0.361652 0.485887 0.654567 0.445276
64 0.657008 0.476094 0.615316 0.477535
0 0.492097 0.468894 0.940452 0.488479
3 0.657008 0.476094 0.615316 0.477535
10 0.657008 0.476094 0.615316 0.477535
60 0.657008 0.476094 0.615316 0.477535
66 0.361652 0.485887 0.654567 0.445276
21 0.657008 0.476094 0.615316 0.477535
4 0.504595 0.458597 0.952949 0.514833
2 0.504595 0.458597 0.952949 0.514833
52 0.504595 0.458597 0.952949 0.514833
62 0.504595 0.458597 0.952949 0.514833
58 0.503813 0.483295 0.938889 0.461982
3 0.504595 0.458597 0.952949 0.514833
23 0.504595 0.458597 0.952949 0.514833
57 0.504595 0.458597 0.952949 0.514833
8 0.504595 0.458597 0.952949 0.514833
44 0.504595 0.458597 0.952949 0.514833
60 0.504595 0.458597 0.952949 0.514833
5 0.504595 0.458597 0.952949 0.514833
10 0.504595 0.458597 0.952949 0.514833
36 0.504595 0.458597 0.952949 0.514833
21 0.504595 0.458597 0.952949 0.514833
34 0.504595 0.458597 0.952949 0.514833
29 0.504595 0.458597 0.952949 0.514833
20 0.504595 0.458597 0.952949 0.514833
22 0.504595 0.458597 0.952949 0.514833
35 0.504595 0.458597 0.952949 0.514833
59 0.504595 0.458597 0.952949 0.514833
67 0.504595 0.458597 0.952949 0.514833
33 0.504595 0.458597 0.952949 0.514833
66 0.504595 0.458597 0.952949 0.514833
7 0.504595 0.458597 0.952949 0.514833
32 0.504595 0.458597 0.952949 0.514833
65 0.504595 0.458597 0.952949 0.514833
69 0.504595 0.458597 0.952949 0.514833
56 0.498736 0.460541 0.955293 0.512097
39 0.504595 0.458597 0.952949 0.514833
0 0.504595 0.458597 0.952949 0.514833
30 0.504595 0.458597 0.952949 0.514833
23 0.426484 0.509505 0.763922 0.400346
61 0.503813 0.483295 0.938889 0.461982
45 0.503813 0.483295 0.938889 0.461982
52 0.426484 0.509505 0.763922 0.400346
3 0.426484 0.509505 0.763922 0.400346
10 0.426484 0.509505 0.763922 0.400346
1 0.498736 0.460541 0.955293 0.512097
2 0.426484 0.509505 0.763922 0.400346
31 0.504595 0.458597 0.952949 0.514833
6 0.498736 0.460541 0.955293 0.512097
60 0.426484 0.509505 0.763922 0.400346
28 0.504595 0.458597 0.952949 0.514833
67 0.426484 0.509505 0.763922 0.400346
36 0.426484 0.509505 0.763922 0.400346
72 0.504595 0.458597 0.952949 0.514833
20 0.426484 0.509505 0.763922 0.400346
4 0.426484 0.509505 0.763922 0.400346
5 0.426484 0.509505 0.763922 0.400346
69 0.426484 0.509505 0.763922 0.400346
58 0.672142 0.472638 0.577237 0.490207
44 0.426484 0.509505 0.763922 0.400346
8 0.426484 0.509505 0.763922 0.400346
58 0.321816 0.481855 0.565521 0.455645
64 0.504595 0.458597 0.952949 0.514833
4 0.672142 0.472638 0.577237 0.490207
59 0.672142 0.472638 0.577237 0.490207
65 0.426484 0.509505 0.763922 0.400346
2 0.672142 0.472638 0.577237 0.490207
58 0.312052 0.538594 0.532714 0.335253
32 0.426484 0.509505 0.763922 0.400346
41 0.498736 0.460541 0.955293 0.512097
57 0.672142 0.472638 0.577237 0.490207
56 0.426484 0.509505 0.763922 0.400346
22 0.426484 0.509505 0.763922 0.400346
52 0.672142 0.472638 0.577237 0.490207
40 0.504595 0.458597 0.952949 0.514833
49 0.504595 0.458597 0.952949 0.514833
29 0.426484 0.509505 0.763922 0.400346
66 0.49444 0.37212 0.668627 0.693548
59 0.426484 0.509505 0.763922 0.400346
62 0.426484 0.509505 0.763922 0.400346
5 0.672142 0.472638 0.577237 0.490207
6 0.426484 0.509505 0.763922 0.400346
21 0.496002 0.501728 0.810788 0.420507
62 0.672142 0.472638 0.577237 0.490207
60 0.321816 0.481855 0.565521 0.455645
33 0.496002 0.501728 0.810788 0.420507
23 0.672142 0.472638 0.577237 0.490207
30 0.496002 0.501728 0.810788 0.420507
57 0.426484 0.509505 0.763922 0.400346
34 0.672142 0.472638 0.577237 0.490207
4 0.509281 0.46551 0.965447 0.491791
20 0.509281 0.46551 0.965447 0.491791
7 0.509281 0.46551 0.965447 0.491791
58 0.5085 0.469542 0.957636 0.487183
5 0.509281 0.46551 0.965447 0.491791
23 0.509281 0.46551 0.965447 0.491791
62 0.509281 0.46551 0.965447 0.491791
52 0.5085 0.469542 0.957636 0.487183
10 0.509281 0.46551 0.965447 0.491791
3 0.509281 0.46551 0.965447 0.491791
2 0.509281 0.46551 0.965447 0.491791
66 0.509281 0.46551 0.965447 0.491791
34 0.509281 0.46551 0.965447 0.491791
60 0.509281 0.46551 0.965447 0.491791
36 0.509281 0.46551 0.965447 0.491791
57 0.509281 0.46551 0.965447 0.491791
0 0.509281 0.46551 0.965447 0.491791
28 0.509281 0.46551 0.965447 0.491791
44 0.509281 0.46551 0.965447 0.491791
8 0.509281 0.46551 0.965447 0.491791
1 0.509281 0.46551 0.965447 0.491791
22 0.509281 0.46551 0.965447 0.491791
65 0.509281 0.46551 0.965447 0.491791
29 0.509281 0.46551 0.965447 0.491791
67 0.5085 0.469542 0.957636 0.487183
32 0.509281 0.46551 0.965447 0.491791
56 0.509281 0.46551 0.965447 0.491791
61 0.5085 0.469542 0.957636 0.487183
69 0.509281 0.46551 0.965447 0.491791
59 0.509281 0.46551 0.965447 0.491791
21 0.5085 0.469542 0.957636 0.487183
30 0.5085 0.469542 0.957636 0.487183
33 0.509281 0.46551 0.965447 0.491791
6 0.509281 0.46551 0.965447 0.491791
35 0.509281 0.46551 0.965447 0.491791
31 0.509281 0.46551 0.965447 0.491791
39 0.509281 0.46551 0.965447 0.491791
45 0.5085 0.469542 0.957636 0.487183
68 0.455385 0.457301 0.852968 0.508209
54 0.506938 0.46371 0.934203 0.49424
58 0.694403 0.474366 0.538963 0.447581
4 0.693622 0.468894 0.553023 0.464286
23 0.693622 0.468894 0.553023 0.464286
5 0.693622 0.468894 0.553023 0.464286
57 0.693622 0.468894 0.553023 0.464286
59 0.693622 0.468894 0.553023 0.464286
2 0.693622 0.468894 0.553023 0.464286
54 0.491706 0.415251 0.636601 0.555444
68 0.335094 0.459389 0.594422 0.505184
31 0.693622 0.468894 0.553023 0.464286
34 0.693622 0.468894 0.553023 0.464286
62 0.693622 0.468894 0.553023 0.464286
52 0.693622 0.468894 0.553023 0.464286
36 0.693622 0.468894 0.553023 0.464286
20 0.693622 0.468894 0.553023 0.464286
66 0.704948 0.468318 0.491316 0.457373
7 0.693622 0.468894 0.553023 0.464286
72 0.509281 0.46551 0.965447 0.491791
28 0.315372 0.425979 0.533886 0.478687
0 0.693622 0.468894 0.553023 0.464286
41 0.493268 0.457661 0.930297 0.504032
29 0.693622 0.468894 0.553023 0.464286
28 0.693622 0.468894 0.553023 0.464286
32 0.693622 0.468894 0.553023 0.464286
4 0.506157 0.463998 0.977945 0.512097
3 0.506157 0.463998 0.977945 0.512097
52 0.506157 0.463998 0.977945 0.512097
2 0.506157 0.463998 0.977945 0.512097
28 0.506157 0.463998 0.977945 0.512097
22 0.506157 0.463998 0.977945 0.512097
10 0.506157 0.463998 0.977945 0.512097
66 0.506157 0.463998 0.977945 0.512097
5 0.506157 0.463998 0.977945 0.512097
58 0.506157 0.463998 0.977945 0.512097
0 0.506157 0.463998 0.977945 0.512097
23 0.506157 0.463998 0.977945 0.512097
69 0.506157 0.463998 0.977945 0.512097
60 0.506157 0.463998 0.977945 0.512097
44 0.506157 0.463998 0.977945 0.512097
7 0.506157 0.463998 0.977945 0.512097
20 0.506157 0.463998 0.977945 0.512097
57 0.506157 0.463998 0.977945 0.512097
62 0.506157 0.463998 0.977945 0.512097
34 0.506157 0.463998 0.977945 0.512097
67 0.506157 0.463998 0.977945 0.512097
56 0.506157 0.463998 0.977945 0.512097
32 0.506157 0.463998 0.977945 0.512097
8 0.506157 0.463998 0.977945 0.512097
1 0.502642 0.460829 0.975601 0.518433
61 0.506157 0.463998 0.977945 0.512097
29 0.506157 0.463998 0.977945 0.512097
21 0.506157 0.463998 0.977945 0.512097
36 0.506157 0.463998 0.977945 0.512097
6 0.506157 0.463998 0.977945 0.512097
33 0.506157 0.463998 0.977945 0.512097
35 0.506157 0.463998 0.977945 0.512097
65 0.506157 0.463998 0.977945 0.512097
30 0.506157 0.454565 0.971696 0.52405
39 0.506157 0.454565 0.971696 0.52405
45 0.506157 0.454565 0.971696 0.52405
54 0.505376 0.458813 0.96076 0.52477
59 0.506157 0.463998 0.977945 0.512097
31 0.506157 0.463998 0.977945 0.512097
68 0.467882 0.46839 0.879525 0.498704
58 0.668627 0.477463 0.604576 0.477103
54 0.488582 0.384793 0.705339 0.670507
4 0.668627 0.477463 0.604576 0.477103
5 0.668627 0.477463 0.604576 0.477103
23 0.668627 0.477463 0.604576 0.477103
54 0.299359 0.441532 0.516702 0.474078
52 0.668627 0.477463 0.604576 0.477103
54 0.672532 0.476959 0.576456 0.47235
31 0.668627 0.477463 0.604576 0.477103
2 0.668627 0.477463 0.604576 0.477103
68 0.330408 0.477823 0.599889 0.479839
58 0.330408 0.477823 0.599889 0.479839
57 0.668627 0.477463 0.604576 0.477103
0 0.330408 0.477823 0.599889 0.479839
4 0.330408 0.477823 0.599889 0.479839
22 0.330408 0.477823 0.599889 0.479839
4 0.504595 0.481279 0.973258 0.474078
2 0.504595 0.481279 0.973258 0.474078
52 0.504595 0.481279 0.973258 0.474078
28 0.504595 0.481279 0.973258 0.474078
23 0.505376 0.488191 0.971696 0.460253
1 0.50147 0.478687 0.97482 0.481567
3 0.504595 0.481279 0.973258 0.474078
10 0.50147 0.478687 0.97482 0.481567
7 0.504595 0.481279 0.973258 0.474078
58 0.505376 0.488191 0.971696 0.460253
22 0.504595 0.481279 0.973258 0.474078
30 0.505376 0.488191 0.971696 0.460253
34 0.504595 0.481279 0.973258 0.474078
59 0.505376 0.488191 0.971696 0.460253
5 0.504595 0.481279 0.973258 0.474078
8 0.504595 0.481279 0.973258 0.474078
21 0.505376 0.488191 0.971696 0.460253
0 0.50147 0.478687 0.97482 0.481567
20 0.504595 0.481279 0.973258 0.474078
44 0.50147 0.478687 0.97482 0.481567
56 0.50147 0.478687 0.97482 0.481567
29 0.50147 0.478687 0.97482 0.481567
32 0.504595 0.481279 0.973258 0.474078
67 0.504595 0.481279 0.973258 0.474078
45 0.505376 0.488191 0.971696 0.460253
36 0.505376 0.488191 0.971696 0.460253
62 0.504595 0.481279 0.973258 0.474078
60 0.504595 0.481279 0.973258 0.474078
61 0.50147 0.478687 0.97482 0.481567
66 0.504595 0.481279 0.973258 0.474078
57 0.504595 0.481279 0.973258 0.474078
39 0.505376 0.488191 0.971696 0.460253
31 0.505376 0.488191 0.971696 0.460253
69 0.504595 0.481279 0.973258 0.474078
6 0.504595 0.481279 0.973258 0.474078
54 0.496393 0.463998 0.952168 0.507488
65 0.504595 0.481279 0.973258 0.474078
35 0.504595 0.481279 0.973258 0.474078
68 0.475694 0.474654 0.904521 0.491935
33 0.505376 0.488191 0.971696 0.460253
58 0.350131 0.475878 0.647146 0.498704
4 0.350131 0.475878 0.647146 0.498704
10 0.350131 0.475878 0.647146 0.498704
28 0.322987 0.447293 0.579581 0.501728
23 0.350131 0.475878 0.647146 0.498704
4 0.387526 0.525346 0.66062 0.380184
56 0.350131 0.475878 0.647146 0.498704
22 0.350131 0.475878 0.647146 0.498704
68 0.322987 0.447293 0.579581 0.501728
0 0.350131 0.475878 0.647146 0.498704
3 0.350131 0.475878 0.647146 0.498704
58 0.696356 0.485311 0.520998 0.495968
1 0.350131 0.475878 0.647146 0.498704
52 0.350131 0.475878 0.647146 0.498704
54 0.446793 0.404378 0.671751 0.614055
52 0.387526 0.525346 0.66062 0.380184
57 0.608872 0.475878 0.689717 0.484879
7 0.350131 0.475878 0.647146 0.498704
60 0.350131 0.475878 0.647146 0.498704
4 0.608872 0.475878 0.689717 0.484879
23 0.387526 0.525346 0.66062 0.380184
4 0.506157 0.480343 0.982631 0.482863
2 0.506157 0.480343 0.982631 0.482863
3 0.506157 0.480343 0.982631 0.482863
7 0.506157 0.480343 0.982631 0.482863
5 0.506157 0.480343 0.982631 0.482863
22 0.506157 0.480343 0.982631 0.482863
52 0.506157 0.469182 0.981069 0.506336
34 0.506157 0.480343 0.982631 0.482863
1 0.506157 0.480343 0.982631 0.482863
28 0.506157 0.480343 0.982631 0.482863
60 0.506157 0.480343 0.982631 0.482863
8 0.506157 0.480343 0.982631 0.482863
23 0.506157 0.469182 0.981069 0.506336
44 0.506157 0.480343 0.982631 0.482863
45 0.506157 0.469182 0.981069 0.506336
66 0.506157 0.480343 0.982631 0.482863
39 0.506157 0.469182 0.981069 0.506336
0 0.506157 0.480343 0.982631 0.482863
20 0.506157 0.480343 0.982631 0.482863
67 0.506157 0.480343 0.982631 0.482863
29 0.506157 0.480343 0.982631 0.482863
10 0.506157 0.480343 0.982631 0.482863
56 0.506157 0.480343 0.982631 0.482863
57 0.506157 0.480343 0.982631 0.482863
30 0.506157 0.469182 0.981069 0.506336
58 0.506157 0.480343 0.982631 0.482863
69 0.506157 0.480343 0.982631 0.482863
32 0.506157 0.480343 0.982631 0.482863
21 0.506157 0.469182 0.981069 0.506336
36 0.506157 0.469182 0.981069 0.506336
31 0.506157 0.480343 0.982631 0.482863
65 0.506157 0.480343 0.982631 0.482863
62 0.506157 0.469182 0.981069 0.506336
61 0.506157 0.480343 0.982631 0.482863
6 0.506157 0.480343 0.982631 0.482863
35 0.506157 0.469182 0.981069 0.506336
54 0.505376 0.47523 0.967009 0.491935
59 0.506157 0.469182 0.981069 0.506336
33 0.506157 0.469182 0.981069 0.506336
68 0.506157 0.480343 0.982631 0.482863
2 0.665112 0.476959 0.625666 0.485023
58 0.665112 0.476959 0.625666 0.485023
4 0.665112 0.476959 0.625666 0.485023
57 0.665112 0.476959 0.625666 0.485023
23 0.665112 0.476959 0.625666 0.485023
31 0.665112 0.476959 0.625666 0.485023
52 0.665112 0.476959 0.625666 0.485023
4 0.368682 0.466878 0.693622 0.515553
5 0.665112 0.476959 0.625666 0.485023
22 0.368682 0.466878 0.693622 0.515553
22 0.665112 0.476959 0.625666 0.485023
39 0.665112 0.476959 0.625666 0.485023
58 0.368682 0.466878 0.693622 0.515553
2 0.368682 0.466878 0.693622 0.515553
5 0.368682 0.466878 0.693622 0.515553
21 0.665112 0.476959 0.625666 0.485023
4 0.504595 0.472062 0.97482 0.500576
2 0.505376 0.479263 0.976382 0.491936
52 0.504595 0.472062 0.97482 0.500576
3 0.505376 0.479263 0.976382 0.491936
28 0.505376 0.479263 0.976382 0.491936
7 0.505376 0.479263 0.976382 0.491936
0 0.505376 0.479263 0.976382 0.491936
6 0.505376 0.479263 0.976382 0.491936
60 0.505376 0.479263 0.976382 0.491936
58 0.505376 0.479263 0.976382 0.491936
8 0.505376 0.479263 0.976382 0.491936
23 0.504595 0.472062 0.97482 0.500576
67 0.505376 0.479263 0.976382 0.491936
5 0.505376 0.479263 0.976382 0.491936
56 0.505376 0.479263 0.976382 0.491936
66 0.505376 0.479263 0.976382 0.491936
31 0.504595 0.472062 0.97482 0.500576
22 0.504595 0.472062 0.97482 0.500576
34 0.504595 0.472062 0.97482 0.500576
54 0.50147 0.475158 0.977945 0.500144
10 0.505376 0.479263 0.976382 0.491936
1 0.505376 0.479263 0.976382 0.491936
69 0.505376 0.479263 0.976382 0.491936
62 0.504595 0.472062 0.97482 0.500576
29 0.505376 0.479263 0.976382 0.491936
57 0.505376 0.479263 0.976382 0.491936
20 0.505376 0.479263 0.976382 0.491936
61 0.505376 0.479263 0.976382 0.491936
30 0.504595 0.472062 0.97482 0.500576
45 0.504595 0.472062 0.97482 0.500576
36 0.504595 0.472062 0.97482 0.500576
39 0.504595 0.472062 0.97482 0.500576
32 0.505376 0.479263 0.976382 0.491936
44 0.505376 0.479263 0.976382 0.491936
59 0.504595 0.472062 0.97482 0.500576
21 0.504595 0.472062 0.97482 0.500576
68 0.505376 0.479263 0.976382 0.491936
35 0.504595 0.472062 0.97482 0.500576
65 0.504595 0.472062 0.97482 0.500576
33 0.504595 0.472062 0.97482 0.500576
2 0.369073 0.47235 0.689717 0.497696
2 0.632696 0.482431 0.687373 0.486751
58 0.369073 0.47235 0.689717 0.497696
56 0.369073 0.47235 0.689717 0.497696
58 0.634649 0.485311 0.67097 0.454493
4 0.417111 0.514401 0.743613 0.402074
60 0.369073 0.47235 0.689717 0.497696
31 0.632696 0.482431 0.687373 0.486751
4 0.506938 0.478687 0.979507 0.489631
23 0.506938 0.478687 0.979507 0.489631
3 0.507719 0.483007 0.979507 0.484447
22 0.506938 0.478687 0.979507 0.489631
2 0.506938 0.478687 0.979507 0.489631
58 0.506938 0.478687 0.979507 0.489631
52 0.506938 0.478687 0.979507 0.489631
59 0.506938 0.478687 0.979507 0.489631
68 0.507719 0.483007 0.979507 0.484447
31 0.506938 0.478687 0.979507 0.489631
60 0.507719 0.483007 0.979507 0.484447
32 0.510062 0.478399 0.979507 0.495968
69 0.507719 0.483007 0.979507 0.484447
5 0.510843 0.477607 0.977945 0.494096
34 0.506938 0.478687 0.979507 0.489631
57 0.506938 0.478687 0.979507 0.489631
1 0.507719 0.483007 0.979507 0.484447
67 0.506938 0.478687 0.979507 0.489631
7 0.507719 0.483007 0.979507 0.484447
0 0.507719 0.483007 0.979507 0.484447
10 0.506938 0.478687 0.979507 0.489631
56 0.507719 0.483007 0.979507 0.484447
28 0.507719 0.483007 0.979507 0.484447
39 0.510843 0.477607 0.977945 0.494096
8 0.506938 0.478687 0.979507 0.489631
62 0.506938 0.478687 0.979507 0.489631
29 0.506938 0.478687 0.979507 0.489631
66 0.507719 0.483007 0.979507 0.484447
36 0.506938 0.478687 0.979507 0.489631
30 0.506938 0.478687 0.979507 0.489631
44 0.506938 0.478687 0.979507 0.489631
6 0.507719 0.483007 0.979507 0.484447
45 0.506938 0.478687 0.979507 0.489631
54 0.507719 0.483007 0.979507 0.484447
21 0.506938 0.478687 0.979507 0.489631
20 0.506938 0.478687 0.979507 0.489631
35 0.506938 0.478687 0.979507 0.489631
61 0.507719 0.483007 0.979507 0.484447
65 0.506938 0.478687 0.979507 0.489631
58 0.592469 0.494816 0.700652 0.459677
4 0.592469 0.494816 0.700652 0.459677
4 0.427265 0.543779 0.77017 0.352535
4 0.502251 0.478399 0.985756 0.484447
3 0.502251 0.478399 0.985756 0.484447
52 0.502251 0.478399 0.985756 0.484447
2 0.502251 0.478399 0.985756 0.484447
58 0.502251 0.478399 0.985756 0.484447
23 0.502251 0.478399 0.985756 0.484447
60 0.502251 0.478399 0.985756 0.484447
56 0.502251 0.478399 0.985756 0.484447
22 0.502251 0.478399 0.985756 0.484447
68 0.502251 0.478399 0.985756 0.484447
57 0.502251 0.478399 0.985756 0.484447
32 0.502251 0.478399 0.985756 0.484447
69 0.502251 0.478399 0.985756 0.484447
0 0.502251 0.478399 0.985756 0.484447
67 0.502251 0.478399 0.985756 0.484447
5 0.502251 0.478399 0.985756 0.484447
10 0.502251 0.478399 0.985756 0.484447
1 0.502251 0.478399 0.985756 0.484447
31 0.502251 0.478399 0.985756 0.484447
7 0.502251 0.478399 0.985756 0.484447
28 0.502251 0.478399 0.985756 0.484447
59 0.502251 0.478399 0.985756 0.484447
34 0.502251 0.478399 0.985756 0.484447
66 0.502251 0.478399 0.985756 0.484447
44 0.502251 0.478399 0.985756 0.484447
39 0.50147 0.46479 0.981069 0.509361
6 0.502251 0.478399 0.985756 0.484447
62 0.50147 0.46479 0.981069 0.509361
45 0.50147 0.46479 0.981069 0.509361
54 0.502251 0.478399 0.985756 0.484447
21 0.50147 0.46479 0.981069 0.509361
20 0.502251 0.478399 0.985756 0.484447
61 0.502251 0.478399 0.985756 0.484447
8 0.502251 0.478399 0.985756 0.484447
29 0.502251 0.478399 0.985756 0.484447
36 0.50147 0.46479 0.981069 0.509361
30 0.502251 0.478399 0.985756 0.484447
35 0.502251 0.478399 0.985756 0.484447
4 0.67058 0.478615 0.599108 0.478255
57 0.668627 0.46515 0.598327 0.449885
65 0.501861 0.476094 0.974039 0.480991
57 0.351888 0.414099 0.664721 0.449453
4 0.5085 0.483871 0.973258 0.465438
3 0.5085 0.483871 0.973258 0.465438
58 0.5085 0.483871 0.973258 0.465438
52 0.5085 0.483871 0.973258 0.465438
68 0.5085 0.483871 0.973258 0.465438
2 0.507719 0.485023 0.971696 0.463134
22 0.5085 0.483871 0.973258 0.465438
23 0.507719 0.485023 0.971696 0.463134
57 0.5085 0.483871 0.973258 0.465438
60 0.5085 0.483871 0.973258 0.465438
32 0.5085 0.483871 0.973258 0.465438
67 0.5085 0.483871 0.973258 0.465438
59 0.507719 0.485023 0.971696 0.463134
1 0.5085 0.483871 0.973258 0.465438
69 0.5085 0.483871 0.973258 0.465438
5 0.5085 0.483871 0.973258 0.465438
28 0.5085 0.483871 0.973258 0.465438
10 0.5085 0.483871 0.973258 0.465438
31 0.5085 0.483871 0.973258 0.465438
7 0.5085 0.483871 0.973258 0.465438
56 0.5085 0.483871 0.973258 0.465438
34 0.5085 0.483871 0.973258 0.465438
0 0.5085 0.483871 0.973258 0.465438
39 0.510062 0.480703 0.97482 0.46947
45 0.507719 0.485023 0.971696 0.463134
62 0.507719 0.485023 0.971696 0.463134
8 0.507719 0.485023 0.971696 0.463134
21 0.507719 0.485023 0.971696 0.463134
44 0.507719 0.485023 0.971696 0.463134
6 0.5085 0.483871 0.973258 0.465438
36 0.508109 0.479551 0.96779 0.471774
20 0.507719 0.485023 0.971696 0.463134
61 0.507719 0.485023 0.971696 0.463134
29 0.507719 0.485023 0.971696 0.463134
66 0.5085 0.483871 0.973258 0.465438
54 0.5085 0.483871 0.973258 0.465438
4 0.610727 0.466518 0.723499 0.46443
35 0.507719 0.485023 0.971696 0.463134
57 0.610727 0.466518 0.723499 0.46443
30 0.507719 0.485023 0.971696 0.463134
58 0.364581 0.474942 0.683858 0.487903
2 0.610727 0.466518 0.723499 0.46443
58 0.610727 0.466518 0.723499 0.46443
4 0.503813 0.474006 0.976382 0.489775
3 0.504595 0.478111 0.979507 0.478111
57 0.504595 0.478111 0.979507 0.478111
22 0.504595 0.478111 0.979507 0.478111
23 0.504595 0.478111 0.979507 0.478111
2 0.503813 0.474006 0.976382 0.489775
58 0.504595 0.478111 0.979507 0.478111
68 0.504595 0.478111 0.979507 0.478111
52 0.503813 0.474006 0.976382 0.489775
0 0.504595 0.478111 0.979507 0.478111
7 0.503813 0.474006 0.976382 0.489775
28 0.504595 0.478111 0.979507 0.478111
32 0.504595 0.478111 0.979507 0.478111
56 0.504595 0.478111 0.979507 0.478111
60 0.504595 0.478111 0.979507 0.478111
67 0.504595 0.478111 0.979507 0.478111
34 0.503813 0.474006 0.976382 0.489775
10 0.504595 0.478111 0.979507 0.478111
44 0.503813 0.474006 0.976382 0.489775
39 0.503813 0.474006 0.976382 0.489775
1 0.504595 0.478111 0.979507 0.478111
31 0.504595 0.478111 0.979507 0.478111
5 0.504594 0.477247 0.976382 0.478687
59 0.504595 0.478111 0.979507 0.478111
21 0.503813 0.474006 0.976382 0.489775
69 0.503813 0.474006 0.976382 0.489775
45 0.503813 0.474006 0.976382 0.489775
54 0.504595 0.478111 0.979507 0.478111
29 0.503813 0.474006 0.976382 0.489775
8 0.503813 0.474006 0.976382 0.489775
62 0.503813 0.474006 0.976382 0.489775
35 0.503813 0.474006 0.976382 0.489775
36 0.503813 0.474006 0.976382 0.489775
6 0.504595 0.478111 0.979507 0.478111
61 0.503813 0.474006 0.976382 0.489775
20 0.503813 0.474006 0.976382 0.489775
66 0.504595 0.478111 0.979507 0.478111
65 0.503813 0.474006 0.976382 0.489775
30 0.503813 0.474006 0.976382 0.489775
4 0.653395 0.480703 0.638164 0.467166
57 0.337242 0.479911 0.633086 0.482575
2 0.499908 0.472854 0.982631 0.496688
4 0.499908 0.472854 0.982631 0.496688
3 0.499908 0.472854 0.982631 0.496688
57 0.500689 0.47379 0.987318 0.500576
22 0.499908 0.472854 0.982631 0.496688
60 0.500689 0.47379 0.987318 0.500576
52 0.499908 0.472854 0.982631 0.496688
7 0.499908 0.472854 0.982631 0.496688
0 0.500689 0.47379 0.987318 0.500576
23 0.499908 0.472854 0.982631 0.496688
56 0.500689 0.47379 0.987318 0.500576
58 0.499908 0.472854 0.982631 0.496688
5 0.500689 0.475878 0.984194 0.495248
68 0.500689 0.475878 0.984194 0.495248
69 0.499908 0.472854 0.982631 0.496688
31 0.500689 0.47379 0.987318 0.500576
32 0.500689 0.47379 0.987318 0.500576
1 0.500689 0.47379 0.987318 0.500576
28 0.500689 0.47379 0.987318 0.500576
39 0.499908 0.472854 0.982631 0.496688
67 0.500689 0.47379 0.987318 0.500576
10 0.500689 0.47379 0.987318 0.500576
34 0.499908 0.472854 0.982631 0.496688
6 0.500689 0.475878 0.984194 0.495248
44 0.499908 0.472854 0.982631 0.496688
62 0.499908 0.472854 0.982631 0.496688
54 0.500689 0.47379 0.987318 0.500576
59 0.499908 0.472854 0.982631 0.496688
45 0.499908 0.472854 0.982631 0.496688
35 0.499908 0.472854 0.982631 0.496688
8 0.500689 0.475878 0.984194 0.495248
66 0.500689 0.47379 0.987318 0.500576
21 0.499908 0.472854 0.982631 0.496688
29 0.499908 0.472854 0.982631 0.496688
20 0.500689 0.47379 0.987318 0.500576
36 0.499908 0.472854 0.982631 0.496688
61 0.499908 0.472854 0.982631 0.496688
30 0.500689 0.47379 0.987318 0.500576
65 0.499908 0.472854 0.982631 0.496688
2 0.362824 0.466014 0.69909 0.511521
4 0.505376 0.483871 0.979507 0.479263
2 0.505376 0.483871 0.979507 0.479263
3 0.504595 0.475302 0.981069 0.490639
5 0.505376 0.483871 0.979507 0.479263
22 0.504595 0.475302 0.981069 0.490639
58 0.505376 0.483871 0.979507 0.479263
68 0.505376 0.483871 0.979507 0.479263
32 0.505376 0.483871 0.979507 0.479263
23 0.504595 0.475302 0.981069 0.490639
56 0.504985 0.480991 0.983412 0.482719
1 0.505376 0.483871 0.979507 0.479263
0 0.504985 0.480991 0.983412 0.482719
57 0.505376 0.483871 0.979507 0.479263
52 0.505376 0.483871 0.979507 0.479263
7 0.504595 0.475302 0.981069 0.490639
39 0.504595 0.475302 0.981069 0.490639
34 0.505376 0.483871 0.979507 0.479263
60 0.504595 0.475302 0.981069 0.490639
28 0.505376 0.483871 0.979507 0.479263
67 0.505376 0.483871 0.979507 0.479263
31 0.505376 0.483871 0.979507 0.479263
69 0.505376 0.483871 0.979507 0.479263
45 0.504595 0.475302 0.981069 0.490639
59 0.505376 0.483871 0.979507 0.479263
10 0.505376 0.483871 0.979507 0.479263
6 0.505376 0.483871 0.979507 0.479263
8 0.505376 0.483871 0.979507 0.479263
54 0.505376 0.483871 0.979507 0.479263
44 0.504595 0.475302 0.981069 0.490639
20 0.505376 0.483871 0.979507 0.479263
66 0.505376 0.483871 0.979507 0.479263
29 0.505376 0.483871 0.979507 0.479263
21 0.504595 0.475302 0.981069 0.490639
61 0.505376 0.483871 0.979507 0.479263
30 0.504985 0.480991 0.983412 0.482719
35 0.505376 0.483871 0.979507 0.479263
62 0.504595 0.475302 0.981069 0.490639
36 0.505376 0.483871 0.979507 0.479263
65 0.505376 0.483871 0.979507 0.479263
4 0.645584 0.485599 0.660035 0.46659
2 0.358137 0.43462 0.678781 0.453341
2 0.503032 0.47343 0.992005 0.49784
4 0.503813 0.476959 0.98888 0.493088
3 0.503032 0.47343 0.992005 0.49784
5 0.503813 0.476959 0.98888 0.493088
57 0.503813 0.476959 0.98888 0.493088
56 0.503032 0.47343 0.992005 0.49784
1 0.503813 0.476959 0.98888 0.493088
7 0.503032 0.47343 0.992005 0.49784
0 0.496783 0.47235 0.987318 0.5
22 0.503032 0.47343 0.992005 0.49784
60 0.503032 0.47343 0.992005 0.49784
23 0.503813 0.476959 0.98888 0.493088
52 0.503813 0.476959 0.98888 0.493088
39 0.503032 0.47343 0.992005 0.49784
58 0.503813 0.476959 0.98888 0.493088
69 0.503813 0.476959 0.98888 0.493088
34 0.503813 0.476959 0.98888 0.493088
32 0.503813 0.476959 0.98888 0.493088
28 0.503813 0.476959 0.98888 0.493088
10 0.503813 0.476959 0.98888 0.493088
68 0.503813 0.476959 0.98888 0.493088
8 0.503813 0.476959 0.98888 0.493088
31 0.503813 0.476959 0.98888 0.493088
6 0.503813 0.476959 0.98888 0.493088
45 0.503813 0.472926 0.987318 0.497696
67 0.503813 0.476959 0.98888 0.493088
2 0.365948 0.482215 0.69909 0.482575
44 0.503813 0.476959 0.98888 0.493088
20 0.503813 0.476959 0.98888 0.493088
54 0.503813 0.476959 0.98888 0.493088
35 0.503813 0.476959 0.98888 0.493088
66 0.503813 0.476959 0.98888 0.493088
21 0.503813 0.472926 0.987318 0.497696
61 0.503813 0.476959 0.98888 0.493088
59 0.503813 0.476959 0.98888 0.493088
62 0.503813 0.472926 0.987318 0.497696
29 0.503813 0.472926 0.987318 0.497696
36 0.49444 0.479839 0.985756 0.488479
65 0.503813 0.476959 0.98888 0.493088
0 0.365948 0.482215 0.69909 0.482575
56 0.365948 0.482215 0.69909 0.482575
2 0.239409 0.414747 0.45929 0.412442
2 0.502251 0.472062 0.979507 0.487903
4 0.502251 0.472062 0.979507 0.487903
3 0.502251 0.472062 0.979507 0.487903
57 0.502251 0.472062 0.979507 0.487903
5 0.502251 0.472062 0.979507 0.487903
7 0.502251 0.472062 0.979507 0.487903
1 0.502251 0.472062 0.979507 0.487903
58 0.502251 0.472062 0.979507 0.487903
0 0.503032 0.47379 0.981069 0.486751
32 0.502251 0.472062 0.979507 0.487903
56 0.503032 0.47379 0.981069 0.486751
23 0.502251 0.472062 0.979507 0.487903
68 0.502251 0.472062 0.979507 0.487903
39 0.502251 0.472062 0.979507 0.487903
60 0.502251 0.472062 0.979507 0.487903
22 0.503032 0.47379 0.981069 0.486751
28 0.502251 0.472062 0.979507 0.487903
31 0.502251 0.472062 0.979507 0.487903
34 0.502251 0.472062 0.979507 0.487903
2 0.368487 0.465438 0.708073 0.512673
6 0.502251 0.472062 0.979507 0.487903
45 0.502251 0.472062 0.979507 0.487903
67 0.502251 0.472062 0.979507 0.487903
10 0.502251 0.472062 0.979507 0.487903
52 0.502251 0.472062 0.979507 0.487903
69 0.502251 0.472062 0.979507 0.487903
59 0.502251 0.472062 0.979507 0.487903
8 0.502251 0.472062 0.979507 0.487903
20 0.502251 0.472062 0.979507 0.487903
44 0.502251 0.472062 0.979507 0.487903
66 0.506938 0.472062 0.97482 0.486751
2 0.633868 0.475518 0.674094 0.486751
54 0.502251 0.472062 0.979507 0.487903
4 0.350912 0.44362 0.670579 0.50216
4 0.633868 0.475518 0.674094 0.486751
57 0.368487 0.465438 0.708073 0.512673
29 0.502251 0.469974 0.976382 0.496688
2 0.341539 0.517569 0.637773 0.398041
1 0.368487 0.465438 0.708073 0.512673
61 0.502251 0.472062 0.979507 0.487903
2 0.448355 0.507488 0.751424 0.420507
3 0.368487 0.465438 0.708073 0.512673
2 0.504594 0.477031 0.984194 0.488335
3 0.504594 0.477031 0.984194 0.488335
4 0.504594 0.477031 0.984194 0.488335
1 0.504594 0.477031 0.984194 0.488335
5 0.504594 0.477031 0.984194 0.488335
0 0.504985 0.477031 0.984975 0.488335
56 0.504985 0.477031 0.984975 0.488335
7 0.504594 0.477031 0.984194 0.488335
57 0.504594 0.477031 0.984194 0.488335
58 0.504594 0.477031 0.984194 0.488335
32 0.504594 0.477031 0.984194 0.488335
39 0.504594 0.477031 0.984194 0.488335
60 0.504594 0.477031 0.984194 0.488335
22 0.505376 0.477823 0.981069 0.485599
68 0.504594 0.477031 0.984194 0.488335
34 0.504594 0.477031 0.984194 0.488335
28 0.504594 0.477031 0.984194 0.488335
10 0.504594 0.477031 0.984194 0.488335
69 0.504594 0.477031 0.984194 0.488335
6 0.509672 0.475158 0.980288 0.490927
8 0.504594 0.477031 0.984194 0.488335
23 0.504594 0.477031 0.984194 0.488335
45 0.504594 0.477031 0.984194 0.488335
2 0.471788 0.390841 0.887336 0.653802
31 0.504594 0.477031 0.984194 0.488335
67 0.504594 0.477031 0.984194 0.488335
2 0.644022 0.480919 0.669408 0.488623
2 0.339781 0.486463 0.631915 0.477535
52 0.509672 0.475158 0.980288 0.490927
2 0.449917 0.510369 0.737364 0.420507
20 0.504594 0.477031 0.984194 0.488335
4 0.471788 0.390841 0.887336 0.653802
61 0.509672 0.475158 0.980288 0.490927
66 0.509672 0.475158 0.980288 0.490927
1 0.471788 0.390841 0.887336 0.653802
3 0.471788 0.390841 0.887336 0.653802
2 0.503813 0.475734 0.984194 0.490927
3 0.503813 0.475734 0.984194 0.490927
5 0.503423 0.477535 0.983412 0.483871
1 0.495221 0.480415 0.984194 0.483871
58 0.503423 0.477535 0.983412 0.483871
56 0.503813 0.475734 0.984194 0.490927
4 0.503423 0.477535 0.983412 0.483871
0 0.503813 0.475734 0.984194 0.490927
57 0.503423 0.477535 0.983412 0.483871
28 0.503813 0.475734 0.984194 0.490927
68 0.503813 0.475734 0.984194 0.490927
7 0.503423 0.477535 0.983412 0.483871
34 0.503813 0.475734 0.984194 0.490927
23 0.503813 0.475734 0.984194 0.490927
22 0.503813 0.475734 0.984194 0.490927
32 0.503423 0.477535 0.983412 0.483871
60 0.503423 0.477535 0.983412 0.483871
69 0.506157 0.472926 0.984194 0.496544
10 0.503423 0.477535 0.983412 0.483871
39 0.503813 0.475734 0.984194 0.490927
52 0.508109 0.474942 0.980288 0.487903
67 0.503423 0.477535 0.983412 0.483871
8 0.503813 0.475734 0.984194 0.490927
2 0.356965 0.539171 0.671751 0.365207
6 0.508109 0.474942 0.980288 0.487903
45 0.503423 0.477535 0.983412 0.483871
2 0.289205 0.439516 0.533886 0.432028
54 0.503813 0.475734 0.984194 0.490927
61 0.508109 0.474942 0.980288 0.487903
29 0.49444 0.477463 0.984194 0.487471
3 0.503032 0.481567 0.981069 0.476959
2 0.503032 0.481567 0.981069 0.476959
58 0.503032 0.481567 0.981069 0.476959
1 0.496783 0.486751 0.984194 0.471198
4 0.503032 0.481567 0.981069 0.476959
0 0.503032 0.481567 0.981069 0.476959
57 0.503032 0.481567 0.981069 0.476959
22 0.503032 0.481567 0.981069 0.476959
5 0.503032 0.478759 0.981069 0.483727
68 0.503032 0.481567 0.981069 0.476959
56 0.503032 0.481567 0.981069 0.476959
28 0.503032 0.481567 0.981069 0.476959
23 0.503032 0.481567 0.981069 0.476959
52 0.503032 0.481567 0.981069 0.476959
60 0.503032 0.481567 0.981069 0.476959
69 0.506157 0.47415 0.982631 0.492943
7 0.503032 0.481567 0.981069 0.476959
34 0.503032 0.481567 0.981069 0.476959
32 0.503032 0.478759 0.981069 0.483727
39 0.503032 0.481567 0.981069 0.476959
67 0.506157 0.47415 0.982631 0.492943
10 0.503032 0.481567 0.981069 0.476959
54 0.503032 0.481567 0.981069 0.476959
59 0.503032 0.481567 0.981069 0.476959
31 0.503032 0.481567 0.981069 0.476959
8 0.506938 0.477535 0.979507 0.485023
45 0.506938 0.477535 0.979507 0.485023
6 0.506157 0.47415 0.982631 0.492943
29 0.503032 0.481567 0.981069 0.476959
2 0.500298 0.479191 0.980288 0.482863
3 0.500298 0.479191 0.980288 0.482863
1 0.496002 0.487903 0.979507 0.467742
5 0.499908 0.482143 0.979507 0.482719
0 0.500298 0.479191 0.980288 0.482863
4 0.499908 0.482143 0.979507 0.482719
56 0.500298 0.479191 0.980288 0.482863
57 0.499908 0.482143 0.979507 0.482719
58 0.499908 0.482143 0.979507 0.482719
34 0.500298 0.479191 0.980288 0.482863
69 0.501861 0.477463 0.978726 0.489775
7 0.499908 0.482143 0.979507 0.482719
22 0.500298 0.479191 0.980288 0.482863
2 0.370635 0.490783 0.695184 0.465438
28 0.500298 0.479191 0.980288 0.482863
60 0.503423 0.476454 0.974039 0.489487
23 0.500298 0.479191 0.980288 0.482863
68 0.500298 0.479191 0.980288 0.482863
10 0.503032 0.477247 0.97482 0.493664
52 0.501861 0.477463 0.978726 0.489775
32 0.499908 0.482143 0.979507 0.482719
39 0.503423 0.476454 0.974039 0.489487
8 0.503423 0.476454 0.974039 0.489487
2 0.413596 0.557028 0.756892 0.330645
2 0.493268 0.436348 0.775638 0.566244
31 0.49444 0.487327 0.977945 0.47235
45 0.503423 0.476454 0.974039 0.489487
2 0.314005 0.427131 0.57177 0.457949
3 0.370635 0.490783 0.695184 0.465438
16 0.501861 0.477463 0.978726 0.489775
57 0.370635 0.490783 0.695184 0.465438
4 0.370635 0.490783 0.695184 0.465438
2 0.502251 0.476094 0.979507 0.490207
3 0.503032 0.47523 0.976382 0.488479
1 0.502251 0.476094 0.979507 0.490207
0 0.503032 0.47523 0.976382 0.488479
4 0.502251 0.476094 0.979507 0.490207
5 0.502251 0.476094 0.979507 0.490207
57 0.502251 0.476094 0.979507 0.490207
56 0.503032 0.47523 0.976382 0.488479
58 0.502251 0.476094 0.979507 0.490207
28 0.503032 0.47523 0.976382 0.488479
32 0.502251 0.476094 0.979507 0.490207
69 0.504595 0.471198 0.981069 0.497696
68 0.502251 0.476094 0.979507 0.490207
22 0.503032 0.47523 0.976382 0.488479
60 0.503032 0.47523 0.976382 0.488479
23 0.503032 0.47523 0.976382 0.488479
7 0.502251 0.476094 0.979507 0.490207
34 0.503032 0.47523 0.976382 0.488479
2 0.390651 0.437212 0.763726 0.491936
10 0.502251 0.476094 0.979507 0.490207
67 0.502251 0.476094 0.979507 0.490207
39 0.502251 0.476094 0.979507 0.490207
6 0.504595 0.471198 0.981069 0.497696
3 0.390651 0.437212 0.763726 0.491936
52 0.502251 0.476094 0.979507 0.490207
1 0.390651 0.437212 0.763726 0.491936
8 0.505376 0.47235 0.976382 0.495392
31 0.502251 0.476094 0.979507 0.490207
45 0.503032 0.47523 0.976382 0.488479
61 0.502251 0.476094 0.979507 0.490207
54 0.503032 0.47523 0.976382 0.488479
16 0.501861 0.47235 0.983413 0.495392
2 0.505376 0.476382 0.979507 0.489631
3 0.502251 0.474654 0.977945 0.493088
1 0.501861 0.477247 0.983413 0.492512
5 0.501861 0.477247 0.983413 0.492512
0 0.505376 0.476382 0.979507 0.489631
57 0.501861 0.477247 0.983413 0.492512
56 0.502251 0.474654 0.977945 0.493088
4 0.501861 0.477247 0.983413 0.492512
28 0.501861 0.477247 0.983413 0.492512
69 0.505376 0.476382 0.979507 0.489631
58 0.501861 0.477247 0.983413 0.492512
60 0.505376 0.476382 0.979507 0.489631
22 0.502251 0.474654 0.977945 0.493088
68 0.501861 0.477247 0.983413 0.492512
34 0.505766 0.478039 0.978726 0.490927
7 0.505766 0.478039 0.978726 0.490927
23 0.502251 0.474654 0.977945 0.493088
32 0.501861 0.477247 0.983413 0.492512
10 0.505766 0.478039 0.978726 0.490927
39 0.501861 0.477247 0.983413 0.492512
45 0.502251 0.474654 0.977945 0.493088
52 0.505766 0.478039 0.978726 0.490927
2 0.617074 0.484951 0.69206 0.488623
2 0.361262 0.485023 0.675657 0.474654
8 0.506938 0.475806 0.973258 0.489631
67 0.505766 0.478039 0.978726 0.490927
31 0.497565 0.480919 0.982631 0.484015
6 0.505766 0.478039 0.978726 0.490927
16 0.505376 0.476382 0.979507 0.489631
2 0.305217 0.423387 0.563568 0.436636
2 0.499127 0.480415 0.987318 0.474654
3 0.503813 0.475518 0.985756 0.486751
1 0.503032 0.476382 0.98888 0.481567
4 0.499127 0.480415 0.987318 0.474654
5 0.5085 0.472926 0.979507 0.491936
57 0.503813 0.475518 0.985756 0.486751
0 0.5085 0.475158 0.977945 0.488623
56 0.503813 0.475518 0.985756 0.486751
58 0.499127 0.480415 0.987318 0.474654
28 0.503813 0.475518 0.985756 0.486751
34 0.499127 0.480415 0.987318 0.474654
7 0.5085 0.472926 0.979507 0.491936
68 0.499127 0.480415 0.987318 0.474654
3 0.470909 0.523618 0.721937 0.388249
32 0.503032 0.47415 0.987318 0.488335
22 0.503813 0.475518 0.985756 0.486751
16 0.507328 0.47379 0.980288 0.487903
2 0.639335 0.473502 0.664721 0.468894
2 0.470909 0.523618 0.721937 0.388249
45 0.5085 0.475158 0.977945 0.488623
4 0.470909 0.523618 0.721937 0.388249
60 0.5085 0.472926 0.979507 0.491936
2 0.368682 0.481279 0.69909 0.46371
31 0.498346 0.477031 0.984194 0.479119
69 0.507328 0.47379 0.980288 0.487903
2 0.503032 0.477535 0.987318 0.487327
3 0.503032 0.477823 0.984194 0.484447
1 0.503032 0.477823 0.984194 0.484447
57 0.503032 0.477823 0.984194 0.484447
5 0.502642 0.480919 0.984975 0.485167
0 0.503032 0.477823 0.984194 0.484447
56 0.503032 0.477823 0.984194 0.484447
4 0.503032 0.477823 0.984194 0.484447
58 0.498346 0.483007 0.984194 0.476382
2 0.360871 0.457373 0.684249 0.460829
28 0.503032 0.477823 0.984194 0.484447
34 0.503032 0.477823 0.984194 0.484447
7 0.502642 0.480919 0.984975 0.485167
60 0.502642 0.480919 0.984975 0.485167
16 0.504985 0.474366 0.984975 0.493664
22 0.503032 0.477823 0.984194 0.484447
2 0.489753 0.407834 0.7483 0.650922
68 0.503032 0.477823 0.984194 0.484447
2 0.63582 0.471198 0.668627 0.475807
69 0.504985 0.474366 0.984975 0.493664
32 0.502642 0.480919 0.984975 0.485167
2 0.284518 0.372696 0.510453 0.388249
2 0.503423 0.47379 0.989661 0.495968
3 0.503813 0.472278 0.98888 0.498992
1 0.503813 0.472278 0.98888 0.498992
56 0.503813 0.472278 0.98888 0.498992
57 0.503813 0.472278 0.98888 0.498992
0 0.503813 0.472278 0.98888 0.498992
58 0.503813 0.472278 0.98888 0.498992
5 0.503813 0.472278 0.98888 0.498992
60 0.507328 0.474366 0.98185 0.494816
69 0.503813 0.472278 0.98888 0.498992
28 0.503813 0.472278 0.98888 0.498992
2 0.634649 0.482143 0.678781 0.489631
7 0.503813 0.472278 0.98888 0.498992
23 0.503813 0.472278 0.98888 0.498992
22 0.503813 0.472278 0.98888 0.498992
4 0.496783 0.473214 0.981069 0.494816
10 0.503813 0.472278 0.98888 0.498992
34 0.503813 0.472278 0.98888 0.498992
32 0.503813 0.474726 0.98888 0.495248
39 0.503813 0.474726 0.98888 0.495248
2 0.327674 0.478687 0.603795 0.483871
67 0.503813 0.472278 0.98888 0.498992
8 0.5085 0.473214 0.981069 0.49712
68 0.503813 0.472278 0.98888 0.498992
2 0.491218 0.407546 0.718813 0.645737
2 0.502251 0.482143 0.985756 0.473502
3 0.503032 0.487327 0.984194 0.464286
1 0.503032 0.487327 0.984194 0.464286
58 0.503032 0.487327 0.984194 0.464286
57 0.50147 0.481567 0.984194 0.478111
5 0.503032 0.487327 0.984194 0.464286
0 0.503032 0.487327 0.984194 0.464286
56 0.503032 0.487327 0.984194 0.464286
60 0.502642 0.477823 0.986537 0.480991
23 0.499908 0.491359 0.979507 0.456221
7 0.50147 0.481567 0.984194 0.478111
22 0.503032 0.487327 0.984194 0.464286
2 0.406175 0.562356 0.743613 0.303859
69 0.503032 0.487327 0.984194 0.464286
34 0.50147 0.481567 0.984194 0.478111
2 0.48741 0.43498 0.699871 0.588566
28 0.503032 0.487327 0.984194 0.464286
4 0.496002 0.487039 0.976382 0.466014
16 0.502642 0.477823 0.986537 0.480991
32 0.50147 0.481567 0.984194 0.478111
2 0.503423 0.471126 0.980288 0.501296
3 0.503813 0.47127 0.976382 0.50216
1 0.497565 0.47235 0.971696 0.498848
5 0.497565 0.475518 0.971696 0.500576
57 0.497565 0.47235 0.971696 0.498848
56 0.503813 0.47127 0.976382 0.50216
0 0.503813 0.47127 0.976382 0.50216
58 0.497565 0.47235 0.971696 0.498848
4 0.497565 0.475518 0.971696 0.500576
28 0.503813 0.47127 0.976382 0.50216
69 0.505376 0.471702 0.981069 0.498992
60 0.505376 0.471702 0.981069 0.498992
22 0.503813 0.47127 0.976382 0.50216
34 0.505376 0.47379 0.982631 0.504032
32 0.503032 0.474654 0.981069 0.504608
23 0.503813 0.47127 0.976382 0.50216
2 0.492976 0.422811 0.794971 0.653226
68 0.497565 0.475518 0.971696 0.500576
7 0.503032 0.474654 0.981069 0.504608
31 0.497565 0.475518 0.971696 0.500576
2 0.337438 0.417699 0.63582 0.479119
2 0.501079 0.472422 0.991224 0.50216
3 0.50147 0.473214 0.990442 0.498272
1 0.50147 0.473214 0.990442 0.498272
0 0.50147 0.473214 0.990442 0.498272
57 0.50147 0.473214 0.990442 0.498272
5 0.50147 0.473214 0.990442 0.498272
56 0.50147 0.473214 0.990442 0.498272
4 0.496002 0.471126 0.985756 0.502448
58 0.50147 0.473214 0.990442 0.498272
7 0.506938 0.474582 0.982631 0.495536
60 0.505376 0.474654 0.984194 0.497696
28 0.50147 0.473214 0.990442 0.498272
34 0.496002 0.471126 0.985756 0.502448
39 0.500689 0.477823 0.98888 0.495968
69 0.505376 0.474654 0.984194 0.497696
16 0.505376 0.474654 0.984194 0.497696
32 0.496002 0.471126 0.985756 0.502448
2 0.498736 0.483295 0.988099 0.475806
3 0.499127 0.479191 0.985756 0.484015
1 0.499127 0.479191 0.985756 0.484015
0 0.499127 0.479191 0.985756 0.484015
57 0.499127 0.479191 0.985756 0.484015
5 0.497565 0.482143 0.985756 0.480415
56 0.499127 0.479191 0.985756 0.484015
4 0.493268 0.481567 0.978726 0.479263
2 0.492976 0.444124 0.763726 0.556452
58 0.493659 0.479263 0.981069 0.483871
7 0.497565 0.482143 0.985756 0.480415
34 0.499127 0.479191 0.985756 0.484015
28 0.499127 0.479191 0.985756 0.484015
60 0.499127 0.479191 0.985756 0.484015
22 0.499127 0.479191 0.985756 0.484015
23 0.499127 0.479191 0.985756 0.484015
69 0.503813 0.482431 0.979507 0.477535
2 0.318301 0.415611 0.60067 0.425691
2 0.500689 0.476382 0.985756 0.49424
3 0.500689 0.47415 0.985756 0.4964
1 0.500689 0.47415 0.985756 0.4964
0 0.500689 0.47415 0.985756 0.4964
57 0.499127 0.479263 0.982631 0.493088
5 0.500689 0.47415 0.985756 0.4964
2 0.373173 0.482431 0.70651 0.480991
56 0.500689 0.47415 0.985756 0.4964
58 0.497565 0.47631 0.982631 0.492079
7 0.499127 0.479263 0.982631 0.493088
4 0.49405 0.481279 0.974039 0.486751
2 0.435076 0.551267 0.817037 0.330645
34 0.503423 0.479263 0.977164 0.491936
2 0.50147 0.47523 0.984194 0.496544
1 0.50147 0.47523 0.984194 0.496544
3 0.501861 0.475518 0.983413 0.493664
0 0.501861 0.475518 0.983413 0.493664
57 0.501861 0.475518 0.983413 0.493664
5 0.50147 0.47523 0.984194 0.496544
56 0.501861 0.475518 0.983413 0.493664
60 0.504985 0.474366 0.978726 0.498272
2 0.499908 0.449597 0.715493 0.538594
2 0.451089 0.517281 0.797509 0.403226
2 0.338609 0.478687 0.63582 0.445853
69 0.505376 0.47343 0.977945 0.501296
2 0.658472 0.485599 0.604576 0.496544
2 0.503032 0.475518 0.977945 0.493664
3 0.497955 0.478975 0.98185 0.486751
1 0.497955 0.478975 0.98185 0.486751
57 0.503032 0.475518 0.977945 0.493664
0 0.503032 0.475518 0.977945 0.493664
60 0.503032 0.475518 0.977945 0.493664
7 0.497955 0.478975 0.98185 0.486751
5 0.497955 0.478975 0.98185 0.486751
69 0.498346 0.478039 0.984194 0.488623
2 0.656129 0.482791 0.62176 0.490639
56 0.498346 0.478039 0.984194 0.488623
23 0.498346 0.478039 0.984194 0.488623
39 0.503032 0.475518 0.977945 0.493664
22 0.503032 0.475518 0.977945 0.493664
2 0.500298 0.482143 0.989661 0.479263
3 0.499908 0.479767 0.987318 0.482863
1 0.499908 0.479767 0.987318 0.482863
69 0.505376 0.477247 0.981069 0.489055
57 0.499908 0.479767 0.987318 0.482863
0 0.500298 0.482143 0.989661 0.479263
23 0.500298 0.482143 0.989661 0.479263
60 0.506157 0.478183 0.977945 0.488335
58 0.506157 0.478183 0.977945 0.488335
5 0.499908 0.479767 0.987318 0.482863
22 0.506157 0.478183 0.977945 0.488335
56 0.500298 0.482143 0.989661 0.479263
34 0.505376 0.476959 0.979507 0.489631
10 0.505376 0.476959 0.979507 0.489631
28 0.500298 0.482143 0.989661 0.479263
2 0.491316 0.422811 0.710806 0.605991
7 0.499908 0.479767 0.987318 0.482863
2 0.336266 0.494528 0.626447 0.462558
6 0.505376 0.477247 0.981069 0.489055
33 0.506157 0.478183 0.977945 0.488335
2 0.506547 0.46947 0.977164 0.50576
3 0.503032 0.469974 0.982631 0.505904
1 0.503032 0.469974 0.982631 0.505904
0 0.506547 0.46947 0.977164 0.50576
57 0.503032 0.469974 0.982631 0.505904
56 0.503032 0.469974 0.982631 0.505904
5 0.503032 0.469974 0.982631 0.505904
58 0.503032 0.469974 0.982631 0.505904
69 0.503032 0.469974 0.982631 0.505904
60 0.506547 0.46947 0.977164 0.50576
28 0.503032 0.469974 0.982631 0.505904
23 0.503032 0.469974 0.982631 0.505904
22 0.503032 0.469974 0.982631 0.505904
6 0.503032 0.472854 0.981069 0.498992
34 0.506157 0.47055 0.976382 0.502448
2 0.507719 0.476455 0.979507 0.497552
3 0.502251 0.478687 0.98888 0.49424
1 0.502251 0.478687 0.98888 0.49424
0 0.507719 0.476455 0.979507 0.497552
57 0.502251 0.478687 0.98888 0.49424
56 0.502251 0.478687 0.98888 0.49424
58 0.502251 0.478687 0.98888 0.49424
5 0.507719 0.476455 0.979507 0.497552
69 0.506938 0.479191 0.979507 0.493232
28 0.502251 0.478687 0.98888 0.49424
60 0.507328 0.480703 0.978726 0.492511
2 0.640116 0.487039 0.649099 0.493664
2 0.507719 0.477463 0.977945 0.487471
3 0.500689 0.480127 0.985756 0.484447
1 0.507719 0.477463 0.977945 0.487471
0 0.507719 0.477463 0.977945 0.487471
57 0.500689 0.480127 0.985756 0.484447
58 0.501079 0.479263 0.986537 0.483871
69 0.507719 0.477463 0.977945 0.487471
56 0.507719 0.477463 0.977945 0.487471
2 0.627619 0.483871 0.683468 0.491936
60 0.507719 0.477463 0.977945 0.487471
2 0.482724 0.450749 0.726429 0.56394
23 0.501079 0.479263 0.986537 0.483871
2 0.502251 0.477535 0.98888 0.490783
3 0.502251 0.477535 0.98888 0.490783
1 0.502251 0.477535 0.98888 0.490783
57 0.502251 0.477535 0.98888 0.490783
0 0.501079 0.480415 0.988099 0.485023
56 0.502251 0.477535 0.98888 0.490783
58 0.502251 0.477535 0.98888 0.490783
69 0.506938 0.478399 0.982631 0.487903
5 0.502251 0.477535 0.98888 0.490783
60 0.505766 0.478615 0.983412 0.486319
2 0.653883 0.485023 0.615316 0.493088
2 0.499127 0.479191 0.982631 0.481711
3 0.499127 0.479191 0.982631 0.481711
1 0.503813 0.478759 0.976382 0.482575
0 0.503813 0.478759 0.976382 0.482575
69 0.499127 0.479191 0.982631 0.481711
56 0.499127 0.479191 0.982631 0.481711
57 0.499127 0.479191 0.982631 0.481711
60 0.499127 0.479191 0.982631 0.481711
5 0.503813 0.478759 0.976382 0.482575
58 0.496002 0.474942 0.976382 0.490207
2 0.642948 0.485023 0.641874 0.483871
23 0.496002 0.474942 0.976382 0.490207
2 0.488094 0.447581 0.69538 0.563364
2 0.506938 0.47523 0.979507 0.491935
3 0.501079 0.47379 0.988099 0.494816
1 0.506938 0.47523 0.979507 0.491935
0 0.506938 0.47523 0.979507 0.491935
57 0.501079 0.47379 0.988099 0.494816
56 0.501079 0.47379 0.988099 0.494816
69 0.501079 0.47379 0.988099 0.494816
60 0.506938 0.47523 0.979507 0.491935
58 0.501079 0.47379 0.988099 0.494816
2 0.666674 0.477823 0.603795 0.464862
5 0.506938 0.47523 0.979507 0.491935
22 0.506938 0.47523 0.979507 0.491935
2 0.500689 0.481639 0.982631 0.484879
3 0.500689 0.481639 0.982631 0.484879
1 0.505376 0.479335 0.973258 0.487183
0 0.500689 0.481639 0.982631 0.484879
57 0.500689 0.481639 0.982631 0.484879
56 0.500689 0.481639 0.982631 0.484879
60 0.500689 0.481639 0.982631 0.484879
69 0.500689 0.481639 0.982631 0.484879
5 0.505376 0.479335 0.973258 0.487183
58 0.500689 0.481639 0.982631 0.484879
2 0.503032 0.477247 0.971696 0.489055
3 0.497955 0.480415 0.978726 0.483871
1 0.503032 0.477247 0.971696 0.489055
0 0.503032 0.477247 0.971696 0.489055
57 0.503032 0.477247 0.971696 0.489055
58 0.503032 0.477247 0.971696 0.489055
2 0.62342 0.487615 0.673118 0.489055
60 0.503032 0.477247 0.971696 0.489055
69 0.499908 0.480919 0.977945 0.481711
56 0.499908 0.480919 0.977945 0.481711
2 0.712369 0.477463 0.490535 0.474798
2 0.496002 0.471774 0.982631 0.502304
1 0.495221 0.477247 0.981069 0.491359
3 0.495221 0.477247 0.981069 0.491359
0 0.495221 0.477247 0.981069 0.491359
57 0.496002 0.471774 0.982631 0.502304
56 0.496002 0.471774 0.982631 0.502304
2 0.499127 0.46947 0.984194 0.504608
3 0.497565 0.475518 0.982631 0.495968
1 0.50147 0.476094 0.977945 0.494816
0 0.497565 0.475518 0.982631 0.495968
57 0.499127 0.46947 0.984194 0.504608
60 0.499127 0.46947 0.984194 0.504608
2 0.37415 0.497696 0.70612 0.453917
56 0.499127 0.46947 0.984194 0.504608
69 0.499127 0.46947 0.984194 0.504608
2 0.504595 0.474654 0.977945 0.495392
3 0.499127 0.476382 0.98888 0.493088
1 0.499127 0.476382 0.98888 0.493088
0 0.499127 0.476382 0.98888 0.493088
57 0.499908 0.469182 0.987318 0.504032
2 0.399048 0.511521 0.764117 0.418203
2 0.636601 0.487327 0.670189 0.483871
60 0.505766 0.471702 0.978726 0.498992
56 0.499908 0.469182 0.987318 0.504032
2 0.503032 0.474654 0.977945 0.497696
3 0.499517 0.478111 0.986537 0.493088
1 0.503032 0.476094 0.981069 0.494816
0 0.499517 0.478111 0.986537 0.493088
57 0.499908 0.478039 0.985756 0.488623
58 0.499908 0.478039 0.985756 0.488623
5 0.495612 0.483007 0.98185 0.485599
7 0.503032 0.476094 0.981069 0.494816
2 0.498346 0.475734 0.984194 0.490927
1 0.502251 0.479839 0.977945 0.481567
3 0.497565 0.479263 0.984194 0.483871
0 0.497565 0.479263 0.984194 0.483871
57 0.498346 0.475734 0.984194 0.490927
2 0.641679 0.483007 0.65691 0.486751
2 0.503032 0.477823 0.981069 0.490207
3 0.499127 0.480127 0.985756 0.490207
1 0.502251 0.480703 0.979507 0.487903
0 0.502251 0.480703 0.979507 0.487903
57 0.500298 0.477247 0.986537 0.491359
2 0.631915 0.488479 0.673313 0.488479
2 0.504985 0.475878 0.980288 0.488335
3 0.504595 0.475807 0.982631 0.486175
1 0.504595 0.475807 0.982631 0.486175
0 0.501079 0.476887 0.989661 0.484015
57 0.504595 0.475807 0.982631 0.486175
2 0.627228 0.484159 0.690498 0.484447
2 0.500298 0.47091 0.974039 0.500576
3 0.496783 0.47343 0.984194 0.49784
1 0.499908 0.472638 0.97482 0.49712
0 0.496783 0.47343 0.984194 0.49784
57 0.496783 0.47091 0.984194 0.500576
2 0.644315 0.480703 0.643827 0.493664
58 0.496783 0.47091 0.984194 0.500576
60 0.500298 0.47091 0.974039 0.500576
2 0.504594 0.47523 0.971696 0.491935
1 0.503813 0.476671 0.973258 0.486751
3 0.503813 0.476671 0.973258 0.486751
0 0.500298 0.477247 0.978726 0.485599
57 0.501861 0.477607 0.977164 0.487183
2 0.641971 0.487615 0.63914 0.487903
2 0.503813 0.476671 0.982631 0.489055
3 0.499908 0.479839 0.990442 0.482719
1 0.502251 0.478687 0.985756 0.485023
0 0.499908 0.479839 0.990442 0.482719
2 0.377665 0.499424 0.726429 0.4447
57 0.501079 0.478039 0.989661 0.484015
60 0.503813 0.475878 0.984194 0.489487
2 0.502251 0.47523 0.97482 0.490783
1 0.502251 0.476094 0.979507 0.490207
3 0.499127 0.475878 0.985756 0.490639
0 0.499127 0.475878 0.985756 0.490639
57 0.499127 0.475734 0.985756 0.488623
60 0.503032 0.47523 0.977945 0.489631
2 0.651052 0.484735 0.622541 0.486751
2 0.446793 0.510369 0.806101 0.413594
2 0.497174 0.47379 0.96779 0.494816
1 0.498736 0.473214 0.972477 0.493664
3 0.496783 0.472062 0.97482 0.495968
0 0.496393 0.474582 0.975601 0.492079
57 0.496783 0.472062 0.97482 0.495968
2 0.504595 0.479767 0.977945 0.484015
1 0.503813 0.481495 0.979507 0.488623
2 0.626447 0.486751 0.696747 0.49424
3 0.500298 0.483871 0.989661 0.485023
0 0.500298 0.483871 0.989661 0.485023
2 0.505766 0.478687 0.975601 0.485023
3 0.506157 0.479335 0.977945 0.483727
1 0.506157 0.479335 0.977945 0.483727
2 0.638554 0.482719 0.666283 0.490783
0 0.506547 0.480487 0.977164 0.479119
57 0.502251 0.484447 0.985756 0.471198
60 0.506547 0.480487 0.977164 0.479119
2 0.506157 0.476382 0.976382 0.491935
1 0.506157 0.476671 0.977945 0.490207
3 0.506157 0.476671 0.977945 0.490207
2 0.503813 0.477607 0.976382 0.484879
1 0.503813 0.479551 0.976382 0.483295
3 0.500689 0.479263 0.984194 0.486175
0 0.500689 0.479263 0.984194 0.486175
2 0.506157 0.482431 0.970134 0.477535
1 0.506157 0.479839 0.977945 0.480415
0 0.506157 0.479839 0.977945 0.480415
2 0.639335 0.484447 0.664721 0.478111
3 0.506157 0.479839 0.977945 0.480415
60 0.506547 0.480343 0.974039 0.478255
2 0.502251 0.477463 0.970134 0.488623
1 0.503032 0.478399 0.973258 0.486751
0 0.503032 0.478399 0.973258 0.486751
3 0.503032 0.478399 0.973258 0.486751
2 0.625764 0.486751 0.682491 0.485023
2 0.503423 0.476094 0.977164 0.489055
1 0.503032 0.477535 0.977945 0.483871
3 0.499908 0.477607 0.984194 0.484879
2 0.64119 0.481567 0.656324 0.478111
0 0.499908 0.477607 0.984194 0.484879
2 0.501861 0.477031 0.980288 0.488335
3 0.502251 0.480703 0.979507 0.485599
1 0.502251 0.480703 0.979507 0.485599
0 0.502251 0.480703 0.979507 0.485599
2 0.503423 0.477535 0.980288 0.486175
1 0.502251 0.478687 0.979507 0.482719
3 0.502251 0.478687 0.979507 0.482719
0 0.499127 0.480703 0.985756 0.480991
2 0.50147 0.476671 0.977945 0.486751
3 0.497565 0.481567 0.981069 0.479263
1 0.499517 0.479839 0.975601 0.480415
2 0.504204 0.477463 0.978726 0.485167
1 0.503813 0.477031 0.979507 0.484879
3 0.503813 0.477031 0.979507 0.484879
0 0.503813 0.477031 0.979507 0.484879
2 0.507328 0.478399 0.975601 0.483295
1 0.506157 0.480415 0.976382 0.482719
3 0.506157 0.480415 0.976382 0.482719
0 0.500689 0.479263 0.984194 0.486175
2 0.506157 0.47523 0.97482 0.491935
3 0.505376 0.478687 0.977945 0.485023
1 0.505376 0.478687 0.977945 0.485023
2 0.50147 0.476959 0.97482 0.489631
1 0.501861 0.478687 0.977164 0.486175
3 0.498346 0.476671 0.982631 0.491359
0 0.498346 0.476671 0.982631 0.491359
2 0.503813 0.479263 0.973258 0.482719
1 0.50147 0.479191 0.97482 0.482863
3 0.497565 0.476959 0.982631 0.488479
2 0.639042 0.487327 0.662183 0.481567
0 0.497565 0.476959 0.982631 0.488479
2 0.499127 0.476454 0.98888 0.488335
1 0.503032 0.480415 0.977945 0.480415
0 0.498346 0.476959 0.987318 0.488479
3 0.503032 0.480415 0.977945 0.480415
2 0.503032 0.478111 0.97482 0.483871
1 0.502251 0.479263 0.979507 0.479263
3 0.502251 0.479263 0.979507 0.479263
2 0.503423 0.477823 0.970915 0.485599
1 0.503032 0.479191 0.973258 0.480559
3 0.503032 0.479191 0.973258 0.480559
2 0.504595 0.478399 0.97482 0.484447
1 0.504204 0.479767 0.978726 0.482863
3 0.504204 0.479767 0.978726 0.482863
2 0.504594 0.478111 0.971696 0.483871
1 0.503813 0.477535 0.976382 0.482719
2 0.505376 0.476454 0.979507 0.488335
1 0.503813 0.477607 0.982631 0.484879
0 0.499517 0.480343 0.991224 0.480559
3 0.499517 0.480343 0.991224 0.480559
2 0.506157 0.477247 0.976382 0.489055
1 0.504985 0.477247 0.980288 0.487903
3 0.504985 0.477247 0.980288 0.487903
0 0.501079 0.476886 0.988099 0.490927
2 0.504204 0.477031 0.978726 0.487183
1 0.503032 0.478975 0.982631 0.484447
3 0.503032 0.478975 0.982631 0.484447
0 0.503032 0.478975 0.982631 0.484447
2 0.504204 0.478183 0.974039 0.484879
1 0.503813 0.478975 0.979507 0.480991
3 0.503813 0.478975 0.979507 0.480991
0 0.503813 0.478975 0.979507 0.480991
2 0.505376 0.480415 0.973258 0.478111
1 0.503813 0.480487 0.976382 0.480271
3 0.499908 0.479839 0.987318 0.481567
2 0.507719 0.476454 0.977945 0.487183
3 0.50147 0.476094 0.990442 0.489055
1 0.506547 0.477823 0.980288 0.485599
0 0.50147 0.476094 0.990442 0.489055
2 0.503813 0.476094 0.976382 0.490207
3 0.499908 0.476382 0.985756 0.489631
1 0.503813 0.477247 0.979507 0.487903
0 0.499908 0.476382 0.985756 0.489631
2 0.503813 0.479263 0.982631 0.483871
3 0.503813 0.479263 0.982631 0.483871
1 0.503813 0.479263 0.982631 0.483871
0 0.500689 0.479191 0.98888 0.484015
2 0.505376 0.478183 0.973258 0.483727
3 0.500298 0.478975 0.986537 0.482143
1 0.505376 0.479551 0.976382 0.479839
0 0.500298 0.478975 0.986537 0.482143
2 0.503032 0.476454 0.970134 0.486031
3 0.498346 0.479551 0.984194 0.482143
1 0.50147 0.478687 0.976382 0.482719
2 0.506157 0.480415 0.977945 0.483871
3 0.506157 0.480415 0.977945 0.483871
2 0.505766 0.477463 0.974039 0.485167
3 0.500689 0.475518 0.987318 0.489055
1 0.504594 0.476959 0.976382 0.486175
0 0.500689 0.475518 0.987318 0.489055
2 0.50147 0.47631 0.981069 0.488623
3 0.500689 0.479263 0.982631 0.483871
1 0.500689 0.479263 0.982631 0.483871
0 0.498736 0.477247 0.991224 0.487903
2 0.502642 0.474654 0.972477 0.486175
3 0.502642 0.474654 0.972477 0.486175
1 0.502642 0.474654 0.972477 0.486175
0 0.502642 0.474654 0.972477 0.486175
2 0.503032 0.476959 0.976382 0.485023
3 0.50147 0.477247 0.977945 0.484447
1 0.50147 0.477247 0.977945 0.484447
2 0.499517 0.476382 0.975601 0.486175
3 0.498346 0.477823 0.977945 0.482143
1 0.498346 0.477823 0.977945 0.482143
0 0.497565 0.476959 0.985756 0.483871
2 0.503032 0.477031 0.977945 0.487183
3 0.498736 0.477535 0.988099 0.485023
2 0.502251 0.477463 0.979507 0.480559
3 0.502251 0.477463 0.979507 0.480559
2 0.506157 0.477247 0.977945 0.485599
3 0.501079 0.478399 0.988099 0.483295
2 0.505766 0.477535 0.975601 0.485023
3 0.500298 0.477247 0.986537 0.485599
2 0.504594 0.476454 0.976382 0.487183
3 0.499908 0.476454 0.987318 0.487183
2 0.504204 0.476671 0.978726 0.482143
3 0.504204 0.476671 0.978726 0.482143
2 0.504595 0.477823 0.977945 0.485599
3 0.500689 0.479263 0.98888 0.483871
2 0.501861 0.476094 0.980288 0.490207
3 0.499127 0.476382 0.987318 0.489631
2 0.504204 0.478183 0.978726 0.488335
3 0.504204 0.478183 0.978726 0.488335
2 0.504595 0.476382 0.977945 0.488479
3 0.504595 0.477823 0.977945 0.486751
2 0.503813 0.478111 0.982631 0.486175
3 0.500689 0.477823 0.990442 0.485599
2 0.504204 0.479551 0.978726 0.485599
3 0.504204 0.479551 0.978726 0.485599
2 0.504595 0.47523 0.977945 0.489631
3 0.504595 0.47523 0.977945 0.489631
2 0.504595 0.477247 0.977945 0.485599
3 0.504595 0.477247 0.977945 0.485599
2 0.505376 0.477247 0.982631 0.486751
3 0.501079 0.476959 0.991224 0.486175
2 0.505376 0.477607 0.979507 0.487183
3 0.505376 0.477607 0.979507 0.487183
2 0.505766 0.475734 0.978726 0.490927
3 0.505766 0.475734 0.978726 0.490927
2 0.506157 0.477247 0.977945 0.483295
3 0.502251 0.478399 0.98888 0.480991
2 0.505766 0.477463 0.978726 0.485167
3 0.506157 0.480415 0.979507 0.480415
1 0.506157 0.480415 0.979507 0.480415
2 0.503813 0.479191 0.981069 0.482863
3 0.503813 0.479191 0.981069 0.482863
2 0.505766 0.477535 0.978726 0.483871
2 0.504595 0.479335 0.981069 0.482575
3 0.504595 0.479335 0.981069 0.482575
2 0.505376 0.479551 0.976382 0.482143
3 0.505376 0.479551 0.976382 0.482143
2 0.504594 0.478975 0.976382 0.480991
2 0.504204 0.479911 0.978726 0.480271
2 0.505376 0.480127 0.977945 0.482143
3 0.505376 0.480127 0.977945 0.482143
2 0.503423 0.478975 0.980288 0.483295
3 0.503423 0.478975 0.980288 0.483295
2 0.504595 0.478615 0.981069 0.485167
2 0.503032 0.479767 0.981069 0.481711
3 0.499908 0.478975 0.990442 0.483295
2 0.503032 0.478615 0.981069 0.485167
3 0.499517 0.478399 0.989661 0.484447
2 0.503813 0.478975 0.976382 0.483295
3 0.499517 0.480703 0.988099 0.480991
2 0.502251 0.479839 0.981069 0.481567
3 0.502251 0.479839 0.981069 0.481567
2 0.503032 0.480919 0.981069 0.480559
3 0.503032 0.480919 0.981069 0.480559
0 0.499127 0.481279 0.98888 0.478687
2 0.503032 0.478111 0.981069 0.486175
3 0.503032 0.478111 0.981069 0.486175
2 0.503032 0.479839 0.979507 0.482719
3 0.503032 0.479839 0.979507 0.482719
2 0.503813 0.478687 0.977945 0.483871
3 0.503813 0.478687 0.977945 0.483871
2 0.504595 0.479335 0.977945 0.484879
3 0.504595 0.479335 0.977945 0.484879
2 0.504204 0.479335 0.978726 0.483727
3 0.504204 0.479335 0.978726 0.483727
2 0.504204 0.478399 0.978726 0.484447
3 0.504204 0.478399 0.978726 0.484447
2 0.503032 0.478111 0.977945 0.486175
3 0.503032 0.478111 0.977945 0.486175
2 0.502642 0.478975 0.978726 0.484447
2 0.502251 0.479263 0.979507 0.483871
2 0.503032 0.479839 0.981069 0.482719
2 0.503813 0.479551 0.979507 0.483295
2 0.503423 0.479839 0.978726 0.482719
3 0.503423 0.479839 0.978726 0.482719
2 0.503032 0.479551 0.979507 0.483295
2 0.503423 0.478975 0.978726 0.484447
3 0.503423 0.478975 0.978726 0.484447
2 0.503423 0.478975 0.977164 0.484447
2 0.503813 0.478759 0.977945 0.484879
2 0.503423 0.478687 0.978726 0.485023
2 0.503813 0.478687 0.979507 0.485023
2 0.503813 0.479191 0.979507 0.484015
2 0.503813 0.478975 0.979507 0.484447
2 0.503423 0.478975 0.978726 0.484447
2 0.503813 0.478975 0.977945 0.484447
2 0.503813 0.478687 0.977945 0.485023
2 0.503813 0.478759 0.977945 0.484879
2 0.503813 0.478975 0.977945 0.484447
2 0.503813 0.478975 0.977945 0.484447
2 0.503813 0.478975 0.977945 0.484447
2 0.503423 0.478975 0.978726 0.484447
