2 0.396761 0.407323 0.762282 0.720824
22 0.364739 0.417048 0.656062 0.69222
41 0.364739 0.417048 0.656062 0.69222
3 0.294642 0.46024 0.539299 0.622998
35 0.396761 0.407323 0.762282 0.720824
3 0.364739 0.417048 0.656062 0.69222
62 0.396761 0.407323 0.762282 0.720824
64 0.396761 0.407323 0.762282 0.720824
22 0.743147 0.543335 0.491266 0.448799
60 0.282732 0.526316 0.518602 0.522883
22 0.282732 0.526316 0.518602 0.522883
22 0.639758 0.451945 0.644933 0.681922
22 0.815392 0.767735 0.362396 0.312357
2 0.282732 0.526316 0.518602 0.522883
35 0.814611 0.770595 0.360834 0.32151
60 0.364739 0.417048 0.656062 0.69222
2 0.709172 0.597254 0.549843 0.526316
72 0.396761 0.407323 0.762282 0.720824
35 0.337208 0.497783 0.589285 0.585669
2 0.683008 0.436213 0.592799 0.690503
2 0.815392 0.767735 0.362396 0.312357
52 0.396761 0.407323 0.762282 0.720824
22 0.691208 0.52746 0.590456 0.573227
57 0.709172 0.597254 0.549843 0.526316
72 0.815392 0.767735 0.362396 0.312357
3 0.63927 0.522597 0.656843 0.625286
2 0.370402 0.496567 0.679103 0.627002
22 0.772045 0.533753 0.424097 0.355835
33 0.738851 0.434211 0.493609 0.635011
57 0.815392 0.767735 0.362396 0.312357
33 0.815392 0.767735 0.362396 0.312357
4 0.743147 0.543335 0.491266 0.448799
2 0.775559 0.658467 0.417068 0.529748
4 0.796452 0.758009 0.394028 0.361556
22 0.239385 0.563501 0.424097 0.438215
39 0.386706 0.443078 0.74178 0.668764
3 0.743147 0.543335 0.491266 0.448799
3 0.816954 0.79405 0.35771 0.336384
21 0.743147 0.543335 0.491266 0.448799
31 0.394028 0.40103 0.734946 0.737986
33 0.743147 0.543335 0.491266 0.448799
8 0.743147 0.543335 0.491266 0.448799
35 0.757205 0.597826 0.460025 0.469108
62 0.815392 0.767735 0.362396 0.312357
2 0.63927 0.522597 0.656843 0.625286
22 0.466273 0.32008 0.635756 0.636728
36 0.394028 0.40103 0.734946 0.737986
4 0.396761 0.407323 0.762282 0.720824
72 0.337208 0.497783 0.589285 0.585669
45 0.691208 0.52746 0.590456 0.573227
2 0.474083 0.425343 0.895056 0.714531
35 0.474083 0.425343 0.895056 0.714531
36 0.427612 0.431636 0.803676 0.68135
3 0.427612 0.431636 0.803676 0.68135
4 0.424488 0.424485 0.79118 0.691076
33 0.474083 0.425343 0.895056 0.714531
52 0.474083 0.425343 0.895056 0.714531
65 0.424488 0.424485 0.79118 0.691076
62 0.474083 0.425343 0.895056 0.714531
10 0.462368 0.419909 0.835698 0.704806
44 0.427612 0.431636 0.803676 0.68135
69 0.462368 0.419909 0.835698 0.704806
2 0.341699 0.452517 0.619354 0.635011
22 0.476036 0.419908 0.903648 0.71968
21 0.474083 0.425343 0.895056 0.714531
39 0.474083 0.425343 0.895056 0.714531
8 0.427612 0.431636 0.803676 0.68135
57 0.474083 0.425343 0.895056 0.714531
60 0.424488 0.424485 0.79118 0.691076
4 0.385827 0.32008 0.604515 0.545195
2 0.594361 0.423055 0.724793 0.80492
56 0.474083 0.425343 0.895056 0.714531
3 0.527974 0.422769 0.859129 0.78833
65 0.385827 0.32008 0.604515 0.545195
3 0.320807 0.410183 0.543204 0.646453
58 0.467835 0.429634 0.860691 0.7254
4 0.527974 0.422769 0.859129 0.78833
32 0.427612 0.431636 0.803676 0.68135
5 0.427612 0.431636 0.803676 0.68135
35 0.444795 0.345538 0.695895 0.613272
66 0.474083 0.425343 0.895056 0.714531
23 0.424488 0.424485 0.79118 0.691076
35 0.341699 0.452517 0.619354 0.635011
36 0.527974 0.422769 0.859129 0.78833
10 0.341699 0.452517 0.619354 0.635011
58 0.333498 0.474256 0.588113 0.60984
22 0.320807 0.410183 0.543204 0.646453
36 0.444795 0.345538 0.695895 0.613272
10 0.444795 0.345538 0.695895 0.613272
2 0.451531 0.526602 0.710539 0.576087
65 0.320807 0.410183 0.543204 0.646453
64 0.476036 0.419908 0.903648 0.71968
60 0.333498 0.474256 0.588113 0.60984
33 0.489606 0.34468 0.684374 0.632151
33 0.594361 0.423055 0.724793 0.80492
3 0.444795 0.345538 0.695895 0.613272
62 0.594361 0.423055 0.724793 0.80492
2 0.444795 0.345538 0.695895 0.613272
8 0.527974 0.422769 0.859129 0.78833
2 0.386218 0.549771 0.619354 0.478261
72 0.474083 0.425343 0.895056 0.714531
41 0.424488 0.424485 0.79118 0.691076
30 0.474083 0.425343 0.895056 0.714531
33 0.341699 0.452517 0.619354 0.635011
20 0.427612 0.431636 0.803676 0.68135
21 0.594361 0.423055 0.724793 0.80492
62 0.444795 0.345538 0.695895 0.613272
69 0.444795 0.345538 0.695895 0.613272
39 0.594361 0.423055 0.724793 0.80492
57 0.594361 0.423055 0.724793 0.80492
4 0.320807 0.410183 0.543204 0.646453
52 0.444795 0.345538 0.695895 0.613272
4 0.920049 0.452517 0.156205 0.244851
40 0.474083 0.425343 0.895056 0.714531
7 0.462368 0.419909 0.835698 0.704806
23 0.333498 0.474256 0.588113 0.60984
2 0.589285 0.538329 0.642785 0.627002
36 0.333498 0.474256 0.588113 0.60984
3 0.451531 0.526602 0.710539 0.576087
7 0.444795 0.345538 0.695895 0.613272
60 0.527974 0.422769 0.859129 0.78833
5 0.527974 0.422769 0.859129 0.78833
45 0.467835 0.429634 0.860691 0.7254
31 0.476036 0.419908 0.903648 0.71968
34 0.594361 0.423055 0.724793 0.80492
34 0.474083 0.425343 0.895056 0.714531
2 0.681055 0.401602 0.534222 0.803204
65 0.527974 0.422769 0.859129 0.78833
32 0.444795 0.345538 0.695895 0.613272
10 0.594361 0.423055 0.724793 0.80492
29 0.424488 0.424485 0.79118 0.691076
21 0.444795 0.345538 0.695895 0.613272
44 0.333498 0.474256 0.588113 0.60984
39 0.489606 0.34468 0.684374 0.632151
32 0.527974 0.422769 0.859129 0.78833
33 0.385827 0.32008 0.604515 0.545195
57 0.333498 0.474256 0.588113 0.60984
62 0.320807 0.410183 0.543204 0.646453
52 0.594361 0.423055 0.724793 0.80492
3 0.386218 0.549771 0.619354 0.478261
44 0.527974 0.422769 0.859129 0.78833
7 0.320807 0.410183 0.543204 0.646453
52 0.341699 0.452517 0.619354 0.635011
2 0.255981 0.538759 0.475255 0.4877
65 0.32354 0.288973 0.483846 0.464388
35 0.594361 0.423055 0.724793 0.80492
23 0.527974 0.422769 0.859129 0.78833
58 0.496342 0.524886 0.741194 0.641304
57 0.444795 0.345538 0.695895 0.613272
3 0.589285 0.538329 0.642785 0.627002
4 0.191791 0.272597 0.118618 0.25
21 0.341699 0.452517 0.619354 0.635011
36 0.557555 0.333524 0.595338 0.630435
4 0.668559 0.419908 0.571711 0.814645
8 0.668559 0.419908 0.571711 0.814645
2 0.497514 0.466533 0.954414 0.696224
4 0.498295 0.448513 0.955976 0.732265
62 0.498295 0.448513 0.955976 0.732265
52 0.497514 0.466533 0.954414 0.696224
58 0.487361 0.453661 0.94348 0.695652
3 0.488923 0.437071 0.95129 0.718535
65 0.488923 0.437071 0.95129 0.718535
8 0.498295 0.448513 0.955976 0.732265
29 0.488923 0.437071 0.95129 0.718535
36 0.498295 0.448513 0.955976 0.732265
5 0.498295 0.448513 0.955976 0.732265
21 0.498295 0.448513 0.955976 0.732265
23 0.497514 0.466533 0.954414 0.696224
10 0.488923 0.437071 0.95129 0.718535
44 0.498295 0.448513 0.955976 0.732265
20 0.488923 0.437071 0.95129 0.718535
34 0.498295 0.448513 0.955976 0.732265
60 0.487361 0.453661 0.94348 0.695652
33 0.497514 0.466533 0.954414 0.696224
59 0.488923 0.437071 0.95129 0.718535
30 0.498295 0.448513 0.955976 0.732265
57 0.497514 0.466533 0.954414 0.696224
67 0.497514 0.466533 0.954414 0.696224
35 0.498295 0.448513 0.955976 0.732265
32 0.488923 0.437071 0.95129 0.718535
56 0.488923 0.437071 0.95129 0.718535
61 0.497514 0.466533 0.954414 0.696224
58 0.468616 0.523455 0.812268 0.55492
39 0.498295 0.448513 0.955976 0.732265
66 0.498295 0.448513 0.955976 0.732265
22 0.498295 0.448513 0.955976 0.732265
0 0.498295 0.448513 0.955976 0.732265
69 0.498295 0.448513 0.955976 0.732265
45 0.497514 0.466533 0.954414 0.696224
6 0.488923 0.437071 0.95129 0.718535
3 0.468616 0.523455 0.812268 0.55492
4 0.570833 0.509725 0.757791 0.648741
2 0.468616 0.523455 0.812268 0.55492
52 0.468616 0.523455 0.812268 0.55492
5 0.570833 0.509725 0.757791 0.648741
58 0.392466 0.576659 0.647471 0.408467
58 0.570833 0.509725 0.757791 0.648741
8 0.515478 0.546911 0.81383 0.577803
10 0.492828 0.522311 0.845071 0.600686
7 0.498295 0.448513 0.955976 0.732265
21 0.570833 0.509725 0.757791 0.648741
34 0.570833 0.509725 0.757791 0.648741
59 0.570833 0.509725 0.757791 0.648741
1 0.488923 0.437071 0.95129 0.718535
23 0.468616 0.523455 0.812268 0.55492
28 0.498295 0.448513 0.955976 0.732265
39 0.570833 0.509725 0.757791 0.648741
62 0.570833 0.509725 0.757791 0.648741
61 0.515478 0.546911 0.81383 0.577803
58 0.329593 0.509797 0.574836 0.545624
64 0.498295 0.448513 0.955976 0.732265
36 0.515478 0.546911 0.81383 0.577803
29 0.570833 0.509725 0.757791 0.648741
58 0.666997 0.0523455 0.538908 0.104691
65 0.318659 0.476545 0.556091 0.589245
5 0.468616 0.523455 0.812268 0.55492
31 0.497514 0.466533 0.954414 0.696224
34 0.638001 0.422197 0.575031 0.803204
23 0.392466 0.576659 0.647471 0.408467
3 0.570833 0.509725 0.757791 0.648741
67 0.468616 0.523455 0.812268 0.55492
30 0.570833 0.509725 0.757791 0.648741
33 0.468616 0.523455 0.812268 0.55492
41 0.488923 0.437071 0.95129 0.718535
29 0.468616 0.523455 0.812268 0.55492
33 0.489801 0.396167 0.708977 0.746568
30 0.489801 0.396167 0.708977 0.746568
72 0.498295 0.448513 0.955976 0.732265
52 0.392466 0.576659 0.647471 0.408467
62 0.453093 0.408467 0.729284 0.713959
58 0.581865 0.593822 0.645128 0.503432
3 0.392466 0.576659 0.647471 0.408467
57 0.515478 0.546911 0.81383 0.577803
58 0.567025 0.0584239 0.596704 0.116848
2 0.638001 0.422197 0.575031 0.803204
0 0.489801 0.396167 0.708977 0.746568
45 0.515478 0.546911 0.81383 0.577803
2 0.489801 0.396167 0.708977 0.746568
66 0.489801 0.396167 0.708977 0.746568
60 0.468616 0.523455 0.812268 0.55492
4 0.453093 0.408467 0.729284 0.713959
60 0.570833 0.509725 0.757791 0.648741
40 0.49439 0.426201 0.904429 0.770023
20 0.492828 0.522311 0.845071 0.600686
65 0.489801 0.396167 0.708977 0.746568
34 0.468616 0.523455 0.812268 0.55492
65 0.492828 0.522311 0.845071 0.600686
2 0.392466 0.576659 0.647471 0.408467
10 0.392466 0.576659 0.647471 0.408467
29 0.318659 0.476545 0.556091 0.589245
32 0.492828 0.522311 0.845071 0.600686
5 0.581865 0.593822 0.645128 0.503432
52 0.453093 0.408467 0.729284 0.713959
36 0.453093 0.408467 0.729284 0.713959
28 0.570833 0.509725 0.757791 0.648741
5 0.392466 0.576659 0.647471 0.408467
44 0.570833 0.509725 0.757791 0.648741
65 0.638001 0.422197 0.575031 0.803204
4 0.581865 0.593822 0.645128 0.503432
65 0.378798 0.411613 0.594361 0.651602
29 0.638001 0.422197 0.575031 0.803204
34 0.489801 0.396167 0.708977 0.746568
4 0.468616 0.523455 0.812268 0.55492
35 0.489801 0.396167 0.708977 0.746568
56 0.492828 0.522311 0.845071 0.600686
35 0.570833 0.509725 0.757791 0.648741
8 0.392466 0.576659 0.647471 0.408467
4 0.493609 0.458238 0.971597 0.668192
52 0.500638 0.486842 0.970035 0.6373
2 0.500638 0.486842 0.970035 0.6373
20 0.493609 0.458238 0.971597 0.668192
65 0.493609 0.458238 0.971597 0.668192
36 0.493609 0.458238 0.971597 0.668192
62 0.501029 0.477403 0.969254 0.649313
23 0.500638 0.486842 0.970035 0.6373
58 0.500638 0.486842 0.970035 0.6373
10 0.493609 0.458238 0.971597 0.668192
5 0.501029 0.477403 0.969254 0.649313
34 0.501029 0.477403 0.969254 0.649313
8 0.500638 0.486842 0.970035 0.6373
7 0.501029 0.477403 0.969254 0.649313
3 0.493609 0.458238 0.971597 0.668192
66 0.501029 0.477403 0.969254 0.649313
28 0.501029 0.477403 0.969254 0.649313
57 0.492828 0.460526 0.970035 0.668192
44 0.493609 0.458238 0.971597 0.668192
0 0.501029 0.477403 0.969254 0.649313
29 0.493609 0.458238 0.971597 0.668192
61 0.500638 0.486842 0.970035 0.6373
67 0.500638 0.486842 0.970035 0.6373
56 0.493609 0.458238 0.971597 0.668192
32 0.501029 0.477403 0.969254 0.649313
1 0.493609 0.458238 0.971597 0.668192
6 0.493609 0.458238 0.971597 0.668192
30 0.501029 0.477403 0.969254 0.649313
33 0.500638 0.486842 0.970035 0.6373
60 0.500638 0.486842 0.970035 0.6373
21 0.500638 0.486842 0.970035 0.6373
59 0.493609 0.458238 0.971597 0.668192
69 0.500638 0.486842 0.970035 0.6373
22 0.501029 0.477403 0.969254 0.649313
35 0.493609 0.458238 0.971597 0.668192
45 0.500638 0.486842 0.970035 0.6373
58 0.566244 0.553776 0.81383 0.542334
31 0.500638 0.486842 0.970035 0.6373
39 0.501029 0.477403 0.969254 0.649313
4 0.566244 0.553776 0.81383 0.542334
2 0.566244 0.553776 0.81383 0.542334
23 0.566244 0.553776 0.81383 0.542334
36 0.566244 0.553776 0.81383 0.542334
10 0.518992 0.55778 0.873969 0.518307
52 0.566244 0.553776 0.81383 0.542334
62 0.566244 0.553776 0.81383 0.542334
5 0.566244 0.553776 0.81383 0.542334
67 0.566244 0.553776 0.81383 0.542334
34 0.566244 0.553776 0.81383 0.542334
59 0.566244 0.553776 0.81383 0.542334
58 0.576398 0.616133 0.723231 0.416476
57 0.566244 0.553776 0.81383 0.542334
65 0.3499 0.470252 0.637318 0.594966
28 0.566244 0.553776 0.81383 0.542334
52 0.404572 0.569794 0.726355 0.421053
21 0.566244 0.553776 0.81383 0.542334
58 0.404572 0.569794 0.726355 0.421053
8 0.566244 0.553776 0.81383 0.542334
30 0.566244 0.553776 0.81383 0.542334
0 0.566244 0.553776 0.81383 0.542334
23 0.404572 0.569794 0.726355 0.421053
20 0.566244 0.553776 0.81383 0.542334
33 0.566244 0.553776 0.81383 0.542334
61 0.566244 0.553776 0.81383 0.542334
36 0.404572 0.569794 0.726355 0.421053
65 0.589773 0.503146 0.752714 0.634439
61 0.404572 0.569794 0.726355 0.421053
7 0.566244 0.553776 0.81383 0.542334
29 0.589773 0.503146 0.752714 0.634439
60 0.566244 0.553776 0.81383 0.542334
3 0.518992 0.55778 0.873969 0.518307
68 0.44909 0.459668 0.876312 0.648169
20 0.404572 0.569794 0.726355 0.421053
2 0.404572 0.569794 0.726355 0.421053
39 0.566244 0.553776 0.81383 0.542334
32 0.566244 0.553776 0.81383 0.542334
5 0.404572 0.569794 0.726355 0.421053
10 0.404572 0.569794 0.726355 0.421053
44 0.518992 0.55778 0.873969 0.518307
54 0.436203 0.447941 0.822421 0.681922
4 0.3499 0.470252 0.637318 0.594966
20 0.3499 0.470252 0.637318 0.594966
4 0.404572 0.569794 0.726355 0.421053
8 0.404572 0.569794 0.726355 0.421053
68 0.3499 0.470252 0.637318 0.594966
0 0.450652 0.431636 0.674807 0.68135
28 0.3499 0.470252 0.637318 0.594966
45 0.566244 0.553776 0.81383 0.542334
0 0.632241 0.469966 0.553748 0.703089
56 0.518992 0.55778 0.873969 0.518307
23 0.576398 0.616133 0.723231 0.416476
67 0.404572 0.569794 0.726355 0.421053
5 0.576398 0.616133 0.723231 0.416476
57 0.576398 0.616133 0.723231 0.416476
10 0.3499 0.470252 0.637318 0.594966
56 0.404572 0.569794 0.726355 0.421053
36 0.3499 0.470252 0.637318 0.594966
44 0.404572 0.569794 0.726355 0.421053
69 0.404572 0.569794 0.726355 0.421053
44 0.3499 0.470252 0.637318 0.594966
65 0.404572 0.569794 0.726355 0.421053
31 0.566244 0.553776 0.81383 0.542334
1 0.3499 0.470252 0.637318 0.594966
54 0.392856 0.42706 0.605296 0.651602
33 0.404572 0.569794 0.726355 0.421053
41 0.455338 0.455378 0.891932 0.652174
66 0.492047 0.421911 0.58577 0.684783
3 0.404572 0.569794 0.726355 0.421053
35 0.566244 0.553776 0.81383 0.542334
66 0.3499 0.470252 0.637318 0.594966
1 0.566244 0.553776 0.81383 0.542334
58 0.685741 0.5871 0.502981 0.48484
2 0.576398 0.616133 0.723231 0.416476
6 0.346776 0.497712 0.627164 0.565217
32 0.404572 0.569794 0.726355 0.421053
59 0.576398 0.616133 0.723231 0.416476
4 0.49478 0.471682 0.978626 0.651602
2 0.495952 0.481693 0.980969 0.655606
52 0.495952 0.481693 0.980969 0.655606
3 0.49478 0.471682 0.978626 0.651602
10 0.49478 0.471682 0.978626 0.651602
44 0.49478 0.471682 0.978626 0.651602
28 0.495952 0.477689 0.982531 0.657895
33 0.495952 0.477689 0.982531 0.657895
8 0.49478 0.471682 0.978626 0.651602
65 0.49478 0.471682 0.978626 0.651602
69 0.49478 0.471682 0.978626 0.651602
62 0.495952 0.477689 0.982531 0.657895
0 0.49478 0.471682 0.978626 0.651602
66 0.49478 0.471682 0.978626 0.651602
61 0.495952 0.481693 0.980969 0.655606
20 0.49478 0.471682 0.978626 0.651602
67 0.495952 0.481693 0.980969 0.655606
36 0.49478 0.471682 0.978626 0.651602
5 0.495952 0.481693 0.980969 0.655606
23 0.495952 0.481693 0.980969 0.655606
32 0.495952 0.477689 0.982531 0.657895
6 0.49478 0.471682 0.978626 0.651602
7 0.495952 0.477689 0.982531 0.657895
56 0.49478 0.471682 0.978626 0.651602
1 0.49478 0.471682 0.978626 0.651602
21 0.495952 0.481693 0.980969 0.655606
57 0.495952 0.481693 0.980969 0.655606
35 0.495952 0.477689 0.982531 0.657895
60 0.49478 0.471682 0.978626 0.651602
34 0.495952 0.477689 0.982531 0.657895
45 0.495952 0.481693 0.980969 0.655606
29 0.49478 0.471682 0.978626 0.651602
22 0.495952 0.481693 0.980969 0.655606
58 0.495952 0.481693 0.980969 0.655606
30 0.495952 0.481693 0.980969 0.655606
39 0.495952 0.481693 0.980969 0.655606
59 0.495952 0.481693 0.980969 0.655606
54 0.490485 0.464531 0.955976 0.679634
31 0.495952 0.481693 0.980969 0.655606
52 0.413163 0.536327 0.738851 0.491419
68 0.469397 0.469108 0.899743 0.636156
4 0.413163 0.536327 0.738851 0.491419
54 0.391685 0.431636 0.636537 0.627574
23 0.413163 0.536327 0.738851 0.491419
28 0.353024 0.480549 0.643566 0.590389
2 0.413163 0.536327 0.738851 0.491419
69 0.413163 0.536327 0.738851 0.491419
10 0.413163 0.536327 0.738851 0.491419
33 0.413163 0.536327 0.738851 0.491419
36 0.413163 0.536327 0.738851 0.491419
58 0.413163 0.536327 0.738851 0.491419
61 0.413163 0.536327 0.738851 0.491419
3 0.413163 0.536327 0.738851 0.491419
44 0.413163 0.536327 0.738851 0.491419
66 0.478769 0.415904 0.720106 0.726545
8 0.413163 0.536327 0.738851 0.491419
54 0.478769 0.415904 0.720106 0.726545
68 0.353024 0.480549 0.643566 0.590389
6 0.478769 0.415904 0.720106 0.726545
54 0.310458 0.463101 0.537346 0.620709
66 0.353024 0.480549 0.643566 0.590389
5 0.413163 0.536327 0.738851 0.491419
67 0.413163 0.536327 0.738851 0.491419
56 0.413163 0.536327 0.738851 0.491419
57 0.413163 0.536327 0.738851 0.491419
32 0.413163 0.536327 0.738851 0.491419
65 0.353024 0.480549 0.643566 0.590389
4 0.495171 0.468822 0.974721 0.656179
2 0.495171 0.468822 0.974721 0.656179
8 0.495171 0.468822 0.974721 0.656179
10 0.495171 0.468822 0.974721 0.656179
28 0.495171 0.468822 0.974721 0.656179
44 0.495171 0.468822 0.974721 0.656179
52 0.495171 0.468822 0.974721 0.656179
36 0.495171 0.468822 0.974721 0.656179
62 0.495171 0.468822 0.974721 0.656179
65 0.495171 0.468822 0.974721 0.656179
1 0.495171 0.468822 0.974721 0.656179
33 0.495171 0.468822 0.974721 0.656179
20 0.495171 0.468822 0.974721 0.656179
61 0.495171 0.468822 0.974721 0.656179
3 0.495171 0.468822 0.974721 0.656179
29 0.495171 0.468822 0.974721 0.656179
7 0.495171 0.468822 0.974721 0.656179
21 0.495171 0.468822 0.974721 0.656179
6 0.495171 0.468822 0.974721 0.656179
56 0.495171 0.468822 0.974721 0.656179
34 0.495171 0.468822 0.974721 0.656179
30 0.495171 0.468822 0.974721 0.656179
45 0.492828 0.454805 0.970035 0.689931
0 0.495171 0.468822 0.974721 0.656179
23 0.492828 0.454805 0.970035 0.689931
5 0.495171 0.468822 0.974721 0.656179
59 0.495171 0.468822 0.974721 0.656179
66 0.495171 0.468822 0.974721 0.656179
35 0.495171 0.468822 0.974721 0.656179
32 0.495171 0.468822 0.974721 0.656179
67 0.495171 0.468822 0.974721 0.656179
69 0.495171 0.468822 0.974721 0.656179
57 0.492828 0.454805 0.970035 0.689931
39 0.496733 0.473684 0.974721 0.663616
22 0.495171 0.468822 0.974721 0.656179
60 0.495171 0.468822 0.974721 0.656179
54 0.459634 0.462243 0.873969 0.659039
58 0.496733 0.473684 0.974721 0.663616
31 0.495171 0.468822 0.974721 0.656179
28 0.3499 0.478261 0.64669 0.604119
68 0.472131 0.466819 0.908334 0.640732
10 0.3499 0.478261 0.64669 0.604119
58 0.588894 0.0504148 0.666997 0.10083
4 0.565854 0.048484 0.724012 0.096968
54 0.3499 0.478261 0.64669 0.604119
1 0.3499 0.478261 0.64669 0.604119
4 0.3499 0.478261 0.64669 0.604119
65 0.3499 0.478261 0.64669 0.604119
23 0.416678 0.488844 0.741194 0.614989
33 0.3499 0.478261 0.64669 0.604119
7 0.3499 0.478261 0.64669 0.604119
44 0.3499 0.478261 0.64669 0.604119
68 0.3499 0.478261 0.64669 0.604119
31 0.565854 0.048484 0.724012 0.096968
0 0.3499 0.478261 0.64669 0.604119
23 0.565854 0.048484 0.724012 0.096968
52 0.565854 0.048484 0.724012 0.096968
20 0.3499 0.478261 0.64669 0.604119
59 0.565854 0.048484 0.724012 0.096968
29 0.3499 0.478261 0.64669 0.604119
62 0.3499 0.478261 0.64669 0.604119
61 0.3499 0.478261 0.64669 0.604119
57 0.416678 0.488844 0.741194 0.614989
2 0.565854 0.048484 0.724012 0.096968
52 0.350681 0.487986 0.638099 0.610984
4 0.51743 0.533824 0.780246 0.582237
36 0.350681 0.487986 0.638099 0.610984
45 0.416678 0.488844 0.741194 0.614989
56 0.3499 0.478261 0.64669 0.604119
5 0.3499 0.478261 0.64669 0.604119
8 0.3499 0.478261 0.64669 0.604119
3 0.3499 0.478261 0.64669 0.604119
10 0.565854 0.048484 0.724012 0.096968
34 0.3499 0.478261 0.64669 0.604119
58 0.51743 0.533824 0.780246 0.582237
65 0.565854 0.048484 0.724012 0.096968
67 0.565854 0.048484 0.724012 0.096968
57 0.59358 0.0519165 0.684179 0.103833
36 0.565854 0.048484 0.724012 0.096968
20 0.565854 0.048484 0.724012 0.096968
32 0.565854 0.048484 0.724012 0.096968
21 0.51743 0.533824 0.780246 0.582237
2 0.498295 0.462529 0.984093 0.663043
8 0.495171 0.459382 0.982531 0.648741
4 0.498295 0.462529 0.984093 0.663043
61 0.498295 0.462529 0.984093 0.663043
52 0.498295 0.462529 0.984093 0.663043
5 0.498295 0.462529 0.984093 0.663043
44 0.495171 0.459382 0.982531 0.648741
3 0.498295 0.462529 0.984093 0.663043
28 0.498295 0.462529 0.984093 0.663043
65 0.495171 0.459382 0.982531 0.648741
34 0.498295 0.462529 0.984093 0.663043
45 0.498295 0.462529 0.984093 0.663043
36 0.498295 0.462529 0.984093 0.663043
33 0.495171 0.459382 0.982531 0.648741
29 0.495171 0.459382 0.982531 0.648741
21 0.498295 0.462529 0.984093 0.663043
10 0.498295 0.462529 0.984093 0.663043
30 0.498295 0.462529 0.984093 0.663043
1 0.498295 0.462529 0.984093 0.663043
20 0.495171 0.459382 0.982531 0.648741
7 0.496733 0.465103 0.980969 0.671625
67 0.498295 0.462529 0.984093 0.663043
69 0.496733 0.465103 0.980969 0.671625
6 0.495171 0.459382 0.982531 0.648741
0 0.498295 0.462529 0.984093 0.663043
39 0.498295 0.462529 0.984093 0.663043
62 0.498295 0.462529 0.984093 0.663043
32 0.498295 0.462529 0.984093 0.663043
66 0.493609 0.46167 0.980969 0.653318
56 0.498295 0.462529 0.984093 0.663043
23 0.498295 0.462529 0.984093 0.663043
60 0.498295 0.462529 0.984093 0.663043
35 0.493609 0.46167 0.980969 0.653318
22 0.498295 0.462529 0.984093 0.663043
57 0.495171 0.459382 0.982531 0.648741
58 0.498295 0.462529 0.984093 0.663043
54 0.493609 0.46167 0.980969 0.653318
31 0.498295 0.462529 0.984093 0.663043
59 0.498295 0.462529 0.984093 0.663043
68 0.493609 0.46167 0.980969 0.653318
2 0.604612 0.447654 0.702729 0.729405
21 0.478867 0.520523 0.791766 0.560784
28 0.359077 0.47776 0.668949 0.57766
39 0.447528 0.521739 0.77634 0.526316
34 0.478867 0.520523 0.791766 0.560784
4 0.478867 0.520523 0.791766 0.560784
8 0.478867 0.520523 0.791766 0.560784
8 0.359077 0.47776 0.668949 0.57766
23 0.478867 0.520523 0.791766 0.560784
8 0.495171 0.467963 0.974721 0.644165
2 0.495171 0.467963 0.974721 0.644165
61 0.495171 0.467963 0.974721 0.644165
52 0.492047 0.473684 0.963787 0.649886
10 0.495171 0.467963 0.974721 0.644165
3 0.492047 0.473684 0.963787 0.649886
6 0.495171 0.467963 0.974721 0.644165
28 0.495171 0.467963 0.974721 0.644165
62 0.495171 0.467963 0.974721 0.644165
5 0.495171 0.467963 0.974721 0.644165
34 0.495171 0.467963 0.974721 0.644165
0 0.495171 0.467963 0.974721 0.644165
36 0.495171 0.467963 0.974721 0.644165
33 0.495171 0.467963 0.974721 0.644165
7 0.495171 0.467963 0.974721 0.644165
69 0.495171 0.467963 0.974721 0.644165
4 0.495171 0.467963 0.974721 0.644165
29 0.495171 0.467963 0.974721 0.644165
44 0.495171 0.467963 0.974721 0.644165
56 0.495171 0.467963 0.974721 0.644165
58 0.492047 0.473684 0.963787 0.649886
67 0.495171 0.467963 0.974721 0.644165
23 0.495171 0.467963 0.974721 0.644165
60 0.492047 0.473684 0.963787 0.649886
21 0.492047 0.473684 0.963787 0.649886
1 0.495171 0.467963 0.974721 0.644165
20 0.495171 0.467963 0.974721 0.644165
57 0.495171 0.467963 0.974721 0.644165
65 0.495171 0.467963 0.974721 0.644165
45 0.495171 0.467963 0.974721 0.644165
54 0.492437 0.469108 0.96613 0.653318
66 0.495171 0.467963 0.974721 0.644165
30 0.492047 0.473684 0.963787 0.649886
39 0.492047 0.473684 0.963787 0.649886
35 0.492437 0.469108 0.96613 0.653318
32 0.492047 0.473684 0.963787 0.649886
22 0.492047 0.473684 0.963787 0.649886
59 0.495171 0.467963 0.974721 0.644165
31 0.492047 0.473684 0.963787 0.649886
68 0.495171 0.467963 0.974721 0.644165
58 0.56273 0.0569222 0.700581 0.113844
52 0.604515 0.506007 0.710734 0.62643
52 0.424195 0.498212 0.765211 0.568793
2 0.424195 0.498212 0.765211 0.568793
2 0.604515 0.506007 0.710734 0.62643
58 0.599047 0.524027 0.712296 0.594966
10 0.604515 0.506007 0.710734 0.62643
36 0.604515 0.506007 0.710734 0.62643
59 0.56273 0.0569222 0.700581 0.113844
23 0.604515 0.506007 0.710734 0.62643
5 0.424195 0.498212 0.765211 0.568793
58 0.424195 0.498212 0.765211 0.568793
34 0.424195 0.498212 0.765211 0.568793
57 0.383484 0.488272 0.712296 0.584096
4 0.56273 0.0569222 0.700581 0.113844
62 0.604515 0.506007 0.710734 0.62643
21 0.424195 0.498212 0.765211 0.568793
2 0.500638 0.478261 0.974721 0.661327
8 0.500638 0.478261 0.974721 0.661327
4 0.500638 0.478261 0.974721 0.661327
36 0.500638 0.478261 0.974721 0.661327
61 0.500638 0.478261 0.974721 0.661327
52 0.500638 0.478261 0.974721 0.661327
6 0.500638 0.478261 0.974721 0.661327
65 0.500638 0.478261 0.974721 0.661327
35 0.499076 0.480549 0.973159 0.661327
3 0.500638 0.478261 0.974721 0.661327
10 0.500638 0.478261 0.974721 0.661327
30 0.500638 0.478261 0.974721 0.661327
33 0.500638 0.478261 0.974721 0.661327
44 0.500638 0.478261 0.974721 0.661327
69 0.499076 0.480549 0.973159 0.661327
21 0.500638 0.478261 0.974721 0.661327
5 0.500638 0.478261 0.974721 0.661327
62 0.500638 0.478261 0.974721 0.661327
29 0.498295 0.474828 0.980969 0.647597
1 0.500638 0.478261 0.974721 0.661327
34 0.500638 0.478261 0.974721 0.661327
7 0.499076 0.480549 0.973159 0.661327
45 0.500638 0.478261 0.974721 0.661327
66 0.499076 0.480549 0.973159 0.661327
28 0.500638 0.478261 0.974721 0.661327
39 0.500638 0.478261 0.974721 0.661327
32 0.500638 0.478261 0.974721 0.661327
20 0.500638 0.478261 0.974721 0.661327
0 0.500638 0.478261 0.974721 0.661327
67 0.500638 0.478261 0.974721 0.661327
56 0.500638 0.478261 0.974721 0.661327
54 0.499076 0.480549 0.973159 0.661327
23 0.500638 0.478261 0.974721 0.661327
57 0.500638 0.478261 0.974721 0.661327
31 0.500638 0.478261 0.974721 0.661327
22 0.500638 0.478261 0.974721 0.661327
60 0.499076 0.480549 0.973159 0.661327
59 0.500638 0.478261 0.974721 0.661327
58 0.500638 0.478261 0.974721 0.661327
68 0.498295 0.474828 0.980969 0.647597
2 0.482674 0.470824 0.954414 0.648741
52 0.482284 0.474542 0.950509 0.652746
61 0.482674 0.470824 0.954414 0.648741
10 0.482674 0.470824 0.954414 0.648741
0 0.483065 0.465961 0.955195 0.660755
3 0.482284 0.474542 0.950509 0.652746
62 0.482674 0.470824 0.954414 0.648741
36 0.482674 0.470824 0.954414 0.648741
4 0.480722 0.470538 0.950509 0.665332
69 0.482284 0.474542 0.950509 0.652746
56 0.482674 0.470824 0.954414 0.648741
6 0.482674 0.470824 0.954414 0.648741
8 0.482674 0.470824 0.954414 0.648741
60 0.482284 0.474542 0.950509 0.652746
5 0.482284 0.474542 0.950509 0.652746
67 0.482674 0.470824 0.954414 0.648741
23 0.482674 0.470824 0.954414 0.648741
44 0.482674 0.470824 0.954414 0.648741
32 0.482674 0.470824 0.954414 0.648741
58 0.482284 0.474542 0.950509 0.652746
34 0.483065 0.465961 0.955195 0.660755
1 0.482674 0.470824 0.954414 0.648741
28 0.480722 0.470538 0.950509 0.665332
33 0.482674 0.470824 0.954414 0.648741
57 0.482674 0.470824 0.954414 0.648741
22 0.482284 0.474542 0.950509 0.652746
65 0.482674 0.470824 0.954414 0.648741
7 0.482284 0.474542 0.950509 0.652746
21 0.482284 0.474542 0.950509 0.652746
29 0.483065 0.465961 0.955195 0.660755
45 0.480722 0.470538 0.950509 0.665332
39 0.482284 0.474542 0.950509 0.652746
35 0.482674 0.470824 0.954414 0.648741
31 0.482284 0.474542 0.950509 0.652746
20 0.482674 0.470824 0.954414 0.648741
54 0.482674 0.470824 0.954414 0.648741
66 0.482674 0.470824 0.954414 0.648741
30 0.482284 0.474542 0.950509 0.652746
68 0.483065 0.465961 0.955195 0.660755
59 0.480722 0.470538 0.950509 0.665332
58 0.512744 0.031393 0.653719 0.062786
2 0.488532 0.470252 0.955195 0.633867
36 0.488532 0.474256 0.944261 0.6373
4 0.488532 0.474256 0.944261 0.6373
8 0.488532 0.470252 0.955195 0.633867
61 0.488532 0.474256 0.944261 0.6373
10 0.488532 0.474256 0.944261 0.6373
21 0.488532 0.474256 0.944261 0.6373
52 0.488532 0.474256 0.944261 0.6373
28 0.488532 0.470252 0.955195 0.633867
65 0.488532 0.470252 0.955195 0.633867
3 0.488532 0.474256 0.944261 0.6373
33 0.488532 0.470252 0.955195 0.633867
5 0.488532 0.474256 0.944261 0.6373
35 0.485799 0.4754 0.952852 0.646453
39 0.488532 0.474256 0.944261 0.6373
1 0.488532 0.474256 0.944261 0.6373
45 0.488532 0.474256 0.944261 0.6373
34 0.488532 0.470252 0.955195 0.633867
7 0.488532 0.474256 0.944261 0.6373
62 0.488532 0.474256 0.944261 0.6373
6 0.485799 0.4754 0.952852 0.646453
20 0.488532 0.474256 0.944261 0.6373
56 0.488532 0.470252 0.955195 0.633867
57 0.488532 0.474256 0.944261 0.6373
44 0.488532 0.470252 0.955195 0.633867
0 0.488532 0.470252 0.955195 0.633867
30 0.488532 0.474256 0.944261 0.6373
66 0.488142 0.480263 0.945042 0.65389
29 0.488532 0.470252 0.955195 0.633867
69 0.488142 0.480263 0.945042 0.65389
32 0.488532 0.474256 0.944261 0.6373
22 0.488532 0.474256 0.944261 0.6373
67 0.488532 0.474256 0.944261 0.6373
54 0.488532 0.470252 0.955195 0.633867
31 0.485799 0.4754 0.952852 0.646453
60 0.488532 0.474256 0.944261 0.6373
23 0.489704 0.470252 0.946604 0.646453
68 0.488532 0.470252 0.955195 0.633867
59 0.489704 0.470252 0.946604 0.646453
58 0.488532 0.474256 0.944261 0.6373
4 0.514696 0.564645 0.804457 0.465675
2 0.576398 0.510584 0.71542 0.589817
10 0.493609 0.465389 0.968473 0.641304
61 0.493609 0.465389 0.968473 0.641304
36 0.493609 0.465389 0.968473 0.641304
62 0.495561 0.465389 0.961444 0.648169
33 0.493609 0.465389 0.968473 0.641304
52 0.495561 0.465389 0.961444 0.648169
8 0.493609 0.465389 0.968473 0.641304
21 0.493609 0.465389 0.968473 0.641304
28 0.493609 0.465389 0.968473 0.641304
65 0.493609 0.465389 0.968473 0.641304
34 0.493609 0.465389 0.968473 0.641304
44 0.493609 0.465389 0.968473 0.641304
23 0.493609 0.465389 0.968473 0.641304
69 0.493999 0.477689 0.961444 0.648741
39 0.495561 0.465389 0.961444 0.648169
2 0.491656 0.472254 0.96613 0.637872
4 0.493999 0.477689 0.961444 0.648741
35 0.491656 0.472254 0.96613 0.637872
3 0.495561 0.465389 0.961444 0.648169
57 0.493609 0.465389 0.968473 0.641304
67 0.495561 0.465389 0.961444 0.648169
5 0.495561 0.465389 0.961444 0.648169
0 0.495561 0.465389 0.961444 0.648169
56 0.493609 0.465389 0.968473 0.641304
58 0.495561 0.465389 0.961444 0.648169
22 0.495561 0.465389 0.961444 0.648169
7 0.495561 0.465389 0.961444 0.648169
6 0.493999 0.477689 0.961444 0.648741
4 0.488532 0.0474113 0.880217 0.0948227
1 0.495561 0.465389 0.961444 0.648169
58 0.488532 0.0474113 0.880217 0.0948227
31 0.493999 0.477689 0.961444 0.648741
31 0.488532 0.0474113 0.880217 0.0948227
60 0.495561 0.465389 0.961444 0.648169
29 0.493609 0.465389 0.968473 0.641304
59 0.495561 0.465389 0.961444 0.648169
23 0.488532 0.0474113 0.880217 0.0948227
68 0.493609 0.465389 0.968473 0.641304
45 0.493609 0.465389 0.968473 0.641304
32 0.495561 0.465389 0.961444 0.648169
20 0.495561 0.465389 0.961444 0.648169
59 0.488532 0.0474113 0.880217 0.0948227
30 0.495561 0.465389 0.961444 0.648169
32 0.488532 0.0474113 0.880217 0.0948227
67 0.488532 0.0474113 0.880217 0.0948227
3 0.488532 0.0474113 0.880217 0.0948227
68 0.488532 0.0474113 0.880217 0.0948227
57 0.488532 0.0474113 0.880217 0.0948227
39 0.488532 0.0474113 0.880217 0.0948227
2 0.488532 0.0474113 0.880217 0.0948227
54 0.493609 0.465389 0.968473 0.641304
22 0.488532 0.0474113 0.880217 0.0948227
5 0.488532 0.0474113 0.880217 0.0948227
7 0.488532 0.0474113 0.880217 0.0948227
30 0.488532 0.0474113 0.880217 0.0948227
56 0.488532 0.0474113 0.880217 0.0948227
52 0.488532 0.0474113 0.880217 0.0948227
6 0.488532 0.0474113 0.880217 0.0948227
10 0.488532 0.0474113 0.880217 0.0948227
1 0.488532 0.0474113 0.880217 0.0948227
28 0.488532 0.0474113 0.880217 0.0948227
69 0.488532 0.0474113 0.880217 0.0948227
66 0.493999 0.477689 0.961444 0.648741
20 0.488532 0.0474113 0.880217 0.0948227
10 0.360053 0.473684 0.674807 0.602975
21 0.360053 0.473684 0.674807 0.602975
29 0.488532 0.0474113 0.880217 0.0948227
60 0.488532 0.0474113 0.880217 0.0948227
36 0.488532 0.0474113 0.880217 0.0948227
0 0.488532 0.0474113 0.880217 0.0948227
33 0.360053 0.473684 0.674807 0.602975
10 0.630679 0.507151 0.613106 0.59897
33 0.489704 0.47254 0.971597 0.649886
36 0.489704 0.47254 0.971597 0.649886
10 0.488923 0.46968 0.977845 0.641876
62 0.489704 0.47254 0.971597 0.649886
61 0.488923 0.46968 0.977845 0.641876
65 0.489704 0.47254 0.971597 0.649886
34 0.488923 0.46968 0.977845 0.641876
8 0.488923 0.46968 0.977845 0.641876
35 0.488142 0.46968 0.970035 0.668192
28 0.488923 0.46968 0.977845 0.641876
2 0.48697 0.468536 0.97394 0.653318
21 0.488923 0.46968 0.977845 0.641876
6 0.488142 0.46968 0.970035 0.668192
44 0.488923 0.46968 0.977845 0.641876
52 0.488923 0.46968 0.977845 0.641876
39 0.489704 0.47254 0.971597 0.649886
57 0.488923 0.46968 0.977845 0.641876
69 0.488142 0.46968 0.970035 0.668192
29 0.488923 0.46968 0.977845 0.641876
5 0.489704 0.47254 0.971597 0.649886
67 0.489704 0.47254 0.971597 0.649886
20 0.489704 0.47254 0.971597 0.649886
7 0.489704 0.47254 0.971597 0.649886
66 0.488142 0.46968 0.970035 0.668192
23 0.488923 0.46968 0.977845 0.641876
1 0.489704 0.47254 0.971597 0.649886
0 0.488923 0.46968 0.977845 0.641876
54 0.488923 0.46968 0.977845 0.641876
30 0.489704 0.47254 0.971597 0.649886
3 0.489704 0.47254 0.971597 0.649886
22 0.489704 0.47254 0.971597 0.649886
4 0.488142 0.46968 0.970035 0.668192
56 0.488923 0.46968 0.977845 0.641876
60 0.489704 0.47254 0.971597 0.649886
31 0.48697 0.468536 0.97394 0.653318
32 0.489704 0.47254 0.971597 0.649886
68 0.488923 0.46968 0.977845 0.641876
45 0.489704 0.46968 0.970035 0.662471
58 0.48697 0.468536 0.97394 0.653318
59 0.48697 0.468536 0.97394 0.653318
36 0.60139 0.492563 0.696676 0.639588
33 0.60139 0.492563 0.696676 0.639588
10 0.60139 0.492563 0.696676 0.639588
62 0.60139 0.492563 0.696676 0.639588
33 0.492828 0.471968 0.960663 0.65103
65 0.492828 0.471968 0.960663 0.65103
34 0.492828 0.471968 0.960663 0.65103
36 0.492828 0.471968 0.960663 0.65103
62 0.492828 0.471968 0.960663 0.65103
61 0.492828 0.471968 0.960663 0.65103
8 0.492828 0.471968 0.960663 0.65103
21 0.492828 0.471968 0.960663 0.65103
35 0.492047 0.479119 0.962225 0.666476
29 0.492047 0.47254 0.959101 0.65103
44 0.492828 0.471396 0.970035 0.639588
52 0.492828 0.471968 0.960663 0.65103
28 0.492828 0.471968 0.960663 0.65103
45 0.492047 0.47254 0.959101 0.65103
10 0.492828 0.471968 0.960663 0.65103
30 0.492828 0.471968 0.960663 0.65103
67 0.492047 0.479119 0.962225 0.666476
39 0.492828 0.471968 0.960663 0.65103
2 0.492047 0.479119 0.962225 0.666476
6 0.492047 0.479119 0.962225 0.666476
57 0.492828 0.471968 0.960663 0.65103
4 0.492047 0.479119 0.962225 0.666476
23 0.492828 0.471396 0.970035 0.639588
20 0.492828 0.471968 0.960663 0.65103
0 0.492047 0.47254 0.959101 0.65103
7 0.492047 0.47254 0.959101 0.65103
54 0.492047 0.47254 0.959101 0.65103
56 0.492828 0.471396 0.970035 0.639588
66 0.492047 0.479119 0.962225 0.666476
69 0.492047 0.479119 0.962225 0.666476
1 0.492828 0.471968 0.960663 0.65103
5 0.492047 0.47254 0.959101 0.65103
3 0.492047 0.47254 0.959101 0.65103
60 0.492047 0.479119 0.962225 0.666476
31 0.492047 0.479119 0.962225 0.666476
33 0.601 0.550343 0.705267 0.52746
32 0.492047 0.479119 0.962225 0.666476
22 0.492828 0.471968 0.960663 0.65103
65 0.601 0.550343 0.705267 0.52746
68 0.492828 0.471968 0.960663 0.65103
34 0.601 0.550343 0.705267 0.52746
59 0.492437 0.476259 0.967692 0.65389
62 0.601 0.550343 0.705267 0.52746
21 0.601 0.550343 0.705267 0.52746
36 0.601 0.550343 0.705267 0.52746
33 0.602855 0.446224 0.678126 0.727689
65 0.602855 0.446224 0.678126 0.727689
4 0.508448 0.542906 0.863815 0.516018
36 0.478769 0.47397 0.957539 0.668764
34 0.481112 0.470252 0.959101 0.649886
61 0.481112 0.470252 0.959101 0.649886
33 0.481112 0.470252 0.959101 0.649886
65 0.481112 0.470252 0.959101 0.649886
21 0.481112 0.470252 0.959101 0.649886
62 0.488923 0.473684 0.968473 0.663616
8 0.481112 0.470252 0.959101 0.649886
35 0.478769 0.47397 0.957539 0.668764
10 0.488923 0.473684 0.968473 0.663616
29 0.47916 0.457094 0.955195 0.683066
44 0.481112 0.470252 0.959101 0.649886
52 0.488923 0.473684 0.968473 0.663616
28 0.481112 0.470252 0.959101 0.649886
23 0.481112 0.470252 0.959101 0.649886
57 0.478769 0.47397 0.957539 0.668764
39 0.488923 0.473684 0.968473 0.663616
67 0.48697 0.473684 0.969254 0.689931
30 0.478769 0.47397 0.957539 0.668764
45 0.47916 0.457094 0.955195 0.683066
6 0.478769 0.47397 0.957539 0.668764
2 0.478769 0.47397 0.957539 0.668764
69 0.48697 0.473684 0.969254 0.689931
60 0.48697 0.473684 0.969254 0.689931
4 0.48697 0.473684 0.969254 0.689931
56 0.488923 0.473684 0.968473 0.663616
0 0.48697 0.473684 0.969254 0.689931
20 0.481112 0.470252 0.959101 0.649886
54 0.481112 0.470252 0.959101 0.649886
7 0.48697 0.473684 0.969254 0.689931
31 0.478769 0.47397 0.957539 0.668764
32 0.488923 0.473684 0.968473 0.663616
5 0.488923 0.473684 0.968473 0.663616
66 0.480331 0.465389 0.954414 0.64016
1 0.488923 0.473684 0.968473 0.663616
22 0.488923 0.473684 0.968473 0.663616
58 0.48697 0.473684 0.969254 0.689931
68 0.488923 0.473684 0.968473 0.663616
3 0.488923 0.460526 0.965349 0.69222
18 0.481112 0.470252 0.959101 0.649886
4 0.491656 0.0380077 0.756815 0.0760155
59 0.478769 0.47397 0.957539 0.668764
33 0.488142 0.48484 0.960663 0.663043
61 0.488142 0.477689 0.957539 0.661327
36 0.488142 0.477689 0.957539 0.661327
62 0.488142 0.48484 0.960663 0.663043
34 0.488142 0.477689 0.957539 0.661327
65 0.488142 0.477689 0.957539 0.661327
21 0.488142 0.477689 0.957539 0.661327
35 0.485408 0.480835 0.959882 0.656178
10 0.488142 0.477689 0.957539 0.661327
8 0.48658 0.476545 0.960663 0.648741
52 0.488142 0.477689 0.957539 0.661327
44 0.48658 0.476545 0.960663 0.648741
29 0.489704 0.476545 0.957539 0.672769
39 0.48658 0.476545 0.960663 0.648741
28 0.488142 0.477689 0.957539 0.661327
45 0.489704 0.476545 0.957539 0.672769
67 0.488142 0.48484 0.960663 0.663043
6 0.485408 0.480835 0.959882 0.656178
2 0.485408 0.480835 0.959882 0.656178
57 0.485408 0.480835 0.959882 0.656178
60 0.488142 0.48484 0.960663 0.663043
23 0.48658 0.476545 0.960663 0.648741
7 0.488142 0.48484 0.960663 0.663043
30 0.485408 0.480835 0.959882 0.656178
56 0.485799 0.4754 0.957539 0.657895
0 0.488142 0.48484 0.960663 0.663043
69 0.488142 0.48484 0.960663 0.663043
54 0.489704 0.476545 0.957539 0.672769
20 0.48658 0.476545 0.960663 0.648741
33 0.581865 0.437071 0.716982 0.745995
66 0.488142 0.48484 0.960663 0.663043
65 0.581865 0.437071 0.716982 0.745995
1 0.485799 0.4754 0.957539 0.657895
32 0.48658 0.476545 0.960663 0.648741
5 0.485799 0.4754 0.957539 0.657895
31 0.485408 0.480835 0.959882 0.656178
3 0.485799 0.4754 0.957539 0.657895
33 0.599828 0.555063 0.648252 0.532895
62 0.581865 0.437071 0.716982 0.745995
65 0.599828 0.555063 0.648252 0.532895
22 0.488142 0.48484 0.960663 0.663043
36 0.581865 0.437071 0.716982 0.745995
68 0.488142 0.48484 0.960663 0.663043
4 0.488142 0.48484 0.960663 0.663043
34 0.581865 0.437071 0.716982 0.745995
21 0.581865 0.437071 0.716982 0.745995
61 0.581865 0.437071 0.716982 0.745995
21 0.515087 0.567649 0.808362 0.493993
59 0.485408 0.480835 0.959882 0.656178
34 0.599828 0.555063 0.648252 0.532895
58 0.485408 0.480835 0.959882 0.656178
52 0.581865 0.437071 0.716982 0.745995
36 0.599828 0.555063 0.648252 0.532895
18 0.488142 0.477689 0.957539 0.661327
29 0.515087 0.567649 0.808362 0.493993
36 0.495171 0.48341 0.962225 0.65103
33 0.495171 0.48341 0.962225 0.65103
61 0.495171 0.48341 0.962225 0.65103
62 0.495171 0.48341 0.962225 0.65103
34 0.496733 0.479405 0.959101 0.643021
65 0.496733 0.479405 0.959101 0.643021
10 0.496733 0.479405 0.959101 0.643021
35 0.495171 0.48341 0.962225 0.65103
21 0.495171 0.48341 0.962225 0.65103
52 0.496733 0.479405 0.959101 0.643021
8 0.495171 0.48341 0.962225 0.65103
39 0.493609 0.478833 0.965349 0.644165
28 0.496733 0.479405 0.959101 0.643021
60 0.495171 0.48341 0.962225 0.65103
6 0.493609 0.478833 0.965349 0.644165
2 0.493609 0.478833 0.965349 0.644165
30 0.49478 0.471968 0.956758 0.628146
29 0.500638 0.468249 0.948166 0.672197
44 0.493609 0.478833 0.965349 0.644165
67 0.502981 0.479405 0.968473 0.66476
7 0.493609 0.478833 0.965349 0.644165
45 0.495171 0.48341 0.962225 0.65103
57 0.495171 0.48341 0.962225 0.65103
56 0.495561 0.477117 0.964568 0.633867
23 0.495561 0.477117 0.964568 0.633867
66 0.49478 0.471968 0.956758 0.628146
69 0.493609 0.478833 0.965349 0.644165
54 0.49478 0.471968 0.956758 0.628146
0 0.495171 0.48341 0.962225 0.65103
31 0.493609 0.478833 0.965349 0.644165
1 0.495561 0.477117 0.964568 0.633867
22 0.495561 0.477117 0.964568 0.633867
32 0.495171 0.48341 0.962225 0.65103
18 0.496733 0.479405 0.959101 0.643021
68 0.502981 0.479405 0.968473 0.66476
20 0.493609 0.478833 0.965349 0.644165
5 0.495561 0.477117 0.964568 0.633867
36 0.597876 0.566934 0.645909 0.489703
65 0.497904 0.331808 0.79118 0.601831
4 0.48658 0.466819 0.95129 0.615561
36 0.495171 0.481693 0.977845 0.656751
33 0.495171 0.481693 0.977845 0.656751
61 0.495171 0.481693 0.977845 0.656751
34 0.495952 0.481121 0.977845 0.648741
35 0.495171 0.481693 0.977845 0.656751
62 0.495171 0.481693 0.977845 0.656751
21 0.495952 0.475114 0.976283 0.665332
65 0.495952 0.475114 0.976283 0.665332
29 0.495952 0.475114 0.976283 0.665332
10 0.491656 0.478261 0.978626 0.640732
8 0.490485 0.480549 0.974721 0.653318
45 0.495952 0.475114 0.976283 0.665332
39 0.490485 0.480549 0.974721 0.653318
44 0.491656 0.478261 0.978626 0.640732
28 0.491656 0.478261 0.978626 0.640732
52 0.491656 0.478261 0.978626 0.640732
57 0.495171 0.481693 0.977845 0.656751
58 0.531489 0.0614989 0.872407 0.122998
30 0.490485 0.480549 0.974721 0.653318
23 0.552576 0.065718 0.8068 0.131436
59 0.552576 0.065718 0.8068 0.131436
6 0.490485 0.480549 0.974721 0.653318
54 0.495952 0.475114 0.976283 0.665332
2 0.490485 0.480549 0.974721 0.653318
4 0.531489 0.0614989 0.872407 0.122998
60 0.495171 0.481693 0.977845 0.656751
32 0.531489 0.0614989 0.872407 0.122998
67 0.552576 0.065718 0.8068 0.131436
56 0.489313 0.475973 0.97394 0.654462
23 0.491656 0.478261 0.978626 0.640732
7 0.490485 0.480549 0.974721 0.653318
66 0.495952 0.475114 0.976283 0.665332
31 0.527583 0.0543478 0.85991 0.108696
67 0.495171 0.481693 0.977845 0.656751
68 0.531489 0.0614989 0.872407 0.122998
69 0.490485 0.480549 0.974721 0.653318
34 0.575226 0.55163 0.725574 0.530606
36 0.575226 0.55163 0.725574 0.530606
30 0.531489 0.0614989 0.872407 0.122998
22 0.531489 0.0614989 0.872407 0.122998
39 0.531489 0.0614989 0.872407 0.122998
0 0.495952 0.475114 0.976283 0.665332
20 0.495952 0.475114 0.976283 0.665332
33 0.575226 0.55163 0.725574 0.530606
31 0.490485 0.480549 0.974721 0.653318
61 0.575226 0.55163 0.725574 0.530606
29 0.575226 0.55163 0.725574 0.530606
32 0.495171 0.481693 0.977845 0.656751
21 0.575226 0.55163 0.725574 0.530606
65 0.575226 0.55163 0.725574 0.530606
5 0.489313 0.475973 0.97394 0.654462
4 0.495952 0.475114 0.976283 0.665332
1 0.495952 0.475114 0.976283 0.665332
62 0.575226 0.55163 0.725574 0.530606
3 0.531489 0.0614989 0.872407 0.122998
59 0.518211 0.044837 0.825545 0.0896739
68 0.495952 0.475114 0.976283 0.665332
58 0.490485 0.480549 0.974721 0.653318
58 0.607639 0.0685069 0.649814 0.137014
23 0.518211 0.044837 0.825545 0.0896739
67 0.518211 0.044837 0.825545 0.0896739
28 0.531489 0.0614989 0.872407 0.122998
36 0.497123 0.480263 0.97394 0.666476
33 0.497123 0.480263 0.97394 0.666476
61 0.497123 0.480263 0.97394 0.666476
34 0.497514 0.479119 0.973159 0.656179
65 0.497514 0.479119 0.973159 0.656179
35 0.493609 0.475687 0.974721 0.655034
62 0.497123 0.480263 0.97394 0.666476
21 0.497514 0.479119 0.973159 0.656179
8 0.493609 0.475687 0.974721 0.655034
29 0.499076 0.480549 0.963787 0.660183
10 0.497123 0.480263 0.97394 0.666476
39 0.493609 0.475687 0.974721 0.655034
52 0.497123 0.480263 0.97394 0.666476
30 0.493609 0.475687 0.974721 0.655034
28 0.497123 0.480263 0.97394 0.666476
44 0.493999 0.475114 0.97394 0.64016
45 0.499076 0.480549 0.963787 0.660183
2 0.493609 0.475687 0.974721 0.655034
6 0.493609 0.475687 0.974721 0.655034
57 0.493609 0.475687 0.974721 0.655034
7 0.493609 0.475687 0.974721 0.655034
54 0.497123 0.480263 0.97394 0.666476
60 0.497123 0.480263 0.97394 0.666476
66 0.493609 0.475687 0.974721 0.655034
67 0.504543 0.477117 0.971597 0.686499
56 0.493609 0.475687 0.974721 0.655034
31 0.493609 0.475687 0.974721 0.655034
20 0.493999 0.475114 0.97394 0.64016
23 0.493609 0.475687 0.974721 0.655034
1 0.493999 0.475114 0.97394 0.64016
0 0.497123 0.480263 0.97394 0.666476
4 0.504543 0.477117 0.971597 0.686499
32 0.504543 0.477117 0.971597 0.686499
69 0.493609 0.475687 0.974721 0.655034
68 0.497514 0.479119 0.973159 0.656179
5 0.493609 0.475687 0.974721 0.655034
34 0.589285 0.557208 0.736508 0.526316
36 0.589285 0.557208 0.736508 0.526316
22 0.493609 0.475687 0.974721 0.655034
3 0.493609 0.475687 0.974721 0.655034
33 0.48697 0.479405 0.956758 0.66476
36 0.48697 0.479405 0.956758 0.66476
34 0.48697 0.478833 0.953633 0.671625
62 0.48697 0.479405 0.956758 0.66476
61 0.48697 0.479405 0.956758 0.66476
65 0.48697 0.478833 0.953633 0.671625
10 0.488923 0.4754 0.966911 0.660183
21 0.48697 0.479405 0.956758 0.66476
35 0.488923 0.4754 0.966911 0.660183
52 0.488923 0.4754 0.966911 0.660183
39 0.488923 0.4754 0.966911 0.660183
8 0.488923 0.4754 0.966911 0.660183
2 0.488923 0.4754 0.966911 0.660183
23 0.488923 0.4754 0.966911 0.660183
60 0.48697 0.479405 0.956758 0.66476
29 0.488923 0.474828 0.954414 0.683066
45 0.488923 0.474828 0.954414 0.683066
44 0.491266 0.477117 0.968473 0.661327
30 0.488923 0.4754 0.966911 0.660183
28 0.491266 0.477117 0.968473 0.661327
69 0.488923 0.4754 0.966911 0.660183
57 0.488923 0.4754 0.966911 0.660183
56 0.488923 0.4754 0.966911 0.660183
33 0.594752 0.456522 0.667778 0.702517
67 0.48697 0.479405 0.956758 0.66476
36 0.594752 0.456522 0.667778 0.702517
65 0.594752 0.456522 0.667778 0.702517
31 0.488923 0.4754 0.966911 0.660183
34 0.594752 0.456522 0.667778 0.702517
34 0.621307 0.568078 0.553748 0.496567
6 0.488923 0.4754 0.966911 0.660183
62 0.594752 0.456522 0.667778 0.702517
33 0.621307 0.568078 0.553748 0.496567
58 0.488923 0.4754 0.966911 0.660183
7 0.488923 0.4754 0.966911 0.660183
22 0.488923 0.4754 0.966911 0.660183
36 0.621307 0.568078 0.553748 0.496567
10 0.565463 0.506293 0.735727 0.62357
34 0.507277 0.548627 0.644347 0.543478
61 0.594752 0.456522 0.667778 0.702517
65 0.621307 0.568078 0.553748 0.496567
36 0.485017 0.473684 0.968473 0.661327
61 0.487361 0.479405 0.959101 0.668192
35 0.485017 0.473684 0.968473 0.661327
34 0.48658 0.475973 0.957539 0.665904
33 0.485017 0.473684 0.968473 0.661327
62 0.48658 0.475973 0.957539 0.665904
8 0.485017 0.473684 0.968473 0.661327
21 0.485017 0.471968 0.966911 0.655606
10 0.485017 0.471968 0.966911 0.655606
30 0.485017 0.473684 0.968473 0.661327
44 0.485017 0.471968 0.966911 0.655606
65 0.48658 0.475973 0.957539 0.665904
39 0.485017 0.473684 0.968473 0.661327
29 0.485017 0.471968 0.966911 0.655606
6 0.485017 0.473684 0.968473 0.661327
28 0.485017 0.471968 0.966911 0.655606
45 0.485017 0.471968 0.966911 0.655606
60 0.487361 0.479405 0.959101 0.668192
66 0.488142 0.456522 0.957539 0.686499
67 0.487361 0.479405 0.959101 0.668192
54 0.487361 0.479405 0.959101 0.668192
7 0.481503 0.459668 0.961444 0.661899
57 0.485017 0.473684 0.968473 0.661327
52 0.492047 0.4754 0.949728 0.680778
56 0.485017 0.471968 0.966911 0.655606
20 0.481503 0.459668 0.961444 0.661899
32 0.492047 0.4754 0.949728 0.680778
2 0.485017 0.473684 0.968473 0.661327
0 0.492047 0.4754 0.949728 0.680778
23 0.485017 0.473684 0.968473 0.661327
31 0.485017 0.473684 0.968473 0.661327
36 0.489704 0.483982 0.965349 0.665904
61 0.489704 0.483982 0.965349 0.665904
33 0.489704 0.483982 0.965349 0.665904
34 0.489704 0.477689 0.963787 0.669336
62 0.489704 0.477689 0.963787 0.669336
35 0.489704 0.483982 0.965349 0.665904
8 0.491656 0.479119 0.97394 0.664188
39 0.491656 0.479119 0.97394 0.664188
10 0.489704 0.477689 0.963787 0.669336
60 0.489704 0.483982 0.965349 0.665904
21 0.492437 0.471396 0.97394 0.668192
65 0.489704 0.477689 0.963787 0.669336
30 0.491656 0.479119 0.97394 0.664188
28 0.492437 0.471396 0.97394 0.668192
52 0.495952 0.486842 0.963787 0.667048
29 0.489704 0.477689 0.963787 0.669336
6 0.490485 0.473398 0.963787 0.666476
67 0.495952 0.486842 0.963787 0.667048
57 0.489704 0.483982 0.965349 0.665904
7 0.490485 0.473398 0.963787 0.666476
45 0.492437 0.471396 0.97394 0.668192
2 0.491656 0.479119 0.97394 0.664188
44 0.492437 0.471396 0.97394 0.668192
66 0.490485 0.473398 0.963787 0.666476
0 0.495952 0.486842 0.963787 0.667048
32 0.495952 0.486842 0.963787 0.667048
36 0.573273 0.564645 0.679493 0.495423
69 0.495952 0.486842 0.963787 0.667048
54 0.490485 0.473398 0.963787 0.666476
31 0.495952 0.486842 0.963787 0.667048
23 0.491656 0.479119 0.97394 0.664188
56 0.492437 0.471396 0.97394 0.668192
36 0.489313 0.475973 0.978626 0.655606
34 0.487361 0.473112 0.965349 0.662471
33 0.489313 0.475973 0.978626 0.655606
61 0.489313 0.475973 0.978626 0.655606
35 0.489313 0.475973 0.978626 0.655606
65 0.487361 0.473112 0.965349 0.662471
21 0.489313 0.475973 0.978626 0.655606
62 0.48658 0.482551 0.965349 0.661899
29 0.487361 0.469108 0.965349 0.677346
45 0.485799 0.461957 0.968473 0.64016
44 0.485799 0.461957 0.968473 0.64016
8 0.489313 0.475973 0.978626 0.655606
10 0.489313 0.475973 0.978626 0.655606
39 0.489313 0.475973 0.978626 0.655606
30 0.489313 0.475973 0.978626 0.655606
66 0.485799 0.461957 0.968473 0.64016
57 0.489313 0.475973 0.978626 0.655606
52 0.48658 0.482551 0.965349 0.661899
60 0.48658 0.482551 0.965349 0.661899
56 0.487361 0.466247 0.974721 0.667048
2 0.489313 0.475973 0.978626 0.655606
28 0.485799 0.461957 0.968473 0.64016
54 0.487361 0.469108 0.965349 0.677346
6 0.489313 0.475973 0.978626 0.655606
20 0.485799 0.461957 0.968473 0.64016
67 0.48658 0.482551 0.965349 0.661899
31 0.489313 0.475973 0.978626 0.655606
23 0.489313 0.475973 0.978626 0.655606
4 0.481112 0.463387 0.962225 0.641876
32 0.489313 0.475973 0.978626 0.655606
7 0.481112 0.466247 0.962225 0.65103
36 0.484236 0.476831 0.968473 0.650458
61 0.48658 0.481979 0.960663 0.65389
34 0.487361 0.476259 0.962225 0.652746
33 0.484236 0.476831 0.968473 0.650458
35 0.484236 0.476831 0.968473 0.650458
62 0.48658 0.480549 0.960663 0.644165
65 0.484627 0.473112 0.969254 0.646453
29 0.487361 0.476259 0.962225 0.652746
39 0.484236 0.476831 0.968473 0.650458
21 0.484627 0.473112 0.969254 0.646453
10 0.485799 0.473684 0.971597 0.643021
8 0.484236 0.476831 0.968473 0.650458
45 0.484627 0.473112 0.969254 0.646453
60 0.48658 0.481979 0.960663 0.65389
30 0.484236 0.476831 0.968473 0.650458
57 0.48658 0.481979 0.960663 0.65389
2 0.484236 0.476831 0.968473 0.650458
52 0.48658 0.481979 0.960663 0.65389
52 0.538518 0.0555635 0.84429 0.111127
4 0.538518 0.0555635 0.84429 0.111127
44 0.485017 0.467391 0.970035 0.6373
39 0.538518 0.0555635 0.84429 0.111127
28 0.484627 0.473112 0.969254 0.646453
56 0.484627 0.473112 0.969254 0.646453
31 0.538518 0.0555635 0.84429 0.111127
67 0.538518 0.0555635 0.84429 0.111127
22 0.538518 0.0555635 0.84429 0.111127
36 0.566635 0.533467 0.734946 0.550915
36 0.536175 0.0529176 0.827107 0.105835
58 0.538518 0.0555635 0.84429 0.111127
59 0.538518 0.0555635 0.84429 0.111127
6 0.484236 0.476831 0.968473 0.650458
57 0.538518 0.0555635 0.84429 0.111127
23 0.538518 0.0555635 0.84429 0.111127
28 0.538518 0.0555635 0.84429 0.111127
23 0.484236 0.476831 0.968473 0.650458
30 0.538518 0.0555635 0.84429 0.111127
2 0.536175 0.0529176 0.827107 0.105835
32 0.484236 0.476831 0.968473 0.650458
34 0.566635 0.533467 0.734946 0.550915
10 0.538518 0.0555635 0.84429 0.111127
4 0.535784 0.0322154 0.799771 0.0644308
3 0.536175 0.0529176 0.827107 0.105835
8 0.536175 0.0529176 0.827107 0.105835
60 0.538518 0.0555635 0.84429 0.111127
32 0.538518 0.0555635 0.84429 0.111127
21 0.536175 0.0529176 0.827107 0.105835
54 0.487361 0.476259 0.962225 0.652746
67 0.487361 0.476259 0.962225 0.652746
69 0.538518 0.0555635 0.84429 0.111127
7 0.485017 0.467391 0.970035 0.6373
7 0.536175 0.0529176 0.827107 0.105835
58 0.484236 0.476831 0.968473 0.650458
52 0.535784 0.0322154 0.799771 0.0644308
61 0.536175 0.0529176 0.827107 0.105835
2 0.535784 0.0322154 0.799771 0.0644308
68 0.538518 0.0555635 0.84429 0.111127
61 0.566635 0.533467 0.734946 0.550915
67 0.535784 0.0322154 0.799771 0.0644308
45 0.536175 0.0529176 0.827107 0.105835
66 0.485017 0.467391 0.970035 0.6373
31 0.535784 0.0322154 0.799771 0.0644308
5 0.538518 0.0555635 0.84429 0.111127
36 0.476426 0.480263 0.949728 0.655034
34 0.478769 0.477975 0.948166 0.658467
61 0.47916 0.484554 0.950509 0.662471
33 0.476426 0.480263 0.949728 0.655034
35 0.476426 0.480263 0.949728 0.655034
62 0.478769 0.477975 0.948166 0.658467
21 0.476426 0.480263 0.949728 0.655034
29 0.47916 0.47397 0.948947 0.671053
39 0.476426 0.480263 0.949728 0.655034
10 0.476426 0.480263 0.949728 0.655034
65 0.476426 0.480263 0.949728 0.655034
8 0.476426 0.480263 0.949728 0.655034
30 0.476426 0.480263 0.949728 0.655034
60 0.476426 0.480263 0.949728 0.655034
45 0.475255 0.474256 0.950509 0.654462
57 0.476426 0.480263 0.949728 0.655034
44 0.476426 0.480263 0.949728 0.655034
2 0.476426 0.480263 0.949728 0.655034
56 0.475255 0.474256 0.950509 0.654462
28 0.475255 0.474256 0.950509 0.654462
67 0.531879 0.076373 0.834136 0.152746
36 0.556189 0.55778 0.691794 0.506865
67 0.47916 0.47397 0.948947 0.671053
52 0.476036 0.474256 0.950509 0.65103
4 0.531879 0.076373 0.834136 0.152746
23 0.476426 0.480263 0.949728 0.655034
30 0.531879 0.076373 0.834136 0.152746
31 0.531879 0.076373 0.834136 0.152746
34 0.556189 0.55778 0.691794 0.506865
52 0.531879 0.076373 0.834136 0.152746
39 0.531879 0.076373 0.834136 0.152746
69 0.531879 0.076373 0.834136 0.152746
28 0.531879 0.076373 0.834136 0.152746
66 0.476426 0.480263 0.949728 0.655034
54 0.47916 0.47397 0.948947 0.671053
61 0.556189 0.55778 0.691794 0.506865
32 0.531879 0.076373 0.834136 0.152746
57 0.531879 0.076373 0.834136 0.152746
36 0.488923 0.479405 0.977845 0.656751
61 0.488923 0.479405 0.977845 0.656751
62 0.492828 0.481407 0.973159 0.650458
34 0.492828 0.481407 0.973159 0.650458
35 0.488923 0.479405 0.977845 0.656751
33 0.488923 0.479405 0.977845 0.656751
30 0.488923 0.479405 0.977845 0.656751
39 0.488923 0.479405 0.977845 0.656751
10 0.488532 0.476831 0.975502 0.648169
29 0.490485 0.473684 0.970035 0.668192
8 0.485799 0.470252 0.971597 0.638444
60 0.488923 0.479405 0.977845 0.656751
21 0.492828 0.482837 0.974721 0.659039
65 0.492828 0.481407 0.973159 0.650458
6 0.485799 0.470252 0.971597 0.638444
52 0.485799 0.470252 0.971597 0.638444
28 0.485799 0.470252 0.971597 0.638444
7 0.485799 0.470252 0.971597 0.638444
32 0.488923 0.479405 0.977845 0.656751
57 0.492828 0.482837 0.974721 0.659039
67 0.488923 0.479405 0.977845 0.656751
69 0.485799 0.470252 0.971597 0.638444
45 0.490485 0.473684 0.970035 0.668192
44 0.485799 0.470252 0.971597 0.638444
54 0.490485 0.473684 0.970035 0.668192
56 0.48658 0.47254 0.973159 0.657895
36 0.483455 0.480835 0.940356 0.66762
61 0.484627 0.483696 0.936451 0.668764
62 0.484627 0.483696 0.936451 0.668764
35 0.483455 0.480835 0.940356 0.66762
10 0.483455 0.473112 0.93567 0.662471
39 0.483455 0.480835 0.940356 0.66762
34 0.484627 0.483696 0.936451 0.668764
33 0.483455 0.480835 0.940356 0.66762
8 0.483455 0.480835 0.940356 0.66762
60 0.483455 0.480835 0.940356 0.66762
30 0.483455 0.480835 0.940356 0.66762
52 0.483455 0.480835 0.940356 0.66762
6 0.483455 0.480835 0.940356 0.66762
28 0.483455 0.473112 0.93567 0.662471
54 0.483455 0.473112 0.93567 0.662471
21 0.483455 0.480835 0.940356 0.66762
67 0.483455 0.480835 0.940356 0.66762
69 0.483455 0.480835 0.940356 0.66762
2 0.483455 0.480835 0.940356 0.66762
7 0.483455 0.480835 0.940356 0.66762
44 0.483455 0.480835 0.940356 0.66762
57 0.483455 0.480835 0.940356 0.66762
32 0.483455 0.480835 0.940356 0.66762
65 0.483455 0.480835 0.940356 0.66762
31 0.483455 0.480835 0.940356 0.66762
56 0.483455 0.473112 0.93567 0.662471
29 0.485408 0.474542 0.931765 0.671053
66 0.483455 0.480835 0.940356 0.66762
58 0.483455 0.480835 0.940356 0.66762
0 0.483455 0.480835 0.940356 0.66762
1 0.483455 0.473112 0.93567 0.662471
45 0.483455 0.480835 0.940356 0.66762
36 0.438937 0.402746 0.82945 0.524027
36 0.500247 0.288043 0.727136 0.541762
23 0.483455 0.480835 0.940356 0.66762
22 0.483455 0.480835 0.940356 0.66762
36 0.47916 0.481693 0.953633 0.662471
61 0.47916 0.481693 0.953633 0.662471
62 0.482674 0.481407 0.949728 0.668764
34 0.482674 0.481407 0.949728 0.668764
35 0.47916 0.481693 0.953633 0.662471
33 0.482674 0.485698 0.952852 0.66476
10 0.47916 0.477403 0.952071 0.663043
39 0.47916 0.481693 0.953633 0.662471
60 0.47916 0.481693 0.953633 0.662471
8 0.47916 0.481693 0.953633 0.662471
21 0.47916 0.477403 0.952071 0.663043
30 0.47916 0.481693 0.953633 0.662471
29 0.484236 0.474256 0.946604 0.687643
36 0.564682 0.560641 0.673245 0.519451
4 0.514696 0.062643 0.879436 0.125286
65 0.477988 0.471396 0.949728 0.679634
52 0.482674 0.485698 0.952852 0.66476
31 0.514696 0.062643 0.879436 0.125286
59 0.514696 0.062643 0.879436 0.125286
6 0.47916 0.481693 0.953633 0.662471
30 0.514696 0.062643 0.879436 0.125286
28 0.47916 0.477403 0.952071 0.663043
67 0.514696 0.062643 0.879436 0.125286
57 0.514696 0.062643 0.879436 0.125286
32 0.47916 0.481693 0.953633 0.662471
44 0.47916 0.481693 0.953633 0.662471
58 0.514696 0.062643 0.879436 0.125286
4 0.480234 0.041476 0.771849 0.0829519
36 0.481112 0.475973 0.955976 0.648741
61 0.481112 0.475973 0.955976 0.648741
62 0.485799 0.475114 0.952852 0.656179
35 0.481112 0.475973 0.955976 0.648741
34 0.482674 0.469966 0.955976 0.650458
10 0.481112 0.475973 0.955976 0.648741
39 0.481112 0.475973 0.955976 0.648741
60 0.481112 0.475973 0.955976 0.648741
30 0.47916 0.476259 0.953633 0.656178
33 0.47916 0.476259 0.953633 0.656178
8 0.481112 0.475973 0.955976 0.648741
6 0.47916 0.476259 0.953633 0.656178
67 0.47916 0.476259 0.953633 0.656178
36 0.489801 0.399027 0.748028 0.798055
52 0.485408 0.478833 0.956758 0.662471
29 0.486189 0.468536 0.945823 0.677346
32 0.47916 0.476259 0.953633 0.656178
36 0.577569 0.544622 0.583427 0.52746
69 0.47916 0.476259 0.953633 0.656178
35 0.489801 0.399027 0.748028 0.798055
21 0.47916 0.476259 0.953633 0.656178
65 0.47916 0.476259 0.953633 0.656178
36 0.488142 0.492849 0.968473 0.668764
61 0.488142 0.492849 0.968473 0.668764
62 0.488142 0.479119 0.955976 0.668764
35 0.488142 0.492849 0.968473 0.668764
34 0.48697 0.494851 0.959882 0.673913
60 0.488142 0.492849 0.968473 0.668764
39 0.488142 0.492849 0.968473 0.668764
10 0.488142 0.492849 0.968473 0.668764
33 0.488142 0.492849 0.968473 0.668764
30 0.488142 0.492849 0.968473 0.668764
29 0.490485 0.479977 0.959101 0.665904
8 0.488142 0.492849 0.968473 0.668764
21 0.487751 0.477689 0.963006 0.657895
52 0.48697 0.494851 0.959882 0.673913
65 0.488142 0.492849 0.968473 0.668764
6 0.488142 0.492849 0.968473 0.668764
67 0.488142 0.492849 0.968473 0.668764
32 0.488142 0.492849 0.968473 0.668764
36 0.562339 0.552632 0.706048 0.51373
54 0.490485 0.479977 0.959101 0.665904
28 0.487751 0.477689 0.963006 0.657895
56 0.487751 0.477689 0.963006 0.657895
36 0.477988 0.47397 0.955976 0.65389
61 0.47955 0.478261 0.952852 0.660183
62 0.481112 0.478833 0.952852 0.662471
34 0.481112 0.478833 0.952852 0.662471
35 0.477988 0.47397 0.955976 0.65389
33 0.47955 0.478261 0.952852 0.660183
39 0.477988 0.47397 0.955976 0.65389
10 0.481112 0.478833 0.952852 0.662471
60 0.477988 0.47397 0.955976 0.65389
30 0.477988 0.47397 0.955976 0.65389
29 0.481112 0.478833 0.952852 0.662471
65 0.477988 0.47397 0.955976 0.65389
21 0.47955 0.467105 0.959101 0.641304
8 0.47955 0.467105 0.959101 0.641304
52 0.47955 0.467105 0.959101 0.641304
67 0.481112 0.466819 0.954414 0.635011
6 0.474864 0.463959 0.949728 0.630435
32 0.481112 0.466819 0.954414 0.635011
69 0.478379 0.466247 0.956758 0.647597
36 0.474083 0.481407 0.938794 0.669908
61 0.474083 0.481407 0.938794 0.669908
62 0.474083 0.4754 0.932546 0.670481
35 0.473302 0.479405 0.941918 0.661327
39 0.473302 0.479405 0.941918 0.661327
60 0.473302 0.479405 0.941918 0.661327
34 0.475255 0.470252 0.933327 0.681922
30 0.473302 0.479405 0.941918 0.661327
33 0.473302 0.479405 0.941918 0.661327
10 0.473302 0.479405 0.941918 0.661327
36 0.596802 0.513158 0.641809 0.59611
32 0.473302 0.479405 0.941918 0.661327
29 0.475255 0.470252 0.933327 0.681922
8 0.473302 0.479405 0.941918 0.661327
14 0.474083 0.4754 0.932546 0.670481
67 0.473302 0.479405 0.941918 0.661327
52 0.473302 0.479405 0.941918 0.661327
44 0.473302 0.479405 0.941918 0.661327
69 0.473302 0.479405 0.941918 0.661327
36 0.487751 0.483982 0.972378 0.662471
61 0.487751 0.483982 0.972378 0.662471
35 0.487751 0.483982 0.972378 0.662471
34 0.487751 0.481693 0.964568 0.665904
62 0.487751 0.483982 0.972378 0.662471
33 0.487361 0.486556 0.966911 0.66762
30 0.487751 0.483982 0.972378 0.662471
60 0.487361 0.486556 0.966911 0.66762
39 0.487751 0.483982 0.972378 0.662471
8 0.48658 0.471968 0.973159 0.65103
10 0.48658 0.471968 0.973159 0.65103
29 0.486189 0.47254 0.967692 0.676201
6 0.48697 0.471396 0.96613 0.670481
32 0.487751 0.483982 0.972378 0.662471
67 0.487361 0.486556 0.966911 0.66762
21 0.48658 0.471968 0.973159 0.65103
65 0.48658 0.471968 0.973159 0.65103
36 0.481112 0.485698 0.940356 0.677346
61 0.481503 0.486556 0.939575 0.684783
35 0.481112 0.485698 0.940356 0.677346
34 0.481893 0.479691 0.93567 0.669908
62 0.481503 0.480549 0.936451 0.677346
33 0.481112 0.485698 0.940356 0.677346
60 0.481112 0.485698 0.940356 0.677346
39 0.481112 0.485698 0.940356 0.677346
30 0.47955 0.481979 0.926298 0.699657
10 0.480722 0.472254 0.947385 0.661899
65 0.480722 0.472254 0.947385 0.661899
8 0.480722 0.472254 0.947385 0.661899
32 0.480722 0.472254 0.947385 0.661899
6 0.483455 0.473112 0.94348 0.707094
29 0.482674 0.476831 0.937232 0.688215
36 0.567123 0.550343 0.626188 0.538902
67 0.483455 0.473112 0.94348 0.707094
36 0.47955 0.481407 0.957539 0.664188
61 0.47955 0.481407 0.957539 0.664188
62 0.481112 0.479119 0.952852 0.661899
35 0.47955 0.481407 0.957539 0.664188
34 0.480331 0.468536 0.959101 0.660183
10 0.480331 0.468536 0.959101 0.660183
33 0.47955 0.481407 0.957539 0.664188
8 0.480331 0.468536 0.959101 0.660183
60 0.481112 0.485126 0.955976 0.669336
39 0.47955 0.481407 0.957539 0.664188
30 0.481112 0.485126 0.955976 0.669336
29 0.479941 0.471396 0.955195 0.672769
54 0.479941 0.471396 0.955195 0.672769
65 0.479941 0.471396 0.955195 0.672769
6 0.480331 0.468536 0.959101 0.660183
36 0.475255 0.483696 0.945823 0.657323
61 0.474864 0.47111 0.94348 0.655034
34 0.477988 0.479977 0.94348 0.662471
62 0.477988 0.479977 0.94348 0.662471
35 0.475255 0.483696 0.945823 0.657323
33 0.472131 0.4754 0.939575 0.659039
39 0.472131 0.4754 0.939575 0.659039
10 0.474864 0.47111 0.94348 0.655034
60 0.474864 0.47111 0.94348 0.655034
8 0.474864 0.47111 0.94348 0.655034
30 0.478769 0.478833 0.945042 0.657895
32 0.478769 0.478833 0.945042 0.657895
29 0.475645 0.470252 0.946604 0.676201
67 0.478769 0.478833 0.945042 0.657895
21 0.474864 0.47111 0.94348 0.655034
36 0.47955 0.482838 0.955976 0.657895
61 0.47955 0.482838 0.955976 0.657895
62 0.483065 0.481407 0.95832 0.660755
35 0.47955 0.482838 0.955976 0.657895
34 0.483065 0.481407 0.95832 0.660755
60 0.483455 0.486842 0.959101 0.663616
30 0.487361 0.479405 0.954414 0.663616
10 0.483065 0.481407 0.95832 0.660755
39 0.47955 0.482838 0.955976 0.657895
36 0.548671 0.448513 0.73026 0.657895
33 0.483455 0.486842 0.959101 0.663616
8 0.480331 0.468535 0.955977 0.65103
29 0.478769 0.467391 0.957539 0.675057
67 0.487361 0.479405 0.954414 0.663616
32 0.487361 0.479405 0.954414 0.663616
65 0.478769 0.467391 0.957539 0.675057
31 0.496342 0.062786 0.895837 0.125572
57 0.511572 0.0673627 0.888808 0.134725
67 0.511572 0.0673627 0.888808 0.134725
6 0.487361 0.479405 0.954414 0.663616
21 0.480331 0.468535 0.955977 0.65103
36 0.470959 0.493135 0.926297 0.676201
61 0.474083 0.479405 0.929422 0.679634
62 0.470959 0.480549 0.926297 0.659039
34 0.474083 0.479405 0.929422 0.679634
35 0.470178 0.489703 0.924735 0.670481
30 0.474083 0.479405 0.929422 0.679634
36 0.557262 0.463673 0.694333 0.629863
10 0.470959 0.476545 0.926297 0.663616
60 0.470959 0.493135 0.926297 0.676201
33 0.470959 0.493135 0.926297 0.676201
29 0.474083 0.479405 0.929422 0.679634
65 0.472521 0.476259 0.92786 0.675629
39 0.470178 0.489703 0.924735 0.670481
36 0.485799 0.479119 0.960663 0.664188
35 0.485799 0.479119 0.960663 0.664188
61 0.485799 0.479119 0.960663 0.664188
33 0.484627 0.482265 0.955195 0.673913
34 0.484627 0.482265 0.955195 0.673913
62 0.485017 0.477689 0.95129 0.683066
60 0.484627 0.482265 0.955195 0.673913
6 0.488532 0.478261 0.950509 0.686499
30 0.488532 0.478261 0.950509 0.686499
39 0.485799 0.479119 0.960663 0.664188
65 0.488532 0.478261 0.950509 0.686499
8 0.486189 0.467391 0.961444 0.655606
36 0.479941 0.485126 0.942699 0.661327
61 0.482284 0.488272 0.941137 0.668764
35 0.479941 0.485126 0.942699 0.661327
62 0.482674 0.482551 0.93567 0.66762
34 0.482284 0.488272 0.941137 0.668764
33 0.482284 0.488272 0.941137 0.668764
60 0.482284 0.488272 0.941137 0.668764
39 0.479941 0.485126 0.942699 0.661327
30 0.482284 0.488272 0.941137 0.668764
10 0.481893 0.471968 0.94348 0.660183
36 0.550624 0.537185 0.70761 0.580092
8 0.481893 0.471968 0.94348 0.660183
54 0.482674 0.481693 0.937232 0.677346
6 0.488142 0.489703 0.93567 0.670481
36 0.470178 0.486556 0.929422 0.672197
61 0.470959 0.490561 0.929422 0.680206
35 0.470959 0.490561 0.929422 0.680206
62 0.468616 0.479977 0.921611 0.669336
30 0.470959 0.490561 0.929422 0.680206
33 0.470959 0.490561 0.929422 0.680206
6 0.468225 0.471396 0.922392 0.654462
34 0.470959 0.477689 0.929422 0.677346
36 0.588894 0.458238 0.637318 0.644165
39 0.470959 0.490561 0.929422 0.680206
60 0.470959 0.490561 0.929422 0.680206
8 0.468225 0.471396 0.922392 0.654462
32 0.468225 0.471396 0.922392 0.654462
10 0.468225 0.471396 0.922392 0.654462
36 0.474864 0.479977 0.940356 0.662471
61 0.475255 0.469394 0.944261 0.656178
34 0.477207 0.477975 0.941918 0.673341
35 0.474864 0.479977 0.940356 0.662471
62 0.476817 0.476259 0.939575 0.671053
33 0.477598 0.483982 0.941137 0.670481
8 0.475255 0.469394 0.944261 0.656178
30 0.477207 0.477975 0.941918 0.673341
60 0.475255 0.469394 0.944261 0.656178
10 0.475255 0.469394 0.944261 0.656178
36 0.549159 0.54405 0.727721 0.553776
29 0.473693 0.474828 0.942699 0.661327
36 0.490485 0.484554 0.966911 0.66476
61 0.488142 0.473684 0.960663 0.668192
62 0.489313 0.475973 0.955195 0.677346
35 0.489704 0.487414 0.959101 0.673913
30 0.488142 0.473684 0.960663 0.668192
32 0.488142 0.473684 0.960663 0.668192
34 0.489704 0.487414 0.959101 0.673913
60 0.488142 0.473684 0.960663 0.668192
39 0.490485 0.484554 0.966911 0.66476
36 0.361225 0.465389 0.680274 0.632151
36 0.581474 0.538902 0.589675 0.589245
8 0.489313 0.468249 0.969254 0.659611
6 0.496733 0.491419 0.955976 0.676201
36 0.48697 0.482266 0.963006 0.657895
61 0.48697 0.482266 0.963006 0.657895
35 0.48697 0.482266 0.963006 0.657895
62 0.485018 0.479119 0.954414 0.673341
34 0.487361 0.485698 0.959101 0.667048
33 0.490094 0.493707 0.955195 0.665904
30 0.48697 0.482266 0.963006 0.657895
39 0.48697 0.482266 0.963006 0.657895
60 0.487361 0.485698 0.959101 0.667048
6 0.490094 0.493707 0.955195 0.665904
36 0.34248 0.464245 0.655281 0.625286
32 0.484236 0.464245 0.965349 0.656178
36 0.488923 0.484554 0.957539 0.660183
61 0.484236 0.477117 0.95129 0.661327
62 0.48658 0.478833 0.95129 0.670481
35 0.488923 0.484554 0.957539 0.660183
34 0.488923 0.487128 0.955977 0.668764
30 0.48658 0.470252 0.957539 0.660183
33 0.488923 0.487128 0.955977 0.668764
8 0.48658 0.470252 0.957539 0.660183
29 0.48697 0.478547 0.953633 0.675629
60 0.484236 0.477117 0.95129 0.661327
36 0.364349 0.469108 0.699019 0.631579
6 0.48697 0.478547 0.953633 0.675629
36 0.481112 0.479405 0.946604 0.659039
61 0.481112 0.479405 0.946604 0.659039
35 0.481112 0.479405 0.946604 0.659039
62 0.482284 0.475114 0.947385 0.672197
30 0.495171 0.487414 0.948166 0.668192
39 0.481112 0.479405 0.946604 0.659039
34 0.483455 0.470824 0.95129 0.694508
60 0.47916 0.473684 0.944261 0.663616
33 0.495171 0.487414 0.948166 0.668192
6 0.47955 0.467391 0.948166 0.660183
8 0.47955 0.467391 0.948166 0.660183
32 0.47955 0.467391 0.948166 0.660183
36 0.489704 0.481121 0.973159 0.677346
61 0.484236 0.471396 0.965349 0.675057
62 0.484236 0.471396 0.965349 0.675057
35 0.487361 0.48341 0.968473 0.687643
34 0.484236 0.467963 0.959101 0.711671
30 0.484236 0.471396 0.965349 0.675057
33 0.49478 0.485126 0.96613 0.691076
29 0.484236 0.467963 0.959101 0.711671
8 0.484236 0.471396 0.965349 0.675057
39 0.489704 0.481121 0.973159 0.677346
60 0.484236 0.471396 0.965349 0.675057
65 0.484236 0.467963 0.959101 0.711671
10 0.484236 0.471396 0.965349 0.675057
6 0.490094 0.478261 0.959882 0.695652
21 0.484236 0.471396 0.965349 0.675057
36 0.495952 0.479405 0.973159 0.665904
61 0.495952 0.479405 0.973159 0.665904
35 0.499466 0.4877 0.978626 0.660755
33 0.508058 0.493707 0.977064 0.671625
34 0.497514 0.481693 0.970035 0.675057
30 0.508058 0.493707 0.977064 0.671625
36 0.520945 0.319794 0.770092 0.597254
39 0.499466 0.4877 0.978626 0.660755
62 0.506105 0.487128 0.974721 0.668764
36 0.447138 0.387014 0.845852 0.481121
36 0.511572 0.530606 0.734165 0.579519
32 0.499466 0.4877 0.978626 0.660755
6 0.508058 0.493707 0.977064 0.671625
60 0.495952 0.479405 0.973159 0.665904
36 0.477207 0.480549 0.929422 0.669336
61 0.478379 0.470824 0.933327 0.657895
35 0.478379 0.470824 0.933327 0.657895
34 0.477207 0.484268 0.93567 0.679062
33 0.47916 0.482266 0.931765 0.663616
62 0.478379 0.470824 0.933327 0.657895
36 0.393637 0.419622 0.710734 0.554348
30 0.478379 0.470824 0.933327 0.657895
36 0.481112 0.481121 0.94348 0.656751
61 0.479941 0.47111 0.945823 0.652746
35 0.481112 0.481121 0.94348 0.656751
34 0.483455 0.486842 0.941918 0.655606
33 0.483455 0.486842 0.941918 0.655606
62 0.479941 0.47111 0.945823 0.652746
30 0.479941 0.47111 0.945823 0.652746
60 0.479941 0.47111 0.945823 0.652746
36 0.491266 0.479119 0.970035 0.668764
35 0.492047 0.479977 0.965349 0.673913
61 0.492047 0.479977 0.965349 0.673913
62 0.488923 0.469108 0.968473 0.661327
30 0.488923 0.469108 0.968473 0.661327
6 0.498685 0.482838 0.964568 0.677346
32 0.498685 0.482838 0.964568 0.677346
36 0.413846 0.423055 0.756229 0.558924
39 0.492047 0.479977 0.965349 0.673913
33 0.498685 0.482838 0.964568 0.677346
60 0.492047 0.479977 0.965349 0.673913
31 0.498685 0.482838 0.964568 0.677346
34 0.489313 0.470824 0.95832 0.687643
36 0.47955 0.482551 0.95129 0.66762
61 0.480331 0.474256 0.948166 0.673913
35 0.47955 0.482551 0.95129 0.66762
34 0.480331 0.474256 0.948166 0.673913
62 0.482284 0.47111 0.959882 0.659611
33 0.480331 0.48484 0.949728 0.673341
30 0.482284 0.47111 0.959882 0.659611
6 0.481112 0.478833 0.937232 0.671625
36 0.40545 0.427346 0.737094 0.559497
8 0.480331 0.474256 0.948166 0.673913
29 0.480331 0.474256 0.948166 0.673913
60 0.480331 0.48484 0.949728 0.673341
54 0.480331 0.474256 0.948166 0.673913
32 0.482284 0.47111 0.959882 0.659611
36 0.479941 0.480263 0.933327 0.659611
61 0.476817 0.470252 0.938013 0.656751
35 0.479941 0.480263 0.933327 0.659611
62 0.476817 0.470252 0.938013 0.656751
30 0.476817 0.470252 0.938013 0.656751
34 0.480722 0.478261 0.938013 0.676201
6 0.476817 0.470252 0.938013 0.656751
8 0.476817 0.470252 0.938013 0.656751
60 0.476817 0.470252 0.938013 0.656751
39 0.476817 0.470252 0.938013 0.656751
54 0.480722 0.478261 0.938013 0.676201
29 0.477988 0.479119 0.93567 0.661899
32 0.476817 0.470252 0.938013 0.656751
33 0.47955 0.483696 0.929422 0.669908
44 0.476817 0.470252 0.938013 0.656751
36 0.478769 0.482265 0.948166 0.660183
61 0.47955 0.473112 0.952852 0.660183
35 0.47955 0.484554 0.949728 0.668192
62 0.47955 0.473112 0.952852 0.660183
6 0.483455 0.477689 0.93567 0.675057
33 0.47955 0.484554 0.949728 0.668192
30 0.47955 0.473112 0.952852 0.660183
32 0.47955 0.473112 0.952852 0.660183
34 0.47955 0.47254 0.949728 0.685355
60 0.47955 0.473112 0.952852 0.660183
39 0.47955 0.484554 0.949728 0.668192
36 0.490875 0.48484 0.97394 0.658467
61 0.48658 0.473112 0.970035 0.65103
35 0.493609 0.486842 0.974721 0.667048
34 0.491266 0.479977 0.968473 0.673913
33 0.5022 0.490561 0.973159 0.669908
30 0.5022 0.490561 0.973159 0.669908
62 0.48658 0.473112 0.970035 0.65103
36 0.483065 0.481121 0.953633 0.665904
61 0.481893 0.466533 0.955976 0.659611
35 0.488142 0.482551 0.962225 0.680206
33 0.499466 0.477689 0.96613 0.700229
34 0.47955 0.464531 0.949728 0.684211
6 0.499466 0.477689 0.96613 0.700229
30 0.499466 0.477689 0.96613 0.700229
62 0.481893 0.466533 0.955976 0.659611
60 0.481893 0.466533 0.955976 0.659611
32 0.499466 0.477689 0.96613 0.700229
58 0.497514 0.464531 0.963787 0.704805
8 0.499466 0.477689 0.96613 0.700229
36 0.481112 0.482838 0.949728 0.665904
61 0.481893 0.474828 0.95129 0.679634
34 0.481893 0.474828 0.95129 0.679634
62 0.477988 0.473398 0.948166 0.669908
35 0.482674 0.485412 0.95129 0.675629
33 0.482674 0.485412 0.95129 0.675629
30 0.481893 0.474828 0.95129 0.679634
36 0.495171 0.487986 0.968473 0.671625
61 0.497904 0.499428 0.956758 0.70595
35 0.493609 0.491991 0.966911 0.679634
62 0.488923 0.477689 0.962225 0.681922
34 0.490485 0.481121 0.960663 0.700229
33 0.501029 0.499428 0.961444 0.685355
30 0.501029 0.499428 0.961444 0.685355
60 0.501029 0.499428 0.961444 0.685355
32 0.501029 0.499428 0.961444 0.685355
36 0.482674 0.482265 0.946604 0.661327
61 0.481893 0.477975 0.946604 0.671053
35 0.483846 0.485126 0.948947 0.667048
62 0.481893 0.477975 0.946604 0.671053
34 0.482674 0.475973 0.948166 0.684211
6 0.487361 0.480549 0.940356 0.672769
30 0.490485 0.488558 0.94348 0.66476
32 0.490485 0.488558 0.94348 0.66476
33 0.483846 0.485126 0.948947 0.667048
36 0.493609 0.487986 0.962225 0.671625
61 0.49439 0.482838 0.95129 0.672769
35 0.492047 0.487128 0.957539 0.675629
62 0.490485 0.477117 0.955976 0.675057
30 0.490485 0.477117 0.955976 0.675057
33 0.496733 0.490275 0.955976 0.675057
6 0.495171 0.478833 0.955976 0.683066
60 0.496733 0.490275 0.955976 0.675057
32 0.496733 0.490275 0.955976 0.675057
36 0.482674 0.479977 0.959101 0.657895
61 0.487751 0.480835 0.964568 0.665332
35 0.482674 0.479977 0.959101 0.657895
30 0.495952 0.482838 0.960663 0.676201
33 0.495952 0.482838 0.960663 0.676201
62 0.48658 0.479405 0.959101 0.667048
6 0.495952 0.482838 0.960663 0.676201
32 0.495952 0.482838 0.960663 0.676201
31 0.481112 0.477689 0.954414 0.656751
60 0.495952 0.482838 0.960663 0.676201
39 0.495952 0.482838 0.960663 0.676201
34 0.48658 0.479405 0.959101 0.667048
29 0.48658 0.479405 0.959101 0.667048
8 0.495952 0.482838 0.960663 0.676201
36 0.488923 0.483982 0.945042 0.688787
61 0.488923 0.483982 0.945042 0.688787
35 0.492828 0.489417 0.95129 0.673341
62 0.484236 0.477117 0.955976 0.665904
30 0.492828 0.489417 0.95129 0.673341
33 0.492828 0.489417 0.95129 0.673341
34 0.485017 0.477689 0.95129 0.69222
60 0.492828 0.489417 0.95129 0.673341
36 0.483455 0.479977 0.955976 0.676201
61 0.483455 0.476259 0.95129 0.672197
62 0.480331 0.474256 0.95129 0.665904
34 0.483455 0.476259 0.95129 0.672197
35 0.483455 0.479977 0.955976 0.676201
33 0.483455 0.479977 0.955976 0.676201
32 0.492047 0.483982 0.949728 0.679634
30 0.483455 0.476259 0.95129 0.672197
36 0.504543 0.404176 0.835698 0.526888
36 0.490485 0.492563 0.962225 0.685355
61 0.488923 0.481693 0.955977 0.677346
34 0.488923 0.481693 0.955977 0.677346
35 0.489704 0.491991 0.960663 0.677346
33 0.490485 0.492563 0.962225 0.685355
62 0.487361 0.479977 0.954414 0.667048
32 0.488532 0.476831 0.956758 0.665332
30 0.495952 0.498284 0.957539 0.683066
29 0.488923 0.481693 0.955977 0.677346
60 0.488532 0.476831 0.956758 0.665332
36 0.488142 0.484268 0.960663 0.674485
61 0.488142 0.482266 0.957539 0.671625
34 0.488142 0.482266 0.957539 0.671625
62 0.485018 0.479119 0.957539 0.666476
35 0.488142 0.484268 0.960663 0.674485
33 0.488142 0.484268 0.960663 0.674485
36 0.512353 0.393021 0.831012 0.48627
30 0.499076 0.489989 0.959101 0.671053
36 0.485017 0.477403 0.941918 0.669908
61 0.491266 0.487986 0.938794 0.685355
35 0.487361 0.481121 0.946604 0.66476
62 0.491266 0.487986 0.938794 0.685355
30 0.49439 0.489703 0.946604 0.661327
32 0.49439 0.489703 0.946604 0.661327
34 0.485799 0.481121 0.945042 0.689931
60 0.49439 0.489703 0.946604 0.661327
36 0.480331 0.477689 0.948166 0.676201
61 0.481503 0.484268 0.950509 0.673341
62 0.478379 0.470824 0.950509 0.659039
35 0.481503 0.484268 0.950509 0.673341
30 0.483455 0.485698 0.941918 0.684211
34 0.481112 0.477689 0.949728 0.679634
32 0.487361 0.491419 0.946604 0.669336
36 0.477207 0.48341 0.948166 0.667048
61 0.480331 0.485698 0.948166 0.671625
35 0.480331 0.485698 0.948166 0.671625
62 0.477207 0.473398 0.946604 0.664188
30 0.482674 0.486842 0.94348 0.69222
6 0.482674 0.486842 0.94348 0.69222
32 0.484627 0.492563 0.945823 0.669336
60 0.480331 0.479119 0.948166 0.685927
31 0.477207 0.475687 0.948166 0.66762
36 0.480331 0.482838 0.954414 0.672769
61 0.482284 0.483124 0.953633 0.676773
62 0.481503 0.479977 0.952071 0.680778
35 0.482284 0.483124 0.953633 0.676773
32 0.488142 0.48627 0.95129 0.673913
30 0.485799 0.482838 0.946604 0.681922
36 0.481503 0.485412 0.956757 0.673341
61 0.47916 0.475114 0.955195 0.661899
35 0.481503 0.485412 0.956757 0.673341
62 0.47916 0.475114 0.955195 0.661899
34 0.481112 0.479977 0.952852 0.680778
30 0.484236 0.485126 0.946604 0.680778
32 0.484236 0.485126 0.946604 0.680778
33 0.481503 0.485412 0.956757 0.673341
36 0.47916 0.481407 0.944261 0.671053
61 0.482674 0.479977 0.929422 0.677346
62 0.480722 0.47254 0.944261 0.659039
35 0.484627 0.483982 0.931765 0.670481
36 0.434641 0.417048 0.803676 0.532037
30 0.484627 0.483982 0.931765 0.670481
32 0.484627 0.483982 0.931765 0.670481
36 0.477598 0.480549 0.948947 0.667048
61 0.480331 0.470538 0.95129 0.659611
35 0.479941 0.483124 0.948947 0.674485
62 0.480331 0.470538 0.95129 0.659611
6 0.483065 0.481407 0.938013 0.675629
32 0.480331 0.470538 0.95129 0.659611
30 0.480331 0.470538 0.95129 0.659611
36 0.477207 0.475973 0.937232 0.669336
61 0.475645 0.471968 0.932546 0.657895
62 0.475645 0.471968 0.932546 0.657895
35 0.481893 0.486556 0.921611 0.665332
36 0.437765 0.40246 0.822421 0.501716
33 0.481893 0.486556 0.921611 0.665332
32 0.475645 0.471968 0.932546 0.657895
30 0.481893 0.486556 0.921611 0.665332
34 0.477988 0.478261 0.940356 0.675057
36 0.481112 0.479691 0.949728 0.669908
61 0.482674 0.470824 0.952852 0.660183
32 0.482674 0.470824 0.952852 0.660183
35 0.488142 0.485412 0.945042 0.668764
62 0.482674 0.470824 0.952852 0.660183
30 0.482674 0.470824 0.952852 0.660183
36 0.481503 0.473398 0.950509 0.664188
61 0.498295 0.474828 0.959101 0.677346
35 0.500248 0.48341 0.961444 0.667048
62 0.484627 0.470252 0.95832 0.656751
33 0.500248 0.48341 0.961444 0.667048
32 0.484627 0.470252 0.95832 0.656751
30 0.500248 0.48341 0.961444 0.667048
6 0.497904 0.467391 0.961444 0.69222
36 0.47955 0.481407 0.949728 0.661899
61 0.479941 0.47254 0.955195 0.656751
35 0.482674 0.481693 0.952852 0.667048
62 0.479941 0.47254 0.955195 0.656751
30 0.489313 0.479691 0.945823 0.674485
32 0.479941 0.47254 0.955195 0.656751
6 0.489313 0.479691 0.945823 0.674485
33 0.491656 0.48627 0.947385 0.665904
36 0.480331 0.482265 0.94348 0.661327
61 0.477207 0.473684 0.937232 0.65103
35 0.485799 0.486842 0.930984 0.662471
62 0.477207 0.473684 0.937232 0.65103
32 0.477207 0.473684 0.937232 0.65103
30 0.485799 0.486842 0.930984 0.662471
6 0.485018 0.482265 0.932546 0.665904
36 0.481112 0.484554 0.946604 0.669336
61 0.484236 0.479691 0.937232 0.676774
35 0.485408 0.488844 0.939575 0.669909
62 0.477988 0.471396 0.949728 0.659039
30 0.485408 0.488844 0.939575 0.669909
33 0.485408 0.488844 0.939575 0.669909
32 0.477988 0.471396 0.949728 0.659039
34 0.481112 0.477117 0.946604 0.67849
36 0.484236 0.475973 0.955976 0.667048
61 0.48658 0.475686 0.957539 0.685927
35 0.497514 0.485698 0.957539 0.66476
32 0.497514 0.485698 0.957539 0.66476
30 0.497514 0.485698 0.957539 0.66476
62 0.48658 0.475686 0.957539 0.685927
36 0.485799 0.482266 0.955976 0.667048
61 0.49439 0.481407 0.954414 0.666476
62 0.484627 0.4754 0.961444 0.668192
30 0.495561 0.488844 0.956758 0.66762
35 0.495561 0.488844 0.956758 0.66762
32 0.484627 0.4754 0.961444 0.668192
36 0.452995 0.404176 0.862253 0.512014
33 0.495561 0.488844 0.956758 0.66762
36 0.484236 0.476545 0.945042 0.66476
61 0.492047 0.480835 0.945042 0.669909
35 0.493999 0.48913 0.952071 0.66476
30 0.493999 0.48913 0.952071 0.66476
62 0.485799 0.478833 0.946604 0.680778
32 0.493999 0.48913 0.952071 0.66476
6 0.493999 0.48913 0.952071 0.66476
36 0.437375 0.37643 0.816954 0.451945
33 0.493999 0.48913 0.952071 0.66476
36 0.48658 0.479119 0.948166 0.659611
61 0.495561 0.482837 0.948947 0.667048
35 0.496733 0.488558 0.954414 0.657895
62 0.48658 0.479119 0.948166 0.659611
30 0.490094 0.477689 0.950509 0.675057
33 0.496733 0.488558 0.954414 0.657895
32 0.48658 0.479119 0.948166 0.659611
36 0.482674 0.474542 0.94348 0.664188
61 0.491266 0.477117 0.941918 0.668192
35 0.492437 0.485126 0.945823 0.656751
62 0.482284 0.472826 0.947385 0.661899
30 0.492437 0.485126 0.945823 0.656751
32 0.482284 0.472826 0.947385 0.661899
36 0.495952 0.48341 0.971597 0.667048
61 0.493609 0.479119 0.965349 0.684783
35 0.504543 0.488558 0.970035 0.659039
62 0.493609 0.479119 0.965349 0.684783
30 0.504543 0.488558 0.970035 0.659039
32 0.504543 0.488558 0.970035 0.659039
33 0.504543 0.488558 0.970035 0.659039
36 0.492047 0.479405 0.955976 0.667048
61 0.5022 0.48913 0.966911 0.687643
35 0.503372 0.48913 0.969254 0.662471
32 0.491656 0.477117 0.969254 0.668192
30 0.503372 0.48913 0.969254 0.662471
62 0.491656 0.477117 0.969254 0.668192
6 0.503372 0.48913 0.969254 0.662471
36 0.492047 0.479405 0.966911 0.675057
61 0.492047 0.479977 0.963787 0.683066
35 0.499857 0.48913 0.971597 0.662471
32 0.489704 0.474256 0.971597 0.662471
62 0.489704 0.474256 0.971597 0.662471
30 0.499857 0.48913 0.971597 0.662471
36 0.487751 0.476545 0.952071 0.66476
61 0.495952 0.480549 0.957539 0.671625
62 0.489704 0.471396 0.963787 0.660183
32 0.498685 0.483696 0.961444 0.658467
35 0.498685 0.483696 0.961444 0.658467
36 0.491266 0.475973 0.968473 0.668192
61 0.498295 0.479405 0.970035 0.672769
35 0.500247 0.485984 0.97394 0.661899
62 0.492047 0.474256 0.974721 0.667048
32 0.500247 0.485984 0.97394 0.661899
36 0.483846 0.482265 0.947385 0.669336
61 0.488142 0.481121 0.941918 0.683066
35 0.490485 0.487414 0.945042 0.668192
32 0.490485 0.487414 0.945042 0.668192
33 0.490485 0.487414 0.945042 0.668192
36 0.485799 0.476545 0.952852 0.663616
61 0.498295 0.481979 0.960663 0.679062
62 0.485799 0.477689 0.955976 0.673913
32 0.500638 0.489416 0.963787 0.664188
35 0.500638 0.489416 0.963787 0.664188
36 0.491266 0.482266 0.974721 0.667048
61 0.492047 0.480835 0.955976 0.671053
35 0.495171 0.48627 0.959101 0.663616
32 0.495171 0.48627 0.959101 0.663616
33 0.495171 0.48627 0.959101 0.663616
30 0.495171 0.48627 0.959101 0.663616
36 0.489704 0.483696 0.963787 0.675629
61 0.499076 0.480835 0.960663 0.676773
35 0.50181 0.487414 0.964568 0.668192
32 0.486189 0.474542 0.959882 0.664188
33 0.50181 0.487414 0.964568 0.668192
6 0.496733 0.479405 0.963787 0.691076
36 0.487361 0.481121 0.955977 0.667048
61 0.499076 0.477117 0.957539 0.677346
35 0.500638 0.48341 0.960663 0.667048
33 0.500638 0.48341 0.960663 0.667048
32 0.500638 0.48341 0.960663 0.667048
62 0.484627 0.473112 0.955195 0.662471
36 0.487751 0.480263 0.95832 0.664188
61 0.498685 0.478261 0.953633 0.672769
35 0.500638 0.48341 0.957539 0.662471
32 0.500638 0.48341 0.957539 0.662471
36 0.485408 0.481121 0.953633 0.667048
61 0.495171 0.479977 0.946604 0.668192
35 0.498295 0.484554 0.952852 0.660183
32 0.498295 0.484554 0.952852 0.660183
30 0.498295 0.484554 0.952852 0.660183
33 0.498295 0.484554 0.952852 0.660183
62 0.484627 0.475973 0.947385 0.676201
36 0.482674 0.481407 0.95129 0.66762
61 0.488923 0.481979 0.941918 0.664188
62 0.480331 0.475973 0.95129 0.663616
35 0.492828 0.48627 0.946604 0.659039
33 0.492828 0.48627 0.946604 0.659039
32 0.492828 0.48627 0.946604 0.659039
30 0.492828 0.48627 0.946604 0.659039
36 0.485799 0.479977 0.959101 0.667048
61 0.492047 0.481693 0.955976 0.669336
35 0.495171 0.485698 0.959101 0.660183
32 0.495171 0.485698 0.959101 0.660183
33 0.495171 0.485698 0.959101 0.660183
62 0.481112 0.4754 0.954414 0.66476
30 0.495171 0.485698 0.959101 0.660183
6 0.490875 0.477403 0.959882 0.680206
36 0.485799 0.479405 0.960663 0.665904
35 0.495171 0.484268 0.960663 0.658467
61 0.492828 0.480549 0.957539 0.670481
6 0.495171 0.484268 0.960663 0.658467
32 0.495171 0.484268 0.960663 0.658467
33 0.495171 0.484268 0.960663 0.658467
30 0.495171 0.484268 0.960663 0.658467
36 0.488923 0.478833 0.962225 0.669336
61 0.496733 0.481693 0.962225 0.668192
35 0.499857 0.485126 0.965349 0.659039
32 0.499857 0.485126 0.965349 0.659039
30 0.499857 0.485126 0.965349 0.659039
36 0.487361 0.478547 0.962225 0.677918
61 0.495952 0.479405 0.963787 0.679634
35 0.498295 0.489416 0.968473 0.671053
32 0.498295 0.489416 0.968473 0.671053
33 0.498295 0.489416 0.968473 0.671053
36 0.493218 0.484554 0.969254 0.673913
61 0.499076 0.477117 0.963787 0.670481
35 0.501419 0.485698 0.966911 0.662471
32 0.501419 0.485698 0.966911 0.662471
36 0.48658 0.478261 0.954414 0.665904
61 0.496733 0.480549 0.955976 0.665904
35 0.499076 0.4877 0.960663 0.663043
32 0.499076 0.4877 0.960663 0.663043
33 0.499076 0.4877 0.960663 0.663043
36 0.488532 0.477117 0.963006 0.668192
61 0.495952 0.479119 0.959101 0.668764
35 0.498295 0.483982 0.962225 0.660183
32 0.498295 0.483982 0.962225 0.660183
33 0.498295 0.483982 0.962225 0.660183
36 0.490485 0.481693 0.968473 0.672769
61 0.496733 0.479977 0.965349 0.671625
35 0.499466 0.485412 0.969254 0.664188
32 0.499466 0.485412 0.969254 0.664188
36 0.489313 0.482266 0.967692 0.671625
61 0.495561 0.477403 0.961444 0.674485
35 0.499076 0.483982 0.966911 0.662471
33 0.499076 0.483982 0.966911 0.662471
30 0.499076 0.483982 0.966911 0.662471
32 0.499076 0.483982 0.966911 0.662471
36 0.487361 0.476545 0.962225 0.668192
61 0.495171 0.480263 0.962225 0.669909
35 0.499076 0.485984 0.965349 0.665332
33 0.499076 0.485984 0.965349 0.665332
32 0.499076 0.485984 0.965349 0.665332
6 0.499076 0.485984 0.965349 0.665332
30 0.499076 0.485984 0.965349 0.665332
36 0.489313 0.477117 0.961444 0.667048
61 0.495952 0.480549 0.960663 0.663616
35 0.499857 0.485126 0.965349 0.656751
32 0.499857 0.485126 0.965349 0.656751
33 0.499857 0.485126 0.965349 0.656751
36 0.488923 0.475973 0.965349 0.670481
61 0.496733 0.478833 0.968473 0.667048
35 0.499857 0.485126 0.971597 0.661327
32 0.499857 0.485126 0.971597 0.661327
36 0.484627 0.478261 0.95832 0.662471
61 0.495171 0.480549 0.962225 0.663616
35 0.498685 0.485698 0.96613 0.660183
33 0.498685 0.485698 0.96613 0.660183
32 0.498685 0.485698 0.96613 0.660183
36 0.48658 0.4754 0.963787 0.669336
61 0.498295 0.477117 0.965349 0.675057
35 0.501029 0.485984 0.969254 0.668764
32 0.501029 0.485984 0.969254 0.668764
33 0.501029 0.485984 0.969254 0.668764
36 0.485799 0.478833 0.962225 0.671625
61 0.495952 0.481693 0.960663 0.675057
35 0.500638 0.487986 0.963787 0.668192
33 0.500638 0.487986 0.963787 0.668192
32 0.500638 0.487986 0.963787 0.668192
30 0.500638 0.487986 0.963787 0.668192
36 0.487751 0.477117 0.963006 0.669336
61 0.498295 0.478833 0.965349 0.671625
35 0.50181 0.486842 0.967692 0.667048
32 0.50181 0.486842 0.967692 0.667048
33 0.50181 0.486842 0.967692 0.667048
62 0.488142 0.477403 0.966911 0.672197
36 0.489704 0.478833 0.963787 0.670481
61 0.498295 0.480549 0.963787 0.667048
35 0.501419 0.487414 0.966911 0.662471
32 0.488142 0.479119 0.963787 0.666476
30 0.501419 0.487414 0.966911 0.662471
36 0.491266 0.478833 0.970035 0.667048
61 0.498295 0.479977 0.965349 0.667048
35 0.501419 0.485698 0.968473 0.657895
32 0.501419 0.485698 0.968473 0.657895
30 0.501419 0.485698 0.968473 0.657895
36 0.488923 0.477689 0.968473 0.667048
61 0.500247 0.479405 0.970816 0.669336
35 0.503372 0.484554 0.972378 0.660183
32 0.503372 0.484554 0.972378 0.660183
36 0.490485 0.478547 0.968473 0.66762
61 0.497514 0.482266 0.966911 0.671625
35 0.500638 0.487986 0.970035 0.66476
32 0.500638 0.487986 0.970035 0.66476
36 0.489704 0.477117 0.966911 0.668192
61 0.499857 0.481121 0.968473 0.673913
35 0.502981 0.485698 0.971597 0.663616
32 0.502981 0.485698 0.971597 0.663616
36 0.48658 0.479119 0.963787 0.664188
61 0.497514 0.482266 0.968473 0.667048
35 0.500638 0.486842 0.971597 0.662471
32 0.500638 0.486842 0.971597 0.662471
30 0.500638 0.486842 0.971597 0.662471
36 0.484236 0.476831 0.959101 0.668764
61 0.496733 0.479691 0.963787 0.672197
35 0.500247 0.483982 0.967692 0.663616
33 0.500247 0.483982 0.967692 0.663616
32 0.500247 0.483982 0.967692 0.663616
36 0.488532 0.478261 0.959882 0.670481
61 0.498685 0.481407 0.961444 0.675629
35 0.501419 0.485984 0.965349 0.664188
33 0.501419 0.485984 0.965349 0.664188
32 0.488532 0.478261 0.959882 0.670481
30 0.501419 0.485984 0.965349 0.664188
36 0.489313 0.479691 0.964568 0.669908
61 0.499076 0.484554 0.965349 0.677346
35 0.502981 0.487414 0.968473 0.66476
32 0.502981 0.487414 0.968473 0.66476
30 0.502981 0.487414 0.968473 0.66476
33 0.502981 0.487414 0.968473 0.66476
36 0.491656 0.477689 0.967692 0.675057
61 0.500638 0.478833 0.970035 0.673913
35 0.503372 0.482838 0.970816 0.661327
32 0.490094 0.476545 0.96613 0.669336
36 0.489704 0.475686 0.963787 0.668764
61 0.499857 0.478261 0.966911 0.675057
35 0.502981 0.482837 0.970035 0.663616
32 0.502981 0.482837 0.970035 0.663616
36 0.488923 0.475973 0.962225 0.668192
61 0.499076 0.477975 0.968473 0.674485
35 0.5022 0.48341 0.970035 0.663616
32 0.5022 0.48341 0.970035 0.663616
33 0.5022 0.48341 0.970035 0.663616
36 0.48658 0.476545 0.960663 0.667048
61 0.496733 0.478261 0.962225 0.673913
35 0.500638 0.484554 0.965349 0.66476
33 0.500638 0.484554 0.965349 0.66476
32 0.500638 0.484554 0.965349 0.66476
36 0.483846 0.477689 0.956758 0.667048
61 0.496733 0.479405 0.959101 0.672769
35 0.500638 0.485126 0.963787 0.665904
32 0.500638 0.485126 0.963787 0.665904
30 0.500638 0.485126 0.963787 0.665904
36 0.48658 0.477117 0.960663 0.668192
61 0.497904 0.478833 0.963006 0.675057
35 0.501419 0.484554 0.965349 0.66476
30 0.501419 0.484554 0.965349 0.66476
32 0.501419 0.484554 0.965349 0.66476
33 0.501419 0.484554 0.965349 0.66476
36 0.487361 0.477689 0.962225 0.668192
61 0.499076 0.479977 0.963787 0.675057
35 0.5022 0.485126 0.966911 0.665904
30 0.5022 0.485126 0.966911 0.665904
32 0.5022 0.485126 0.966911 0.665904
33 0.5022 0.485126 0.966911 0.665904
36 0.48658 0.477117 0.960663 0.669336
61 0.496342 0.479405 0.959882 0.676201
35 0.500248 0.483982 0.964568 0.665904
32 0.500248 0.483982 0.964568 0.665904
30 0.500248 0.483982 0.964568 0.665904
6 0.500248 0.483982 0.964568 0.665904
36 0.486189 0.477689 0.959882 0.667048
61 0.497514 0.480549 0.963787 0.675057
35 0.501419 0.483982 0.965349 0.663616
32 0.501419 0.483982 0.965349 0.663616
30 0.501419 0.483982 0.965349 0.663616
36 0.48658 0.477117 0.960663 0.667048
61 0.495952 0.479119 0.960663 0.673341
35 0.499857 0.483982 0.963787 0.663616
32 0.499857 0.483982 0.963787 0.663616
30 0.499857 0.483982 0.963787 0.663616
33 0.499857 0.483982 0.963787 0.663616
36 0.48697 0.477689 0.959882 0.66476
61 0.497123 0.479977 0.961444 0.672769
35 0.500638 0.48484 0.965349 0.663043
32 0.500638 0.48484 0.965349 0.663043
33 0.500638 0.48484 0.965349 0.663043
6 0.500638 0.48484 0.965349 0.663043
36 0.488142 0.477689 0.960663 0.667048
61 0.498295 0.480549 0.962225 0.675057
35 0.501419 0.483982 0.965349 0.663616
32 0.501419 0.483982 0.965349 0.663616
30 0.501419 0.483982 0.965349 0.663616
36 0.48658 0.477117 0.957539 0.665904
61 0.497123 0.479691 0.959882 0.672197
35 0.500638 0.483982 0.963787 0.663616
33 0.500638 0.483982 0.963787 0.663616
32 0.500638 0.483982 0.963787 0.663616
30 0.500638 0.483982 0.963787 0.663616
6 0.500638 0.483982 0.963787 0.663616
36 0.488142 0.477689 0.960663 0.665904
61 0.498295 0.480835 0.962225 0.674485
35 0.501419 0.484554 0.965349 0.66476
32 0.501419 0.484554 0.965349 0.66476
6 0.501419 0.484554 0.965349 0.66476
33 0.501419 0.484554 0.965349 0.66476
36 0.487361 0.477689 0.959101 0.667048
61 0.497514 0.480263 0.960663 0.675629
35 0.501419 0.48484 0.963787 0.666476
32 0.501419 0.48484 0.963787 0.666476
33 0.501419 0.48484 0.963787 0.666476
30 0.501419 0.48484 0.963787 0.666476
6 0.501419 0.48484 0.963787 0.666476
36 0.48658 0.477403 0.957539 0.665332
61 0.497904 0.479977 0.959882 0.672769
35 0.501419 0.484268 0.963787 0.663043
32 0.501419 0.484268 0.963787 0.663043
36 0.488142 0.477975 0.959101 0.666476
61 0.498295 0.479977 0.962225 0.672769
35 0.50181 0.483982 0.964568 0.663616
32 0.50181 0.483982 0.964568 0.663616
36 0.488142 0.477403 0.962225 0.66762
61 0.498295 0.479691 0.962225 0.674485
35 0.50181 0.483982 0.96613 0.663616
32 0.50181 0.483982 0.96613 0.663616
33 0.50181 0.483982 0.96613 0.663616
36 0.488142 0.477689 0.962225 0.667048
61 0.498685 0.479691 0.963006 0.673341
35 0.5022 0.484554 0.965349 0.663616
32 0.5022 0.484554 0.965349 0.663616
33 0.5022 0.484554 0.965349 0.663616
30 0.5022 0.484554 0.965349 0.663616
36 0.488142 0.477689 0.960663 0.667048
61 0.498295 0.479691 0.962225 0.673341
35 0.5022 0.48484 0.965349 0.664188
32 0.5022 0.48484 0.965349 0.664188
33 0.5022 0.48484 0.965349 0.664188
36 0.488532 0.478261 0.961444 0.668192
61 0.499076 0.480549 0.963787 0.673913
35 0.502591 0.485126 0.96613 0.66476
32 0.502591 0.485126 0.96613 0.66476
36 0.487361 0.477975 0.959101 0.66762
61 0.498295 0.480549 0.962225 0.673913
35 0.501419 0.485126 0.965349 0.66476
32 0.501419 0.485126 0.965349 0.66476
36 0.487361 0.477975 0.959101 0.66762
61 0.498295 0.479977 0.962225 0.673913
35 0.50181 0.484554 0.964568 0.66476
32 0.50181 0.484554 0.964568 0.66476
36 0.487361 0.477689 0.959101 0.668192
61 0.498685 0.479977 0.961444 0.675057
35 0.50181 0.484554 0.964568 0.66476
32 0.50181 0.484554 0.964568 0.66476
36 0.487361 0.477689 0.959101 0.668192
61 0.498685 0.480263 0.961444 0.674485
35 0.50181 0.484554 0.964568 0.66476
32 0.50181 0.484554 0.964568 0.66476
36 0.487361 0.477689 0.959101 0.668192
61 0.498295 0.480263 0.962225 0.674485
35 0.50181 0.484554 0.964568 0.66476
32 0.50181 0.484554 0.964568 0.66476
36 0.487361 0.477689 0.959101 0.668192
61 0.498295 0.480263 0.962225 0.674485
35 0.50181 0.484554 0.964568 0.66476
32 0.50181 0.484554 0.964568 0.66476
36 0.48697 0.477689 0.95832 0.668192
61 0.498295 0.480263 0.962225 0.674485
35 0.5022 0.484554 0.963787 0.66476
32 0.5022 0.484554 0.963787 0.66476
36 0.487361 0.477689 0.959101 0.668192
61 0.498685 0.480263 0.961444 0.674485
35 0.50181 0.484554 0.964568 0.66476
32 0.50181 0.484554 0.964568 0.66476
