22 0.438656 0.472295 0.780527 0.467448
2 0.438656 0.472295 0.780527 0.467448
62 0.451535 0.484086 0.835944 0.431134
72 0.438656 0.472295 0.780527 0.467448
3 0.398459 0.466435 0.72589 0.506944
60 0.438656 0.472295 0.780527 0.467448
4 0.434753 0.466363 0.769599 0.481626
3 0.491732 0.485243 0.857018 0.421875
64 0.434753 0.466363 0.769599 0.481626
22 0.57798 0.520833 0.764136 0.336806
22 0.314747 0.473958 0.578761 0.545139
35 0.438656 0.472295 0.780527 0.467448
41 0.438656 0.472295 0.780527 0.467448
3 0.57798 0.520833 0.764136 0.336806
52 0.451535 0.484086 0.835944 0.431134
62 0.625592 0.533854 0.678278 0.302662
22 0.690376 0.543403 0.595542 0.277778
2 0.690376 0.543403 0.595542 0.277778
72 0.57798 0.520833 0.764136 0.336806
69 0.438656 0.472295 0.780527 0.467448
60 0.314747 0.473958 0.578761 0.545139
4 0.522172 0.49537 0.853896 0.395833
31 0.438656 0.472295 0.780527 0.467448
41 0.314747 0.473958 0.578761 0.545139
57 0.434753 0.466363 0.769599 0.481626
3 0.642373 0.545428 0.618177 0.255208
2 0.314747 0.473958 0.578761 0.545139
2 0.51505 0.530093 0.758867 0.303241
23 0.491732 0.485243 0.857018 0.421875
35 0.57798 0.520833 0.764136 0.336806
60 0.57798 0.520833 0.764136 0.336806
56 0.451535 0.484086 0.835944 0.431134
36 0.51505 0.530093 0.758867 0.303241
72 0.314747 0.473958 0.578761 0.545139
52 0.308698 0.463831 0.564321 0.522569
58 0.398459 0.466435 0.72589 0.506944
36 0.438656 0.472295 0.780527 0.467448
72 0.690376 0.543403 0.595542 0.277778
60 0.690376 0.543403 0.595542 0.277778
10 0.454267 0.47338 0.824236 0.457176
62 0.594761 0.463831 0.702474 0.447338
21 0.57798 0.520833 0.764136 0.336806
37 0.438656 0.472295 0.780527 0.467448
35 0.733695 0.547164 0.485488 0.262153
22 0.756721 0.542245 0.447242 0.251157
23 0.625592 0.533854 0.678278 0.302662
21 0.491732 0.485243 0.857018 0.421875
52 0.690376 0.543403 0.595542 0.277778
62 0.733695 0.547164 0.485488 0.262153
62 0.314747 0.473958 0.578761 0.545139
33 0.492512 0.45978 0.822675 0.475116
58 0.491732 0.485243 0.857018 0.421875
4 0.733695 0.547164 0.485488 0.262153
57 0.522172 0.49537 0.853896 0.395833
3 0.256988 0.486111 0.447632 0.561343
5 0.398459 0.466435 0.72589 0.506944
4 0.308698 0.463831 0.564321 0.522569
52 0.57798 0.520833 0.764136 0.336806
21 0.645496 0.469907 0.624421 0.424768
52 0.645496 0.469907 0.624421 0.424768
22 0.645496 0.469907 0.624421 0.424768
41 0.57798 0.520833 0.764136 0.336806
36 0.642373 0.545428 0.618177 0.255208
35 0.314747 0.473958 0.578761 0.545139
58 0.625592 0.533854 0.678278 0.302662
64 0.308698 0.463831 0.564321 0.522569
57 0.690376 0.543403 0.595542 0.277778
64 0.690376 0.543403 0.595542 0.277778
2 0.594761 0.463831 0.702474 0.447338
49 0.390946 0.462095 0.708913 0.508681
44 0.438656 0.472295 0.780527 0.467448
45 0.433583 0.481771 0.754769 0.420718
40 0.454267 0.47338 0.824236 0.457176
39 0.491732 0.485243 0.857018 0.421875
8 0.522172 0.49537 0.853896 0.395833
72 0.756721 0.542245 0.447242 0.251157
64 0.522172 0.49537 0.853896 0.395833
10 0.625592 0.533854 0.678278 0.302662
33 0.57798 0.520833 0.764136 0.336806
39 0.57798 0.520833 0.764136 0.336806
57 0.645496 0.469907 0.624421 0.424768
45 0.51505 0.530093 0.758867 0.303241
62 0.704816 0.478299 0.558857 0.401042
8 0.733695 0.547164 0.485488 0.262153
4 0.739159 0.480903 0.468316 0.391204
2 0.704816 0.478299 0.558857 0.401042
57 0.738768 0.552083 0.448803 0.24537
4 0.625592 0.533854 0.678278 0.302662
37 0.51505 0.530093 0.758867 0.303241
2 0.48861 0.459201 0.921021 0.446181
3 0.48861 0.459201 0.921021 0.446181
4 0.48939 0.452546 0.922582 0.451389
52 0.48861 0.459201 0.921021 0.446181
22 0.48861 0.459201 0.921021 0.446181
10 0.48939 0.452546 0.922582 0.451389
60 0.48861 0.459201 0.921021 0.446181
62 0.48861 0.459201 0.921021 0.446181
58 0.448022 0.453704 0.808626 0.459491
36 0.48861 0.459201 0.921021 0.446181
69 0.48861 0.459201 0.921021 0.446181
35 0.48939 0.452546 0.922582 0.451389
57 0.48939 0.452546 0.922582 0.451389
3 0.371531 0.456887 0.66657 0.48206
2 0.371531 0.456887 0.66657 0.48206
44 0.48939 0.452546 0.922582 0.451389
23 0.48861 0.459201 0.921021 0.446181
21 0.48939 0.452546 0.922582 0.451389
60 0.371531 0.456887 0.66657 0.48206
8 0.48861 0.459201 0.921021 0.446181
33 0.48861 0.459201 0.921021 0.446181
22 0.371531 0.456887 0.66657 0.48206
56 0.48939 0.452546 0.922582 0.451389
5 0.508903 0.463831 0.922582 0.438079
65 0.48939 0.452546 0.922582 0.451389
39 0.508903 0.463831 0.922582 0.438079
7 0.508123 0.456887 0.91946 0.441551
32 0.48939 0.452546 0.922582 0.451389
72 0.48939 0.452546 0.922582 0.451389
66 0.48939 0.452546 0.922582 0.451389
64 0.508903 0.463831 0.922582 0.438079
31 0.48861 0.459201 0.921021 0.446181
4 0.179863 0.36603 0.222548 0.335069
10 0.371531 0.456887 0.66657 0.48206
36 0.371531 0.456887 0.66657 0.48206
20 0.448022 0.453704 0.808626 0.459491
2 0.664911 0.464988 0.591834 0.429977
4 0.371531 0.456887 0.66657 0.48206
58 0.573297 0.46535 0.775063 0.429253
69 0.371531 0.456887 0.66657 0.48206
52 0.371531 0.456887 0.66657 0.48206
34 0.508123 0.456887 0.91946 0.441551
2 0.271623 0.484881 0.485488 0.517506
23 0.371531 0.456887 0.66657 0.48206
59 0.48939 0.452546 0.922582 0.451389
58 0.271623 0.484881 0.485488 0.517506
5 0.380116 0.443359 0.684522 0.474392
62 0.371531 0.456887 0.66657 0.48206
57 0.659935 0.456597 0.600225 0.440972
62 0.659935 0.456597 0.600225 0.440972
45 0.508903 0.463831 0.922582 0.438079
4 0.659935 0.456597 0.600225 0.440972
7 0.380116 0.443359 0.684522 0.474392
41 0.448022 0.453704 0.808626 0.459491
3 0.271623 0.484881 0.485488 0.517506
30 0.508903 0.463831 0.922582 0.438079
49 0.449583 0.443215 0.810187 0.470052
65 0.371531 0.456887 0.66657 0.48206
57 0.371531 0.456887 0.66657 0.48206
35 0.371531 0.456887 0.66657 0.48206
40 0.508123 0.456887 0.91946 0.441551
3 0.664911 0.464988 0.591834 0.429977
4 0.152983 0.336806 0.16352 0.275463
4 0.216206 0.384549 0.265379 0.343171
60 0.271623 0.484881 0.485488 0.517506
22 0.664911 0.464988 0.591834 0.429977
0 0.48939 0.452546 0.922582 0.451389
44 0.371531 0.456887 0.66657 0.48206
8 0.659935 0.456597 0.600225 0.440972
8 0.371531 0.456887 0.66657 0.48206
29 0.48939 0.452546 0.922582 0.451389
39 0.664911 0.464988 0.591834 0.429977
52 0.664911 0.464988 0.591834 0.429977
5 0.664911 0.464988 0.591834 0.429977
36 0.664911 0.464988 0.591834 0.429977
33 0.371531 0.456887 0.66657 0.48206
52 0.496415 0.452836 0.939754 0.451968
2 0.496415 0.452836 0.939754 0.451968
58 0.496415 0.452836 0.939754 0.451968
4 0.496805 0.448206 0.935851 0.462384
23 0.496415 0.452836 0.939754 0.451968
3 0.496415 0.452836 0.939754 0.451968
8 0.496415 0.452836 0.939754 0.451968
10 0.496415 0.452836 0.939754 0.451968
60 0.496415 0.452836 0.939754 0.451968
62 0.496805 0.448206 0.935851 0.462384
36 0.496415 0.452836 0.939754 0.451968
44 0.496805 0.448206 0.935851 0.462384
21 0.496415 0.452836 0.939754 0.451968
67 0.496415 0.452836 0.939754 0.451968
5 0.496415 0.452836 0.939754 0.451968
69 0.496415 0.452836 0.939754 0.451968
65 0.496805 0.448206 0.935851 0.462384
35 0.496805 0.448206 0.935851 0.462384
59 0.496415 0.452836 0.939754 0.451968
57 0.496805 0.448206 0.935851 0.462384
33 0.496415 0.452836 0.939754 0.451968
29 0.496805 0.448206 0.935851 0.462384
20 0.496805 0.448206 0.935851 0.462384
32 0.496805 0.448206 0.935851 0.462384
34 0.507733 0.45204 0.940535 0.451244
58 0.366067 0.455512 0.658764 0.479022
66 0.496805 0.448206 0.935851 0.462384
56 0.496415 0.452836 0.939754 0.451968
39 0.506952 0.461227 0.946779 0.434028
30 0.496415 0.452836 0.939754 0.451968
22 0.506952 0.461227 0.946779 0.434028
0 0.496805 0.448206 0.935851 0.462384
61 0.496415 0.452836 0.939754 0.451968
7 0.507733 0.45204 0.940535 0.451244
45 0.506952 0.461227 0.946779 0.434028
10 0.366067 0.455512 0.658764 0.479022
6 0.496805 0.448206 0.935851 0.462384
23 0.366067 0.455512 0.658764 0.479022
60 0.366067 0.455512 0.658764 0.479022
31 0.496415 0.452836 0.939754 0.451968
3 0.366067 0.455512 0.658764 0.479022
65 0.371921 0.445602 0.668911 0.483796
52 0.366067 0.455512 0.658764 0.479022
20 0.366067 0.455512 0.658764 0.479022
2 0.366067 0.455512 0.658764 0.479022
67 0.366067 0.455512 0.658764 0.479022
4 0.371921 0.445602 0.668911 0.483796
64 0.506952 0.461227 0.946779 0.434028
1 0.455437 0.448206 0.828139 0.467014
72 0.496805 0.448206 0.935851 0.462384
62 0.371921 0.445602 0.668911 0.483796
66 0.545686 0.408854 0.691351 0.536458
28 0.496805 0.448206 0.935851 0.462384
41 0.454657 0.44213 0.820333 0.476852
44 0.371921 0.445602 0.668911 0.483796
5 0.366067 0.455512 0.658764 0.479022
36 0.366067 0.455512 0.658764 0.479022
58 0.687254 0.482639 0.539344 0.37963
69 0.366067 0.455512 0.658764 0.479022
61 0.366067 0.455512 0.658764 0.479022
58 0.275916 0.480396 0.501879 0.496383
6 0.366067 0.455512 0.658764 0.479022
29 0.366067 0.455512 0.658764 0.479022
59 0.366067 0.455512 0.658764 0.479022
57 0.366067 0.455512 0.658764 0.479022
22 0.371921 0.445602 0.668911 0.483796
40 0.507733 0.45204 0.940535 0.451244
54 0.41485 0.440104 0.695449 0.476273
56 0.371921 0.445602 0.668911 0.483796
32 0.366067 0.455512 0.658764 0.479022
0 0.371921 0.445602 0.668911 0.483796
8 0.366067 0.455512 0.658764 0.479022
58 0.392215 0.944444 0.575248 0.111111
66 0.371921 0.445602 0.668911 0.483796
52 0.426948 0.936921 0.601005 0.126157
33 0.366067 0.455512 0.658764 0.479022
4 0.501879 0.442708 0.953803 0.47338
52 0.501879 0.442708 0.953803 0.47338
58 0.501879 0.442708 0.953803 0.47338
20 0.501879 0.439525 0.947559 0.476273
2 0.501879 0.442708 0.953803 0.47338
23 0.501879 0.442708 0.953803 0.47338
36 0.501879 0.442708 0.953803 0.47338
66 0.501879 0.439525 0.947559 0.476273
0 0.501879 0.439525 0.947559 0.476273
10 0.501879 0.442708 0.953803 0.47338
8 0.501879 0.442708 0.953803 0.47338
67 0.501879 0.442708 0.953803 0.47338
5 0.501879 0.442708 0.953803 0.47338
62 0.501879 0.439525 0.947559 0.476273
65 0.501879 0.439525 0.947559 0.476273
61 0.501879 0.442708 0.953803 0.47338
7 0.501879 0.439525 0.947559 0.476273
32 0.501879 0.442708 0.953803 0.47338
3 0.501879 0.442708 0.953803 0.47338
30 0.501879 0.442708 0.953803 0.47338
59 0.501879 0.442708 0.953803 0.47338
44 0.501879 0.439525 0.947559 0.476273
60 0.501879 0.442708 0.953803 0.47338
69 0.501879 0.442708 0.953803 0.47338
56 0.501879 0.442708 0.953803 0.47338
57 0.501879 0.442708 0.953803 0.47338
1 0.501879 0.439525 0.947559 0.476273
34 0.508123 0.45081 0.950681 0.452546
28 0.501879 0.439525 0.947559 0.476273
6 0.501879 0.442708 0.953803 0.47338
29 0.501879 0.439525 0.947559 0.476273
33 0.501879 0.442708 0.953803 0.47338
21 0.508903 0.450883 0.958487 0.457031
31 0.501879 0.442708 0.953803 0.47338
22 0.508903 0.450883 0.958487 0.457031
39 0.508903 0.450883 0.958487 0.457031
35 0.501879 0.439525 0.947559 0.476273
45 0.508903 0.450883 0.958487 0.457031
68 0.383239 0.439236 0.693108 0.474537
54 0.420801 0.441045 0.724134 0.469763
10 0.371921 0.448423 0.671253 0.471209
4 0.371921 0.448423 0.671253 0.471209
58 0.371921 0.448423 0.671253 0.471209
20 0.371921 0.448423 0.671253 0.471209
36 0.371921 0.448423 0.671253 0.471209
65 0.371921 0.448423 0.671253 0.471209
6 0.371921 0.448423 0.671253 0.471209
23 0.371921 0.448423 0.671253 0.471209
28 0.352213 0.437211 0.599835 0.456597
52 0.371921 0.448423 0.671253 0.471209
1 0.371921 0.448423 0.671253 0.471209
58 0.708718 0.470197 0.493293 0.407986
0 0.352213 0.437211 0.599835 0.456597
41 0.464413 0.437428 0.850774 0.479311
57 0.371921 0.448423 0.671253 0.471209
61 0.371921 0.448423 0.671253 0.471209
44 0.371921 0.448423 0.671253 0.471209
60 0.371921 0.448423 0.671253 0.471209
67 0.371921 0.448423 0.671253 0.471209
69 0.371921 0.448423 0.671253 0.471209
5 0.371921 0.448423 0.671253 0.471209
56 0.371921 0.448423 0.671253 0.471209
72 0.501879 0.439525 0.947559 0.476273
3 0.371921 0.448423 0.671253 0.471209
58 0.588615 0.512153 0.638276 0.332176
2 0.371921 0.448423 0.671253 0.471209
33 0.371921 0.448423 0.671253 0.471209
59 0.371921 0.448423 0.671253 0.471209
4 0.500318 0.441551 0.96317 0.466435
52 0.500318 0.441551 0.96317 0.466435
2 0.500318 0.441551 0.96317 0.466435
66 0.500318 0.44647 0.964731 0.463542
3 0.500318 0.441551 0.96317 0.466435
23 0.500318 0.441551 0.96317 0.466435
0 0.500318 0.44647 0.964731 0.463542
69 0.500318 0.44647 0.964731 0.463542
58 0.500318 0.441551 0.96317 0.466435
67 0.500318 0.441551 0.96317 0.466435
44 0.500318 0.44647 0.964731 0.463542
10 0.500318 0.441551 0.96317 0.466435
56 0.500318 0.44647 0.964731 0.463542
60 0.500318 0.44647 0.964731 0.463542
28 0.500318 0.44647 0.964731 0.463542
32 0.500318 0.44647 0.964731 0.463542
61 0.500318 0.441551 0.96317 0.466435
20 0.500318 0.44647 0.964731 0.463542
8 0.500318 0.441551 0.96317 0.466435
1 0.500318 0.44647 0.964731 0.463542
6 0.500318 0.44647 0.964731 0.463542
62 0.500318 0.44647 0.964731 0.463542
22 0.500318 0.44647 0.964731 0.463542
5 0.500318 0.441551 0.96317 0.466435
7 0.500318 0.44647 0.964731 0.463542
36 0.500318 0.441551 0.96317 0.466435
57 0.500318 0.441551 0.96317 0.466435
30 0.50383 0.442057 0.968633 0.465422
33 0.500318 0.441551 0.96317 0.466435
65 0.500318 0.44647 0.964731 0.463542
29 0.500318 0.44647 0.964731 0.463542
21 0.50383 0.442057 0.968633 0.465422
35 0.50344 0.452257 0.967853 0.451968
39 0.50383 0.442057 0.968633 0.465422
34 0.50344 0.452257 0.967853 0.451968
45 0.50383 0.442057 0.968633 0.465422
59 0.500318 0.441551 0.96317 0.466435
31 0.50383 0.442057 0.968633 0.465422
54 0.424606 0.44647 0.749306 0.469329
68 0.471438 0.44213 0.87419 0.471065
58 0.36314 0.447627 0.661496 0.467014
4 0.36314 0.447627 0.661496 0.467014
52 0.36314 0.447627 0.661496 0.467014
69 0.36314 0.447627 0.661496 0.467014
10 0.36314 0.447627 0.661496 0.467014
3 0.36314 0.447627 0.661496 0.467014
23 0.36314 0.447627 0.661496 0.467014
61 0.36314 0.447627 0.661496 0.467014
60 0.36314 0.447627 0.661496 0.467014
2 0.36314 0.447627 0.661496 0.467014
57 0.36314 0.447627 0.661496 0.467014
44 0.36314 0.447627 0.661496 0.467014
67 0.36314 0.447627 0.661496 0.467014
6 0.36314 0.447627 0.661496 0.467014
22 0.36314 0.447627 0.661496 0.467014
56 0.36314 0.447627 0.661496 0.467014
5 0.36314 0.447627 0.661496 0.467014
1 0.36314 0.447627 0.661496 0.467014
36 0.36314 0.447627 0.661496 0.467014
0 0.36314 0.447627 0.661496 0.467014
32 0.36314 0.447627 0.661496 0.467014
20 0.36314 0.447627 0.661496 0.467014
28 0.36314 0.447627 0.661496 0.467014
66 0.36314 0.447627 0.661496 0.467014
65 0.36314 0.447627 0.661496 0.467014
33 0.36314 0.447627 0.661496 0.467014
62 0.36314 0.447627 0.661496 0.467014
59 0.36314 0.447627 0.661496 0.467014
8 0.36314 0.447627 0.661496 0.467014
68 0.339919 0.44647 0.57759 0.463542
29 0.36314 0.447627 0.661496 0.467014
41 0.482365 0.447844 0.888239 0.467737
34 0.376214 0.443866 0.687644 0.471065
4 0.496415 0.445096 0.969414 0.463976
2 0.496415 0.445096 0.969414 0.463976
52 0.496415 0.445096 0.969414 0.463976
1 0.473389 0.444951 0.899947 0.473524
8 0.497195 0.449653 0.96317 0.457176
23 0.497195 0.449653 0.96317 0.457176
3 0.496415 0.445096 0.969414 0.463976
20 0.473389 0.444951 0.899947 0.473524
7 0.496415 0.445096 0.969414 0.463976
10 0.466365 0.447989 0.884337 0.466291
30 0.497195 0.449653 0.96317 0.457176
36 0.497195 0.449653 0.96317 0.457176
44 0.496415 0.445096 0.969414 0.463976
28 0.496415 0.445096 0.969414 0.463976
56 0.496415 0.445096 0.969414 0.463976
66 0.496415 0.445096 0.969414 0.463976
67 0.497195 0.449653 0.96317 0.457176
58 0.466365 0.447989 0.884337 0.466291
32 0.496415 0.445096 0.969414 0.463976
31 0.497195 0.449653 0.96317 0.457176
6 0.473389 0.444951 0.899947 0.473524
21 0.497195 0.449653 0.96317 0.457176
45 0.497195 0.449653 0.96317 0.457176
5 0.497195 0.449653 0.96317 0.457176
59 0.497195 0.449653 0.96317 0.457176
61 0.466365 0.447989 0.884337 0.466291
69 0.496415 0.445096 0.969414 0.463976
0 0.496415 0.445096 0.969414 0.463976
34 0.496415 0.445096 0.969414 0.463976
29 0.473389 0.444951 0.899947 0.473524
62 0.496415 0.445096 0.969414 0.463976
22 0.497195 0.449653 0.96317 0.457176
60 0.496415 0.445096 0.969414 0.463976
39 0.497195 0.449653 0.96317 0.457176
57 0.496415 0.445096 0.969414 0.463976
65 0.473389 0.444951 0.899947 0.473524
35 0.496415 0.445096 0.969414 0.463976
54 0.448803 0.445023 0.835163 0.475694
33 0.497195 0.449653 0.96317 0.457176
68 0.414362 0.448206 0.776039 0.48206
28 0.384409 0.449942 0.693108 0.48206
52 0.333675 0.45978 0.586176 0.472801
0 0.384409 0.449942 0.693108 0.48206
4 0.333675 0.45978 0.586176 0.472801
58 0.333675 0.45978 0.586176 0.472801
68 0.287234 0.463831 0.519831 0.508681
7 0.384409 0.449942 0.693108 0.48206
69 0.333675 0.45978 0.586176 0.472801
54 0.287234 0.463831 0.519831 0.508681
10 0.333675 0.45978 0.586176 0.472801
72 0.496415 0.445096 0.969414 0.463976
59 0.333675 0.45978 0.586176 0.472801
28 0.287234 0.463831 0.519831 0.508681
23 0.333675 0.45978 0.586176 0.472801
5 0.333675 0.45978 0.586176 0.472801
56 0.333675 0.45978 0.586176 0.472801
2 0.497976 0.445602 0.977219 0.471065
4 0.497976 0.445602 0.977219 0.471065
66 0.497976 0.445602 0.977219 0.471065
7 0.497976 0.445602 0.977219 0.471065
3 0.497976 0.445602 0.977219 0.471065
1 0.497976 0.445602 0.977219 0.471065
44 0.497976 0.445602 0.977219 0.471065
5 0.497976 0.445602 0.977219 0.471065
8 0.498756 0.446759 0.972536 0.475694
20 0.497976 0.445602 0.977219 0.471065
30 0.498756 0.446759 0.972536 0.475694
52 0.502269 0.451968 0.976439 0.46412
29 0.497976 0.445602 0.977219 0.471065
6 0.497976 0.445602 0.977219 0.471065
60 0.497976 0.445602 0.977219 0.471065
45 0.498756 0.446759 0.972536 0.475694
0 0.497976 0.445602 0.977219 0.471065
28 0.497976 0.445602 0.977219 0.471065
56 0.497976 0.445602 0.977219 0.471065
67 0.498756 0.446759 0.972536 0.475694
22 0.497976 0.445602 0.977219 0.471065
36 0.498756 0.446759 0.972536 0.475694
39 0.502269 0.451968 0.976439 0.46412
34 0.501098 0.454282 0.977219 0.453704
65 0.497976 0.445602 0.977219 0.471065
31 0.502269 0.451968 0.976439 0.46412
23 0.498756 0.446759 0.972536 0.475694
69 0.497976 0.445602 0.977219 0.471065
32 0.497976 0.445602 0.977219 0.471065
57 0.497976 0.445602 0.977219 0.471065
61 0.498756 0.446759 0.972536 0.475694
35 0.497976 0.445602 0.977219 0.471065
54 0.476121 0.44213 0.914777 0.478009
58 0.498756 0.446759 0.972536 0.475694
21 0.498756 0.446759 0.972536 0.475694
62 0.497976 0.445602 0.977219 0.471065
10 0.497976 0.445602 0.977219 0.471065
33 0.498756 0.446759 0.972536 0.475694
59 0.498756 0.446759 0.972536 0.475694
4 0.371336 0.451317 0.684132 0.474682
68 0.476121 0.44213 0.914777 0.478009
5 0.371336 0.451317 0.684132 0.474682
3 0.371336 0.451317 0.684132 0.474682
36 0.371336 0.451317 0.684132 0.474682
52 0.371336 0.451317 0.684132 0.474682
2 0.371336 0.451317 0.684132 0.474682
58 0.371336 0.451317 0.684132 0.474682
10 0.371336 0.451317 0.684132 0.474682
69 0.371336 0.451317 0.684132 0.474682
1 0.371336 0.451317 0.684132 0.474682
22 0.371336 0.451317 0.684132 0.474682
61 0.371336 0.451317 0.684132 0.474682
57 0.371336 0.451317 0.684132 0.474682
23 0.371336 0.451317 0.684132 0.474682
8 0.371336 0.451317 0.684132 0.474682
44 0.371336 0.451317 0.684132 0.474682
28 0.375824 0.442708 0.682961 0.454861
7 0.371336 0.451317 0.684132 0.474682
65 0.375824 0.442708 0.682961 0.454861
34 0.371336 0.451317 0.684132 0.474682
32 0.371336 0.451317 0.684132 0.474682
67 0.371336 0.451317 0.684132 0.474682
20 0.371336 0.451317 0.684132 0.474682
33 0.371336 0.451317 0.684132 0.474682
6 0.371336 0.451317 0.684132 0.474682
66 0.371336 0.451317 0.684132 0.474682
31 0.371336 0.451317 0.684132 0.474682
56 0.371336 0.451317 0.684132 0.474682
60 0.371336 0.451317 0.684132 0.474682
0 0.371336 0.451317 0.684132 0.474682
45 0.371336 0.451317 0.684132 0.474682
2 0.50461 0.44213 0.960828 0.482639
6 0.50344 0.439815 0.960048 0.489583
66 0.50344 0.439815 0.960048 0.489583
54 0.50344 0.439815 0.960048 0.489583
4 0.50461 0.44213 0.960828 0.482639
8 0.50461 0.44213 0.960828 0.482639
7 0.50344 0.439815 0.960048 0.489583
29 0.50461 0.44213 0.960828 0.482639
30 0.50344 0.446687 0.960048 0.474682
20 0.50344 0.439815 0.960048 0.489583
3 0.50461 0.44213 0.960828 0.482639
61 0.50461 0.44213 0.960828 0.482639
1 0.50344 0.439815 0.960048 0.489583
56 0.50344 0.439815 0.960048 0.489583
67 0.50461 0.44213 0.960828 0.482639
44 0.50461 0.44213 0.960828 0.482639
5 0.50461 0.44213 0.960828 0.482639
28 0.50344 0.439815 0.960048 0.489583
52 0.50461 0.44213 0.960828 0.482639
31 0.50344 0.446687 0.960048 0.474682
60 0.50344 0.439815 0.960048 0.489583
36 0.50461 0.44213 0.960828 0.482639
45 0.50461 0.44213 0.960828 0.482639
62 0.50344 0.439815 0.960048 0.489583
0 0.50344 0.439815 0.960048 0.489583
57 0.50461 0.44213 0.960828 0.482639
69 0.50344 0.439815 0.960048 0.489583
35 0.50344 0.439815 0.960048 0.489583
39 0.50344 0.446687 0.960048 0.474682
32 0.50461 0.44213 0.960828 0.482639
10 0.50461 0.44213 0.960828 0.482639
22 0.50461 0.44213 0.960828 0.482639
23 0.50461 0.44213 0.960828 0.482639
58 0.50461 0.44213 0.960828 0.482639
21 0.50461 0.44213 0.960828 0.482639
65 0.50344 0.439815 0.960048 0.489583
34 0.50461 0.44213 0.960828 0.482639
33 0.50461 0.44213 0.960828 0.482639
59 0.50461 0.44213 0.960828 0.482639
68 0.50344 0.439815 0.960048 0.489583
41 0.481585 0.437572 0.902289 0.492911
72 0.50344 0.439815 0.960048 0.489583
4 0.498756 0.444155 0.975658 0.469329
2 0.498366 0.440394 0.974878 0.476852
54 0.498366 0.440394 0.974878 0.476852
66 0.498366 0.440394 0.974878 0.476852
7 0.498366 0.440394 0.974878 0.476852
3 0.498366 0.440394 0.974878 0.476852
1 0.498366 0.440394 0.974878 0.476852
30 0.501488 0.444444 0.976439 0.472222
31 0.501488 0.444444 0.976439 0.472222
8 0.498756 0.444155 0.975658 0.469329
39 0.501488 0.444444 0.976439 0.472222
32 0.498366 0.440394 0.974878 0.476852
22 0.498756 0.444155 0.975658 0.469329
6 0.498366 0.440394 0.974878 0.476852
5 0.498756 0.444155 0.975658 0.469329
56 0.498366 0.440394 0.974878 0.476852
29 0.498366 0.440394 0.974878 0.476852
44 0.498756 0.444155 0.975658 0.469329
60 0.498366 0.440394 0.974878 0.476852
52 0.498366 0.440394 0.974878 0.476852
67 0.498756 0.444155 0.975658 0.469329
57 0.498366 0.440394 0.974878 0.476852
35 0.498366 0.440394 0.974878 0.476852
36 0.498756 0.444155 0.975658 0.469329
45 0.498756 0.444155 0.975658 0.469329
20 0.501488 0.444444 0.976439 0.472222
0 0.498366 0.440394 0.974878 0.476852
69 0.500318 0.444155 0.975658 0.471643
23 0.498756 0.444155 0.975658 0.469329
28 0.498366 0.440394 0.974878 0.476852
59 0.498756 0.444155 0.975658 0.469329
34 0.498366 0.440394 0.974878 0.476852
10 0.498756 0.444155 0.975658 0.469329
62 0.498756 0.444155 0.975658 0.469329
61 0.498366 0.440394 0.974878 0.476852
58 0.498366 0.440394 0.974878 0.476852
21 0.501488 0.444444 0.976439 0.472222
65 0.498366 0.440394 0.974878 0.476852
68 0.498366 0.440394 0.974878 0.476852
33 0.498756 0.444155 0.975658 0.469329
4 0.374263 0.4375 0.685302 0.452546
4 0.508123 0.44184 0.956926 0.476273
2 0.508123 0.44184 0.956926 0.476273
56 0.508123 0.44184 0.956926 0.476273
66 0.508123 0.44184 0.956926 0.476273
3 0.507342 0.44184 0.961609 0.475116
60 0.508123 0.44184 0.956926 0.476273
54 0.508123 0.44184 0.956926 0.476273
32 0.508123 0.44184 0.956926 0.476273
31 0.507342 0.439887 0.961609 0.479022
0 0.508123 0.44184 0.956926 0.476273
52 0.507342 0.44184 0.961609 0.475116
1 0.508123 0.44184 0.956926 0.476273
57 0.507342 0.44184 0.961609 0.475116
6 0.508123 0.44184 0.956926 0.476273
7 0.508123 0.44184 0.956926 0.476273
30 0.507342 0.439887 0.961609 0.479022
69 0.507342 0.44184 0.961609 0.475116
67 0.506952 0.440972 0.956145 0.476852
5 0.507342 0.44184 0.961609 0.475116
68 0.508123 0.44184 0.956926 0.476273
22 0.506952 0.440972 0.956145 0.476852
58 0.507342 0.44184 0.961609 0.475116
23 0.506952 0.440972 0.956145 0.476852
44 0.508123 0.44184 0.956926 0.476273
28 0.507342 0.44184 0.961609 0.475116
20 0.507342 0.439887 0.961609 0.479022
39 0.507342 0.439887 0.961609 0.479022
10 0.508123 0.44184 0.956926 0.476273
45 0.507342 0.439887 0.961609 0.479022
35 0.508123 0.44184 0.956926 0.476273
59 0.506952 0.440972 0.956145 0.476852
29 0.508123 0.44184 0.956926 0.476273
34 0.507342 0.44184 0.961609 0.475116
62 0.507342 0.439887 0.961609 0.479022
8 0.508123 0.44184 0.956926 0.476273
61 0.508123 0.44184 0.956926 0.476273
36 0.507342 0.439887 0.961609 0.479022
21 0.507342 0.439887 0.961609 0.479022
65 0.501098 0.441262 0.939754 0.473958
4 0.374555 0.446253 0.682375 0.463976
68 0.374555 0.446253 0.682375 0.463976
58 0.374555 0.446253 0.682375 0.463976
4 0.507342 0.436632 0.964731 0.477431
2 0.507342 0.435836 0.961609 0.477865
3 0.507342 0.435836 0.961609 0.477865
52 0.507342 0.436632 0.964731 0.477431
22 0.507342 0.443287 0.967853 0.46875
31 0.507342 0.443287 0.967853 0.46875
58 0.507342 0.436632 0.964731 0.477431
57 0.507342 0.436632 0.964731 0.477431
7 0.507342 0.435836 0.961609 0.477865
1 0.507342 0.435836 0.961609 0.477865
68 0.507342 0.436632 0.964731 0.477431
56 0.507342 0.435836 0.961609 0.477865
23 0.507342 0.443287 0.967853 0.46875
5 0.507342 0.436632 0.964731 0.477431
60 0.507342 0.435836 0.961609 0.477865
32 0.507342 0.435836 0.961609 0.477865
39 0.507342 0.443287 0.967853 0.46875
59 0.507342 0.443287 0.967853 0.46875
28 0.507342 0.436632 0.964731 0.477431
69 0.507342 0.436632 0.964731 0.477431
67 0.506562 0.440972 0.96317 0.471065
0 0.506562 0.440972 0.96317 0.471065
10 0.506562 0.440972 0.96317 0.471065
34 0.507342 0.436632 0.964731 0.477431
45 0.506562 0.440972 0.96317 0.471065
66 0.507342 0.436632 0.964731 0.477431
8 0.507342 0.435836 0.961609 0.477865
6 0.507342 0.435836 0.961609 0.477865
54 0.507342 0.435836 0.961609 0.477865
30 0.507342 0.443287 0.967853 0.46875
20 0.507342 0.443287 0.967853 0.46875
62 0.506562 0.440972 0.96317 0.471065
29 0.506562 0.440972 0.96317 0.471065
36 0.506562 0.440972 0.96317 0.471065
35 0.507342 0.435836 0.961609 0.477865
44 0.507342 0.443287 0.967853 0.46875
61 0.506562 0.440972 0.96317 0.471065
21 0.507342 0.443287 0.967853 0.46875
65 0.498757 0.438947 0.947559 0.472801
4 0.371921 0.432219 0.672033 0.441117
4 0.510464 0.437789 0.952242 0.487847
2 0.511245 0.438368 0.947559 0.479745
3 0.510464 0.437789 0.952242 0.487847
22 0.510464 0.437789 0.952242 0.487847
56 0.510464 0.438585 0.94912 0.485098
57 0.510074 0.436632 0.953023 0.479745
31 0.510464 0.437789 0.952242 0.487847
23 0.510464 0.437789 0.952242 0.487847
7 0.511245 0.438368 0.947559 0.479745
39 0.510464 0.437789 0.952242 0.487847
52 0.510074 0.436632 0.953023 0.479745
0 0.510464 0.438585 0.94912 0.485098
58 0.510464 0.437789 0.952242 0.487847
32 0.510464 0.438585 0.94912 0.485098
5 0.510464 0.438585 0.94912 0.485098
28 0.510074 0.436632 0.953023 0.479745
44 0.510464 0.438585 0.94912 0.485098
68 0.510074 0.436632 0.953023 0.479745
60 0.511245 0.438368 0.947559 0.479745
67 0.510464 0.437789 0.952242 0.487847
1 0.511245 0.438368 0.947559 0.479745
54 0.511245 0.438368 0.947559 0.479745
10 0.510464 0.438585 0.94912 0.485098
34 0.510464 0.438585 0.94912 0.485098
8 0.510464 0.438585 0.94912 0.485098
59 0.510464 0.437789 0.952242 0.487847
66 0.510464 0.438585 0.94912 0.485098
69 0.510074 0.436632 0.953023 0.479745
45 0.510464 0.437789 0.952242 0.487847
30 0.510464 0.437789 0.952242 0.487847
29 0.510464 0.438585 0.94912 0.485098
6 0.511245 0.438368 0.947559 0.479745
20 0.510464 0.437789 0.952242 0.487847
21 0.510464 0.437789 0.952242 0.487847
35 0.511245 0.438368 0.947559 0.479745
61 0.510464 0.438585 0.94912 0.485098
36 0.510464 0.438585 0.94912 0.485098
62 0.510464 0.438585 0.94912 0.485098
3 0.375043 0.45081 0.687644 0.479167
4 0.375043 0.45081 0.687644 0.479167
58 0.375043 0.45081 0.687644 0.479167
23 0.375043 0.45081 0.687644 0.479167
68 0.375043 0.45081 0.687644 0.479167
2 0.375043 0.45081 0.687644 0.479167
22 0.375043 0.45081 0.687644 0.479167
57 0.375043 0.45081 0.687644 0.479167
0 0.375043 0.45081 0.687644 0.479167
56 0.375043 0.45081 0.687644 0.479167
5 0.375043 0.45081 0.687644 0.479167
60 0.375043 0.45081 0.687644 0.479167
32 0.375043 0.45081 0.687644 0.479167
7 0.375043 0.45081 0.687644 0.479167
52 0.375043 0.45081 0.687644 0.479167
4 0.493293 0.444372 0.980341 0.463108
2 0.493293 0.444372 0.980341 0.463108
3 0.493293 0.444372 0.980341 0.463108
31 0.496805 0.444444 0.976439 0.465278
7 0.493293 0.444372 0.980341 0.463108
56 0.493293 0.444372 0.980341 0.463108
0 0.493293 0.444372 0.980341 0.463108
22 0.493293 0.444372 0.980341 0.463108
5 0.493293 0.444372 0.980341 0.463108
57 0.493293 0.444372 0.980341 0.463108
39 0.496805 0.444444 0.976439 0.465278
54 0.493293 0.439742 0.983464 0.470052
60 0.493293 0.444372 0.980341 0.463108
32 0.493293 0.444372 0.980341 0.463108
1 0.493293 0.444372 0.980341 0.463108
66 0.493293 0.444372 0.980341 0.463108
30 0.496805 0.444444 0.976439 0.465278
28 0.493293 0.444372 0.980341 0.463108
6 0.493293 0.444372 0.980341 0.463108
23 0.493293 0.444372 0.980341 0.463108
69 0.493293 0.444372 0.980341 0.463108
68 0.493293 0.439742 0.983464 0.470052
58 0.493293 0.444372 0.980341 0.463108
52 0.493293 0.444372 0.980341 0.463108
44 0.496805 0.444444 0.976439 0.465278
67 0.493293 0.444372 0.980341 0.463108
20 0.496805 0.444444 0.976439 0.465278
8 0.493293 0.444372 0.980341 0.463108
29 0.493293 0.444372 0.980341 0.463108
34 0.493293 0.444372 0.980341 0.463108
45 0.496805 0.444444 0.976439 0.465278
35 0.496805 0.444444 0.976439 0.465278
10 0.493293 0.444372 0.980341 0.463108
59 0.493293 0.444372 0.980341 0.463108
62 0.493293 0.444372 0.980341 0.463108
36 0.496805 0.444444 0.976439 0.465278
61 0.493293 0.444372 0.980341 0.463108
21 0.496805 0.444444 0.976439 0.465278
4 0.500708 0.446759 0.967073 0.467593
2 0.499147 0.446253 0.968633 0.466291
3 0.500708 0.446759 0.967073 0.467593
0 0.499147 0.446253 0.968633 0.466291
56 0.499147 0.446253 0.968633 0.466291
5 0.499147 0.446253 0.968633 0.466291
22 0.500708 0.446759 0.967073 0.467593
31 0.500708 0.446759 0.967073 0.467593
1 0.499927 0.443866 0.965512 0.472222
39 0.500708 0.446759 0.967073 0.467593
7 0.500708 0.446759 0.967073 0.467593
32 0.499927 0.443866 0.965512 0.472222
58 0.500708 0.446759 0.967073 0.467593
23 0.500708 0.446759 0.967073 0.467593
60 0.499147 0.446253 0.968633 0.466291
68 0.499927 0.443866 0.965512 0.472222
28 0.499147 0.446253 0.968633 0.466291
57 0.499147 0.446253 0.968633 0.466291
52 0.499927 0.443866 0.965512 0.472222
67 0.499927 0.443866 0.965512 0.472222
34 0.500708 0.446759 0.967073 0.467593
6 0.487439 0.442998 0.94834 0.470486
54 0.499147 0.446253 0.968633 0.466291
69 0.499147 0.446253 0.968633 0.466291
30 0.500708 0.446759 0.967073 0.467593
8 0.499147 0.446253 0.968633 0.466291
59 0.500708 0.446759 0.967073 0.467593
45 0.500708 0.446759 0.967073 0.467593
20 0.487439 0.442998 0.94834 0.470486
66 0.487439 0.442998 0.94834 0.470486
44 0.499147 0.446253 0.968633 0.466291
10 0.499147 0.446253 0.968633 0.466291
29 0.499147 0.446253 0.968633 0.466291
35 0.496415 0.445312 0.961609 0.465857
61 0.499147 0.446253 0.968633 0.466291
62 0.499147 0.446253 0.968633 0.466291
21 0.500708 0.446759 0.967073 0.467593
36 0.485488 0.44553 0.939754 0.467737
65 0.496415 0.445312 0.961609 0.465857
2 0.492122 0.435764 0.978 0.475694
4 0.497195 0.4409 0.980341 0.474682
3 0.492512 0.440394 0.974097 0.47338
0 0.492512 0.440394 0.974097 0.47338
56 0.492512 0.440394 0.974097 0.47338
5 0.492122 0.435764 0.978 0.475694
1 0.492122 0.435764 0.978 0.475694
7 0.492122 0.435764 0.978 0.475694
57 0.496415 0.436053 0.983464 0.478588
39 0.497195 0.4409 0.980341 0.474682
54 0.492122 0.435764 0.978 0.475694
6 0.481975 0.438006 0.953023 0.471209
31 0.492512 0.440394 0.974097 0.47338
32 0.496415 0.436053 0.983464 0.478588
8 0.492122 0.435764 0.978 0.475694
69 0.487049 0.437211 0.966292 0.468171
60 0.492512 0.440394 0.974097 0.47338
22 0.476902 0.441045 0.941315 0.473235
28 0.496415 0.436053 0.983464 0.478588
66 0.492122 0.435764 0.978 0.475694
23 0.492512 0.440394 0.974097 0.47338
52 0.496415 0.436053 0.983464 0.478588
34 0.496415 0.436053 0.983464 0.478588
20 0.492122 0.435764 0.978 0.475694
44 0.492512 0.440394 0.974097 0.47338
45 0.497195 0.4409 0.980341 0.474682
58 0.476902 0.441045 0.941315 0.473235
67 0.492512 0.440394 0.974097 0.47338
68 0.496415 0.436053 0.983464 0.478588
10 0.487049 0.437211 0.966292 0.468171
35 0.472609 0.438657 0.93429 0.466435
29 0.492512 0.440394 0.974097 0.47338
30 0.497195 0.4409 0.980341 0.474682
62 0.487049 0.437211 0.966292 0.468171
36 0.497195 0.4409 0.980341 0.474682
21 0.487049 0.437211 0.966292 0.468171
59 0.497195 0.4409 0.980341 0.474682
4 0.498757 0.442781 0.974097 0.469763
2 0.498757 0.442781 0.974097 0.469763
0 0.498757 0.442781 0.974097 0.469763
56 0.498757 0.442781 0.974097 0.469763
5 0.498757 0.442781 0.974097 0.469763
3 0.498757 0.442781 0.974097 0.469763
1 0.500318 0.438079 0.975658 0.475694
7 0.502269 0.441551 0.976439 0.471065
31 0.498757 0.442781 0.974097 0.469763
57 0.498757 0.442781 0.974097 0.469763
39 0.502269 0.441551 0.976439 0.471065
54 0.498757 0.442781 0.974097 0.469763
6 0.498757 0.442781 0.974097 0.469763
20 0.502269 0.441551 0.976439 0.471065
66 0.498757 0.442781 0.974097 0.469763
32 0.502269 0.438006 0.979561 0.473524
22 0.498757 0.442781 0.974097 0.469763
68 0.498757 0.442781 0.974097 0.469763
60 0.498757 0.442781 0.974097 0.469763
28 0.498757 0.442781 0.974097 0.469763
8 0.500318 0.438079 0.975658 0.475694
4 0.357871 0.447338 0.672033 0.467593
44 0.498757 0.442781 0.974097 0.469763
29 0.498757 0.442781 0.974097 0.469763
67 0.498757 0.442781 0.974097 0.469763
45 0.508903 0.439308 0.977219 0.476707
58 0.498757 0.442781 0.974097 0.469763
35 0.498366 0.440466 0.970195 0.479022
30 0.498757 0.442781 0.974097 0.469763
23 0.498757 0.442781 0.974097 0.469763
69 0.498366 0.440466 0.970195 0.479022
52 0.498757 0.442781 0.974097 0.469763
34 0.501879 0.439308 0.972536 0.474392
0 0.357871 0.447338 0.672033 0.467593
10 0.498366 0.440466 0.970195 0.479022
5 0.357871 0.447338 0.672033 0.467593
59 0.498757 0.442781 0.974097 0.469763
2 0.357871 0.447338 0.672033 0.467593
4 0.63369 0.441551 0.673009 0.476852
56 0.357871 0.447338 0.672033 0.467593
31 0.357871 0.447338 0.672033 0.467593
2 0.63369 0.441551 0.673009 0.476852
7 0.357871 0.447338 0.672033 0.467593
3 0.357871 0.447338 0.672033 0.467593
2 0.494073 0.445312 0.969414 0.470486
4 0.496415 0.448495 0.970975 0.46412
3 0.496415 0.448495 0.970975 0.46412
0 0.496415 0.448495 0.970975 0.46412
1 0.496415 0.442202 0.974097 0.474392
5 0.497976 0.44213 0.974097 0.475694
56 0.496415 0.448495 0.970975 0.46412
7 0.497976 0.44213 0.974097 0.475694
39 0.498757 0.447266 0.970975 0.46658
31 0.498757 0.447266 0.970975 0.46658
54 0.496415 0.448495 0.970975 0.46412
68 0.496415 0.448495 0.970975 0.46412
32 0.496415 0.448495 0.970975 0.46412
6 0.486268 0.443866 0.956926 0.472222
28 0.496415 0.448495 0.970975 0.46412
57 0.497195 0.444444 0.967853 0.471065
8 0.496415 0.442202 0.974097 0.474392
22 0.498757 0.447266 0.970975 0.46658
60 0.496415 0.448495 0.970975 0.46412
4 0.357091 0.449146 0.676717 0.459346
69 0.494073 0.445312 0.969414 0.470486
66 0.498757 0.447266 0.970975 0.46658
20 0.486268 0.443866 0.956926 0.472222
58 0.496415 0.448495 0.970975 0.46412
2 0.357091 0.449146 0.676717 0.459346
10 0.494073 0.445312 0.969414 0.470486
67 0.496415 0.448495 0.970975 0.46412
45 0.498757 0.447266 0.970975 0.46658
5 0.357091 0.449146 0.676717 0.459346
0 0.357091 0.449146 0.676717 0.459346
23 0.498757 0.447266 0.970975 0.46658
44 0.498757 0.447266 0.970975 0.46658
30 0.498757 0.447266 0.970975 0.46658
3 0.357091 0.449146 0.676717 0.459346
34 0.494073 0.445312 0.969414 0.470486
52 0.494073 0.445312 0.969414 0.470486
29 0.496415 0.448495 0.970975 0.46412
7 0.357091 0.449146 0.676717 0.459346
1 0.357091 0.449146 0.676717 0.459346
35 0.494073 0.445312 0.969414 0.470486
56 0.357091 0.449146 0.676717 0.459346
59 0.498757 0.447266 0.970975 0.46658
4 0.495634 0.438657 0.980341 0.486111
5 0.495634 0.435258 0.97878 0.489439
0 0.495634 0.438657 0.980341 0.486111
2 0.494073 0.436343 0.964731 0.483796
3 0.484707 0.440972 0.950681 0.481482
1 0.486268 0.436632 0.947559 0.485532
56 0.495634 0.438657 0.980341 0.486111
28 0.499927 0.435185 0.982683 0.491898
57 0.484707 0.440972 0.950681 0.481482
68 0.495634 0.438657 0.980341 0.486111
54 0.495634 0.438657 0.980341 0.486111
39 0.499927 0.437572 0.981122 0.488281
22 0.499927 0.437572 0.981122 0.488281
7 0.484707 0.440972 0.950681 0.481482
31 0.499927 0.437572 0.981122 0.488281
32 0.499927 0.435185 0.982683 0.491898
8 0.495634 0.438657 0.980341 0.486111
58 0.484707 0.440972 0.950681 0.481482
60 0.484707 0.440972 0.950681 0.481482
20 0.499927 0.437572 0.981122 0.488281
23 0.499927 0.437572 0.981122 0.488281
6 0.486268 0.436632 0.947559 0.485532
69 0.494073 0.436343 0.964731 0.483796
66 0.499927 0.437572 0.981122 0.488281
4 0.350456 0.434679 0.647837 0.465133
67 0.499927 0.437572 0.981122 0.488281
5 0.350456 0.434679 0.647837 0.465133
34 0.499927 0.435185 0.982683 0.491898
44 0.499927 0.437572 0.981122 0.488281
45 0.499927 0.437572 0.981122 0.488281
29 0.495634 0.438657 0.980341 0.486111
2 0.350456 0.434679 0.647837 0.465133
10 0.494073 0.436343 0.964731 0.483796
4 0.499537 0.442708 0.964731 0.476852
3 0.499537 0.442708 0.964731 0.476852
0 0.499537 0.442708 0.964731 0.476852
5 0.489 0.437789 0.957706 0.485532
1 0.489 0.437789 0.957706 0.485532
2 0.489 0.437789 0.957706 0.485532
22 0.501879 0.442057 0.969414 0.476997
68 0.499537 0.442708 0.964731 0.476852
56 0.499537 0.442708 0.964731 0.476852
28 0.501879 0.436921 0.969414 0.483796
57 0.499537 0.442708 0.964731 0.476852
31 0.501879 0.442057 0.969414 0.476997
7 0.489 0.437789 0.957706 0.485532
54 0.501879 0.436921 0.969414 0.483796
58 0.501879 0.442057 0.969414 0.476997
39 0.501879 0.442057 0.969414 0.476997
32 0.501879 0.442057 0.969414 0.476997
23 0.501879 0.442057 0.969414 0.476997
4 0.363921 0.434534 0.689595 0.464265
8 0.499537 0.442708 0.964731 0.476852
67 0.501879 0.442057 0.969414 0.476997
69 0.499537 0.442708 0.964731 0.476852
60 0.499537 0.442708 0.964731 0.476852
5 0.363921 0.434534 0.689595 0.464265
6 0.489 0.437789 0.957706 0.485532
59 0.501879 0.442057 0.969414 0.476997
20 0.489 0.437789 0.957706 0.485532
34 0.501879 0.436921 0.969414 0.483796
2 0.363921 0.434534 0.689595 0.464265
0 0.363921 0.434534 0.689595 0.464265
52 0.499537 0.442708 0.964731 0.476852
1 0.363921 0.434534 0.689595 0.464265
10 0.497195 0.436343 0.960048 0.480324
2 0.497976 0.441045 0.964731 0.479022
4 0.497976 0.441045 0.964731 0.479022
0 0.497976 0.441045 0.964731 0.479022
5 0.497976 0.438947 0.969414 0.48206
3 0.497976 0.441045 0.964731 0.479022
1 0.499147 0.439525 0.968633 0.48206
57 0.497976 0.441045 0.964731 0.479022
56 0.497976 0.441045 0.964731 0.479022
28 0.497976 0.441045 0.964731 0.479022
7 0.497976 0.441045 0.964731 0.479022
22 0.497976 0.441045 0.964731 0.479022
39 0.499537 0.4409 0.966292 0.479311
68 0.492122 0.439815 0.960828 0.482639
4 0.361384 0.448568 0.673595 0.47092
8 0.497976 0.441045 0.964731 0.479022
54 0.499537 0.4409 0.966292 0.479311
32 0.497976 0.441045 0.964731 0.479022
31 0.492122 0.439815 0.960828 0.482639
34 0.497976 0.438947 0.969414 0.48206
60 0.497976 0.441045 0.964731 0.479022
69 0.497586 0.442998 0.967073 0.479745
5 0.361384 0.448568 0.673595 0.47092
58 0.497976 0.441045 0.964731 0.479022
45 0.501488 0.439525 0.970195 0.483218
6 0.492122 0.439815 0.960828 0.482639
2 0.361384 0.448568 0.673595 0.47092
20 0.492122 0.439815 0.960828 0.482639
0 0.361384 0.448568 0.673595 0.47092
4 0.498756 0.4375 0.969414 0.481482
0 0.498756 0.4375 0.969414 0.481482
3 0.498756 0.4375 0.969414 0.481482
5 0.499537 0.432292 0.974097 0.486111
1 0.499147 0.435475 0.968633 0.485532
28 0.50383 0.429398 0.978 0.490741
2 0.499147 0.435475 0.968633 0.485532
56 0.498756 0.4375 0.969414 0.481482
68 0.498756 0.4375 0.969414 0.481482
54 0.498756 0.4375 0.969414 0.481482
57 0.498756 0.4375 0.969414 0.481482
7 0.50383 0.429398 0.978 0.490741
31 0.50422 0.43287 0.974097 0.488426
32 0.505781 0.428819 0.980341 0.49537
39 0.50422 0.43287 0.974097 0.488426
4 0.344798 0.44741 0.643544 0.472078
22 0.498756 0.4375 0.969414 0.481482
8 0.499537 0.432292 0.974097 0.486111
6 0.499147 0.435475 0.968633 0.485532
20 0.499147 0.435475 0.968633 0.485532
58 0.498756 0.4375 0.969414 0.481482
60 0.499147 0.435475 0.968633 0.485532
69 0.499147 0.435475 0.968633 0.485532
4 0.602176 0.419271 0.718865 0.491319
3 0.502659 0.442419 0.96317 0.476273
2 0.502659 0.442419 0.96317 0.476273
4 0.502659 0.442419 0.96317 0.476273
5 0.50383 0.440104 0.96395 0.475116
0 0.502659 0.442419 0.96317 0.476273
1 0.50383 0.441262 0.960828 0.475116
28 0.502659 0.442419 0.96317 0.476273
57 0.502659 0.442419 0.96317 0.476273
56 0.502659 0.442419 0.96317 0.476273
68 0.505391 0.443359 0.967072 0.473235
22 0.505391 0.443359 0.967072 0.473235
7 0.50383 0.441262 0.960828 0.475116
39 0.505391 0.443359 0.967072 0.473235
32 0.505001 0.440394 0.977219 0.474537
8 0.50383 0.441262 0.960828 0.475116
4 0.358067 0.456525 0.672424 0.452691
69 0.50383 0.441262 0.960828 0.475116
34 0.50383 0.441262 0.960828 0.475116
31 0.505391 0.443359 0.967072 0.473235
23 0.505391 0.443359 0.967072 0.473235
60 0.502659 0.442419 0.96317 0.476273
54 0.505391 0.443359 0.967072 0.473235
58 0.502659 0.442419 0.96317 0.476273
5 0.358067 0.456525 0.672424 0.452691
2 0.358067 0.456525 0.672424 0.452691
10 0.50383 0.441262 0.960828 0.475116
45 0.506562 0.443793 0.975658 0.473524
6 0.50383 0.441262 0.960828 0.475116
4 0.500318 0.4409 0.980341 0.483941
5 0.500318 0.440466 0.985025 0.477865
3 0.500318 0.4409 0.980341 0.483941
0 0.500318 0.4409 0.980341 0.483941
1 0.500318 0.440466 0.985025 0.477865
2 0.500318 0.4409 0.980341 0.483941
28 0.500318 0.4409 0.980341 0.483941
57 0.500318 0.4409 0.980341 0.483941
56 0.500318 0.4409 0.980341 0.483941
68 0.500318 0.4409 0.980341 0.483941
7 0.488219 0.443576 0.956145 0.479745
4 0.326065 0.44213 0.599835 0.47338
54 0.500318 0.4409 0.980341 0.483941
22 0.500318 0.4409 0.980341 0.483941
32 0.50383 0.439525 0.984244 0.475116
8 0.500318 0.440466 0.985025 0.477865
31 0.50344 0.439236 0.981903 0.483796
34 0.50383 0.439525 0.984244 0.475116
5 0.326065 0.44213 0.599835 0.47338
39 0.500318 0.4409 0.980341 0.483941
4 0.492512 0.442202 0.975658 0.467448
5 0.492512 0.442202 0.975658 0.467448
3 0.499537 0.442998 0.97878 0.464699
0 0.492512 0.442202 0.975658 0.467448
2 0.492512 0.442202 0.975658 0.467448
1 0.499537 0.442998 0.97878 0.464699
28 0.492512 0.442202 0.975658 0.467448
57 0.492512 0.442202 0.975658 0.467448
56 0.492512 0.442202 0.975658 0.467448
7 0.492512 0.442202 0.975658 0.467448
68 0.492512 0.442202 0.975658 0.467448
8 0.492512 0.442202 0.975658 0.467448
31 0.492512 0.442202 0.975658 0.467448
22 0.492512 0.442202 0.975658 0.467448
54 0.492512 0.442202 0.975658 0.467448
39 0.499537 0.442998 0.97878 0.464699
32 0.499537 0.442998 0.97878 0.464699
4 0.295039 0.429977 0.529978 0.450231
34 0.498757 0.439525 0.980341 0.472801
20 0.484317 0.438368 0.96395 0.477431
5 0.295039 0.429977 0.529978 0.450231
4 0.494464 0.442708 0.974878 0.475694
5 0.494854 0.442998 0.977219 0.471643
0 0.494464 0.442708 0.974878 0.475694
1 0.501098 0.440321 0.981902 0.476997
3 0.494464 0.442708 0.974878 0.475694
2 0.494464 0.442708 0.974878 0.475694
56 0.501098 0.440321 0.981902 0.476997
28 0.494464 0.442708 0.974878 0.475694
57 0.50344 0.439525 0.980341 0.479745
7 0.494464 0.442708 0.974878 0.475694
68 0.494464 0.442708 0.974878 0.475694
31 0.501098 0.440321 0.981902 0.476997
54 0.501098 0.440321 0.981902 0.476997
4 0.332504 0.446759 0.613494 0.479167
8 0.494464 0.442708 0.974878 0.475694
32 0.50422 0.437572 0.97878 0.484809
5 0.332504 0.446759 0.613494 0.479167
22 0.494464 0.442708 0.974878 0.475694
39 0.494464 0.442708 0.974878 0.475694
4 0.501098 0.447338 0.974097 0.462963
5 0.500318 0.439525 0.975658 0.473958
3 0.501098 0.447338 0.974097 0.462963
0 0.501098 0.447338 0.974097 0.462963
1 0.501098 0.447338 0.974097 0.462963
28 0.501098 0.447338 0.974097 0.462963
2 0.501098 0.447338 0.974097 0.462963
4 0.342261 0.441045 0.654081 0.474392
5 0.342261 0.441045 0.654081 0.474392
68 0.501098 0.447338 0.974097 0.462963
7 0.501098 0.447338 0.974097 0.462963
22 0.501098 0.447338 0.974097 0.462963
57 0.501098 0.447338 0.974097 0.462963
1 0.342261 0.441045 0.654081 0.474392
3 0.342261 0.441045 0.654081 0.474392
56 0.501098 0.447338 0.974097 0.462963
4 0.239231 0.432943 0.425387 0.450087
0 0.342261 0.441045 0.654081 0.474392
5 0.239231 0.432943 0.425387 0.450087
32 0.50344 0.4375 0.986586 0.476852
28 0.342261 0.441045 0.654081 0.474392
31 0.50422 0.445312 0.97878 0.465857
54 0.501098 0.447338 0.974097 0.462963
34 0.490561 0.449146 0.949901 0.462818
4 0.500318 0.443938 0.955365 0.473235
5 0.499927 0.435258 0.954584 0.479022
28 0.500318 0.443938 0.955365 0.473235
0 0.500318 0.443938 0.955365 0.473235
1 0.502659 0.43627 0.956926 0.481626
3 0.500318 0.443938 0.955365 0.473235
68 0.500318 0.443938 0.955365 0.473235
2 0.502659 0.43627 0.956926 0.481626
57 0.500318 0.443938 0.955365 0.473235
56 0.500318 0.443938 0.955365 0.473235
54 0.500318 0.443938 0.955365 0.473235
22 0.500318 0.443938 0.955365 0.473235
32 0.502659 0.435764 0.980341 0.480324
4 0.3407 0.456091 0.631446 0.451244
31 0.505001 0.443359 0.966292 0.473235
69 0.502659 0.43627 0.956926 0.481626
7 0.505001 0.436921 0.966292 0.480324
5 0.314162 0.42853 0.571346 0.447338
39 0.502659 0.435764 0.980341 0.480324
58 0.496415 0.437211 0.94912 0.48206
8 0.502659 0.43627 0.956926 0.481626
20 0.502659 0.43627 0.956926 0.481626
23 0.502659 0.43627 0.956926 0.481626
4 0.494854 0.442636 0.983464 0.481626
5 0.494464 0.441551 0.984244 0.484954
0 0.494854 0.442636 0.983464 0.481626
1 0.500318 0.439525 0.986586 0.48669
3 0.500318 0.439525 0.986586 0.48669
28 0.500318 0.439815 0.988147 0.488426
4 0.364116 0.455512 0.706377 0.462818
2 0.498757 0.444155 0.980341 0.489005
57 0.494854 0.442636 0.983464 0.481626
7 0.494854 0.442636 0.983464 0.481626
56 0.500318 0.439525 0.986586 0.48669
68 0.494854 0.442636 0.983464 0.481626
31 0.500318 0.439525 0.986586 0.48669
5 0.364116 0.455512 0.706377 0.462818
54 0.494854 0.442636 0.983464 0.481626
8 0.494854 0.442636 0.983464 0.481626
32 0.50344 0.435113 0.986586 0.49783
22 0.494854 0.442636 0.983464 0.481626
4 0.290161 0.440394 0.516318 0.46875
0 0.364116 0.455512 0.706377 0.462818
39 0.50344 0.43287 0.988147 0.501157
4 0.494073 0.439525 0.97878 0.473958
5 0.494073 0.439308 0.981902 0.472078
0 0.494073 0.439525 0.97878 0.473958
28 0.494073 0.439525 0.97878 0.473958
1 0.494073 0.439308 0.981902 0.472078
3 0.50344 0.438657 0.985025 0.475694
68 0.487049 0.440683 0.966292 0.472801
56 0.50344 0.438657 0.985025 0.475694
57 0.494073 0.439525 0.97878 0.473958
2 0.493683 0.441045 0.976439 0.47555
54 0.487049 0.440683 0.966292 0.472801
4 0.327821 0.449146 0.619738 0.455874
7 0.493683 0.441045 0.976439 0.47555
22 0.487049 0.440683 0.966292 0.472801
31 0.50344 0.4409 0.985025 0.475839
32 0.50344 0.438657 0.985025 0.475694
5 0.327821 0.449146 0.619738 0.455874
39 0.494073 0.439525 0.97878 0.473958
8 0.487049 0.440683 0.966292 0.472801
4 0.494854 0.443215 0.977219 0.470052
5 0.495634 0.442202 0.980341 0.474392
3 0.494854 0.443215 0.977219 0.470052
0 0.495634 0.442202 0.980341 0.474392
1 0.495634 0.442202 0.980341 0.474392
28 0.494854 0.443215 0.977219 0.470052
57 0.494854 0.443215 0.977219 0.470052
2 0.490561 0.444155 0.96395 0.475116
7 0.490561 0.444155 0.96395 0.475116
68 0.494854 0.443215 0.977219 0.470052
4 0.556125 0.48669 0.825017 0.391204
56 0.501098 0.438657 0.985025 0.481482
31 0.500318 0.442636 0.986586 0.476996
22 0.494854 0.443215 0.977219 0.470052
4 0.293088 0.442419 0.520611 0.467014
32 0.500318 0.442636 0.986586 0.476996
5 0.498366 0.439236 0.979561 0.480324
4 0.497976 0.445095 0.974097 0.47092
0 0.497976 0.445095 0.974097 0.47092
28 0.497976 0.445095 0.974097 0.47092
1 0.499147 0.439308 0.978 0.476707
3 0.497976 0.445095 0.974097 0.47092
57 0.505001 0.436343 0.983464 0.483796
56 0.505001 0.436343 0.983464 0.483796
2 0.499147 0.439308 0.978 0.476707
54 0.497976 0.445095 0.974097 0.47092
68 0.48939 0.439525 0.966292 0.479745
4 0.320016 0.448206 0.593981 0.457755
7 0.499147 0.439308 0.978 0.476707
5 0.306747 0.438079 0.558857 0.462963
22 0.48939 0.439525 0.966292 0.479745
31 0.505781 0.442781 0.983464 0.47555
32 0.505781 0.442781 0.983464 0.47555
8 0.497976 0.445095 0.974097 0.47092
39 0.499147 0.439308 0.978 0.476707
4 0.501879 0.435258 0.985025 0.495226
5 0.496805 0.438079 0.981122 0.487269
1 0.496805 0.438079 0.981122 0.487269
28 0.495634 0.438947 0.97878 0.48669
0 0.495634 0.438947 0.97878 0.48669
31 0.501879 0.435258 0.985025 0.495226
7 0.499147 0.439164 0.978 0.482784
3 0.495634 0.438947 0.97878 0.48669
68 0.499537 0.437211 0.981902 0.489005
57 0.495634 0.438947 0.97878 0.48669
32 0.501879 0.435185 0.985025 0.491898
2 0.495634 0.439815 0.975658 0.482639
8 0.499147 0.439164 0.978 0.482784
54 0.495634 0.438947 0.97878 0.48669
39 0.501879 0.435258 0.985025 0.495226
56 0.501879 0.435185 0.985025 0.491898
4 0.357676 0.447917 0.664618 0.486111
22 0.501879 0.435258 0.985025 0.495226
5 0.357676 0.447917 0.664618 0.486111
4 0.652911 0.453053 0.620519 0.482784
5 0.487829 0.435692 0.972536 0.471209
4 0.492512 0.439815 0.981902 0.465278
0 0.492512 0.439815 0.981902 0.465278
1 0.492512 0.438006 0.981902 0.471209
3 0.498757 0.439887 0.988147 0.467448
28 0.498757 0.439887 0.988147 0.467448
4 0.334065 0.445312 0.640812 0.456597
2 0.492512 0.438006 0.981902 0.471209
5 0.334065 0.445312 0.640812 0.456597
68 0.498757 0.439887 0.988147 0.467448
7 0.492512 0.438006 0.981902 0.471209
22 0.498757 0.439887 0.988147 0.467448
57 0.492512 0.439815 0.981902 0.465278
54 0.498757 0.439887 0.988147 0.467448
23 0.497195 0.43873 0.983464 0.469763
4 0.496415 0.439742 0.977219 0.481626
5 0.496415 0.439742 0.977219 0.481626
0 0.496415 0.439742 0.977219 0.481626
1 0.496415 0.439742 0.977219 0.481626
3 0.496415 0.439742 0.977219 0.481626
28 0.496415 0.439742 0.977219 0.481626
2 0.497195 0.436921 0.975658 0.476852
4 0.374263 0.453125 0.720426 0.46412
68 0.496415 0.439742 0.977219 0.481626
57 0.496415 0.439742 0.977219 0.481626
56 0.496415 0.439742 0.977219 0.481626
5 0.374263 0.453125 0.720426 0.46412
22 0.496415 0.439742 0.977219 0.481626
7 0.497195 0.436921 0.975658 0.476852
54 0.496415 0.439742 0.977219 0.481626
31 0.500318 0.437789 0.981903 0.485532
32 0.497195 0.436921 0.975658 0.476852
8 0.497195 0.436921 0.975658 0.476852
23 0.497195 0.436921 0.975658 0.476852
5 0.483927 0.441262 0.966292 0.483218
4 0.495634 0.442202 0.985025 0.482494
28 0.495634 0.442202 0.985025 0.482494
0 0.495634 0.442202 0.985025 0.482494
1 0.483927 0.441262 0.966292 0.483218
3 0.499537 0.441551 0.989708 0.483796
57 0.495634 0.442202 0.985025 0.482494
56 0.499537 0.441551 0.989708 0.483796
2 0.492122 0.443576 0.979561 0.479745
68 0.495634 0.442202 0.985025 0.482494
31 0.499537 0.441551 0.989708 0.483796
54 0.495634 0.442202 0.985025 0.482494
7 0.492122 0.443576 0.979561 0.479745
8 0.482365 0.442057 0.96317 0.485098
32 0.499537 0.440683 0.991269 0.483218
5 0.283721 0.453197 0.553393 0.498698
4 0.493683 0.439308 0.971756 0.47092
5 0.48978 0.437211 0.965511 0.473958
0 0.494854 0.439525 0.972536 0.464699
3 0.494854 0.439525 0.972536 0.464699
1 0.494854 0.439525 0.972536 0.464699
28 0.493683 0.439308 0.971756 0.47092
4 0.337188 0.451968 0.630666 0.450232
68 0.501098 0.437428 0.980341 0.472367
7 0.494854 0.439525 0.972536 0.464699
31 0.505001 0.439815 0.97878 0.471065
57 0.493683 0.439308 0.971756 0.47092
5 0.34109 0.436053 0.641593 0.454282
2 0.494854 0.439525 0.972536 0.464699
32 0.505781 0.435475 0.97878 0.473958
56 0.505781 0.435475 0.97878 0.473958
4 0.555735 0.496528 0.802381 0.390046
22 0.493683 0.439308 0.971756 0.47092
5 0.489 0.442419 0.965512 0.477431
4 0.494854 0.444444 0.986586 0.475694
1 0.494854 0.444444 0.986586 0.475694
28 0.494854 0.444444 0.986586 0.475694
0 0.494854 0.444444 0.986586 0.475694
3 0.487439 0.444734 0.96395 0.477431
57 0.487439 0.444734 0.96395 0.477431
5 0.294063 0.439815 0.554564 0.46875
4 0.294063 0.439815 0.554564 0.46875
68 0.500318 0.443866 0.991269 0.476852
2 0.494464 0.442419 0.978 0.469329
7 0.494464 0.442419 0.978 0.469329
56 0.494854 0.444444 0.986586 0.475694
5 0.497976 0.439815 0.980341 0.47338
4 0.497976 0.441551 0.977219 0.46875
28 0.497976 0.441551 0.977219 0.46875
1 0.48939 0.439815 0.966292 0.478009
0 0.497976 0.441551 0.977219 0.46875
4 0.364506 0.453414 0.697791 0.447338
5 0.364506 0.453414 0.697791 0.447338
3 0.50344 0.438006 0.980341 0.474682
68 0.48939 0.439815 0.966292 0.478009
54 0.48939 0.439815 0.966292 0.478009
56 0.50344 0.437211 0.980341 0.477431
57 0.497976 0.441551 0.977219 0.46875
22 0.48939 0.441623 0.964731 0.473235
31 0.50344 0.438006 0.980341 0.474682
7 0.496415 0.440683 0.977219 0.470486
4 0.497976 0.444155 0.980341 0.476273
5 0.48939 0.441551 0.964731 0.478009
28 0.48939 0.441551 0.964731 0.478009
1 0.48939 0.441551 0.964731 0.478009
0 0.497976 0.444155 0.980341 0.476273
3 0.50422 0.438151 0.983464 0.487124
57 0.497976 0.444155 0.980341 0.476273
68 0.497976 0.444155 0.980341 0.476273
5 0.342651 0.439525 0.640032 0.465857
4 0.342651 0.439525 0.640032 0.465857
31 0.50422 0.438151 0.983464 0.487124
54 0.497976 0.444155 0.980341 0.476273
7 0.50422 0.438151 0.983464 0.487124
22 0.48939 0.441551 0.964731 0.478009
4 0.492512 0.442419 0.981902 0.478588
5 0.487829 0.441551 0.966292 0.482639
0 0.499147 0.439815 0.987366 0.480324
28 0.499147 0.439815 0.987366 0.480324
1 0.493293 0.441262 0.980341 0.477431
3 0.493293 0.441262 0.980341 0.477431
68 0.498757 0.441479 0.985025 0.480469
57 0.492512 0.442419 0.981902 0.478588
54 0.487829 0.441551 0.966292 0.482639
7 0.493293 0.441262 0.980341 0.477431
56 0.501098 0.436921 0.983464 0.487269
2 0.493293 0.441262 0.980341 0.477431
31 0.500318 0.438006 0.985025 0.487413
32 0.493293 0.441262 0.980341 0.477431
22 0.493293 0.441262 0.980341 0.477431
5 0.48939 0.442708 0.969414 0.472222
4 0.493683 0.444372 0.979561 0.470052
28 0.493683 0.444372 0.979561 0.470052
1 0.493683 0.444372 0.979561 0.470052
3 0.489 0.446687 0.965512 0.467737
0 0.489 0.446687 0.965512 0.467737
68 0.497195 0.439815 0.985025 0.476852
57 0.493683 0.444372 0.979561 0.470052
32 0.501098 0.435475 0.985025 0.487847
56 0.501879 0.435475 0.985025 0.484375
22 0.489 0.446687 0.965512 0.467737
5 0.328016 0.436994 0.62247 0.460503
7 0.489 0.446687 0.965512 0.467737
4 0.328016 0.436994 0.62247 0.460503
5 0.484707 0.438947 0.966292 0.48206
4 0.497195 0.439742 0.985025 0.481626
0 0.485488 0.442636 0.967853 0.478154
1 0.484707 0.438947 0.966292 0.48206
28 0.491732 0.44184 0.980341 0.477431
3 0.497195 0.439742 0.985025 0.481626
54 0.485488 0.442636 0.967853 0.478154
22 0.485488 0.442636 0.967853 0.478154
7 0.497195 0.439742 0.985025 0.481626
68 0.497195 0.439742 0.985025 0.481626
5 0.487829 0.438368 0.969414 0.484375
4 0.496415 0.438368 0.980341 0.483218
1 0.495634 0.438079 0.981902 0.483796
0 0.496415 0.438368 0.980341 0.483218
28 0.496415 0.438368 0.980341 0.483218
4 0.382458 0.453053 0.736037 0.448061
3 0.505001 0.432581 0.97878 0.495949
57 0.496415 0.438368 0.980341 0.483218
5 0.34109 0.438079 0.644715 0.471065
2 0.495634 0.438079 0.981902 0.483796
7 0.495634 0.438079 0.981902 0.483796
56 0.505001 0.432581 0.97878 0.495949
8 0.495634 0.438079 0.981902 0.483796
68 0.496415 0.438368 0.980341 0.483218
4 0.50344 0.444517 0.981903 0.472078
5 0.490951 0.444155 0.966292 0.476273
0 0.500318 0.443866 0.97878 0.47338
3 0.505001 0.441045 0.97878 0.477865
1 0.497976 0.443938 0.974097 0.47092
28 0.498366 0.445023 0.976439 0.472222
4 0.37036 0.462963 0.707938 0.430556
5 0.37036 0.462963 0.707938 0.430556
7 0.497976 0.443938 0.974097 0.47092
68 0.498366 0.445023 0.976439 0.472222
57 0.498366 0.445023 0.976439 0.472222
5 0.288405 0.440683 0.529978 0.469329
4 0.288405 0.440683 0.529978 0.469329
32 0.505001 0.441045 0.97878 0.477865
5 0.492903 0.440683 0.979561 0.484375
4 0.491342 0.44213 0.974878 0.480324
1 0.491732 0.440972 0.977219 0.480324
0 0.492903 0.440683 0.979561 0.484375
28 0.491342 0.44213 0.974878 0.480324
3 0.491732 0.440972 0.977219 0.480324
4 0.313772 0.449074 0.618177 0.491898
5 0.313772 0.449074 0.618177 0.491898
7 0.491732 0.440972 0.977219 0.480324
4 0.250744 0.485243 0.485878 0.42419
54 0.491342 0.44213 0.974878 0.480324
68 0.491342 0.44213 0.974878 0.480324
5 0.484707 0.441551 0.966292 0.480324
4 0.491732 0.444444 0.977219 0.475694
1 0.48978 0.441623 0.978 0.47092
0 0.499147 0.440104 0.987366 0.479745
28 0.491732 0.444444 0.977219 0.475694
3 0.48978 0.441623 0.978 0.47092
8 0.48978 0.441623 0.978 0.47092
5 0.300893 0.450304 0.590859 0.495226
7 0.48978 0.441623 0.978 0.47092
54 0.498757 0.442419 0.985025 0.478588
4 0.300893 0.450304 0.590859 0.495226
2 0.48978 0.441623 0.978 0.47092
39 0.48978 0.441623 0.978 0.47092
5 0.496805 0.443793 0.988927 0.480469
4 0.500318 0.44184 0.991269 0.484375
1 0.496805 0.443793 0.988927 0.480469
28 0.500318 0.44184 0.991269 0.484375
0 0.500318 0.440321 0.991269 0.486256
3 0.50422 0.440104 0.985025 0.489005
5 0.306747 0.447338 0.580712 0.478009
57 0.487049 0.444951 0.970975 0.480469
68 0.50383 0.438657 0.984244 0.490741
5 0.486658 0.442419 0.968633 0.478588
4 0.501098 0.441479 0.99283 0.475839
0 0.501098 0.440321 0.99283 0.474682
1 0.494854 0.442998 0.985025 0.473958
28 0.501098 0.441479 0.99283 0.475839
3 0.50344 0.441045 0.988147 0.480179
5 0.353969 0.443576 0.6814 0.473958
4 0.353969 0.443576 0.6814 0.473958
54 0.501098 0.441479 0.99283 0.475839
32 0.50422 0.4375 0.986586 0.481482
68 0.50422 0.4375 0.986586 0.481482
4 0.498366 0.44184 0.987366 0.478588
5 0.487049 0.44184 0.967853 0.483218
28 0.493293 0.443938 0.980341 0.474392
1 0.492512 0.441262 0.980341 0.478588
0 0.494073 0.441479 0.981902 0.480469
3 0.492512 0.441262 0.980341 0.478588
68 0.499927 0.439236 0.982683 0.486111
7 0.492512 0.441262 0.980341 0.478588
5 0.268111 0.441551 0.500318 0.47338
57 0.487439 0.445095 0.968634 0.476707
56 0.499927 0.439236 0.982683 0.486111
32 0.499927 0.439236 0.982683 0.486111
5 0.490951 0.444444 0.975658 0.475694
4 0.490951 0.444444 0.975658 0.475694
1 0.490951 0.444444 0.975658 0.475694
28 0.490951 0.444444 0.975658 0.475694
0 0.486268 0.444734 0.967853 0.478588
3 0.486268 0.444734 0.967853 0.478588
7 0.48861 0.44184 0.975658 0.470486
5 0.307527 0.453993 0.599444 0.499421
2 0.48861 0.44184 0.975658 0.470486
5 0.486268 0.441479 0.966292 0.482784
4 0.499537 0.439308 0.986586 0.483652
1 0.491732 0.440104 0.980341 0.475116
0 0.486268 0.444155 0.966292 0.478588
28 0.486268 0.444155 0.966292 0.478588
5 0.344212 0.441045 0.661887 0.469763
3 0.491732 0.440104 0.980341 0.475116
2 0.491732 0.440104 0.980341 0.475116
4 0.344212 0.441045 0.661887 0.469763
7 0.491732 0.440104 0.980341 0.475116
5 0.485878 0.439164 0.971756 0.487413
4 0.494854 0.439308 0.986586 0.484809
0 0.495634 0.4375 0.988147 0.487268
1 0.48939 0.440321 0.97878 0.483941
3 0.48939 0.440321 0.97878 0.483941
28 0.494854 0.439308 0.986586 0.484809
7 0.48939 0.440321 0.97878 0.483941
22 0.48939 0.440321 0.97878 0.483941
54 0.494854 0.439308 0.986586 0.484809
5 0.48861 0.439236 0.970975 0.483796
4 0.494464 0.438657 0.974878 0.481482
0 0.496025 0.439308 0.976439 0.482494
1 0.48861 0.441262 0.970975 0.480903
28 0.494464 0.438657 0.974878 0.481482
3 0.494464 0.438657 0.974878 0.481482
5 0.293868 0.454355 0.579931 0.501013
54 0.494464 0.438657 0.974878 0.481482
23 0.48861 0.441262 0.970975 0.480903
7 0.491342 0.440394 0.974878 0.474537
4 0.497586 0.443287 0.992049 0.480324
5 0.486268 0.442708 0.970975 0.483796
0 0.497976 0.443938 0.99283 0.482494
3 0.493293 0.443866 0.986586 0.480324
28 0.497586 0.443287 0.992049 0.480324
1 0.493293 0.443866 0.986586 0.480324
5 0.294454 0.443866 0.560028 0.478009
7 0.493293 0.443866 0.986586 0.480324
5 0.492512 0.44213 0.981902 0.475694
4 0.492512 0.44213 0.981902 0.475694
1 0.497976 0.441045 0.986586 0.477865
0 0.498757 0.441262 0.988147 0.478588
28 0.497976 0.441045 0.986586 0.477865
3 0.499537 0.438006 0.983464 0.487413
5 0.345383 0.441551 0.668911 0.475694
7 0.499147 0.438006 0.984244 0.486256
8 0.499147 0.438006 0.984244 0.486256
2 0.499537 0.438006 0.983464 0.487413
5 0.493683 0.439525 0.985805 0.487847
4 0.497976 0.439164 0.988147 0.488571
1 0.500318 0.434606 0.988147 0.497685
0 0.500318 0.434606 0.988147 0.497685
28 0.497976 0.439164 0.988147 0.488571
3 0.500318 0.434606 0.988147 0.497685
5 0.346164 0.444444 0.660325 0.481482
7 0.492512 0.44184 0.985025 0.483218
8 0.492512 0.44184 0.985025 0.483218
5 0.490171 0.440972 0.974097 0.483796
4 0.498757 0.439742 0.988147 0.483941
0 0.499537 0.439525 0.989708 0.485532
1 0.494073 0.441262 0.981902 0.480903
3 0.499927 0.4375 0.982683 0.487268
28 0.498757 0.439742 0.988147 0.483941
7 0.499927 0.4375 0.982683 0.487268
5 0.260306 0.443938 0.478463 0.477865
23 0.499927 0.4375 0.982683 0.487268
22 0.499927 0.4375 0.982683 0.487268
5 0.496415 0.439815 0.981902 0.481482
4 0.499537 0.438151 0.986586 0.482494
1 0.496025 0.440972 0.981122 0.479167
28 0.50344 0.436343 0.97878 0.489583
0 0.491342 0.44184 0.971756 0.479745
5 0.286063 0.441045 0.5331 0.473235
3 0.50344 0.434896 0.975658 0.489005
54 0.50344 0.436343 0.97878 0.489583
23 0.50344 0.434896 0.975658 0.489005
39 0.496025 0.440972 0.981122 0.479167
8 0.499537 0.441045 0.983464 0.479022
56 0.50344 0.436343 0.97878 0.489583
5 0.494854 0.440104 0.977219 0.471644
4 0.494073 0.442419 0.977219 0.468171
1 0.494854 0.443576 0.977219 0.470486
0 0.499537 0.440104 0.986586 0.473958
28 0.497976 0.439815 0.983464 0.47338
3 0.502659 0.435185 0.977219 0.484954
5 0.494854 0.441551 0.980341 0.474537
4 0.500318 0.440394 0.985025 0.478009
1 0.494854 0.441551 0.980341 0.474537
28 0.500318 0.440394 0.985025 0.478009
0 0.48978 0.443287 0.968633 0.475694
3 0.50344 0.438006 0.981903 0.485098
5 0.291527 0.438368 0.537783 0.465857
23 0.50344 0.438006 0.981903 0.485098
5 0.497976 0.439236 0.986586 0.486111
4 0.497976 0.439236 0.986586 0.486111
28 0.497976 0.439236 0.986586 0.486111
0 0.498757 0.440683 0.989708 0.485532
3 0.499537 0.4375 0.986586 0.491898
1 0.492903 0.441262 0.982683 0.483218
5 0.317284 0.440394 0.604908 0.471065
5 0.499537 0.439525 0.989708 0.477431
4 0.498757 0.437789 0.988147 0.477431
28 0.499927 0.435258 0.985805 0.487124
1 0.498757 0.437789 0.988147 0.477431
0 0.500318 0.436343 0.988147 0.483796
3 0.499927 0.435258 0.985805 0.487124
68 0.496415 0.439308 0.986586 0.476707
5 0.499537 0.438079 0.989708 0.488426
4 0.499537 0.436921 0.989708 0.487269
28 0.501879 0.435692 0.985025 0.492043
0 0.499537 0.438079 0.989708 0.488426
1 0.501879 0.435692 0.985025 0.492043
3 0.501879 0.435692 0.985025 0.492043
5 0.501879 0.440104 0.988147 0.480903
4 0.501098 0.439308 0.986586 0.481337
28 0.50344 0.436632 0.981903 0.489005
1 0.50344 0.436632 0.981903 0.489005
0 0.50344 0.43627 0.983464 0.488571
3 0.50344 0.436632 0.981903 0.489005
5 0.394166 0.463252 0.746964 0.463542
54 0.50344 0.436632 0.981903 0.489005
5 0.502269 0.440683 0.985805 0.480903
4 0.505781 0.4375 0.980341 0.487268
1 0.50461 0.438947 0.979561 0.480903
28 0.505781 0.4375 0.980341 0.487268
0 0.505781 0.4375 0.980341 0.487268
3 0.50461 0.438947 0.979561 0.480903
5 0.50344 0.440683 0.985025 0.477431
4 0.502659 0.438657 0.985025 0.479167
28 0.50344 0.436849 0.985025 0.487413
1 0.50344 0.436849 0.985025 0.487413
0 0.50344 0.436849 0.985025 0.487413
23 0.502659 0.435258 0.983464 0.488281
3 0.50344 0.436849 0.985025 0.487413
5 0.501879 0.439308 0.988147 0.481337
4 0.500318 0.438657 0.988147 0.479167
28 0.501098 0.4375 0.988147 0.484954
23 0.48861 0.442419 0.972536 0.479745
1 0.496025 0.4409 0.982683 0.475839
0 0.48861 0.442419 0.972536 0.479745
54 0.48861 0.442419 0.972536 0.479745
3 0.501098 0.436849 0.986586 0.483941
68 0.48861 0.442419 0.972536 0.479745
5 0.496025 0.440683 0.981122 0.477431
4 0.501879 0.439815 0.983464 0.480324
28 0.501879 0.439815 0.983464 0.480324
0 0.501879 0.439815 0.983464 0.480324
1 0.501879 0.439815 0.983464 0.480324
3 0.501879 0.439815 0.983464 0.480324
5 0.366652 0.460142 0.698181 0.463976
23 0.501098 0.441045 0.983464 0.476707
5 0.499537 0.438079 0.989708 0.484954
4 0.499147 0.436994 0.988927 0.484809
28 0.502659 0.435113 0.985025 0.492043
1 0.502659 0.435113 0.985025 0.492043
0 0.499537 0.438079 0.989708 0.484954
23 0.502659 0.435113 0.983464 0.490885
5 0.493683 0.439815 0.984244 0.481482
4 0.498366 0.439525 0.988927 0.478588
1 0.492512 0.4409 0.981902 0.475839
28 0.498366 0.439525 0.988927 0.478588
0 0.498757 0.439164 0.991269 0.481626
23 0.498366 0.439525 0.988927 0.478588
3 0.502659 0.435764 0.986586 0.484954
54 0.498366 0.439525 0.988927 0.478588
5 0.501879 0.436343 0.988147 0.483796
4 0.501098 0.435836 0.986586 0.480179
28 0.505001 0.43316 0.981903 0.489005
1 0.505001 0.43316 0.981903 0.489005
0 0.505001 0.43316 0.981903 0.489005
23 0.50344 0.433449 0.981903 0.486111
3 0.505001 0.43316 0.981903 0.489005
5 0.253671 0.439236 0.450364 0.46875
5 0.496415 0.438947 0.981902 0.478588
4 0.500318 0.438947 0.986586 0.476273
1 0.500318 0.438947 0.986586 0.476273
23 0.50344 0.435764 0.983464 0.484954
28 0.501098 0.439525 0.986586 0.477431
0 0.501098 0.439525 0.986586 0.477431
5 0.271233 0.438368 0.497976 0.469329
5 0.501098 0.440321 0.983464 0.476997
4 0.501098 0.436053 0.980341 0.485532
1 0.501098 0.436053 0.980341 0.485532
28 0.501098 0.436053 0.980341 0.485532
0 0.501098 0.436053 0.980341 0.485532
23 0.501098 0.434028 0.977219 0.489583
3 0.501098 0.436053 0.980341 0.485532
8 0.500318 0.439525 0.97878 0.477431
5 0.501098 0.435475 0.989708 0.477431
4 0.497195 0.436632 0.985025 0.476273
28 0.50344 0.430845 0.985025 0.487847
1 0.50344 0.430845 0.985025 0.487847
0 0.501098 0.435475 0.989708 0.477431
5 0.297186 0.438947 0.563931 0.468171
3 0.50344 0.430845 0.985025 0.487847
8 0.499927 0.437789 0.985805 0.473958
5 0.50344 0.438368 0.983464 0.48206
4 0.501879 0.436632 0.983464 0.483218
28 0.505001 0.434317 0.981903 0.490162
1 0.505001 0.434317 0.981903 0.490162
0 0.505001 0.434317 0.981903 0.490162
23 0.50422 0.434028 0.980341 0.491898
5 0.275136 0.436632 0.514367 0.461227
3 0.505001 0.434317 0.981903 0.490162
5 0.501098 0.439236 0.991269 0.481481
4 0.500318 0.437211 0.989708 0.48206
28 0.501098 0.439236 0.991269 0.481481
0 0.501098 0.439236 0.991269 0.481481
1 0.494073 0.44184 0.981902 0.475116
5 0.501488 0.440394 0.988927 0.476852
4 0.500708 0.440104 0.987366 0.475116
28 0.50422 0.437789 0.983464 0.48206
1 0.50422 0.437789 0.983464 0.48206
0 0.495634 0.440466 0.981902 0.472078
23 0.492122 0.441623 0.973317 0.476707
5 0.328211 0.4409 0.626763 0.470052
3 0.50422 0.437789 0.983464 0.48206
39 0.495634 0.440466 0.981902 0.472078
5 0.500318 0.439525 0.986586 0.476273
4 0.499537 0.435692 0.983464 0.483941
28 0.499927 0.43627 0.985805 0.482784
1 0.499537 0.435692 0.983464 0.483941
23 0.491732 0.442419 0.974097 0.476273
0 0.499927 0.43627 0.985805 0.482784
3 0.499927 0.43627 0.985805 0.482784
5 0.502659 0.440321 0.986586 0.478154
4 0.50344 0.435764 0.981903 0.483796
23 0.50344 0.435764 0.981903 0.483796
28 0.50422 0.43627 0.983464 0.483941
1 0.50422 0.43627 0.983464 0.483941
0 0.50422 0.43627 0.983464 0.483941
5 0.494464 0.439815 0.981122 0.480324
4 0.499147 0.439887 0.984244 0.479022
5 0.35514 0.440972 0.688425 0.47338
1 0.499147 0.439887 0.984244 0.479022
23 0.499147 0.439887 0.984244 0.479022
28 0.499147 0.439887 0.984244 0.479022
0 0.500318 0.440104 0.986586 0.480903
5 0.501879 0.44213 0.988147 0.479167
4 0.501098 0.442781 0.986586 0.473235
23 0.502659 0.438947 0.985025 0.479745
5 0.338749 0.440972 0.641593 0.47338
28 0.501879 0.44213 0.988147 0.479167
1 0.501879 0.44213 0.988147 0.479167
0 0.501879 0.44213 0.988147 0.479167
5 0.500318 0.440683 0.986586 0.473958
4 0.499537 0.441045 0.983464 0.473235
23 0.501488 0.435764 0.979561 0.482639
28 0.501488 0.436053 0.982683 0.48206
1 0.501488 0.436053 0.982683 0.48206
0 0.501488 0.436053 0.982683 0.48206
5 0.499537 0.441262 0.989708 0.475116
4 0.499537 0.439742 0.986586 0.474682
23 0.501488 0.438079 0.982683 0.480324
28 0.501879 0.438368 0.985025 0.480903
1 0.501879 0.438368 0.985025 0.480903
0 0.494073 0.441479 0.981902 0.468895
5 0.500318 0.442708 0.99283 0.480324
4 0.500318 0.440466 0.991269 0.480179
23 0.500318 0.440466 0.991269 0.480179
28 0.500318 0.440466 0.991269 0.480179
1 0.500318 0.440466 0.991269 0.480179
0 0.500318 0.442708 0.99283 0.480324
5 0.332504 0.446759 0.640032 0.483796
5 0.50344 0.514178 0.872629 0.663773
5 0.501488 0.439815 0.988927 0.474537
4 0.501098 0.439887 0.988147 0.474392
28 0.502659 0.43627 0.986586 0.482784
23 0.502659 0.43627 0.986586 0.482784
1 0.502659 0.43627 0.986586 0.482784
0 0.495634 0.441479 0.981902 0.474682
5 0.34148 0.440972 0.654862 0.471065
5 0.494854 0.439236 0.986586 0.479167
4 0.499537 0.440394 0.991269 0.478009
23 0.499537 0.440394 0.991269 0.478009
28 0.499537 0.440394 0.991269 0.478009
1 0.499537 0.440394 0.991269 0.478009
0 0.488219 0.439236 0.971756 0.481481
5 0.500318 0.438947 0.985025 0.473958
4 0.496415 0.438947 0.980341 0.475116
1 0.502659 0.435475 0.980341 0.480903
28 0.502659 0.435475 0.980341 0.480903
23 0.502659 0.437572 0.977219 0.479022
0 0.496025 0.438079 0.981122 0.469907
5 0.35553 0.437428 0.668911 0.46658
5 0.499537 0.441262 0.989708 0.471644
4 0.499537 0.441262 0.989708 0.471644
23 0.501098 0.437572 0.983464 0.477865
28 0.501879 0.436994 0.985025 0.479022
5 0.330943 0.438006 0.630665 0.464265
1 0.498757 0.441623 0.985025 0.469763
0 0.494854 0.441551 0.983464 0.471065
5 0.495634 0.437428 0.985025 0.476997
4 0.495634 0.437428 0.985025 0.476997
1 0.494854 0.440104 0.983464 0.472801
28 0.494854 0.440104 0.983464 0.472801
0 0.494854 0.440104 0.983464 0.472801
23 0.501098 0.435113 0.986586 0.482784
5 0.322748 0.438657 0.618958 0.467593
8 0.494854 0.440104 0.983464 0.472801
5 0.494073 0.441551 0.985025 0.480324
4 0.498757 0.443866 0.989708 0.475694
23 0.48861 0.443359 0.972536 0.479022
28 0.491732 0.443576 0.981902 0.475116
1 0.491732 0.443576 0.981902 0.475116
0 0.491732 0.443576 0.981902 0.475116
5 0.494073 0.439525 0.985025 0.475116
4 0.494073 0.439525 0.985025 0.475116
23 0.498757 0.442708 0.989708 0.46875
28 0.498757 0.442708 0.989708 0.46875
1 0.498757 0.442708 0.989708 0.46875
0 0.494073 0.439525 0.985025 0.475116
5 0.498757 0.44184 0.991269 0.477431
4 0.498757 0.44184 0.991269 0.477431
23 0.500708 0.437789 0.987366 0.480903
28 0.500708 0.437789 0.987366 0.480903
1 0.500708 0.437789 0.987366 0.480903
5 0.279624 0.442998 0.520221 0.477431
5 0.491732 0.4375 0.980341 0.479167
4 0.497195 0.439887 0.986586 0.476707
23 0.497195 0.439887 0.986586 0.476707
28 0.490171 0.440321 0.980341 0.475839
1 0.490171 0.440321 0.980341 0.475839
0 0.487439 0.440466 0.970195 0.479022
5 0.348505 0.446759 0.689205 0.491898
5 0.491732 0.439815 0.980341 0.476852
4 0.497976 0.440683 0.989708 0.475116
23 0.497195 0.442057 0.988147 0.472367
5 0.34148 0.442202 0.660325 0.476707
28 0.490171 0.442419 0.980341 0.475116
1 0.497195 0.442057 0.988147 0.472367
0 0.487829 0.443215 0.970975 0.473524
5 0.499147 0.439236 0.990488 0.474537
4 0.498757 0.440972 0.988147 0.471065
23 0.501098 0.439236 0.985025 0.475694
28 0.501098 0.437428 0.986586 0.479311
1 0.501098 0.439236 0.985025 0.475694
5 0.499537 0.440321 0.99283 0.476997
4 0.498757 0.439887 0.991269 0.474392
23 0.500708 0.438947 0.987366 0.477431
28 0.501488 0.437572 0.987366 0.482494
1 0.489 0.442057 0.973317 0.474682
5 0.314942 0.443576 0.599444 0.477431
5 0.492903 0.439742 0.985805 0.479311
4 0.498757 0.440394 0.991269 0.479167
23 0.498757 0.440394 0.991269 0.479167
5 0.340114 0.443287 0.656033 0.479167
1 0.491342 0.440972 0.982683 0.479167
28 0.491342 0.440972 0.982683 0.479167
5 0.494073 0.440683 0.985025 0.477431
4 0.499147 0.441551 0.988927 0.476852
23 0.499147 0.441551 0.988927 0.476852
5 0.354944 0.444517 0.687254 0.481337
28 0.492512 0.442998 0.981902 0.478588
1 0.492512 0.442998 0.981902 0.478588
5 0.494073 0.438079 0.985025 0.475694
4 0.498757 0.440321 0.989708 0.474682
23 0.501098 0.435113 0.988147 0.482784
28 0.494073 0.441262 0.985025 0.473958
1 0.494073 0.441262 0.985025 0.473958
5 0.499537 0.4409 0.99283 0.470052
4 0.499537 0.4409 0.99283 0.470052
23 0.500318 0.436849 0.989708 0.475839
1 0.48861 0.44213 0.970975 0.471065
28 0.48861 0.44213 0.970975 0.471065
5 0.499147 0.441551 0.992049 0.476852
4 0.498757 0.439815 0.989708 0.474537
23 0.501488 0.437789 0.985805 0.483218
28 0.493683 0.442998 0.985805 0.478588
1 0.48861 0.441551 0.974097 0.476852
5 0.495244 0.439525 0.987366 0.473958
4 0.494073 0.44213 0.986586 0.474537
23 0.498757 0.439525 0.989708 0.475116
28 0.494073 0.44213 0.986586 0.474537
1 0.48939 0.440972 0.972536 0.476852
5 0.494073 0.439236 0.988147 0.478009
4 0.498366 0.440466 0.990488 0.47555
23 0.498366 0.440466 0.990488 0.47555
28 0.492512 0.442636 0.985025 0.474682
1 0.48861 0.441045 0.974097 0.476707
5 0.494073 0.439525 0.988147 0.475116
4 0.498757 0.440104 0.994391 0.473958
23 0.497976 0.440321 0.99283 0.474682
1 0.488219 0.441551 0.973317 0.474537
28 0.492903 0.440972 0.985805 0.474537
5 0.494073 0.439308 0.986586 0.477865
4 0.498366 0.440683 0.99361 0.475116
23 0.497976 0.439308 0.991269 0.476707
5 0.352018 0.44213 0.682961 0.476852
28 0.501488 0.435475 0.988927 0.485532
5 0.519831 0.497107 0.836725 0.600694
5 0.493293 0.438368 0.985025 0.477431
4 0.497976 0.440394 0.989708 0.475694
23 0.497976 0.440394 0.989708 0.475694
28 0.491732 0.44184 0.983464 0.478588
1 0.491732 0.44184 0.983464 0.478588
5 0.499537 0.438947 0.99283 0.471644
4 0.499537 0.438947 0.99283 0.471644
23 0.502659 0.435185 0.986586 0.480324
28 0.502659 0.435185 0.986586 0.480324
5 0.346944 0.439742 0.665789 0.474682
5 0.493293 0.441551 0.983464 0.476852
4 0.492903 0.443576 0.984244 0.476273
23 0.497976 0.441623 0.989708 0.476707
28 0.497976 0.441623 0.989708 0.476707
5 0.493683 0.440683 0.985805 0.477431
23 0.497586 0.442057 0.990488 0.474682
4 0.492512 0.44213 0.985025 0.476852
28 0.492512 0.44213 0.985025 0.476852
1 0.487829 0.442057 0.972536 0.476997
5 0.499147 0.441262 0.99361 0.473958
4 0.499147 0.441262 0.99361 0.473958
23 0.498757 0.439887 0.991269 0.476707
28 0.501098 0.436994 0.989708 0.483652
5 0.493683 0.440104 0.985805 0.477431
4 0.492512 0.442419 0.985025 0.476273
23 0.498757 0.440972 0.991269 0.475694
28 0.492512 0.442419 0.985025 0.476273
5 0.493293 0.439815 0.985025 0.478009
23 0.497195 0.441045 0.988147 0.476707
4 0.497195 0.441045 0.988147 0.476707
28 0.492122 0.441262 0.982683 0.477431
5 0.498366 0.441479 0.990488 0.475839
4 0.497976 0.4409 0.988147 0.474682
23 0.497976 0.4409 0.988147 0.474682
28 0.493293 0.44184 0.983464 0.475116
5 0.492512 0.440321 0.985025 0.475839
23 0.496805 0.441479 0.988927 0.473524
4 0.496805 0.441479 0.988927 0.473524
28 0.491732 0.442708 0.983464 0.474537
1 0.491732 0.442708 0.983464 0.474537
5 0.493683 0.440972 0.987366 0.478009
4 0.497976 0.441479 0.991269 0.474682
23 0.497976 0.441479 0.991269 0.474682
28 0.492512 0.443287 0.985025 0.476852
5 0.493293 0.4409 0.986586 0.476997
4 0.497586 0.442057 0.990488 0.473524
23 0.497586 0.442057 0.990488 0.473524
28 0.497586 0.442057 0.990488 0.473524
5 0.494464 0.439525 0.987366 0.478588
23 0.498757 0.440321 0.991269 0.476997
4 0.498757 0.440321 0.991269 0.476997
28 0.492122 0.442419 0.984244 0.477431
1 0.492122 0.442419 0.984244 0.477431
5 0.493293 0.43873 0.986586 0.476707
4 0.497976 0.440104 0.99283 0.473958
23 0.497976 0.440104 0.99283 0.473958
28 0.491732 0.442708 0.983464 0.478009
5 0.492512 0.438585 0.985025 0.479311
4 0.497195 0.439742 0.991269 0.476997
23 0.497195 0.439742 0.991269 0.476997
28 0.491732 0.440466 0.983464 0.480179
1 0.491732 0.440466 0.983464 0.480179
5 0.492122 0.440683 0.982683 0.477431
4 0.496415 0.441623 0.988147 0.47555
23 0.496415 0.441623 0.988147 0.47555
28 0.492122 0.442708 0.982683 0.476852
5 0.492512 0.439525 0.985025 0.477431
23 0.496805 0.440466 0.990488 0.474392
4 0.496805 0.440466 0.990488 0.474392
28 0.491732 0.442781 0.983464 0.47555
1 0.491732 0.442781 0.983464 0.47555
5 0.492512 0.440394 0.985025 0.478009
4 0.497195 0.440104 0.989708 0.476273
23 0.497195 0.440104 0.989708 0.476273
28 0.492122 0.443287 0.984244 0.475694
1 0.492122 0.443287 0.984244 0.475694
54 0.492122 0.443287 0.984244 0.475694
5 0.492512 0.439815 0.985025 0.480324
4 0.496415 0.440104 0.989708 0.477431
23 0.496415 0.440104 0.989708 0.477431
28 0.491732 0.44213 0.983464 0.479167
1 0.491732 0.44213 0.983464 0.479167
5 0.492512 0.440104 0.985025 0.478588
23 0.496805 0.4409 0.990488 0.476997
4 0.491342 0.442419 0.982683 0.477431
28 0.491342 0.442419 0.982683 0.477431
1 0.491342 0.442419 0.982683 0.477431
5 0.492903 0.439887 0.985805 0.479022
23 0.497195 0.440394 0.991269 0.475694
4 0.497195 0.440394 0.991269 0.475694
28 0.492122 0.441623 0.984244 0.477865
5 0.492903 0.440683 0.985805 0.479745
4 0.497195 0.440466 0.991269 0.477865
23 0.497195 0.440466 0.991269 0.477865
28 0.491732 0.442202 0.983464 0.479022
1 0.491732 0.442202 0.983464 0.479022
5 0.492512 0.440104 0.985025 0.478588
4 0.497195 0.440104 0.991269 0.477431
23 0.497195 0.440104 0.991269 0.477431
28 0.491732 0.442708 0.983464 0.476852
1 0.491732 0.442708 0.983464 0.476852
5 0.493293 0.439525 0.986586 0.479745
23 0.497195 0.440104 0.991269 0.477431
4 0.497195 0.440104 0.991269 0.477431
28 0.491732 0.44213 0.983464 0.478009
5 0.493293 0.440104 0.985025 0.478588
23 0.497586 0.440683 0.990488 0.476273
4 0.497586 0.440683 0.990488 0.476273
28 0.491732 0.442419 0.983464 0.478588
5 0.492512 0.440321 0.985025 0.478154
23 0.497195 0.441045 0.991269 0.47555
4 0.497195 0.441045 0.991269 0.47555
28 0.491732 0.442419 0.983464 0.477431
5 0.493293 0.439815 0.986586 0.476852
23 0.497195 0.440683 0.991269 0.475116
4 0.497195 0.440683 0.991269 0.475116
28 0.492512 0.442419 0.985025 0.477431
5 0.493683 0.440104 0.987366 0.476273
23 0.497586 0.440972 0.992049 0.474537
4 0.497586 0.440972 0.992049 0.474537
28 0.492512 0.442419 0.985025 0.476273
5 0.493683 0.439742 0.985805 0.476997
23 0.497976 0.440394 0.989708 0.475694
4 0.497976 0.440394 0.989708 0.475694
28 0.492512 0.44213 0.985025 0.476852
5 0.493683 0.439815 0.985805 0.476852
23 0.497976 0.440683 0.989708 0.475116
4 0.497976 0.440683 0.989708 0.475116
28 0.492512 0.442419 0.983464 0.476273
5 0.493683 0.440104 0.985805 0.476273
23 0.497976 0.440972 0.989708 0.474537
4 0.497976 0.440972 0.989708 0.474537
28 0.492512 0.442419 0.983464 0.476273
5 0.493683 0.439525 0.985805 0.477431
23 0.497976 0.440683 0.989708 0.475116
4 0.497976 0.440683 0.989708 0.475116
28 0.492512 0.44184 0.983464 0.477431
5 0.493293 0.440104 0.985025 0.477431
23 0.497586 0.441262 0.988927 0.475116
4 0.497586 0.441262 0.988927 0.475116
28 0.492512 0.44213 0.983464 0.476852
5 0.494073 0.440321 0.985025 0.478154
23 0.497976 0.441262 0.989708 0.475116
4 0.497976 0.441262 0.989708 0.475116
28 0.492903 0.44213 0.984244 0.478009
5 0.493683 0.440104 0.985805 0.477431
23 0.497976 0.440972 0.989708 0.475694
4 0.497976 0.440972 0.989708 0.475694
28 0.492512 0.442419 0.985025 0.478588
5 0.493683 0.439742 0.985805 0.476997
23 0.497976 0.440683 0.989708 0.475116
4 0.497976 0.440683 0.989708 0.475116
28 0.492903 0.44184 0.984244 0.477431
5 0.494073 0.440394 0.986586 0.476852
23 0.497976 0.440972 0.989708 0.474537
4 0.497976 0.440972 0.989708 0.474537
28 0.493293 0.44213 0.985025 0.476852
5 0.494073 0.440394 0.986586 0.476852
23 0.498366 0.4409 0.990488 0.474682
4 0.498366 0.4409 0.990488 0.474682
28 0.493293 0.44213 0.985025 0.476852
5 0.494073 0.440394 0.985025 0.476852
23 0.497976 0.441045 0.989708 0.47555
4 0.497976 0.441045 0.989708 0.47555
28 0.492512 0.44213 0.985025 0.476852
5 0.493683 0.440321 0.985805 0.476997
23 0.497976 0.440683 0.989708 0.475116
4 0.497976 0.440683 0.989708 0.475116
28 0.492512 0.44213 0.985025 0.476852
5 0.494073 0.440104 0.985025 0.477431
23 0.497976 0.440466 0.989708 0.47555
4 0.497976 0.440466 0.989708 0.47555
28 0.492903 0.442057 0.984244 0.476997
5 0.493683 0.440104 0.985805 0.477431
23 0.497976 0.440466 0.989708 0.47555
4 0.497976 0.440466 0.989708 0.47555
28 0.492903 0.44213 0.984244 0.476852
5 0.493683 0.440321 0.985805 0.476997
23 0.497976 0.440683 0.989708 0.475116
4 0.497976 0.440683 0.989708 0.475116
28 0.492903 0.44213 0.984244 0.476852
5 0.494073 0.440104 0.985025 0.477431
23 0.497976 0.440683 0.989708 0.475116
4 0.497976 0.440683 0.989708 0.475116
28 0.492903 0.44213 0.984244 0.476852
5 0.493683 0.439815 0.985805 0.476852
23 0.497976 0.440683 0.989708 0.475116
4 0.497976 0.440683 0.989708 0.475116
28 0.492903 0.44213 0.984244 0.476852
5 0.493683 0.440104 0.985805 0.477431
23 0.497976 0.440466 0.989708 0.47555
4 0.497976 0.440466 0.989708 0.47555
28 0.492512 0.44213 0.985025 0.476852
