62 0.425548 0.477247 0.792238 0.40841
22 0.389005 0.485311 0.734355 0.395737
2 0.425548 0.477247 0.792238 0.40841
72 0.425548 0.477247 0.792238 0.40841
3 0.367567 0.493376 0.674328 0.411866
35 0.425548 0.477247 0.792238 0.40841
4 0.425548 0.477247 0.792238 0.40841
22 0.495027 0.46803 0.868441 0.444124
60 0.367567 0.493376 0.674328 0.411866
41 0.389005 0.485311 0.734355 0.395737
64 0.425548 0.477247 0.792238 0.40841
2 0.308515 0.508353 0.564798 0.422235
52 0.425548 0.477247 0.792238 0.40841
62 0.620538 0.454781 0.701613 0.373848
22 0.27207 0.499424 0.48879 0.402074
3 0.495027 0.46803 0.868441 0.444124
31 0.425548 0.477247 0.792238 0.40841
22 0.620538 0.454781 0.701613 0.373848
72 0.308515 0.508353 0.564798 0.422235
3 0.27207 0.499424 0.48879 0.402074
69 0.425548 0.477247 0.792238 0.40841
2 0.682903 0.457949 0.612742 0.359447
58 0.328978 0.492799 0.617419 0.395737
22 0.726169 0.457949 0.512177 0.351382
41 0.495027 0.46803 0.868441 0.444124
72 0.58039 0.453053 0.769435 0.391129
57 0.425548 0.477247 0.792238 0.40841
41 0.27207 0.499424 0.48879 0.402074
2 0.58039 0.453053 0.769435 0.391129
3 0.587698 0.454493 0.711163 0.37788
35 0.58039 0.453053 0.769435 0.391129
60 0.532446 0.459101 0.846613 0.422811
36 0.389005 0.485311 0.734355 0.395737
10 0.370685 0.469182 0.681344 0.418779
62 0.308515 0.508353 0.564798 0.422235
35 0.308515 0.508353 0.564798 0.422235
33 0.425548 0.477247 0.792238 0.40841
37 0.402161 0.481567 0.729872 0.419355
49 0.310074 0.475806 0.571814 0.40553
60 0.27207 0.499424 0.48879 0.402074
39 0.402161 0.481567 0.729872 0.419355
56 0.389005 0.485311 0.734355 0.395737
62 0.726169 0.457949 0.512177 0.351382
72 0.682903 0.457949 0.612742 0.359447
23 0.425548 0.477247 0.792238 0.40841
36 0.495027 0.46803 0.868441 0.444124
33 0.58039 0.453053 0.769435 0.391129
52 0.620538 0.454781 0.701613 0.373848
62 0.491909 0.431956 0.784247 0.479407
40 0.425548 0.477247 0.792238 0.40841
3 0.333656 0.549395 0.541021 0.544067
52 0.491909 0.431956 0.784247 0.479407
60 0.682903 0.457949 0.612742 0.359447
64 0.491909 0.431956 0.784247 0.479407
45 0.402161 0.481567 0.729872 0.419355
44 0.425548 0.477247 0.792238 0.40841
4 0.726169 0.457949 0.512177 0.351382
58 0.495027 0.46803 0.868441 0.444124
22 0.333656 0.549395 0.541021 0.544067
21 0.425548 0.477247 0.792238 0.40841
23 0.620538 0.454781 0.701613 0.373848
64 0.682903 0.457949 0.612742 0.359447
36 0.587698 0.454493 0.711163 0.37788
72 0.491909 0.431956 0.784247 0.479407
5 0.260961 0.476382 0.457218 0.41129
65 0.370685 0.469182 0.681344 0.418779
35 0.755793 0.455069 0.454489 0.346774
5 0.389005 0.485311 0.734355 0.395737
52 0.27207 0.499424 0.48879 0.402074
37 0.308515 0.508353 0.564798 0.422235
10 0.495027 0.46803 0.868441 0.444124
4 0.58039 0.453053 0.769435 0.391129
4 0.27207 0.499424 0.48879 0.402074
21 0.58039 0.453053 0.769435 0.391129
3 0.697325 0.478111 0.569866 0.314516
41 0.620538 0.454781 0.701613 0.373848
39 0.532446 0.459101 0.846613 0.422811
57 0.491909 0.431956 0.784247 0.479407
49 0.409372 0.457661 0.741956 0.444124
57 0.620538 0.454781 0.701613 0.373848
60 0.333656 0.549395 0.541021 0.544067
2 0.281814 0.555876 0.468521 0.525346
58 0.260961 0.476382 0.457218 0.41129
2 0.48879 0.443836 0.940161 0.325461
22 0.48879 0.443836 0.940161 0.325461
3 0.45332 0.449309 0.842715 0.304147
4 0.48879 0.443836 0.940161 0.325461
52 0.48879 0.443836 0.940161 0.325461
62 0.48879 0.443836 0.940161 0.325461
58 0.45332 0.449309 0.842715 0.304147
60 0.45332 0.449309 0.842715 0.304147
10 0.48879 0.443836 0.940161 0.325461
36 0.48879 0.443836 0.940161 0.325461
69 0.48879 0.443836 0.940161 0.325461
22 0.38043 0.453917 0.705511 0.292627
35 0.48879 0.443836 0.940161 0.325461
23 0.48879 0.443836 0.940161 0.325461
2 0.38043 0.453917 0.705511 0.292627
57 0.48879 0.443836 0.940161 0.325461
4 0.367957 0.453629 0.66965 0.305876
21 0.48879 0.443836 0.940161 0.325461
8 0.500874 0.43894 0.937822 0.343318
44 0.48879 0.443836 0.940161 0.325461
33 0.48879 0.443836 0.940161 0.325461
10 0.38043 0.453917 0.705511 0.292627
52 0.38043 0.453917 0.705511 0.292627
31 0.48879 0.443836 0.940161 0.325461
58 0.293508 0.458813 0.536344 0.296659
65 0.439288 0.449597 0.808414 0.315092
39 0.500874 0.43894 0.937822 0.343318
69 0.38043 0.453917 0.705511 0.292627
5 0.48879 0.443836 0.940161 0.325461
72 0.48879 0.443836 0.940161 0.325461
56 0.48879 0.443836 0.940161 0.325461
36 0.38043 0.453917 0.705511 0.292627
7 0.48879 0.443836 0.940161 0.325461
64 0.48879 0.443836 0.940161 0.325461
62 0.38043 0.453917 0.705511 0.292627
23 0.38043 0.453917 0.705511 0.292627
66 0.481774 0.44038 0.915215 0.335829
32 0.481774 0.44038 0.915215 0.335829
60 0.293508 0.458813 0.536344 0.296659
3 0.293508 0.458813 0.536344 0.296659
59 0.48879 0.443836 0.940161 0.325461
34 0.500874 0.43894 0.937822 0.343318
3 0.567429 0.44182 0.775087 0.342166
20 0.45332 0.449309 0.842715 0.304147
58 0.567429 0.44182 0.775087 0.342166
7 0.38043 0.453917 0.705511 0.292627
35 0.38043 0.453917 0.705511 0.292627
4 0.100272 0.455069 0.18963 0.278802
57 0.38043 0.453917 0.705511 0.292627
60 0.567429 0.44182 0.775087 0.342166
4 0.114792 0.423963 0.200349 0.226959
57 0.589452 0.434332 0.688945 0.366359
41 0.45332 0.449309 0.842715 0.304147
4 0.589452 0.434332 0.688945 0.366359
62 0.659126 0.442108 0.599489 0.339286
49 0.439288 0.449597 0.808414 0.315092
5 0.38043 0.453917 0.705511 0.292627
37 0.45332 0.449309 0.842715 0.304147
2 0.589452 0.434332 0.688945 0.366359
32 0.38043 0.453917 0.705511 0.292627
44 0.38043 0.453917 0.705511 0.292627
30 0.500874 0.43894 0.937822 0.343318
45 0.47086 0.445565 0.868441 0.318548
56 0.38043 0.453917 0.705511 0.292627
65 0.383548 0.397753 0.614301 0.425691
4 0.383548 0.397753 0.614301 0.425691
4 0.866882 0.513825 0.255699 0.156682
66 0.437339 0.37644 0.692258 0.472926
0 0.48879 0.443836 0.940161 0.325461
31 0.38043 0.453917 0.705511 0.292627
21 0.38043 0.453917 0.705511 0.292627
8 0.38043 0.453917 0.705511 0.292627
29 0.439288 0.449597 0.808414 0.315092
66 0.38043 0.453917 0.705511 0.292627
67 0.48879 0.443836 0.940161 0.325461
2 0.261935 0.484447 0.443575 0.329493
4 0.92457 0.510945 0.141882 0.173963
4 0.14578 0.438076 0.267392 0.24712
20 0.329173 0.461405 0.569476 0.301843
33 0.38043 0.453917 0.705511 0.292627
72 0.38043 0.453917 0.705511 0.292627
4 0.907419 0.914747 0.182419 0.170507
35 0.437339 0.37644 0.692258 0.472926
4 0.0889684 0.381912 0.154745 0.320276
32 0.437339 0.37644 0.692258 0.472926
22 0.589452 0.434332 0.688945 0.366359
41 0.329173 0.461405 0.569476 0.301843
40 0.500874 0.43894 0.937822 0.343318
34 0.38043 0.453917 0.705511 0.292627
10 0.383548 0.397753 0.614301 0.425691
58 0.505551 0.437788 0.945618 0.351382
52 0.505551 0.437788 0.945618 0.351382
2 0.505551 0.437788 0.945618 0.351382
4 0.505551 0.437788 0.945618 0.351382
23 0.499704 0.445276 0.94172 0.331797
3 0.505551 0.437788 0.945618 0.351382
62 0.505551 0.437788 0.945618 0.351382
10 0.499704 0.445276 0.94172 0.331797
60 0.499704 0.445276 0.94172 0.331797
8 0.505551 0.437788 0.945618 0.351382
59 0.505551 0.437788 0.945618 0.351382
57 0.505551 0.437788 0.945618 0.351382
21 0.505551 0.437788 0.945618 0.351382
34 0.505551 0.437788 0.945618 0.351382
67 0.499704 0.445276 0.94172 0.331797
36 0.505551 0.437788 0.945618 0.351382
44 0.505551 0.437788 0.945618 0.351382
5 0.505551 0.437788 0.945618 0.351382
29 0.505551 0.437788 0.945618 0.351382
69 0.505551 0.437788 0.945618 0.351382
22 0.505551 0.437788 0.945618 0.351382
35 0.505551 0.437788 0.945618 0.351382
20 0.499704 0.445276 0.94172 0.331797
33 0.505551 0.437788 0.945618 0.351382
32 0.499704 0.445276 0.94172 0.331797
66 0.504382 0.418203 0.92457 0.396313
65 0.495417 0.434332 0.912876 0.360599
56 0.499704 0.445276 0.94172 0.331797
30 0.505551 0.437788 0.945618 0.351382
39 0.505551 0.437788 0.945618 0.351382
0 0.505551 0.437788 0.945618 0.351382
7 0.505551 0.437788 0.945618 0.351382
6 0.499704 0.445276 0.94172 0.331797
61 0.487621 0.451613 0.901962 0.321429
31 0.505551 0.437788 0.945618 0.351382
58 0.340672 0.46227 0.597151 0.315092
45 0.505551 0.437788 0.945618 0.351382
1 0.499704 0.445276 0.94172 0.331797
72 0.505551 0.437788 0.945618 0.351382
66 0.496976 0.330141 0.682124 0.580501
28 0.505551 0.437788 0.945618 0.351382
64 0.505551 0.437788 0.945618 0.351382
34 0.598807 0.408986 0.67959 0.425115
60 0.340672 0.46227 0.597151 0.315092
4 0.598807 0.408986 0.67959 0.425115
5 0.598807 0.408986 0.67959 0.425115
2 0.598807 0.408986 0.67959 0.425115
58 0.599587 0.458525 0.600074 0.342166
66 0.598807 0.408986 0.67959 0.425115
41 0.495417 0.434332 0.912876 0.360599
54 0.451761 0.355343 0.680564 0.53125
3 0.340672 0.46227 0.597151 0.315092
62 0.598807 0.408986 0.67959 0.425115
10 0.340672 0.46227 0.597151 0.315092
40 0.504382 0.418203 0.92457 0.396313
57 0.598807 0.408986 0.67959 0.425115
30 0.496976 0.330141 0.682124 0.580501
67 0.340672 0.46227 0.597151 0.315092
58 0.498145 0.0973502 0.647043 0.1947
4 0.340672 0.46227 0.597151 0.315092
49 0.499704 0.445276 0.94172 0.331797
65 0.451761 0.355343 0.680564 0.53125
29 0.598807 0.408986 0.67959 0.425115
22 0.340672 0.46227 0.597151 0.315092
32 0.598807 0.408986 0.67959 0.425115
68 0.340672 0.46227 0.597151 0.315092
0 0.496976 0.330141 0.682124 0.580501
59 0.671989 0.4447 0.555054 0.382488
58 0.503602 0.437212 0.96043 0.352535
4 0.499315 0.445276 0.96121 0.336406
52 0.499315 0.445276 0.96121 0.336406
23 0.499315 0.445276 0.96121 0.336406
20 0.499315 0.445276 0.96121 0.336406
10 0.499315 0.445276 0.96121 0.336406
2 0.499315 0.445276 0.96121 0.336406
67 0.499315 0.445276 0.96121 0.336406
59 0.503602 0.437212 0.96043 0.352535
3 0.499315 0.445276 0.96121 0.336406
62 0.499315 0.445276 0.96121 0.336406
0 0.499315 0.445276 0.96121 0.336406
60 0.499315 0.445276 0.96121 0.336406
5 0.503602 0.437212 0.96043 0.352535
57 0.503602 0.437212 0.96043 0.352535
34 0.503602 0.437212 0.96043 0.352535
36 0.499315 0.445276 0.96121 0.336406
66 0.502823 0.434332 0.949516 0.361751
56 0.499315 0.445276 0.96121 0.336406
8 0.503602 0.437212 0.96043 0.352535
69 0.499315 0.445276 0.96121 0.336406
65 0.497366 0.446429 0.947957 0.335253
7 0.502823 0.434332 0.949516 0.361751
28 0.502823 0.434332 0.949516 0.361751
29 0.499315 0.445276 0.96121 0.336406
32 0.499315 0.445276 0.96121 0.336406
1 0.499315 0.445276 0.96121 0.336406
44 0.499315 0.445276 0.96121 0.336406
22 0.503602 0.437212 0.96043 0.352535
30 0.503602 0.437212 0.96043 0.352535
61 0.499315 0.445276 0.96121 0.336406
21 0.503602 0.437212 0.96043 0.352535
31 0.503602 0.437212 0.96043 0.352535
6 0.499315 0.445276 0.96121 0.336406
68 0.371465 0.458525 0.675107 0.299539
58 0.371465 0.458525 0.675107 0.299539
33 0.499315 0.445276 0.96121 0.336406
58 0.678616 0.441532 0.560511 0.355415
54 0.382769 0.419355 0.59871 0.390553
39 0.503602 0.437212 0.96043 0.352535
4 0.371465 0.458525 0.675107 0.299539
10 0.371465 0.458525 0.675107 0.299539
35 0.503602 0.437212 0.96043 0.352535
28 0.36289 0.454493 0.646263 0.31106
20 0.371465 0.458525 0.675107 0.299539
60 0.371465 0.458525 0.675107 0.299539
23 0.371465 0.458525 0.675107 0.299539
54 0.480605 0.391777 0.735134 0.454925
52 0.371465 0.458525 0.675107 0.299539
45 0.503602 0.437212 0.96043 0.352535
54 0.454879 0.451613 0.836478 0.320276
0 0.581559 0.421947 0.74371 0.388825
68 0.497366 0.446429 0.947957 0.335253
66 0.447473 0.40553 0.74215 0.422811
65 0.36289 0.454493 0.646263 0.31106
1 0.371465 0.458525 0.675107 0.299539
4 0.581559 0.421947 0.74371 0.388825
67 0.371465 0.458525 0.675107 0.299539
58 0.595591 0.46659 0.611183 0.323733
3 0.371465 0.458525 0.675107 0.299539
0 0.36289 0.454493 0.646263 0.31106
56 0.371465 0.458525 0.675107 0.299539
36 0.371465 0.458525 0.675107 0.299539
7 0.36289 0.454493 0.646263 0.31106
65 0.447473 0.40553 0.74215 0.422811
22 0.371465 0.458525 0.675107 0.299539
5 0.371465 0.458525 0.675107 0.299539
23 0.678616 0.441532 0.560511 0.355415
59 0.371465 0.458525 0.675107 0.299539
6 0.371465 0.458525 0.675107 0.299539
69 0.371465 0.458525 0.675107 0.299539
0 0.447473 0.40553 0.74215 0.422811
31 0.678616 0.441532 0.560511 0.355415
59 0.678616 0.441532 0.560511 0.355415
62 0.371465 0.458525 0.675107 0.299539
57 0.371465 0.458525 0.675107 0.299539
61 0.371465 0.458525 0.675107 0.299539
68 0.289415 0.452765 0.486841 0.33871
41 0.454879 0.451613 0.836478 0.320276
20 0.447473 0.40553 0.74215 0.422811
28 0.447473 0.40553 0.74215 0.422811
23 0.581559 0.421947 0.74371 0.388825
66 0.36289 0.454493 0.646263 0.31106
6 0.447473 0.40553 0.74215 0.422811
29 0.447473 0.40553 0.74215 0.422811
62 0.581559 0.421947 0.74371 0.388825
32 0.581559 0.421947 0.74371 0.388825
58 0.764368 0.439804 0.424866 0.36924
54 0.289415 0.452765 0.486841 0.33871
4 0.678616 0.441532 0.560511 0.355415
58 0.505941 0.432604 0.968226 0.336405
4 0.505941 0.432604 0.968226 0.336405
52 0.505941 0.432604 0.968226 0.336405
23 0.505941 0.432604 0.968226 0.336405
2 0.505941 0.432604 0.968226 0.336405
3 0.505941 0.432604 0.968226 0.336405
10 0.505941 0.432604 0.968226 0.336405
69 0.505941 0.432604 0.968226 0.336405
67 0.505941 0.432604 0.968226 0.336405
60 0.505941 0.432604 0.968226 0.336405
22 0.505941 0.432604 0.968226 0.336405
57 0.505941 0.432604 0.968226 0.336405
5 0.505941 0.432604 0.968226 0.336405
0 0.505941 0.432604 0.968226 0.336405
59 0.505941 0.432604 0.968226 0.336405
56 0.505941 0.432604 0.968226 0.336405
34 0.505941 0.432604 0.968226 0.336405
32 0.505941 0.432604 0.968226 0.336405
66 0.505941 0.421947 0.961989 0.364631
28 0.505941 0.421947 0.961989 0.364631
62 0.505941 0.432604 0.968226 0.336405
7 0.505941 0.432604 0.968226 0.336405
44 0.505941 0.432604 0.968226 0.336405
20 0.505941 0.432604 0.968226 0.336405
8 0.505941 0.432604 0.968226 0.336405
29 0.505941 0.432604 0.968226 0.336405
31 0.505941 0.432604 0.968226 0.336405
21 0.505941 0.432604 0.968226 0.336405
1 0.505161 0.447005 0.963548 0.31106
30 0.505941 0.432604 0.968226 0.336405
61 0.505941 0.432604 0.968226 0.336405
36 0.505941 0.432604 0.968226 0.336405
6 0.505161 0.447005 0.963548 0.31106
68 0.476707 0.457373 0.877016 0.292627
35 0.505941 0.432604 0.968226 0.336405
65 0.503602 0.435196 0.952634 0.336982
39 0.505941 0.432604 0.968226 0.336405
54 0.503602 0.435196 0.952634 0.336982
33 0.505941 0.432604 0.968226 0.336405
45 0.505941 0.432604 0.968226 0.336405
54 0.491519 0.378456 0.805296 0.480415
58 0.358017 0.464286 0.647433 0.286866
4 0.576784 0.410138 0.776646 0.398617
58 0.657567 0.436924 0.610403 0.343894
52 0.428763 0.460541 0.773333 0.295507
68 0.358017 0.464286 0.647433 0.286866
4 0.428763 0.460541 0.773333 0.295507
23 0.428763 0.460541 0.773333 0.295507
69 0.428763 0.460541 0.773333 0.295507
67 0.428763 0.460541 0.773333 0.295507
10 0.428763 0.460541 0.773333 0.295507
61 0.428763 0.460541 0.773333 0.295507
0 0.576784 0.410138 0.776646 0.398617
5 0.576784 0.410138 0.776646 0.398617
66 0.491519 0.378456 0.805296 0.480415
58 0.576784 0.410138 0.776646 0.398617
54 0.342621 0.441244 0.602608 0.343318
31 0.657567 0.436924 0.610403 0.343894
57 0.576784 0.410138 0.776646 0.398617
60 0.428763 0.460541 0.773333 0.295507
2 0.576784 0.410138 0.776646 0.398617
54 0.38121 0.385441 0.559731 0.466446
52 0.576784 0.410138 0.776646 0.398617
32 0.576784 0.410138 0.776646 0.398617
22 0.358017 0.464286 0.647433 0.286866
3 0.358017 0.464286 0.647433 0.286866
4 0.342621 0.441244 0.602608 0.343318
0 0.358017 0.464286 0.647433 0.286866
56 0.428763 0.460541 0.773333 0.295507
4 0.657567 0.436924 0.610403 0.343894
2 0.428763 0.460541 0.773333 0.295507
44 0.428763 0.460541 0.773333 0.295507
28 0.342621 0.441244 0.602608 0.343318
6 0.491519 0.378456 0.805296 0.480415
69 0.576784 0.410138 0.776646 0.398617
22 0.576784 0.410138 0.776646 0.398617
57 0.428763 0.460541 0.773333 0.295507
23 0.657567 0.436924 0.610403 0.343894
0 0.491519 0.378456 0.805296 0.480415
56 0.576784 0.410138 0.776646 0.398617
62 0.428763 0.460541 0.773333 0.295507
34 0.576784 0.410138 0.776646 0.398617
59 0.358017 0.464286 0.647433 0.286866
20 0.428763 0.460541 0.773333 0.295507
68 0.5075 0.411578 0.957312 0.391129
31 0.576784 0.410138 0.776646 0.398617
8 0.428763 0.460541 0.773333 0.295507
10 0.576784 0.410138 0.776646 0.398617
58 0.501653 0.445276 0.967446 0.335253
4 0.502043 0.449309 0.966667 0.330645
23 0.502043 0.449309 0.966667 0.330645
52 0.502043 0.449309 0.966667 0.330645
59 0.502043 0.449309 0.966667 0.330645
10 0.502043 0.449309 0.966667 0.330645
67 0.502043 0.449309 0.966667 0.330645
3 0.502043 0.449309 0.966667 0.330645
2 0.502043 0.449309 0.966667 0.330645
31 0.501653 0.445276 0.967446 0.335253
58 0.376532 0.458525 0.700054 0.304147
0 0.502043 0.449309 0.966667 0.330645
60 0.502043 0.449309 0.966667 0.330645
1 0.502043 0.449309 0.966667 0.330645
22 0.502043 0.449309 0.966667 0.330645
32 0.502043 0.449309 0.966667 0.330645
56 0.502043 0.449309 0.966667 0.330645
68 0.479435 0.453917 0.899624 0.320276
34 0.502043 0.449309 0.966667 0.330645
8 0.502043 0.449309 0.966667 0.330645
57 0.502043 0.449309 0.966667 0.330645
28 0.502043 0.449309 0.966667 0.330645
7 0.502043 0.449309 0.966667 0.330645
5 0.501653 0.445276 0.967446 0.335253
4 0.376532 0.458525 0.700054 0.304147
29 0.502043 0.449309 0.966667 0.330645
30 0.502043 0.449309 0.966667 0.330645
36 0.502043 0.449309 0.966667 0.330645
69 0.502043 0.449309 0.966667 0.330645
20 0.502043 0.449309 0.966667 0.330645
61 0.502043 0.449309 0.966667 0.330645
23 0.376532 0.458525 0.700054 0.304147
44 0.502043 0.449309 0.966667 0.330645
21 0.502043 0.449309 0.966667 0.330645
52 0.376532 0.458525 0.700054 0.304147
62 0.502043 0.449309 0.966667 0.330645
10 0.376532 0.458525 0.700054 0.304147
3 0.376532 0.458525 0.700054 0.304147
6 0.502043 0.449309 0.966667 0.330645
54 0.499704 0.444124 0.958871 0.336406
66 0.499704 0.444124 0.958871 0.336406
22 0.376532 0.458525 0.700054 0.304147
45 0.502043 0.449309 0.966667 0.330645
60 0.376532 0.458525 0.700054 0.304147
59 0.376532 0.458525 0.700054 0.304147
0 0.376532 0.458525 0.700054 0.304147
67 0.376532 0.458525 0.700054 0.304147
28 0.385497 0.455069 0.714866 0.308756
69 0.376532 0.458525 0.700054 0.304147
56 0.376532 0.458525 0.700054 0.304147
1 0.376532 0.458525 0.700054 0.304147
68 0.286882 0.461405 0.52543 0.301843
39 0.501653 0.445276 0.967446 0.335253
35 0.502043 0.449309 0.966667 0.330645
31 0.376532 0.458525 0.700054 0.304147
57 0.376532 0.458525 0.700054 0.304147
7 0.376532 0.458525 0.700054 0.304147
34 0.376532 0.458525 0.700054 0.304147
65 0.499704 0.444124 0.958871 0.336406
54 0.385497 0.455069 0.714866 0.308756
5 0.376532 0.458525 0.700054 0.304147
2 0.376532 0.458525 0.700054 0.304147
54 0.468911 0.402938 0.802177 0.433756
32 0.376532 0.458525 0.700054 0.304147
61 0.376532 0.458525 0.700054 0.304147
20 0.376532 0.458525 0.700054 0.304147
29 0.385497 0.455069 0.714866 0.308756
36 0.376532 0.458525 0.700054 0.304147
4 0.904301 0.982719 0.190215 0.0345623
8 0.376532 0.458525 0.700054 0.304147
33 0.502043 0.449309 0.966667 0.330645
62 0.376532 0.458525 0.700054 0.304147
6 0.376532 0.458525 0.700054 0.304147
44 0.376532 0.458525 0.700054 0.304147
65 0.385497 0.455069 0.714866 0.308756
66 0.385497 0.455069 0.714866 0.308756
58 0.679395 0.444124 0.540242 0.358295
21 0.376532 0.458525 0.700054 0.304147
58 0.596468 0.458525 0.662439 0.319124
28 0.286882 0.461405 0.52543 0.301843
58 0.501263 0.452765 0.977581 0.329493
23 0.501263 0.452765 0.977581 0.329493
4 0.501263 0.452765 0.977581 0.329493
52 0.501263 0.452765 0.977581 0.329493
3 0.497366 0.455933 0.977581 0.322005
2 0.497366 0.455933 0.977581 0.322005
22 0.501263 0.452765 0.977581 0.329493
67 0.497366 0.455933 0.977581 0.322005
31 0.501263 0.452765 0.977581 0.329493
60 0.497366 0.455933 0.977581 0.322005
59 0.501263 0.452765 0.977581 0.329493
34 0.501263 0.452765 0.977581 0.329493
57 0.501263 0.452765 0.977581 0.329493
69 0.501263 0.452765 0.977581 0.329493
0 0.497366 0.455933 0.977581 0.322005
5 0.501263 0.452765 0.977581 0.329493
58 0.39836 0.467166 0.753064 0.289171
10 0.501263 0.452765 0.977581 0.329493
32 0.501263 0.452765 0.977581 0.329493
68 0.497366 0.455933 0.977581 0.322005
56 0.497366 0.455933 0.977581 0.322005
7 0.501263 0.452765 0.977581 0.329493
1 0.497366 0.455933 0.977581 0.322005
4 0.39836 0.467166 0.753064 0.289171
68 0.39836 0.467166 0.753064 0.289171
28 0.494247 0.448157 0.968226 0.329493
8 0.501263 0.452765 0.977581 0.329493
29 0.497366 0.455933 0.977581 0.322005
36 0.501263 0.452765 0.977581 0.329493
3 0.39836 0.467166 0.753064 0.289171
23 0.39836 0.467166 0.753064 0.289171
22 0.39836 0.467166 0.753064 0.289171
30 0.501263 0.452765 0.977581 0.329493
6 0.497366 0.455933 0.977581 0.322005
21 0.501263 0.452765 0.977581 0.329493
44 0.497366 0.455933 0.977581 0.322005
61 0.497366 0.455933 0.977581 0.322005
52 0.39836 0.467166 0.753064 0.289171
54 0.494247 0.448157 0.968226 0.329493
39 0.501263 0.452765 0.977581 0.329493
20 0.497366 0.455933 0.977581 0.322005
45 0.497366 0.455933 0.977581 0.322005
66 0.494247 0.448157 0.968226 0.329493
62 0.497366 0.455933 0.977581 0.322005
60 0.39836 0.467166 0.753064 0.289171
31 0.39836 0.467166 0.753064 0.289171
58 0.282204 0.468318 0.533226 0.286866
69 0.39836 0.467166 0.753064 0.289171
67 0.39836 0.467166 0.753064 0.289171
7 0.386569 0.459101 0.722077 0.296083
2 0.39836 0.467166 0.753064 0.289171
10 0.39836 0.467166 0.753064 0.289171
57 0.39836 0.467166 0.753064 0.289171
0 0.386569 0.459101 0.722077 0.296083
5 0.39836 0.467166 0.753064 0.289171
56 0.39836 0.467166 0.753064 0.289171
59 0.39836 0.467166 0.753064 0.289171
28 0.386569 0.459101 0.722077 0.296083
68 0.282204 0.468318 0.533226 0.286866
34 0.39836 0.467166 0.753064 0.289171
65 0.494247 0.448157 0.968226 0.329493
35 0.501263 0.452765 0.977581 0.329493
1 0.39836 0.467166 0.753064 0.289171
54 0.386569 0.459101 0.722077 0.296083
4 0.282204 0.468318 0.533226 0.286866
36 0.39836 0.467166 0.753064 0.289171
32 0.39836 0.467166 0.753064 0.289171
29 0.386569 0.459101 0.722077 0.296083
23 0.282204 0.468318 0.533226 0.286866
22 0.282204 0.468318 0.533226 0.286866
52 0.282204 0.468318 0.533226 0.286866
2 0.619856 0.446429 0.710773 0.337558
67 0.619856 0.446429 0.710773 0.337558
3 0.282204 0.468318 0.533226 0.286866
57 0.282204 0.468318 0.533226 0.286866
20 0.39836 0.467166 0.753064 0.289171
5 0.282204 0.468318 0.533226 0.286866
57 0.658736 0.427995 0.622097 0.366359
58 0.50711 0.458813 0.947177 0.322005
23 0.50711 0.458813 0.947177 0.322005
52 0.50711 0.458813 0.947177 0.322005
4 0.50711 0.458813 0.947177 0.322005
3 0.5075 0.457949 0.949516 0.321429
2 0.5075 0.457949 0.949516 0.321429
60 0.5075 0.457949 0.949516 0.321429
67 0.5075 0.457949 0.949516 0.321429
31 0.50711 0.458813 0.947177 0.322005
59 0.50711 0.458813 0.947177 0.322005
68 0.5075 0.457949 0.949516 0.321429
57 0.50711 0.458813 0.947177 0.322005
22 0.50711 0.458813 0.947177 0.322005
0 0.5075 0.457949 0.949516 0.321429
10 0.50711 0.458813 0.947177 0.322005
69 0.50711 0.458813 0.947177 0.322005
56 0.5075 0.457949 0.949516 0.321429
32 0.50711 0.458813 0.947177 0.322005
34 0.50711 0.458813 0.947177 0.322005
7 0.50711 0.458813 0.947177 0.322005
8 0.50711 0.458813 0.947177 0.322005
28 0.50711 0.458813 0.947177 0.322005
6 0.5075 0.457949 0.949516 0.321429
5 0.50711 0.458813 0.947177 0.322005
1 0.5075 0.457949 0.949516 0.321429
36 0.50711 0.458813 0.947177 0.322005
54 0.501263 0.457085 0.933925 0.322005
29 0.5075 0.457949 0.949516 0.321429
62 0.5075 0.457949 0.949516 0.321429
61 0.5075 0.457949 0.949516 0.321429
30 0.50711 0.458813 0.947177 0.322005
45 0.5075 0.457949 0.949516 0.321429
21 0.50711 0.458813 0.947177 0.322005
58 0.381892 0.458237 0.695571 0.305876
39 0.50711 0.458813 0.947177 0.322005
20 0.5075 0.457949 0.949516 0.321429
44 0.5075 0.457949 0.949516 0.321429
68 0.298965 0.471198 0.559731 0.31106
4 0.381892 0.458237 0.695571 0.305876
66 0.501263 0.457085 0.933925 0.322005
52 0.381892 0.458237 0.695571 0.305876
35 0.50711 0.458813 0.947177 0.322005
22 0.381892 0.458237 0.695571 0.305876
23 0.381892 0.458237 0.695571 0.305876
58 0.502823 0.110671 0.788925 0.221342
57 0.381892 0.458237 0.695571 0.305876
60 0.381892 0.458237 0.695571 0.305876
58 0.502823 0.460541 0.968226 0.312788
4 0.501263 0.461405 0.971344 0.309908
23 0.502823 0.460541 0.968226 0.312788
59 0.501263 0.461405 0.971344 0.309908
22 0.502823 0.460541 0.968226 0.312788
68 0.501263 0.461405 0.971344 0.309908
3 0.501263 0.461405 0.971344 0.309908
32 0.501263 0.461405 0.971344 0.309908
67 0.501263 0.461405 0.971344 0.309908
52 0.502823 0.460541 0.968226 0.312788
31 0.502823 0.460541 0.968226 0.312788
60 0.501263 0.461405 0.971344 0.309908
57 0.502823 0.460541 0.968226 0.312788
2 0.501263 0.461405 0.971344 0.309908
69 0.502823 0.460541 0.968226 0.312788
0 0.501263 0.461405 0.971344 0.309908
10 0.502823 0.460541 0.968226 0.312788
34 0.502823 0.460541 0.968226 0.312788
7 0.502823 0.460541 0.968226 0.312788
56 0.501263 0.461405 0.971344 0.309908
1 0.501263 0.461405 0.971344 0.309908
5 0.502823 0.460541 0.968226 0.312788
8 0.501263 0.461405 0.971344 0.309908
28 0.502823 0.460541 0.968226 0.312788
36 0.502823 0.460541 0.968226 0.312788
6 0.501263 0.461405 0.971344 0.309908
39 0.502823 0.460541 0.968226 0.312788
4 0.370685 0.462558 0.679005 0.300691
44 0.500094 0.461982 0.965887 0.304147
29 0.501263 0.461405 0.971344 0.309908
30 0.502823 0.460541 0.968226 0.312788
68 0.301304 0.480127 0.57922 0.310484
45 0.501263 0.461405 0.971344 0.309908
62 0.500094 0.461982 0.965887 0.304147
58 0.606505 0.451325 0.721882 0.348502
58 0.301304 0.480127 0.57922 0.310484
20 0.502823 0.460541 0.968226 0.312788
4 0.576102 0.429723 0.765538 0.373272
54 0.498145 0.455645 0.955753 0.314516
21 0.502823 0.460541 0.968226 0.312788
61 0.500094 0.461982 0.965887 0.304147
66 0.502823 0.460541 0.968226 0.312788
59 0.301304 0.480127 0.57922 0.310484
32 0.370685 0.462558 0.679005 0.300691
59 0.606505 0.451325 0.721882 0.348502
35 0.502823 0.460541 0.968226 0.312788
23 0.606505 0.451325 0.721882 0.348502
57 0.370685 0.462558 0.679005 0.300691
58 0.503992 0.459965 0.95965 0.305876
4 0.502823 0.457373 0.954194 0.31106
23 0.503992 0.459965 0.95965 0.305876
59 0.503992 0.459965 0.95965 0.305876
68 0.503992 0.459965 0.95965 0.305876
67 0.503992 0.459965 0.95965 0.305876
52 0.502823 0.457661 0.96043 0.311636
32 0.503992 0.459965 0.95965 0.305876
3 0.502823 0.457373 0.954194 0.31106
57 0.503992 0.459965 0.95965 0.305876
60 0.503992 0.459965 0.95965 0.305876
69 0.502823 0.457373 0.954194 0.31106
22 0.502823 0.457661 0.96043 0.311636
56 0.503992 0.459965 0.95965 0.305876
0 0.503992 0.459965 0.95965 0.305876
10 0.502823 0.457373 0.954194 0.31106
31 0.502823 0.457661 0.96043 0.311636
2 0.503992 0.459965 0.95965 0.305876
5 0.502433 0.449021 0.958091 0.325461
28 0.502823 0.457373 0.954194 0.31106
34 0.502823 0.457373 0.954194 0.31106
7 0.502823 0.457373 0.954194 0.31106
1 0.502823 0.457373 0.954194 0.31106
68 0.314167 0.466878 0.601828 0.294355
44 0.502823 0.457373 0.954194 0.31106
6 0.502823 0.457373 0.954194 0.31106
58 0.314167 0.466878 0.601828 0.294355
59 0.314167 0.466878 0.601828 0.294355
8 0.503992 0.459965 0.95965 0.305876
36 0.502823 0.457373 0.954194 0.31106
54 0.502823 0.457373 0.954194 0.31106
45 0.503992 0.459965 0.95965 0.305876
4 0.374973 0.466014 0.687581 0.288018
30 0.502823 0.457661 0.96043 0.311636
23 0.314167 0.466878 0.601828 0.294355
66 0.502433 0.449021 0.958091 0.325461
4 0.571327 0.416187 0.781324 0.392281
29 0.502823 0.457373 0.954194 0.31106
39 0.502823 0.457661 0.96043 0.311636
57 0.314167 0.466878 0.601828 0.294355
67 0.314167 0.466878 0.601828 0.294355
4 0.283763 0.453341 0.528548 0.307604
61 0.502823 0.457373 0.954194 0.31106
57 0.571327 0.416187 0.781324 0.392281
20 0.502433 0.449021 0.958091 0.325461
35 0.502823 0.457373 0.954194 0.31106
22 0.374973 0.466014 0.687581 0.288018
58 0.505941 0.460829 0.961989 0.315668
59 0.505941 0.460829 0.961989 0.315668
23 0.505941 0.460829 0.961989 0.315668
4 0.505941 0.460829 0.961989 0.315668
68 0.505161 0.459101 0.966667 0.317972
67 0.505161 0.459101 0.966667 0.317972
52 0.505941 0.460829 0.961989 0.315668
3 0.505941 0.460829 0.961989 0.315668
32 0.505161 0.459101 0.966667 0.317972
57 0.505941 0.460829 0.961989 0.315668
31 0.505941 0.460829 0.961989 0.315668
22 0.505941 0.460829 0.961989 0.315668
69 0.504382 0.451325 0.958871 0.334677
2 0.505161 0.459101 0.966667 0.317972
5 0.504382 0.451325 0.958871 0.334677
10 0.504382 0.451325 0.958871 0.334677
28 0.504382 0.451325 0.958871 0.334677
60 0.505941 0.460829 0.961989 0.315668
34 0.504382 0.451325 0.958871 0.334677
7 0.504382 0.451325 0.958871 0.334677
1 0.505161 0.459101 0.966667 0.317972
56 0.505941 0.460829 0.961989 0.315668
0 0.505941 0.460829 0.961989 0.315668
36 0.502043 0.455069 0.958871 0.329493
6 0.505941 0.460829 0.961989 0.315668
8 0.505161 0.459101 0.966667 0.317972
39 0.505941 0.460829 0.961989 0.315668
30 0.505941 0.460829 0.961989 0.315668
4 0.369906 0.455645 0.675107 0.323733
45 0.505161 0.459101 0.966667 0.317972
29 0.505161 0.459101 0.966667 0.317972
58 0.369906 0.455645 0.675107 0.323733
68 0.38082 0.468894 0.705511 0.319124
58 0.286882 0.495392 0.553495 0.373272
59 0.286882 0.495392 0.553495 0.373272
68 0.286882 0.495392 0.553495 0.373272
57 0.369906 0.455645 0.675107 0.323733
44 0.502043 0.455069 0.958871 0.329493
20 0.505941 0.460829 0.961989 0.315668
59 0.369906 0.455645 0.675107 0.323733
54 0.504382 0.451325 0.958871 0.334677
58 0.505941 0.460253 0.955753 0.307604
23 0.505941 0.460253 0.955753 0.307604
59 0.505941 0.460253 0.955753 0.307604
68 0.505161 0.454205 0.955753 0.30818
4 0.505161 0.459101 0.949516 0.298387
32 0.5075 0.459389 0.955753 0.307028
67 0.5075 0.459389 0.955753 0.307028
52 0.505941 0.460253 0.955753 0.307604
3 0.505941 0.460253 0.955753 0.307604
57 0.5075 0.459389 0.955753 0.307028
10 0.505161 0.459101 0.949516 0.298387
22 0.505161 0.454205 0.955753 0.30818
69 0.505161 0.454205 0.955753 0.30818
28 0.505161 0.459101 0.949516 0.298387
31 0.505941 0.460253 0.955753 0.307604
5 0.505161 0.454205 0.955753 0.30818
56 0.505941 0.460253 0.955753 0.307604
0 0.505161 0.459101 0.949516 0.298387
34 0.505161 0.454205 0.955753 0.30818
60 0.503602 0.457373 0.949516 0.294931
1 0.505161 0.459101 0.949516 0.298387
7 0.505161 0.459101 0.949516 0.298387
36 0.505161 0.459101 0.949516 0.298387
2 0.503602 0.457373 0.949516 0.294931
8 0.5075 0.459389 0.955753 0.307028
58 0.368931 0.459101 0.677836 0.297235
6 0.505161 0.454205 0.955753 0.30818
68 0.295457 0.474942 0.559731 0.323157
44 0.505161 0.459101 0.949516 0.298387
39 0.505941 0.460253 0.955753 0.307604
23 0.368931 0.459101 0.677836 0.297235
59 0.295457 0.474942 0.559731 0.323157
58 0.596761 0.440956 0.736693 0.362327
61 0.5075 0.459389 0.955753 0.307028
23 0.596761 0.440956 0.736693 0.362327
45 0.5075 0.459389 0.955753 0.307028
29 0.505161 0.459101 0.949516 0.298387
54 0.505161 0.454205 0.955753 0.30818
58 0.498145 0.456797 0.968226 0.313364
23 0.498145 0.456797 0.968226 0.313364
68 0.496586 0.456797 0.972903 0.307604
59 0.497755 0.457949 0.975242 0.312212
4 0.498145 0.452765 0.966667 0.315668
52 0.498145 0.452765 0.966667 0.315668
67 0.497755 0.457949 0.975242 0.312212
22 0.498145 0.452765 0.966667 0.315668
31 0.498145 0.456797 0.968226 0.313364
32 0.498145 0.456797 0.968226 0.313364
69 0.498145 0.452765 0.966667 0.315668
3 0.498145 0.452765 0.966667 0.315668
57 0.498145 0.452765 0.966667 0.315668
10 0.496586 0.456797 0.972903 0.307604
5 0.498145 0.452765 0.966667 0.315668
28 0.496586 0.456797 0.972903 0.307604
0 0.496586 0.456797 0.972903 0.307604
34 0.498145 0.452765 0.966667 0.315668
60 0.495027 0.461405 0.961989 0.304147
56 0.498145 0.456797 0.968226 0.313364
6 0.498145 0.452765 0.966667 0.315668
1 0.498145 0.452765 0.966667 0.315668
2 0.498145 0.452765 0.966667 0.315668
58 0.368931 0.461982 0.694986 0.304147
7 0.498145 0.452765 0.966667 0.315668
68 0.283179 0.469758 0.54375 0.307028
59 0.368931 0.461982 0.694986 0.304147
8 0.498145 0.452765 0.966667 0.315668
36 0.496586 0.456797 0.972903 0.307604
23 0.368931 0.461982 0.694986 0.304147
39 0.498145 0.456797 0.968226 0.313364
54 0.498145 0.452765 0.966667 0.315668
30 0.498145 0.456797 0.968226 0.313364
4 0.368931 0.461982 0.694986 0.304147
58 0.500484 0.459101 0.957312 0.312212
23 0.500484 0.459101 0.957312 0.312212
59 0.502433 0.46227 0.962769 0.303571
68 0.500484 0.455645 0.958871 0.319124
4 0.500484 0.455645 0.958871 0.319124
67 0.502433 0.46227 0.962769 0.303571
52 0.500484 0.455645 0.958871 0.319124
32 0.502433 0.46227 0.962769 0.303571
22 0.500484 0.455645 0.958871 0.319124
69 0.500484 0.455645 0.958871 0.319124
3 0.500484 0.455645 0.958871 0.319124
31 0.500484 0.455645 0.958871 0.319124
5 0.500484 0.455645 0.958871 0.319124
57 0.500484 0.455645 0.958871 0.319124
60 0.498925 0.46371 0.957312 0.299539
2 0.500484 0.455645 0.958871 0.319124
0 0.502043 0.461406 0.96043 0.307604
34 0.500484 0.455645 0.958871 0.319124
28 0.502043 0.461406 0.96043 0.307604
10 0.500484 0.455645 0.958871 0.319124
56 0.502043 0.461406 0.96043 0.307604
6 0.500484 0.455645 0.958871 0.319124
1 0.500484 0.455645 0.958871 0.319124
8 0.500484 0.455645 0.958871 0.319124
36 0.502043 0.461406 0.96043 0.307604
39 0.502043 0.461406 0.96043 0.307604
58 0.378091 0.470334 0.696935 0.305876
30 0.500484 0.459101 0.957312 0.312212
23 0.494247 0.46659 0.972903 0.302995
58 0.494247 0.46659 0.972903 0.302995
59 0.494247 0.46659 0.972903 0.302995
68 0.492688 0.46659 0.966667 0.300691
52 0.497366 0.46371 0.966667 0.304147
4 0.492688 0.46659 0.966667 0.300691
32 0.497366 0.46515 0.969785 0.305876
67 0.494247 0.46659 0.972903 0.302995
69 0.497366 0.46371 0.966667 0.304147
22 0.497366 0.46371 0.966667 0.304147
31 0.492688 0.46659 0.966667 0.300691
57 0.497366 0.46371 0.966667 0.304147
3 0.492688 0.46659 0.966667 0.300691
10 0.492688 0.46659 0.966667 0.300691
5 0.497366 0.46371 0.966667 0.304147
60 0.493468 0.46515 0.963548 0.300115
28 0.492688 0.46659 0.966667 0.300691
34 0.492688 0.46659 0.966667 0.300691
2 0.493468 0.46515 0.963548 0.300115
56 0.492688 0.46659 0.966667 0.300691
0 0.492688 0.46659 0.966667 0.300691
6 0.492688 0.46659 0.966667 0.300691
59 0.310853 0.46947 0.602218 0.301843
58 0.310853 0.46947 0.602218 0.301843
23 0.310853 0.46947 0.602218 0.301843
8 0.492688 0.46659 0.966667 0.300691
36 0.492688 0.46659 0.966667 0.300691
68 0.310853 0.46947 0.602218 0.301843
7 0.497366 0.46371 0.966667 0.304147
1 0.497366 0.46371 0.966667 0.304147
39 0.477876 0.466878 0.933925 0.297811
23 0.500484 0.459677 0.966667 0.308756
58 0.500484 0.456221 0.965108 0.314516
59 0.500484 0.459677 0.966667 0.308756
68 0.500484 0.456221 0.965108 0.314516
32 0.500484 0.459677 0.966667 0.308756
4 0.500484 0.456221 0.965108 0.314516
67 0.500484 0.459677 0.966667 0.308756
57 0.500484 0.456221 0.965108 0.314516
3 0.499704 0.460253 0.963548 0.307604
31 0.499704 0.460253 0.963548 0.307604
22 0.499704 0.460253 0.963548 0.307604
52 0.499704 0.460253 0.963548 0.307604
28 0.500484 0.456221 0.965108 0.314516
5 0.500484 0.456221 0.965108 0.314516
69 0.500484 0.456221 0.965108 0.314516
56 0.500484 0.456221 0.965108 0.314516
6 0.500484 0.456221 0.965108 0.314516
2 0.504382 0.449309 0.968226 0.328341
10 0.499704 0.460253 0.963548 0.307604
60 0.498925 0.460253 0.957312 0.300691
1 0.500484 0.456221 0.965108 0.314516
7 0.500484 0.456221 0.965108 0.314516
58 0.360551 0.462846 0.663414 0.304724
0 0.499704 0.460253 0.963548 0.307604
59 0.276942 0.473502 0.521922 0.319124
34 0.500484 0.456221 0.965108 0.314516
39 0.500484 0.456221 0.965108 0.314516
23 0.276942 0.473502 0.521922 0.319124
68 0.276942 0.473502 0.521922 0.319124
8 0.500484 0.456221 0.965108 0.314516
58 0.500094 0.455357 0.95965 0.310484
23 0.502043 0.459677 0.954194 0.304147
4 0.500094 0.455357 0.95965 0.310484
68 0.502043 0.462846 0.957312 0.302419
59 0.502043 0.462846 0.957312 0.302419
32 0.500484 0.460253 0.96043 0.307604
67 0.502043 0.462846 0.957312 0.302419
3 0.500094 0.455357 0.95965 0.310484
22 0.500094 0.455357 0.95965 0.310484
52 0.502043 0.463998 0.955753 0.292051
69 0.500094 0.455357 0.95965 0.310484
5 0.500094 0.455357 0.95965 0.310484
60 0.502043 0.463998 0.955753 0.292051
31 0.500094 0.455357 0.95965 0.310484
2 0.500094 0.455357 0.95965 0.310484
57 0.500094 0.455357 0.95965 0.310484
1 0.500094 0.455357 0.95965 0.310484
56 0.500094 0.455357 0.95965 0.310484
28 0.500094 0.455357 0.95965 0.310484
0 0.502043 0.459677 0.954194 0.304147
7 0.500094 0.455357 0.95965 0.310484
10 0.500094 0.455357 0.95965 0.310484
6 0.500094 0.455357 0.95965 0.310484
39 0.500094 0.455357 0.95965 0.310484
34 0.500094 0.455357 0.95965 0.310484
58 0.363085 0.465726 0.678616 0.292051
8 0.500094 0.455357 0.95965 0.310484
59 0.363085 0.465726 0.678616 0.292051
54 0.500094 0.455357 0.95965 0.310484
68 0.363085 0.465726 0.678616 0.292051
36 0.502043 0.459677 0.954194 0.304147
44 0.502043 0.463998 0.955753 0.292051
23 0.363085 0.465726 0.678616 0.292051
23 0.48879 0.459677 0.946398 0.304147
58 0.48879 0.459677 0.946398 0.304147
68 0.48879 0.459677 0.946398 0.304147
59 0.48879 0.459677 0.946398 0.304147
67 0.48879 0.459677 0.946398 0.304147
52 0.48879 0.459677 0.946398 0.304147
22 0.504382 0.453917 0.965107 0.307604
32 0.500484 0.456221 0.96043 0.304147
69 0.504382 0.453917 0.965107 0.307604
4 0.504382 0.453917 0.965107 0.307604
31 0.48879 0.459677 0.946398 0.304147
57 0.504382 0.453917 0.965107 0.307604
10 0.504382 0.453917 0.965107 0.307604
60 0.504771 0.455069 0.964328 0.312212
3 0.504382 0.453917 0.965107 0.307604
5 0.504382 0.453917 0.965107 0.307604
23 0.309489 0.464862 0.600269 0.301843
28 0.504382 0.453917 0.965107 0.307604
56 0.499704 0.458237 0.961989 0.311636
58 0.309489 0.464862 0.600269 0.301843
59 0.309489 0.464862 0.600269 0.301843
68 0.309489 0.464862 0.600269 0.301843
6 0.504382 0.453917 0.965107 0.307604
34 0.504382 0.453917 0.965107 0.307604
2 0.504382 0.453917 0.965107 0.307604
54 0.504382 0.453917 0.965107 0.307604
0 0.504382 0.453917 0.965107 0.307604
23 0.501263 0.461982 0.965107 0.31106
58 0.500484 0.463134 0.963548 0.309908
52 0.501263 0.461982 0.965107 0.31106
68 0.500484 0.463134 0.963548 0.309908
67 0.501263 0.461982 0.965107 0.31106
59 0.500484 0.463134 0.963548 0.309908
22 0.499704 0.461405 0.961989 0.313364
69 0.499704 0.461405 0.961989 0.313364
32 0.501263 0.461982 0.965107 0.31106
31 0.48957 0.463134 0.96043 0.306452
4 0.499704 0.461405 0.961989 0.313364
10 0.499704 0.461405 0.961989 0.313364
57 0.502043 0.454493 0.966667 0.323733
23 0.282204 0.471774 0.536344 0.305299
60 0.500484 0.463134 0.963548 0.309908
3 0.499704 0.461405 0.961989 0.313364
54 0.499704 0.461405 0.961989 0.313364
56 0.500484 0.463134 0.963548 0.309908
58 0.282204 0.471774 0.536344 0.305299
6 0.499704 0.461405 0.961989 0.313364
68 0.282204 0.471774 0.536344 0.305299
23 0.557003 0.414747 0.83336 0.402074
5 0.502043 0.454493 0.966667 0.323733
59 0.282204 0.471774 0.536344 0.305299
28 0.499704 0.461405 0.961989 0.313364
44 0.500484 0.463134 0.963548 0.309908
34 0.499704 0.461405 0.961989 0.313364
67 0.282204 0.471774 0.536344 0.305299
23 0.492688 0.461694 0.957312 0.297811
58 0.492688 0.461694 0.957312 0.297811
59 0.492688 0.461694 0.957312 0.297811
69 0.502043 0.461405 0.963548 0.306452
22 0.502823 0.457949 0.968226 0.309908
68 0.502823 0.457949 0.968226 0.309908
67 0.492688 0.461694 0.957312 0.297811
32 0.502043 0.461405 0.963548 0.306452
52 0.501263 0.463134 0.961989 0.299539
4 0.502823 0.457949 0.968226 0.309908
31 0.502823 0.457949 0.968226 0.309908
3 0.502823 0.457949 0.968226 0.309908
57 0.502823 0.457949 0.968226 0.309908
10 0.502043 0.461405 0.963548 0.306452
5 0.502823 0.457949 0.968226 0.309908
56 0.502823 0.457949 0.968226 0.309908
60 0.503602 0.46227 0.963548 0.298963
59 0.28045 0.472638 0.528938 0.301267
58 0.28045 0.472638 0.528938 0.301267
23 0.28045 0.472638 0.528938 0.301267
28 0.502043 0.461405 0.963548 0.306452
6 0.502043 0.461405 0.963548 0.306452
39 0.502043 0.461405 0.963548 0.306452
44 0.502043 0.461405 0.963548 0.306452
2 0.502823 0.457949 0.968226 0.309908
68 0.370296 0.465438 0.68914 0.297235
54 0.502823 0.457949 0.968226 0.309908
1 0.502823 0.457949 0.968226 0.309908
7 0.502823 0.457949 0.968226 0.309908
23 0.500484 0.461117 0.966667 0.312788
58 0.504771 0.454781 0.970564 0.31394
32 0.504382 0.453341 0.974462 0.320276
67 0.500484 0.461117 0.966667 0.312788
68 0.504771 0.454781 0.970564 0.31394
59 0.504382 0.453341 0.974462 0.320276
22 0.504382 0.453341 0.974462 0.320276
69 0.504771 0.454781 0.970564 0.31394
52 0.500484 0.461117 0.966667 0.312788
31 0.504771 0.454781 0.970564 0.31394
4 0.504771 0.454781 0.970564 0.31394
57 0.504771 0.454781 0.970564 0.31394
10 0.499704 0.457949 0.965107 0.309908
3 0.504382 0.453341 0.974462 0.320276
60 0.504382 0.453341 0.974462 0.320276
56 0.504382 0.453341 0.974462 0.320276
39 0.504382 0.453341 0.974462 0.320276
5 0.504771 0.454781 0.970564 0.31394
28 0.504771 0.454781 0.970564 0.31394
6 0.504771 0.454781 0.970564 0.31394
44 0.499704 0.457949 0.965107 0.309908
23 0.280255 0.489055 0.530887 0.362903
54 0.504771 0.454781 0.970564 0.31394
58 0.280255 0.489055 0.530887 0.362903
23 0.504382 0.461694 0.961989 0.311636
22 0.505161 0.459101 0.966667 0.312212
69 0.505161 0.459101 0.966667 0.312212
32 0.503212 0.460253 0.956532 0.309908
67 0.504382 0.461694 0.961989 0.311636
58 0.503212 0.460253 0.956532 0.309908
52 0.504382 0.461694 0.961989 0.311636
68 0.505161 0.459101 0.966667 0.312212
60 0.505161 0.458525 0.972903 0.313364
59 0.502823 0.463422 0.958871 0.304724
10 0.505161 0.459101 0.966667 0.312212
57 0.505161 0.459101 0.966667 0.312212
31 0.505161 0.459101 0.966667 0.312212
39 0.503212 0.460253 0.956532 0.309908
3 0.505941 0.451613 0.974462 0.322581
56 0.505161 0.458525 0.972903 0.313364
44 0.503212 0.460253 0.956532 0.309908
28 0.503212 0.460253 0.956532 0.309908
4 0.503212 0.460253 0.956532 0.309908
2 0.505941 0.451613 0.974462 0.322581
6 0.505161 0.459101 0.966667 0.312212
5 0.503212 0.460253 0.956532 0.309908
23 0.596761 0.448733 0.730457 0.347926
36 0.503212 0.460253 0.956532 0.309908
8 0.505941 0.451613 0.974462 0.322581
7 0.505941 0.451613 0.974462 0.322581
23 0.232312 0.483871 0.439677 0.345622
23 0.493468 0.464286 0.96043 0.317972
22 0.504382 0.461405 0.972903 0.315668
67 0.501263 0.466014 0.971344 0.302995
69 0.504382 0.461405 0.972903 0.315668
68 0.501263 0.466014 0.971344 0.302995
52 0.501263 0.466014 0.971344 0.302995
32 0.500874 0.461694 0.972124 0.318548
58 0.501263 0.466014 0.971344 0.302995
59 0.501263 0.466014 0.971344 0.302995
60 0.505551 0.466302 0.972124 0.302419
3 0.505941 0.461405 0.977581 0.31682
57 0.504382 0.461405 0.972903 0.315668
10 0.501263 0.466014 0.971344 0.302995
5 0.504382 0.461405 0.972903 0.315668
39 0.505941 0.461405 0.977581 0.31682
56 0.501263 0.466014 0.971344 0.302995
28 0.501263 0.466014 0.971344 0.302995
31 0.493468 0.464286 0.96043 0.317972
4 0.504382 0.461405 0.972903 0.315668
54 0.504382 0.461405 0.972903 0.315668
2 0.505941 0.461405 0.977581 0.31682
6 0.504382 0.461405 0.972903 0.315668
44 0.505551 0.466302 0.972124 0.302419
23 0.265833 0.483871 0.505161 0.346774
7 0.50672 0.455069 0.974462 0.324885
1 0.504382 0.461405 0.972903 0.315668
34 0.504382 0.461405 0.972903 0.315668
23 0.499704 0.46659 0.966667 0.294931
22 0.499704 0.46659 0.966667 0.294931
69 0.499704 0.46659 0.966667 0.294931
58 0.499704 0.46659 0.966667 0.294931
67 0.48957 0.466014 0.966667 0.296083
68 0.495806 0.468318 0.966667 0.292627
59 0.495806 0.468318 0.966667 0.292627
32 0.495027 0.468894 0.963548 0.292627
52 0.495806 0.468318 0.966667 0.292627
10 0.499704 0.46659 0.966667 0.294931
60 0.499704 0.46659 0.966667 0.294931
57 0.499704 0.46659 0.966667 0.294931
39 0.495027 0.468894 0.963548 0.292627
3 0.499704 0.46659 0.966667 0.294931
23 0.54414 0.423099 0.85129 0.381912
31 0.495027 0.468894 0.963548 0.292627
5 0.499704 0.46659 0.966667 0.294931
44 0.495027 0.468894 0.963548 0.292627
56 0.495806 0.468318 0.966667 0.292627
54 0.499704 0.46659 0.966667 0.294931
2 0.499704 0.46659 0.966667 0.294931
28 0.495806 0.468318 0.966667 0.292627
4 0.499704 0.46659 0.966667 0.294931
22 0.54414 0.423099 0.85129 0.381912
23 0.273824 0.473502 0.521922 0.31106
6 0.495027 0.468894 0.963548 0.292627
23 0.501263 0.467166 0.958871 0.291475
22 0.503212 0.467454 0.970564 0.289747
69 0.505161 0.467742 0.968226 0.288018
32 0.501263 0.467166 0.958871 0.291475
58 0.505161 0.467742 0.968226 0.288018
59 0.506331 0.46659 0.967446 0.288018
68 0.506331 0.46659 0.967446 0.288018
67 0.506331 0.46659 0.967446 0.288018
39 0.505161 0.467742 0.968226 0.288018
60 0.505161 0.466878 0.969785 0.289747
52 0.500484 0.467166 0.958871 0.288018
10 0.505161 0.467742 0.968226 0.288018
57 0.505161 0.466878 0.969785 0.289747
2 0.505161 0.466878 0.969785 0.289747
7 0.505161 0.466878 0.969785 0.289747
5 0.505161 0.467742 0.968226 0.288018
23 0.342426 0.475806 0.632621 0.31682
31 0.506331 0.46659 0.967446 0.288018
3 0.505161 0.466878 0.969785 0.289747
56 0.506331 0.46659 0.967446 0.288018
6 0.505161 0.467742 0.968226 0.288018
44 0.505161 0.467742 0.968226 0.288018
4 0.505161 0.467742 0.968226 0.288018
23 0.661465 0.432604 0.610403 0.360599
28 0.504771 0.467166 0.970564 0.284562
8 0.505161 0.466878 0.969785 0.289747
23 0.723441 0.46227 0.491129 0.333525
54 0.505161 0.467742 0.968226 0.288018
36 0.504771 0.467166 0.970564 0.284562
33 0.505161 0.467742 0.968226 0.288018
20 0.504771 0.467166 0.970564 0.284562
23 0.502823 0.466302 0.961989 0.300115
22 0.505941 0.464862 0.971344 0.292627
69 0.505941 0.464862 0.971344 0.292627
58 0.505941 0.464862 0.971344 0.292627
32 0.501263 0.466878 0.963548 0.289747
59 0.501263 0.465438 0.961989 0.299539
39 0.501263 0.466878 0.963548 0.289747
68 0.505941 0.464862 0.971344 0.292627
10 0.501263 0.466878 0.963548 0.289747
52 0.501263 0.465438 0.961989 0.299539
67 0.496196 0.46803 0.962769 0.295507
60 0.505941 0.464862 0.971344 0.292627
23 0.230558 0.476094 0.436949 0.311636
57 0.505941 0.464862 0.971344 0.292627
5 0.505941 0.464862 0.971344 0.292627
31 0.505941 0.464862 0.971344 0.292627
23 0.3625 0.47667 0.67043 0.312788
3 0.505941 0.464862 0.971344 0.292627
33 0.505161 0.46371 0.97914 0.300691
2 0.505941 0.464862 0.971344 0.292627
6 0.505941 0.464862 0.971344 0.292627
22 0.370685 0.461117 0.692258 0.30818
44 0.501263 0.466878 0.963548 0.289747
23 0.498535 0.43138 0.74293 0.389545
58 0.370685 0.461117 0.692258 0.30818
54 0.505941 0.464862 0.971344 0.292627
7 0.505161 0.463134 0.977581 0.293779
32 0.370685 0.461117 0.692258 0.30818
23 0.640027 0.46659 0.640806 0.332949
23 0.502043 0.46515 0.952634 0.30818
22 0.502433 0.46947 0.951855 0.294931
69 0.502433 0.46947 0.951855 0.294931
52 0.496586 0.46371 0.961989 0.307604
58 0.502433 0.474942 0.962769 0.281682
67 0.496586 0.46371 0.961989 0.307604
68 0.501263 0.461982 0.955753 0.31106
59 0.501263 0.461982 0.955753 0.31106
32 0.502043 0.46515 0.952634 0.30818
10 0.502433 0.46947 0.951855 0.294931
60 0.502043 0.477823 0.972903 0.277074
57 0.502433 0.474942 0.962769 0.281682
44 0.502433 0.46947 0.951855 0.294931
31 0.502433 0.46947 0.951855 0.294931
23 0.368737 0.461694 0.679785 0.30818
39 0.502043 0.477823 0.972903 0.277074
2 0.502433 0.474942 0.962769 0.281682
5 0.502433 0.46947 0.951855 0.294931
54 0.502433 0.46947 0.951855 0.294931
3 0.502433 0.46947 0.951855 0.294931
23 0.28162 0.478111 0.532836 0.320276
56 0.504382 0.464862 0.96043 0.305299
6 0.502433 0.46947 0.951855 0.294931
52 0.368737 0.461694 0.679785 0.30818
28 0.502433 0.46947 0.951855 0.294931
58 0.368737 0.461694 0.679785 0.30818
23 0.48996 0.467742 0.965887 0.297235
22 0.492688 0.466878 0.968226 0.298963
58 0.496586 0.46515 0.968226 0.301267
69 0.492688 0.466878 0.968226 0.298963
59 0.494247 0.464862 0.968226 0.300691
32 0.492688 0.466878 0.968226 0.298963
68 0.494247 0.464862 0.968226 0.300691
67 0.494247 0.464862 0.968226 0.300691
39 0.492688 0.466878 0.968226 0.298963
60 0.496586 0.46515 0.968226 0.301267
10 0.492688 0.466878 0.968226 0.298963
52 0.494247 0.464862 0.968226 0.300691
3 0.496586 0.46515 0.968226 0.301267
57 0.496586 0.46515 0.968226 0.301267
2 0.496586 0.46515 0.968226 0.301267
31 0.492688 0.466878 0.968226 0.298963
7 0.496586 0.46515 0.968226 0.301267
6 0.496586 0.46515 0.968226 0.301267
5 0.492688 0.466878 0.968226 0.298963
23 0.255894 0.472926 0.490739 0.307604
23 0.577564 0.430588 0.771969 0.384217
4 0.496586 0.46515 0.968226 0.301267
44 0.492688 0.466878 0.968226 0.298963
54 0.496586 0.46515 0.968226 0.301267
56 0.498145 0.462846 0.968226 0.303571
23 0.492688 0.465438 0.969785 0.293779
22 0.492688 0.465438 0.969785 0.293779
69 0.492688 0.465438 0.969785 0.293779
58 0.497366 0.463134 0.972903 0.296083
67 0.48918 0.46371 0.967446 0.301843
32 0.492688 0.465438 0.969785 0.293779
59 0.493468 0.463134 0.968226 0.304147
68 0.493468 0.463134 0.968226 0.304147
52 0.493468 0.463134 0.968226 0.304147
60 0.497366 0.463134 0.972903 0.296083
10 0.492688 0.465438 0.969785 0.293779
23 0.255309 0.474078 0.491129 0.308756
39 0.492688 0.465438 0.969785 0.293779
44 0.492688 0.465438 0.969785 0.293779
31 0.497366 0.463134 0.972903 0.296083
57 0.497366 0.463134 0.972903 0.296083
6 0.492688 0.465438 0.969785 0.293779
2 0.497366 0.463134 0.972903 0.296083
3 0.497366 0.463134 0.972903 0.296083
54 0.492688 0.465438 0.969785 0.293779
23 0.455366 0.434908 0.709214 0.381336
23 0.496976 0.46371 0.96121 0.305299
22 0.496586 0.46659 0.965107 0.299539
58 0.500094 0.46515 0.969005 0.300115
69 0.496586 0.46659 0.965107 0.299539
32 0.496586 0.46659 0.965107 0.299539
59 0.496586 0.462846 0.965107 0.304724
68 0.496586 0.462846 0.965107 0.304724
67 0.496586 0.462846 0.965107 0.304724
39 0.496586 0.46659 0.965107 0.299539
52 0.496586 0.462846 0.965107 0.304724
10 0.496586 0.46659 0.965107 0.299539
23 0.292144 0.478687 0.560121 0.323733
60 0.500484 0.461694 0.969785 0.305876
3 0.500094 0.46515 0.969005 0.300115
2 0.500094 0.46515 0.969005 0.300115
57 0.500094 0.46515 0.969005 0.300115
6 0.500094 0.46515 0.969005 0.300115
5 0.496586 0.46659 0.965107 0.299539
31 0.496586 0.46659 0.965107 0.299539
4 0.500094 0.46515 0.969005 0.300115
44 0.496586 0.46659 0.965107 0.299539
7 0.500094 0.46515 0.969005 0.300115
23 0.497366 0.463422 0.969785 0.30818
22 0.501263 0.466878 0.971344 0.296659
58 0.501263 0.466878 0.971344 0.296659
69 0.496586 0.465726 0.971344 0.302419
59 0.502043 0.466302 0.971344 0.296659
32 0.496586 0.465726 0.971344 0.302419
67 0.502043 0.466302 0.971344 0.296659
68 0.502043 0.461405 0.968226 0.306452
52 0.498145 0.460541 0.968226 0.310484
23 0.36211 0.461117 0.664973 0.316244
10 0.496586 0.465726 0.971344 0.302419
39 0.496586 0.465726 0.971344 0.302419
44 0.496586 0.465726 0.971344 0.302419
31 0.496586 0.465726 0.971344 0.302419
60 0.502823 0.461405 0.971344 0.302995
57 0.502823 0.461405 0.971344 0.302995
5 0.496586 0.465726 0.971344 0.302419
23 0.257453 0.479839 0.480605 0.327189
3 0.502823 0.461405 0.971344 0.302995
23 0.505941 0.41417 0.696935 0.425115
23 0.493468 0.459677 0.971344 0.309908
22 0.492688 0.463422 0.969785 0.30818
69 0.492688 0.463422 0.969785 0.30818
32 0.492688 0.463422 0.969785 0.30818
39 0.492688 0.463422 0.969785 0.30818
58 0.493468 0.459677 0.971344 0.309908
59 0.493468 0.459677 0.971344 0.309908
68 0.493468 0.459677 0.971344 0.309908
67 0.493468 0.459677 0.971344 0.309908
60 0.495806 0.461405 0.972903 0.309908
7 0.495806 0.461405 0.972903 0.309908
44 0.492688 0.463422 0.969785 0.30818
2 0.497366 0.454205 0.977581 0.311636
6 0.495806 0.461405 0.972903 0.309908
10 0.492688 0.463422 0.969785 0.30818
33 0.497366 0.454205 0.977581 0.311636
57 0.495806 0.461405 0.972903 0.309908
54 0.491909 0.46371 0.972903 0.31106
31 0.495806 0.461405 0.972903 0.309908
5 0.492688 0.463422 0.969785 0.30818
52 0.493468 0.459677 0.971344 0.309908
3 0.495806 0.461405 0.972903 0.309908
4 0.495806 0.461405 0.972903 0.309908
20 0.495806 0.461405 0.972903 0.309908
23 0.575712 0.431452 0.766317 0.380184
23 0.498925 0.461405 0.976021 0.31106
22 0.502043 0.460829 0.976021 0.31106
69 0.502043 0.460829 0.976021 0.31106
59 0.493468 0.463134 0.974462 0.313364
58 0.498925 0.461405 0.976021 0.31106
32 0.502043 0.460829 0.976021 0.31106
68 0.493468 0.463134 0.974462 0.313364
67 0.493468 0.463134 0.974462 0.313364
23 0.360551 0.462558 0.675107 0.312212
52 0.500484 0.46371 0.976021 0.31106
39 0.502043 0.460829 0.976021 0.31106
23 0.500386 0.433252 0.728313 0.391561
10 0.498925 0.461405 0.976021 0.31106
23 0.218669 0.476094 0.41707 0.317396
60 0.502043 0.463134 0.976021 0.309908
23 0.497366 0.465438 0.972903 0.313364
22 0.500484 0.461982 0.976021 0.31106
58 0.498925 0.468318 0.976021 0.298387
32 0.499314 0.466878 0.97836 0.311636
69 0.498925 0.468318 0.976021 0.298387
59 0.497366 0.462846 0.969785 0.311636
67 0.497366 0.462846 0.969785 0.311636
68 0.497366 0.462846 0.969785 0.311636
39 0.497366 0.467166 0.972903 0.302995
52 0.497366 0.462846 0.969785 0.311636
23 0.268172 0.474078 0.514516 0.31106
10 0.497366 0.467166 0.972903 0.302995
23 0.447083 0.428571 0.680564 0.396313
44 0.497366 0.467166 0.972903 0.302995
2 0.500484 0.461982 0.976021 0.31106
60 0.500484 0.461982 0.976021 0.31106
33 0.501263 0.462558 0.972903 0.306452
23 0.495027 0.468606 0.972903 0.296659
22 0.495027 0.468606 0.972903 0.296659
58 0.498925 0.46803 0.976021 0.293203
59 0.499704 0.466878 0.977581 0.297811
69 0.500484 0.46659 0.974462 0.297235
32 0.495027 0.468606 0.972903 0.296659
67 0.495027 0.46659 0.969785 0.299539
68 0.495027 0.46659 0.969785 0.299539
23 0.27246 0.47091 0.523091 0.307028
52 0.495027 0.46659 0.969785 0.299539
39 0.495027 0.468606 0.972903 0.296659
10 0.495027 0.468606 0.972903 0.296659
23 0.588575 0.447869 0.746828 0.345046
23 0.492688 0.464862 0.969785 0.304147
22 0.500874 0.463134 0.969005 0.308756
32 0.500874 0.463134 0.969005 0.308756
58 0.496976 0.464574 0.976801 0.301267
69 0.497755 0.464286 0.972124 0.308756
59 0.493468 0.46659 0.968226 0.304147
68 0.493468 0.46659 0.968226 0.304147
39 0.494247 0.466014 0.972903 0.298387
67 0.493468 0.46659 0.968226 0.304147
23 0.349247 0.461982 0.650161 0.320276
23 0.491519 0.467742 0.972124 0.304147
22 0.493468 0.467454 0.976022 0.298963
58 0.498145 0.46803 0.980699 0.296659
32 0.501653 0.468606 0.979919 0.304723
69 0.498145 0.46803 0.980699 0.296659
59 0.493468 0.466302 0.974462 0.297811
67 0.499704 0.46659 0.977581 0.294931
68 0.499704 0.46659 0.977581 0.294931
39 0.493468 0.467454 0.976022 0.298963
23 0.251411 0.477247 0.481774 0.3197
10 0.493468 0.467454 0.976022 0.298963
60 0.499704 0.46659 0.977581 0.294931
52 0.493468 0.466302 0.974462 0.297811
23 0.496586 0.46659 0.974462 0.294931
22 0.494637 0.467742 0.972124 0.292627
69 0.496586 0.46659 0.974462 0.294931
58 0.496586 0.46659 0.974462 0.294931
10 0.494637 0.467742 0.972124 0.292627
67 0.494247 0.466014 0.969785 0.297235
32 0.494637 0.467742 0.972124 0.292627
59 0.494247 0.466014 0.969785 0.297235
68 0.494247 0.466014 0.969785 0.297235
52 0.494247 0.466014 0.969785 0.297235
39 0.494637 0.467742 0.972124 0.292627
23 0.45254 0.447005 0.753844 0.352535
23 0.228804 0.471774 0.437339 0.300691
60 0.496586 0.46659 0.974462 0.294931
2 0.496586 0.46659 0.974462 0.294931
44 0.494637 0.467742 0.972124 0.292627
23 0.493858 0.469182 0.975242 0.304723
22 0.493468 0.46947 0.977581 0.299539
69 0.493468 0.46947 0.977581 0.299539
58 0.497755 0.468318 0.981478 0.298387
23 0.295457 0.47091 0.575323 0.298963
32 0.493468 0.46947 0.977581 0.299539
59 0.493468 0.466878 0.974462 0.303571
67 0.493468 0.466878 0.974462 0.303571
68 0.493468 0.466878 0.974462 0.303571
52 0.493468 0.466878 0.974462 0.303571
10 0.493468 0.46947 0.977581 0.299539
39 0.493468 0.46947 0.977581 0.299539
23 0.453807 0.460253 0.710773 0.331797
44 0.493468 0.46947 0.977581 0.299539
23 0.497366 0.46659 0.974462 0.31106
22 0.497366 0.46659 0.974462 0.31106
58 0.497366 0.46659 0.974462 0.31106
69 0.497366 0.46659 0.974462 0.31106
59 0.491129 0.465726 0.969785 0.305876
32 0.491129 0.46659 0.972903 0.314516
39 0.491129 0.46659 0.972903 0.314516
67 0.499704 0.466014 0.974462 0.31106
23 0.258622 0.476094 0.493858 0.317396
68 0.491129 0.465726 0.969785 0.305876
23 0.45332 0.456797 0.705511 0.342166
10 0.497366 0.46659 0.974462 0.31106
23 0.63379 0.463422 0.665753 0.331221
23 0.494247 0.467742 0.971344 0.306452
22 0.494247 0.467742 0.971344 0.306452
58 0.494247 0.467742 0.971344 0.306452
32 0.490739 0.468894 0.967446 0.308756
69 0.494247 0.467742 0.971344 0.306452
59 0.497366 0.467166 0.972903 0.309908
39 0.490739 0.468894 0.967446 0.308756
23 0.29 0.468318 0.560511 0.300691
23 0.450591 0.460829 0.710968 0.329493
67 0.491519 0.467742 0.965887 0.305299
68 0.491519 0.467742 0.965887 0.305299
10 0.494247 0.467742 0.971344 0.306452
23 0.492298 0.470334 0.970564 0.303571
22 0.495806 0.470334 0.971344 0.296659
58 0.495806 0.470334 0.971344 0.296659
59 0.497366 0.467166 0.974462 0.306452
23 0.449032 0.447005 0.667312 0.364055
32 0.493468 0.46659 0.968226 0.308756
69 0.495806 0.470334 0.971344 0.296659
67 0.499314 0.47235 0.973683 0.301843
23 0.27207 0.47379 0.522312 0.307028
23 0.495027 0.464286 0.971344 0.313364
22 0.495027 0.464286 0.971344 0.313364
58 0.498145 0.461405 0.974462 0.312212
69 0.500484 0.461982 0.972903 0.313364
32 0.494637 0.46371 0.973683 0.313364
59 0.492298 0.463134 0.967446 0.315668
23 0.27168 0.472926 0.52543 0.312212
23 0.502433 0.4321 0.764758 0.392713
39 0.494637 0.46371 0.973683 0.313364
67 0.495027 0.464286 0.971344 0.313364
23 0.436462 0.566244 0.669066 0.540323
68 0.500484 0.461982 0.972903 0.313364
23 0.500874 0.46947 0.97836 0.297235
58 0.500484 0.472926 0.976021 0.290323
59 0.500874 0.46947 0.97836 0.297235
22 0.502043 0.467166 0.974462 0.304147
32 0.502823 0.472638 0.977581 0.292051
68 0.502043 0.467166 0.974462 0.304147
23 0.494637 0.468894 0.967446 0.31106
22 0.494637 0.468894 0.967446 0.31106
59 0.500484 0.46371 0.976021 0.313364
58 0.499314 0.466014 0.973683 0.31106
23 0.294872 0.472062 0.572594 0.307028
32 0.500484 0.46371 0.976021 0.313364
23 0.505161 0.434908 0.79672 0.394009
69 0.500484 0.466014 0.971344 0.308756
23 0.406156 0.451613 0.722661 0.353687
68 0.495027 0.467166 0.968226 0.31106
23 0.497755 0.466014 0.97836 0.302995
22 0.497755 0.466014 0.97836 0.302995
58 0.497755 0.466014 0.97836 0.302995
59 0.502823 0.471486 0.977581 0.293203
32 0.502823 0.471486 0.977581 0.293203
69 0.497755 0.466014 0.97836 0.302995
23 0.446596 0.456797 0.717399 0.34447
23 0.268562 0.47523 0.521532 0.313364
39 0.48957 0.466878 0.972903 0.30818
23 0.631062 0.472638 0.677446 0.301267
23 0.495806 0.470334 0.980699 0.307028
22 0.502043 0.468318 0.980699 0.308756
58 0.500094 0.467166 0.981478 0.31106
59 0.502433 0.46659 0.981478 0.306452
32 0.500094 0.467166 0.981478 0.31106
69 0.500094 0.467166 0.981478 0.31106
23 0.345155 0.46659 0.653669 0.312212
68 0.502043 0.468318 0.980699 0.308756
67 0.500094 0.467166 0.981478 0.31106
23 0.435 0.56106 0.701613 0.501152
23 0.50828 0.448733 0.723441 0.367512
39 0.494247 0.46803 0.980699 0.312788
23 0.502043 0.467742 0.974462 0.299539
22 0.501263 0.463134 0.974462 0.306452
23 0.35334 0.468894 0.671599 0.296083
58 0.502043 0.467742 0.974462 0.299539
67 0.501263 0.463134 0.974462 0.306452
69 0.502043 0.467742 0.974462 0.299539
59 0.501263 0.463134 0.974462 0.306452
32 0.501263 0.463134 0.974462 0.306452
23 0.537124 0.396313 0.759301 0.467742
39 0.500874 0.468318 0.973683 0.293779
23 0.498145 0.473214 0.977581 0.292051
22 0.499704 0.46659 0.977581 0.304147
59 0.495806 0.467742 0.972903 0.304147
58 0.498145 0.473214 0.977581 0.292051
32 0.499704 0.46947 0.977581 0.294931
23 0.498048 0.4447 0.743904 0.380184
23 0.306761 0.466014 0.577661 0.307604
68 0.499704 0.46659 0.977581 0.304147
23 0.494637 0.466878 0.969005 0.297811
22 0.494637 0.466878 0.969005 0.297811
59 0.494637 0.466878 0.969005 0.297811
58 0.498145 0.469182 0.974462 0.296659
32 0.494637 0.466878 0.969005 0.297811
69 0.499704 0.46515 0.974462 0.298963
68 0.494637 0.466878 0.969005 0.297811
23 0.427204 0.563364 0.654059 0.495392
23 0.286102 0.477823 0.54414 0.320853
23 0.500484 0.461405 0.985376 0.3053
22 0.494247 0.464862 0.976021 0.302995
58 0.498925 0.464862 0.982258 0.300691
59 0.500484 0.461405 0.985376 0.3053
32 0.500484 0.461405 0.985376 0.3053
23 0.281425 0.472926 0.537903 0.309908
23 0.498925 0.464862 0.97914 0.300691
22 0.498925 0.464862 0.97914 0.300691
58 0.498925 0.464862 0.97914 0.300691
59 0.498925 0.464862 0.97914 0.300691
23 0.503992 0.440668 0.7975 0.382488
69 0.498925 0.464862 0.97914 0.300691
23 0.422527 0.563364 0.593253 0.509217
23 0.548427 0.362903 0.686801 0.548387
32 0.502043 0.464574 0.977581 0.302419
23 0.497366 0.463134 0.96043 0.307604
22 0.497366 0.463134 0.96043 0.307604
58 0.500484 0.463134 0.969785 0.31106
59 0.497366 0.463134 0.96043 0.307604
69 0.500484 0.463134 0.969785 0.31106
23 0.50789 0.415035 0.836478 0.427995
67 0.500484 0.463134 0.969785 0.31106
32 0.497366 0.463134 0.96043 0.307604
23 0.445524 0.550115 0.699274 0.501152
23 0.283958 0.469758 0.546868 0.301267
23 0.495806 0.465438 0.968226 0.306452
22 0.495806 0.465438 0.968226 0.306452
58 0.499314 0.464574 0.976801 0.304723
59 0.495806 0.465438 0.968226 0.306452
69 0.499314 0.464574 0.976801 0.304723
32 0.501263 0.46659 0.977581 0.307604
23 0.432661 0.544931 0.675107 0.451613
23 0.500484 0.464286 0.974462 0.297235
22 0.500484 0.464286 0.974462 0.297235
58 0.500484 0.464286 0.974462 0.297235
59 0.497755 0.464286 0.965887 0.300691
32 0.502823 0.468894 0.974462 0.294931
23 0.534687 0.411002 0.73455 0.440668
23 0.402355 0.453917 0.707655 0.342166
23 0.430712 0.570853 0.625995 0.508064
23 0.500484 0.467454 0.97914 0.302419
22 0.502823 0.46803 0.976021 0.296659
59 0.502823 0.46803 0.976021 0.296659
32 0.502823 0.46803 0.976021 0.296659
58 0.502433 0.470334 0.975242 0.293203
23 0.510618 0.420579 0.848172 0.411146
23 0.499704 0.464286 0.977581 0.298387
22 0.500484 0.461982 0.976021 0.300691
58 0.499704 0.464286 0.977581 0.298387
59 0.500484 0.463422 0.976021 0.300115
32 0.500484 0.463422 0.976021 0.300115
23 0.499704 0.448157 0.799839 0.360599
69 0.499704 0.464286 0.977581 0.298387
23 0.433343 0.570853 0.658152 0.520737
67 0.500484 0.463422 0.976021 0.300115
23 0.501263 0.469182 0.971344 0.296659
22 0.501263 0.469182 0.971344 0.296659
58 0.501263 0.469182 0.971344 0.296659
59 0.500094 0.468606 0.965887 0.296659
69 0.501263 0.469182 0.971344 0.296659
32 0.502043 0.470622 0.972903 0.290323
23 0.358602 0.461694 0.657957 0.316244
23 0.496976 0.464286 0.970564 0.306452
22 0.501653 0.462558 0.972124 0.304147
69 0.501653 0.462558 0.972124 0.304147
58 0.498925 0.463422 0.972903 0.303571
32 0.501653 0.462558 0.972124 0.304147
59 0.496976 0.465438 0.967446 0.302995
67 0.501653 0.462558 0.972124 0.304147
39 0.501653 0.462558 0.972124 0.304147
23 0.500094 0.46371 0.976801 0.309908
22 0.500094 0.46371 0.976801 0.309908
58 0.500094 0.46371 0.976801 0.309908
69 0.500094 0.46371 0.976801 0.309908
59 0.500094 0.46371 0.976801 0.309908
23 0.263495 0.471198 0.505161 0.31106
23 0.491129 0.464286 0.971344 0.308756
22 0.491909 0.468894 0.971344 0.301843
23 0.333266 0.46659 0.6525 0.299539
59 0.491909 0.467166 0.966667 0.307604
58 0.496976 0.464862 0.979919 0.300691
69 0.498145 0.467454 0.97914 0.301267
32 0.501653 0.465438 0.976801 0.306452
67 0.501653 0.465438 0.976801 0.306452
39 0.501653 0.465438 0.976801 0.306452
23 0.498145 0.46803 0.974462 0.296659
22 0.500484 0.468894 0.976021 0.297235
32 0.500484 0.468894 0.976021 0.297235
58 0.497366 0.46947 0.972903 0.297235
59 0.500484 0.468894 0.976021 0.297235
23 0.427204 0.542771 0.701613 0.451325
23 0.493857 0.463998 0.967446 0.30818
22 0.499704 0.464862 0.972903 0.307604
58 0.497755 0.466014 0.972124 0.304147
59 0.500484 0.469182 0.976021 0.298963
23 0.439677 0.53485 0.728118 0.446429
32 0.499704 0.464862 0.972903 0.307604
23 0.25414 0.468318 0.491129 0.301843
23 0.500484 0.462846 0.976021 0.307028
22 0.499314 0.464286 0.975242 0.305299
59 0.500484 0.464862 0.976021 0.306452
58 0.498535 0.465726 0.975242 0.304723
32 0.500484 0.464862 0.976021 0.306452
23 0.513054 0.445276 0.741956 0.362903
23 0.428763 0.542483 0.67043 0.461118
23 0.498925 0.464574 0.977581 0.304723
22 0.498925 0.462846 0.977581 0.307028
59 0.503602 0.466878 0.972903 0.297811
23 0.438021 0.531682 0.725195 0.442396
58 0.497366 0.464286 0.976021 0.301843
23 0.499704 0.470046 0.969785 0.300691
22 0.502823 0.467166 0.972903 0.304147
58 0.502043 0.47235 0.972903 0.293779
59 0.502823 0.471774 0.974462 0.298387
23 0.451274 0.523041 0.790679 0.421659
32 0.502823 0.471774 0.974462 0.298387
23 0.500094 0.46515 0.97836 0.303571
22 0.500484 0.46371 0.976021 0.305299
23 0.456048 0.516129 0.806075 0.417051
58 0.498925 0.468318 0.976021 0.297235
23 0.521532 0.43318 0.74215 0.388249
59 0.498925 0.468318 0.976021 0.297235
23 0.237379 0.469182 0.456048 0.305876
23 0.395632 0.458237 0.714866 0.332373
23 0.498925 0.467742 0.974462 0.304147
22 0.495417 0.46947 0.973683 0.302995
59 0.497366 0.46947 0.972903 0.298387
58 0.497366 0.46947 0.972903 0.298387
23 0.458387 0.523041 0.807634 0.418203
23 0.395632 0.452765 0.700833 0.345622
32 0.499704 0.466878 0.972903 0.30818
23 0.496586 0.464286 0.977581 0.308756
22 0.498925 0.464574 0.976021 0.309332
58 0.496586 0.464286 0.977581 0.308756
59 0.502043 0.463998 0.972903 0.31394
23 0.492688 0.467742 0.972903 0.302995
22 0.492688 0.467742 0.972903 0.302995
58 0.496586 0.465438 0.977581 0.300691
59 0.496586 0.465438 0.977581 0.300691
23 0.500874 0.46659 0.972124 0.299539
22 0.502043 0.46515 0.972903 0.303571
59 0.503602 0.467166 0.972903 0.300691
58 0.500874 0.46659 0.972124 0.299539
23 0.501263 0.464862 0.977581 0.304147
22 0.499704 0.465726 0.976021 0.300115
58 0.500094 0.467742 0.975242 0.297235
59 0.502823 0.46659 0.974462 0.302995
23 0.219839 0.471774 0.424086 0.31106
23 0.522994 0.426555 0.722077 0.40265
23 0.443575 0.549395 0.74215 0.484159
23 0.389687 0.455069 0.662829 0.342166
23 0.498925 0.465726 0.977581 0.303571
22 0.499704 0.464286 0.977581 0.302995
58 0.498925 0.465726 0.977581 0.303571
59 0.501263 0.466014 0.972903 0.309908
23 0.511788 0.445276 0.7975 0.365207
23 0.386277 0.460829 0.67121 0.329493
23 0.498925 0.464286 0.976021 0.297235
22 0.498925 0.464286 0.976021 0.297235
58 0.498925 0.464286 0.976021 0.297235
23 0.287856 0.468894 0.563239 0.301843
32 0.502823 0.466878 0.971344 0.300115
69 0.498925 0.464286 0.976021 0.297235
59 0.502823 0.466878 0.971344 0.300115
39 0.502823 0.466878 0.971344 0.300115
23 0.389005 0.464286 0.696935 0.317972
23 0.495027 0.467166 0.965107 0.297235
22 0.500484 0.46659 0.972903 0.298387
58 0.500484 0.46659 0.972903 0.298387
59 0.500484 0.46659 0.972903 0.298387
23 0.265249 0.469758 0.518804 0.297811
32 0.502043 0.467742 0.972903 0.304147
23 0.520363 0.449597 0.758521 0.354263
23 0.493078 0.467742 0.969005 0.301843
22 0.493078 0.467742 0.969005 0.301843
39 0.493078 0.467742 0.969005 0.301843
23 0.512177 0.438364 0.821667 0.381336
58 0.493078 0.467742 0.969005 0.301843
32 0.498145 0.465438 0.977581 0.302995
23 0.322547 0.462558 0.589745 0.321429
59 0.498145 0.465438 0.977581 0.302995
23 0.493857 0.470046 0.970564 0.298387
22 0.493857 0.470046 0.970564 0.298387
23 0.343401 0.466302 0.66965 0.301267
58 0.499704 0.467742 0.977581 0.298387
59 0.500094 0.46659 0.979919 0.301843
23 0.528451 0.448157 0.761055 0.358295
23 0.497755 0.470334 0.975242 0.289747
22 0.498535 0.46947 0.976801 0.297235
58 0.497755 0.470334 0.975242 0.289747
59 0.497755 0.470334 0.975242 0.289747
23 0.513737 0.455933 0.742151 0.343894
23 0.498535 0.470334 0.976801 0.292051
58 0.498535 0.470334 0.976801 0.292051
22 0.499314 0.46803 0.97836 0.298963
59 0.500874 0.470046 0.972124 0.299539
23 0.517634 0.445852 0.732796 0.361751
23 0.431882 0.565668 0.698495 0.501152
23 0.499704 0.466302 0.977581 0.300115
23 0.343985 0.46947 0.676277 0.300691
22 0.495806 0.467742 0.969785 0.298387
59 0.499704 0.466302 0.977581 0.300115
58 0.499704 0.466302 0.977581 0.300115
23 0.455659 0.456221 0.730457 0.33871
23 0.536344 0.40949 0.673548 0.439084
23 0.500484 0.467166 0.97914 0.299539
22 0.500094 0.464862 0.976801 0.299539
59 0.500874 0.468894 0.975242 0.296083
58 0.499704 0.466878 0.977581 0.296659
23 0.5075 0.452189 0.762419 0.352535
32 0.500874 0.468894 0.975242 0.296083
23 0.547648 0.390553 0.710188 0.487327
23 0.498145 0.46947 0.97914 0.294931
22 0.498145 0.46659 0.977581 0.298387
59 0.496586 0.468318 0.97914 0.296083
58 0.496586 0.468318 0.97914 0.296083
23 0.54375 0.400058 0.703952 0.464862
23 0.424866 0.545507 0.654839 0.451613
23 0.497366 0.466302 0.976021 0.301267
22 0.497366 0.466878 0.972903 0.303571
59 0.496586 0.466014 0.974462 0.299539
58 0.496586 0.466014 0.974462 0.299539
23 0.399919 0.463422 0.710968 0.3197
23 0.498145 0.466014 0.977581 0.298387
22 0.494247 0.467742 0.976021 0.297235
58 0.496586 0.464862 0.977581 0.296083
59 0.496586 0.464862 0.977581 0.296083
23 0.514614 0.450173 0.782493 0.354263
23 0.498145 0.46515 0.977581 0.298963
22 0.498145 0.46515 0.977581 0.298963
58 0.498145 0.46515 0.977581 0.298963
59 0.498145 0.46515 0.977581 0.298963
23 0.496586 0.46659 0.983817 0.301843
22 0.495806 0.467454 0.982258 0.298963
59 0.493078 0.46803 0.975242 0.305876
58 0.495806 0.467454 0.982258 0.298963
23 0.497366 0.465726 0.972903 0.301267
22 0.497366 0.465726 0.972903 0.301267
58 0.497366 0.465726 0.972903 0.301267
59 0.497366 0.465726 0.972903 0.301267
23 0.495806 0.465438 0.976021 0.298387
22 0.495806 0.465438 0.976021 0.298387
58 0.495806 0.465438 0.976021 0.298387
59 0.498925 0.46371 0.968226 0.301843
23 0.496586 0.466302 0.969785 0.304723
22 0.497366 0.466302 0.976021 0.301267
58 0.497366 0.466302 0.976021 0.301267
59 0.497366 0.466302 0.976021 0.301267
23 0.494247 0.469182 0.974462 0.300115
22 0.494247 0.469182 0.974462 0.300115
58 0.496976 0.467454 0.976801 0.300115
23 0.306761 0.46947 0.596371 0.302995
23 0.494247 0.469758 0.972903 0.301267
22 0.494247 0.469758 0.972903 0.301267
23 0.526307 0.440668 0.765343 0.373272
58 0.494247 0.469758 0.972903 0.301267
23 0.499314 0.46659 0.981478 0.300691
22 0.499314 0.466014 0.979919 0.301843
58 0.497366 0.46659 0.97914 0.299539
59 0.497366 0.46659 0.97914 0.299539
23 0.391734 0.460253 0.680564 0.328341
23 0.492688 0.466878 0.972903 0.305876
22 0.492688 0.466878 0.972903 0.305876
59 0.498145 0.464862 0.980699 0.306452
23 0.33619 0.466878 0.656008 0.303571
23 0.493078 0.464862 0.975242 0.304147
22 0.492688 0.46659 0.976021 0.301843
59 0.497366 0.464286 0.980699 0.304147
23 0.309684 0.468318 0.609234 0.296083
58 0.496586 0.46371 0.97914 0.300691
23 0.498145 0.463422 0.977581 0.304724
22 0.497366 0.464286 0.977581 0.304147
58 0.497366 0.464286 0.977581 0.304147
59 0.497366 0.464286 0.977581 0.304147
23 0.541411 0.392785 0.769435 0.467886
23 0.495806 0.464574 0.97914 0.301267
22 0.495806 0.464574 0.97914 0.301267
59 0.495806 0.464574 0.97914 0.301267
58 0.495806 0.464574 0.97914 0.301267
23 0.491909 0.467742 0.974462 0.300691
22 0.491519 0.466014 0.970564 0.300691
58 0.495027 0.464286 0.977581 0.301843
23 0.496586 0.464286 0.977581 0.301843
22 0.496586 0.464286 0.977581 0.301843
58 0.496586 0.464286 0.977581 0.301843
59 0.496586 0.464286 0.977581 0.301843
23 0.497366 0.464862 0.977581 0.302995
22 0.497366 0.464862 0.977581 0.302995
58 0.497366 0.464862 0.977581 0.302995
59 0.497366 0.464862 0.977581 0.302995
23 0.541411 0.387961 0.766317 0.479839
23 0.498145 0.465438 0.97914 0.297235
22 0.498925 0.464862 0.976021 0.300691
58 0.498145 0.465438 0.97914 0.297235
59 0.498145 0.465438 0.97914 0.297235
23 0.534005 0.385369 0.774892 0.482719
23 0.495806 0.467454 0.977581 0.298963
22 0.497366 0.466014 0.976021 0.301843
58 0.495806 0.467454 0.977581 0.298963
59 0.495806 0.467454 0.977581 0.298963
23 0.539073 0.375072 0.766317 0.510225
23 0.496976 0.465726 0.979919 0.301267
22 0.497755 0.464862 0.97836 0.304147
59 0.496976 0.465726 0.979919 0.301267
58 0.496976 0.465726 0.979919 0.301267
23 0.497366 0.466014 0.97914 0.300691
22 0.498145 0.465726 0.977581 0.304723
58 0.497366 0.466014 0.97914 0.300691
23 0.496586 0.464286 0.980699 0.300691
22 0.497366 0.464286 0.97914 0.302995
58 0.496586 0.464286 0.980699 0.300691
23 0.542191 0.353183 0.769435 0.549395
59 0.501263 0.463134 0.974462 0.306452
23 0.497366 0.46515 0.982258 0.301267
22 0.498925 0.466014 0.982258 0.302995
59 0.497366 0.46515 0.982258 0.301267
23 0.396411 0.450461 0.72578 0.349078
58 0.497366 0.46515 0.982258 0.301267
23 0.548915 0.344758 0.741956 0.573157
23 0.498535 0.46515 0.979919 0.304723
22 0.495027 0.466302 0.971344 0.304723
23 0.523091 0.432676 0.809193 0.385801
58 0.497366 0.465438 0.97914 0.301843
59 0.497366 0.465438 0.97914 0.301843
23 0.559731 0.342742 0.700054 0.593318
23 0.496976 0.465726 0.976801 0.301267
22 0.498925 0.465726 0.976021 0.303571
58 0.496976 0.465726 0.976801 0.301267
23 0.401478 0.454781 0.710968 0.335829
23 0.497366 0.466014 0.980699 0.300691
22 0.497366 0.466014 0.980699 0.300691
59 0.497366 0.466014 0.980699 0.300691
58 0.497366 0.466014 0.980699 0.300691
23 0.498145 0.467742 0.97914 0.301843
22 0.498925 0.467454 0.97914 0.302419
58 0.498145 0.467742 0.97914 0.301843
23 0.497366 0.46659 0.982258 0.299539
22 0.497366 0.46659 0.982258 0.299539
58 0.497366 0.46659 0.982258 0.299539
23 0.558562 0.369312 0.722661 0.527506
23 0.493468 0.467454 0.976022 0.302419
22 0.498145 0.467454 0.97914 0.302419
58 0.496586 0.466302 0.980699 0.301267
23 0.494247 0.467166 0.976021 0.300691
22 0.498535 0.465726 0.976801 0.302419
58 0.497366 0.464286 0.97914 0.300691
23 0.498925 0.465438 0.976021 0.304147
22 0.498535 0.46659 0.975242 0.302995
58 0.497366 0.464862 0.976021 0.302995
23 0.498145 0.465438 0.980699 0.302995
22 0.494247 0.467166 0.972903 0.301843
58 0.497366 0.464286 0.97914 0.300691
23 0.498925 0.464862 0.980699 0.305299
22 0.495027 0.467166 0.972903 0.301843
59 0.497366 0.464286 0.980699 0.302995
58 0.497366 0.464286 0.980699 0.302995
23 0.494637 0.467742 0.97836 0.301843
22 0.495027 0.466878 0.974462 0.302419
23 0.530497 0.43894 0.770995 0.373272
58 0.497366 0.465438 0.980699 0.299539
23 0.495806 0.466302 0.977581 0.303571
23 0.530887 0.446717 0.77957 0.357719
22 0.495027 0.468318 0.977581 0.300691
59 0.498145 0.464862 0.980699 0.300691
58 0.498145 0.464862 0.980699 0.300691
23 0.494637 0.466014 0.976801 0.302995
22 0.498145 0.466302 0.980699 0.302419
23 0.39914 0.464286 0.704731 0.31682
58 0.497366 0.464286 0.980699 0.299539
59 0.497366 0.464286 0.980699 0.299539
23 0.496976 0.465438 0.981478 0.301843
22 0.498145 0.465438 0.980699 0.304147
58 0.496976 0.465438 0.981478 0.301843
23 0.391344 0.462558 0.68914 0.323733
59 0.496976 0.465438 0.981478 0.301843
23 0.497755 0.465438 0.97836 0.299539
22 0.499314 0.466302 0.97836 0.301267
58 0.497755 0.465438 0.97836 0.299539
59 0.497755 0.465438 0.97836 0.299539
23 0.497755 0.465438 0.981478 0.298387
22 0.497755 0.465438 0.981478 0.298387
58 0.497755 0.465438 0.981478 0.298387
59 0.497755 0.465438 0.981478 0.298387
23 0.498535 0.465438 0.981478 0.298387
22 0.499704 0.466014 0.980699 0.300691
58 0.498535 0.465438 0.981478 0.298387
59 0.498535 0.465438 0.981478 0.298387
23 0.495027 0.468894 0.977581 0.299539
22 0.498925 0.466014 0.980699 0.302995
23 0.523481 0.447005 0.777231 0.355991
58 0.498145 0.465438 0.980699 0.298387
59 0.498145 0.465438 0.980699 0.298387
23 0.494247 0.468606 0.976021 0.300115
22 0.498925 0.46659 0.97914 0.301843
23 0.526989 0.447005 0.773333 0.355991
58 0.497755 0.46515 0.979919 0.298963
59 0.497755 0.46515 0.979919 0.298963
23 0.498145 0.465438 0.980699 0.299539
22 0.498925 0.465726 0.97914 0.300115
58 0.498145 0.465438 0.980699 0.299539
23 0.39378 0.462558 0.702977 0.321429
59 0.498145 0.465438 0.980699 0.299539
23 0.497366 0.465726 0.980699 0.298963
22 0.498535 0.466302 0.979919 0.301267
23 0.527379 0.448157 0.781909 0.352535
23 0.39875 0.464286 0.712527 0.31682
58 0.497366 0.465726 0.980699 0.298963
59 0.497366 0.465726 0.980699 0.298963
23 0.493857 0.468318 0.976801 0.300691
22 0.497755 0.46515 0.981478 0.300115
58 0.497755 0.46515 0.981478 0.300115
23 0.494247 0.468318 0.977581 0.300691
22 0.499314 0.465726 0.981478 0.302419
23 0.529718 0.450461 0.767876 0.347926
58 0.497755 0.465438 0.981478 0.299539
59 0.497755 0.465438 0.981478 0.299539
23 0.494247 0.468894 0.976021 0.298387
22 0.495027 0.467454 0.974462 0.300115
23 0.53001 0.449885 0.77041 0.349078
58 0.497366 0.465726 0.980699 0.298963
23 0.493857 0.468894 0.976801 0.299539
22 0.494247 0.467742 0.972903 0.300691
23 0.534005 0.448157 0.768656 0.352535
58 0.497366 0.465726 0.97914 0.298963
23 0.494247 0.468894 0.977581 0.299539
22 0.498535 0.46659 0.979919 0.300691
23 0.532544 0.448733 0.77002 0.351382
58 0.497366 0.465726 0.980699 0.298963
23 0.494247 0.469182 0.976021 0.298963
22 0.498925 0.467166 0.97914 0.300691
58 0.497366 0.466014 0.980699 0.298387
23 0.495027 0.466878 0.974462 0.302419
22 0.498925 0.467166 0.97914 0.301843
58 0.497755 0.466302 0.979919 0.300115
23 0.494247 0.470046 0.976021 0.300691
22 0.498925 0.467742 0.977581 0.301843
23 0.536344 0.449885 0.757742 0.349078
58 0.497366 0.466878 0.97914 0.300115
23 0.495027 0.469758 0.976022 0.300115
22 0.498925 0.46803 0.97914 0.301267
23 0.535662 0.450749 0.755988 0.348502
23 0.401089 0.465438 0.70629 0.31682
58 0.497366 0.466878 0.97914 0.298963
23 0.497366 0.46659 0.97914 0.299539
22 0.498535 0.467166 0.97836 0.301843
23 0.532836 0.452189 0.758521 0.34447
58 0.497366 0.46659 0.97914 0.299539
23 0.396411 0.463998 0.694597 0.3197
23 0.497366 0.46659 0.97914 0.300691
22 0.498925 0.467454 0.97914 0.301267
58 0.497366 0.46659 0.97914 0.300691
23 0.395242 0.463134 0.686801 0.320276
23 0.497755 0.46659 0.97836 0.299539
22 0.498925 0.467166 0.977581 0.301843
58 0.497755 0.46659 0.97836 0.299539
23 0.395632 0.462558 0.68836 0.320276
23 0.497366 0.46659 0.97914 0.299539
22 0.498925 0.467454 0.97914 0.301267
58 0.497366 0.46659 0.97914 0.299539
23 0.395632 0.463134 0.689919 0.320276
23 0.497755 0.466014 0.979919 0.299539
22 0.498925 0.467166 0.97914 0.300691
58 0.497755 0.466014 0.979919 0.299539
23 0.397191 0.46371 0.699274 0.317972
23 0.498145 0.46659 0.97914 0.299539
22 0.498925 0.467454 0.97914 0.301267
58 0.498145 0.46659 0.97914 0.299539
23 0.396119 0.461982 0.687386 0.321429
23 0.497366 0.46659 0.97914 0.299539
22 0.499314 0.467166 0.97836 0.301843
58 0.497366 0.46659 0.97914 0.299539
23 0.396119 0.461694 0.685827 0.322005
23 0.497366 0.466302 0.97914 0.300115
22 0.498925 0.467166 0.977581 0.301843
58 0.497366 0.466302 0.97914 0.300115
23 0.497366 0.46659 0.97914 0.299539
22 0.498925 0.467166 0.977581 0.301843
58 0.497366 0.46659 0.97914 0.299539
23 0.396119 0.461982 0.692063 0.321429
23 0.497366 0.466302 0.97914 0.300115
22 0.499314 0.467166 0.97836 0.301843
58 0.497366 0.466302 0.97914 0.300115
23 0.497366 0.46659 0.97914 0.299539
22 0.498925 0.467166 0.97914 0.301843
58 0.497366 0.46659 0.97914 0.299539
23 0.395242 0.461694 0.68914 0.322005
23 0.497366 0.46659 0.97914 0.299539
22 0.499314 0.467166 0.97836 0.301843
58 0.497366 0.46659 0.97914 0.299539
23 0.395144 0.461982 0.689335 0.321429
23 0.497755 0.466302 0.97836 0.300115
22 0.499314 0.467166 0.97836 0.301843
58 0.497755 0.466302 0.97836 0.300115
23 0.395632 0.461982 0.689919 0.321429
23 0.497366 0.466302 0.97914 0.300115
22 0.498925 0.467166 0.977581 0.301843
58 0.497366 0.466302 0.97914 0.300115
23 0.395632 0.461982 0.690699 0.321429
23 0.497366 0.466014 0.97914 0.300691
22 0.498925 0.467166 0.977581 0.301843
58 0.497366 0.466014 0.97914 0.300691
23 0.395924 0.461982 0.690894 0.321429
