22 0.500493 0.452765 0.869811 0.447005
2 0.611366 0.422235 0.69335 0.473502
22 0.614587 0.420507 0.686909 0.47235
3 0.500493 0.452765 0.869811 0.447005
62 0.571546 0.431524 0.768307 0.471054
72 0.561786 0.442684 0.778458 0.451037
22 0.718336 0.399194 0.491904 0.461982
3 0.407578 0.506336 0.713651 0.308756
22 0.407578 0.506336 0.713651 0.308756
2 0.500493 0.452765 0.869811 0.447005
72 0.431392 0.482431 0.780019 0.38076
35 0.523917 0.452765 0.846387 0.440092
2 0.407578 0.506336 0.713651 0.308756
62 0.431392 0.482431 0.780019 0.38076
4 0.571546 0.431524 0.768307 0.471054
3 0.614587 0.420507 0.686909 0.47235
60 0.523917 0.452765 0.846387 0.440092
2 0.719507 0.402074 0.469261 0.468894
4 0.718336 0.399194 0.491904 0.461982
36 0.561786 0.442684 0.778458 0.451037
3 0.278746 0.531394 0.501274 0.270161
41 0.431392 0.482431 0.780019 0.38076
35 0.431392 0.482431 0.780019 0.38076
60 0.614587 0.420507 0.686909 0.47235
62 0.6832 0.409058 0.59497 0.472206
60 0.35175 0.524194 0.625421 0.274194
60 0.431392 0.482431 0.780019 0.38076
72 0.6832 0.409058 0.59497 0.472206
57 0.614587 0.420507 0.686909 0.47235
35 0.614587 0.420507 0.686909 0.47235
22 0.293581 0.521313 0.535629 0.315668
21 0.571546 0.431524 0.768307 0.471054
4 0.431392 0.482431 0.780019 0.38076
23 0.561786 0.442684 0.778458 0.451037
72 0.35175 0.524194 0.625421 0.274194
41 0.532506 0.433468 0.827648 0.474078
64 0.46848 0.455573 0.86825 0.435628
52 0.46848 0.455573 0.86825 0.435628
57 0.718336 0.399194 0.491904 0.461982
57 0.523917 0.452765 0.846387 0.440092
39 0.561786 0.442684 0.778458 0.451037
35 0.718336 0.399194 0.491904 0.461982
10 0.532506 0.433468 0.827648 0.474078
60 0.718336 0.399194 0.491904 0.461982
3 0.718336 0.399194 0.491904 0.461982
41 0.35175 0.524194 0.625421 0.274194
52 0.614587 0.420507 0.686909 0.47235
8 0.6832 0.409058 0.59497 0.472206
36 0.682419 0.409274 0.577792 0.485599
64 0.614587 0.420507 0.686909 0.47235
44 0.523917 0.452765 0.846387 0.440092
58 0.278746 0.531394 0.501274 0.270161
33 0.561786 0.442684 0.778458 0.451037
31 0.431392 0.482431 0.780019 0.38076
58 0.500493 0.452765 0.869811 0.447005
69 0.571546 0.431524 0.768307 0.471054
64 0.407578 0.506336 0.713651 0.308756
21 0.718336 0.399194 0.491904 0.461982
7 0.614587 0.420507 0.686909 0.47235
39 0.6832 0.409058 0.59497 0.472206
45 0.611366 0.422235 0.69335 0.473502
2 0.278746 0.531394 0.501274 0.270161
36 0.407578 0.506336 0.713651 0.308756
58 0.407578 0.506336 0.713651 0.308756
23 0.431392 0.482431 0.780019 0.38076
57 0.431392 0.482431 0.780019 0.38076
62 0.35175 0.524194 0.625421 0.274194
36 0.449058 0.464862 0.797782 0.408986
45 0.719507 0.402074 0.469261 0.468894
4 0.293581 0.521313 0.535629 0.315668
37 0.500493 0.452765 0.869811 0.447005
37 0.6832 0.409058 0.59497 0.472206
22 0.797978 0.40085 0.36073 0.455213
35 0.35175 0.524194 0.625421 0.274194
33 0.757376 0.388321 0.440371 0.452621
10 0.375662 0.509217 0.683786 0.329493
31 0.523917 0.452765 0.846387 0.440092
52 0.293581 0.521313 0.535629 0.315668
4 0.852634 0.278154 0.20457 0.255904
56 0.500493 0.452765 0.869811 0.447005
10 0.364048 0.452477 0.6344 0.454493
34 0.614587 0.420507 0.686909 0.47235
49 0.431392 0.482431 0.780019 0.38076
3 0.364048 0.452477 0.6344 0.454493
22 0.364048 0.452477 0.6344 0.454493
8 0.523917 0.452765 0.846387 0.440092
62 0.757376 0.388321 0.440371 0.452621
31 0.614587 0.420507 0.686909 0.47235
46 0.755034 0.395449 0.443494 0.452189
40 0.46848 0.455573 0.86825 0.435628
31 0.293581 0.521313 0.535629 0.315668
58 0.611366 0.422235 0.69335 0.473502
69 0.407578 0.506336 0.713651 0.308756
44 0.614587 0.420507 0.686909 0.47235
22 0.235997 0.537442 0.401722 0.274194
41 0.235997 0.537442 0.401722 0.274194
2 0.797978 0.40085 0.36073 0.455213
36 0.278746 0.531394 0.501274 0.270161
2 0.504787 0.442108 0.92681 0.431452
3 0.504787 0.442108 0.92681 0.431452
4 0.518451 0.434836 0.902605 0.437932
22 0.504787 0.442108 0.92681 0.431452
62 0.518451 0.434836 0.902605 0.437932
10 0.506739 0.438436 0.924467 0.433036
52 0.48839 0.443476 0.933056 0.426411
36 0.504787 0.442108 0.92681 0.431452
58 0.48839 0.443476 0.933056 0.426411
60 0.48839 0.443476 0.933056 0.426411
35 0.504787 0.442108 0.92681 0.431452
23 0.504787 0.442108 0.92681 0.431452
2 0.638694 0.406682 0.651187 0.497696
57 0.518451 0.434836 0.902605 0.437932
69 0.48839 0.443476 0.933056 0.426411
7 0.506739 0.438436 0.924467 0.433036
21 0.518451 0.434836 0.902605 0.437932
8 0.51689 0.436636 0.899482 0.441244
33 0.504787 0.442108 0.92681 0.431452
62 0.638694 0.406682 0.651187 0.497696
4 0.638694 0.406682 0.651187 0.497696
44 0.504787 0.442108 0.92681 0.431452
5 0.506739 0.438436 0.924467 0.433036
39 0.51689 0.436636 0.899482 0.441244
4 0.845606 0.267281 0.235802 0.24424
4 0.850291 0.316532 0.24361 0.3197
66 0.506739 0.438436 0.924467 0.433036
3 0.355069 0.458525 0.640646 0.408986
65 0.518451 0.434836 0.902605 0.437932
58 0.355069 0.458525 0.640646 0.408986
2 0.355069 0.458525 0.640646 0.408986
20 0.506739 0.438436 0.924467 0.433036
22 0.638694 0.406682 0.651187 0.497696
34 0.518451 0.434836 0.902605 0.437932
60 0.355069 0.458525 0.640646 0.408986
72 0.504787 0.442108 0.92681 0.431452
56 0.48839 0.443476 0.933056 0.426411
22 0.355069 0.458525 0.640646 0.408986
36 0.638694 0.406682 0.651187 0.497696
45 0.51689 0.436636 0.899482 0.441244
32 0.48839 0.443476 0.933056 0.426411
31 0.504787 0.442108 0.92681 0.431452
3 0.638694 0.406682 0.651187 0.497696
4 0.882304 0.208813 0.154598 0.133641
64 0.504787 0.442108 0.92681 0.431452
4 0.854976 0.195565 0.203008 0.113479
57 0.638694 0.406682 0.651187 0.497696
8 0.638694 0.406682 0.651187 0.497696
4 0.357021 0.451037 0.636742 0.417051
52 0.638694 0.406682 0.651187 0.497696
60 0.638694 0.406682 0.651187 0.497696
10 0.638694 0.406682 0.651187 0.497696
21 0.638694 0.406682 0.651187 0.497696
7 0.638694 0.406682 0.651187 0.497696
39 0.650406 0.415611 0.621517 0.504032
10 0.355069 0.458525 0.640646 0.408986
5 0.638694 0.406682 0.651187 0.497696
59 0.506739 0.438436 0.924467 0.433036
2 0.73239 0.435484 0.476288 0.524193
4 0.814374 0.332949 0.28265 0.351959
44 0.638694 0.406682 0.651187 0.497696
64 0.638694 0.406682 0.651187 0.497696
23 0.638694 0.406682 0.651187 0.497696
32 0.595848 0.407762 0.696278 0.484015
23 0.355069 0.458525 0.640646 0.408986
4 0.872934 0.387385 0.209254 0.272465
52 0.355069 0.458525 0.640646 0.408986
35 0.638694 0.406682 0.651187 0.497696
36 0.355069 0.458525 0.640646 0.408986
45 0.650406 0.415611 0.621517 0.504032
2 0.850291 0.316532 0.24361 0.3197
34 0.638694 0.406682 0.651187 0.497696
62 0.355069 0.458525 0.640646 0.408986
66 0.595848 0.407762 0.696278 0.484015
4 0.833894 0.212702 0.235802 0.148906
41 0.441542 0.448157 0.806566 0.417051
65 0.392742 0.421587 0.637914 0.474798
29 0.518451 0.434836 0.902605 0.437932
33 0.638694 0.406682 0.651187 0.497696
58 0.638694 0.406682 0.651187 0.497696
69 0.595848 0.407762 0.696278 0.484015
69 0.355069 0.458525 0.640646 0.408986
2 0.845606 0.267281 0.235802 0.24424
30 0.51689 0.436636 0.899482 0.441244
7 0.357021 0.451037 0.636742 0.417051
59 0.638694 0.406682 0.651187 0.497696
20 0.638694 0.406682 0.651187 0.497696
4 0.88777 0.300619 0.173338 0.316964
31 0.638694 0.406682 0.651187 0.497696
49 0.488 0.441244 0.929152 0.428571
65 0.638694 0.406682 0.651187 0.497696
40 0.518451 0.434836 0.902605 0.437932
58 0.258445 0.471774 0.470042 0.406682
56 0.638694 0.406682 0.651187 0.497696
4 0.72224 0.385081 0.491904 0.44182
4 0.89792 0.395161 0.160845 0.245392
4 0.493075 0.426555 0.942426 0.44182
2 0.492294 0.436708 0.943987 0.418059
58 0.494246 0.438364 0.955699 0.412442
52 0.492294 0.436708 0.943987 0.418059
3 0.492294 0.436708 0.943987 0.418059
62 0.493075 0.426555 0.942426 0.44182
23 0.494246 0.438364 0.955699 0.412442
5 0.493075 0.426555 0.942426 0.44182
8 0.492294 0.436708 0.943987 0.418059
44 0.493075 0.426555 0.942426 0.44182
60 0.494246 0.438364 0.955699 0.412442
10 0.494637 0.425691 0.953357 0.4447
21 0.492294 0.436708 0.943987 0.418059
36 0.492294 0.436708 0.943987 0.418059
34 0.493075 0.426555 0.942426 0.44182
57 0.493075 0.426555 0.942426 0.44182
20 0.493075 0.426555 0.942426 0.44182
66 0.493075 0.426555 0.942426 0.44182
33 0.492294 0.436708 0.943987 0.418059
22 0.493075 0.426555 0.942426 0.44182
67 0.494246 0.438364 0.955699 0.412442
29 0.493075 0.426555 0.942426 0.44182
59 0.492294 0.436708 0.943987 0.418059
65 0.494637 0.425691 0.953357 0.4447
35 0.493075 0.426555 0.942426 0.44182
7 0.493075 0.426555 0.942426 0.44182
39 0.492294 0.436708 0.943987 0.418059
32 0.493075 0.426555 0.942426 0.44182
69 0.494246 0.438364 0.955699 0.412442
30 0.492294 0.436708 0.943987 0.418059
56 0.493075 0.426555 0.942426 0.44182
0 0.493075 0.426555 0.942426 0.44182
61 0.492294 0.436708 0.943987 0.418059
45 0.492294 0.436708 0.943987 0.418059
58 0.415386 0.459101 0.743322 0.360599
58 0.573986 0.414747 0.750934 0.482719
2 0.57545 0.403514 0.760499 0.505184
6 0.494637 0.425691 0.953357 0.4447
28 0.493075 0.426555 0.942426 0.44182
31 0.492294 0.436708 0.943987 0.418059
1 0.494637 0.425691 0.953357 0.4447
23 0.415386 0.459101 0.743322 0.360599
52 0.57545 0.403514 0.760499 0.505184
67 0.573986 0.414747 0.750934 0.482719
72 0.493075 0.426555 0.942426 0.44182
52 0.415386 0.459101 0.743322 0.360599
8 0.57545 0.403514 0.760499 0.505184
59 0.57545 0.403514 0.760499 0.505184
64 0.492294 0.436708 0.943987 0.418059
21 0.57545 0.403514 0.760499 0.505184
36 0.57545 0.403514 0.760499 0.505184
39 0.57545 0.403514 0.760499 0.505184
20 0.415386 0.459101 0.743322 0.360599
23 0.573986 0.414747 0.750934 0.482719
3 0.415386 0.459101 0.743322 0.360599
2 0.415386 0.459101 0.743322 0.360599
3 0.57545 0.403514 0.760499 0.505184
10 0.415386 0.459101 0.743322 0.360599
33 0.57545 0.403514 0.760499 0.505184
41 0.494637 0.425691 0.953357 0.4447
60 0.57545 0.403514 0.760499 0.505184
67 0.415386 0.459101 0.743322 0.360599
66 0.613318 0.380184 0.639475 0.539171
5 0.415386 0.459101 0.743322 0.360599
65 0.409822 0.398906 0.688861 0.495968
60 0.415386 0.459101 0.743322 0.360599
58 0.681248 0.417555 0.541094 0.512817
36 0.415386 0.459101 0.743322 0.360599
54 0.409822 0.398906 0.688861 0.495968
40 0.493075 0.426555 0.942426 0.44182
4 0.613318 0.380184 0.639475 0.539171
61 0.415386 0.459101 0.743322 0.360599
30 0.57545 0.403514 0.760499 0.505184
69 0.415386 0.459101 0.743322 0.360599
4 0.409822 0.398906 0.688861 0.495968
34 0.613318 0.380184 0.639475 0.539171
49 0.494637 0.425691 0.953357 0.4447
5 0.613318 0.380184 0.639475 0.539171
6 0.415386 0.459101 0.743322 0.360599
62 0.677344 0.400418 0.558272 0.526354
58 0.343162 0.425403 0.608243 0.439516
64 0.57545 0.403514 0.760499 0.505184
8 0.415386 0.459101 0.743322 0.360599
58 0.321299 0.496256 0.552806 0.295507
4 0.504397 0.429219 0.958822 0.43534
58 0.504397 0.429219 0.958822 0.43534
20 0.504397 0.435988 0.955699 0.420651
52 0.504397 0.429219 0.958822 0.43534
23 0.504397 0.429219 0.958822 0.43534
7 0.504397 0.435988 0.955699 0.420651
2 0.504397 0.429219 0.958822 0.43534
5 0.504397 0.435988 0.955699 0.420651
66 0.504397 0.435988 0.955699 0.420651
10 0.504397 0.435988 0.955699 0.420651
36 0.504397 0.429219 0.958822 0.43534
62 0.504397 0.435988 0.955699 0.420651
3 0.504397 0.435988 0.955699 0.420651
28 0.504397 0.435988 0.955699 0.420651
34 0.504397 0.435988 0.955699 0.420651
0 0.504397 0.435988 0.955699 0.420651
67 0.504397 0.429219 0.958822 0.43534
1 0.504397 0.435988 0.955699 0.420651
60 0.504397 0.435988 0.955699 0.420651
57 0.504397 0.429219 0.958822 0.43534
65 0.504397 0.435988 0.955699 0.420651
8 0.511814 0.415971 0.948672 0.459533
61 0.504397 0.429219 0.958822 0.43534
44 0.504397 0.435988 0.955699 0.420651
32 0.504397 0.429219 0.958822 0.43534
59 0.511814 0.415971 0.948672 0.459533
22 0.504397 0.435988 0.955699 0.420651
69 0.504397 0.429219 0.958822 0.43534
21 0.511814 0.415971 0.948672 0.459533
56 0.504397 0.435988 0.955699 0.420651
30 0.511814 0.415971 0.948672 0.459533
29 0.504397 0.435988 0.955699 0.420651
33 0.504397 0.429219 0.958822 0.43534
31 0.504397 0.429219 0.958822 0.43534
6 0.504397 0.435988 0.955699 0.420651
39 0.511814 0.415971 0.948672 0.459533
35 0.504397 0.429219 0.958822 0.43534
45 0.511814 0.415971 0.948672 0.459533
54 0.500493 0.430012 0.882304 0.426843
68 0.498541 0.43606 0.958042 0.423963
66 0.586478 0.399194 0.710333 0.481567
54 0.393621 0.407258 0.647869 0.451613
28 0.586478 0.399194 0.710333 0.481567
0 0.586478 0.399194 0.710333 0.481567
4 0.586478 0.399194 0.710333 0.481567
7 0.586478 0.399194 0.710333 0.481567
58 0.664851 0.414171 0.594189 0.471198
20 0.670317 0.400058 0.584819 0.487903
34 0.586478 0.399194 0.710333 0.481567
2 0.670317 0.400058 0.584819 0.487903
5 0.586478 0.399194 0.710333 0.481567
68 0.33184 0.422163 0.578573 0.457517
31 0.670317 0.400058 0.584819 0.487903
62 0.670317 0.400058 0.584819 0.487903
65 0.586478 0.399194 0.710333 0.481567
36 0.670317 0.400058 0.584819 0.487903
59 0.670317 0.400058 0.584819 0.487903
41 0.498541 0.43606 0.958042 0.423963
28 0.393621 0.407258 0.647869 0.451613
57 0.670317 0.400058 0.584819 0.487903
32 0.586478 0.399194 0.710333 0.481567
29 0.586478 0.399194 0.710333 0.481567
6 0.586478 0.399194 0.710333 0.481567
72 0.504397 0.435988 0.955699 0.420651
4 0.502445 0.41273 0.973658 0.468318
52 0.502054 0.402146 0.972877 0.483727
66 0.502445 0.41273 0.973658 0.468318
3 0.502445 0.41273 0.973658 0.468318
2 0.502054 0.402146 0.972877 0.483727
28 0.502445 0.41273 0.973658 0.468318
58 0.502054 0.402146 0.972877 0.483727
44 0.502445 0.41273 0.973658 0.468318
23 0.502054 0.402146 0.972877 0.483727
5 0.502445 0.41273 0.973658 0.468318
69 0.502445 0.41273 0.973658 0.468318
20 0.502445 0.41273 0.973658 0.468318
0 0.502445 0.41273 0.973658 0.468318
10 0.502445 0.41273 0.973658 0.468318
7 0.502445 0.41273 0.973658 0.468318
67 0.502054 0.402146 0.972877 0.483727
22 0.502445 0.41273 0.973658 0.468318
60 0.502445 0.41273 0.973658 0.468318
32 0.502445 0.41273 0.973658 0.468318
62 0.502445 0.41273 0.973658 0.468318
56 0.502445 0.41273 0.973658 0.468318
61 0.502054 0.402146 0.972877 0.483727
1 0.49815 0.428571 0.974438 0.436636
34 0.502445 0.41273 0.973658 0.468318
57 0.502054 0.402146 0.972877 0.483727
6 0.502445 0.41273 0.973658 0.468318
29 0.502445 0.41273 0.973658 0.468318
30 0.502054 0.402146 0.972877 0.483727
21 0.502054 0.402146 0.972877 0.483727
8 0.502054 0.402146 0.972877 0.483727
36 0.502054 0.402146 0.972877 0.483727
65 0.502445 0.41273 0.973658 0.468318
45 0.502054 0.402146 0.972877 0.483727
39 0.502054 0.402146 0.972877 0.483727
35 0.502445 0.41273 0.973658 0.468318
54 0.500493 0.394297 0.93696 0.508641
33 0.502445 0.41273 0.973658 0.468318
59 0.502054 0.402146 0.972877 0.483727
31 0.502054 0.402146 0.972877 0.483727
68 0.463795 0.430228 0.879181 0.434476
66 0.59575 0.392929 0.723021 0.513681
0 0.3416 0.430876 0.629325 0.437788
28 0.59575 0.392929 0.723021 0.513681
4 0.59575 0.392929 0.723021 0.513681
52 0.386886 0.431524 0.689446 0.416907
58 0.333011 0.43462 0.61449 0.423387
28 0.3416 0.430876 0.629325 0.437788
4 0.3416 0.430876 0.629325 0.437788
66 0.3416 0.430876 0.629325 0.437788
54 0.3416 0.430876 0.629325 0.437788
0 0.59575 0.392929 0.723021 0.513681
22 0.3416 0.430876 0.629325 0.437788
23 0.386886 0.431524 0.689446 0.416907
56 0.3416 0.430876 0.629325 0.437788
54 0.293581 0.389401 0.477069 0.470046
5 0.59575 0.392929 0.723021 0.513681
10 0.3416 0.430876 0.629325 0.437788
68 0.333011 0.43462 0.61449 0.423387
61 0.386886 0.431524 0.689446 0.416907
1 0.3416 0.430876 0.629325 0.437788
69 0.386886 0.431524 0.689446 0.416907
32 0.59575 0.392929 0.723021 0.513681
67 0.386886 0.431524 0.689446 0.416907
41 0.486438 0.40553 0.921344 0.486175
6 0.59575 0.392929 0.723021 0.513681
31 0.656653 0.405026 0.612147 0.510225
4 0.501274 0.426339 0.971315 0.43534
2 0.501274 0.426339 0.971315 0.43534
52 0.501274 0.426339 0.971315 0.43534
30 0.501274 0.426339 0.971315 0.43534
28 0.500883 0.423963 0.968973 0.437788
1 0.500883 0.423963 0.968973 0.437788
36 0.501274 0.426339 0.971315 0.43534
23 0.501274 0.426339 0.971315 0.43534
8 0.501274 0.426339 0.971315 0.43534
66 0.500883 0.423963 0.968973 0.437788
7 0.500883 0.423963 0.968973 0.437788
3 0.501274 0.426339 0.971315 0.43534
20 0.500883 0.423963 0.968973 0.437788
45 0.501274 0.426339 0.971315 0.43534
10 0.501274 0.426339 0.971315 0.43534
5 0.501274 0.426339 0.971315 0.43534
59 0.501274 0.426339 0.971315 0.43534
62 0.501274 0.426339 0.971315 0.43534
21 0.501274 0.426339 0.971315 0.43534
44 0.500883 0.423963 0.968973 0.437788
67 0.501274 0.426339 0.971315 0.43534
31 0.501274 0.426339 0.971315 0.43534
32 0.501274 0.426339 0.971315 0.43534
39 0.501274 0.426339 0.971315 0.43534
29 0.501274 0.426339 0.971315 0.43534
22 0.501274 0.426339 0.971315 0.43534
34 0.501274 0.426339 0.971315 0.43534
58 0.501274 0.426339 0.971315 0.43534
65 0.500883 0.423963 0.968973 0.437788
56 0.500883 0.423963 0.968973 0.437788
57 0.501274 0.426339 0.971315 0.43534
61 0.501274 0.426339 0.971315 0.43534
0 0.500883 0.423963 0.968973 0.437788
6 0.500883 0.423963 0.968973 0.437788
35 0.501274 0.426339 0.971315 0.43534
54 0.498541 0.43426 0.972096 0.419499
60 0.500883 0.423963 0.968973 0.437788
69 0.500883 0.423963 0.968973 0.437788
33 0.501274 0.426339 0.971315 0.43534
68 0.498541 0.43426 0.972096 0.419499
54 0.401722 0.403802 0.698816 0.480415
68 0.348042 0.436924 0.639085 0.438364
54 0.607462 0.397393 0.67305 0.486319
31 0.664461 0.408122 0.584038 0.510945
4 0.346285 0.4447 0.639475 0.419355
28 0.348042 0.436924 0.639085 0.438364
4 0.502445 0.422523 0.979904 0.454493
2 0.502445 0.415251 0.979904 0.47019
66 0.502445 0.422523 0.979904 0.454493
20 0.502445 0.422523 0.979904 0.454493
7 0.502445 0.422523 0.979904 0.454493
1 0.502445 0.422523 0.979904 0.454493
44 0.502445 0.422523 0.979904 0.454493
30 0.502445 0.415251 0.979904 0.47019
5 0.502445 0.422523 0.979904 0.454493
3 0.502445 0.422523 0.979904 0.454493
45 0.502445 0.415251 0.979904 0.47019
65 0.502445 0.422523 0.979904 0.454493
28 0.502445 0.422523 0.979904 0.454493
39 0.502445 0.415251 0.979904 0.47019
29 0.502445 0.422523 0.979904 0.454493
36 0.502445 0.415251 0.979904 0.47019
6 0.502445 0.422523 0.979904 0.454493
8 0.502445 0.422523 0.979904 0.454493
34 0.502445 0.422523 0.979904 0.454493
52 0.502445 0.415251 0.979904 0.47019
22 0.502445 0.415251 0.979904 0.47019
54 0.502445 0.422523 0.979904 0.454493
67 0.502445 0.415251 0.979904 0.47019
35 0.502445 0.415251 0.979904 0.47019
56 0.502445 0.422523 0.979904 0.454493
32 0.502445 0.422523 0.979904 0.454493
31 0.502445 0.415251 0.979904 0.47019
62 0.502445 0.415251 0.979904 0.47019
60 0.502445 0.422523 0.979904 0.454493
0 0.502445 0.422523 0.979904 0.454493
23 0.502445 0.415251 0.979904 0.47019
57 0.502445 0.415251 0.979904 0.47019
21 0.502445 0.415251 0.979904 0.47019
10 0.502445 0.422523 0.979904 0.454493
69 0.502445 0.422523 0.979904 0.454493
61 0.502445 0.415251 0.979904 0.47019
33 0.502445 0.415251 0.979904 0.47019
58 0.502445 0.415251 0.979904 0.47019
68 0.496198 0.43606 0.981466 0.427419
59 0.502445 0.415251 0.979904 0.47019
39 0.642208 0.400634 0.655091 0.510945
2 0.642208 0.400634 0.655091 0.510945
4 0.642208 0.400634 0.655091 0.510945
4 0.378005 0.434908 0.708771 0.450461
31 0.642208 0.400634 0.655091 0.510945
45 0.642208 0.400634 0.655091 0.510945
21 0.642208 0.400634 0.655091 0.510945
5 0.642208 0.400634 0.655091 0.510945
36 0.642208 0.400634 0.655091 0.510945
68 0.378005 0.434908 0.708771 0.450461
22 0.378005 0.434908 0.708771 0.450461
28 0.378005 0.434908 0.708771 0.450461
57 0.642208 0.400634 0.655091 0.510945
54 0.378005 0.434908 0.708771 0.450461
5 0.378005 0.434908 0.708771 0.450461
1 0.378005 0.434908 0.708771 0.450461
7 0.378005 0.434908 0.708771 0.450461
20 0.642208 0.400634 0.655091 0.510945
7 0.642208 0.400634 0.655091 0.510945
0 0.378005 0.434908 0.708771 0.450461
54 0.502054 0.425979 0.96663 0.454493
66 0.502054 0.425979 0.96663 0.454493
2 0.502054 0.419427 0.969754 0.46299
4 0.502054 0.419427 0.969754 0.46299
6 0.502054 0.425979 0.96663 0.454493
30 0.502054 0.419427 0.969754 0.46299
20 0.502054 0.419427 0.969754 0.46299
29 0.502054 0.419427 0.969754 0.46299
44 0.502054 0.419427 0.969754 0.46299
45 0.502054 0.419427 0.969754 0.46299
8 0.502054 0.419427 0.969754 0.46299
28 0.502054 0.425979 0.96663 0.454493
35 0.502054 0.419427 0.969754 0.46299
1 0.502054 0.425979 0.96663 0.454493
7 0.502054 0.419427 0.969754 0.46299
67 0.502054 0.419427 0.969754 0.46299
62 0.502054 0.419427 0.969754 0.46299
36 0.502054 0.419427 0.969754 0.46299
65 0.502054 0.425979 0.96663 0.454493
31 0.502054 0.419427 0.969754 0.46299
39 0.502054 0.419427 0.969754 0.46299
5 0.502054 0.419427 0.969754 0.46299
57 0.502054 0.419427 0.969754 0.46299
3 0.502054 0.419427 0.969754 0.46299
56 0.502054 0.425979 0.96663 0.454493
0 0.502054 0.425979 0.96663 0.454493
33 0.502054 0.419427 0.969754 0.46299
61 0.502054 0.419427 0.969754 0.46299
32 0.502054 0.419427 0.969754 0.46299
52 0.502054 0.419427 0.969754 0.46299
21 0.502054 0.419427 0.969754 0.46299
60 0.502054 0.419427 0.969754 0.46299
34 0.502054 0.419427 0.969754 0.46299
22 0.502054 0.419427 0.969754 0.46299
69 0.502054 0.419427 0.969754 0.46299
10 0.502054 0.419427 0.969754 0.46299
23 0.502054 0.419427 0.969754 0.46299
59 0.502054 0.419427 0.969754 0.46299
68 0.499712 0.440596 0.968192 0.426411
58 0.502054 0.419427 0.969754 0.46299
72 0.502054 0.419427 0.969754 0.46299
4 0.503226 0.407258 0.976781 0.489631
2 0.503226 0.407258 0.976781 0.489631
54 0.504006 0.415971 0.975219 0.47451
3 0.503226 0.407258 0.976781 0.489631
66 0.504006 0.415971 0.975219 0.47451
7 0.503226 0.407258 0.976781 0.489631
1 0.503226 0.407258 0.976781 0.489631
30 0.503226 0.407258 0.976781 0.489631
31 0.503226 0.407258 0.976781 0.489631
22 0.503226 0.407258 0.976781 0.489631
29 0.503226 0.407258 0.976781 0.489631
8 0.503226 0.407258 0.976781 0.489631
20 0.503226 0.407258 0.976781 0.489631
44 0.503226 0.407258 0.976781 0.489631
39 0.508301 0.393433 0.974438 0.520737
5 0.508301 0.393433 0.974438 0.520737
32 0.503226 0.407258 0.976781 0.489631
45 0.503226 0.407258 0.976781 0.489631
36 0.503226 0.407258 0.976781 0.489631
67 0.503226 0.407258 0.976781 0.489631
28 0.504006 0.415971 0.975219 0.47451
6 0.503226 0.407258 0.976781 0.489631
35 0.503226 0.407258 0.976781 0.489631
57 0.503226 0.407258 0.976781 0.489631
34 0.503226 0.407258 0.976781 0.489631
59 0.503226 0.407258 0.976781 0.489631
56 0.503226 0.407258 0.976781 0.489631
23 0.503226 0.407258 0.976781 0.489631
62 0.503226 0.407258 0.976781 0.489631
52 0.503226 0.407258 0.976781 0.489631
60 0.503226 0.407258 0.976781 0.489631
0 0.504006 0.415971 0.975219 0.47451
68 0.504006 0.415971 0.975219 0.47451
69 0.503226 0.407258 0.976781 0.489631
65 0.503226 0.407258 0.976781 0.489631
10 0.503226 0.407258 0.976781 0.489631
21 0.508301 0.393433 0.974438 0.520737
58 0.508301 0.393433 0.974438 0.520737
61 0.504006 0.415971 0.975219 0.47451
4 0.614099 0.401498 0.71287 0.523041
4 0.450912 0.466302 0.847168 0.364631
33 0.503226 0.407258 0.976781 0.489631
2 0.614099 0.401498 0.71287 0.523041
31 0.614099 0.401498 0.71287 0.523041
22 0.614099 0.401498 0.71287 0.523041
30 0.450912 0.466302 0.847168 0.364631
31 0.450912 0.466302 0.847168 0.364631
66 0.450912 0.466302 0.847168 0.364631
59 0.450912 0.466302 0.847168 0.364631
4 0.498931 0.414459 0.982246 0.467166
66 0.498931 0.414459 0.982246 0.467166
54 0.498931 0.414459 0.982246 0.467166
20 0.498931 0.414459 0.982246 0.467166
2 0.498931 0.414459 0.982246 0.467166
56 0.498931 0.414459 0.982246 0.467166
30 0.49815 0.403154 0.982246 0.487471
44 0.498931 0.414459 0.982246 0.467166
6 0.498931 0.414459 0.982246 0.467166
7 0.498931 0.414459 0.982246 0.467166
1 0.498931 0.414459 0.982246 0.467166
3 0.498931 0.414459 0.982246 0.467166
31 0.49815 0.403154 0.982246 0.487471
32 0.498931 0.414459 0.982246 0.467166
28 0.498931 0.414459 0.982246 0.467166
5 0.498931 0.414459 0.982246 0.467166
57 0.498931 0.414459 0.982246 0.467166
29 0.498931 0.414459 0.982246 0.467166
35 0.498931 0.414459 0.982246 0.467166
39 0.49815 0.403154 0.982246 0.487471
67 0.49815 0.403154 0.982246 0.487471
45 0.49815 0.403154 0.982246 0.487471
60 0.498931 0.414459 0.982246 0.467166
68 0.498931 0.414459 0.982246 0.467166
0 0.498931 0.414459 0.982246 0.467166
22 0.49815 0.403154 0.982246 0.487471
69 0.498931 0.414459 0.982246 0.467166
8 0.498931 0.414459 0.982246 0.467166
36 0.49815 0.403154 0.982246 0.487471
34 0.498931 0.414459 0.982246 0.467166
62 0.49815 0.403154 0.982246 0.487471
23 0.49815 0.403154 0.982246 0.487471
52 0.498931 0.414459 0.982246 0.467166
65 0.498931 0.414459 0.982246 0.467166
10 0.498931 0.414459 0.982246 0.467166
61 0.498931 0.414459 0.982246 0.467166
21 0.506739 0.394513 0.972877 0.504752
59 0.49815 0.403154 0.982246 0.487471
58 0.49815 0.403154 0.982246 0.487471
4 0.657434 0.403226 0.612147 0.512673
33 0.498931 0.414459 0.982246 0.467166
4 0.503616 0.421731 0.972877 0.442252
2 0.503616 0.421731 0.972877 0.442252
3 0.504397 0.416187 0.971315 0.452189
22 0.503616 0.421731 0.972877 0.442252
31 0.503616 0.421731 0.972877 0.442252
68 0.504397 0.416187 0.971315 0.452189
7 0.503616 0.421731 0.972877 0.442252
57 0.504397 0.416187 0.971315 0.452189
1 0.504397 0.416187 0.971315 0.452189
5 0.504397 0.416187 0.971315 0.452189
32 0.504397 0.416187 0.971315 0.452189
58 0.503616 0.421731 0.972877 0.442252
39 0.503616 0.421731 0.972877 0.442252
28 0.504397 0.416187 0.971315 0.452189
52 0.503616 0.421731 0.972877 0.442252
56 0.503616 0.421731 0.972877 0.442252
23 0.503616 0.421731 0.972877 0.442252
59 0.503616 0.421731 0.972877 0.442252
60 0.503616 0.421731 0.972877 0.442252
67 0.503616 0.421731 0.972877 0.442252
54 0.504397 0.416187 0.971315 0.452189
45 0.503616 0.421731 0.972877 0.442252
34 0.504397 0.416187 0.971315 0.452189
66 0.504397 0.416187 0.971315 0.452189
0 0.503616 0.421731 0.972877 0.442252
20 0.503616 0.421731 0.972877 0.442252
69 0.504397 0.416187 0.971315 0.452189
30 0.503616 0.421731 0.972877 0.442252
10 0.504397 0.416187 0.971315 0.452189
6 0.504397 0.416187 0.971315 0.452189
29 0.503616 0.421731 0.972877 0.442252
8 0.503616 0.421731 0.972877 0.442252
62 0.503616 0.421731 0.972877 0.442252
44 0.503616 0.421731 0.972877 0.442252
35 0.503616 0.421731 0.972877 0.442252
36 0.503616 0.421731 0.972877 0.442252
21 0.505958 0.406754 0.971315 0.472206
4 0.612928 0.395449 0.705843 0.49712
61 0.503616 0.421731 0.972877 0.442252
65 0.503616 0.421731 0.972877 0.442252
57 0.612928 0.395449 0.705843 0.49712
2 0.612928 0.395449 0.705843 0.49712
4 0.501274 0.406682 0.971315 0.479263
54 0.502835 0.407834 0.971315 0.474654
44 0.501274 0.406682 0.971315 0.479263
7 0.501274 0.406682 0.971315 0.479263
31 0.501274 0.406682 0.971315 0.479263
39 0.501274 0.406682 0.971315 0.479263
66 0.502835 0.407834 0.971315 0.474654
57 0.502835 0.407834 0.971315 0.474654
3 0.505958 0.395737 0.971315 0.503456
20 0.501274 0.406682 0.971315 0.479263
30 0.501274 0.406682 0.971315 0.479263
29 0.501274 0.406682 0.971315 0.479263
2 0.501274 0.406682 0.971315 0.479263
28 0.502835 0.407834 0.971315 0.474654
56 0.501274 0.406682 0.971315 0.479263
45 0.501274 0.406682 0.971315 0.479263
67 0.501274 0.406682 0.971315 0.479263
35 0.501274 0.406682 0.971315 0.479263
22 0.501274 0.406682 0.971315 0.479263
1 0.501274 0.406682 0.971315 0.479263
32 0.501274 0.406682 0.971315 0.479263
8 0.501274 0.406682 0.971315 0.479263
6 0.501274 0.406682 0.971315 0.479263
68 0.502835 0.407834 0.971315 0.474654
5 0.505958 0.395737 0.971315 0.503456
34 0.501274 0.406682 0.971315 0.479263
23 0.501274 0.406682 0.971315 0.479263
0 0.499712 0.430372 0.971315 0.430732
21 0.501274 0.406682 0.971315 0.479263
59 0.501274 0.406682 0.971315 0.479263
60 0.501274 0.406682 0.971315 0.479263
36 0.501274 0.406682 0.971315 0.479263
58 0.505958 0.395737 0.971315 0.503456
62 0.501274 0.406682 0.971315 0.479263
4 0.414214 0.441316 0.77065 0.408842
52 0.501274 0.406682 0.971315 0.479263
10 0.501274 0.406682 0.971315 0.479263
65 0.501274 0.406682 0.971315 0.479263
69 0.501274 0.406682 0.971315 0.479263
61 0.501274 0.406682 0.971315 0.479263
66 0.414214 0.441316 0.77065 0.408842
4 0.653139 0.411938 0.626982 0.490639
31 0.414214 0.441316 0.77065 0.408842
30 0.414214 0.441316 0.77065 0.408842
57 0.363658 0.43498 0.680467 0.436492
44 0.414214 0.441316 0.77065 0.408842
39 0.414214 0.441316 0.77065 0.408842
4 0.49815 0.399698 0.980685 0.495536
2 0.49815 0.399698 0.980685 0.495536
7 0.49815 0.399698 0.980685 0.495536
54 0.498931 0.400418 0.982246 0.498704
31 0.49815 0.399698 0.980685 0.495536
66 0.498931 0.400418 0.982246 0.498704
30 0.49815 0.399698 0.980685 0.495536
39 0.49815 0.399698 0.980685 0.495536
57 0.49815 0.399698 0.980685 0.495536
3 0.49815 0.399698 0.980685 0.495536
44 0.49815 0.399698 0.980685 0.495536
20 0.49815 0.399698 0.980685 0.495536
6 0.49815 0.399698 0.980685 0.495536
35 0.49815 0.399698 0.980685 0.495536
56 0.49815 0.399698 0.980685 0.495536
29 0.49815 0.399698 0.980685 0.495536
45 0.49815 0.399698 0.980685 0.495536
1 0.49815 0.399698 0.980685 0.495536
5 0.498931 0.400418 0.982246 0.498704
28 0.498931 0.400418 0.982246 0.498704
8 0.49815 0.399698 0.980685 0.495536
67 0.49815 0.399698 0.980685 0.495536
22 0.49815 0.399698 0.980685 0.495536
0 0.49815 0.399698 0.980685 0.495536
32 0.498931 0.400418 0.982246 0.498704
60 0.49815 0.399698 0.980685 0.495536
34 0.49815 0.399698 0.980685 0.495536
68 0.498931 0.400418 0.982246 0.498704
36 0.49815 0.399698 0.980685 0.495536
23 0.49815 0.399698 0.980685 0.495536
21 0.49815 0.399698 0.980685 0.495536
69 0.49815 0.399698 0.980685 0.495536
59 0.49815 0.399698 0.980685 0.495536
62 0.49815 0.399698 0.980685 0.495536
58 0.49815 0.399698 0.980685 0.495536
52 0.49815 0.399698 0.980685 0.495536
65 0.49815 0.399698 0.980685 0.495536
10 0.49815 0.399698 0.980685 0.495536
61 0.49815 0.399698 0.980685 0.495536
4 0.354288 0.441316 0.675002 0.409994
4 0.501664 0.398906 0.979904 0.495968
3 0.50752 0.39869 0.974438 0.4964
7 0.50752 0.39869 0.974438 0.4964
2 0.50752 0.39869 0.974438 0.4964
5 0.502054 0.406682 0.979123 0.483871
1 0.502054 0.406682 0.979123 0.483871
31 0.501664 0.398906 0.979904 0.495968
39 0.50752 0.39869 0.974438 0.4964
56 0.506349 0.39977 0.976781 0.497696
54 0.502054 0.406682 0.979123 0.483871
22 0.501664 0.398906 0.979904 0.495968
0 0.501664 0.398906 0.979904 0.495968
68 0.502054 0.406682 0.979123 0.483871
45 0.50752 0.39869 0.974438 0.4964
32 0.502054 0.406682 0.979123 0.483871
28 0.502054 0.406682 0.979123 0.483871
66 0.506349 0.39977 0.976781 0.497696
20 0.501664 0.398906 0.979904 0.495968
57 0.501664 0.398906 0.979904 0.495968
6 0.506349 0.39977 0.976781 0.497696
30 0.501664 0.398906 0.979904 0.495968
44 0.501664 0.398906 0.979904 0.495968
34 0.501664 0.398906 0.979904 0.495968
8 0.50752 0.39869 0.974438 0.4964
67 0.501664 0.398906 0.979904 0.495968
60 0.501664 0.398906 0.979904 0.495968
58 0.501664 0.398906 0.979904 0.495968
23 0.501664 0.398906 0.979904 0.495968
29 0.501664 0.398906 0.979904 0.495968
35 0.509082 0.401786 0.969754 0.494816
4 0.631667 0.405458 0.676173 0.485167
59 0.501664 0.398906 0.979904 0.495968
21 0.50752 0.39869 0.974438 0.4964
52 0.503616 0.411218 0.972877 0.474798
69 0.501664 0.398906 0.979904 0.495968
10 0.503616 0.411218 0.972877 0.474798
36 0.50752 0.39869 0.974438 0.4964
65 0.509082 0.401786 0.969754 0.494816
4 0.40055 0.454493 0.719898 0.391705
31 0.631667 0.405458 0.676173 0.485167
2 0.631667 0.405458 0.676173 0.485167
5 0.631667 0.405458 0.676173 0.485167
4 0.500102 0.397753 0.98615 0.499424
2 0.500102 0.397753 0.98615 0.499424
3 0.500102 0.397753 0.98615 0.499424
7 0.500493 0.397177 0.988493 0.500576
56 0.500493 0.397177 0.988493 0.500576
1 0.500493 0.397177 0.988493 0.500576
54 0.500493 0.397177 0.988493 0.500576
5 0.500493 0.397177 0.988493 0.500576
57 0.495027 0.411794 0.986931 0.473646
39 0.500102 0.397753 0.98615 0.499424
31 0.500102 0.397753 0.98615 0.499424
0 0.494246 0.406754 0.98537 0.481423
66 0.500493 0.397177 0.988493 0.500576
6 0.500493 0.397177 0.988493 0.500576
8 0.500493 0.397177 0.988493 0.500576
20 0.500102 0.397753 0.98615 0.499424
45 0.500102 0.397753 0.98615 0.499424
22 0.500102 0.397753 0.98615 0.499424
28 0.500493 0.397177 0.988493 0.500576
44 0.500102 0.397753 0.98615 0.499424
32 0.500493 0.397177 0.988493 0.500576
35 0.500102 0.397753 0.98615 0.499424
60 0.500102 0.397753 0.98615 0.499424
34 0.500102 0.397753 0.98615 0.499424
30 0.494246 0.406754 0.98537 0.481423
69 0.500102 0.397753 0.98615 0.499424
29 0.500102 0.397753 0.98615 0.499424
68 0.501274 0.400346 0.982246 0.493088
67 0.500102 0.397753 0.98615 0.499424
23 0.500102 0.397753 0.98615 0.499424
2 0.384544 0.428643 0.737856 0.444556
21 0.500102 0.397753 0.98615 0.499424
58 0.500102 0.397753 0.98615 0.499424
10 0.501274 0.400346 0.982246 0.493088
4 0.384544 0.428643 0.737856 0.444556
52 0.500102 0.397753 0.98615 0.499424
39 0.384544 0.428643 0.737856 0.444556
7 0.384544 0.428643 0.737856 0.444556
59 0.494246 0.406754 0.98537 0.481423
5 0.384544 0.428643 0.737856 0.444556
62 0.500102 0.397753 0.98615 0.499424
56 0.384544 0.428643 0.737856 0.444556
4 0.49776 0.411578 0.978342 0.46371
2 0.49776 0.411578 0.978342 0.46371
3 0.49776 0.411578 0.978342 0.46371
7 0.504397 0.395449 0.974438 0.493664
56 0.498931 0.395089 0.979123 0.496688
1 0.49776 0.411578 0.978342 0.46371
57 0.49776 0.411578 0.978342 0.46371
31 0.49776 0.411578 0.978342 0.46371
5 0.504397 0.395449 0.974438 0.493664
39 0.505568 0.395161 0.972096 0.496544
0 0.496979 0.411938 0.978342 0.46299
54 0.499712 0.39977 0.980685 0.483871
20 0.504397 0.395449 0.974438 0.493664
66 0.504397 0.395449 0.974438 0.493664
44 0.498931 0.395089 0.979123 0.496688
45 0.505568 0.395161 0.972096 0.496544
6 0.504397 0.395449 0.974438 0.493664
8 0.500883 0.399482 0.975219 0.483295
68 0.49776 0.411578 0.978342 0.46371
28 0.500883 0.399482 0.975219 0.483295
32 0.49776 0.411578 0.978342 0.46371
22 0.505568 0.395161 0.972096 0.496544
4 0.619565 0.396241 0.698816 0.505904
29 0.498931 0.395089 0.979123 0.496688
30 0.496979 0.411938 0.978342 0.46299
35 0.506739 0.394297 0.96663 0.492512
60 0.49776 0.411578 0.978342 0.46371
4 0.362291 0.426267 0.69335 0.43894
34 0.500883 0.399482 0.975219 0.483295
58 0.496198 0.40697 0.972096 0.468318
67 0.498931 0.395089 0.979123 0.496688
2 0.619565 0.396241 0.698816 0.505904
7 0.378005 0.411578 0.729072 0.477535
21 0.505568 0.395161 0.972096 0.496544
59 0.498931 0.395089 0.979123 0.496688
23 0.505568 0.395161 0.972096 0.496544
5 0.378005 0.411578 0.729072 0.477535
31 0.619565 0.396241 0.698816 0.505904
65 0.500883 0.399482 0.975219 0.483295
10 0.500883 0.399482 0.975219 0.483295
4 0.501274 0.399482 0.980685 0.493664
2 0.501274 0.400634 0.977562 0.492512
3 0.496979 0.414746 0.979904 0.464286
1 0.501274 0.399482 0.980685 0.493664
56 0.501274 0.399482 0.980685 0.493664
5 0.501274 0.400634 0.977562 0.492512
7 0.506739 0.400346 0.974438 0.491935
0 0.500493 0.398618 0.980685 0.495392
39 0.506739 0.400346 0.974438 0.491935
31 0.500493 0.398618 0.980685 0.495392
8 0.501274 0.400634 0.977562 0.492512
54 0.501274 0.399482 0.980685 0.493664
57 0.496979 0.414746 0.979904 0.464286
28 0.501274 0.400634 0.977562 0.492512
6 0.50713 0.395233 0.972096 0.50216
20 0.501274 0.400634 0.977562 0.492512
32 0.496979 0.414746 0.979904 0.464286
66 0.50713 0.395233 0.972096 0.50216
45 0.506739 0.400346 0.974438 0.491935
60 0.496979 0.414746 0.979904 0.464286
22 0.500493 0.398618 0.980685 0.495392
68 0.496979 0.414746 0.979904 0.464286
44 0.500493 0.398618 0.980685 0.495392
4 0.627373 0.396889 0.686323 0.50576
2 0.627373 0.396889 0.686323 0.50576
30 0.500493 0.398618 0.980685 0.495392
35 0.50713 0.395233 0.972096 0.50216
10 0.501274 0.400634 0.977562 0.492512
58 0.495027 0.411866 0.974438 0.467742
69 0.501274 0.400634 0.977562 0.492512
34 0.501274 0.400634 0.977562 0.492512
67 0.500493 0.398618 0.980685 0.495392
5 0.627373 0.396889 0.686323 0.50576
4 0.496589 0.411794 0.982246 0.472494
2 0.50752 0.398041 0.980685 0.498848
3 0.50752 0.398041 0.980685 0.498848
5 0.50752 0.398041 0.980685 0.498848
1 0.496979 0.414459 0.983027 0.468318
56 0.502835 0.399482 0.983808 0.49712
0 0.496589 0.411794 0.982246 0.472494
57 0.496589 0.411794 0.982246 0.472494
7 0.50752 0.398041 0.980685 0.498848
28 0.503616 0.400058 0.983808 0.49712
39 0.50752 0.398041 0.980685 0.498848
54 0.502835 0.399482 0.983808 0.49712
8 0.50752 0.398041 0.980685 0.498848
31 0.502835 0.399482 0.983808 0.49712
32 0.496589 0.411794 0.982246 0.472494
68 0.496979 0.414459 0.983027 0.468318
6 0.505958 0.396817 0.983808 0.502448
66 0.50752 0.398041 0.980685 0.498848
22 0.50752 0.398041 0.980685 0.498848
20 0.50752 0.398041 0.980685 0.498848
45 0.50752 0.398041 0.980685 0.498848
58 0.496979 0.414459 0.983027 0.468318
60 0.496589 0.411794 0.982246 0.472494
44 0.502835 0.399482 0.983808 0.49712
34 0.50752 0.398041 0.980685 0.498848
2 0.383275 0.429435 0.721654 0.438364
4 0.636742 0.400922 0.669146 0.50576
4 0.409042 0.459677 0.766941 0.379032
4 0.60473 0.458237 0.676954 0.371544
5 0.383275 0.429435 0.721654 0.438364
29 0.496589 0.411794 0.982246 0.472494
69 0.504397 0.403298 0.977562 0.484879
30 0.496589 0.411794 0.982246 0.472494
10 0.504397 0.403298 0.977562 0.484879
2 0.636742 0.400922 0.669146 0.50576
23 0.50752 0.398041 0.980685 0.498848
4 0.500493 0.403226 0.982246 0.488479
3 0.500493 0.403226 0.982246 0.488479
1 0.500493 0.403226 0.982246 0.488479
2 0.496589 0.414819 0.980685 0.467598
0 0.500493 0.403226 0.982246 0.488479
5 0.504397 0.397753 0.977562 0.498272
7 0.500493 0.403226 0.982246 0.488479
28 0.500493 0.403226 0.982246 0.488479
56 0.500493 0.403226 0.982246 0.488479
68 0.500493 0.403226 0.982246 0.488479
57 0.496589 0.414819 0.980685 0.467598
31 0.500493 0.403226 0.982246 0.488479
54 0.500493 0.403226 0.982246 0.488479
22 0.500493 0.403226 0.982246 0.488479
39 0.500493 0.403226 0.982246 0.488479
58 0.496589 0.414819 0.980685 0.467598
32 0.496589 0.414819 0.980685 0.467598
4 0.621517 0.394657 0.694912 0.510225
8 0.504397 0.397753 0.977562 0.498272
20 0.504397 0.397753 0.977562 0.498272
34 0.504397 0.397753 0.977562 0.498272
60 0.496589 0.414819 0.980685 0.467598
45 0.504397 0.397753 0.977562 0.498272
59 0.496589 0.414819 0.980685 0.467598
67 0.500493 0.403226 0.982246 0.488479
23 0.500493 0.403226 0.982246 0.488479
66 0.504397 0.397753 0.977562 0.498272
6 0.496198 0.413306 0.981466 0.47523
29 0.496589 0.414819 0.980685 0.467598
30 0.496589 0.414819 0.980685 0.467598
44 0.500493 0.403226 0.982246 0.488479
4 0.414995 0.449309 0.778458 0.407834
5 0.621517 0.394657 0.694912 0.510225
69 0.496589 0.414819 0.980685 0.467598
4 0.49737 0.419283 0.980685 0.460974
2 0.504397 0.397753 0.976 0.50288
3 0.49737 0.419283 0.980685 0.460974
1 0.49737 0.419283 0.980685 0.460974
5 0.504397 0.397753 0.976 0.50288
0 0.49737 0.417051 0.979123 0.463134
57 0.49737 0.417051 0.979123 0.463134
56 0.504397 0.397753 0.976 0.50288
7 0.504397 0.397753 0.976 0.50288
28 0.503616 0.398546 0.979123 0.504752
22 0.504397 0.397753 0.976 0.50288
39 0.504397 0.397753 0.976 0.50288
54 0.504397 0.397753 0.976 0.50288
68 0.49737 0.419283 0.980685 0.460974
8 0.504397 0.397753 0.976 0.50288
31 0.49737 0.419283 0.980685 0.460974
34 0.503616 0.398546 0.979123 0.504752
45 0.504397 0.397753 0.976 0.50288
32 0.49737 0.417051 0.979123 0.463134
4 0.426707 0.459677 0.808128 0.400922
58 0.49737 0.417051 0.979123 0.463134
20 0.504397 0.397753 0.976 0.50288
66 0.504397 0.397753 0.976 0.50288
4 0.660459 0.409562 0.601411 0.516129
6 0.503616 0.398546 0.979123 0.504752
60 0.504397 0.397753 0.976 0.50288
2 0.352922 0.433756 0.648064 0.443548
29 0.49737 0.417051 0.979123 0.463134
4 0.493075 0.413522 0.975219 0.467886
3 0.498931 0.400346 0.979123 0.491935
0 0.493466 0.413594 0.976 0.46659
1 0.498931 0.400346 0.979123 0.491935
5 0.498931 0.397753 0.980685 0.498272
28 0.498931 0.400346 0.979123 0.491935
54 0.498931 0.400346 0.979123 0.491935
7 0.501664 0.395233 0.978342 0.504464
68 0.493075 0.413522 0.975219 0.467886
56 0.493466 0.413594 0.976 0.46659
2 0.501664 0.395233 0.978342 0.504464
57 0.493075 0.413522 0.975219 0.467886
31 0.498931 0.400346 0.979123 0.491935
32 0.493466 0.413594 0.976 0.46659
39 0.501664 0.395233 0.978342 0.504464
4 0.689056 0.40121 0.550464 0.516705
22 0.501664 0.395233 0.978342 0.504464
8 0.501664 0.395233 0.978342 0.504464
20 0.501664 0.395233 0.978342 0.504464
6 0.499712 0.394297 0.980685 0.506336
45 0.501664 0.395233 0.978342 0.504464
4 0.320518 0.402362 0.597312 0.464862
58 0.493466 0.413594 0.976 0.46659
66 0.501664 0.395233 0.978342 0.504464
30 0.498931 0.400346 0.979123 0.491935
4 0.499712 0.397537 0.982246 0.50216
2 0.504397 0.396961 0.977562 0.50216
3 0.499712 0.397537 0.982246 0.50216
5 0.502054 0.398329 0.982246 0.501728
0 0.504397 0.396961 0.977562 0.50216
1 0.500493 0.402002 0.982246 0.49784
28 0.499712 0.397537 0.982246 0.50216
57 0.499712 0.397537 0.982246 0.50216
56 0.499712 0.397537 0.982246 0.50216
7 0.504397 0.396961 0.977562 0.50216
68 0.499712 0.397537 0.982246 0.50216
31 0.504397 0.396961 0.977562 0.50216
8 0.500493 0.402002 0.982246 0.49784
54 0.504397 0.396961 0.977562 0.50216
22 0.504397 0.396961 0.977562 0.50216
45 0.504397 0.396961 0.977562 0.50216
39 0.504397 0.396961 0.977562 0.50216
4 0.655091 0.402074 0.623078 0.488479
34 0.504397 0.396961 0.977562 0.50216
32 0.496979 0.402074 0.983027 0.493088
5 0.655091 0.402074 0.623078 0.488479
20 0.504397 0.396961 0.977562 0.50216
6 0.500493 0.402002 0.982246 0.49784
4 0.49815 0.400058 0.991616 0.495968
5 0.501274 0.395809 0.98537 0.504464
3 0.495027 0.413882 0.990054 0.470622
1 0.502445 0.395089 0.981466 0.505904
0 0.502445 0.395089 0.981466 0.505904
57 0.495027 0.413882 0.990054 0.470622
28 0.501274 0.395809 0.98537 0.504464
2 0.502445 0.395089 0.981466 0.505904
7 0.502445 0.395089 0.981466 0.505904
54 0.49815 0.397969 0.990054 0.500144
4 0.629325 0.406034 0.679296 0.484015
56 0.49815 0.397969 0.990054 0.500144
68 0.495027 0.413882 0.990054 0.470622
31 0.495027 0.413882 0.990054 0.470622
8 0.502445 0.395089 0.981466 0.505904
5 0.629325 0.406034 0.679296 0.484015
32 0.494246 0.40661 0.988493 0.484015
4 0.406797 0.477535 0.765184 0.388249
22 0.495027 0.413882 0.990054 0.470622
45 0.494246 0.40661 0.988493 0.484015
0 0.629325 0.406034 0.679296 0.484015
6 0.495027 0.413882 0.990054 0.470622
39 0.502445 0.395089 0.981466 0.505904
4 0.493466 0.412442 0.983808 0.474654
5 0.499712 0.394873 0.986931 0.509793
3 0.49815 0.398329 0.98537 0.498272
0 0.502054 0.393721 0.983808 0.508641
1 0.493466 0.412442 0.983808 0.474654
2 0.502054 0.393721 0.983808 0.508641
28 0.49815 0.398329 0.98537 0.498272
57 0.493466 0.41129 0.983808 0.473502
56 0.49815 0.398329 0.98537 0.498272
7 0.502054 0.393721 0.983808 0.508641
54 0.502054 0.393721 0.983808 0.508641
31 0.502054 0.393721 0.983808 0.508641
68 0.49815 0.398329 0.98537 0.498272
8 0.502054 0.393721 0.983808 0.508641
22 0.502054 0.393721 0.983808 0.508641
39 0.502054 0.393721 0.983808 0.508641
32 0.493466 0.41129 0.983808 0.473502
4 0.408358 0.464286 0.757376 0.376728
20 0.502054 0.393721 0.983808 0.508641
45 0.493466 0.41129 0.983808 0.473502
66 0.502054 0.393721 0.983808 0.508641
4 0.638304 0.404882 0.651968 0.501296
34 0.499712 0.394873 0.986931 0.509793
4 0.506349 0.393145 0.979904 0.510945
0 0.506349 0.393145 0.979904 0.510945
5 0.505178 0.394873 0.980685 0.509793
1 0.506349 0.393145 0.979904 0.510945
3 0.506349 0.393145 0.979904 0.510945
2 0.506349 0.393145 0.979904 0.510945
28 0.505178 0.394873 0.980685 0.509793
57 0.502054 0.395449 0.98537 0.508641
7 0.506349 0.393145 0.979904 0.510945
56 0.506349 0.393145 0.979904 0.510945
54 0.506349 0.393145 0.979904 0.510945
31 0.506349 0.393145 0.979904 0.510945
4 0.621517 0.412946 0.69335 0.473646
8 0.506349 0.393145 0.979904 0.510945
68 0.506349 0.393145 0.979904 0.510945
5 0.621517 0.412946 0.69335 0.473646
0 0.621517 0.412946 0.69335 0.473646
32 0.506349 0.393145 0.979904 0.510945
22 0.506349 0.393145 0.979904 0.510945
39 0.506349 0.393145 0.979904 0.510945
4 0.498931 0.410138 0.98537 0.470046
3 0.503616 0.396961 0.98537 0.495248
5 0.501664 0.398041 0.98615 0.491935
0 0.503616 0.396961 0.98537 0.495248
1 0.503616 0.396961 0.98537 0.495248
2 0.503616 0.396961 0.98537 0.495248
7 0.503616 0.396961 0.98537 0.495248
28 0.502054 0.402578 0.98537 0.482863
57 0.498931 0.410138 0.98537 0.470046
68 0.499322 0.414747 0.98615 0.459677
4 0.395085 0.475518 0.737075 0.339286
22 0.499322 0.414747 0.98615 0.459677
31 0.499322 0.414747 0.98615 0.459677
56 0.499322 0.414747 0.98615 0.459677
54 0.503616 0.396961 0.98537 0.495248
4 0.32247 0.432604 0.612147 0.423963
34 0.502445 0.394297 0.98615 0.500576
8 0.503616 0.396961 0.98537 0.495248
4 0.496198 0.408122 0.968973 0.478687
5 0.500883 0.393505 0.975219 0.507921
1 0.496198 0.408122 0.968973 0.478687
3 0.496198 0.408122 0.968973 0.478687
0 0.502835 0.392785 0.974438 0.509361
28 0.500883 0.393505 0.975219 0.507921
54 0.502835 0.392785 0.974438 0.509361
57 0.496198 0.408122 0.968973 0.478687
68 0.496198 0.408122 0.968973 0.478687
2 0.502054 0.399122 0.974438 0.505904
56 0.496589 0.405458 0.971315 0.485167
31 0.496198 0.408122 0.968973 0.478687
7 0.502445 0.396889 0.975219 0.510369
8 0.502835 0.392785 0.974438 0.509361
22 0.502835 0.392785 0.974438 0.509361
4 0.345504 0.419643 0.643379 0.462558
32 0.496198 0.408122 0.968973 0.478687
4 0.622981 0.39977 0.679491 0.512673
34 0.502445 0.396889 0.975219 0.510369
5 0.622981 0.39977 0.679491 0.512673
39 0.502835 0.392785 0.974438 0.509361
4 0.499712 0.391993 0.986931 0.517857
5 0.502835 0.395449 0.983808 0.513249
0 0.503226 0.393361 0.983027 0.512817
3 0.496198 0.395233 0.987712 0.519441
1 0.500493 0.393433 0.988493 0.518433
54 0.503226 0.393361 0.983027 0.512817
28 0.502835 0.395449 0.983808 0.513249
31 0.499712 0.391993 0.986931 0.517857
7 0.503226 0.393361 0.983027 0.512817
4 0.613709 0.406754 0.708966 0.498704
57 0.496198 0.395233 0.987712 0.519441
68 0.502835 0.395449 0.983808 0.513249
8 0.503226 0.393361 0.983027 0.512817
56 0.503226 0.393361 0.983027 0.512817
2 0.501274 0.396385 0.980685 0.518289
5 0.613709 0.406754 0.708966 0.498704
4 0.397525 0.503168 0.73688 0.315092
22 0.496198 0.395233 0.987712 0.519441
32 0.503226 0.393361 0.983027 0.512817
4 0.495027 0.418779 0.980685 0.464286
5 0.502054 0.399482 0.979123 0.501728
0 0.502445 0.397393 0.976781 0.502448
3 0.495027 0.418779 0.980685 0.464286
1 0.502054 0.399482 0.979123 0.501728
28 0.502054 0.399482 0.979123 0.501728
68 0.502054 0.399482 0.979123 0.501728
54 0.502054 0.399482 0.979123 0.501728
57 0.495027 0.418779 0.980685 0.464286
56 0.494246 0.417555 0.979123 0.463278
31 0.494246 0.417555 0.979123 0.463278
7 0.503616 0.400058 0.976 0.504032
2 0.499712 0.406754 0.979123 0.492943
4 0.617613 0.398617 0.698035 0.510369
22 0.502445 0.397393 0.976781 0.502448
32 0.495027 0.418779 0.980685 0.464286
4 0.367757 0.425619 0.699597 0.44254
8 0.502445 0.397393 0.976781 0.502448
4 0.496589 0.419859 0.980685 0.459821
3 0.496589 0.417051 0.979123 0.467742
5 0.499712 0.395737 0.980685 0.510369
0 0.501664 0.396601 0.978342 0.506336
1 0.496589 0.417051 0.979123 0.467742
57 0.496589 0.417051 0.979123 0.467742
28 0.496589 0.419859 0.980685 0.459821
54 0.501664 0.396601 0.978342 0.506336
4 0.363267 0.452765 0.679686 0.414747
7 0.501664 0.396601 0.978342 0.506336
68 0.499322 0.402722 0.983027 0.494096
31 0.496589 0.417051 0.979123 0.467742
4 0.653627 0.406106 0.613514 0.514977
22 0.501664 0.396601 0.978342 0.506336
56 0.496589 0.419859 0.980685 0.459821
2 0.496589 0.417051 0.979123 0.467742
4 0.504787 0.394297 0.973658 0.510945
5 0.502445 0.394873 0.975219 0.514401
0 0.504787 0.394297 0.973658 0.510945
54 0.504787 0.394297 0.973658 0.510945
1 0.503616 0.395449 0.974438 0.510945
28 0.502445 0.394873 0.975219 0.514401
3 0.496198 0.404882 0.978342 0.496688
57 0.496198 0.404882 0.978342 0.496688
68 0.496198 0.404882 0.978342 0.496688
8 0.504787 0.394297 0.973658 0.510945
56 0.504787 0.394297 0.973658 0.510945
7 0.504787 0.394297 0.973658 0.510945
2 0.501274 0.397753 0.979123 0.506336
5 0.715994 0.399698 0.488781 0.507056
31 0.504787 0.394297 0.973658 0.510945
22 0.496198 0.404882 0.978342 0.496688
4 0.715994 0.399698 0.488781 0.507056
4 0.492685 0.410426 0.979123 0.480991
5 0.493856 0.395449 0.979904 0.508641
0 0.496198 0.393433 0.978342 0.510369
1 0.496198 0.393433 0.978342 0.510369
28 0.493856 0.395449 0.979904 0.508641
54 0.496198 0.393433 0.978342 0.510369
3 0.492685 0.410426 0.979123 0.480991
31 0.492685 0.410426 0.979123 0.480991
7 0.49776 0.397177 0.975219 0.506336
57 0.492685 0.410426 0.979123 0.480991
68 0.492685 0.410426 0.979123 0.480991
8 0.496198 0.393433 0.978342 0.510369
4 0.667194 0.405242 0.592627 0.50288
22 0.492685 0.410426 0.979123 0.480991
5 0.667194 0.405242 0.592627 0.50288
32 0.492685 0.410426 0.979123 0.480991
56 0.492685 0.410426 0.979123 0.480991
4 0.493466 0.39977 0.983808 0.495392
5 0.502835 0.395449 0.983808 0.506336
0 0.502835 0.395161 0.982246 0.509217
3 0.493466 0.39977 0.983808 0.495392
28 0.502835 0.395449 0.983808 0.506336
1 0.502835 0.395449 0.983808 0.506336
54 0.502835 0.395161 0.982246 0.509217
68 0.502835 0.395449 0.983808 0.506336
7 0.502835 0.395161 0.982246 0.509217
22 0.502835 0.395161 0.982246 0.509217
57 0.493466 0.39977 0.983808 0.495392
5 0.641427 0.404378 0.651968 0.504608
4 0.641427 0.404378 0.651968 0.504608
31 0.492294 0.397177 0.983027 0.50288
4 0.503616 0.393145 0.979123 0.516705
5 0.502054 0.392857 0.979123 0.516129
0 0.503616 0.393145 0.979123 0.516705
1 0.503616 0.393145 0.979123 0.516705
54 0.503616 0.393145 0.979123 0.516705
28 0.502054 0.392857 0.979123 0.516129
3 0.498931 0.396313 0.979123 0.510369
31 0.49815 0.392857 0.980685 0.518433
68 0.498931 0.396313 0.979123 0.510369
57 0.49815 0.392857 0.980685 0.518433
56 0.503616 0.393145 0.979123 0.516705
8 0.503616 0.393145 0.979123 0.516705
2 0.503616 0.393145 0.979123 0.516705
20 0.503616 0.393145 0.979123 0.516705
22 0.49815 0.392857 0.980685 0.518433
7 0.503616 0.393145 0.979123 0.516705
4 0.653139 0.399266 0.623859 0.519441
5 0.653139 0.399266 0.623859 0.519441
4 0.496198 0.406682 0.990835 0.493088
5 0.502054 0.400346 0.986931 0.504608
0 0.502835 0.397969 0.986931 0.509361
28 0.502054 0.400346 0.986931 0.504608
1 0.502054 0.400346 0.986931 0.504608
3 0.496589 0.41129 0.990054 0.488479
54 0.510253 0.39977 0.96585 0.50576
57 0.499322 0.400274 0.992397 0.505904
31 0.496198 0.406682 0.990835 0.493088
68 0.496589 0.41129 0.990054 0.488479
56 0.496198 0.406682 0.990835 0.493088
8 0.502835 0.397969 0.986931 0.509361
4 0.491904 0.405818 0.980685 0.485599
5 0.49815 0.395449 0.971315 0.504032
0 0.500102 0.395161 0.975219 0.504608
54 0.500102 0.395161 0.975219 0.504608
3 0.491904 0.405818 0.980685 0.485599
1 0.500102 0.395161 0.975219 0.504608
31 0.491904 0.405818 0.980685 0.485599
68 0.491904 0.405818 0.980685 0.485599
28 0.500102 0.395161 0.975219 0.504608
57 0.491904 0.405818 0.980685 0.485599
4 0.395085 0.50288 0.750349 0.300691
7 0.500883 0.396241 0.972096 0.49784
4 0.608634 0.419931 0.708186 0.471198
4 0.495027 0.397393 0.983808 0.505904
5 0.502054 0.398329 0.976 0.501728
0 0.503616 0.396241 0.976 0.505904
1 0.503616 0.396241 0.976 0.505904
28 0.502054 0.398329 0.976 0.501728
3 0.503616 0.396241 0.976 0.505904
57 0.503616 0.396241 0.976 0.505904
54 0.495027 0.397393 0.983808 0.505904
31 0.495027 0.397393 0.983808 0.505904
68 0.495027 0.397393 0.983808 0.505904
4 0.649626 0.427131 0.62464 0.454493
5 0.700378 0.400346 0.518451 0.485023
7 0.498931 0.400058 0.982246 0.500576
8 0.503616 0.396241 0.976 0.505904
4 0.557882 0.453341 0.764403 0.41129
4 0.496198 0.395161 0.981466 0.513825
5 0.500493 0.396025 0.972877 0.506336
0 0.501274 0.393145 0.974438 0.509793
1 0.501274 0.393145 0.974438 0.509793
28 0.500493 0.396025 0.972877 0.506336
54 0.501274 0.393145 0.974438 0.509793
3 0.496198 0.395161 0.981466 0.513825
5 0.655774 0.399194 0.626397 0.496544
68 0.496198 0.395161 0.981466 0.513825
4 0.598093 0.411866 0.737075 0.475806
57 0.496198 0.395161 0.981466 0.513825
31 0.496198 0.395161 0.981466 0.513825
22 0.496198 0.395161 0.981466 0.513825
8 0.501664 0.398618 0.972096 0.504608
4 0.500883 0.393145 0.987712 0.514401
5 0.505958 0.394009 0.965069 0.511521
0 0.505958 0.394009 0.965069 0.511521
1 0.505958 0.394009 0.965069 0.511521
28 0.505958 0.394009 0.965069 0.511521
54 0.504397 0.391633 0.977562 0.513969
3 0.498931 0.391057 0.988493 0.522033
5 0.602875 0.420507 0.725949 0.457373
4 0.602875 0.420507 0.725949 0.457373
31 0.498931 0.391057 0.988493 0.522033
68 0.498931 0.391057 0.988493 0.522033
8 0.504397 0.396889 0.977562 0.508065
57 0.498931 0.391057 0.988493 0.522033
4 0.502835 0.398906 0.968192 0.507488
5 0.500493 0.400346 0.96663 0.504608
0 0.503616 0.398906 0.957261 0.509793
54 0.502835 0.398906 0.968192 0.507488
1 0.502835 0.398906 0.968192 0.507488
28 0.502835 0.398906 0.968192 0.507488
31 0.496589 0.403874 0.976 0.504464
8 0.502054 0.401786 0.969754 0.50288
5 0.49815 0.397753 0.968192 0.507488
4 0.499322 0.396817 0.968973 0.508209
1 0.499322 0.396817 0.968973 0.508209
0 0.499322 0.396817 0.968973 0.508209
3 0.499322 0.396817 0.968973 0.508209
28 0.499322 0.396817 0.968973 0.508209
5 0.657043 0.404954 0.611366 0.508065
57 0.495027 0.404306 0.977562 0.494384
68 0.499322 0.396817 0.968973 0.508209
54 0.499322 0.396817 0.968973 0.508209
4 0.491514 0.399698 0.975219 0.507056
5 0.498931 0.395161 0.969754 0.511521
0 0.498931 0.395161 0.969754 0.511521
1 0.498931 0.395161 0.969754 0.511521
28 0.498931 0.395161 0.969754 0.511521
3 0.498931 0.395161 0.969754 0.511521
54 0.498931 0.395161 0.969754 0.511521
7 0.498931 0.395161 0.969754 0.511521
8 0.498931 0.395161 0.969754 0.511521
31 0.491514 0.399698 0.975219 0.507056
5 0.502054 0.394873 0.972877 0.514401
4 0.498541 0.397177 0.981466 0.512097
0 0.503616 0.393505 0.974438 0.514833
1 0.503616 0.393505 0.974438 0.514833
3 0.503616 0.393505 0.974438 0.514833
28 0.503616 0.393505 0.974438 0.514833
57 0.503616 0.393505 0.974438 0.514833
2 0.503616 0.393505 0.974438 0.514833
8 0.503616 0.393505 0.974438 0.514833
7 0.503616 0.393505 0.974438 0.514833
56 0.503616 0.393505 0.974438 0.514833
54 0.503616 0.393505 0.974438 0.514833
5 0.504397 0.393721 0.974438 0.515553
4 0.505178 0.391633 0.976 0.513969
0 0.506349 0.393721 0.967411 0.514401
1 0.505178 0.391633 0.976 0.513969
54 0.505178 0.391633 0.976 0.513969
28 0.505178 0.391633 0.976 0.513969
3 0.505178 0.391633 0.976 0.513969
5 0.609122 0.430012 0.725949 0.448733
7 0.505178 0.391633 0.976 0.513969
57 0.505178 0.391633 0.976 0.513969
68 0.505178 0.391633 0.976 0.513969
5 0.503616 0.394873 0.976 0.514401
4 0.496589 0.406682 0.982246 0.49424
0 0.503616 0.394873 0.976 0.514401
1 0.504397 0.394081 0.974438 0.511377
3 0.504397 0.394081 0.974438 0.511377
28 0.504397 0.394081 0.974438 0.511377
54 0.500102 0.397393 0.983027 0.505904
7 0.504397 0.394081 0.974438 0.511377
5 0.669926 0.399482 0.602778 0.514401
8 0.504397 0.394081 0.974438 0.511377
57 0.504397 0.394081 0.974438 0.511377
5 0.503226 0.396025 0.973657 0.50288
4 0.491123 0.405242 0.974438 0.492512
1 0.503226 0.396025 0.973657 0.50288
0 0.503226 0.396025 0.973657 0.50288
3 0.503226 0.396025 0.973657 0.50288
28 0.503226 0.396025 0.973657 0.50288
5 0.662899 0.40265 0.619955 0.496544
2 0.503226 0.396025 0.973657 0.50288
54 0.503226 0.396025 0.973657 0.50288
8 0.503226 0.400346 0.976781 0.496544
7 0.499322 0.404954 0.983027 0.489631
5 0.502835 0.396025 0.976 0.514401
4 0.496198 0.395161 0.984589 0.520737
1 0.505958 0.397177 0.965069 0.515553
0 0.505958 0.397177 0.965069 0.515553
28 0.502835 0.396025 0.976 0.514401
5 0.647381 0.40697 0.650992 0.514401
3 0.502835 0.398906 0.976 0.513249
54 0.502835 0.396025 0.976 0.514401
8 0.502835 0.396025 0.976 0.514401
4 0.600826 0.415395 0.736294 0.488335
5 0.50713 0.393721 0.968973 0.507488
4 0.498541 0.398906 0.98615 0.499424
0 0.50713 0.393721 0.968973 0.507488
54 0.505178 0.394873 0.979123 0.504032
1 0.50713 0.393721 0.968973 0.507488
28 0.505178 0.394873 0.979123 0.504032
3 0.508301 0.395665 0.96663 0.5036
8 0.505178 0.394873 0.979123 0.504032
5 0.59741 0.420435 0.74625 0.462126
5 0.496589 0.392785 0.965069 0.513969
4 0.495808 0.395665 0.980685 0.511665
0 0.503616 0.391993 0.963507 0.515553
28 0.498931 0.391417 0.969754 0.513249
1 0.498931 0.391417 0.969754 0.513249
5 0.680858 0.398546 0.57623 0.513969
54 0.498931 0.391417 0.969754 0.513249
3 0.498931 0.391417 0.969754 0.513249
57 0.498931 0.391417 0.969754 0.513249
5 0.503616 0.395737 0.969754 0.504608
4 0.495027 0.400418 0.974438 0.501008
0 0.503616 0.395737 0.969754 0.504608
1 0.503616 0.395737 0.969754 0.504608
28 0.503616 0.395737 0.969754 0.504608
3 0.503616 0.395737 0.969754 0.504608
5 0.623469 0.416979 0.686323 0.477102
54 0.503616 0.395737 0.969754 0.504608
8 0.502835 0.397537 0.971315 0.50216
5 0.49776 0.398041 0.979904 0.501152
4 0.493075 0.403802 0.984589 0.498848
0 0.505178 0.398041 0.96663 0.50576
1 0.49776 0.398041 0.979904 0.501152
28 0.49776 0.398041 0.979904 0.501152
3 0.49776 0.398041 0.979904 0.501152
5 0.657434 0.406106 0.630886 0.503456
8 0.49776 0.398041 0.979904 0.501152
5 0.500493 0.396385 0.977562 0.504464
4 0.499712 0.394873 0.983808 0.505184
0 0.505568 0.395449 0.967411 0.506336
1 0.502054 0.395233 0.979123 0.504464
54 0.502054 0.395233 0.979123 0.504464
28 0.502054 0.395233 0.979123 0.504464
5 0.665632 0.402722 0.608243 0.50216
3 0.502054 0.395233 0.979123 0.504464
8 0.502054 0.395233 0.979123 0.504464
5 0.49815 0.394009 0.968192 0.509217
4 0.49815 0.394009 0.968192 0.509217
0 0.502835 0.394297 0.961946 0.515553
1 0.49815 0.394009 0.968192 0.509217
54 0.49815 0.394009 0.968192 0.509217
28 0.49815 0.394009 0.968192 0.509217
8 0.49815 0.394009 0.968192 0.509217
5 0.612245 0.412442 0.704086 0.496544
5 0.716774 0.399482 0.496589 0.513249
3 0.49815 0.394009 0.968192 0.509217
5 0.502054 0.398546 0.977562 0.502448
4 0.498931 0.400994 0.988493 0.498704
1 0.505178 0.398113 0.96663 0.503312
0 0.504397 0.399266 0.968192 0.507921
3 0.505178 0.398113 0.96663 0.503312
5 0.665632 0.408698 0.61449 0.508641
28 0.505178 0.398113 0.96663 0.503312
5 0.502054 0.399266 0.976 0.499856
4 0.49815 0.40445 0.986931 0.4964
1 0.502054 0.399266 0.976 0.499856
0 0.502054 0.399266 0.976 0.499856
28 0.502054 0.399266 0.976 0.499856
5 0.71287 0.405242 0.513766 0.505184
8 0.502054 0.399194 0.977562 0.503456
54 0.49815 0.40445 0.986931 0.4964
3 0.500493 0.402938 0.982246 0.498272
5 0.502835 0.395161 0.974438 0.514977
4 0.502835 0.395161 0.974438 0.514977
1 0.502835 0.395161 0.974438 0.514977
0 0.502835 0.395161 0.974438 0.514977
28 0.502835 0.395161 0.974438 0.514977
5 0.643379 0.404378 0.648064 0.511521
54 0.501274 0.396313 0.980685 0.514977
8 0.502835 0.395161 0.974438 0.514977
20 0.502835 0.395161 0.974438 0.514977
5 0.502835 0.396889 0.974438 0.502304
4 0.498931 0.397465 0.980685 0.508064
1 0.502835 0.396889 0.974438 0.502304
0 0.502835 0.396889 0.974438 0.502304
28 0.502835 0.396889 0.974438 0.502304
5 0.667486 0.40373 0.601411 0.501296
3 0.502835 0.396889 0.974438 0.502304
54 0.502835 0.396889 0.974438 0.502304
23 0.502054 0.39869 0.976 0.504464
5 0.504397 0.400274 0.971315 0.496688
4 0.504397 0.400274 0.971315 0.496688
1 0.505568 0.40121 0.968973 0.498272
0 0.505568 0.40121 0.968973 0.498272
28 0.504397 0.400274 0.971315 0.496688
54 0.505568 0.40121 0.968973 0.498272
8 0.504397 0.400274 0.971315 0.496688
20 0.504397 0.400274 0.971315 0.496688
23 0.504397 0.400346 0.976 0.498848
3 0.504397 0.400274 0.971315 0.496688
5 0.705453 0.41129 0.534848 0.509217
5 0.498931 0.396385 0.965069 0.509073
4 0.495418 0.395737 0.976781 0.517281
0 0.498931 0.396385 0.965069 0.509073
1 0.498931 0.396385 0.965069 0.509073
28 0.498931 0.396385 0.965069 0.509073
54 0.498931 0.396385 0.965069 0.509073
3 0.498931 0.396385 0.965069 0.509073
5 0.706234 0.404378 0.514547 0.502304
5 0.498931 0.395233 0.971315 0.505616
4 0.498931 0.395233 0.971315 0.505616
1 0.498931 0.395233 0.971315 0.505616
0 0.503616 0.394873 0.963507 0.507488
28 0.498931 0.395233 0.971315 0.505616
54 0.498931 0.395233 0.971315 0.505616
8 0.504397 0.396313 0.963507 0.503456
23 0.498931 0.395233 0.971315 0.505616
5 0.499712 0.395809 0.977562 0.507921
4 0.495027 0.398041 0.982246 0.511521
1 0.499712 0.395809 0.977562 0.507921
0 0.503616 0.396601 0.96663 0.509793
5 0.631277 0.40409 0.680077 0.509793
28 0.499712 0.395809 0.977562 0.507921
3 0.498931 0.400346 0.982246 0.509217
8 0.499712 0.398906 0.977562 0.508641
5 0.500102 0.396241 0.979904 0.510513
4 0.498931 0.396817 0.986931 0.513969
1 0.504397 0.395809 0.969754 0.510225
0 0.504397 0.395809 0.969754 0.510225
28 0.500102 0.396241 0.979904 0.510513
5 0.623859 0.402938 0.694912 0.509793
3 0.500102 0.398906 0.981466 0.508641
54 0.496979 0.397753 0.987712 0.517857
5 0.495027 0.394513 0.974438 0.509361
4 0.495418 0.394513 0.983027 0.512817
1 0.495027 0.394513 0.974438 0.509361
0 0.500493 0.396025 0.963507 0.509793
5 0.608341 0.417627 0.721264 0.468894
28 0.495027 0.394513 0.974438 0.509361
3 0.495027 0.394513 0.974438 0.509361
5 0.49815 0.396385 0.976 0.506768
4 0.49737 0.397177 0.98537 0.509793
0 0.504006 0.396601 0.96585 0.507488
1 0.49776 0.398906 0.978342 0.507488
28 0.504006 0.396601 0.96585 0.507488
5 0.625323 0.404882 0.695107 0.501296
54 0.504006 0.396601 0.96585 0.507488
8 0.49776 0.398906 0.978342 0.507488
5 0.498931 0.396025 0.972877 0.504032
4 0.49737 0.395161 0.98537 0.508065
0 0.504397 0.397753 0.96663 0.505184
1 0.504787 0.397177 0.967411 0.501728
5 0.630106 0.40553 0.682419 0.5
28 0.504787 0.397177 0.967411 0.501728
54 0.504397 0.397753 0.96663 0.505184
8 0.498931 0.399482 0.976 0.506336
3 0.498931 0.399482 0.976 0.506336
5 0.49776 0.394009 0.972096 0.511521
4 0.49737 0.393361 0.983808 0.513969
0 0.502054 0.395449 0.968192 0.512097
1 0.49776 0.394009 0.972096 0.511521
28 0.502054 0.395449 0.968192 0.512097
54 0.49776 0.394009 0.972096 0.511521
8 0.49776 0.395737 0.975219 0.509217
5 0.491123 0.393721 0.976 0.509793
4 0.491514 0.389473 0.981466 0.522897
0 0.491123 0.393721 0.976 0.509793
54 0.491123 0.393721 0.976 0.509793
28 0.491123 0.393721 0.976 0.509793
1 0.491123 0.393721 0.976 0.509793
23 0.491123 0.393721 0.976 0.509793
5 0.621517 0.407258 0.683981 0.503456
5 0.494637 0.394873 0.972096 0.507488
4 0.491904 0.394297 0.980685 0.513249
0 0.500102 0.396385 0.967411 0.507921
1 0.500102 0.396385 0.967411 0.507921
28 0.494637 0.394873 0.972096 0.507488
5 0.616734 0.429651 0.702915 0.460973
5 0.496589 0.398618 0.974438 0.504608
4 0.491904 0.398041 0.983808 0.511521
1 0.496589 0.398618 0.974438 0.504608
0 0.502445 0.399194 0.96585 0.504608
28 0.49737 0.398546 0.976 0.5036
54 0.502445 0.399194 0.96585 0.504608
8 0.49737 0.40121 0.979123 0.499424
23 0.49737 0.398546 0.976 0.5036
5 0.697254 0.404954 0.532506 0.481567
5 0.49776 0.398329 0.975219 0.498272
1 0.496589 0.397465 0.974438 0.501152
4 0.491904 0.396889 0.982246 0.502304
28 0.49776 0.398329 0.975219 0.498272
0 0.496589 0.397465 0.974438 0.501152
54 0.496589 0.396817 0.983808 0.5036
8 0.49776 0.398329 0.975219 0.498272
3 0.496589 0.396817 0.983808 0.5036
5 0.70233 0.392569 0.523917 0.471774
23 0.49776 0.398329 0.975219 0.498272
5 0.495418 0.398329 0.970534 0.501728
4 0.491904 0.396241 0.977562 0.505904
1 0.495027 0.398041 0.969754 0.504608
0 0.495027 0.398041 0.969754 0.504608
5 0.625421 0.404954 0.682419 0.501152
28 0.495418 0.398329 0.970534 0.501728
8 0.495418 0.398329 0.970534 0.501728
3 0.495027 0.398546 0.979123 0.504752
54 0.495418 0.398329 0.970534 0.501728
5 0.49737 0.398113 0.976 0.50216
4 0.493466 0.398041 0.983808 0.503456
1 0.49737 0.398113 0.976 0.50216
0 0.502835 0.397465 0.968192 0.508064
28 0.49737 0.398113 0.976 0.50216
54 0.502835 0.397465 0.968192 0.508064
8 0.49776 0.39977 0.979904 0.503456
23 0.502835 0.397465 0.968192 0.508064
5 0.700768 0.406034 0.52704 0.5036
5 0.496589 0.395089 0.972877 0.507056
1 0.49815 0.398329 0.977562 0.505184
4 0.496589 0.395161 0.983808 0.510369
0 0.502835 0.396241 0.963507 0.507056
28 0.496589 0.395089 0.972877 0.507056
8 0.49815 0.398329 0.977562 0.505184
23 0.502835 0.396241 0.963507 0.507056
5 0.49815 0.397177 0.979123 0.507488
4 0.494246 0.40157 0.986931 0.501008
1 0.49815 0.396241 0.980685 0.507056
0 0.502835 0.396601 0.968192 0.510945
28 0.49815 0.396241 0.980685 0.507056
8 0.49815 0.396241 0.980685 0.507056
3 0.496198 0.400922 0.98615 0.5
7 0.496198 0.400922 0.98615 0.5
54 0.502835 0.396601 0.968192 0.510945
5 0.503226 0.393145 0.981466 0.513249
4 0.500493 0.393505 0.990054 0.515985
0 0.505568 0.394873 0.975219 0.515553
5 0.600045 0.419355 0.758157 0.474654
1 0.503226 0.393145 0.981466 0.513249
28 0.503226 0.393145 0.981466 0.513249
8 0.503616 0.396313 0.982246 0.512673
23 0.505568 0.394873 0.975219 0.515553
5 0.444275 0.4429 0.804224 0.440236
5 0.500883 0.398041 0.987712 0.506912
4 0.499712 0.396601 0.993178 0.508641
0 0.505178 0.396817 0.974438 0.510513
28 0.500883 0.395809 0.987712 0.506768
1 0.500883 0.395809 0.987712 0.506768
54 0.505178 0.396817 0.974438 0.510513
23 0.505178 0.396817 0.974438 0.510513
5 0.495808 0.398329 0.972877 0.50288
4 0.493466 0.403298 0.983808 0.492944
1 0.495808 0.398329 0.972877 0.50288
0 0.495808 0.398329 0.972877 0.50288
28 0.495808 0.400058 0.972877 0.49712
23 0.501274 0.397465 0.963507 0.50576
8 0.496589 0.400346 0.983808 0.501152
39 0.496589 0.400346 0.983808 0.501152
54 0.501274 0.397465 0.963507 0.50576
5 0.499712 0.399194 0.976 0.501152
4 0.495027 0.398617 0.986931 0.50576
1 0.505178 0.397537 0.968192 0.501008
0 0.505178 0.397465 0.968192 0.504608
28 0.505178 0.397537 0.968192 0.501008
54 0.505178 0.397465 0.968192 0.504608
8 0.505178 0.397537 0.968192 0.501008
23 0.505178 0.397537 0.968192 0.501008
5 0.668462 0.40409 0.602582 0.50288
5 0.506739 0.394297 0.971315 0.510945
4 0.49815 0.393433 0.990054 0.516129
0 0.506739 0.394297 0.971315 0.510945
1 0.505958 0.393937 0.971315 0.508209
28 0.505958 0.393937 0.971315 0.508209
5 0.73161 0.40121 0.474726 0.504032
23 0.505958 0.393937 0.971315 0.508209
54 0.506739 0.394297 0.971315 0.510945
8 0.505958 0.393937 0.971315 0.508209
5 0.500493 0.397537 0.972877 0.50216
4 0.494246 0.396889 0.982246 0.504608
1 0.500493 0.397537 0.972877 0.50216
0 0.503616 0.398617 0.969754 0.503456
28 0.503616 0.398617 0.969754 0.503456
54 0.503616 0.398617 0.969754 0.503456
8 0.503616 0.398617 0.969754 0.503456
23 0.503616 0.398617 0.969754 0.503456
5 0.600435 0.426555 0.740198 0.471774
5 0.500102 0.398113 0.979904 0.504464
4 0.499712 0.399194 0.990054 0.503456
1 0.500493 0.396313 0.979123 0.503456
0 0.505178 0.397969 0.974438 0.505904
23 0.505178 0.397969 0.974438 0.505904
28 0.505178 0.397969 0.974438 0.505904
8 0.500493 0.400418 0.982246 0.501008
54 0.505178 0.397969 0.974438 0.505904
5 0.685933 0.406106 0.570765 0.498848
5 0.499712 0.395449 0.968192 0.507488
4 0.498931 0.395449 0.983808 0.508641
23 0.502445 0.394873 0.968973 0.508641
1 0.500493 0.393505 0.969754 0.509073
28 0.498931 0.395449 0.983808 0.508641
0 0.502445 0.394873 0.968973 0.508641
8 0.500493 0.395737 0.976 0.50576
54 0.502445 0.394873 0.968973 0.508641
5 0.678906 0.398906 0.578573 0.492512
5 0.495808 0.396601 0.969754 0.506336
4 0.492294 0.398617 0.979904 0.5
1 0.49737 0.396025 0.968192 0.504032
28 0.49737 0.396025 0.968192 0.504032
23 0.499712 0.395665 0.965069 0.508209
0 0.49737 0.396025 0.968192 0.504032
8 0.49737 0.398618 0.982246 0.502304
54 0.49737 0.396025 0.968192 0.504032
5 0.501274 0.393937 0.977562 0.509361
4 0.496589 0.391993 0.986931 0.514401
1 0.501274 0.393937 0.977562 0.509361
23 0.504397 0.395449 0.969754 0.510945
0 0.504397 0.395449 0.969754 0.510945
28 0.501274 0.393937 0.977562 0.509361
8 0.502054 0.396025 0.979123 0.509793
54 0.504397 0.395449 0.969754 0.510945
5 0.501274 0.394297 0.979123 0.510945
4 0.499322 0.392569 0.98615 0.514401
1 0.501274 0.394297 0.979123 0.510945
0 0.503616 0.393721 0.971315 0.512097
8 0.501274 0.394297 0.979123 0.510945
28 0.501274 0.394297 0.979123 0.510945
23 0.503616 0.393721 0.971315 0.512097
54 0.503616 0.393721 0.971315 0.512097
5 0.491514 0.397753 0.978342 0.508641
4 0.492685 0.393937 0.98537 0.516273
1 0.492685 0.394657 0.979123 0.510225
0 0.492685 0.394657 0.979123 0.510225
28 0.492685 0.394657 0.979123 0.510225
23 0.501274 0.397753 0.96663 0.507488
8 0.494246 0.399194 0.982246 0.50576
54 0.492685 0.394657 0.979123 0.510225
5 0.603656 0.426267 0.729072 0.471198
5 0.49776 0.396025 0.962726 0.509793
4 0.496979 0.395665 0.979904 0.509361
1 0.498931 0.395161 0.963507 0.508065
0 0.498931 0.395161 0.963507 0.508065
28 0.498931 0.395161 0.963507 0.508065
8 0.498931 0.395737 0.971315 0.508065
23 0.500493 0.395161 0.963507 0.510369
54 0.500493 0.395161 0.963507 0.510369
20 0.498931 0.395737 0.971315 0.508065
5 0.496979 0.395449 0.976781 0.508641
4 0.49776 0.395161 0.98615 0.509217
1 0.502054 0.395737 0.968192 0.508065
23 0.502054 0.395737 0.968192 0.508065
0 0.502054 0.395737 0.968192 0.508065
28 0.49776 0.395161 0.98615 0.509217
5 0.715994 0.402074 0.49815 0.487327
8 0.49815 0.395737 0.980685 0.50576
5 0.493466 0.395665 0.977562 0.505904
4 0.495027 0.399194 0.983808 0.503456
1 0.493466 0.395665 0.977562 0.505904
0 0.491514 0.397969 0.975219 0.505904
28 0.495027 0.399194 0.983808 0.503456
8 0.495027 0.399194 0.983808 0.503456
5 0.633229 0.407834 0.666803 0.496544
23 0.493466 0.395665 0.977562 0.505904
5 0.49737 0.397753 0.982246 0.508641
4 0.498541 0.397465 0.989274 0.506912
1 0.504397 0.396817 0.971315 0.510513
0 0.504397 0.396817 0.971315 0.510513
23 0.504397 0.396817 0.971315 0.510513
28 0.498541 0.397465 0.989274 0.506912
54 0.504397 0.396817 0.971315 0.510513
8 0.498931 0.397969 0.98537 0.505904
5 0.499712 0.395449 0.980685 0.504032
4 0.495027 0.392929 0.986931 0.509073
1 0.498541 0.396025 0.989274 0.505184
0 0.499712 0.395449 0.980685 0.504032
28 0.498541 0.396025 0.989274 0.505184
23 0.502835 0.395089 0.969754 0.508209
8 0.498541 0.396025 0.989274 0.505184
5 0.628544 0.404954 0.677734 0.495392
5 0.501274 0.397753 0.977562 0.506336
4 0.495027 0.399482 0.988493 0.506336
1 0.505568 0.395161 0.972096 0.506912
23 0.505568 0.395161 0.972096 0.506912
28 0.505568 0.395161 0.972096 0.506912
0 0.505568 0.395161 0.972096 0.506912
8 0.505568 0.395161 0.972096 0.506912
54 0.505568 0.395161 0.972096 0.506912
5 0.672659 0.403802 0.598874 0.50576
5 0.501274 0.395233 0.979123 0.507921
4 0.494246 0.393937 0.983808 0.512817
1 0.504397 0.396601 0.972877 0.508641
0 0.504397 0.396601 0.972877 0.508641
23 0.504397 0.396601 0.972877 0.508641
28 0.499712 0.398329 0.98537 0.505184
8 0.500493 0.398041 0.982246 0.504608
5 0.502054 0.394873 0.977562 0.506336
4 0.493466 0.394513 0.983808 0.508209
1 0.502054 0.394873 0.977562 0.506336
0 0.502054 0.394873 0.977562 0.506336
23 0.505178 0.395161 0.971315 0.509217
8 0.502054 0.397177 0.982246 0.505184
28 0.502054 0.394873 0.977562 0.506336
54 0.502054 0.394873 0.977562 0.506336
5 0.499712 0.396889 0.977562 0.5
4 0.494246 0.396025 0.98537 0.50288
1 0.498931 0.397969 0.982246 0.498992
23 0.503616 0.396961 0.969754 0.50216
0 0.503616 0.396961 0.969754 0.50216
28 0.499712 0.396889 0.977562 0.5
8 0.498931 0.397969 0.982246 0.498992
54 0.503616 0.396961 0.969754 0.50216
5 0.499712 0.398041 0.980685 0.50576
4 0.495027 0.395161 0.988493 0.512673
23 0.505178 0.396889 0.971315 0.508065
1 0.499712 0.395809 0.980685 0.505616
28 0.499712 0.395809 0.980685 0.505616
0 0.505178 0.396889 0.971315 0.508065
5 0.689056 0.403298 0.561395 0.495248
8 0.500493 0.397753 0.983808 0.504032
5 0.498541 0.393361 0.984589 0.509361
4 0.493466 0.391633 0.986931 0.513969
1 0.498931 0.395449 0.98537 0.507488
23 0.505178 0.394081 0.971315 0.511377
0 0.505178 0.394081 0.971315 0.511377
28 0.498541 0.395809 0.989274 0.507921
8 0.498931 0.395449 0.98537 0.507488
5 0.496198 0.394297 0.978342 0.510945
4 0.49737 0.395449 0.98537 0.509793
23 0.503616 0.394513 0.96663 0.511665
1 0.49737 0.391201 0.988493 0.514833
28 0.493856 0.388249 0.98615 0.520737
0 0.49815 0.395161 0.980685 0.509217
54 0.496589 0.392785 0.980685 0.511665
5 0.49776 0.395161 0.981466 0.509217
4 0.498931 0.392569 0.991616 0.512097
23 0.505178 0.394657 0.969754 0.510225
1 0.498931 0.392569 0.991616 0.512097
28 0.498931 0.392569 0.991616 0.512097
54 0.49776 0.393361 0.984589 0.509361
0 0.49776 0.393361 0.984589 0.509361
5 0.686323 0.400922 0.568422 0.497696
8 0.498931 0.392569 0.991616 0.512097
5 0.496589 0.394585 0.983808 0.509217
4 0.49815 0.395089 0.98537 0.508209
1 0.49815 0.391057 0.993178 0.513969
23 0.505178 0.393145 0.969754 0.508641
0 0.505568 0.394585 0.968973 0.508064
28 0.49815 0.391057 0.993178 0.513969
5 0.647283 0.402938 0.648064 0.504032
54 0.49737 0.391705 0.98537 0.510369
8 0.49815 0.391057 0.993178 0.513969
5 0.496979 0.397177 0.978342 0.507488
4 0.498541 0.397465 0.983027 0.506912
23 0.503616 0.397177 0.968192 0.507488
1 0.496589 0.393721 0.990054 0.513249
28 0.496589 0.393721 0.990054 0.513249
0 0.49776 0.395449 0.979904 0.507488
54 0.503616 0.397177 0.968192 0.507488
5 0.496979 0.394873 0.979904 0.509793
4 0.496979 0.394873 0.987712 0.509793
23 0.503616 0.394585 0.96663 0.510369
1 0.496589 0.392785 0.990054 0.512817
0 0.49815 0.394873 0.982246 0.509793
28 0.49815 0.394873 0.982246 0.509793
5 0.495808 0.395161 0.979123 0.509217
4 0.494246 0.390049 0.988493 0.517137
23 0.503616 0.395161 0.96663 0.510369
1 0.496589 0.393721 0.980685 0.508641
28 0.494246 0.390049 0.988493 0.517137
0 0.503616 0.395161 0.96663 0.510369
8 0.49737 0.396601 0.982246 0.506336
54 0.503616 0.395161 0.96663 0.510369
5 0.499712 0.393433 0.986931 0.510369
4 0.500493 0.394873 0.986931 0.509793
23 0.506739 0.394585 0.969754 0.511521
1 0.500493 0.394873 0.986931 0.509793
0 0.500493 0.394873 0.986931 0.509793
28 0.500493 0.394873 0.986931 0.509793
5 0.498931 0.393721 0.98537 0.509793
4 0.495027 0.390553 0.990054 0.518433
23 0.504397 0.396025 0.968192 0.509793
0 0.504397 0.396025 0.968192 0.509793
1 0.498931 0.393721 0.98537 0.509793
28 0.495027 0.390553 0.990054 0.518433
5 0.500102 0.392857 0.983027 0.512673
4 0.495027 0.391633 0.988493 0.516273
23 0.504397 0.394297 0.971315 0.514401
1 0.498541 0.396025 0.989274 0.509793
28 0.498541 0.396025 0.989274 0.509793
0 0.500102 0.392857 0.983027 0.512673
8 0.495027 0.391633 0.988493 0.516273
54 0.498541 0.396025 0.989274 0.509793
5 0.502445 0.396385 0.984589 0.505616
4 0.499712 0.392785 0.993178 0.510513
23 0.50713 0.395161 0.970534 0.508065
0 0.502445 0.396385 0.984589 0.505616
28 0.502445 0.396385 0.984589 0.505616
5 0.680858 0.402938 0.580915 0.50288
1 0.502445 0.396385 0.984589 0.505616
5 0.50713 0.395449 0.972096 0.510945
4 0.502445 0.397177 0.984589 0.506336
23 0.50713 0.395449 0.972096 0.510945
0 0.502445 0.397177 0.984589 0.506336
5 0.657531 0.40553 0.632253 0.509217
28 0.499712 0.393145 0.993178 0.512097
54 0.502054 0.394009 0.98537 0.509217
5 0.498541 0.396313 0.983027 0.509217
4 0.498931 0.396889 0.98537 0.50576
23 0.504397 0.395665 0.969754 0.510513
1 0.49815 0.393505 0.993178 0.512529
0 0.504397 0.395665 0.969754 0.510513
28 0.494637 0.392569 0.989274 0.514401
54 0.49815 0.394297 0.98537 0.508641
8 0.498931 0.396889 0.98537 0.50576
5 0.500102 0.395737 0.979904 0.509217
4 0.500102 0.396241 0.983027 0.507056
23 0.505178 0.395161 0.968192 0.509217
5 0.668755 0.404954 0.603558 0.50576
28 0.500102 0.396241 0.983027 0.507056
1 0.498541 0.392209 0.992397 0.512817
5 0.49776 0.395809 0.981466 0.510225
4 0.49815 0.397465 0.988493 0.506912
23 0.503616 0.395161 0.969754 0.511521
54 0.49815 0.393505 0.983808 0.510225
0 0.498541 0.396601 0.984589 0.508641
28 0.49815 0.397465 0.988493 0.506912
5 0.499712 0.394873 0.980685 0.508641
4 0.49815 0.397465 0.986931 0.506912
23 0.503616 0.396025 0.968192 0.509793
0 0.503616 0.396025 0.968192 0.509793
1 0.499712 0.394873 0.980685 0.508641
54 0.499712 0.394873 0.980685 0.508641
5 0.498931 0.395233 0.980685 0.506768
4 0.49815 0.397753 0.988493 0.504032
23 0.504397 0.395737 0.968192 0.508065
0 0.504397 0.395737 0.968192 0.508065
28 0.49815 0.397753 0.988493 0.504032
1 0.498931 0.395233 0.980685 0.506768
5 0.498541 0.395233 0.984589 0.507921
4 0.49815 0.398113 0.990054 0.505616
23 0.504787 0.396889 0.970534 0.508065
1 0.498931 0.397537 0.986931 0.505616
28 0.49815 0.398113 0.990054 0.505616
0 0.504787 0.396889 0.970534 0.508065
54 0.49815 0.398113 0.990054 0.505616
8 0.498931 0.397537 0.986931 0.505616
5 0.499712 0.397753 0.983808 0.507488
4 0.495418 0.393721 0.990835 0.513249
23 0.505178 0.396889 0.969754 0.509217
54 0.499712 0.395737 0.98537 0.506912
0 0.505178 0.396889 0.969754 0.509217
28 0.495418 0.393721 0.990835 0.513249
5 0.49737 0.396313 0.98537 0.509217
4 0.495027 0.392929 0.990054 0.513681
23 0.504787 0.395737 0.970534 0.510369
54 0.49776 0.394657 0.98615 0.509073
0 0.49776 0.394657 0.98615 0.509073
28 0.495027 0.392929 0.990054 0.513681
5 0.499712 0.393721 0.986931 0.512097
4 0.495808 0.391633 0.991616 0.518577
23 0.505958 0.395449 0.971315 0.512097
1 0.499712 0.393721 0.986931 0.512097
28 0.495808 0.391633 0.991616 0.518577
54 0.499712 0.393721 0.986931 0.512097
0 0.505958 0.395449 0.971315 0.512097
5 0.49737 0.394081 0.990054 0.510225
4 0.495027 0.391417 0.990054 0.517857
23 0.505958 0.395737 0.971315 0.510369
28 0.495027 0.391417 0.990054 0.517857
0 0.505958 0.395737 0.971315 0.510369
5 0.49737 0.395809 0.98537 0.510225
4 0.496979 0.395737 0.989274 0.509217
23 0.505178 0.395233 0.969754 0.511377
1 0.49815 0.394513 0.986931 0.509361
0 0.49815 0.396313 0.986931 0.508064
28 0.494637 0.392353 0.989274 0.515985
54 0.49815 0.394513 0.986931 0.509361
5 0.49737 0.397465 0.982246 0.508064
4 0.49737 0.397177 0.988493 0.507488
23 0.504397 0.396889 0.968192 0.509217
54 0.49815 0.395233 0.983808 0.507921
28 0.494246 0.392353 0.988493 0.514833
5 0.495808 0.396889 0.98537 0.506912
4 0.496589 0.397969 0.990054 0.5036
23 0.504006 0.396313 0.968973 0.508064
28 0.494246 0.392929 0.988493 0.511377
1 0.494246 0.392929 0.988493 0.511377
0 0.496589 0.397969 0.990054 0.5036
5 0.498931 0.397753 0.98537 0.505184
4 0.49776 0.398329 0.990835 0.50288
23 0.505958 0.396889 0.969754 0.506912
0 0.498931 0.398618 0.988493 0.502304
28 0.49776 0.398329 0.990835 0.50288
1 0.49776 0.398329 0.990835 0.50288
54 0.49776 0.398329 0.990835 0.50288
5 0.49776 0.396025 0.984589 0.507488
4 0.49737 0.396817 0.990054 0.505904
23 0.505178 0.395737 0.969754 0.509217
28 0.495027 0.391777 0.990054 0.514833
54 0.49737 0.396817 0.990054 0.505904
1 0.495027 0.391777 0.990054 0.514833
0 0.49815 0.396961 0.986931 0.505616
5 0.49737 0.397537 0.98537 0.505616
4 0.49737 0.398041 0.990054 0.503456
23 0.504397 0.397177 0.969754 0.507488
28 0.494246 0.393361 0.988493 0.511665
1 0.494246 0.393361 0.988493 0.511665
0 0.49737 0.398041 0.990054 0.503456
54 0.49737 0.398041 0.990054 0.503456
5 0.496589 0.397177 0.982246 0.506336
4 0.496979 0.397465 0.989274 0.504608
23 0.504397 0.396385 0.96663 0.507921
28 0.494246 0.393721 0.988493 0.510945
1 0.494246 0.393721 0.988493 0.510945
0 0.49737 0.397465 0.98537 0.504608
5 0.496589 0.398041 0.983808 0.50576
4 0.496589 0.398906 0.990054 0.504032
23 0.503616 0.397465 0.968192 0.509217
28 0.493466 0.395233 0.986931 0.511377
1 0.496589 0.398906 0.990054 0.504032
0 0.496589 0.396601 0.983808 0.506336
5 0.496979 0.397177 0.983027 0.507488
4 0.494246 0.394297 0.988493 0.512097
23 0.503616 0.396385 0.968192 0.510225
1 0.496979 0.398906 0.989274 0.504032
28 0.494246 0.394297 0.988493 0.512097
0 0.496979 0.398906 0.989274 0.504032
5 0.49737 0.396889 0.982246 0.508065
4 0.494246 0.393505 0.988493 0.512529
23 0.504397 0.396025 0.968192 0.509793
28 0.494246 0.393505 0.988493 0.512529
5 0.495808 0.396025 0.982246 0.508641
4 0.496589 0.397753 0.988493 0.506336
23 0.503226 0.395665 0.967411 0.510513
28 0.493466 0.393505 0.986931 0.512529
1 0.496589 0.397753 0.988493 0.506336
5 0.495808 0.396889 0.982246 0.508065
4 0.495808 0.397465 0.988493 0.50576
23 0.503616 0.396241 0.96663 0.509361
28 0.493466 0.392929 0.986931 0.513681
1 0.493466 0.392929 0.986931 0.513681
5 0.495027 0.396313 0.982246 0.509217
4 0.495808 0.396889 0.988493 0.506912
23 0.502835 0.396025 0.96663 0.509793
1 0.493856 0.391777 0.987712 0.515985
28 0.493856 0.391777 0.987712 0.515985
54 0.495418 0.394873 0.983027 0.508641
0 0.495418 0.394873 0.983027 0.508641
5 0.495027 0.396817 0.982246 0.507056
4 0.496589 0.397537 0.988493 0.505616
23 0.503616 0.396313 0.96663 0.509217
1 0.493466 0.393433 0.986931 0.511521
28 0.493466 0.393433 0.986931 0.511521
0 0.496589 0.397537 0.988493 0.505616
5 0.496589 0.396601 0.980685 0.508641
4 0.49737 0.397393 0.988493 0.507056
23 0.503616 0.395809 0.968192 0.510225
1 0.493856 0.392857 0.987712 0.513825
28 0.493856 0.392857 0.987712 0.513825
0 0.496979 0.395089 0.983027 0.508209
54 0.496979 0.395089 0.983027 0.508209
5 0.496589 0.396385 0.980685 0.509073
4 0.496589 0.397177 0.986931 0.506336
23 0.503226 0.396313 0.967411 0.510369
1 0.496589 0.397177 0.986931 0.506336
28 0.493466 0.392929 0.986931 0.513681
0 0.496589 0.397177 0.986931 0.506336
5 0.495808 0.396313 0.982246 0.509217
4 0.496589 0.396889 0.988493 0.506912
23 0.503616 0.396241 0.968192 0.510513
28 0.493856 0.393361 0.987712 0.512817
1 0.493856 0.393361 0.987712 0.512817
54 0.496979 0.395089 0.983027 0.508209
5 0.496589 0.396241 0.980685 0.509361
4 0.496589 0.396241 0.986931 0.508209
23 0.503616 0.396241 0.968192 0.510513
28 0.493466 0.392209 0.986931 0.515121
1 0.493466 0.392209 0.986931 0.515121
54 0.496589 0.394585 0.982246 0.509217
5 0.496589 0.396601 0.980685 0.508641
4 0.496589 0.396601 0.986931 0.507488
23 0.503616 0.396025 0.96663 0.509793
1 0.493466 0.392569 0.986931 0.514401
28 0.493466 0.392569 0.986931 0.514401
54 0.496589 0.395089 0.980685 0.508209
0 0.496589 0.396601 0.986931 0.507488
5 0.496589 0.396313 0.980685 0.509217
4 0.496979 0.396889 0.987712 0.508065
23 0.504397 0.395737 0.968192 0.510369
28 0.493466 0.392929 0.986931 0.513681
1 0.493466 0.392929 0.986931 0.513681
54 0.496979 0.394873 0.981466 0.508641
5 0.496589 0.396025 0.980685 0.509793
4 0.496589 0.396601 0.988493 0.508641
23 0.503616 0.395809 0.968192 0.511377
28 0.493466 0.392569 0.986931 0.515553
1 0.493466 0.392569 0.986931 0.515553
54 0.496589 0.396601 0.988493 0.508641
5 0.496589 0.396313 0.982246 0.509217
4 0.49737 0.396817 0.988493 0.508209
23 0.504397 0.395809 0.968192 0.510225
28 0.493856 0.392569 0.987712 0.514401
1 0.493856 0.392569 0.987712 0.514401
54 0.49737 0.394657 0.982246 0.509073
0 0.49737 0.394657 0.982246 0.509073
5 0.496979 0.396889 0.981466 0.508065
4 0.49737 0.397177 0.988493 0.507488
23 0.504397 0.396241 0.968192 0.509361
28 0.494246 0.392785 0.988493 0.513969
1 0.494246 0.392785 0.988493 0.513969
54 0.49737 0.395161 0.982246 0.508065
0 0.49815 0.397177 0.983808 0.506336
5 0.49737 0.396889 0.980685 0.508065
4 0.49737 0.397177 0.988493 0.507488
23 0.504397 0.396241 0.968192 0.509361
28 0.494246 0.393361 0.988493 0.513969
1 0.494246 0.393361 0.988493 0.513969
0 0.49815 0.397393 0.983808 0.507056
5 0.496589 0.396889 0.980685 0.508065
4 0.496979 0.397177 0.987712 0.507488
23 0.504397 0.396241 0.968192 0.509361
28 0.493856 0.392857 0.987712 0.513825
1 0.493856 0.392857 0.987712 0.513825
0 0.49815 0.396889 0.983808 0.506912
54 0.49737 0.395161 0.982246 0.508065
5 0.496589 0.396817 0.980685 0.508209
4 0.496979 0.396961 0.987712 0.507921
23 0.504006 0.396025 0.967411 0.509793
28 0.493856 0.392857 0.987712 0.513825
1 0.493856 0.392857 0.987712 0.513825
0 0.49815 0.396889 0.983808 0.506912
5 0.496589 0.396601 0.980685 0.508641
4 0.49737 0.396889 0.988493 0.508065
23 0.504006 0.396241 0.967411 0.510513
28 0.493856 0.392785 0.987712 0.515121
1 0.493856 0.392785 0.987712 0.515121
5 0.496979 0.396817 0.981466 0.508209
4 0.49737 0.396961 0.988493 0.507921
23 0.504397 0.396025 0.968192 0.509793
28 0.494246 0.392785 0.988493 0.513969
1 0.494246 0.392785 0.988493 0.513969
5 0.496979 0.396889 0.981466 0.508065
4 0.496589 0.397177 0.988493 0.507488
23 0.504397 0.396025 0.968192 0.509793
28 0.493856 0.392857 0.987712 0.513825
1 0.493856 0.392857 0.987712 0.513825
5 0.496589 0.396889 0.980685 0.508065
4 0.496589 0.397177 0.988493 0.507488
23 0.504397 0.396025 0.968192 0.509793
28 0.493856 0.392857 0.987712 0.513825
1 0.493856 0.392857 0.987712 0.513825
5 0.496589 0.396889 0.980685 0.508065
4 0.496589 0.397177 0.988493 0.507488
23 0.504397 0.396241 0.968192 0.509361
28 0.493856 0.392929 0.987712 0.513681
1 0.493856 0.392929 0.987712 0.513681
5 0.496589 0.396889 0.980685 0.508065
4 0.496589 0.397177 0.988493 0.507488
23 0.504397 0.396241 0.968192 0.509361
28 0.493856 0.392929 0.987712 0.513681
1 0.493856 0.392929 0.987712 0.513681
