22 0.569143 0.486333 0.796566 0.429385
72 0.397113 0.537016 0.692802 0.31549
2 0.528183 0.483485 0.853519 0.44533
2 0.683049 0.479214 0.60152 0.449317
3 0.34172 0.566629 0.614784 0.251708
3 0.505558 0.47779 0.864442 0.45672
22 0.683049 0.479214 0.60152 0.449317
62 0.569143 0.486333 0.796566 0.429385
3 0.397113 0.537016 0.692802 0.31549
72 0.462648 0.484624 0.841036 0.431663
22 0.397113 0.537016 0.692802 0.31549
72 0.34172 0.566629 0.614784 0.251708
35 0.569143 0.486333 0.796566 0.429385
2 0.397113 0.537016 0.692802 0.31549
22 0.34172 0.566629 0.614784 0.251708
72 0.615174 0.485763 0.702944 0.431663
4 0.569143 0.486333 0.796566 0.429385
64 0.468889 0.478075 0.844157 0.437927
60 0.569143 0.486333 0.796566 0.429385
62 0.397113 0.537016 0.692802 0.31549
41 0.505558 0.47779 0.864442 0.45672
35 0.397113 0.537016 0.692802 0.31549
2 0.34172 0.566629 0.614784 0.251708
60 0.397113 0.537016 0.692802 0.31549
52 0.468889 0.478075 0.844157 0.437927
60 0.34172 0.566629 0.614784 0.251708
41 0.397113 0.537016 0.692802 0.31549
60 0.683049 0.479214 0.60152 0.449317
62 0.683049 0.479214 0.60152 0.449317
22 0.349522 0.493451 0.621025 0.40262
41 0.34172 0.566629 0.614784 0.251708
31 0.397113 0.537016 0.692802 0.31549
57 0.569143 0.486333 0.796566 0.429385
52 0.615174 0.485763 0.702944 0.431663
4 0.409206 0.482631 0.710746 0.42426
4 0.718548 0.472096 0.51336 0.463554
36 0.528183 0.483485 0.853519 0.44533
58 0.34172 0.566629 0.614784 0.251708
35 0.683049 0.479214 0.60152 0.449317
39 0.569143 0.486333 0.796566 0.429385
3 0.683049 0.479214 0.60152 0.449317
64 0.397113 0.537016 0.692802 0.31549
35 0.34172 0.566629 0.614784 0.251708
33 0.569143 0.486333 0.796566 0.429385
57 0.718548 0.472096 0.51336 0.463554
31 0.462648 0.484624 0.841036 0.431663
35 0.754826 0.459496 0.447044 0.443195
62 0.34172 0.566629 0.614784 0.251708
58 0.397113 0.537016 0.692802 0.31549
58 0.505558 0.47779 0.864442 0.45672
72 0.718548 0.472096 0.51336 0.463554
22 0.754826 0.459496 0.447044 0.443195
36 0.397113 0.537016 0.692802 0.31549
23 0.505558 0.47779 0.864442 0.45672
21 0.569143 0.486333 0.796566 0.429385
2 0.754826 0.459496 0.447044 0.443195
72 0.349522 0.493451 0.621025 0.40262
31 0.34172 0.566629 0.614784 0.251708
3 0.349522 0.493451 0.621025 0.40262
36 0.683049 0.479214 0.60152 0.449317
69 0.397113 0.537016 0.692802 0.31549
41 0.349522 0.493451 0.621025 0.40262
64 0.615174 0.485763 0.702944 0.431663
45 0.690461 0.482916 0.567973 0.452164
10 0.532084 0.480638 0.864442 0.439636
52 0.397113 0.537016 0.692802 0.31549
36 0.34172 0.566629 0.614784 0.251708
69 0.462648 0.484624 0.841036 0.431663
37 0.532084 0.480638 0.864442 0.439636
8 0.683049 0.479214 0.60152 0.449317
22 0.248293 0.503702 0.42637 0.414009
52 0.349522 0.493451 0.621025 0.40262
44 0.528183 0.483485 0.853519 0.44533
3 0.254339 0.573462 0.443144 0.247153
33 0.724009 0.464977 0.496196 0.474374
35 0.349522 0.493451 0.621025 0.40262
21 0.724009 0.464977 0.496196 0.474374
62 0.759897 0.449957 0.436902 0.448605
4 0.882386 0.349729 0.185683 0.293707
2 0.349522 0.493451 0.621025 0.40262
22 0.254339 0.573462 0.443144 0.247153
23 0.397113 0.537016 0.692802 0.31549
5 0.615174 0.485763 0.702944 0.431663
69 0.34172 0.566629 0.614784 0.251708
64 0.349522 0.493451 0.621025 0.40262
23 0.34172 0.566629 0.614784 0.251708
60 0.349522 0.493451 0.621025 0.40262
4 0.34172 0.566629 0.614784 0.251708
52 0.34172 0.566629 0.614784 0.251708
37 0.397113 0.537016 0.692802 0.31549
10 0.638287 0.458927 0.648917 0.487614
4 0.292178 0.502847 0.523502 0.394077
62 0.349522 0.493451 0.621025 0.40262
37 0.34172 0.566629 0.614784 0.251708
58 0.349522 0.493451 0.621025 0.40262
33 0.409206 0.482631 0.710746 0.42426
23 0.683049 0.479214 0.60152 0.449317
44 0.718548 0.472096 0.51336 0.463554
7 0.638287 0.458927 0.648917 0.487614
40 0.532084 0.480638 0.864442 0.439636
69 0.615174 0.485763 0.702944 0.431663
10 0.397113 0.537016 0.692802 0.31549
10 0.34172 0.566629 0.614784 0.251708
31 0.615174 0.485763 0.702944 0.431663
3 0.580456 0.501993 0.653793 0.425399
10 0.349522 0.493451 0.621025 0.40262
49 0.409206 0.482631 0.710746 0.42426
7 0.532084 0.480638 0.864442 0.439636
41 0.254339 0.573462 0.443144 0.247153
2 0.883946 0.370658 0.191925 0.291714
34 0.569143 0.486333 0.796566 0.429385
37 0.683049 0.479214 0.60152 0.449317
8 0.528183 0.483485 0.853519 0.44533
2 0.51492 0.481207 0.911253 0.428246
22 0.510239 0.47779 0.933098 0.431663
3 0.510239 0.47779 0.933098 0.431663
4 0.510239 0.47779 0.933098 0.431663
62 0.510239 0.47779 0.933098 0.431663
60 0.510239 0.47779 0.933098 0.431663
10 0.510239 0.47779 0.933098 0.431663
52 0.492295 0.480638 0.934658 0.421412
36 0.51492 0.481207 0.911253 0.428246
58 0.510239 0.47779 0.933098 0.431663
35 0.510239 0.47779 0.933098 0.431663
57 0.51492 0.481207 0.911253 0.428246
23 0.510239 0.47779 0.933098 0.431663
4 0.878485 0.365604 0.221572 0.300114
69 0.510239 0.47779 0.933098 0.431663
44 0.51492 0.481207 0.911253 0.428246
33 0.510239 0.47779 0.933098 0.431663
21 0.51492 0.481207 0.911253 0.428246
5 0.510239 0.47779 0.933098 0.431663
58 0.348351 0.484055 0.630387 0.405467
8 0.51492 0.481207 0.911253 0.428246
22 0.348351 0.484055 0.630387 0.405467
3 0.348351 0.484055 0.630387 0.405467
39 0.51492 0.481207 0.911253 0.428246
2 0.649014 0.46213 0.630582 0.476651
7 0.510239 0.47779 0.933098 0.431663
65 0.492295 0.480638 0.934658 0.421412
60 0.348351 0.484055 0.630387 0.405467
72 0.510239 0.47779 0.933098 0.431663
2 0.348351 0.484055 0.630387 0.405467
66 0.510239 0.47779 0.933098 0.431663
56 0.492295 0.480638 0.934658 0.421412
4 0.348351 0.484055 0.630387 0.405467
20 0.510239 0.47779 0.933098 0.431663
4 0.909692 0.340831 0.141993 0.277335
31 0.492295 0.480638 0.934658 0.421412
32 0.51492 0.481207 0.911253 0.428246
62 0.649014 0.46213 0.630582 0.476651
45 0.517261 0.485194 0.875364 0.424829
10 0.348351 0.484055 0.630387 0.405467
34 0.51492 0.481207 0.911253 0.428246
4 0.649014 0.46213 0.630582 0.476651
64 0.51492 0.481207 0.911253 0.428246
4 0.929197 0.368736 0.115467 0.311503
52 0.348351 0.484055 0.630387 0.405467
22 0.649014 0.46213 0.630582 0.476651
2 0.894869 0.371939 0.187244 0.319903
57 0.649014 0.46213 0.630582 0.476651
36 0.649014 0.46213 0.630582 0.476651
69 0.310512 0.489465 0.543007 0.380979
5 0.649014 0.46213 0.630582 0.476651
57 0.348351 0.484055 0.630387 0.405467
62 0.348351 0.484055 0.630387 0.405467
2 0.528573 0.514806 0.704505 0.446469
36 0.348351 0.484055 0.630387 0.405467
39 0.649014 0.46213 0.630582 0.476651
30 0.517261 0.485194 0.875364 0.424829
7 0.348351 0.484055 0.630387 0.405467
40 0.51492 0.481207 0.911253 0.428246
23 0.348351 0.484055 0.630387 0.405467
52 0.649014 0.46213 0.630582 0.476651
65 0.348351 0.484055 0.630387 0.405467
59 0.492295 0.480638 0.934658 0.421412
5 0.348351 0.484055 0.630387 0.405467
3 0.649014 0.46213 0.630582 0.476651
41 0.510239 0.47779 0.933098 0.431663
60 0.649014 0.46213 0.630582 0.476651
49 0.445484 0.48377 0.81451 0.408314
64 0.649014 0.46213 0.630582 0.476651
2 0.926856 0.382403 0.120148 0.342255
8 0.649014 0.46213 0.630582 0.476651
44 0.348351 0.484055 0.630387 0.405467
35 0.348351 0.484055 0.630387 0.405467
7 0.660424 0.460706 0.5984 0.461276
29 0.518431 0.472096 0.869903 0.447608
37 0.492295 0.480638 0.934658 0.421412
32 0.348351 0.484055 0.630387 0.405467
32 0.660424 0.460706 0.5984 0.461276
58 0.649014 0.46213 0.630582 0.476651
66 0.660424 0.460706 0.5984 0.461276
3 0.528573 0.514806 0.704505 0.446469
33 0.649014 0.46213 0.630582 0.476651
2 0.250048 0.500854 0.445484 0.377563
67 0.51492 0.481207 0.911253 0.428246
35 0.649014 0.46213 0.630582 0.476651
2 0.503218 0.481492 0.950262 0.425399
4 0.503218 0.481492 0.950262 0.425399
58 0.503218 0.481492 0.950262 0.425399
52 0.503218 0.481492 0.950262 0.425399
3 0.503218 0.481492 0.950262 0.425399
23 0.503218 0.481492 0.950262 0.425399
62 0.503218 0.481492 0.950262 0.425399
60 0.503218 0.481492 0.950262 0.425399
10 0.503218 0.481492 0.950262 0.425399
57 0.503218 0.481492 0.950262 0.425399
5 0.503218 0.481492 0.950262 0.425399
44 0.503218 0.481492 0.950262 0.425399
36 0.503218 0.481492 0.950262 0.425399
21 0.506338 0.481492 0.929977 0.431093
22 0.503218 0.481492 0.950262 0.425399
33 0.503218 0.481492 0.950262 0.425399
8 0.503218 0.481492 0.950262 0.425399
20 0.503218 0.481492 0.950262 0.425399
35 0.503218 0.481492 0.950262 0.425399
34 0.503218 0.481492 0.950262 0.425399
69 0.503218 0.481492 0.950262 0.425399
65 0.503218 0.481492 0.950262 0.425399
67 0.503218 0.481492 0.950262 0.425399
59 0.503218 0.481492 0.950262 0.425399
29 0.503218 0.481492 0.950262 0.425399
39 0.506338 0.481492 0.929977 0.431093
56 0.503218 0.481492 0.950262 0.425399
7 0.503218 0.481492 0.950262 0.425399
66 0.510239 0.465262 0.895649 0.461276
32 0.503218 0.481492 0.950262 0.425399
0 0.503218 0.481492 0.950262 0.425399
30 0.506338 0.481492 0.929977 0.431093
61 0.501657 0.483485 0.931538 0.41344
45 0.508679 0.482916 0.901891 0.419134
31 0.503218 0.481492 0.950262 0.425399
6 0.503218 0.481492 0.950262 0.425399
28 0.503218 0.465262 0.923736 0.45672
1 0.503218 0.481492 0.950262 0.425399
72 0.503218 0.481492 0.950262 0.425399
2 0.673297 0.460991 0.577335 0.486902
58 0.673297 0.460991 0.577335 0.486902
4 0.673297 0.460991 0.577335 0.486902
57 0.673297 0.460991 0.577335 0.486902
64 0.506338 0.481492 0.929977 0.431093
52 0.673297 0.460991 0.577335 0.486902
65 0.415837 0.454157 0.725569 0.464123
4 0.415837 0.454157 0.725569 0.464123
5 0.673297 0.460991 0.577335 0.486902
41 0.503218 0.465262 0.923736 0.45672
62 0.673297 0.460991 0.577335 0.486902
59 0.673297 0.460991 0.577335 0.486902
58 0.302906 0.519647 0.509849 0.328588
23 0.673297 0.460991 0.577335 0.486902
10 0.415837 0.454157 0.725569 0.464123
34 0.673297 0.460991 0.577335 0.486902
44 0.415837 0.454157 0.725569 0.464123
67 0.673297 0.460991 0.577335 0.486902
4 0.880826 0.362756 0.221572 0.310934
49 0.499317 0.479499 0.948702 0.42369
39 0.673297 0.460991 0.577335 0.486902
66 0.493855 0.366743 0.697483 0.649203
40 0.506338 0.481492 0.929977 0.431093
21 0.673297 0.460991 0.577335 0.486902
22 0.673297 0.460991 0.577335 0.486902
2 0.906572 0.368166 0.17164 0.316059
5 0.415837 0.454157 0.725569 0.464123
54 0.493855 0.366743 0.697483 0.649203
29 0.415837 0.454157 0.725569 0.464123
8 0.673297 0.460991 0.577335 0.486902
4 0.509459 0.493166 0.959624 0.405467
20 0.509459 0.493166 0.959624 0.405467
7 0.509459 0.493166 0.959624 0.405467
58 0.509459 0.493166 0.959624 0.405467
10 0.509459 0.493166 0.959624 0.405467
52 0.509459 0.493166 0.959624 0.405467
23 0.509459 0.493166 0.959624 0.405467
3 0.509459 0.493166 0.959624 0.405467
5 0.509459 0.493166 0.959624 0.405467
2 0.51297 0.489749 0.952602 0.411162
62 0.509459 0.493166 0.959624 0.405467
60 0.509459 0.493166 0.959624 0.405467
36 0.51297 0.489749 0.952602 0.411162
0 0.509459 0.493166 0.959624 0.405467
66 0.509459 0.493166 0.959624 0.405467
57 0.51297 0.489749 0.952602 0.411162
34 0.509459 0.493166 0.959624 0.405467
65 0.509459 0.493166 0.959624 0.405467
44 0.509459 0.493166 0.959624 0.405467
1 0.509459 0.493166 0.959624 0.405467
22 0.509459 0.493166 0.959624 0.405467
28 0.509459 0.493166 0.959624 0.405467
67 0.51297 0.489749 0.952602 0.411162
32 0.51297 0.489749 0.952602 0.411162
8 0.51297 0.489749 0.952602 0.411162
56 0.509459 0.493166 0.959624 0.405467
69 0.509459 0.493166 0.959624 0.405467
33 0.509459 0.493166 0.959624 0.405467
29 0.509459 0.493166 0.959624 0.405467
61 0.51297 0.489749 0.952602 0.411162
21 0.51297 0.489749 0.952602 0.411162
59 0.51297 0.489749 0.952602 0.411162
30 0.51297 0.489749 0.952602 0.411162
6 0.509459 0.493166 0.959624 0.405467
39 0.51297 0.489749 0.952602 0.411162
35 0.509459 0.493166 0.959624 0.405467
31 0.509459 0.493166 0.959624 0.405467
54 0.507899 0.495159 0.937779 0.401481
45 0.5157 0.479499 0.9409 0.429385
68 0.447044 0.470957 0.825433 0.439635
58 0.678368 0.455866 0.590598 0.478929
57 0.678368 0.455866 0.590598 0.478929
2 0.678368 0.455866 0.590598 0.478929
4 0.678368 0.455866 0.590598 0.478929
23 0.678368 0.455866 0.590598 0.478929
54 0.488784 0.437642 0.68422 0.486902
28 0.415837 0.459852 0.741173 0.437927
36 0.678368 0.455866 0.590598 0.478929
5 0.678368 0.455866 0.590598 0.478929
34 0.678368 0.455866 0.590598 0.478929
4 0.415837 0.459852 0.741173 0.437927
20 0.678368 0.455866 0.590598 0.478929
31 0.678368 0.455866 0.590598 0.478929
59 0.678368 0.455866 0.590598 0.478929
52 0.678368 0.455866 0.590598 0.478929
41 0.507899 0.495159 0.937779 0.401481
65 0.415837 0.459852 0.741173 0.437927
7 0.678368 0.455866 0.590598 0.478929
62 0.678368 0.455866 0.590598 0.478929
66 0.699823 0.454157 0.528964 0.483485
66 0.415837 0.459852 0.741173 0.437927
68 0.315779 0.46633 0.544957 0.450028
28 0.678368 0.455866 0.590598 0.478929
20 0.415837 0.459852 0.741173 0.437927
29 0.678368 0.455866 0.590598 0.478929
67 0.678368 0.455866 0.590598 0.478929
0 0.678368 0.455866 0.590598 0.478929
10 0.415837 0.459852 0.741173 0.437927
39 0.678368 0.455866 0.590598 0.478929
8 0.678368 0.455866 0.590598 0.478929
72 0.509459 0.493166 0.959624 0.405467
0 0.415837 0.459852 0.741173 0.437927
5 0.415837 0.459852 0.741173 0.437927
32 0.678368 0.455866 0.590598 0.478929
10 0.678368 0.455866 0.590598 0.478929
57 0.766919 0.465547 0.438462 0.47779
34 0.415837 0.459852 0.741173 0.437927
21 0.678368 0.455866 0.590598 0.478929
61 0.678368 0.455866 0.590598 0.478929
4 0.506338 0.490888 0.978348 0.42369
3 0.506338 0.490888 0.978348 0.42369
2 0.506338 0.490888 0.978348 0.42369
52 0.506338 0.490888 0.978348 0.42369
10 0.506338 0.490888 0.978348 0.42369
22 0.506338 0.490888 0.978348 0.42369
66 0.506338 0.490888 0.978348 0.42369
69 0.506338 0.490888 0.978348 0.42369
5 0.506338 0.490888 0.978348 0.42369
28 0.506338 0.490888 0.978348 0.42369
60 0.506338 0.490888 0.978348 0.42369
58 0.506338 0.490888 0.978348 0.42369
44 0.506338 0.490888 0.978348 0.42369
23 0.506338 0.490888 0.978348 0.42369
0 0.506338 0.490888 0.978348 0.42369
20 0.506338 0.490888 0.978348 0.42369
62 0.506338 0.490888 0.978348 0.42369
7 0.506338 0.490888 0.978348 0.42369
67 0.506338 0.490888 0.978348 0.42369
56 0.506338 0.490888 0.978348 0.42369
57 0.506338 0.490888 0.978348 0.42369
32 0.506338 0.490888 0.978348 0.42369
34 0.506338 0.490888 0.978348 0.42369
1 0.506338 0.490888 0.978348 0.42369
33 0.506338 0.490888 0.978348 0.42369
61 0.506338 0.490888 0.978348 0.42369
8 0.506338 0.490888 0.978348 0.42369
35 0.506338 0.490888 0.978348 0.42369
65 0.506338 0.490888 0.978348 0.42369
21 0.506338 0.490888 0.978348 0.42369
36 0.506338 0.490888 0.978348 0.42369
29 0.506338 0.490888 0.978348 0.42369
6 0.506338 0.490888 0.978348 0.42369
54 0.505948 0.486333 0.963525 0.44533
39 0.5118 0.480353 0.973667 0.443622
45 0.506338 0.490888 0.978348 0.42369
30 0.506338 0.490888 0.978348 0.42369
59 0.506338 0.490888 0.978348 0.42369
31 0.506338 0.490888 0.978348 0.42369
68 0.501657 0.490888 0.975228 0.419134
58 0.590598 0.453872 0.761458 0.477221
54 0.485663 0.381834 0.740393 0.616743
4 0.590598 0.453872 0.761458 0.477221
23 0.590598 0.453872 0.761458 0.477221
5 0.590598 0.453872 0.761458 0.477221
52 0.590598 0.453872 0.761458 0.477221
57 0.590598 0.453872 0.761458 0.477221
59 0.590598 0.453872 0.761458 0.477221
2 0.590598 0.453872 0.761458 0.477221
21 0.590598 0.453872 0.761458 0.477221
3 0.590598 0.453872 0.761458 0.477221
22 0.590598 0.453872 0.761458 0.477221
68 0.314804 0.483485 0.571093 0.411162
67 0.590598 0.453872 0.761458 0.477221
54 0.287497 0.45074 0.487614 0.444761
58 0.314804 0.483485 0.571093 0.411162
45 0.590598 0.453872 0.761458 0.477221
4 0.314804 0.483485 0.571093 0.411162
61 0.590598 0.453872 0.761458 0.477221
0 0.314804 0.483485 0.571093 0.411162
41 0.505948 0.486333 0.963525 0.44533
32 0.590598 0.453872 0.761458 0.477221
30 0.590598 0.453872 0.761458 0.477221
34 0.590598 0.453872 0.761458 0.477221
31 0.670177 0.458998 0.606982 0.484055
58 0.701774 0.461347 0.507899 0.465689
10 0.590598 0.453872 0.761458 0.477221
28 0.590598 0.453872 0.761458 0.477221
52 0.314804 0.483485 0.571093 0.411162
8 0.590598 0.453872 0.761458 0.477221
36 0.590598 0.453872 0.761458 0.477221
4 0.504388 0.481492 0.972887 0.425399
2 0.504388 0.481492 0.972887 0.425399
52 0.504388 0.481492 0.972887 0.425399
3 0.504388 0.481492 0.972887 0.425399
10 0.504388 0.481492 0.972887 0.425399
7 0.504388 0.481492 0.972887 0.425399
1 0.502827 0.485478 0.974448 0.416287
28 0.504388 0.481492 0.972887 0.425399
23 0.504388 0.481492 0.972887 0.425399
20 0.504388 0.481492 0.972887 0.425399
5 0.504388 0.481492 0.972887 0.425399
8 0.504388 0.481492 0.972887 0.425399
22 0.504388 0.481492 0.972887 0.425399
44 0.504388 0.481492 0.972887 0.425399
62 0.504388 0.481492 0.972887 0.425399
34 0.504388 0.481492 0.972887 0.425399
36 0.504388 0.481492 0.972887 0.425399
58 0.504388 0.481492 0.972887 0.425399
66 0.504388 0.481492 0.972887 0.425399
56 0.504388 0.481492 0.972887 0.425399
32 0.504388 0.481492 0.972887 0.425399
21 0.504388 0.481492 0.972887 0.425399
0 0.504388 0.481492 0.972887 0.425399
67 0.504388 0.481492 0.972887 0.425399
30 0.505168 0.483485 0.968206 0.416856
45 0.504388 0.481492 0.972887 0.425399
29 0.504388 0.481492 0.972887 0.425399
60 0.504388 0.481492 0.972887 0.425399
65 0.504388 0.481492 0.972887 0.425399
31 0.504388 0.481492 0.972887 0.425399
59 0.504388 0.481492 0.972887 0.425399
57 0.504388 0.481492 0.972887 0.425399
61 0.504388 0.481492 0.972887 0.425399
35 0.504388 0.481492 0.972887 0.425399
39 0.505168 0.483485 0.968206 0.416856
69 0.504388 0.481492 0.972887 0.425399
6 0.504388 0.481492 0.972887 0.425399
54 0.503218 0.472665 0.961184 0.441913
33 0.504388 0.481492 0.972887 0.425399
68 0.502827 0.485478 0.974448 0.416287
54 0.486736 0.375 0.752291 0.616743
68 0.335088 0.479784 0.617124 0.420843
4 0.335088 0.479784 0.617124 0.420843
58 0.335088 0.479784 0.617124 0.420843
4 0.593621 0.452093 0.728885 0.486475
10 0.335088 0.479784 0.617124 0.420843
0 0.335088 0.479784 0.617124 0.420843
4 0.505558 0.487472 0.979909 0.416856
2 0.505558 0.487472 0.979909 0.416856
3 0.505558 0.487472 0.979909 0.416856
5 0.505558 0.487472 0.979909 0.416856
7 0.505558 0.487472 0.979909 0.416856
52 0.505558 0.487472 0.979909 0.416856
22 0.505558 0.487472 0.979909 0.416856
34 0.505558 0.487472 0.979909 0.416856
44 0.505558 0.487472 0.979909 0.416856
1 0.505558 0.487472 0.979909 0.416856
45 0.505558 0.487472 0.979909 0.416856
66 0.505558 0.487472 0.979909 0.416856
8 0.505558 0.487472 0.979909 0.416856
60 0.505558 0.487472 0.979909 0.416856
67 0.505558 0.487472 0.979909 0.416856
28 0.505558 0.487472 0.979909 0.416856
20 0.505558 0.487472 0.979909 0.416856
65 0.505558 0.487472 0.979909 0.416856
23 0.505558 0.487472 0.979909 0.416856
0 0.505558 0.487472 0.979909 0.416856
32 0.505558 0.487472 0.979909 0.416856
29 0.505558 0.487472 0.979909 0.416856
39 0.505558 0.482346 0.976788 0.430524
10 0.505558 0.487472 0.979909 0.416856
57 0.505558 0.487472 0.979909 0.416856
36 0.505558 0.487472 0.979909 0.416856
56 0.505558 0.487472 0.979909 0.416856
69 0.505558 0.487472 0.979909 0.416856
21 0.505558 0.487472 0.979909 0.416856
31 0.505558 0.487472 0.979909 0.416856
35 0.505558 0.487472 0.979909 0.416856
30 0.505558 0.482346 0.976788 0.430524
62 0.505558 0.487472 0.979909 0.416856
58 0.505558 0.487472 0.979909 0.416856
54 0.505168 0.482346 0.971327 0.424829
6 0.505558 0.487472 0.979909 0.416856
61 0.505558 0.487472 0.979909 0.416856
33 0.505558 0.487472 0.979909 0.416856
59 0.505558 0.482346 0.976788 0.430524
68 0.500877 0.48918 0.981469 0.412301
4 0.670567 0.45672 0.618684 0.476082
2 0.672907 0.453374 0.612443 0.487329
57 0.672907 0.453374 0.612443 0.487329
4 0.34406 0.475797 0.638189 0.426538
58 0.672907 0.453374 0.612443 0.487329
39 0.672907 0.453374 0.612443 0.487329
22 0.672907 0.453374 0.612443 0.487329
5 0.672907 0.453374 0.612443 0.487329
23 0.672907 0.453374 0.612443 0.487329
31 0.672907 0.453374 0.612443 0.487329
21 0.672907 0.453374 0.612443 0.487329
52 0.672907 0.453374 0.612443 0.487329
2 0.506338 0.491458 0.972107 0.421412
4 0.506338 0.491458 0.972107 0.421412
3 0.506338 0.491458 0.972107 0.421412
6 0.506338 0.491458 0.972107 0.421412
7 0.506338 0.491458 0.972107 0.421412
52 0.506338 0.491458 0.972107 0.421412
0 0.506338 0.491458 0.972107 0.421412
66 0.506338 0.491458 0.972107 0.421412
54 0.505948 0.487472 0.961965 0.42369
28 0.506338 0.491458 0.972107 0.421412
8 0.506338 0.491458 0.972107 0.421412
60 0.506338 0.491458 0.972107 0.421412
1 0.506338 0.491458 0.972107 0.421412
29 0.506338 0.491458 0.972107 0.421412
20 0.506338 0.491458 0.972107 0.421412
67 0.506338 0.491458 0.972107 0.421412
5 0.506338 0.491458 0.972107 0.421412
56 0.506338 0.491458 0.972107 0.421412
31 0.506338 0.485194 0.968986 0.427107
62 0.506338 0.491458 0.972107 0.421412
34 0.506338 0.491458 0.972107 0.421412
10 0.506338 0.491458 0.972107 0.421412
44 0.506338 0.491458 0.972107 0.421412
22 0.506338 0.491458 0.972107 0.421412
36 0.506338 0.491458 0.972107 0.421412
57 0.506338 0.491458 0.972107 0.421412
45 0.506338 0.491458 0.972107 0.421412
58 0.506338 0.491458 0.972107 0.421412
69 0.506338 0.491458 0.972107 0.421412
61 0.506338 0.491458 0.972107 0.421412
30 0.506338 0.485194 0.968986 0.427107
23 0.506338 0.485194 0.968986 0.427107
32 0.506338 0.491458 0.972107 0.421412
21 0.506338 0.485194 0.968986 0.427107
35 0.506338 0.491458 0.972107 0.421412
39 0.506338 0.485194 0.968986 0.427107
59 0.506338 0.485194 0.968986 0.427107
65 0.506338 0.491458 0.972107 0.421412
68 0.504388 0.496014 0.971327 0.406606
33 0.506338 0.491458 0.972107 0.421412
2 0.638872 0.460706 0.683635 0.481777
31 0.638872 0.460706 0.683635 0.481777
58 0.638872 0.460706 0.683635 0.481777
4 0.505168 0.486617 0.974448 0.42426
3 0.505948 0.492597 0.976008 0.415718
2 0.505948 0.492597 0.976008 0.415718
22 0.505948 0.492597 0.976008 0.415718
23 0.505168 0.486617 0.974448 0.42426
52 0.505948 0.492597 0.976008 0.415718
58 0.505948 0.492597 0.976008 0.415718
59 0.505168 0.486617 0.974448 0.42426
7 0.505948 0.492597 0.976008 0.415718
32 0.505948 0.492597 0.976008 0.415718
1 0.505948 0.492597 0.976008 0.415718
31 0.505168 0.486617 0.974448 0.42426
60 0.505948 0.492597 0.976008 0.415718
5 0.505948 0.492597 0.976008 0.415718
34 0.505948 0.492597 0.976008 0.415718
68 0.505948 0.492597 0.976008 0.415718
0 0.505948 0.492597 0.976008 0.415718
10 0.505948 0.492597 0.976008 0.415718
57 0.505168 0.486617 0.974448 0.42426
67 0.505948 0.492597 0.976008 0.415718
56 0.505948 0.492597 0.976008 0.415718
69 0.505948 0.492597 0.976008 0.415718
28 0.505948 0.492597 0.976008 0.415718
8 0.505948 0.492597 0.976008 0.415718
39 0.505168 0.486617 0.974448 0.42426
66 0.505948 0.492597 0.976008 0.415718
54 0.505948 0.492597 0.976008 0.415718
44 0.505168 0.486617 0.974448 0.42426
29 0.505948 0.492597 0.976008 0.415718
36 0.505168 0.486617 0.974448 0.42426
45 0.505168 0.486617 0.974448 0.42426
6 0.505948 0.492597 0.976008 0.415718
62 0.505168 0.486617 0.974448 0.42426
21 0.505168 0.486617 0.974448 0.42426
30 0.505168 0.486617 0.974448 0.42426
20 0.505168 0.486617 0.974448 0.42426
35 0.505168 0.486617 0.974448 0.42426
61 0.505948 0.492597 0.976008 0.415718
65 0.505168 0.486617 0.974448 0.42426
4 0.619075 0.457289 0.724789 0.486333
58 0.619075 0.457289 0.724789 0.486333
22 0.619075 0.457289 0.724789 0.486333
2 0.619075 0.457289 0.724789 0.486333
52 0.619075 0.457289 0.724789 0.486333
23 0.619075 0.457289 0.724789 0.486333
31 0.619075 0.457289 0.724789 0.486333
57 0.619075 0.457289 0.724789 0.486333
5 0.619075 0.457289 0.724789 0.486333
59 0.619075 0.457289 0.724789 0.486333
4 0.419836 0.541145 0.764383 0.302677
3 0.619075 0.457289 0.724789 0.486333
60 0.619075 0.457289 0.724789 0.486333
32 0.619075 0.457289 0.724789 0.486333
33 0.505168 0.486617 0.974448 0.42426
4 0.500877 0.488041 0.979909 0.416856
3 0.500877 0.488041 0.979909 0.416856
2 0.500877 0.488041 0.979909 0.416856
56 0.500877 0.488041 0.979909 0.416856
60 0.500877 0.488041 0.979909 0.416856
32 0.500877 0.488041 0.979909 0.416856
0 0.500877 0.488041 0.979909 0.416856
22 0.500877 0.488041 0.979909 0.416856
7 0.500877 0.488041 0.979909 0.416856
57 0.500877 0.488041 0.979909 0.416856
31 0.500877 0.488041 0.979909 0.416856
52 0.500877 0.488041 0.979909 0.416856
1 0.500877 0.488041 0.979909 0.416856
68 0.500877 0.488041 0.979909 0.416856
5 0.502437 0.484624 0.973667 0.416856
58 0.500877 0.488041 0.979909 0.416856
23 0.500877 0.488041 0.979909 0.416856
66 0.500877 0.488041 0.979909 0.416856
67 0.500877 0.488041 0.979909 0.416856
54 0.502437 0.484624 0.973667 0.416856
69 0.502437 0.484624 0.973667 0.416856
28 0.502437 0.484624 0.973667 0.416856
10 0.502437 0.484624 0.973667 0.416856
44 0.500877 0.488041 0.979909 0.416856
6 0.500877 0.488041 0.979909 0.416856
20 0.500877 0.488041 0.979909 0.416856
34 0.500877 0.488041 0.979909 0.416856
59 0.500877 0.488041 0.979909 0.416856
39 0.500877 0.488041 0.979909 0.416856
45 0.500877 0.488041 0.979909 0.416856
29 0.500877 0.488041 0.979909 0.416856
30 0.500877 0.488041 0.979909 0.416856
35 0.502437 0.484624 0.973667 0.416856
8 0.502437 0.484624 0.973667 0.416856
62 0.500487 0.482916 0.976008 0.421412
21 0.500487 0.482916 0.976008 0.421412
36 0.502437 0.484624 0.973667 0.416856
61 0.500877 0.488041 0.979909 0.416856
65 0.502437 0.484624 0.973667 0.416856
4 0.661985 0.457289 0.628047 0.476082
57 0.661985 0.457289 0.628047 0.476082
4 0.506338 0.488895 0.972107 0.417426
58 0.506338 0.488895 0.972107 0.417426
3 0.506338 0.488895 0.972107 0.417426
68 0.506338 0.488895 0.972107 0.417426
52 0.506338 0.488895 0.972107 0.417426
22 0.506338 0.488895 0.972107 0.417426
23 0.505558 0.490319 0.970547 0.41344
57 0.506338 0.488895 0.972107 0.417426
2 0.506338 0.488895 0.972107 0.417426
59 0.506338 0.488895 0.972107 0.417426
67 0.506338 0.488895 0.972107 0.417426
32 0.506338 0.488895 0.972107 0.417426
60 0.506338 0.488895 0.972107 0.417426
7 0.506728 0.485194 0.968206 0.425968
5 0.506728 0.485194 0.968206 0.425968
31 0.506338 0.488895 0.972107 0.417426
1 0.506338 0.488895 0.972107 0.417426
28 0.506728 0.485194 0.968206 0.425968
10 0.506338 0.488895 0.972107 0.417426
69 0.506338 0.488895 0.972107 0.417426
34 0.506728 0.485194 0.968206 0.425968
56 0.506338 0.488895 0.972107 0.417426
0 0.506338 0.488895 0.972107 0.417426
39 0.505558 0.490319 0.970547 0.41344
45 0.505558 0.490319 0.970547 0.41344
8 0.506728 0.485194 0.968206 0.425968
6 0.506728 0.485194 0.968206 0.425968
29 0.506728 0.485194 0.968206 0.425968
36 0.506728 0.485194 0.968206 0.425968
44 0.505558 0.490319 0.970547 0.41344
21 0.505558 0.490319 0.970547 0.41344
54 0.506338 0.488895 0.972107 0.417426
62 0.505558 0.490319 0.970547 0.41344
4 0.620245 0.455296 0.714647 0.469818
58 0.613126 0.45736 0.727325 0.473662
66 0.506338 0.488895 0.972107 0.417426
20 0.505558 0.490319 0.970547 0.41344
57 0.620245 0.455296 0.714647 0.469818
61 0.506728 0.485194 0.968206 0.425968
30 0.506338 0.488895 0.972107 0.417426
35 0.506728 0.485194 0.968206 0.425968
2 0.613126 0.45736 0.727325 0.473662
22 0.613126 0.45736 0.727325 0.473662
23 0.613126 0.45736 0.727325 0.473662
59 0.613126 0.45736 0.727325 0.473662
65 0.506728 0.485194 0.968206 0.425968
52 0.613126 0.45736 0.727325 0.473662
58 0.356348 0.498007 0.668226 0.396925
4 0.503218 0.47836 0.976788 0.429385
3 0.504778 0.480638 0.973667 0.427107
68 0.504778 0.480638 0.973667 0.427107
57 0.504778 0.480638 0.973667 0.427107
58 0.503218 0.47836 0.976788 0.429385
23 0.502437 0.472096 0.970547 0.443052
22 0.503218 0.47836 0.976788 0.429385
7 0.504778 0.480638 0.973667 0.427107
32 0.504778 0.480638 0.973667 0.427107
28 0.504778 0.480638 0.973667 0.427107
0 0.503218 0.47836 0.976788 0.429385
56 0.503218 0.47836 0.976788 0.429385
52 0.504778 0.480638 0.973667 0.427107
2 0.502437 0.472096 0.970547 0.443052
67 0.503218 0.47836 0.976788 0.429385
59 0.503218 0.47836 0.976788 0.429385
31 0.503218 0.47836 0.976788 0.429385
44 0.502437 0.472096 0.970547 0.443052
60 0.502437 0.472096 0.970547 0.443052
5 0.504778 0.480638 0.973667 0.427107
34 0.502437 0.472096 0.970547 0.443052
10 0.504778 0.480638 0.973667 0.427107
39 0.502437 0.472096 0.970547 0.443052
1 0.504778 0.480638 0.973667 0.427107
54 0.503218 0.47836 0.976788 0.429385
45 0.502437 0.472096 0.970547 0.443052
69 0.502437 0.472096 0.970547 0.443052
21 0.502437 0.472096 0.970547 0.443052
8 0.504778 0.480638 0.973667 0.427107
29 0.504778 0.480638 0.973667 0.427107
6 0.504778 0.480638 0.973667 0.427107
36 0.500097 0.486617 0.968986 0.410592
66 0.500487 0.484624 0.971327 0.41344
35 0.500487 0.484624 0.971327 0.41344
20 0.502437 0.472096 0.970547 0.443052
62 0.502437 0.472096 0.970547 0.443052
30 0.503218 0.47836 0.976788 0.429385
61 0.504778 0.480638 0.973667 0.427107
4 0.500487 0.470957 0.982249 0.447608
3 0.501657 0.47779 0.978348 0.438497
68 0.501657 0.47779 0.978348 0.438497
58 0.500487 0.470957 0.982249 0.447608
57 0.501657 0.47779 0.978348 0.438497
22 0.500487 0.470957 0.982249 0.447608
23 0.500097 0.466116 0.978348 0.453872
2 0.501657 0.47779 0.978348 0.438497
31 0.500487 0.470957 0.982249 0.447608
7 0.501657 0.47779 0.978348 0.438497
5 0.501657 0.47779 0.978348 0.438497
60 0.500097 0.466116 0.978348 0.453872
32 0.497756 0.481207 0.98615 0.424829
52 0.500097 0.466116 0.978348 0.453872
28 0.501657 0.47779 0.978348 0.438497
67 0.500487 0.470957 0.982249 0.447608
0 0.500487 0.470957 0.982249 0.447608
56 0.500487 0.470957 0.982249 0.447608
59 0.500097 0.466116 0.978348 0.453872
1 0.501657 0.47779 0.978348 0.438497
69 0.500097 0.466116 0.978348 0.453872
39 0.500097 0.466116 0.978348 0.453872
34 0.501657 0.47779 0.978348 0.438497
10 0.501657 0.47779 0.978348 0.438497
6 0.501657 0.47779 0.978348 0.438497
54 0.501657 0.47779 0.978348 0.438497
44 0.500097 0.466116 0.978348 0.453872
29 0.501657 0.47779 0.978348 0.438497
45 0.501657 0.47779 0.978348 0.438497
8 0.501657 0.47779 0.978348 0.438497
66 0.506338 0.454157 0.978348 0.480068
30 0.495416 0.478929 0.981469 0.428246
21 0.500097 0.466116 0.978348 0.453872
20 0.501657 0.47779 0.978348 0.438497
35 0.501657 0.47779 0.978348 0.438497
36 0.496976 0.4832 0.981469 0.423121
62 0.500097 0.466116 0.978348 0.453872
61 0.495416 0.478929 0.981469 0.428246
4 0.505168 0.47836 0.980689 0.439636
3 0.505948 0.479499 0.976008 0.430524
58 0.504778 0.47238 0.976788 0.444761
68 0.505948 0.479499 0.976008 0.430524
23 0.504778 0.47238 0.976788 0.444761
2 0.505948 0.479499 0.976008 0.430524
22 0.504778 0.47238 0.976788 0.444761
5 0.505948 0.479499 0.976008 0.430524
32 0.505948 0.479499 0.976008 0.430524
57 0.505948 0.479499 0.976008 0.430524
59 0.504778 0.47238 0.976788 0.444761
67 0.505168 0.47836 0.980689 0.439636
31 0.505168 0.47836 0.980689 0.439636
0 0.502047 0.484055 0.980689 0.424829
28 0.505948 0.479499 0.976008 0.430524
7 0.505948 0.479499 0.976008 0.430524
56 0.505168 0.47836 0.980689 0.439636
1 0.505948 0.479499 0.976008 0.430524
34 0.505948 0.479499 0.976008 0.430524
52 0.505948 0.479499 0.976008 0.430524
60 0.504778 0.47238 0.976788 0.444761
39 0.504778 0.47238 0.976788 0.444761
69 0.505948 0.479499 0.976008 0.430524
45 0.505948 0.479499 0.976008 0.430524
54 0.505948 0.479499 0.976008 0.430524
6 0.505948 0.479499 0.976008 0.430524
10 0.504778 0.47238 0.976788 0.444761
29 0.505948 0.479499 0.976008 0.430524
8 0.505948 0.479499 0.976008 0.430524
44 0.504778 0.47238 0.976788 0.444761
30 0.499317 0.479784 0.976788 0.427677
20 0.505948 0.479499 0.976008 0.430524
66 0.505948 0.479499 0.976008 0.430524
36 0.500877 0.484624 0.973667 0.415718
35 0.505948 0.479499 0.976008 0.430524
21 0.504778 0.47238 0.976788 0.444761
4 0.654573 0.46875 0.649112 0.453161
4 0.503998 0.463838 0.98615 0.464123
3 0.503998 0.463838 0.98615 0.464123
2 0.503998 0.463838 0.98615 0.464123
57 0.503998 0.463838 0.98615 0.464123
58 0.503998 0.463838 0.98615 0.464123
7 0.503998 0.463838 0.98615 0.464123
68 0.503998 0.463838 0.98615 0.464123
5 0.503998 0.463838 0.98615 0.464123
23 0.502827 0.460706 0.988491 0.473804
22 0.502827 0.460706 0.988491 0.473804
56 0.502827 0.460706 0.988491 0.473804
1 0.503998 0.463838 0.98615 0.464123
52 0.503998 0.463838 0.98615 0.464123
32 0.503998 0.463838 0.98615 0.464123
34 0.503998 0.463838 0.98615 0.464123
69 0.503998 0.463838 0.98615 0.464123
0 0.496196 0.461845 0.98303 0.474943
28 0.503998 0.463838 0.98615 0.464123
31 0.503998 0.463838 0.98615 0.464123
60 0.503998 0.463838 0.98615 0.464123
39 0.503998 0.463838 0.98615 0.464123
67 0.502827 0.460706 0.988491 0.473804
8 0.503998 0.463838 0.98615 0.464123
10 0.503998 0.463838 0.98615 0.464123
59 0.495806 0.473804 0.98381 0.444191
45 0.503998 0.463838 0.98615 0.464123
6 0.503998 0.463838 0.98615 0.464123
54 0.503998 0.463838 0.98615 0.464123
44 0.503998 0.463838 0.98615 0.464123
21 0.503998 0.463838 0.98615 0.464123
29 0.495806 0.473804 0.98381 0.444191
35 0.503998 0.463838 0.98615 0.464123
20 0.503998 0.463838 0.98615 0.464123
66 0.503998 0.463838 0.98615 0.464123
2 0.373317 0.464977 0.713086 0.433371
4 0.373317 0.464977 0.713086 0.433371
36 0.495806 0.473804 0.98381 0.444191
5 0.373317 0.464977 0.713086 0.433371
57 0.373317 0.464977 0.713086 0.433371
61 0.503998 0.463838 0.98615 0.464123
4 0.698653 0.453303 0.576555 0.462415
4 0.503998 0.468038 0.98303 0.452306
3 0.504778 0.466116 0.981469 0.457289
2 0.508679 0.459567 0.976788 0.470387
57 0.504778 0.466116 0.981469 0.457289
7 0.508679 0.459567 0.976788 0.470387
68 0.501657 0.474374 0.981469 0.439635
5 0.508679 0.459567 0.976788 0.470387
58 0.504778 0.466116 0.981469 0.457289
1 0.508679 0.459567 0.976788 0.470387
32 0.501657 0.474374 0.981469 0.439635
56 0.503998 0.468038 0.98303 0.452306
0 0.501657 0.474374 0.981469 0.439635
22 0.501657 0.474374 0.981469 0.439635
31 0.501657 0.474374 0.981469 0.439635
28 0.504778 0.466116 0.981469 0.457289
23 0.501657 0.474374 0.981469 0.439635
39 0.504778 0.466116 0.981469 0.457289
59 0.501657 0.474374 0.981469 0.439635
67 0.501657 0.474374 0.981469 0.439635
45 0.504778 0.466116 0.981469 0.457289
60 0.503998 0.466401 0.979909 0.453303
34 0.504778 0.466116 0.981469 0.457289
6 0.508679 0.459567 0.976788 0.470387
54 0.504778 0.466116 0.981469 0.457289
8 0.504778 0.466116 0.981469 0.457289
29 0.501657 0.474374 0.981469 0.439635
52 0.504778 0.466116 0.981469 0.457289
10 0.499707 0.472096 0.976008 0.443052
20 0.504778 0.466116 0.981469 0.457289
44 0.503998 0.466401 0.979909 0.453303
69 0.504778 0.466116 0.981469 0.457289
66 0.508679 0.459567 0.976788 0.470387
4 0.345231 0.480638 0.659254 0.425968
4 0.667836 0.472096 0.589818 0.443052
4 0.456407 0.402335 0.797346 0.573462
4 0.506728 0.464123 0.98381 0.471526
3 0.506728 0.464123 0.98381 0.471526
2 0.510142 0.459852 0.979715 0.481207
1 0.506728 0.464123 0.98381 0.471526
5 0.510142 0.459852 0.979715 0.481207
7 0.510142 0.459852 0.979715 0.481207
0 0.503998 0.472096 0.98303 0.454442
56 0.506338 0.462415 0.98615 0.473804
57 0.506728 0.464123 0.98381 0.471526
58 0.506728 0.464123 0.98381 0.471526
68 0.506338 0.462415 0.98615 0.473804
32 0.503998 0.472096 0.98303 0.454442
22 0.509752 0.458998 0.980495 0.47836
39 0.506728 0.464123 0.98381 0.471526
28 0.506728 0.464123 0.98381 0.471526
31 0.500877 0.469818 0.976788 0.454442
60 0.510142 0.459852 0.979715 0.481207
45 0.506728 0.464123 0.98381 0.471526
67 0.503998 0.472096 0.98303 0.454442
8 0.506728 0.464123 0.98381 0.471526
34 0.506728 0.464123 0.98381 0.471526
23 0.503998 0.472096 0.98303 0.454442
59 0.503998 0.472096 0.98303 0.454442
54 0.506338 0.462415 0.98615 0.473804
6 0.510142 0.459852 0.979715 0.481207
69 0.509752 0.458998 0.980495 0.47836
10 0.510142 0.459852 0.979715 0.481207
52 0.506728 0.464123 0.98381 0.471526
29 0.503998 0.472096 0.98303 0.454442
66 0.509752 0.458998 0.980495 0.47836
20 0.500877 0.469818 0.976788 0.454442
4 0.42637 0.502847 0.724789 0.38041
4 0.500877 0.47295 0.98459 0.450456
3 0.507118 0.470672 0.98303 0.457289
2 0.507118 0.470672 0.98303 0.457289
5 0.507118 0.470672 0.98303 0.457289
57 0.507118 0.470672 0.98303 0.457289
58 0.500097 0.46754 0.98459 0.455581
68 0.506338 0.464123 0.98615 0.468109
1 0.507118 0.470672 0.98303 0.457289
0 0.500097 0.46754 0.98459 0.455581
28 0.507118 0.470672 0.98303 0.457289
32 0.500097 0.46754 0.98459 0.455581
56 0.506338 0.462415 0.98459 0.465831
7 0.507118 0.470672 0.98303 0.457289
23 0.500097 0.46754 0.98459 0.455581
22 0.506338 0.462415 0.98459 0.465831
59 0.500097 0.46754 0.98459 0.455581
34 0.507118 0.470672 0.98303 0.457289
39 0.507118 0.470672 0.98303 0.457289
54 0.506338 0.464123 0.98615 0.468109
31 0.500097 0.46754 0.98459 0.455581
69 0.507118 0.470672 0.98303 0.457289
67 0.500877 0.47295 0.98459 0.450456
60 0.500097 0.46754 0.98459 0.455581
45 0.507118 0.470672 0.98303 0.457289
8 0.507118 0.470672 0.98303 0.457289
29 0.500877 0.47295 0.98459 0.450456
10 0.496976 0.479784 0.978348 0.436788
6 0.507118 0.470672 0.98303 0.457289
52 0.507118 0.470672 0.98303 0.457289
4 0.63263 0.459852 0.710161 0.475513
4 0.380729 0.486333 0.724009 0.414579
44 0.506338 0.462415 0.98459 0.465831
2 0.645113 0.455866 0.685195 0.455011
4 0.504778 0.462699 0.98459 0.469818
3 0.508582 0.457859 0.982836 0.476082
68 0.504778 0.462699 0.98459 0.469818
58 0.505558 0.46633 0.98303 0.458001
57 0.500877 0.470957 0.98303 0.454442
2 0.505948 0.464408 0.980689 0.461845
1 0.500877 0.470957 0.98303 0.454442
5 0.505948 0.464408 0.980689 0.461845
22 0.505558 0.46633 0.98303 0.458001
23 0.505558 0.46633 0.98303 0.458001
28 0.504778 0.462699 0.98459 0.469818
32 0.500877 0.470957 0.98303 0.454442
0 0.500877 0.470957 0.98303 0.454442
56 0.504778 0.462699 0.98459 0.469818
7 0.505948 0.464408 0.980689 0.461845
59 0.500877 0.470957 0.98303 0.454442
31 0.500877 0.470957 0.98303 0.454442
67 0.500877 0.470957 0.98303 0.454442
52 0.500877 0.470885 0.981469 0.451167
34 0.505948 0.464408 0.980689 0.461845
54 0.504778 0.462699 0.98459 0.469818
60 0.505558 0.46633 0.98303 0.458001
39 0.505558 0.46633 0.98303 0.458001
69 0.508582 0.457859 0.982836 0.476082
29 0.505948 0.464408 0.980689 0.461845
10 0.505558 0.46633 0.98303 0.458001
45 0.505948 0.464408 0.980689 0.461845
6 0.500877 0.470957 0.98303 0.454442
44 0.505558 0.46633 0.98303 0.458001
8 0.505558 0.46633 0.98303 0.458001
3 0.501267 0.479499 0.977568 0.43508
4 0.501267 0.479499 0.977568 0.43508
2 0.506338 0.463554 0.976788 0.474943
5 0.504778 0.472096 0.981469 0.454442
57 0.504778 0.472096 0.981469 0.454442
58 0.501267 0.479499 0.977568 0.43508
1 0.506338 0.46156 0.978348 0.470957
68 0.501267 0.479499 0.977568 0.43508
0 0.504778 0.472096 0.981469 0.454442
56 0.504778 0.472096 0.981469 0.454442
22 0.501267 0.479499 0.977568 0.43508
28 0.501267 0.479499 0.977568 0.43508
32 0.501267 0.479499 0.977568 0.43508
7 0.506338 0.463554 0.976788 0.474943
34 0.504778 0.472096 0.981469 0.454442
23 0.500487 0.476651 0.977568 0.43508
69 0.506338 0.46156 0.978348 0.470957
59 0.501267 0.479499 0.977568 0.43508
52 0.500487 0.476651 0.977568 0.43508
31 0.499317 0.481207 0.975228 0.436219
10 0.499317 0.481207 0.975228 0.436219
45 0.504778 0.472096 0.981469 0.454442
29 0.501267 0.479499 0.977568 0.43508
39 0.504778 0.472096 0.981469 0.454442
54 0.503218 0.465903 0.981469 0.457716
60 0.506338 0.463554 0.976788 0.474943
67 0.501267 0.479499 0.977568 0.43508
6 0.506338 0.463554 0.976788 0.474943
8 0.503218 0.465903 0.981469 0.457716
2 0.637409 0.465831 0.672517 0.465831
4 0.506728 0.461845 0.980689 0.46697
3 0.501657 0.466116 0.981469 0.458428
1 0.509069 0.455296 0.980689 0.47779
68 0.501657 0.466116 0.981469 0.458428
5 0.509849 0.458998 0.977568 0.476082
0 0.501657 0.466116 0.981469 0.458428
57 0.501657 0.466116 0.981469 0.458428
28 0.506728 0.461845 0.980689 0.46697
2 0.511313 0.45672 0.977375 0.47836
32 0.501657 0.466116 0.981469 0.458428
58 0.499317 0.469248 0.976788 0.448747
31 0.499317 0.469248 0.976788 0.448747
56 0.501657 0.466116 0.981469 0.458428
7 0.499317 0.469248 0.976788 0.448747
22 0.501657 0.466116 0.981469 0.458428
54 0.501657 0.466116 0.981469 0.458428
67 0.501657 0.466116 0.981469 0.458428
59 0.499317 0.469248 0.976788 0.448747
39 0.506338 0.458144 0.979909 0.473235
23 0.499317 0.469248 0.976788 0.448747
6 0.499317 0.469248 0.976788 0.448747
45 0.499317 0.469248 0.976788 0.448747
60 0.506338 0.458144 0.979909 0.473235
29 0.499317 0.469248 0.976788 0.448747
34 0.499317 0.469248 0.976788 0.448747
8 0.499317 0.469248 0.976788 0.448747
4 0.360834 0.477221 0.691241 0.446469
10 0.499317 0.469248 0.976788 0.448747
69 0.506728 0.461845 0.980689 0.46697
3 0.505558 0.464123 0.98459 0.465831
4 0.505558 0.464123 0.98459 0.465831
2 0.505558 0.464123 0.98459 0.465831
5 0.505558 0.464123 0.98459 0.465831
1 0.505558 0.464123 0.98459 0.465831
0 0.505558 0.464123 0.98459 0.465831
57 0.505558 0.464123 0.98459 0.465831
28 0.505558 0.464123 0.98459 0.465831
7 0.501657 0.470672 0.979909 0.450456
56 0.504778 0.460208 0.983029 0.474801
68 0.505558 0.464123 0.98459 0.465831
22 0.504778 0.460208 0.983029 0.474801
58 0.501657 0.462984 0.981469 0.469248
31 0.501657 0.470672 0.979909 0.450456
32 0.503218 0.467611 0.98459 0.459994
34 0.505558 0.464123 0.98459 0.465831
45 0.501657 0.470672 0.979909 0.450456
39 0.501657 0.470672 0.979909 0.450456
23 0.504778 0.460208 0.983029 0.474801
8 0.505558 0.464123 0.98459 0.465831
69 0.505558 0.464123 0.98459 0.465831
54 0.504778 0.460208 0.983029 0.474801
60 0.504778 0.460208 0.983029 0.474801
29 0.501657 0.470672 0.979909 0.450456
10 0.501657 0.470672 0.979909 0.450456
4 0.504291 0.481207 0.991418 0.430524
3 0.504291 0.481207 0.991418 0.430524
2 0.510923 0.460991 0.978155 0.476651
5 0.510923 0.460991 0.978155 0.476651
1 0.510923 0.460991 0.978155 0.476651
57 0.504291 0.481207 0.991418 0.430524
0 0.504291 0.481207 0.991418 0.430524
56 0.506241 0.465191 0.987517 0.461418
28 0.507022 0.468394 0.985957 0.457289
7 0.510923 0.460991 0.978155 0.476651
68 0.504291 0.481207 0.991418 0.430524
31 0.502437 0.480068 0.98459 0.429385
45 0.504291 0.481207 0.991418 0.430524
32 0.504291 0.481207 0.991418 0.430524
4 0.642187 0.476082 0.689486 0.439636
22 0.504291 0.481207 0.991418 0.430524
2 0.642187 0.476082 0.689486 0.439636
34 0.511313 0.459496 0.977375 0.472807
58 0.504291 0.481207 0.991418 0.430524
5 0.642187 0.476082 0.689486 0.439636
3 0.642187 0.476082 0.689486 0.439636
54 0.504291 0.481207 0.991418 0.430524
29 0.504291 0.481207 0.991418 0.430524
1 0.642187 0.476082 0.689486 0.439636
39 0.502827 0.477506 0.988491 0.436788
4 0.508289 0.422836 0.773161 0.54385
8 0.506241 0.465191 0.987517 0.461418
57 0.642187 0.476082 0.689486 0.439636
0 0.642187 0.476082 0.689486 0.439636
3 0.503218 0.465333 0.98615 0.4543
4 0.498536 0.479214 0.98459 0.433371
2 0.506338 0.461845 0.981469 0.472665
5 0.503608 0.471811 0.98381 0.448178
57 0.498536 0.479214 0.98459 0.433371
1 0.506338 0.459852 0.98459 0.473235
0 0.498536 0.479214 0.98459 0.433371
56 0.503218 0.465333 0.98615 0.4543
28 0.503218 0.465333 0.98615 0.4543
58 0.503608 0.471811 0.98381 0.448178
7 0.496586 0.482916 0.979129 0.422551
68 0.498536 0.479214 0.98459 0.433371
22 0.503218 0.465333 0.98615 0.4543
31 0.496586 0.482916 0.979129 0.422551
32 0.497756 0.476651 0.98459 0.430524
45 0.498536 0.479214 0.98459 0.433371
34 0.503608 0.471811 0.98381 0.448178
39 0.497756 0.476651 0.98459 0.430524
29 0.503218 0.465333 0.98615 0.4543
60 0.503218 0.465333 0.98615 0.4543
54 0.503218 0.465333 0.98615 0.4543
4 0.439633 0.519932 0.72947 0.341686
59 0.497756 0.476651 0.98459 0.430524
4 0.503511 0.461845 0.992978 0.469248
3 0.505071 0.455866 0.989858 0.478929
2 0.510923 0.455296 0.978155 0.478929
57 0.504681 0.458144 0.990638 0.47779
5 0.511703 0.458713 0.976595 0.478929
0 0.506241 0.460421 0.987517 0.470957
1 0.514043 0.455581 0.971913 0.482916
56 0.505071 0.455866 0.989858 0.478929
68 0.503511 0.461845 0.992978 0.469248
58 0.505071 0.455866 0.989858 0.478929
28 0.506241 0.460421 0.987517 0.470957
32 0.503511 0.461845 0.992978 0.469248
7 0.505071 0.455866 0.989858 0.478929
31 0.503511 0.461845 0.992978 0.469248
22 0.505071 0.455866 0.989858 0.478929
67 0.503511 0.461845 0.992978 0.469248
69 0.505071 0.455866 0.989858 0.478929
59 0.502437 0.460706 0.992392 0.469248
54 0.503511 0.461845 0.992978 0.469248
6 0.503511 0.461845 0.992978 0.469248
60 0.505071 0.455866 0.989858 0.478929
29 0.503511 0.461845 0.992978 0.469248
4 0.624536 0.484055 0.734151 0.42369
45 0.506241 0.460421 0.987517 0.470957
2 0.624536 0.484055 0.734151 0.42369
23 0.505071 0.455866 0.989858 0.478929
34 0.506241 0.460421 0.987517 0.470957
39 0.505071 0.455866 0.989858 0.478929
3 0.505558 0.465831 0.987711 0.460137
2 0.505558 0.465831 0.987711 0.460137
4 0.501267 0.476936 0.982249 0.437927
1 0.507022 0.457859 0.985957 0.465831
5 0.505558 0.465831 0.987711 0.460137
57 0.505558 0.465831 0.987711 0.460137
0 0.505558 0.465831 0.987711 0.460137
58 0.503218 0.47238 0.987711 0.439066
56 0.505558 0.465831 0.987711 0.460137
28 0.503218 0.47836 0.987711 0.429385
7 0.501267 0.476936 0.982249 0.437927
68 0.503218 0.47238 0.987711 0.439066
32 0.503218 0.47238 0.987711 0.439066
22 0.503218 0.47836 0.987711 0.429385
23 0.503218 0.47836 0.987711 0.429385
31 0.501267 0.476936 0.982249 0.437927
34 0.501267 0.476936 0.982249 0.437927
59 0.503218 0.47836 0.987711 0.429385
69 0.507022 0.457859 0.985957 0.465831
3 0.478252 0.519362 0.887847 0.345102
45 0.501267 0.476936 0.982249 0.437927
29 0.501267 0.476936 0.982249 0.437927
39 0.503218 0.47836 0.987711 0.429385
3 0.508582 0.458713 0.982836 0.466401
4 0.503608 0.465547 0.974448 0.457289
2 0.509362 0.456435 0.981276 0.474374
5 0.508582 0.458713 0.982836 0.466401
1 0.508582 0.458713 0.982836 0.466401
57 0.505168 0.461845 0.977568 0.464692
0 0.508582 0.458713 0.982836 0.466401
56 0.505168 0.461845 0.977568 0.464692
28 0.508582 0.458713 0.982836 0.466401
68 0.505168 0.461845 0.977568 0.464692
58 0.503608 0.465547 0.974448 0.457289
32 0.505168 0.461845 0.977568 0.464692
31 0.503608 0.465547 0.974448 0.457289
22 0.508582 0.458357 0.982836 0.475085
69 0.509752 0.455866 0.980495 0.476651
45 0.503608 0.465547 0.974448 0.457289
7 0.509362 0.456435 0.981276 0.474374
34 0.508582 0.458713 0.982836 0.466401
10 0.503608 0.465547 0.974448 0.457289
4 0.343865 0.479499 0.645601 0.43508
54 0.508582 0.458357 0.982836 0.475085
52 0.503608 0.465547 0.974448 0.457289
23 0.503608 0.465547 0.974448 0.457289
3 0.503218 0.458499 0.990831 0.48619
4 0.500097 0.458998 0.989271 0.480638
2 0.509362 0.458143 0.981276 0.483485
5 0.508972 0.458143 0.982056 0.482346
57 0.503218 0.458713 0.990831 0.481207
1 0.504778 0.461204 0.987711 0.475085
0 0.503218 0.458499 0.990831 0.48619
56 0.503218 0.458499 0.990831 0.48619
28 0.503218 0.458499 0.990831 0.48619
7 0.503218 0.458499 0.990831 0.48619
68 0.503218 0.458499 0.990831 0.48619
58 0.503218 0.458499 0.990831 0.48619
31 0.500097 0.458998 0.989271 0.480638
32 0.500097 0.458998 0.989271 0.480638
22 0.503218 0.458499 0.990831 0.48619
45 0.500097 0.458998 0.989271 0.480638
4 0.464208 0.521071 0.831674 0.348519
34 0.509362 0.458143 0.981276 0.483485
54 0.503218 0.458499 0.990831 0.48619
4 0.646771 0.476651 0.674077 0.440775
59 0.499317 0.455296 0.989271 0.491458
29 0.500097 0.458998 0.989271 0.480638
3 0.500877 0.464408 0.98615 0.461845
4 0.496196 0.470387 0.98303 0.444191
5 0.506338 0.457574 0.979909 0.465262
0 0.506338 0.457574 0.979909 0.465262
1 0.506338 0.457574 0.979909 0.465262
2 0.506338 0.460137 0.979909 0.471526
57 0.496196 0.470387 0.98303 0.444191
28 0.500877 0.463482 0.987711 0.458001
56 0.500097 0.460635 0.98615 0.463696
68 0.496196 0.470387 0.98303 0.444191
22 0.495416 0.468109 0.981469 0.447608
31 0.495416 0.471526 0.979909 0.447608
7 0.500097 0.460635 0.98615 0.463696
32 0.496196 0.470387 0.98303 0.444191
58 0.495416 0.471526 0.979909 0.447608
45 0.495416 0.471526 0.979909 0.447608
34 0.500097 0.460635 0.98615 0.463696
54 0.500097 0.460635 0.98615 0.463696
4 0.445094 0.415433 0.72791 0.557517
4 0.65311 0.456649 0.652037 0.469391
4 0.364735 0.482062 0.701384 0.432232
3 0.502437 0.468679 0.98459 0.45672
4 0.499317 0.476651 0.98303 0.440775
5 0.502437 0.468679 0.98459 0.45672
2 0.502437 0.468679 0.98459 0.45672
1 0.504778 0.45672 0.981469 0.479499
0 0.502437 0.468679 0.98459 0.45672
57 0.502437 0.468679 0.98459 0.45672
56 0.502437 0.468679 0.98459 0.45672
28 0.502437 0.460777 0.98615 0.465689
7 0.497756 0.483485 0.976788 0.425968
68 0.502437 0.460777 0.98615 0.465689
31 0.497756 0.483485 0.976788 0.425968
58 0.502437 0.468679 0.98459 0.45672
22 0.499317 0.475797 0.98303 0.433371
4 0.642187 0.457859 0.675443 0.480638
32 0.499317 0.475797 0.98303 0.433371
34 0.502437 0.468679 0.98459 0.45672
4 0.351082 0.490888 0.656913 0.425968
3 0.503218 0.462415 0.98459 0.471526
5 0.503218 0.462415 0.98459 0.471526
4 0.503218 0.462415 0.98459 0.471526
0 0.503218 0.462415 0.98459 0.471526
1 0.503218 0.462415 0.98459 0.471526
2 0.503218 0.462415 0.98459 0.471526
57 0.503218 0.459282 0.98615 0.478929
28 0.507899 0.456079 0.978348 0.481919
56 0.503218 0.462415 0.98459 0.471526
22 0.503218 0.460706 0.98459 0.47836
7 0.499317 0.475797 0.979909 0.442483
68 0.503218 0.462415 0.98459 0.471526
58 0.499317 0.475797 0.979909 0.442483
54 0.503218 0.460706 0.98459 0.47836
31 0.499317 0.475797 0.979909 0.442483
32 0.499317 0.467469 0.981469 0.461418
34 0.499317 0.475797 0.979909 0.442483
45 0.499317 0.475797 0.979909 0.442483
5 0.666666 0.45074 0.617124 0.469818
4 0.495416 0.483485 0.976788 0.433941
3 0.499707 0.468679 0.980689 0.454442
5 0.503218 0.460137 0.978348 0.472665
1 0.503218 0.460137 0.978348 0.472665
0 0.499707 0.468679 0.980689 0.454442
2 0.503998 0.461276 0.978348 0.47836
57 0.499707 0.468679 0.980689 0.454442
28 0.501657 0.460706 0.978348 0.473804
56 0.499707 0.468679 0.980689 0.454442
31 0.494636 0.484055 0.970547 0.42369
7 0.503218 0.460137 0.978348 0.472665
68 0.498926 0.46818 0.982249 0.467967
32 0.495416 0.483485 0.976788 0.433941
22 0.495806 0.485478 0.979129 0.433371
4 0.64053 0.454371 0.675638 0.458001
58 0.499707 0.468679 0.980689 0.454442
45 0.494636 0.484055 0.970547 0.42369
3 0.500877 0.469533 0.98615 0.464123
4 0.495416 0.481777 0.978348 0.436219
5 0.505558 0.461347 0.979909 0.474801
68 0.505558 0.461347 0.979909 0.474801
1 0.505558 0.461347 0.979909 0.474801
0 0.500877 0.469533 0.98615 0.464123
28 0.505558 0.461347 0.979909 0.474801
57 0.500877 0.469533 0.98615 0.464123
2 0.494636 0.478075 0.981469 0.43451
22 0.494636 0.478075 0.981469 0.43451
58 0.505558 0.461347 0.979909 0.474801
56 0.500877 0.469533 0.98615 0.464123
32 0.505558 0.461347 0.979909 0.474801
7 0.494636 0.478075 0.981469 0.43451
69 0.500097 0.467611 0.987711 0.457716
31 0.494636 0.478075 0.981469 0.43451
59 0.500877 0.469533 0.98615 0.464123
23 0.494636 0.478075 0.981469 0.43451
54 0.500097 0.467611 0.987711 0.457716
45 0.495416 0.481777 0.978348 0.436219
3 0.508289 0.453018 0.980689 0.482346
4 0.505558 0.466686 0.979909 0.457289
5 0.508289 0.453018 0.980689 0.482346
1 0.508289 0.453018 0.980689 0.482346
0 0.506338 0.458428 0.983029 0.468109
2 0.506338 0.458428 0.983029 0.468109
57 0.505558 0.466686 0.979909 0.457289
28 0.508289 0.453018 0.980689 0.482346
56 0.506338 0.458428 0.983029 0.468109
68 0.505558 0.459282 0.98615 0.478929
22 0.505558 0.459282 0.98615 0.478929
31 0.504778 0.469248 0.975228 0.446469
32 0.505558 0.466686 0.979909 0.457289
7 0.509362 0.45672 0.981276 0.484055
45 0.505558 0.466686 0.979909 0.457289
58 0.506338 0.458428 0.983029 0.468109
4 0.646771 0.452805 0.675638 0.483912
3 0.500097 0.476082 0.987711 0.448747
4 0.500097 0.476082 0.987711 0.448747
0 0.502437 0.470102 0.987711 0.458428
1 0.502437 0.470102 0.987711 0.458428
5 0.502437 0.470102 0.987711 0.458428
57 0.502437 0.466472 0.989271 0.467967
2 0.502437 0.470102 0.987711 0.458428
28 0.502437 0.463269 0.989271 0.472096
56 0.502437 0.470102 0.987711 0.458428
68 0.500097 0.476082 0.987711 0.448747
31 0.500097 0.476082 0.987711 0.448747
32 0.500097 0.476082 0.987711 0.448747
7 0.507899 0.458926 0.979909 0.477363
45 0.500097 0.476082 0.987711 0.448747
22 0.500097 0.476082 0.987711 0.448747
3 0.500097 0.465262 0.98459 0.465831
4 0.495026 0.466686 0.977568 0.458428
57 0.495026 0.466686 0.977568 0.458428
0 0.500097 0.465262 0.98459 0.465831
1 0.505948 0.459567 0.974448 0.476082
2 0.500097 0.465262 0.98459 0.465831
28 0.499707 0.461276 0.98537 0.46697
68 0.499707 0.461276 0.98537 0.46697
56 0.500097 0.465262 0.98459 0.465831
5 0.500097 0.465262 0.98459 0.465831
32 0.495026 0.466686 0.977568 0.458428
31 0.493855 0.474089 0.972107 0.448178
58 0.500097 0.465262 0.98459 0.465831
22 0.495026 0.468038 0.979129 0.455723
7 0.506728 0.458927 0.977568 0.471669
45 0.493855 0.474089 0.972107 0.448178
4 0.498146 0.470672 0.988491 0.450456
3 0.508582 0.464408 0.982836 0.475513
0 0.501657 0.463269 0.989271 0.459567
57 0.501657 0.463269 0.989271 0.459567
5 0.507509 0.458998 0.982249 0.474943
1 0.507509 0.458998 0.982249 0.474943
28 0.501267 0.467469 0.991612 0.468252
56 0.501657 0.463269 0.989271 0.459567
68 0.501267 0.467469 0.991612 0.468252
2 0.501657 0.463269 0.989271 0.459567
31 0.496976 0.474374 0.981469 0.43508
32 0.498146 0.470672 0.988491 0.450456
7 0.508582 0.464408 0.982836 0.475513
22 0.497756 0.481777 0.989271 0.439636
45 0.501657 0.463269 0.989271 0.459567
3 0.496196 0.464977 0.98303 0.457289
4 0.496196 0.464977 0.98303 0.457289
5 0.505558 0.456435 0.979909 0.473235
0 0.500097 0.460421 0.987711 0.46754
28 0.500877 0.457289 0.987711 0.468109
1 0.496196 0.464977 0.98303 0.457289
57 0.500097 0.460421 0.987711 0.46754
56 0.500097 0.460421 0.987711 0.46754
68 0.500877 0.457289 0.987711 0.468109
2 0.506338 0.455581 0.981469 0.470387
22 0.496196 0.463838 0.98303 0.455011
31 0.494636 0.473235 0.976788 0.441913
32 0.506338 0.455581 0.981469 0.470387
69 0.500877 0.457289 0.987711 0.468109
7 0.506338 0.455581 0.981469 0.470387
54 0.500877 0.457289 0.987711 0.468109
4 0.650282 0.451595 0.659254 0.461276
5 0.650282 0.451595 0.659254 0.461276
45 0.496196 0.464977 0.98303 0.457289
3 0.498536 0.46213 0.989271 0.470957
4 0.506728 0.456435 0.980689 0.484624
5 0.508679 0.455581 0.972107 0.480638
0 0.500097 0.458713 0.990831 0.478929
1 0.506728 0.456435 0.980689 0.484624
57 0.498536 0.46213 0.989271 0.470957
28 0.500097 0.458713 0.990831 0.478929
56 0.500097 0.458713 0.990831 0.478929
68 0.498536 0.46213 0.989271 0.470957
31 0.498146 0.47238 0.98537 0.448178
2 0.500097 0.458713 0.990831 0.478929
45 0.498146 0.47238 0.98537 0.448178
22 0.500487 0.454727 0.990051 0.48918
32 0.507899 0.456649 0.979909 0.481919
54 0.500487 0.454727 0.990051 0.48918
7 0.507899 0.456649 0.979909 0.481919
3 0.500877 0.466686 0.98303 0.460706
4 0.500877 0.466686 0.98303 0.460706
5 0.505558 0.462984 0.973667 0.472665
0 0.500877 0.466686 0.98303 0.460706
1 0.505558 0.462984 0.973667 0.472665
57 0.495416 0.474374 0.978348 0.447608
28 0.500877 0.466686 0.98303 0.460706
2 0.500877 0.466686 0.98303 0.460706
56 0.500877 0.466686 0.98303 0.460706
7 0.507118 0.462415 0.973667 0.46697
68 0.500877 0.466686 0.98303 0.460706
22 0.500877 0.466686 0.98303 0.460706
31 0.495806 0.477221 0.974448 0.439636
32 0.507118 0.462415 0.973667 0.46697
45 0.495806 0.477221 0.974448 0.439636
3 0.500877 0.462343 0.98303 0.460279
1 0.506728 0.459069 0.974448 0.474801
0 0.500877 0.462343 0.98303 0.460279
57 0.498536 0.468679 0.978348 0.453303
4 0.506728 0.459069 0.974448 0.474801
5 0.506728 0.459069 0.974448 0.474801
28 0.501657 0.461276 0.981469 0.463553
2 0.507509 0.456649 0.976008 0.47053
68 0.501657 0.461276 0.981469 0.463553
56 0.500877 0.462343 0.98303 0.460279
32 0.507509 0.456649 0.976008 0.47053
58 0.507509 0.456649 0.976008 0.47053
22 0.498536 0.466472 0.978348 0.453161
31 0.497756 0.470672 0.973667 0.443622
45 0.498536 0.468679 0.978348 0.453303
7 0.507509 0.456649 0.976008 0.47053
3 0.497756 0.461916 0.98303 0.473662
4 0.492295 0.46697 0.975228 0.462415
1 0.500487 0.45736 0.974448 0.479356
5 0.500487 0.45736 0.974448 0.479356
0 0.497756 0.461916 0.98303 0.473662
2 0.502437 0.458713 0.976788 0.478929
57 0.497756 0.461916 0.98303 0.473662
28 0.497756 0.461916 0.98303 0.473662
7 0.497756 0.461916 0.98303 0.473662
56 0.497756 0.461916 0.98303 0.473662
68 0.497756 0.461916 0.98303 0.473662
31 0.492295 0.472096 0.973667 0.446469
22 0.497756 0.461916 0.98303 0.473662
32 0.497756 0.461916 0.98303 0.473662
3 0.500877 0.463269 0.98303 0.468679
0 0.499317 0.465262 0.979909 0.462415
2 0.500877 0.459567 0.98303 0.472665
1 0.504778 0.457289 0.975228 0.479499
57 0.500877 0.459567 0.98303 0.472665
28 0.500877 0.459567 0.98303 0.472665
56 0.500877 0.459567 0.98303 0.472665
4 0.498927 0.469818 0.977568 0.45672
5 0.504778 0.457289 0.975228 0.479499
68 0.500877 0.459567 0.98303 0.472665
22 0.500877 0.459567 0.98303 0.472665
45 0.498927 0.469818 0.977568 0.45672
31 0.498927 0.469818 0.977568 0.45672
32 0.500877 0.459567 0.98303 0.472665
69 0.500877 0.459567 0.98303 0.472665
7 0.506338 0.456221 0.975228 0.478218
3 0.506728 0.455866 0.976008 0.478929
4 0.502047 0.462415 0.98693 0.464693
57 0.502047 0.462415 0.98693 0.464693
0 0.502047 0.462415 0.98693 0.464693
1 0.506728 0.455866 0.976008 0.478929
28 0.501657 0.459852 0.98459 0.474374
5 0.506728 0.455866 0.976008 0.478929
56 0.502047 0.462415 0.98693 0.464693
68 0.501657 0.459852 0.98459 0.474374
2 0.502047 0.462415 0.98693 0.464693
31 0.498927 0.474374 0.980689 0.440775
32 0.507118 0.45736 0.976788 0.479356
7 0.507118 0.45736 0.976788 0.479356
58 0.502047 0.462415 0.98693 0.464693
22 0.501657 0.459852 0.98459 0.474374
45 0.498927 0.474374 0.980689 0.440775
3 0.504388 0.460421 0.976008 0.475513
4 0.496976 0.478075 0.983029 0.440205
0 0.500487 0.470957 0.98381 0.45672
1 0.504388 0.460421 0.976008 0.475513
57 0.500487 0.470957 0.98381 0.45672
5 0.504388 0.460421 0.976008 0.475513
28 0.500877 0.471028 0.98303 0.455438
56 0.500487 0.470957 0.98381 0.45672
2 0.500487 0.470957 0.98381 0.45672
68 0.500877 0.471028 0.98303 0.455438
7 0.500877 0.471028 0.98303 0.455438
22 0.500877 0.471028 0.98303 0.455438
31 0.496976 0.481207 0.979909 0.437358
32 0.500877 0.471028 0.98303 0.455438
58 0.500487 0.470957 0.98381 0.45672
45 0.496976 0.481207 0.979909 0.437358
3 0.499317 0.469177 0.98303 0.462557
1 0.503998 0.460137 0.973667 0.468109
0 0.499317 0.469248 0.98303 0.451025
57 0.492685 0.479214 0.972887 0.427677
2 0.504778 0.464194 0.975228 0.470245
4 0.499317 0.469248 0.98303 0.451025
28 0.499317 0.469177 0.98303 0.462557
5 0.503998 0.460137 0.973667 0.468109
56 0.492685 0.479214 0.972887 0.427677
68 0.499317 0.469177 0.98303 0.462557
31 0.492685 0.479214 0.972887 0.427677
45 0.492685 0.479214 0.972887 0.427677
58 0.504778 0.464194 0.975228 0.470245
32 0.504778 0.464194 0.975228 0.470245
22 0.499317 0.469177 0.98303 0.462557
3 0.500877 0.46156 0.98303 0.472096
0 0.500097 0.461845 0.981469 0.476082
57 0.500097 0.461845 0.981469 0.476082
1 0.503608 0.457788 0.974448 0.483058
28 0.500877 0.46156 0.98303 0.472096
56 0.500097 0.461845 0.981469 0.476082
4 0.500877 0.46156 0.98303 0.472096
5 0.506338 0.456649 0.968986 0.485336
2 0.505948 0.458998 0.976008 0.477221
68 0.500097 0.461845 0.981469 0.476082
45 0.495416 0.467042 0.975228 0.46455
31 0.495416 0.467042 0.975228 0.46455
3 0.506338 0.461204 0.978348 0.471669
0 0.501657 0.464764 0.987711 0.462272
1 0.506338 0.461204 0.978348 0.471669
4 0.497756 0.472096 0.98615 0.447608
57 0.501657 0.464764 0.987711 0.462272
28 0.506338 0.461204 0.978348 0.471669
5 0.506338 0.461204 0.978348 0.471669
56 0.501657 0.464764 0.987711 0.462272
2 0.507118 0.461204 0.979909 0.469391
68 0.506338 0.461204 0.978348 0.471669
31 0.496976 0.474374 0.98459 0.443052
32 0.507118 0.461204 0.979909 0.469391
45 0.496976 0.474374 0.98459 0.443052
22 0.507118 0.461204 0.979909 0.469391
3 0.504388 0.45672 0.976008 0.481777
57 0.498926 0.461276 0.988491 0.473804
0 0.498926 0.461276 0.988491 0.473804
4 0.495416 0.465262 0.98459 0.465831
28 0.504388 0.45672 0.976008 0.481777
1 0.504388 0.45672 0.976008 0.481777
56 0.498926 0.461276 0.988491 0.473804
5 0.505948 0.455866 0.971327 0.486902
68 0.504388 0.45672 0.976008 0.481777
31 0.495416 0.468964 0.981469 0.45615
2 0.503218 0.457574 0.978348 0.482346
45 0.495416 0.468964 0.981469 0.45615
32 0.505558 0.454513 0.978348 0.479356
3 0.509069 0.459852 0.979129 0.468679
0 0.503218 0.467255 0.98615 0.449317
4 0.500097 0.475513 0.981469 0.438497
1 0.509069 0.459852 0.979129 0.468679
57 0.503218 0.467255 0.98615 0.449317
5 0.498536 0.474374 0.979909 0.439635
28 0.498536 0.474374 0.979909 0.439635
56 0.503218 0.467255 0.98615 0.449317
2 0.503218 0.467255 0.98615 0.449317
31 0.498536 0.478645 0.979909 0.42426
68 0.503218 0.465903 0.98459 0.456577
3 0.505558 0.460421 0.98615 0.468679
57 0.500877 0.468679 0.992392 0.449886
0 0.500877 0.468679 0.992392 0.449886
1 0.505558 0.460421 0.98615 0.468679
28 0.500877 0.468679 0.992392 0.449886
4 0.505558 0.460421 0.98615 0.468679
56 0.500877 0.468679 0.992392 0.449886
2 0.500877 0.468679 0.992392 0.449886
5 0.507899 0.456435 0.975228 0.474374
68 0.505558 0.460421 0.98615 0.468679
45 0.496976 0.481207 0.989271 0.425968
31 0.496976 0.481207 0.989271 0.425968
3 0.501657 0.464194 0.990831 0.470245
57 0.501657 0.464194 0.990831 0.470245
0 0.501657 0.464194 0.990831 0.470245
4 0.506728 0.458713 0.980689 0.474374
1 0.506728 0.458713 0.980689 0.474374
28 0.501267 0.461276 0.990051 0.46697
56 0.501657 0.464194 0.990831 0.470245
2 0.501657 0.464194 0.990831 0.470245
68 0.501267 0.461276 0.990051 0.46697
31 0.499317 0.466401 0.989271 0.457859
5 0.507899 0.456435 0.973667 0.47779
45 0.497756 0.473804 0.98615 0.448747
22 0.507899 0.458998 0.981469 0.473804
32 0.507899 0.458998 0.981469 0.473804
3 0.504778 0.457218 0.978348 0.477363
0 0.496976 0.469533 0.978348 0.452733
57 0.500097 0.458428 0.98459 0.46697
1 0.500097 0.458428 0.98459 0.46697
28 0.500097 0.458428 0.98459 0.46697
4 0.504778 0.457218 0.978348 0.477363
56 0.500877 0.460991 0.98615 0.46754
2 0.500877 0.460991 0.98615 0.46754
5 0.505558 0.456079 0.978348 0.472807
68 0.505558 0.456079 0.978348 0.472807
31 0.496976 0.470957 0.976788 0.444191
45 0.496976 0.470957 0.976788 0.444191
3 0.508679 0.465903 0.981469 0.461133
1 0.508679 0.465903 0.981469 0.461133
0 0.502437 0.471811 0.992392 0.450456
57 0.502437 0.471811 0.992392 0.450456
2 0.502437 0.471811 0.992392 0.450456
4 0.502437 0.471811 0.992392 0.450456
28 0.502437 0.471526 0.992392 0.448747
5 0.508679 0.465903 0.981469 0.461133
56 0.502437 0.471811 0.992392 0.450456
68 0.502437 0.471526 0.992392 0.448747
3 0.503901 0.470458 0.992198 0.452022
0 0.503901 0.470458 0.992198 0.452022
57 0.503901 0.470458 0.992198 0.452022
1 0.510142 0.464052 0.979715 0.468252
28 0.503901 0.470458 0.992198 0.452022
4 0.510142 0.464052 0.979715 0.468252
56 0.503901 0.470458 0.992198 0.452022
2 0.503901 0.470458 0.992198 0.452022
5 0.508582 0.462984 0.982836 0.470387
3 0.509752 0.45793 0.980495 0.487329
0 0.502437 0.457788 0.992392 0.481919
1 0.509752 0.45793 0.980495 0.487329
57 0.505071 0.458926 0.989858 0.484197
28 0.504778 0.45736 0.989271 0.48619
56 0.503218 0.457859 0.990831 0.479499
4 0.509849 0.454727 0.977568 0.482346
5 0.509459 0.456435 0.978348 0.488041
2 0.509752 0.45736 0.980495 0.48619
68 0.503218 0.457859 0.990831 0.479499
3 0.503218 0.464194 0.989271 0.467967
57 0.503218 0.464194 0.989271 0.467967
0 0.503218 0.464194 0.989271 0.467967
4 0.507899 0.460421 0.978348 0.473235
1 0.507899 0.457289 0.978348 0.480638
28 0.503218 0.462486 0.987711 0.466828
56 0.503218 0.464194 0.989271 0.467967
5 0.507899 0.457289 0.978348 0.480638
68 0.503218 0.462486 0.987711 0.466828
2 0.503218 0.464194 0.989271 0.467967
31 0.503218 0.464194 0.989271 0.467967
3 0.502437 0.462984 0.989271 0.469248
0 0.502437 0.462984 0.989271 0.469248
1 0.507118 0.462699 0.976788 0.470957
57 0.502437 0.462984 0.989271 0.469248
28 0.502437 0.462984 0.989271 0.469248
56 0.502437 0.462984 0.989271 0.469248
4 0.507118 0.462699 0.976788 0.470957
5 0.507118 0.460137 0.973667 0.474943
2 0.507118 0.460137 0.973667 0.474943
3 0.508289 0.456079 0.977568 0.478502
0 0.502437 0.462415 0.989271 0.470387
57 0.502047 0.456791 0.988491 0.47594
4 0.507899 0.457859 0.976788 0.47836
1 0.507899 0.455866 0.973667 0.482346
28 0.502047 0.456791 0.988491 0.47594
5 0.507899 0.455866 0.973667 0.482346
56 0.502437 0.462415 0.989271 0.470387
2 0.502437 0.462415 0.989271 0.470387
3 0.507118 0.460065 0.976788 0.475085
57 0.501657 0.463269 0.987711 0.465262
0 0.501657 0.463269 0.987711 0.465262
1 0.507118 0.460421 0.973667 0.480068
28 0.500877 0.461276 0.98615 0.469248
4 0.504778 0.462415 0.978348 0.473804
56 0.501657 0.463269 0.987711 0.465262
68 0.501657 0.463269 0.987711 0.465262
2 0.507118 0.460421 0.973667 0.480068
45 0.496976 0.470387 0.98459 0.451025
31 0.501657 0.463269 0.987711 0.465262
5 0.507118 0.460421 0.973667 0.480068
3 0.505558 0.458927 0.979909 0.478502
57 0.500097 0.460777 0.987711 0.46455
0 0.500097 0.460777 0.987711 0.46455
4 0.503998 0.459852 0.976788 0.473235
1 0.505948 0.458428 0.972887 0.479499
28 0.499707 0.460137 0.98693 0.472665
56 0.500097 0.460777 0.987711 0.46455
68 0.499707 0.460137 0.98693 0.472665
2 0.505948 0.458428 0.972887 0.479499
31 0.500097 0.460777 0.987711 0.46455
5 0.505948 0.458428 0.972887 0.479499
3 0.501657 0.459567 0.987711 0.472665
57 0.501657 0.459567 0.987711 0.472665
1 0.506338 0.457574 0.975228 0.47779
0 0.501657 0.459567 0.987711 0.472665
28 0.501657 0.459567 0.987711 0.472665
4 0.506338 0.460421 0.978348 0.474374
2 0.507118 0.459282 0.979909 0.473235
56 0.507118 0.459282 0.979909 0.473235
68 0.501657 0.459567 0.987711 0.472665
5 0.506338 0.457574 0.975228 0.47779
3 0.506338 0.460137 0.981469 0.473804
1 0.506338 0.460137 0.981469 0.473804
0 0.500097 0.463554 0.990831 0.464693
4 0.506338 0.460137 0.981469 0.473804
57 0.500487 0.461347 0.990051 0.467967
28 0.500487 0.461347 0.990051 0.467967
2 0.506338 0.460137 0.981469 0.473804
5 0.506338 0.460137 0.981469 0.473804
68 0.500487 0.461347 0.990051 0.467967
56 0.506338 0.460137 0.981469 0.473804
3 0.507509 0.461774 0.982249 0.468252
0 0.501657 0.462699 0.990831 0.464123
1 0.507509 0.461774 0.982249 0.468252
57 0.501657 0.462699 0.990831 0.464123
4 0.507509 0.461774 0.982249 0.468252
28 0.501657 0.463838 0.990831 0.461845
5 0.507899 0.45793 0.975228 0.478218
2 0.501657 0.462699 0.990831 0.464123
56 0.501657 0.462699 0.990831 0.464123
3 0.508289 0.460137 0.977568 0.470387
0 0.502047 0.464052 0.988491 0.461418
57 0.502047 0.464052 0.988491 0.461418
1 0.507899 0.462486 0.978348 0.465689
4 0.507899 0.462486 0.978348 0.465689
28 0.501657 0.46576 0.987711 0.455723
2 0.502047 0.464052 0.988491 0.461418
56 0.502047 0.464052 0.988491 0.461418
5 0.507118 0.45793 0.976788 0.478218
3 0.508679 0.460137 0.979909 0.473804
4 0.508679 0.460137 0.979909 0.473804
57 0.503218 0.461845 0.990831 0.464692
0 0.503218 0.461845 0.990831 0.464692
1 0.508679 0.460137 0.979909 0.473804
28 0.503218 0.461916 0.990831 0.467967
68 0.503218 0.461916 0.990831 0.467967
56 0.503218 0.461845 0.990831 0.464692
5 0.508679 0.460137 0.979909 0.473804
31 0.503218 0.461845 0.990831 0.464692
3 0.506338 0.458428 0.983029 0.480638
57 0.501267 0.459496 0.991612 0.477363
0 0.501267 0.459496 0.991612 0.477363
4 0.506338 0.458428 0.983029 0.480638
1 0.506338 0.458428 0.983029 0.480638
28 0.501267 0.459496 0.991612 0.477363
68 0.501267 0.459496 0.991612 0.477363
56 0.506338 0.458428 0.983029 0.480638
2 0.506338 0.458428 0.983029 0.480638
31 0.497366 0.46576 0.98693 0.462557
45 0.498536 0.472096 0.98615 0.44533
3 0.506338 0.462913 0.978348 0.469391
57 0.500487 0.464621 0.98693 0.461418
0 0.497756 0.47238 0.98303 0.447039
1 0.506338 0.462913 0.978348 0.469391
4 0.506338 0.462913 0.978348 0.469391
28 0.500877 0.465191 0.98615 0.462557
2 0.506338 0.458143 0.976788 0.476651
56 0.506338 0.462913 0.978348 0.469391
68 0.500877 0.465191 0.98615 0.462557
3 0.507509 0.465333 0.980689 0.463411
0 0.500877 0.463482 0.992392 0.458001
57 0.500877 0.463482 0.992392 0.458001
1 0.507509 0.465333 0.980689 0.463411
28 0.500877 0.46576 0.990831 0.460279
4 0.507509 0.465333 0.980689 0.463411
2 0.500877 0.463482 0.992392 0.458001
56 0.507509 0.465333 0.980689 0.463411
5 0.496196 0.468679 0.98615 0.452164
3 0.505558 0.461347 0.98303 0.466828
1 0.505558 0.461347 0.98303 0.466828
57 0.500877 0.467469 0.992392 0.458001
0 0.496976 0.476367 0.98615 0.442483
28 0.500877 0.468109 0.990831 0.461276
2 0.507118 0.465903 0.981469 0.466828
4 0.507118 0.465903 0.981469 0.466828
56 0.496976 0.476367 0.98615 0.442483
3 0.505558 0.459567 0.979909 0.471526
0 0.499317 0.464123 0.989271 0.461276
1 0.499317 0.464123 0.989271 0.461276
57 0.499317 0.464123 0.989271 0.461276
2 0.505948 0.461347 0.979129 0.465689
4 0.505948 0.461347 0.979129 0.465689
28 0.499317 0.464123 0.989271 0.461276
3 0.505558 0.462984 0.981469 0.465831
57 0.500097 0.465333 0.989271 0.459994
0 0.500097 0.464692 0.989271 0.452164
1 0.500097 0.465333 0.989271 0.459994
4 0.505558 0.462984 0.981469 0.465831
28 0.500097 0.465333 0.989271 0.459994
68 0.500097 0.465333 0.989271 0.459994
5 0.505558 0.462984 0.981469 0.465831
2 0.500097 0.464692 0.989271 0.452164
3 0.505558 0.460777 0.981469 0.472523
1 0.501657 0.462699 0.990831 0.469818
0 0.501657 0.462699 0.990831 0.469818
57 0.501657 0.462699 0.990831 0.469818
4 0.505948 0.461774 0.982249 0.473946
28 0.501657 0.462699 0.990831 0.469818
5 0.505948 0.461774 0.982249 0.473946
3 0.503998 0.460991 0.98615 0.469818
0 0.496976 0.481777 0.987711 0.428246
57 0.499317 0.471241 0.993952 0.450456
1 0.497756 0.47295 0.990831 0.443622
28 0.500097 0.46633 0.990831 0.458001
4 0.503998 0.460991 0.98615 0.469818
56 0.500097 0.46633 0.990831 0.458001
3 0.505948 0.459282 0.982249 0.475513
1 0.500877 0.463269 0.990831 0.468679
0 0.500877 0.463269 0.990831 0.468679
57 0.496976 0.472665 0.987711 0.446469
4 0.506338 0.461347 0.981469 0.474801
28 0.500877 0.463269 0.990831 0.468679
2 0.506338 0.461347 0.981469 0.474801
5 0.506338 0.461347 0.981469 0.474801
56 0.506338 0.461347 0.981469 0.474801
7 0.506338 0.461347 0.981469 0.474801
3 0.503998 0.460421 0.98615 0.470957
0 0.500877 0.464123 0.992392 0.464692
57 0.496976 0.473804 0.989271 0.439636
4 0.503998 0.460421 0.98615 0.470957
1 0.500877 0.464123 0.992392 0.464692
28 0.500877 0.464123 0.992392 0.464692
2 0.504778 0.461347 0.98615 0.471384
5 0.504778 0.461347 0.98615 0.471384
3 0.504778 0.466401 0.981469 0.460137
57 0.500097 0.465903 0.990831 0.452022
0 0.496196 0.474374 0.98615 0.438497
1 0.500487 0.46875 0.990051 0.452022
28 0.500487 0.46875 0.990051 0.452022
4 0.504778 0.466401 0.981469 0.460137
2 0.504778 0.466401 0.981469 0.460137
56 0.504778 0.466401 0.981469 0.460137
3 0.504388 0.462699 0.979129 0.469818
57 0.500487 0.464123 0.990051 0.462415
1 0.505168 0.464194 0.979129 0.466828
0 0.500487 0.464123 0.990051 0.462415
4 0.506338 0.459638 0.975228 0.474801
28 0.505168 0.464194 0.979129 0.466828
2 0.506338 0.459638 0.975228 0.474801
68 0.500487 0.465262 0.988491 0.462415
3 0.507509 0.458144 0.979129 0.473235
57 0.501657 0.460635 0.989271 0.463696
0 0.501657 0.460635 0.989271 0.463696
1 0.507509 0.458144 0.979129 0.473235
4 0.507509 0.458144 0.979129 0.473235
28 0.507509 0.458144 0.979129 0.473235
2 0.507509 0.455011 0.976008 0.479499
5 0.507509 0.458144 0.979129 0.473235
3 0.503608 0.460065 0.980689 0.473946
1 0.500487 0.462984 0.988491 0.46697
0 0.495416 0.464692 0.98459 0.460137
57 0.500097 0.464977 0.989271 0.464123
4 0.505558 0.460421 0.979909 0.473235
28 0.500487 0.462984 0.988491 0.46697
2 0.505558 0.460421 0.979909 0.473235
3 0.505168 0.461347 0.980689 0.467967
0 0.501267 0.468964 0.990051 0.451595
1 0.505948 0.465191 0.979129 0.463696
57 0.501267 0.468964 0.990051 0.451595
4 0.505948 0.465191 0.979129 0.463696
2 0.506338 0.458998 0.978348 0.473804
28 0.505948 0.465191 0.979129 0.463696
5 0.505948 0.465191 0.979129 0.463696
3 0.506338 0.460421 0.978348 0.470957
57 0.501267 0.464194 0.991612 0.458855
0 0.501267 0.464194 0.991612 0.458855
1 0.506728 0.460706 0.979129 0.470387
4 0.506728 0.460706 0.979129 0.470387
28 0.506728 0.460706 0.979129 0.470387
2 0.507118 0.456435 0.976788 0.476651
3 0.503608 0.460991 0.980689 0.469818
1 0.505558 0.46213 0.979909 0.46754
0 0.500097 0.466116 0.990831 0.459567
57 0.499707 0.468109 0.991612 0.451025
2 0.505558 0.46213 0.979909 0.46754
4 0.505558 0.46213 0.979909 0.46754
28 0.500097 0.466116 0.990831 0.459567
5 0.505558 0.46213 0.979909 0.46754
3 0.507899 0.461347 0.981469 0.47594
57 0.502437 0.462984 0.992392 0.473804
1 0.507899 0.461347 0.981469 0.47594
0 0.502437 0.462984 0.992392 0.473804
2 0.507899 0.458143 0.976788 0.480068
4 0.507899 0.461347 0.981469 0.47594
28 0.502437 0.462984 0.992392 0.473804
58 0.507899 0.461347 0.981469 0.47594
68 0.502437 0.462984 0.992392 0.473804
3 0.506338 0.459852 0.978348 0.474374
0 0.501657 0.463838 0.990831 0.462984
1 0.507509 0.461276 0.977568 0.469248
57 0.501657 0.463838 0.990831 0.462984
4 0.507509 0.461276 0.977568 0.469248
2 0.501657 0.463838 0.990831 0.462984
28 0.507509 0.461276 0.977568 0.469248
3 0.503218 0.46156 0.987711 0.473235
57 0.499707 0.465547 0.994732 0.45615
0 0.500097 0.465333 0.993952 0.463411
1 0.500097 0.465333 0.993952 0.463411
4 0.503218 0.46156 0.987711 0.473235
28 0.503218 0.46156 0.987711 0.473235
2 0.503218 0.46156 0.987711 0.473235
3 0.506728 0.458926 0.977568 0.47053
57 0.501657 0.46156 0.990831 0.458428
0 0.501657 0.465903 0.989271 0.459994
1 0.501657 0.465903 0.989271 0.459994
4 0.507899 0.46156 0.976788 0.468679
2 0.507899 0.46156 0.976788 0.468679
28 0.501657 0.465903 0.989271 0.459994
58 0.507899 0.46156 0.976788 0.468679
3 0.505558 0.458428 0.98303 0.472665
2 0.506338 0.458998 0.981469 0.473804
57 0.500487 0.461916 0.993172 0.463411
1 0.500877 0.461276 0.992392 0.468109
0 0.500487 0.461916 0.993172 0.463411
4 0.505558 0.458428 0.98303 0.472665
58 0.506338 0.458998 0.981469 0.473804
3 0.502437 0.459567 0.98615 0.472665
0 0.500097 0.468109 0.993952 0.45672
57 0.500097 0.468109 0.993952 0.45672
2 0.503608 0.463625 0.98537 0.473662
1 0.500097 0.466686 0.992392 0.465262
4 0.502437 0.459567 0.98615 0.472665
3 0.505558 0.459852 0.98615 0.474374
57 0.501267 0.467255 0.994732 0.457289
2 0.506338 0.46213 0.98459 0.476651
0 0.501267 0.465547 0.993172 0.46754
1 0.501267 0.465547 0.993172 0.46754
4 0.505558 0.459852 0.98615 0.474374
3 0.504778 0.458926 0.98459 0.472807
0 0.498536 0.478645 0.990831 0.432232
57 0.500877 0.467825 0.993952 0.452733
1 0.500877 0.468679 0.993952 0.454442
4 0.506338 0.464764 0.98459 0.46455
2 0.506338 0.464764 0.98459 0.46455
3 0.507509 0.463269 0.982249 0.46754
57 0.502437 0.467469 0.992392 0.453445
0 0.502437 0.467469 0.992392 0.453445
2 0.502437 0.467469 0.992392 0.453445
4 0.507509 0.463269 0.982249 0.46754
1 0.502437 0.466686 0.992392 0.458428
28 0.502437 0.466686 0.992392 0.458428
3 0.506728 0.460991 0.98381 0.472096
57 0.501657 0.467255 0.992392 0.455011
0 0.498536 0.477221 0.987711 0.438497
1 0.501657 0.46754 0.990831 0.460137
2 0.507899 0.458713 0.978348 0.47779
4 0.506728 0.460991 0.98381 0.472096
28 0.501657 0.46754 0.990831 0.460137
3 0.505948 0.459567 0.982249 0.472665
57 0.500877 0.464194 0.992392 0.459994
0 0.500877 0.464052 0.992392 0.462557
1 0.500877 0.464052 0.992392 0.462557
4 0.505948 0.459567 0.982249 0.472665
2 0.507899 0.45615 0.976788 0.479499
28 0.500877 0.464052 0.992392 0.462557
3 0.506338 0.461774 0.981469 0.469391
57 0.501657 0.466472 0.992392 0.4543
0 0.498536 0.475513 0.987711 0.438497
1 0.507118 0.463055 0.981469 0.465689
2 0.507899 0.458713 0.976788 0.474374
4 0.507118 0.463055 0.981469 0.465689
28 0.501657 0.465831 0.990831 0.458998
3 0.504778 0.46156 0.98459 0.473235
57 0.501267 0.465547 0.993172 0.459567
0 0.500877 0.465333 0.992392 0.463411
1 0.505558 0.462913 0.98459 0.47053
4 0.505558 0.462913 0.98459 0.47053
28 0.505558 0.462913 0.98459 0.47053
2 0.508679 0.458428 0.976788 0.482916
3 0.503998 0.459282 0.98615 0.475513
57 0.501267 0.464977 0.993172 0.461845
0 0.497366 0.473235 0.990051 0.447608
1 0.504778 0.460706 0.98615 0.477221
2 0.508289 0.456222 0.977568 0.483912
4 0.503998 0.459282 0.98615 0.475513
3 0.504778 0.459567 0.98459 0.472665
57 0.500877 0.464052 0.992392 0.460279
0 0.500877 0.462343 0.992392 0.467113
1 0.500877 0.462343 0.992392 0.467113
4 0.504778 0.460137 0.98459 0.472665
2 0.507899 0.45615 0.975228 0.479499
28 0.500877 0.462343 0.992392 0.467113
3 0.505558 0.460421 0.98615 0.473235
57 0.501657 0.464764 0.993952 0.459994
0 0.501657 0.464764 0.993952 0.465689
1 0.501657 0.464764 0.993952 0.465689
4 0.505558 0.461845 0.98615 0.471526
28 0.501657 0.464764 0.993952 0.465689
2 0.508679 0.456435 0.976788 0.481207
3 0.504388 0.460065 0.988491 0.471669
0 0.501657 0.461916 0.993952 0.465689
57 0.501657 0.462699 0.993952 0.460706
1 0.504778 0.459638 0.987711 0.470245
4 0.504388 0.460065 0.988491 0.471669
28 0.501657 0.461916 0.993952 0.465689
2 0.501657 0.462699 0.993952 0.460706
3 0.505558 0.461276 0.98303 0.471526
57 0.501657 0.463554 0.992392 0.460137
0 0.498536 0.468109 0.989271 0.451025
1 0.500877 0.462984 0.992392 0.462415
4 0.506338 0.461204 0.98459 0.467113
2 0.501657 0.463554 0.992392 0.460137
3 0.504778 0.458428 0.98459 0.474943
0 0.500877 0.460991 0.992392 0.469818
57 0.500877 0.460421 0.992392 0.465262
1 0.500877 0.460991 0.992392 0.469818
4 0.505168 0.458357 0.98381 0.476224
2 0.505168 0.458357 0.98381 0.476224
3 0.504778 0.459567 0.983029 0.474943
57 0.500877 0.463269 0.992392 0.460706
0 0.501657 0.46213 0.990831 0.468679
1 0.501657 0.46213 0.990831 0.468679
4 0.505558 0.459638 0.98303 0.474801
28 0.501657 0.46213 0.990831 0.468679
3 0.503998 0.458143 0.98615 0.469818
57 0.500877 0.46156 0.993952 0.457289
0 0.497366 0.469177 0.990051 0.44889
4 0.504388 0.460635 0.98537 0.47053
1 0.500487 0.463625 0.993172 0.463411
3 0.504778 0.459852 0.98459 0.469818
57 0.500877 0.463269 0.992392 0.459567
0 0.497756 0.465831 0.989271 0.454442
4 0.505168 0.459852 0.98537 0.469818
1 0.500877 0.461916 0.992392 0.465689
2 0.507899 0.456222 0.975228 0.477079
3 0.505948 0.458927 0.982249 0.473946
0 0.498536 0.46875 0.987711 0.449744
57 0.500877 0.464692 0.992392 0.460137
4 0.507118 0.459496 0.98303 0.471669
1 0.500877 0.462913 0.992392 0.464835
2 0.507118 0.459496 0.98303 0.471669
58 0.507118 0.459496 0.98303 0.471669
3 0.507118 0.46156 0.98303 0.468679
57 0.502437 0.464977 0.992392 0.455011
0 0.502047 0.465262 0.991612 0.460137
4 0.507118 0.46156 0.98303 0.468679
1 0.502047 0.465262 0.991612 0.460137
2 0.502437 0.464977 0.992392 0.455011
3 0.505948 0.461845 0.98537 0.470387
0 0.501657 0.466401 0.992392 0.460137
57 0.501657 0.466401 0.992392 0.460137
1 0.501657 0.466401 0.992392 0.460137
4 0.505948 0.462984 0.98537 0.46697
3 0.504778 0.463482 0.987711 0.47053
0 0.497756 0.47836 0.990831 0.437358
57 0.501657 0.471241 0.993952 0.451595
1 0.497756 0.47836 0.990831 0.437358
4 0.504778 0.466116 0.987711 0.466401
28 0.497756 0.47836 0.990831 0.437358
3 0.505558 0.461276 0.98615 0.470387
57 0.501657 0.465547 0.993952 0.45615
0 0.501657 0.465191 0.993952 0.463696
4 0.505558 0.462343 0.98615 0.47053
1 0.501657 0.465191 0.993952 0.463696
28 0.501657 0.465191 0.993952 0.463696
2 0.508679 0.457788 0.976788 0.478502
3 0.504778 0.46156 0.987711 0.469818
57 0.498146 0.479214 0.990051 0.428815
0 0.497366 0.472665 0.990051 0.444191
4 0.504778 0.463625 0.987711 0.466828
1 0.500877 0.466899 0.993952 0.45914
2 0.498146 0.479214 0.990051 0.428815
3 0.505558 0.460991 0.98615 0.46754
0 0.498536 0.471241 0.989271 0.447039
57 0.501657 0.466401 0.993952 0.453303
1 0.501267 0.466116 0.993172 0.459567
4 0.505558 0.460991 0.98615 0.46754
2 0.505558 0.463625 0.98615 0.465689
3 0.505558 0.461845 0.98459 0.468109
57 0.501657 0.468394 0.992392 0.450456
0 0.498146 0.475513 0.988491 0.437358
4 0.505558 0.463269 0.98459 0.465262
1 0.500877 0.466472 0.992392 0.457716
2 0.507899 0.457289 0.976788 0.477221
3 0.504778 0.462699 0.98615 0.466401
57 0.501267 0.470957 0.994732 0.446469
0 0.497756 0.477221 0.989271 0.433941
1 0.500877 0.46754 0.993952 0.45672
4 0.504778 0.463838 0.98615 0.464123
2 0.507899 0.458428 0.976788 0.473804
3 0.505558 0.462984 0.98615 0.468109
57 0.501657 0.470387 0.993952 0.448747
4 0.505948 0.464764 0.98537 0.46455
0 0.498536 0.476367 0.990831 0.437927
1 0.500877 0.467825 0.993952 0.457289
3 0.503998 0.461276 0.98615 0.470387
57 0.500877 0.467255 0.993952 0.453872
0 0.498536 0.473804 0.990831 0.441913
4 0.504778 0.462486 0.98615 0.467967
1 0.500487 0.465831 0.993172 0.460137
2 0.507899 0.45672 0.976788 0.47836
3 0.505558 0.459638 0.98615 0.473662
57 0.501267 0.464692 0.994732 0.461276
4 0.505558 0.461204 0.98615 0.472807
0 0.498536 0.469747 0.990831 0.452306
1 0.501267 0.463625 0.994732 0.466828
2 0.508679 0.456435 0.976788 0.481207
3 0.503998 0.460137 0.987711 0.471526
57 0.500877 0.465831 0.993952 0.457859
4 0.503998 0.461347 0.987711 0.467967
0 0.496976 0.47238 0.990831 0.444761
1 0.500097 0.464692 0.993952 0.461276
3 0.503998 0.461276 0.98615 0.473804
57 0.500877 0.466401 0.993952 0.458998
0 0.500097 0.466686 0.993952 0.462984
4 0.504778 0.463554 0.98615 0.470387
1 0.500097 0.466686 0.993952 0.462984
2 0.508679 0.457005 0.976788 0.482346
3 0.504778 0.46213 0.98459 0.470957
57 0.500877 0.468109 0.992392 0.45672
4 0.505168 0.465191 0.98381 0.468252
0 0.497366 0.477506 0.988491 0.440205
1 0.500877 0.46875 0.992392 0.461133
3 0.503608 0.46156 0.98693 0.468679
0 0.496976 0.476651 0.989271 0.438497
57 0.500097 0.470102 0.993952 0.448178
1 0.496976 0.476651 0.989271 0.438497
4 0.503998 0.464692 0.98615 0.464693
2 0.503998 0.464692 0.98615 0.464693
3 0.504778 0.462699 0.98459 0.46754
57 0.500877 0.470387 0.992392 0.449886
0 0.497366 0.475228 0.988491 0.440205
4 0.505168 0.464764 0.98537 0.46455
1 0.500877 0.467825 0.992392 0.458428
3 0.504388 0.46156 0.98537 0.470957
57 0.500877 0.467255 0.992392 0.457289
0 0.497756 0.472665 0.989271 0.447608
4 0.504778 0.463554 0.98459 0.468109
1 0.500877 0.46633 0.992392 0.462557
2 0.507899 0.457859 0.975228 0.479499
3 0.503998 0.462415 0.98615 0.468109
57 0.500877 0.468394 0.992392 0.453872
0 0.496976 0.474374 0.987711 0.444191
1 0.500877 0.468038 0.992392 0.45914
4 0.504388 0.465333 0.98537 0.46455
2 0.504388 0.465333 0.98537 0.46455
3 0.504778 0.461774 0.98459 0.468252
57 0.500877 0.466401 0.992392 0.45672
0 0.500877 0.466472 0.992392 0.461133
4 0.504778 0.464052 0.98459 0.465974
2 0.508289 0.457289 0.976008 0.477221
1 0.500877 0.466472 0.992392 0.461133
58 0.504778 0.464052 0.98459 0.465974
3 0.504778 0.461845 0.98459 0.468109
57 0.500877 0.467255 0.992392 0.455011
0 0.496976 0.473235 0.987711 0.44533
4 0.504778 0.464052 0.98459 0.465974
1 0.496976 0.473235 0.987711 0.44533
2 0.507899 0.457289 0.975228 0.477221
3 0.504778 0.46156 0.98459 0.469818
57 0.500877 0.468394 0.992392 0.452733
0 0.496976 0.473804 0.987711 0.443052
1 0.500877 0.466401 0.992392 0.460137
4 0.504778 0.46156 0.98459 0.469818
2 0.504778 0.463554 0.98459 0.46697
3 0.504778 0.460991 0.98459 0.468679
57 0.500877 0.467825 0.992392 0.451595
0 0.497366 0.473235 0.988491 0.443052
4 0.504778 0.462984 0.98459 0.465831
2 0.508289 0.456791 0.976008 0.478218
1 0.500877 0.465903 0.992392 0.459994
3 0.504388 0.460137 0.98537 0.469248
57 0.500877 0.466686 0.992392 0.453872
0 0.496976 0.47295 0.987711 0.443622
4 0.504778 0.462699 0.98459 0.466401
2 0.504778 0.462699 0.98459 0.466401
1 0.500877 0.465903 0.992392 0.459994
3 0.504388 0.460706 0.98537 0.469248
57 0.500877 0.46754 0.992392 0.454442
0 0.496976 0.472665 0.987711 0.44533
4 0.504778 0.463269 0.98459 0.466401
1 0.496976 0.472665 0.987711 0.44533
2 0.504778 0.463269 0.98459 0.466401
3 0.503998 0.460635 0.98615 0.469391
0 0.497366 0.471526 0.988491 0.446469
57 0.500877 0.46754 0.992392 0.454442
1 0.497366 0.471526 0.988491 0.446469
2 0.504388 0.462984 0.98537 0.46697
4 0.504388 0.462984 0.98537 0.46697
3 0.503998 0.460706 0.98615 0.469248
57 0.500877 0.468109 0.992392 0.451025
0 0.497756 0.475513 0.989271 0.439635
1 0.497756 0.475513 0.989271 0.439635
4 0.504778 0.463838 0.98459 0.465262
2 0.504778 0.463838 0.98459 0.465262
3 0.504778 0.460706 0.98459 0.470387
57 0.500877 0.467469 0.992392 0.453445
0 0.497756 0.473804 0.987711 0.443052
1 0.497756 0.473804 0.987711 0.443052
4 0.505168 0.463554 0.98381 0.46697
2 0.505168 0.463554 0.98381 0.46697
3 0.504778 0.461276 0.98459 0.470387
0 0.497756 0.474089 0.987711 0.443622
57 0.500877 0.468109 0.992392 0.453303
1 0.497756 0.474089 0.987711 0.443622
4 0.505168 0.463838 0.98381 0.466401
2 0.505168 0.463838 0.98381 0.466401
3 0.504778 0.460777 0.98459 0.470245
57 0.500877 0.467825 0.992392 0.455011
0 0.497756 0.474089 0.987711 0.442483
4 0.504778 0.464052 0.98459 0.465974
1 0.497756 0.474089 0.987711 0.442483
2 0.504778 0.464052 0.98459 0.465974
3 0.504778 0.460991 0.98459 0.470957
57 0.500877 0.46697 0.992392 0.457859
0 0.497366 0.472665 0.98693 0.446469
1 0.497366 0.472665 0.98693 0.446469
4 0.505168 0.463838 0.98381 0.46754
2 0.507899 0.457574 0.975228 0.478929
3 0.504778 0.46156 0.983029 0.470957
0 0.497756 0.474374 0.98615 0.443052
57 0.500877 0.467611 0.992392 0.456577
1 0.497756 0.474374 0.98615 0.443052
4 0.505558 0.464408 0.98303 0.466401
2 0.507899 0.457859 0.975228 0.47836
3 0.504778 0.461204 0.98459 0.47053
57 0.500877 0.467255 0.992392 0.45615
0 0.497756 0.474374 0.98615 0.443052
4 0.505168 0.463838 0.98381 0.466401
1 0.497756 0.474374 0.98615 0.443052
2 0.507899 0.457788 0.975228 0.478502
3 0.503998 0.460635 0.98459 0.47053
57 0.500877 0.46697 0.992392 0.45672
0 0.497366 0.473235 0.98693 0.44533
1 0.497366 0.473235 0.98693 0.44533
4 0.504778 0.463482 0.98459 0.467113
2 0.504778 0.463482 0.98459 0.467113
3 0.504778 0.460991 0.98459 0.469818
0 0.497756 0.473235 0.987711 0.444191
57 0.500877 0.467042 0.992392 0.455438
1 0.497756 0.473235 0.987711 0.444191
4 0.504778 0.463838 0.98459 0.466401
2 0.504778 0.463838 0.98459 0.466401
3 0.504778 0.461276 0.98459 0.469248
57 0.500877 0.467611 0.992392 0.4543
0 0.497756 0.473804 0.987711 0.443052
4 0.505168 0.464194 0.98381 0.465689
1 0.497756 0.473804 0.987711 0.443052
2 0.505168 0.464194 0.98381 0.465689
3 0.504778 0.461276 0.98459 0.469248
57 0.500877 0.46754 0.992392 0.454442
0 0.498146 0.474374 0.988491 0.441913
4 0.505168 0.464194 0.98381 0.465689
1 0.500877 0.467042 0.992392 0.459994
2 0.508679 0.457574 0.975228 0.47779
3 0.504778 0.46156 0.98459 0.469818
57 0.500877 0.467611 0.992392 0.4543
0 0.497366 0.474658 0.98693 0.442483
4 0.504778 0.464621 0.98459 0.465974
1 0.500877 0.46754 0.992392 0.460137
2 0.504778 0.464621 0.98459 0.465974
3 0.504778 0.46156 0.98459 0.469818
57 0.500877 0.46754 0.992392 0.454442
0 0.497756 0.474374 0.987711 0.443052
4 0.505168 0.464621 0.98381 0.465974
1 0.500877 0.467042 0.992392 0.459994
2 0.505168 0.464621 0.98381 0.465974
3 0.504778 0.461204 0.98459 0.469391
57 0.500877 0.467255 0.992392 0.455011
0 0.497756 0.473804 0.987711 0.444191
4 0.505168 0.464052 0.98381 0.465974
1 0.500877 0.466899 0.992392 0.460279
2 0.505168 0.464052 0.98381 0.465974
3 0.504778 0.46156 0.98459 0.469818
57 0.500877 0.46754 0.992392 0.454442
0 0.497366 0.474089 0.98693 0.443622
4 0.504778 0.464408 0.98459 0.466401
1 0.500877 0.46697 0.992392 0.460137
2 0.504778 0.464408 0.98459 0.466401
3 0.504778 0.461347 0.98459 0.469106
57 0.500877 0.468109 0.992392 0.453303
0 0.497756 0.474943 0.987711 0.441913
4 0.504778 0.464692 0.98459 0.465831
1 0.500877 0.467255 0.992392 0.459567
2 0.504778 0.464692 0.98459 0.465831
3 0.504778 0.46156 0.98459 0.468679
57 0.500877 0.468109 0.992392 0.453303
0 0.497756 0.474943 0.987711 0.441913
4 0.504778 0.464408 0.98459 0.465262
1 0.500877 0.467469 0.992392 0.45914
2 0.504778 0.464408 0.98459 0.465262
3 0.504778 0.46156 0.98459 0.468679
57 0.500877 0.468109 0.992392 0.453303
0 0.497756 0.474943 0.987711 0.441913
4 0.504778 0.464408 0.98459 0.465262
1 0.500877 0.467469 0.992392 0.45914
2 0.504778 0.464408 0.98459 0.465262
3 0.504778 0.46156 0.98459 0.468679
57 0.500877 0.468038 0.992392 0.453445
0 0.497756 0.474943 0.987711 0.441913
4 0.504778 0.464692 0.98459 0.465831
1 0.500877 0.467469 0.992392 0.45914
2 0.504778 0.464692 0.98459 0.465831
