22 0.585547 0.575231 0.755469 0.427083
22 0.410156 0.489873 0.735937 0.557292
64 0.410156 0.489873 0.735937 0.557292
2 0.410156 0.489873 0.735937 0.557292
22 0.32168 0.534722 0.555078 0.472222
72 0.410156 0.489873 0.735937 0.557292
22 0.695312 0.573061 0.582812 0.374711
2 0.695312 0.573061 0.582812 0.374711
3 0.32168 0.534722 0.555078 0.472222
3 0.585547 0.575231 0.755469 0.427083
2 0.588672 0.595486 0.725781 0.405093
62 0.637109 0.576244 0.660156 0.405382
62 0.410156 0.489873 0.735937 0.557292
3 0.455078 0.545139 0.816406 0.467593
72 0.637109 0.576244 0.660156 0.405382
62 0.536719 0.549769 0.829687 0.480324
60 0.32168 0.534722 0.555078 0.472222
60 0.695312 0.573061 0.582812 0.374711
35 0.535937 0.590278 0.80625 0.409722
35 0.410156 0.489873 0.735937 0.557292
4 0.346875 0.496817 0.61875 0.542245
52 0.461328 0.490162 0.839844 0.570602
72 0.32168 0.534722 0.555078 0.472222
72 0.500781 0.571759 0.825 0.439815
35 0.695312 0.573061 0.582812 0.374711
3 0.695312 0.573061 0.582812 0.374711
57 0.695312 0.573061 0.582812 0.374711
4 0.536719 0.549769 0.829687 0.480324
22 0.643359 0.516782 0.641406 0.510417
22 0.539844 0.485532 0.784375 0.605324
2 0.282031 0.510995 0.517969 0.520833
3 0.360937 0.594329 0.532812 0.362268
41 0.350391 0.483869 0.614844 0.566985
22 0.360937 0.594329 0.532812 0.362268
52 0.536719 0.549769 0.829687 0.480324
60 0.585547 0.575231 0.755469 0.427083
60 0.410156 0.489873 0.735937 0.557292
62 0.32168 0.534722 0.555078 0.472222
3 0.403906 0.473452 0.70625 0.59129
23 0.637109 0.576244 0.660156 0.405382
64 0.536719 0.549769 0.829687 0.480324
52 0.637109 0.576244 0.660156 0.405382
2 0.73125 0.501447 0.490625 0.442708
35 0.73125 0.501447 0.490625 0.442708
62 0.726172 0.561921 0.494531 0.33912
31 0.410156 0.489873 0.735937 0.557292
57 0.536719 0.549769 0.829687 0.480324
36 0.588672 0.595486 0.725781 0.405093
57 0.73125 0.501447 0.490625 0.442708
4 0.726172 0.561921 0.494531 0.33912
64 0.695312 0.573061 0.582812 0.374711
4 0.461328 0.490162 0.839844 0.570602
21 0.585547 0.575231 0.755469 0.427083
22 0.7625 0.552228 0.425 0.309896
5 0.392969 0.535301 0.6875 0.471065
2 0.659766 0.62254 0.524219 0.377604
33 0.410156 0.489873 0.735937 0.557292
35 0.7625 0.552228 0.425 0.309896
72 0.726172 0.561921 0.494531 0.33912
62 0.698437 0.517072 0.571875 0.475116
22 0.73125 0.501447 0.490625 0.442708
3 0.539844 0.485532 0.784375 0.605324
39 0.588672 0.595486 0.725781 0.405093
23 0.536719 0.549769 0.829687 0.480324
4 0.637109 0.576244 0.660156 0.405382
41 0.500781 0.571759 0.825 0.439815
22 0.433984 0.578125 0.685156 0.412037
31 0.500781 0.571759 0.825 0.439815
36 0.455078 0.545139 0.816406 0.467593
39 0.410156 0.489873 0.735937 0.557292
45 0.696094 0.592448 0.557812 0.382234
52 0.346875 0.496817 0.61875 0.542245
35 0.32168 0.534722 0.555078 0.472222
58 0.32168 0.534722 0.555078 0.472222
8 0.695312 0.573061 0.582812 0.374711
21 0.643359 0.516782 0.641406 0.510417
66 0.410156 0.489873 0.735937 0.557292
36 0.695312 0.573061 0.582812 0.374711
41 0.452734 0.465278 0.794531 0.62037
33 0.59375 0.503472 0.721875 0.555555
33 0.73125 0.501447 0.490625 0.442708
44 0.410156 0.489873 0.735937 0.557292
37 0.695312 0.573061 0.582812 0.374711
72 0.360937 0.594329 0.532812 0.362268
69 0.392969 0.535301 0.6875 0.471065
2 0.433984 0.578125 0.685156 0.412037
22 0.248047 0.516493 0.438281 0.514468
2 0.59375 0.503472 0.721875 0.555555
3 0.643359 0.516782 0.641406 0.510417
35 0.59375 0.503472 0.721875 0.555555
4 0.698437 0.517072 0.571875 0.475116
5 0.282031 0.510995 0.517969 0.520833
60 0.360937 0.594329 0.532812 0.362268
34 0.585547 0.575231 0.755469 0.427083
52 0.698437 0.517072 0.571875 0.475116
37 0.32168 0.534722 0.555078 0.472222
41 0.251953 0.533565 0.446094 0.490741
57 0.410156 0.489873 0.735937 0.557292
2 0.360937 0.594329 0.532812 0.362268
57 0.643359 0.516782 0.641406 0.510417
49 0.346875 0.496817 0.61875 0.542245
49 0.696094 0.592448 0.557812 0.382234
72 0.698437 0.517072 0.571875 0.475116
21 0.73125 0.501447 0.490625 0.442708
3 0.607129 0.607639 0.599805 0.409722
31 0.695312 0.573061 0.582812 0.374711
2 0.485156 0.451968 0.915625 0.637731
3 0.485156 0.451968 0.915625 0.637731
2 0.575098 0.502604 0.781055 0.548032
22 0.508594 0.448495 0.923437 0.649305
4 0.484375 0.456018 0.915625 0.625
36 0.484375 0.456018 0.915625 0.625
10 0.484375 0.456018 0.915625 0.625
62 0.508594 0.448495 0.923437 0.649305
35 0.484375 0.456018 0.915625 0.625
52 0.485156 0.451968 0.915625 0.637731
3 0.575098 0.502604 0.781055 0.548032
58 0.508594 0.448495 0.923437 0.649305
4 0.575098 0.502604 0.781055 0.548032
2 0.404687 0.481771 0.7 0.57581
36 0.575098 0.502604 0.781055 0.548032
60 0.485156 0.451968 0.915625 0.637731
33 0.484375 0.456018 0.915625 0.625
57 0.521094 0.466435 0.9 0.616898
23 0.508594 0.448495 0.923437 0.649305
2 0.674219 0.532986 0.578125 0.486111
69 0.507031 0.452546 0.920312 0.635417
3 0.343359 0.477503 0.610156 0.575087
8 0.521094 0.466435 0.9 0.616898
44 0.484375 0.456018 0.915625 0.625
65 0.436719 0.461806 0.798437 0.608796
5 0.521094 0.466435 0.9 0.616898
35 0.575098 0.502604 0.781055 0.548032
39 0.575098 0.502604 0.781055 0.548032
33 0.575098 0.502604 0.781055 0.548032
21 0.575098 0.502604 0.781055 0.548032
66 0.521094 0.465856 0.892187 0.613426
10 0.575098 0.502604 0.781055 0.548032
44 0.575098 0.502604 0.781055 0.548032
60 0.324414 0.48792 0.569922 0.563513
4 0.674219 0.532986 0.578125 0.486111
56 0.484375 0.456018 0.915625 0.625
32 0.484375 0.456018 0.915625 0.625
60 0.575098 0.502604 0.781055 0.548032
39 0.484375 0.456018 0.915625 0.625
58 0.324414 0.48792 0.569922 0.563513
72 0.508594 0.448495 0.923437 0.649305
52 0.404687 0.481771 0.7 0.57581
21 0.484375 0.456018 0.915625 0.625
22 0.324414 0.48792 0.569922 0.563513
52 0.575098 0.502604 0.781055 0.548032
10 0.324414 0.48792 0.569922 0.563513
7 0.521094 0.465856 0.892187 0.613426
36 0.674219 0.532986 0.578125 0.486111
62 0.674219 0.532986 0.578125 0.486111
20 0.484375 0.456018 0.915625 0.625
4 0.343359 0.477503 0.610156 0.575087
36 0.343359 0.477503 0.610156 0.575087
64 0.507031 0.452546 0.920312 0.635417
34 0.521094 0.465856 0.892187 0.613426
8 0.674219 0.532986 0.578125 0.486111
57 0.674219 0.532986 0.578125 0.486111
3 0.674219 0.532986 0.578125 0.486111
3 0.303711 0.526042 0.505078 0.487268
35 0.343359 0.477503 0.610156 0.575087
32 0.575098 0.502604 0.781055 0.548032
39 0.674219 0.532986 0.578125 0.486111
23 0.404687 0.481771 0.7 0.57581
45 0.521094 0.466435 0.9 0.616898
31 0.485156 0.451968 0.915625 0.637731
2 0.303711 0.526042 0.505078 0.487268
65 0.577734 0.4864 0.766406 0.574653
22 0.674219 0.532986 0.578125 0.486111
41 0.436719 0.461806 0.798437 0.608796
30 0.507031 0.452546 0.920312 0.635417
5 0.674219 0.532986 0.578125 0.486111
45 0.599609 0.548032 0.694531 0.454861
23 0.599609 0.548032 0.694531 0.454861
69 0.404687 0.481771 0.7 0.57581
65 0.324414 0.48792 0.569922 0.563513
21 0.674219 0.532986 0.578125 0.486111
58 0.599609 0.548032 0.694531 0.454861
33 0.343359 0.477503 0.610156 0.575087
40 0.521094 0.465856 0.892187 0.613426
44 0.324414 0.48792 0.569922 0.563513
8 0.404687 0.481771 0.7 0.57581
33 0.674219 0.532986 0.578125 0.486111
60 0.674219 0.532986 0.578125 0.486111
5 0.404687 0.481771 0.7 0.57581
35 0.674219 0.532986 0.578125 0.486111
66 0.343359 0.477503 0.610156 0.575087
56 0.575098 0.502604 0.781055 0.548032
29 0.484375 0.456018 0.915625 0.625
52 0.674219 0.532986 0.578125 0.486111
62 0.404687 0.481771 0.7 0.57581
10 0.674219 0.532986 0.578125 0.486111
44 0.674219 0.532986 0.578125 0.486111
59 0.484375 0.456018 0.915625 0.625
32 0.343359 0.477503 0.610156 0.575087
2 0.551172 0.568866 0.628906 0.428241
7 0.674219 0.532986 0.578125 0.486111
3 0.492285 0.54456 0.69668 0.53125
2 0.492285 0.54456 0.69668 0.53125
45 0.677344 0.568866 0.546875 0.40625
35 0.49375 0.431134 0.66875 0.642361
62 0.599219 0.466435 0.657812 0.62037
57 0.324414 0.48792 0.569922 0.563513
52 0.303711 0.526042 0.505078 0.487268
2 0.503125 0.486979 0.959375 0.567708
4 0.503125 0.486979 0.959375 0.567708
52 0.503125 0.486979 0.959375 0.567708
58 0.503125 0.486979 0.959375 0.567708
23 0.503125 0.486979 0.959375 0.567708
5 0.503125 0.486979 0.959375 0.567708
8 0.503125 0.486979 0.959375 0.567708
62 0.503125 0.486979 0.959375 0.567708
3 0.503125 0.486979 0.959375 0.567708
33 0.503125 0.486979 0.959375 0.567708
21 0.503125 0.486979 0.959375 0.567708
36 0.503125 0.486979 0.959375 0.567708
44 0.503125 0.486979 0.959375 0.567708
57 0.503125 0.486979 0.959375 0.567708
29 0.492187 0.49103 0.942187 0.565393
10 0.503125 0.486979 0.959375 0.567708
65 0.492187 0.49103 0.942187 0.565393
35 0.503125 0.486979 0.959375 0.567708
20 0.503125 0.486979 0.959375 0.567708
34 0.503125 0.486979 0.959375 0.567708
30 0.501953 0.482567 0.946094 0.581163
60 0.503125 0.486979 0.959375 0.567708
67 0.503125 0.486979 0.959375 0.567708
39 0.511719 0.505136 0.935937 0.537182
59 0.503125 0.486979 0.959375 0.567708
22 0.503125 0.486979 0.959375 0.567708
32 0.503125 0.486979 0.959375 0.567708
66 0.501953 0.482567 0.946094 0.581163
56 0.49375 0.489511 0.95 0.558015
58 0.413672 0.515625 0.735156 0.498843
61 0.49375 0.489511 0.95 0.558015
4 0.589941 0.548466 0.743555 0.458623
2 0.589941 0.548466 0.743555 0.458623
69 0.503125 0.486979 0.959375 0.567708
6 0.440625 0.505208 0.81875 0.53125
58 0.614453 0.57581 0.655469 0.395833
34 0.589941 0.548466 0.743555 0.458623
0 0.492187 0.49103 0.942187 0.565393
45 0.503125 0.486979 0.959375 0.567708
7 0.511719 0.505136 0.935937 0.537182
5 0.589941 0.548466 0.743555 0.458623
62 0.589941 0.548466 0.743555 0.458623
57 0.589941 0.548466 0.743555 0.458623
39 0.589941 0.548466 0.743555 0.458623
21 0.589941 0.548466 0.743555 0.458623
8 0.589941 0.548466 0.743555 0.458623
3 0.589941 0.548466 0.743555 0.458623
1 0.49375 0.489511 0.95 0.558015
52 0.589941 0.548466 0.743555 0.458623
33 0.589941 0.548466 0.743555 0.458623
52 0.413672 0.515625 0.735156 0.498843
36 0.589941 0.548466 0.743555 0.458623
23 0.413672 0.515625 0.735156 0.498843
31 0.503125 0.486979 0.959375 0.567708
3 0.413672 0.515625 0.735156 0.498843
29 0.589941 0.548466 0.743555 0.458623
44 0.589941 0.548466 0.743555 0.458623
20 0.413672 0.515625 0.735156 0.498843
59 0.589941 0.548466 0.743555 0.458623
65 0.318945 0.508681 0.565234 0.508102
58 0.304297 0.517361 0.535156 0.490741
28 0.501953 0.482567 0.946094 0.581163
60 0.589941 0.548466 0.743555 0.458623
2 0.413672 0.515625 0.735156 0.498843
67 0.589941 0.548466 0.743555 0.458623
58 0.491406 0.557292 0.759375 0.424768
22 0.589941 0.548466 0.743555 0.458623
64 0.501953 0.482567 0.946094 0.581163
35 0.589941 0.548466 0.743555 0.458623
23 0.589941 0.548466 0.743555 0.458623
5 0.413672 0.515625 0.735156 0.498843
41 0.440625 0.505208 0.81875 0.53125
40 0.501953 0.482567 0.946094 0.581163
57 0.703125 0.580006 0.509375 0.400174
10 0.413672 0.515625 0.735156 0.498843
10 0.589941 0.548466 0.743555 0.458623
65 0.589941 0.548466 0.743555 0.458623
61 0.413672 0.515625 0.735156 0.498843
32 0.589941 0.548466 0.743555 0.458623
72 0.503125 0.486979 0.959375 0.567708
45 0.614453 0.57581 0.655469 0.395833
10 0.304297 0.517361 0.535156 0.490741
67 0.413672 0.515625 0.735156 0.498843
36 0.413672 0.515625 0.735156 0.498843
4 0.703125 0.580006 0.509375 0.400174
8 0.413672 0.515625 0.735156 0.498843
2 0.304297 0.517361 0.535156 0.490741
20 0.304297 0.517361 0.535156 0.490741
7 0.589941 0.548466 0.743555 0.458623
29 0.413672 0.515625 0.735156 0.498843
66 0.53291 0.454861 0.718555 0.648148
60 0.318945 0.508681 0.565234 0.508102
44 0.304297 0.517361 0.535156 0.490741
67 0.304297 0.517361 0.535156 0.490741
28 0.589941 0.548466 0.743555 0.458623
2 0.703125 0.580006 0.509375 0.400174
4 0.304297 0.517361 0.535156 0.490741
30 0.589941 0.548466 0.743555 0.458623
4 0.413672 0.515625 0.735156 0.498843
52 0.304297 0.517361 0.535156 0.490741
61 0.614453 0.57581 0.655469 0.395833
66 0.589941 0.548466 0.743555 0.458623
44 0.413672 0.515625 0.735156 0.498843
6 0.318945 0.508681 0.565234 0.508102
20 0.589941 0.548466 0.743555 0.458623
36 0.304297 0.517361 0.535156 0.490741
61 0.304297 0.517361 0.535156 0.490741
59 0.703125 0.580006 0.509375 0.400174
5 0.304297 0.517361 0.535156 0.490741
0 0.589941 0.548466 0.743555 0.458623
56 0.589941 0.548466 0.743555 0.458623
4 0.50625 0.484303 0.965625 0.578848
20 0.50625 0.484303 0.965625 0.578848
36 0.50625 0.484303 0.965625 0.578848
2 0.50625 0.484303 0.965625 0.578848
52 0.50625 0.484303 0.965625 0.578848
65 0.50625 0.476273 0.960937 0.603009
23 0.50625 0.484303 0.965625 0.578848
62 0.50625 0.484303 0.965625 0.578848
10 0.50625 0.484303 0.965625 0.578848
33 0.50625 0.484303 0.965625 0.578848
66 0.50625 0.476273 0.960937 0.603009
5 0.50625 0.484303 0.965625 0.578848
8 0.50625 0.484303 0.965625 0.578848
44 0.50625 0.484303 0.965625 0.578848
58 0.50625 0.484303 0.965625 0.578848
7 0.50625 0.476273 0.960937 0.603009
57 0.50625 0.484303 0.965625 0.578848
30 0.50625 0.476273 0.960937 0.603009
34 0.50625 0.476273 0.960937 0.603009
3 0.50625 0.484303 0.965625 0.578848
61 0.50625 0.484303 0.965625 0.578848
0 0.50625 0.484303 0.965625 0.578848
1 0.50625 0.484303 0.965625 0.578848
21 0.50625 0.484303 0.965625 0.578848
29 0.50625 0.476273 0.960937 0.603009
32 0.50625 0.484303 0.965625 0.578848
35 0.50625 0.484303 0.965625 0.578848
56 0.50625 0.484303 0.965625 0.578848
67 0.50625 0.484303 0.965625 0.578848
28 0.50625 0.476273 0.960937 0.603009
6 0.5 0.47338 0.95625 0.604167
58 0.515625 0.565827 0.909375 0.410012
60 0.50625 0.484303 0.965625 0.578848
69 0.50625 0.484303 0.965625 0.578848
4 0.515625 0.565827 0.909375 0.410012
23 0.515625 0.565827 0.909375 0.410012
59 0.50625 0.484303 0.965625 0.578848
39 0.50625 0.484303 0.965625 0.578848
22 0.50625 0.484303 0.965625 0.578848
36 0.515625 0.565827 0.909375 0.410012
52 0.515625 0.565827 0.909375 0.410012
45 0.50625 0.484303 0.965625 0.578848
57 0.515625 0.565827 0.909375 0.410012
5 0.515625 0.565827 0.909375 0.410012
31 0.50625 0.484303 0.965625 0.578848
10 0.515625 0.565827 0.909375 0.410012
21 0.515625 0.565827 0.909375 0.410012
2 0.515625 0.565827 0.909375 0.410012
8 0.515625 0.565827 0.909375 0.410012
61 0.515625 0.565827 0.909375 0.410012
39 0.515625 0.565827 0.909375 0.410012
3 0.515625 0.565827 0.909375 0.410012
20 0.515625 0.565827 0.909375 0.410012
67 0.515625 0.565827 0.909375 0.410012
32 0.515625 0.565827 0.909375 0.410012
58 0.631152 0.584346 0.62832 0.372974
30 0.515625 0.565827 0.909375 0.410012
59 0.515625 0.565827 0.909375 0.410012
33 0.515625 0.565827 0.909375 0.410012
44 0.515625 0.565827 0.909375 0.410012
34 0.515625 0.565827 0.909375 0.410012
65 0.515625 0.565827 0.909375 0.410012
29 0.515625 0.565827 0.909375 0.410012
7 0.602734 0.568287 0.732031 0.409722
28 0.602734 0.568287 0.732031 0.409722
54 0.41416 0.46412 0.726367 0.601852
45 0.515625 0.565827 0.909375 0.410012
62 0.515625 0.565827 0.909375 0.410012
23 0.631152 0.584346 0.62832 0.372974
68 0.45 0.491392 0.8375 0.555411
69 0.515625 0.565827 0.909375 0.410012
56 0.515625 0.565827 0.909375 0.410012
22 0.515625 0.565827 0.909375 0.410012
60 0.515625 0.565827 0.909375 0.410012
0 0.602734 0.568287 0.732031 0.409722
31 0.515625 0.565827 0.909375 0.410012
57 0.631152 0.584346 0.62832 0.372974
66 0.602734 0.568287 0.732031 0.409722
35 0.515625 0.565827 0.909375 0.410012
20 0.421777 0.53125 0.756445 0.474537
58 0.542578 0.641348 0.649219 0.256655
36 0.631152 0.584346 0.62832 0.372974
5 0.631152 0.584346 0.62832 0.372974
6 0.421777 0.53125 0.756445 0.474537
36 0.421777 0.53125 0.756445 0.474537
59 0.631152 0.584346 0.62832 0.372974
23 0.421777 0.53125 0.756445 0.474537
67 0.631152 0.584346 0.62832 0.372974
21 0.631152 0.584346 0.62832 0.372974
58 0.421777 0.53125 0.756445 0.474537
61 0.421777 0.53125 0.756445 0.474537
41 0.5 0.47338 0.95625 0.604167
2 0.631152 0.584346 0.62832 0.372974
4 0.631152 0.584346 0.62832 0.372974
4 0.421777 0.53125 0.756445 0.474537
6 0.515625 0.565827 0.909375 0.410012
52 0.421777 0.53125 0.756445 0.474537
1 0.515625 0.565827 0.909375 0.410012
39 0.631152 0.584346 0.62832 0.372974
52 0.631152 0.584346 0.62832 0.372974
61 0.631152 0.584346 0.62832 0.372974
72 0.50625 0.476273 0.960937 0.603009
65 0.421777 0.53125 0.756445 0.474537
20 0.631152 0.584346 0.62832 0.372974
4 0.503906 0.48669 0.978125 0.586805
2 0.503906 0.48669 0.978125 0.586805
33 0.503906 0.48669 0.978125 0.586805
52 0.503906 0.48669 0.978125 0.586805
3 0.503906 0.48669 0.978125 0.586805
44 0.503906 0.48669 0.978125 0.586805
66 0.503906 0.497685 0.975 0.577546
65 0.503906 0.497685 0.975 0.577546
35 0.503906 0.48669 0.978125 0.586805
10 0.503906 0.48669 0.978125 0.586805
20 0.503906 0.48669 0.978125 0.586805
28 0.503906 0.497685 0.975 0.577546
36 0.503906 0.48669 0.978125 0.586805
30 0.503906 0.48669 0.978125 0.586805
62 0.503906 0.48669 0.978125 0.586805
69 0.503906 0.48669 0.978125 0.586805
8 0.503906 0.48669 0.978125 0.586805
5 0.503906 0.48669 0.978125 0.586805
22 0.503906 0.48669 0.978125 0.586805
57 0.503906 0.48669 0.978125 0.586805
56 0.503906 0.48669 0.978125 0.586805
32 0.503906 0.48669 0.978125 0.586805
61 0.503906 0.48669 0.978125 0.586805
6 0.503906 0.497685 0.975 0.577546
67 0.503906 0.48669 0.978125 0.586805
45 0.503906 0.48669 0.978125 0.586805
23 0.503906 0.48669 0.978125 0.586805
1 0.500781 0.505498 0.96875 0.558449
7 0.503906 0.497685 0.975 0.577546
39 0.503906 0.48669 0.978125 0.586805
0 0.503906 0.497685 0.975 0.577546
21 0.503906 0.48669 0.978125 0.586805
29 0.503906 0.497685 0.975 0.577546
60 0.503906 0.48669 0.978125 0.586805
34 0.503906 0.497685 0.975 0.577546
58 0.503906 0.48669 0.978125 0.586805
54 0.489062 0.48792 0.91875 0.570457
59 0.503906 0.48669 0.978125 0.586805
31 0.503906 0.48669 0.978125 0.586805
68 0.461719 0.510417 0.854687 0.53125
39 0.632422 0.546296 0.610156 0.449074
23 0.497754 0.556568 0.793555 0.42853
52 0.497754 0.556568 0.793555 0.42853
4 0.419922 0.502025 0.742969 0.530671
4 0.497754 0.556568 0.793555 0.42853
58 0.497754 0.556568 0.793555 0.42853
54 0.44834 0.390046 0.59707 0.753472
6 0.425781 0.536458 0.760937 0.46875
44 0.419922 0.502025 0.742969 0.530671
58 0.632422 0.546296 0.610156 0.449074
41 0.500781 0.505498 0.96875 0.558449
33 0.502344 0.480903 0.970312 0.59838
4 0.502344 0.480903 0.970312 0.59838
65 0.502344 0.480903 0.970312 0.59838
20 0.502344 0.480903 0.970312 0.59838
2 0.503125 0.478588 0.975 0.603009
44 0.502344 0.480903 0.970312 0.59838
36 0.502344 0.480903 0.970312 0.59838
30 0.503125 0.478588 0.975 0.603009
1 0.502344 0.480903 0.970312 0.59838
8 0.502344 0.480903 0.970312 0.59838
66 0.502344 0.480903 0.970312 0.59838
28 0.502344 0.480903 0.970312 0.59838
62 0.502344 0.480903 0.970312 0.59838
45 0.503125 0.459491 0.971875 0.627315
29 0.502344 0.480903 0.970312 0.59838
6 0.502344 0.480903 0.970312 0.59838
35 0.502344 0.480903 0.970312 0.59838
39 0.503125 0.459491 0.971875 0.627315
10 0.502344 0.480903 0.970312 0.59838
7 0.503125 0.478588 0.975 0.603009
61 0.502344 0.480903 0.970312 0.59838
52 0.502344 0.480903 0.970312 0.59838
21 0.503125 0.459491 0.971875 0.627315
54 0.499219 0.468171 0.960937 0.62037
5 0.503125 0.478588 0.975 0.603009
3 0.503125 0.478588 0.975 0.603009
56 0.502344 0.480903 0.970312 0.59838
32 0.502344 0.480903 0.970312 0.59838
34 0.503125 0.478588 0.975 0.603009
67 0.502344 0.480903 0.970312 0.59838
57 0.502344 0.480903 0.970312 0.59838
0 0.502344 0.480903 0.970312 0.59838
69 0.502344 0.480903 0.970312 0.59838
59 0.502344 0.480903 0.970312 0.59838
31 0.503125 0.459491 0.971875 0.627315
23 0.502344 0.480903 0.970312 0.59838
22 0.503125 0.478588 0.975 0.603009
54 0.403125 0.442708 0.678125 0.644676
60 0.503125 0.478588 0.975 0.603009
1 0.334766 0.501447 0.610156 0.538773
33 0.334766 0.501447 0.610156 0.538773
65 0.334766 0.501447 0.610156 0.538773
68 0.463281 0.469907 0.867187 0.608796
36 0.411328 0.519965 0.719531 0.501736
58 0.503125 0.478588 0.975 0.603009
20 0.334766 0.501447 0.610156 0.538773
28 0.334766 0.501447 0.610156 0.538773
44 0.334766 0.501447 0.610156 0.538773
54 0.334766 0.501447 0.610156 0.538773
7 0.334766 0.501447 0.610156 0.538773
66 0.334766 0.501447 0.610156 0.538773
4 0.334766 0.501447 0.610156 0.538773
41 0.499219 0.468171 0.960937 0.62037
72 0.502344 0.480903 0.970312 0.59838
36 0.298828 0.511574 0.528906 0.512731
28 0.403125 0.442708 0.678125 0.644676
6 0.334766 0.501447 0.610156 0.538773
65 0.505469 0.478009 0.985937 0.583333
2 0.505469 0.478009 0.985937 0.583333
33 0.505469 0.478009 0.985937 0.583333
44 0.505469 0.478009 0.985937 0.583333
30 0.505469 0.478009 0.985937 0.583333
20 0.505469 0.478009 0.985937 0.583333
45 0.505469 0.478009 0.985937 0.583333
8 0.505469 0.478009 0.985937 0.583333
36 0.505469 0.478009 0.985937 0.583333
66 0.505469 0.478009 0.985937 0.583333
4 0.505469 0.478009 0.985937 0.583333
29 0.505469 0.478009 0.985937 0.583333
35 0.505469 0.478009 0.985937 0.583333
39 0.505469 0.478009 0.985937 0.583333
28 0.505469 0.478009 0.985937 0.583333
5 0.505469 0.478009 0.985937 0.583333
1 0.501562 0.485605 0.98125 0.565827
6 0.505469 0.478009 0.985937 0.583333
34 0.505469 0.478009 0.985937 0.583333
61 0.505469 0.478009 0.985937 0.583333
7 0.505469 0.478009 0.985937 0.583333
54 0.497656 0.464988 0.973437 0.609375
21 0.505469 0.478009 0.985937 0.583333
3 0.505469 0.478009 0.985937 0.583333
67 0.505469 0.478009 0.985937 0.583333
62 0.505469 0.478009 0.985937 0.583333
32 0.505469 0.478009 0.985937 0.583333
56 0.505469 0.478009 0.985937 0.583333
52 0.505469 0.478009 0.985937 0.583333
10 0.505469 0.478009 0.985937 0.583333
57 0.505469 0.478009 0.985937 0.583333
69 0.504687 0.451968 0.98125 0.637731
0 0.505469 0.478009 0.985937 0.583333
22 0.505469 0.478009 0.985937 0.583333
31 0.505469 0.478009 0.985937 0.583333
54 0.463672 0.384838 0.810156 0.767361
60 0.505469 0.478009 0.985937 0.583333
23 0.505469 0.478009 0.985937 0.583333
65 0.495703 0.384838 0.836719 0.769676
6 0.495703 0.384838 0.836719 0.769676
66 0.495703 0.384838 0.836719 0.769676
44 0.349609 0.50463 0.642969 0.513889
33 0.349609 0.50463 0.642969 0.513889
54 0.341797 0.503472 0.611719 0.509259
65 0.349609 0.50463 0.642969 0.513889
20 0.495703 0.384838 0.836719 0.769676
29 0.463672 0.384838 0.810156 0.767361
20 0.349609 0.50463 0.642969 0.513889
59 0.505469 0.478009 0.985937 0.583333
35 0.495703 0.384838 0.836719 0.769676
8 0.349609 0.50463 0.642969 0.513889
28 0.349609 0.50463 0.642969 0.513889
1 0.495703 0.384838 0.836719 0.769676
4 0.463672 0.384838 0.810156 0.767361
2 0.495703 0.384838 0.836719 0.769676
66 0.349609 0.50463 0.642969 0.513889
45 0.349609 0.50463 0.642969 0.513889
7 0.349609 0.50463 0.642969 0.513889
36 0.349609 0.50463 0.642969 0.513889
72 0.505469 0.478009 0.985937 0.583333
57 0.349609 0.50463 0.642969 0.513889
68 0.501562 0.485605 0.98125 0.565827
30 0.495703 0.384838 0.836719 0.769676
44 0.495703 0.384838 0.836719 0.769676
20 0.504687 0.483796 0.971875 0.579861
66 0.504687 0.483796 0.971875 0.579861
30 0.504687 0.483796 0.971875 0.579861
33 0.504687 0.483796 0.971875 0.579861
6 0.504687 0.483796 0.971875 0.579861
44 0.504687 0.493345 0.970312 0.558449
2 0.504687 0.483796 0.971875 0.579861
8 0.504687 0.483796 0.971875 0.579861
54 0.501172 0.489873 0.960156 0.554977
29 0.504687 0.493345 0.970312 0.558449
65 0.504687 0.483796 0.971875 0.579861
36 0.504687 0.483796 0.971875 0.579861
35 0.504687 0.483796 0.971875 0.579861
45 0.504687 0.483796 0.971875 0.579861
61 0.504687 0.483796 0.971875 0.579861
62 0.504687 0.483796 0.971875 0.579861
28 0.504687 0.483796 0.971875 0.579861
1 0.504687 0.493345 0.970312 0.558449
4 0.504687 0.483796 0.971875 0.579861
7 0.504687 0.483796 0.971875 0.579861
39 0.504687 0.483796 0.971875 0.579861
67 0.504687 0.483796 0.971875 0.579861
5 0.504687 0.483796 0.971875 0.579861
56 0.504687 0.493345 0.970312 0.558449
21 0.504687 0.483796 0.971875 0.579861
57 0.504687 0.483796 0.971875 0.579861
34 0.504687 0.483796 0.971875 0.579861
3 0.504687 0.483796 0.971875 0.579861
10 0.504687 0.483796 0.971875 0.579861
69 0.504687 0.483796 0.971875 0.579861
32 0.504687 0.483796 0.971875 0.579861
31 0.504687 0.481481 0.96875 0.581018
0 0.504687 0.483796 0.971875 0.579861
52 0.504687 0.483796 0.971875 0.579861
60 0.504687 0.483796 0.971875 0.579861
23 0.504687 0.483796 0.971875 0.579861
22 0.504687 0.481481 0.96875 0.581018
33 0.366992 0.507523 0.673828 0.510417
44 0.366992 0.507523 0.673828 0.510417
66 0.366992 0.507523 0.673828 0.510417
20 0.366992 0.507523 0.673828 0.510417
54 0.366992 0.507523 0.673828 0.510417
59 0.504687 0.483796 0.971875 0.579861
54 0.524219 0.445023 0.773437 0.66088
6 0.366992 0.507523 0.673828 0.510417
8 0.366992 0.507523 0.673828 0.510417
65 0.366992 0.507523 0.673828 0.510417
72 0.504687 0.493345 0.970312 0.558449
29 0.366992 0.507523 0.673828 0.510417
57 0.366992 0.507523 0.673828 0.510417
40 0.483984 0.505498 0.903906 0.528356
68 0.501172 0.489873 0.960156 0.554977
28 0.366992 0.507523 0.673828 0.510417
2 0.366992 0.507523 0.673828 0.510417
41 0.501172 0.489873 0.960156 0.554977
45 0.366992 0.507523 0.673828 0.510417
7 0.366992 0.507523 0.673828 0.510417
36 0.366992 0.507523 0.673828 0.510417
35 0.366992 0.507523 0.673828 0.510417
65 0.507031 0.496817 0.978125 0.558449
30 0.507031 0.496817 0.978125 0.558449
44 0.507031 0.496817 0.978125 0.558449
8 0.507031 0.496817 0.978125 0.558449
36 0.507031 0.496817 0.978125 0.558449
20 0.507031 0.496817 0.978125 0.558449
66 0.507031 0.496817 0.978125 0.558449
54 0.50625 0.493345 0.971875 0.560764
29 0.507031 0.496817 0.978125 0.558449
4 0.507031 0.496817 0.978125 0.558449
33 0.507031 0.496817 0.978125 0.558449
35 0.507031 0.496817 0.978125 0.558449
6 0.507031 0.496817 0.978125 0.558449
2 0.507031 0.496817 0.978125 0.558449
45 0.507031 0.496817 0.978125 0.558449
1 0.507031 0.496817 0.978125 0.558449
61 0.507031 0.496817 0.978125 0.558449
39 0.507031 0.496817 0.978125 0.558449
28 0.507031 0.496817 0.978125 0.558449
7 0.507031 0.496817 0.978125 0.558449
21 0.507031 0.496817 0.978125 0.558449
62 0.507031 0.496817 0.978125 0.558449
5 0.507031 0.496817 0.978125 0.558449
32 0.507031 0.496817 0.978125 0.558449
34 0.507031 0.496817 0.978125 0.558449
3 0.507031 0.496817 0.978125 0.558449
67 0.507031 0.496817 0.978125 0.558449
56 0.507031 0.496817 0.978125 0.558449
10 0.507031 0.496817 0.978125 0.558449
57 0.507031 0.496817 0.978125 0.558449
69 0.50625 0.493345 0.971875 0.560764
31 0.507812 0.49103 0.975 0.57118
0 0.507031 0.496817 0.978125 0.558449
52 0.507031 0.496817 0.978125 0.558449
22 0.507031 0.496817 0.978125 0.558449
23 0.507031 0.496817 0.978125 0.558449
60 0.50625 0.493345 0.971875 0.560764
59 0.507031 0.496817 0.978125 0.558449
54 0.514844 0.39294 0.851562 0.774305
65 0.514844 0.39294 0.851562 0.774305
6 0.514844 0.39294 0.851562 0.774305
66 0.514844 0.39294 0.851562 0.774305
68 0.50625 0.493345 0.971875 0.560764
4 0.514844 0.39294 0.851562 0.774305
20 0.514844 0.39294 0.851562 0.774305
35 0.514844 0.39294 0.851562 0.774305
29 0.514844 0.39294 0.851562 0.774305
30 0.514844 0.39294 0.851562 0.774305
36 0.514844 0.39294 0.851562 0.774305
20 0.505469 0.485026 0.970312 0.577402
66 0.505469 0.485026 0.970312 0.577402
44 0.505469 0.485026 0.970312 0.577402
30 0.505469 0.485026 0.970312 0.577402
65 0.505469 0.485026 0.970312 0.577402
54 0.505469 0.485026 0.970312 0.577402
6 0.505469 0.485026 0.970312 0.577402
29 0.505469 0.485026 0.970312 0.577402
35 0.505469 0.485026 0.970312 0.577402
33 0.505469 0.485026 0.970312 0.577402
2 0.505469 0.485026 0.970312 0.577402
45 0.505469 0.485026 0.970312 0.577402
36 0.505469 0.485026 0.970312 0.577402
4 0.505469 0.485026 0.970312 0.577402
8 0.505469 0.485026 0.970312 0.577402
61 0.505469 0.485026 0.970312 0.577402
39 0.505469 0.485026 0.970312 0.577402
1 0.505469 0.485026 0.970312 0.577402
56 0.505469 0.485026 0.970312 0.577402
28 0.505469 0.485026 0.970312 0.577402
62 0.505469 0.485026 0.970312 0.577402
21 0.504687 0.468171 0.96875 0.613426
57 0.505469 0.485026 0.970312 0.577402
7 0.505469 0.485026 0.970312 0.577402
67 0.505469 0.485026 0.970312 0.577402
31 0.505469 0.485026 0.970312 0.577402
5 0.505469 0.485026 0.970312 0.577402
32 0.505469 0.485026 0.970312 0.577402
3 0.505469 0.485026 0.970312 0.577402
34 0.505469 0.485026 0.970312 0.577402
10 0.505469 0.485026 0.970312 0.577402
54 0.503125 0.400463 0.815625 0.777778
69 0.503906 0.473669 0.967187 0.605903
0 0.505469 0.485026 0.970312 0.577402
60 0.504687 0.468171 0.96875 0.613426
20 0.503125 0.400463 0.815625 0.777778
66 0.503125 0.400463 0.815625 0.777778
23 0.504687 0.468171 0.96875 0.613426
6 0.503125 0.400463 0.815625 0.777778
65 0.503125 0.400463 0.815625 0.777778
52 0.505469 0.485026 0.970312 0.577402
22 0.504687 0.468171 0.96875 0.613426
44 0.503125 0.400463 0.815625 0.777778
29 0.503125 0.400463 0.815625 0.777778
30 0.503125 0.400463 0.815625 0.777778
68 0.507812 0.499132 0.967187 0.546875
72 0.505469 0.485026 0.970312 0.577402
35 0.503125 0.400463 0.815625 0.777778
20 0.508594 0.48546 0.970312 0.582321
65 0.508594 0.48546 0.970312 0.582321
66 0.508594 0.48546 0.970312 0.582321
54 0.508594 0.48546 0.970312 0.582321
30 0.508594 0.48546 0.970312 0.582321
45 0.508594 0.48546 0.970312 0.582321
33 0.508594 0.48546 0.970312 0.582321
35 0.508594 0.48546 0.970312 0.582321
44 0.508594 0.48546 0.970312 0.582321
8 0.508594 0.48546 0.970312 0.582321
36 0.508594 0.48546 0.970312 0.582321
29 0.508594 0.48546 0.970312 0.582321
2 0.508594 0.48546 0.970312 0.582321
39 0.508594 0.48546 0.970312 0.582321
21 0.508594 0.48546 0.970312 0.582321
4 0.508594 0.48546 0.970312 0.582321
6 0.508594 0.48546 0.970312 0.582321
28 0.508594 0.48546 0.970312 0.582321
1 0.508594 0.48546 0.970312 0.582321
7 0.507812 0.482639 0.96875 0.59375
57 0.508594 0.48546 0.970312 0.582321
61 0.508594 0.48546 0.970312 0.582321
5 0.508594 0.48546 0.970312 0.582321
34 0.508594 0.48546 0.970312 0.582321
3 0.507812 0.482639 0.96875 0.59375
62 0.507812 0.486039 0.96875 0.569589
31 0.507812 0.486039 0.96875 0.569589
56 0.508594 0.48546 0.970312 0.582321
10 0.508594 0.48546 0.970312 0.582321
32 0.508594 0.48546 0.970312 0.582321
67 0.507812 0.482639 0.96875 0.59375
22 0.508594 0.48546 0.970312 0.582321
52 0.507812 0.486039 0.96875 0.569589
0 0.508594 0.48546 0.970312 0.582321
23 0.507812 0.486039 0.96875 0.569589
60 0.507812 0.486039 0.96875 0.569589
69 0.507812 0.482639 0.96875 0.59375
68 0.508594 0.48546 0.970312 0.582321
59 0.507812 0.486039 0.96875 0.569589
44 0.508594 0.476273 0.967187 0.587963
65 0.508594 0.476273 0.967187 0.587963
20 0.508594 0.476273 0.967187 0.587963
33 0.508594 0.476273 0.967187 0.587963
21 0.507812 0.478588 0.965625 0.579861
35 0.507812 0.473958 0.965625 0.58912
8 0.508594 0.476273 0.967187 0.587963
66 0.508594 0.476273 0.967187 0.587963
29 0.507812 0.473958 0.965625 0.58912
54 0.507812 0.473958 0.965625 0.58912
36 0.508594 0.476273 0.967187 0.587963
45 0.508594 0.476273 0.967187 0.587963
30 0.508594 0.476273 0.967187 0.587963
39 0.508594 0.476273 0.967187 0.587963
57 0.508594 0.476273 0.967187 0.587963
4 0.508594 0.476273 0.967187 0.587963
28 0.508594 0.476273 0.967187 0.587963
6 0.507812 0.473958 0.965625 0.58912
61 0.508594 0.476273 0.967187 0.587963
34 0.508594 0.476273 0.967187 0.587963
7 0.507812 0.473958 0.965625 0.58912
2 0.507812 0.473958 0.965625 0.58912
62 0.507812 0.478588 0.965625 0.579861
31 0.507812 0.473958 0.965625 0.58912
1 0.507812 0.473958 0.965625 0.58912
10 0.508594 0.476273 0.967187 0.587963
56 0.508594 0.476273 0.967187 0.587963
67 0.507812 0.473958 0.965625 0.58912
5 0.508594 0.476273 0.967187 0.587963
23 0.507812 0.478588 0.965625 0.579861
3 0.507812 0.473958 0.965625 0.58912
32 0.508594 0.476273 0.967187 0.587963
52 0.507812 0.478588 0.965625 0.579861
68 0.508594 0.476273 0.967187 0.587963
22 0.507812 0.473958 0.965625 0.58912
0 0.508594 0.476273 0.967187 0.587963
59 0.507812 0.478588 0.965625 0.579861
60 0.507812 0.473958 0.965625 0.58912
69 0.507812 0.473958 0.965625 0.58912
57 0.32832 0.505498 0.592578 0.51794
33 0.32832 0.505498 0.592578 0.51794
33 0.503516 0.483869 0.975781 0.585503
65 0.503516 0.483869 0.975781 0.585503
66 0.503516 0.483869 0.975781 0.585503
44 0.503516 0.483869 0.975781 0.585503
20 0.503516 0.483869 0.975781 0.585503
36 0.503516 0.483869 0.975781 0.585503
8 0.503516 0.483869 0.975781 0.585503
35 0.503516 0.483869 0.975781 0.585503
29 0.503516 0.483869 0.975781 0.585503
21 0.503516 0.483869 0.975781 0.585503
34 0.503516 0.483869 0.975781 0.585503
57 0.503516 0.483869 0.975781 0.585503
54 0.503125 0.476852 0.973437 0.597222
30 0.503516 0.483869 0.975781 0.585503
6 0.503516 0.483869 0.975781 0.585503
62 0.503516 0.483869 0.975781 0.585503
39 0.503516 0.483869 0.975781 0.585503
61 0.503516 0.483869 0.975781 0.585503
45 0.503516 0.483869 0.975781 0.585503
28 0.503516 0.483869 0.975781 0.585503
2 0.503125 0.476852 0.973437 0.597222
10 0.503516 0.483869 0.975781 0.585503
7 0.503516 0.483869 0.975781 0.585503
4 0.503125 0.476852 0.973437 0.597222
31 0.503125 0.476852 0.973437 0.597222
1 0.503125 0.476852 0.973437 0.597222
67 0.503125 0.476852 0.973437 0.597222
56 0.503516 0.483869 0.975781 0.585503
5 0.503516 0.483869 0.975781 0.585503
3 0.503125 0.476852 0.973437 0.597222
33 0.35957 0.502025 0.673047 0.519097
68 0.503516 0.483869 0.975781 0.585503
23 0.503125 0.489005 0.970312 0.569444
65 0.516406 0.388889 0.86875 0.777778
60 0.503125 0.476852 0.973437 0.597222
66 0.516406 0.388889 0.86875 0.777778
57 0.35957 0.502025 0.673047 0.519097
65 0.35957 0.502025 0.673047 0.519097
20 0.516406 0.388889 0.86875 0.777778
33 0.516406 0.388889 0.86875 0.777778
52 0.503516 0.483869 0.975781 0.585503
22 0.503516 0.483869 0.975781 0.585503
32 0.503516 0.483869 0.975781 0.585503
69 0.503125 0.476852 0.973437 0.597222
0 0.503516 0.483869 0.975781 0.585503
29 0.516406 0.388889 0.86875 0.777778
21 0.35957 0.502025 0.673047 0.519097
34 0.35957 0.502025 0.673047 0.519097
44 0.516406 0.388889 0.86875 0.777778
65 0.504687 0.486183 0.967187 0.579716
44 0.504687 0.486183 0.967187 0.579716
33 0.504687 0.486183 0.967187 0.579716
20 0.504687 0.486183 0.967187 0.579716
8 0.504687 0.486183 0.967187 0.579716
21 0.504687 0.486183 0.967187 0.579716
29 0.504687 0.486183 0.967187 0.579716
45 0.504687 0.486183 0.967187 0.579716
66 0.504687 0.486183 0.967187 0.579716
34 0.504687 0.486183 0.967187 0.579716
35 0.504687 0.483869 0.965625 0.585503
30 0.504687 0.483869 0.965625 0.585503
36 0.504687 0.486183 0.967187 0.579716
54 0.504687 0.483869 0.965625 0.585503
57 0.505469 0.500506 0.965625 0.549913
4 0.504687 0.483869 0.965625 0.585503
6 0.504687 0.483869 0.965625 0.585503
39 0.504687 0.486183 0.967187 0.579716
28 0.504687 0.486183 0.967187 0.579716
61 0.504687 0.486183 0.967187 0.579716
62 0.504297 0.484086 0.963281 0.585069
65 0.506641 0.393518 0.935156 0.787037
2 0.504687 0.483869 0.965625 0.585503
7 0.504297 0.484086 0.963281 0.585069
31 0.504687 0.483869 0.965625 0.585503
56 0.504687 0.486183 0.967187 0.579716
66 0.506641 0.393518 0.935156 0.787037
20 0.506641 0.393518 0.935156 0.787037
67 0.504687 0.483869 0.965625 0.585503
33 0.506641 0.393518 0.935156 0.787037
44 0.506641 0.393518 0.935156 0.787037
29 0.506641 0.393518 0.935156 0.787037
45 0.506641 0.393518 0.935156 0.787037
1 0.504687 0.483869 0.965625 0.585503
65 0.523437 0.560764 0.853125 0.431713
57 0.504687 0.391782 0.95 0.783565
68 0.504687 0.486183 0.967187 0.579716
21 0.523437 0.560764 0.853125 0.431713
5 0.504687 0.486183 0.967187 0.579716
8 0.506641 0.393518 0.935156 0.787037
23 0.504297 0.484086 0.963281 0.585069
3 0.504297 0.484086 0.963281 0.585069
10 0.504687 0.486183 0.967187 0.579716
29 0.523437 0.560764 0.853125 0.431713
21 0.506641 0.393518 0.935156 0.787037
34 0.506641 0.393518 0.935156 0.787037
0 0.504687 0.483869 0.965625 0.585503
45 0.523437 0.560764 0.853125 0.431713
20 0.523437 0.560764 0.853125 0.431713
52 0.504687 0.486183 0.967187 0.579716
36 0.506641 0.393518 0.935156 0.787037
60 0.504687 0.483869 0.965625 0.585503
4 0.523437 0.560764 0.853125 0.431713
32 0.505469 0.500506 0.965625 0.549913
57 0.523437 0.560764 0.853125 0.431713
8 0.523437 0.560764 0.853125 0.431713
65 0.504687 0.485532 0.971875 0.576389
33 0.504687 0.485532 0.971875 0.576389
21 0.504687 0.485532 0.971875 0.576389
44 0.500781 0.488354 0.970312 0.570746
29 0.500781 0.488354 0.970312 0.570746
20 0.504687 0.485532 0.971875 0.576389
8 0.500781 0.488354 0.970312 0.570746
34 0.500781 0.488354 0.970312 0.570746
66 0.500781 0.488354 0.970312 0.570746
35 0.503125 0.485532 0.970312 0.581018
45 0.504687 0.485532 0.971875 0.576389
36 0.504687 0.485532 0.971875 0.576389
57 0.500781 0.488354 0.970312 0.570746
61 0.504687 0.485532 0.971875 0.576389
54 0.503125 0.485532 0.970312 0.581018
30 0.503125 0.485532 0.970312 0.581018
6 0.503125 0.485532 0.970312 0.581018
39 0.504687 0.485532 0.971875 0.576389
28 0.504687 0.485532 0.971875 0.576389
62 0.505469 0.489511 0.965625 0.569589
2 0.503125 0.485532 0.970312 0.581018
31 0.499609 0.487196 0.966406 0.577691
7 0.503125 0.485532 0.970312 0.581018
4 0.503125 0.485532 0.970312 0.581018
56 0.500781 0.493924 0.964062 0.560764
67 0.505469 0.489511 0.965625 0.569589
10 0.504687 0.485532 0.971875 0.576389
23 0.505469 0.489511 0.965625 0.569589
1 0.499609 0.487196 0.966406 0.577691
65 0.388672 0.492766 0.714844 0.54456
3 0.505469 0.489511 0.965625 0.569589
60 0.503125 0.485532 0.970312 0.581018
52 0.505469 0.489511 0.965625 0.569589
65 0.536816 0.525463 0.71543 0.502315
21 0.35293 0.509838 0.642578 0.53125
34 0.35293 0.509838 0.642578 0.53125
68 0.503125 0.485532 0.970312 0.581018
33 0.35293 0.509838 0.642578 0.53125
5 0.499609 0.487196 0.966406 0.577691
65 0.507422 0.500579 0.975781 0.550926
33 0.507422 0.500579 0.975781 0.550926
44 0.507422 0.500579 0.975781 0.550926
21 0.507422 0.500579 0.975781 0.550926
20 0.507422 0.500579 0.975781 0.550926
34 0.507422 0.500579 0.975781 0.550926
66 0.507422 0.500579 0.975781 0.550926
29 0.507422 0.48792 0.969531 0.56467
45 0.50625 0.498843 0.975 0.556713
8 0.507422 0.500579 0.975781 0.550926
61 0.507422 0.500579 0.975781 0.550926
57 0.507422 0.500579 0.975781 0.550926
36 0.507422 0.500579 0.975781 0.550926
35 0.50625 0.498843 0.975 0.556713
54 0.50625 0.498843 0.975 0.556713
65 0.511719 0.401042 0.932812 0.795139
30 0.50625 0.498843 0.975 0.556713
62 0.507422 0.48792 0.969531 0.56467
6 0.50625 0.498843 0.975 0.556713
39 0.507422 0.500579 0.975781 0.550926
65 0.342578 0.510417 0.628906 0.525463
44 0.511719 0.401042 0.932812 0.795139
28 0.507422 0.500579 0.975781 0.550926
20 0.511719 0.401042 0.932812 0.795139
33 0.511719 0.401042 0.932812 0.795139
66 0.511719 0.401042 0.932812 0.795139
33 0.342578 0.510417 0.628906 0.525463
4 0.50625 0.498843 0.975 0.556713
56 0.504687 0.501085 0.965625 0.538339
31 0.50625 0.498843 0.975 0.556713
21 0.511719 0.401042 0.932812 0.795139
29 0.511719 0.401042 0.932812 0.795139
2 0.50625 0.498843 0.975 0.556713
45 0.511719 0.401042 0.932812 0.795139
21 0.342578 0.510417 0.628906 0.525463
67 0.507422 0.48792 0.969531 0.56467
65 0.526172 0.558015 0.785156 0.423322
7 0.507422 0.48792 0.969531 0.56467
68 0.507422 0.500579 0.975781 0.550926
34 0.342578 0.510417 0.628906 0.525463
44 0.342578 0.510417 0.628906 0.525463
10 0.507422 0.48792 0.969531 0.56467
23 0.507422 0.48792 0.969531 0.56467
1 0.50625 0.498843 0.975 0.556713
52 0.507422 0.48792 0.969531 0.56467
34 0.490625 0.405671 0.923437 0.783565
29 0.342578 0.510417 0.628906 0.525463
21 0.526172 0.558015 0.785156 0.423322
8 0.490625 0.405671 0.923437 0.783565
35 0.511719 0.401042 0.932812 0.795139
57 0.342578 0.510417 0.628906 0.525463
20 0.342578 0.510417 0.628906 0.525463
60 0.507422 0.48792 0.969531 0.56467
57 0.490625 0.405671 0.923437 0.783565
29 0.526172 0.558015 0.785156 0.423322
5 0.507812 0.491609 0.978125 0.574653
65 0.508203 0.494792 0.964844 0.564815
33 0.508203 0.494792 0.964844 0.564815
66 0.508203 0.498264 0.963281 0.548611
21 0.508203 0.494792 0.964844 0.564815
35 0.508203 0.498264 0.963281 0.548611
20 0.508203 0.498264 0.963281 0.548611
44 0.508203 0.498264 0.963281 0.548611
36 0.508203 0.494792 0.964844 0.564815
8 0.508203 0.494792 0.964844 0.564815
45 0.507812 0.491319 0.975 0.56713
34 0.508203 0.494792 0.964844 0.564815
29 0.507812 0.491319 0.975 0.56713
30 0.508203 0.498264 0.963281 0.548611
61 0.508203 0.494792 0.964844 0.564815
57 0.508203 0.498264 0.963281 0.548611
39 0.50625 0.501808 0.960937 0.536892
6 0.50625 0.501808 0.960937 0.536892
54 0.508203 0.498264 0.963281 0.548611
28 0.508203 0.494792 0.964844 0.564815
62 0.507422 0.491898 0.975781 0.578704
31 0.507812 0.491319 0.975 0.56713
7 0.50625 0.501808 0.960937 0.536892
2 0.507422 0.491898 0.975781 0.578704
10 0.507422 0.491898 0.975781 0.578704
56 0.507422 0.491898 0.975781 0.578704
4 0.507812 0.491319 0.975 0.56713
1 0.507422 0.491898 0.975781 0.578704
60 0.507812 0.491319 0.975 0.56713
67 0.507812 0.491319 0.975 0.56713
33 0.328516 0.508681 0.597656 0.513889
32 0.507422 0.491898 0.975781 0.578704
65 0.328516 0.508681 0.597656 0.513889
68 0.508203 0.494792 0.964844 0.564815
33 0.510937 0.506366 0.96875 0.552083
21 0.510937 0.503183 0.96875 0.556134
65 0.510937 0.503183 0.96875 0.556134
34 0.510937 0.503183 0.96875 0.556134
35 0.510156 0.50897 0.96875 0.537616
66 0.510156 0.50897 0.96875 0.537616
45 0.510156 0.50897 0.96875 0.537616
29 0.510937 0.503183 0.96875 0.556134
36 0.510937 0.506366 0.96875 0.552083
44 0.510156 0.50897 0.96875 0.537616
57 0.510156 0.50897 0.96875 0.537616
61 0.510937 0.506366 0.96875 0.552083
8 0.505469 0.511285 0.967187 0.542245
20 0.510156 0.50897 0.96875 0.537616
30 0.510156 0.50897 0.96875 0.537616
62 0.510937 0.503183 0.96875 0.556134
39 0.510156 0.50897 0.96875 0.537616
54 0.510156 0.50897 0.96875 0.537616
6 0.510156 0.50897 0.96875 0.537616
28 0.510937 0.506366 0.96875 0.552083
10 0.510937 0.503183 0.96875 0.556134
56 0.510937 0.503183 0.96875 0.556134
7 0.504687 0.510417 0.9625 0.530093
31 0.509375 0.502315 0.975 0.553241
2 0.504687 0.510417 0.9625 0.530093
33 0.35293 0.507523 0.641016 0.510417
33 0.513281 0.427373 0.817187 0.635995
65 0.513281 0.427373 0.817187 0.635995
23 0.510937 0.503183 0.96875 0.556134
9 0.510937 0.506366 0.96875 0.552083
67 0.510937 0.503183 0.96875 0.556134
45 0.513281 0.427373 0.817187 0.635995
33 0.507031 0.486617 0.976562 0.584635
65 0.507031 0.486617 0.976562 0.584635
21 0.509375 0.485605 0.965625 0.578559
34 0.508594 0.484881 0.967187 0.582321
35 0.507812 0.486979 0.973437 0.587384
36 0.507031 0.486617 0.976562 0.584635
66 0.507812 0.486979 0.973437 0.587384
20 0.508594 0.486039 0.967187 0.58695
29 0.509375 0.485605 0.965625 0.578559
45 0.507812 0.486979 0.973437 0.587384
61 0.508594 0.484881 0.967187 0.582321
44 0.507031 0.486617 0.976562 0.584635
8 0.508594 0.486039 0.967187 0.58695
30 0.507812 0.486979 0.973437 0.587384
57 0.505469 0.489873 0.965625 0.573495
39 0.507812 0.486979 0.973437 0.587384
6 0.507031 0.486617 0.976562 0.584635
62 0.509375 0.485605 0.965625 0.578559
7 0.507812 0.486979 0.973437 0.587384
54 0.507812 0.486979 0.973437 0.587384
31 0.507812 0.486979 0.973437 0.587384
33 0.335937 0.500289 0.619531 0.519097
2 0.507812 0.486979 0.973437 0.587384
28 0.508594 0.484881 0.967187 0.582321
10 0.507031 0.486617 0.976562 0.584635
68 0.505469 0.489873 0.965625 0.573495
34 0.335937 0.500289 0.619531 0.519097
4 0.507812 0.486979 0.973437 0.587384
52 0.509375 0.485605 0.965625 0.578559
23 0.509375 0.485605 0.965625 0.578559
56 0.507031 0.486617 0.976562 0.584635
65 0.335937 0.500289 0.619531 0.519097
60 0.507812 0.486979 0.973437 0.587384
67 0.509375 0.485605 0.965625 0.578559
33 0.662891 0.482349 0.611719 0.576968
65 0.662891 0.482349 0.611719 0.576968
57 0.335937 0.500289 0.619531 0.519097
33 0.50625 0.480324 0.964062 0.590278
65 0.50625 0.480324 0.964062 0.590278
34 0.50625 0.480324 0.964062 0.590278
21 0.50625 0.491609 0.9625 0.568866
35 0.504687 0.478299 0.964062 0.601273
66 0.504687 0.478299 0.964062 0.601273
45 0.504687 0.478299 0.964062 0.601273
57 0.50625 0.480324 0.964062 0.590278
29 0.504687 0.478299 0.964062 0.601273
36 0.50625 0.491609 0.9625 0.568866
20 0.504687 0.473958 0.9625 0.608796
44 0.504687 0.473958 0.9625 0.608796
8 0.504687 0.473958 0.9625 0.608796
30 0.504687 0.478299 0.964062 0.601273
61 0.50625 0.491609 0.9625 0.568866
2 0.504687 0.473958 0.9625 0.608796
39 0.504687 0.473958 0.9625 0.608796
62 0.504687 0.478299 0.964062 0.601273
33 0.623828 0.520833 0.607031 0.509259
23 0.505469 0.485026 0.960937 0.576244
65 0.536328 0.551505 0.796094 0.440972
33 0.354297 0.507234 0.64375 0.522569
33 0.536328 0.551505 0.796094 0.440972
7 0.504687 0.473958 0.9625 0.608796
65 0.623828 0.520833 0.607031 0.509259
68 0.50625 0.491609 0.9625 0.568866
34 0.536328 0.551505 0.796094 0.440972
6 0.504687 0.473958 0.9625 0.608796
34 0.354297 0.507234 0.64375 0.522569
34 0.623828 0.520833 0.607031 0.509259
54 0.504687 0.478299 0.964062 0.601273
65 0.354297 0.507234 0.64375 0.522569
31 0.504687 0.473958 0.9625 0.608796
60 0.504687 0.473958 0.9625 0.608796
33 0.507031 0.483796 0.960937 0.578704
21 0.503906 0.486617 0.960937 0.569589
35 0.507031 0.483218 0.959375 0.581018
65 0.503906 0.486617 0.960937 0.569589
66 0.507031 0.483218 0.959375 0.581018
34 0.507031 0.483796 0.960937 0.578704
20 0.503906 0.48206 0.959375 0.582176
36 0.507031 0.482349 0.971875 0.585069
8 0.503906 0.48206 0.959375 0.582176
61 0.507031 0.483796 0.960937 0.578704
45 0.507031 0.483218 0.959375 0.581018
30 0.507031 0.483218 0.959375 0.581018
44 0.503906 0.48206 0.959375 0.582176
29 0.507422 0.482711 0.960156 0.579716
57 0.507031 0.483218 0.959375 0.581018
39 0.507031 0.483218 0.959375 0.581018
6 0.503906 0.48206 0.959375 0.582176
62 0.507422 0.482711 0.960156 0.579716
7 0.503906 0.48206 0.959375 0.582176
33 0.38584 0.500289 0.718945 0.527199
54 0.507031 0.483218 0.959375 0.581018
60 0.507031 0.483218 0.959375 0.581018
23 0.507422 0.482711 0.960156 0.579716
10 0.507031 0.482349 0.971875 0.585069
2 0.503906 0.48206 0.959375 0.582176
34 0.38584 0.500289 0.718945 0.527199
28 0.507031 0.483796 0.960937 0.578704
31 0.507422 0.482349 0.967969 0.583912
67 0.507422 0.482349 0.967969 0.583912
33 0.508594 0.486617 0.967187 0.575376
65 0.507031 0.480903 0.978125 0.594907
35 0.507812 0.492983 0.96875 0.574219
66 0.507812 0.492983 0.96875 0.574219
34 0.508594 0.486617 0.967187 0.575376
21 0.508594 0.486617 0.967187 0.575376
20 0.507812 0.492983 0.96875 0.574219
36 0.507031 0.480903 0.978125 0.594907
8 0.507031 0.498553 0.965625 0.558449
45 0.507812 0.492983 0.96875 0.574219
57 0.507812 0.492983 0.96875 0.574219
29 0.507812 0.483796 0.978125 0.597222
39 0.507812 0.492983 0.96875 0.574219
30 0.507812 0.492983 0.96875 0.574219
61 0.508594 0.486617 0.967187 0.575376
44 0.507031 0.480903 0.978125 0.594907
7 0.507031 0.498553 0.965625 0.558449
6 0.507031 0.498553 0.965625 0.558449
33 0.315625 0.510995 0.582812 0.506944
2 0.507031 0.498553 0.965625 0.558449
60 0.507812 0.492983 0.96875 0.574219
23 0.507031 0.468171 0.965625 0.609954
33 0.574316 0.524884 0.781055 0.496528
28 0.508594 0.486617 0.967187 0.575376
68 0.507031 0.480903 0.978125 0.594907
31 0.507812 0.483796 0.978125 0.597222
34 0.315625 0.510995 0.582812 0.506944
33 0.510547 0.498264 0.972656 0.55787
65 0.508594 0.491898 0.982812 0.574074
34 0.510937 0.492766 0.970312 0.564236
21 0.507812 0.500579 0.96875 0.549768
35 0.509766 0.498915 0.971094 0.56004
66 0.507812 0.506655 0.971875 0.53993
29 0.510937 0.492766 0.970312 0.564236
45 0.507812 0.500579 0.96875 0.549768
20 0.505469 0.504051 0.970312 0.549768
36 0.507812 0.506655 0.971875 0.53993
57 0.507812 0.506655 0.971875 0.53993
33 0.38584 0.509259 0.718945 0.513889
61 0.510547 0.498264 0.972656 0.55787
44 0.505469 0.504051 0.970312 0.549768
8 0.505469 0.504051 0.970312 0.549768
65 0.38584 0.509259 0.718945 0.513889
30 0.509766 0.498915 0.971094 0.56004
39 0.505469 0.504051 0.970312 0.549768
34 0.38584 0.509259 0.718945 0.513889
2 0.505469 0.504051 0.970312 0.549768
65 0.514062 0.41059 0.859375 0.760995
7 0.505469 0.504051 0.970312 0.549768
62 0.507812 0.500579 0.96875 0.549768
23 0.510937 0.492766 0.970312 0.564236
33 0.514062 0.41059 0.859375 0.760995
6 0.505469 0.504051 0.970312 0.549768
68 0.508594 0.491898 0.982812 0.574074
21 0.38584 0.509259 0.718945 0.513889
33 0.50625 0.483145 0.98125 0.59158
65 0.503906 0.494213 0.973437 0.5625
35 0.507031 0.482349 0.971875 0.586227
66 0.507031 0.482349 0.971875 0.586227
21 0.507422 0.479094 0.972656 0.590422
34 0.507422 0.479094 0.972656 0.590422
45 0.507812 0.481481 0.978125 0.587963
20 0.502734 0.492766 0.969531 0.563079
29 0.507422 0.479094 0.972656 0.590422
57 0.503906 0.494213 0.973437 0.5625
44 0.502734 0.492766 0.969531 0.563079
30 0.507031 0.482349 0.971875 0.586227
39 0.507031 0.482349 0.971875 0.586227
36 0.50625 0.483145 0.98125 0.59158
8 0.502734 0.492766 0.969531 0.563079
2 0.502734 0.492766 0.969531 0.563079
61 0.50625 0.483145 0.98125 0.59158
23 0.507422 0.479094 0.972656 0.590422
7 0.502734 0.492766 0.969531 0.563079
65 0.342383 0.499132 0.630859 0.506366
6 0.502734 0.492766 0.969531 0.563079
62 0.507422 0.479094 0.972656 0.590422
31 0.502734 0.492766 0.969531 0.563079
33 0.342383 0.499132 0.630859 0.506366
60 0.507812 0.481481 0.978125 0.587963
10 0.507422 0.479094 0.972656 0.590422
28 0.507422 0.479094 0.972656 0.590422
56 0.503906 0.494213 0.970312 0.55787
54 0.507031 0.482349 0.971875 0.586227
4 0.502734 0.492766 0.969531 0.563079
34 0.342383 0.499132 0.630859 0.506366
68 0.507422 0.479094 0.972656 0.590422
33 0.508594 0.478009 0.979687 0.604167
34 0.509375 0.481771 0.970312 0.590856
35 0.509375 0.473958 0.971875 0.613426
65 0.509375 0.481771 0.970312 0.590856
66 0.509375 0.473958 0.971875 0.613426
21 0.509375 0.481771 0.970312 0.590856
45 0.508984 0.475116 0.978906 0.612268
36 0.508594 0.478009 0.979687 0.604167
39 0.504687 0.473958 0.9625 0.609954
23 0.509375 0.481771 0.970312 0.590856
57 0.509375 0.473958 0.971875 0.613426
2 0.504687 0.473958 0.9625 0.609954
61 0.509375 0.473958 0.971875 0.613426
20 0.504687 0.473958 0.9625 0.609954
44 0.504687 0.473958 0.9625 0.609954
30 0.509375 0.473958 0.971875 0.613426
8 0.504687 0.473958 0.9625 0.609954
29 0.509375 0.481771 0.970312 0.590856
7 0.504687 0.473958 0.9625 0.609954
33 0.303125 0.497974 0.547656 0.522569
60 0.509375 0.473958 0.971875 0.613426
6 0.504687 0.473958 0.9625 0.609954
33 0.646484 0.479167 0.644531 0.599537
34 0.303125 0.497974 0.547656 0.522569
62 0.509375 0.481771 0.970312 0.590856
10 0.509375 0.481771 0.970312 0.590856
65 0.303125 0.497974 0.547656 0.522569
69 0.504687 0.473958 0.9625 0.609954
28 0.509375 0.481771 0.970312 0.590856
33 0.507812 0.488426 0.975 0.571759
35 0.50625 0.484303 0.973437 0.577691
65 0.505469 0.497396 0.967187 0.54456
21 0.505469 0.497396 0.967187 0.54456
34 0.505469 0.497396 0.967187 0.54456
66 0.50625 0.484303 0.973437 0.577691
33 0.35625 0.506076 0.657812 0.514468
39 0.503125 0.486111 0.965625 0.571759
7 0.503125 0.486111 0.965625 0.571759
20 0.505469 0.494285 0.967187 0.562355
30 0.50625 0.484303 0.973437 0.577691
29 0.505469 0.497396 0.967187 0.54456
8 0.50625 0.484303 0.973437 0.577691
36 0.504687 0.487268 0.985937 0.576389
45 0.505469 0.497396 0.967187 0.54456
57 0.50625 0.484303 0.973437 0.577691
23 0.505469 0.497396 0.967187 0.54456
60 0.50625 0.484303 0.973437 0.577691
6 0.50625 0.484303 0.973437 0.577691
2 0.503125 0.486111 0.965625 0.571759
61 0.50625 0.484303 0.973437 0.577691
65 0.35625 0.506076 0.657812 0.514468
34 0.35625 0.506076 0.657812 0.514468
68 0.505469 0.497396 0.967187 0.54456
62 0.505469 0.497396 0.967187 0.54456
44 0.505469 0.497396 0.967187 0.54456
33 0.503125 0.489583 0.959375 0.569444
35 0.507031 0.49103 0.965625 0.58044
65 0.503125 0.489583 0.959375 0.569444
66 0.503125 0.489583 0.959375 0.569444
33 0.364453 0.496817 0.675781 0.531829
34 0.503906 0.486111 0.979687 0.581018
36 0.503906 0.486111 0.979687 0.581018
39 0.502734 0.49103 0.960156 0.573495
21 0.503125 0.489583 0.959375 0.569444
8 0.502734 0.49103 0.960156 0.573495
20 0.502734 0.49103 0.960156 0.573495
30 0.502734 0.49103 0.960156 0.573495
7 0.502734 0.49103 0.960156 0.573495
6 0.502734 0.49103 0.960156 0.573495
61 0.504687 0.488137 0.978125 0.586227
60 0.507031 0.49103 0.965625 0.58044
45 0.504687 0.488137 0.978125 0.586227
57 0.502734 0.49103 0.960156 0.573495
2 0.502734 0.49103 0.960156 0.573495
29 0.502734 0.49103 0.960156 0.573495
65 0.364453 0.496817 0.675781 0.531829
23 0.507031 0.484664 0.9625 0.582755
34 0.364453 0.496817 0.675781 0.531829
44 0.502734 0.49103 0.960156 0.573495
10 0.503906 0.486111 0.979687 0.581018
35 0.364453 0.496817 0.675781 0.531829
62 0.504687 0.488137 0.978125 0.586227
21 0.364453 0.496817 0.675781 0.531829
36 0.364453 0.496817 0.675781 0.531829
69 0.502734 0.49103 0.960156 0.573495
2 0.364453 0.496817 0.675781 0.531829
66 0.364453 0.496817 0.675781 0.531829
28 0.507031 0.484664 0.9625 0.582755
22 0.498437 0.491392 0.953125 0.56004
39 0.364453 0.496817 0.675781 0.531829
33 0.507031 0.485243 0.98125 0.58044
65 0.504687 0.487558 0.971875 0.566551
34 0.508594 0.483724 0.971875 0.576533
35 0.508203 0.484881 0.971094 0.577691
21 0.504687 0.487558 0.971875 0.566551
36 0.508203 0.484881 0.971094 0.577691
66 0.508203 0.484881 0.971094 0.577691
45 0.508203 0.484881 0.971094 0.577691
61 0.508203 0.484881 0.971094 0.577691
29 0.508594 0.484086 0.96875 0.578125
39 0.508203 0.484881 0.971094 0.577691
44 0.503906 0.488498 0.970312 0.565827
57 0.508203 0.484881 0.971094 0.577691
33 0.329687 0.502894 0.599219 0.519676
23 0.508594 0.484086 0.96875 0.578125
60 0.508203 0.484881 0.971094 0.577691
8 0.508203 0.484881 0.971094 0.577691
30 0.508203 0.484881 0.971094 0.577691
20 0.503906 0.488498 0.970312 0.565827
2 0.503906 0.488498 0.970312 0.565827
65 0.329687 0.502894 0.599219 0.519676
34 0.329687 0.502894 0.599219 0.519676
68 0.504687 0.487558 0.971875 0.566551
10 0.507812 0.482567 0.979687 0.584635
28 0.504687 0.487558 0.971875 0.566551
7 0.503906 0.488498 0.970312 0.565827
33 0.499219 0.487847 0.967187 0.565972
65 0.499219 0.487847 0.967187 0.565972
34 0.504687 0.483869 0.971875 0.576244
33 0.2875 0.499349 0.529687 0.519821
66 0.499219 0.487847 0.967187 0.565972
21 0.499219 0.487847 0.967187 0.565972
35 0.505469 0.48206 0.971875 0.572917
36 0.50625 0.481481 0.979687 0.571759
45 0.499219 0.487847 0.967187 0.565972
65 0.2875 0.499349 0.529687 0.519821
34 0.2875 0.499349 0.529687 0.519821
61 0.50625 0.481481 0.979687 0.571759
29 0.498437 0.484447 0.965625 0.563513
44 0.498437 0.484447 0.965625 0.563513
57 0.498437 0.484447 0.965625 0.563513
20 0.498437 0.484447 0.965625 0.563513
30 0.503516 0.481988 0.964844 0.59158
60 0.50625 0.481481 0.979687 0.571759
2 0.505469 0.484881 0.979687 0.576533
39 0.503516 0.481988 0.964844 0.59158
23 0.50625 0.482639 0.967187 0.572917
68 0.499219 0.487847 0.967187 0.565972
33 0.50791 0.508102 0.72793 0.520833
33 0.196289 0.505208 0.366016 0.491898
8 0.503516 0.481988 0.964844 0.59158
33 0.661621 0.480613 0.614258 0.570023
33 0.504297 0.491609 0.975781 0.583912
34 0.504687 0.486979 0.975 0.579282
35 0.504297 0.491609 0.975781 0.583912
65 0.5 0.494141 0.96875 0.566117
33 0.36543 0.506366 0.675391 0.524305
36 0.504297 0.491609 0.975781 0.583912
61 0.504297 0.491609 0.975781 0.583912
66 0.504297 0.491609 0.975781 0.583912
21 0.504297 0.491609 0.975781 0.583912
60 0.504297 0.491609 0.975781 0.583912
39 0.499219 0.496528 0.970312 0.574074
34 0.36543 0.506366 0.675391 0.524305
45 0.504297 0.491609 0.975781 0.583912
2 0.499219 0.496528 0.970312 0.574074
8 0.504297 0.491609 0.975781 0.583912
57 0.504297 0.491609 0.975781 0.583912
23 0.5 0.495298 0.965625 0.566117
65 0.36543 0.506366 0.675391 0.524305
10 0.504687 0.487558 0.978125 0.585069
29 0.504297 0.491609 0.975781 0.583912
30 0.504297 0.491609 0.975781 0.583912
6 0.499219 0.496528 0.970312 0.574074
7 0.499219 0.496528 0.970312 0.574074
33 0.393848 0.425637 0.693555 0.708912
33 0.505469 0.493634 0.967187 0.563657
65 0.501562 0.500289 0.9625 0.553819
34 0.50625 0.492983 0.965625 0.567274
35 0.505469 0.493634 0.967187 0.563657
66 0.505469 0.493634 0.967187 0.563657
21 0.505469 0.493634 0.967187 0.563657
36 0.505469 0.493634 0.967187 0.563657
45 0.505469 0.493634 0.967187 0.563657
61 0.505469 0.493634 0.967187 0.563657
60 0.505469 0.493634 0.967187 0.563657
39 0.505469 0.493634 0.967187 0.563657
2 0.501953 0.497106 0.964844 0.554398
57 0.505469 0.493634 0.967187 0.563657
33 0.330078 0.512153 0.597656 0.520833
29 0.505469 0.493634 0.967187 0.563657
23 0.501562 0.500289 0.9625 0.553819
20 0.501953 0.497106 0.964844 0.554398
33 0.501172 0.493056 0.975781 0.577546
35 0.504297 0.496817 0.960156 0.566551
65 0.501172 0.493056 0.975781 0.577546
66 0.504297 0.496817 0.960156 0.566551
34 0.501562 0.49537 0.973437 0.576389
39 0.504297 0.496817 0.960156 0.566551
21 0.501562 0.49537 0.973437 0.576389
36 0.501562 0.49537 0.973437 0.576389
60 0.501562 0.49537 0.973437 0.576389
20 0.501953 0.494502 0.958594 0.567708
23 0.504687 0.491319 0.959375 0.572917
61 0.501562 0.49537 0.973437 0.576389
2 0.501562 0.49537 0.973437 0.576389
45 0.501562 0.49537 0.973437 0.576389
6 0.500781 0.496817 0.957812 0.561921
7 0.500781 0.496817 0.957812 0.561921
57 0.501562 0.49537 0.973437 0.576389
30 0.504297 0.496817 0.960156 0.566551
33 0.324609 0.502315 0.582812 0.515046
8 0.500781 0.496817 0.957812 0.561921
22 0.501562 0.49537 0.973437 0.576389
33 0.625391 0.487558 0.683594 0.592014
29 0.501562 0.49537 0.973437 0.576389
68 0.501172 0.493056 0.975781 0.577546
32 0.501562 0.49537 0.973437 0.576389
10 0.501562 0.49537 0.973437 0.576389
44 0.501562 0.49537 0.973437 0.576389
33 0.502344 0.488137 0.973437 0.57581
65 0.502734 0.490451 0.980469 0.579282
66 0.503125 0.490162 0.971875 0.577546
35 0.503125 0.490162 0.971875 0.577546
33 0.354297 0.499132 0.657812 0.534143
34 0.502734 0.490451 0.980469 0.579282
21 0.502734 0.490451 0.980469 0.579282
20 0.499219 0.490451 0.967187 0.572338
36 0.502734 0.490451 0.980469 0.579282
60 0.502734 0.490451 0.980469 0.579282
2 0.502734 0.490451 0.980469 0.579282
45 0.502734 0.490451 0.980469 0.579282
6 0.502734 0.490451 0.980469 0.579282
65 0.354297 0.499132 0.657812 0.534143
57 0.502734 0.490451 0.980469 0.579282
39 0.503125 0.490162 0.971875 0.577546
68 0.502344 0.489656 0.979687 0.577402
23 0.503125 0.485026 0.964062 0.573929
29 0.502734 0.490451 0.980469 0.579282
7 0.499219 0.491319 0.965625 0.572917
34 0.354297 0.499132 0.657812 0.534143
33 0.505859 0.49566 0.638281 0.559606
30 0.500781 0.478588 0.964062 0.591435
8 0.503125 0.490162 0.971875 0.577546
33 0.274414 0.517072 0.473047 0.51331
33 0.504687 0.490162 0.959375 0.5625
65 0.504297 0.485822 0.975781 0.576968
66 0.507422 0.491392 0.963281 0.575087
35 0.507422 0.491392 0.963281 0.575087
34 0.504297 0.485822 0.975781 0.576968
21 0.504687 0.488715 0.975 0.581597
33 0.354687 0.500868 0.654687 0.520255
36 0.504297 0.485822 0.975781 0.576968
60 0.504687 0.488715 0.975 0.581597
20 0.504687 0.494213 0.959375 0.56713
45 0.504687 0.488715 0.975 0.581597
2 0.504687 0.494213 0.959375 0.56713
39 0.507422 0.491392 0.963281 0.575087
57 0.504687 0.488715 0.975 0.581597
23 0.507031 0.486111 0.9625 0.571759
6 0.504687 0.494213 0.959375 0.56713
29 0.504687 0.488715 0.975 0.581597
68 0.504297 0.485822 0.975781 0.576968
61 0.504687 0.488715 0.975 0.581597
7 0.504687 0.494213 0.959375 0.56713
8 0.504687 0.494213 0.959375 0.56713
33 0.505078 0.488498 0.977344 0.580874
66 0.503516 0.490162 0.971094 0.570602
35 0.505469 0.489077 0.976562 0.575087
65 0.505078 0.488498 0.977344 0.580874
33 0.359961 0.499132 0.680078 0.535301
34 0.505078 0.488498 0.977344 0.580874
36 0.505469 0.489077 0.976562 0.575087
21 0.505469 0.489077 0.976562 0.575087
20 0.499219 0.493345 0.967187 0.564236
39 0.503516 0.490162 0.971094 0.570602
60 0.505469 0.489077 0.976562 0.575087
6 0.505469 0.489077 0.976562 0.575087
2 0.505469 0.489077 0.976562 0.575087
23 0.503125 0.490741 0.965625 0.569444
45 0.505469 0.489077 0.976562 0.575087
57 0.505469 0.489077 0.976562 0.575087
65 0.359961 0.499132 0.680078 0.535301
61 0.505469 0.489077 0.976562 0.575087
7 0.499219 0.493345 0.967187 0.564236
34 0.359961 0.499132 0.680078 0.535301
8 0.505469 0.489077 0.976562 0.575087
29 0.505469 0.489077 0.976562 0.575087
10 0.505469 0.489077 0.976562 0.575087
30 0.505469 0.489077 0.976562 0.575087
68 0.505469 0.489077 0.976562 0.575087
33 0.503125 0.487196 0.978125 0.578848
34 0.503125 0.487196 0.978125 0.578848
66 0.503125 0.485532 0.96875 0.577546
65 0.498437 0.489294 0.964062 0.570023
35 0.503125 0.48669 0.978125 0.577546
33 0.387109 0.50123 0.726562 0.52879
36 0.503125 0.48669 0.978125 0.577546
60 0.503125 0.48669 0.978125 0.577546
21 0.503125 0.48669 0.978125 0.577546
39 0.503125 0.48669 0.978125 0.577546
45 0.503125 0.48669 0.978125 0.577546
61 0.503125 0.48669 0.978125 0.577546
20 0.497656 0.489873 0.9625 0.568866
23 0.499219 0.49103 0.960937 0.567708
34 0.387109 0.50123 0.726562 0.52879
2 0.503125 0.48669 0.978125 0.577546
6 0.503125 0.48669 0.978125 0.577546
57 0.503125 0.48669 0.978125 0.577546
68 0.503125 0.487196 0.978125 0.578848
29 0.503125 0.48669 0.978125 0.577546
65 0.387109 0.50123 0.726562 0.52879
33 0.503125 0.488426 0.970312 0.564815
65 0.498437 0.494864 0.96875 0.551939
34 0.503516 0.487196 0.980469 0.569589
66 0.502734 0.487847 0.969531 0.561343
33 0.389844 0.501157 0.723437 0.523148
35 0.502734 0.487847 0.969531 0.561343
21 0.503516 0.484881 0.980469 0.569589
36 0.503516 0.484881 0.980469 0.569589
34 0.389844 0.501157 0.723437 0.523148
29 0.503516 0.484881 0.980469 0.569589
33 0.490625 0.554977 0.85 0.440972
45 0.503516 0.484881 0.980469 0.569589
60 0.503516 0.484881 0.980469 0.569589
23 0.498437 0.494864 0.96875 0.551939
20 0.496875 0.491319 0.965625 0.550926
61 0.503516 0.484881 0.980469 0.569589
57 0.503516 0.484881 0.980469 0.569589
68 0.498437 0.494864 0.96875 0.551939
39 0.496875 0.491319 0.965625 0.550926
2 0.496875 0.491319 0.965625 0.550926
33 0.504297 0.491898 0.963281 0.564815
65 0.504297 0.491898 0.963281 0.564815
34 0.504297 0.48669 0.977344 0.578704
66 0.505469 0.487847 0.970312 0.565972
21 0.504297 0.491898 0.963281 0.564815
23 0.504687 0.491826 0.9625 0.56033
35 0.504297 0.485026 0.975781 0.572772
36 0.504297 0.485026 0.975781 0.572772
33 0.283398 0.501736 0.509766 0.519676
29 0.504297 0.485026 0.975781 0.572772
20 0.503516 0.49197 0.963281 0.556568
45 0.504297 0.485026 0.975781 0.572772
61 0.504297 0.485026 0.975781 0.572772
39 0.503516 0.49197 0.963281 0.556568
2 0.503516 0.49197 0.963281 0.556568
57 0.504297 0.485026 0.975781 0.572772
68 0.504297 0.491898 0.963281 0.564815
60 0.504297 0.485026 0.975781 0.572772
33 0.505078 0.484375 0.972656 0.585648
65 0.505469 0.480903 0.98125 0.596065
66 0.50625 0.478877 0.975 0.595486
33 0.385547 0.496528 0.716406 0.541667
35 0.505469 0.480903 0.98125 0.596065
34 0.505469 0.480903 0.98125 0.596065
36 0.505469 0.480903 0.98125 0.596065
33 0.283594 0.51331 0.503906 0.525463
21 0.503906 0.485026 0.970312 0.584346
20 0.503906 0.485026 0.970312 0.584346
23 0.504297 0.48329 0.969531 0.580874
60 0.505469 0.480903 0.98125 0.596065
65 0.385547 0.496528 0.716406 0.541667
45 0.505469 0.480903 0.98125 0.596065
29 0.503906 0.485026 0.970312 0.584346
39 0.503906 0.485026 0.970312 0.584346
34 0.385547 0.496528 0.716406 0.541667
2 0.503906 0.485026 0.970312 0.584346
6 0.505469 0.480903 0.98125 0.596065
68 0.504297 0.48329 0.969531 0.580874
33 0.505078 0.492477 0.974219 0.572917
65 0.502344 0.501736 0.960937 0.550926
34 0.505078 0.492477 0.974219 0.572917
66 0.50625 0.494141 0.965625 0.564959
21 0.50625 0.494141 0.965625 0.564959
35 0.50625 0.494141 0.965625 0.564959
45 0.505078 0.492477 0.974219 0.572917
33 0.349805 0.516782 0.641016 0.525463
36 0.505078 0.492477 0.974219 0.572917
29 0.505469 0.491609 0.973437 0.572338
20 0.502344 0.500868 0.960937 0.551505
61 0.505469 0.491609 0.973437 0.572338
23 0.502344 0.501736 0.960937 0.550926
60 0.505469 0.491609 0.973437 0.572338
39 0.50625 0.494141 0.965625 0.564959
33 0.505078 0.494792 0.971094 0.5625
66 0.503906 0.497106 0.965625 0.549768
35 0.503906 0.497106 0.965625 0.549768
65 0.505078 0.494792 0.971094 0.5625
34 0.505078 0.494792 0.971094 0.5625
33 0.360547 0.513889 0.66875 0.513889
36 0.505469 0.494285 0.970312 0.557726
21 0.505469 0.494285 0.970312 0.557726
39 0.503906 0.497106 0.965625 0.549768
60 0.505469 0.494285 0.970312 0.557726
20 0.501562 0.5 0.960937 0.541667
45 0.505469 0.494285 0.970312 0.557726
23 0.501562 0.5 0.960937 0.541667
6 0.5 0.5 0.95625 0.541667
29 0.5 0.5 0.95625 0.541667
2 0.5 0.5 0.95625 0.541667
61 0.505469 0.494285 0.970312 0.557726
7 0.5 0.5 0.95625 0.541667
57 0.505469 0.494285 0.970312 0.557726
8 0.5 0.5 0.95625 0.541667
33 0.501562 0.487196 0.971875 0.581163
34 0.504687 0.485532 0.975 0.586805
66 0.500781 0.487775 0.970312 0.573061
65 0.504687 0.485532 0.975 0.586805
33 0.373633 0.51331 0.695703 0.530093
35 0.500781 0.487775 0.970312 0.573061
36 0.504687 0.485532 0.975 0.586805
21 0.499219 0.498553 0.9625 0.550347
33 0.507031 0.572772 0.785937 0.398437
45 0.504687 0.485532 0.975 0.586805
20 0.499219 0.498553 0.9625 0.550347
33 0.505859 0.49009 0.975781 0.575376
66 0.504297 0.493924 0.972656 0.564236
65 0.503125 0.495298 0.971875 0.56033
34 0.505859 0.49009 0.975781 0.575376
33 0.395703 0.506366 0.735937 0.527778
35 0.504297 0.493924 0.972656 0.564236
36 0.505859 0.49009 0.975781 0.575376
21 0.505469 0.491392 0.973437 0.575087
45 0.505469 0.491392 0.973437 0.575087
29 0.501953 0.499711 0.967969 0.553819
61 0.505469 0.491392 0.973437 0.575087
20 0.501953 0.499711 0.967969 0.553819
39 0.504297 0.493924 0.972656 0.564236
60 0.505859 0.49009 0.975781 0.575376
23 0.503125 0.495298 0.971875 0.56033
33 0.496094 0.536748 0.823437 0.472801
33 0.504687 0.485822 0.975 0.582755
66 0.502734 0.482928 0.971094 0.588542
35 0.504687 0.484664 0.973437 0.590856
65 0.504687 0.484664 0.973437 0.590856
36 0.504687 0.484664 0.973437 0.590856
34 0.504687 0.485822 0.975 0.582755
20 0.500781 0.486111 0.970312 0.576389
39 0.504687 0.484664 0.973437 0.590856
60 0.504687 0.484664 0.973437 0.590856
21 0.504687 0.484664 0.973437 0.590856
33 0.341797 0.485026 0.627344 0.548466
6 0.504687 0.484664 0.973437 0.590856
61 0.504687 0.484664 0.973437 0.590856
45 0.504687 0.484664 0.973437 0.590856
33 0.505469 0.497613 0.973437 0.567274
66 0.505469 0.497613 0.973437 0.567274
35 0.507031 0.496528 0.975 0.576389
34 0.507031 0.49537 0.976562 0.570602
65 0.507031 0.496528 0.975 0.576389
33 0.388184 0.508102 0.723633 0.530093
36 0.507031 0.496528 0.975 0.576389
21 0.507031 0.496528 0.975 0.576389
20 0.501953 0.500868 0.967969 0.557292
61 0.507031 0.496528 0.975 0.576389
29 0.507031 0.496528 0.975 0.576389
45 0.507031 0.496528 0.975 0.576389
39 0.507031 0.496528 0.975 0.576389
60 0.507031 0.496528 0.975 0.576389
6 0.507031 0.496528 0.975 0.576389
23 0.504687 0.497396 0.971875 0.565393
8 0.507031 0.496528 0.975 0.576389
33 0.504687 0.491898 0.975 0.56713
66 0.503125 0.494213 0.975 0.555555
35 0.505469 0.492187 0.973437 0.559606
34 0.504687 0.491898 0.975 0.56713
36 0.505469 0.492187 0.973437 0.559606
65 0.505469 0.492187 0.973437 0.559606
21 0.499219 0.497974 0.967187 0.548032
39 0.505469 0.492187 0.973437 0.559606
20 0.499219 0.497974 0.967187 0.548032
60 0.505469 0.492187 0.973437 0.559606
33 0.335937 0.522569 0.617187 0.519676
45 0.505469 0.492187 0.973437 0.559606
29 0.499219 0.497974 0.967187 0.548032
61 0.505469 0.492187 0.973437 0.559606
7 0.499219 0.497974 0.967187 0.548032
6 0.499219 0.497974 0.967187 0.548032
8 0.505469 0.492187 0.973437 0.559606
33 0.450781 0.521991 0.767187 0.501157
23 0.502344 0.49009 0.971875 0.561487
33 0.491797 0.498336 0.969531 0.561198
35 0.503125 0.493345 0.984375 0.573495
66 0.503125 0.493345 0.984375 0.573495
34 0.504687 0.488498 0.984375 0.580874
36 0.505469 0.489005 0.982812 0.579861
21 0.505469 0.489005 0.982812 0.579861
65 0.505469 0.489005 0.982812 0.579861
39 0.503125 0.493345 0.984375 0.573495
60 0.505469 0.489005 0.982812 0.579861
61 0.505469 0.489005 0.982812 0.579861
20 0.498437 0.499349 0.98125 0.561487
6 0.498437 0.499349 0.98125 0.561487
45 0.505469 0.489005 0.982812 0.579861
29 0.505469 0.489005 0.982812 0.579861
23 0.498437 0.493345 0.984375 0.566551
8 0.505469 0.489005 0.982812 0.579861
33 0.349609 0.493924 0.655469 0.553819
30 0.498437 0.499349 0.98125 0.561487
33 0.508203 0.494502 0.980469 0.559606
66 0.507031 0.492477 0.979687 0.554398
35 0.507812 0.490451 0.979687 0.560764
36 0.507812 0.490451 0.979687 0.560764
34 0.507812 0.490451 0.979687 0.560764
65 0.507812 0.490451 0.979687 0.560764
33 0.326172 0.503762 0.602344 0.524884
21 0.507812 0.490451 0.979687 0.560764
39 0.507812 0.490451 0.979687 0.560764
60 0.507812 0.490451 0.979687 0.560764
20 0.503125 0.49566 0.976562 0.546875
61 0.507812 0.490451 0.979687 0.560764
33 0.503906 0.49009 0.976562 0.575376
66 0.501562 0.488932 0.971875 0.570746
65 0.504687 0.488137 0.975 0.572338
34 0.502344 0.489294 0.973437 0.565393
35 0.499219 0.491826 0.964062 0.563802
21 0.504687 0.488137 0.975 0.572338
33 0.348828 0.502966 0.666406 0.531105
36 0.504687 0.488137 0.975 0.572338
20 0.499219 0.491826 0.964062 0.563802
61 0.504687 0.488137 0.975 0.572338
60 0.504687 0.488137 0.975 0.572338
29 0.499219 0.491826 0.964062 0.563802
45 0.504687 0.488137 0.975 0.572338
39 0.499219 0.491826 0.964062 0.563802
33 0.505859 0.487775 0.975781 0.577691
66 0.505469 0.489005 0.970312 0.570602
35 0.505469 0.489005 0.970312 0.570602
65 0.502344 0.491392 0.964062 0.558883
34 0.506641 0.488932 0.967969 0.562645
21 0.505469 0.489005 0.970312 0.570602
36 0.505859 0.487775 0.975781 0.577691
60 0.505469 0.486979 0.973437 0.572338
61 0.505469 0.486979 0.973437 0.572338
20 0.501562 0.491247 0.965625 0.563802
39 0.505469 0.489005 0.970312 0.570602
45 0.505469 0.486979 0.973437 0.572338
29 0.501562 0.491247 0.965625 0.563802
33 0.497266 0.482132 0.963281 0.582031
66 0.50625 0.4864 0.975 0.578125
35 0.50625 0.4864 0.975 0.578125
33 0.342187 0.500579 0.629687 0.540509
65 0.507812 0.4864 0.978125 0.578125
36 0.507812 0.4864 0.978125 0.578125
34 0.507422 0.481988 0.972656 0.577691
20 0.504687 0.486111 0.971875 0.575231
21 0.507812 0.4864 0.978125 0.578125
60 0.507812 0.4864 0.978125 0.578125
33 0.505469 0.493345 0.979687 0.564236
66 0.503906 0.494141 0.979687 0.559172
33 0.376172 0.503472 0.699219 0.528935
35 0.503906 0.494141 0.979687 0.559172
65 0.505469 0.491609 0.98125 0.563079
34 0.504687 0.491826 0.978125 0.56033
36 0.505469 0.491609 0.98125 0.563079
21 0.505469 0.491609 0.98125 0.563079
20 0.503125 0.496455 0.975 0.553385
45 0.505469 0.491609 0.98125 0.563079
60 0.505469 0.491609 0.98125 0.563079
33 0.502344 0.489873 0.976562 0.573495
66 0.503906 0.490813 0.967187 0.563513
65 0.502344 0.494864 0.957812 0.557726
35 0.503906 0.490813 0.967187 0.563513
34 0.502344 0.494864 0.957812 0.557726
33 0.364844 0.512731 0.670312 0.516204
36 0.502344 0.489873 0.976562 0.573495
21 0.502344 0.494864 0.957812 0.557726
39 0.503906 0.490813 0.967187 0.563513
20 0.502344 0.494864 0.957812 0.557726
60 0.502344 0.489873 0.976562 0.573495
45 0.502344 0.494864 0.957812 0.557726
23 0.502344 0.494864 0.957812 0.557726
33 0.50625 0.495877 0.98125 0.571904
66 0.502734 0.495298 0.982031 0.562645
35 0.50625 0.495877 0.98125 0.571904
65 0.500781 0.496021 0.970312 0.562355
34 0.503906 0.494502 0.976562 0.565393
36 0.50625 0.495877 0.98125 0.571904
33 0.35625 0.516782 0.657812 0.518518
21 0.500781 0.496021 0.970312 0.562355
39 0.505859 0.495081 0.980469 0.566551
20 0.500781 0.496021 0.970312 0.562355
60 0.50625 0.495877 0.98125 0.571904
33 0.50625 0.487341 0.976562 0.580874
66 0.505859 0.491392 0.972656 0.572772
34 0.507031 0.490162 0.96875 0.568287
35 0.50625 0.489511 0.975 0.577691
65 0.50625 0.489511 0.975 0.577691
36 0.50625 0.487341 0.976562 0.580874
33 0.367383 0.510127 0.674609 0.524884
21 0.50625 0.489511 0.975 0.577691
60 0.50625 0.489511 0.975 0.577691
45 0.50625 0.489511 0.975 0.577691
20 0.50625 0.489511 0.975 0.577691
33 0.504687 0.481192 0.973437 0.588542
66 0.504687 0.481192 0.973437 0.588542
35 0.50625 0.477431 0.978125 0.59838
65 0.50625 0.477431 0.978125 0.59838
34 0.505469 0.480324 0.970312 0.592593
36 0.50625 0.477431 0.978125 0.59838
33 0.341016 0.515625 0.617969 0.517361
20 0.50625 0.477431 0.978125 0.59838
21 0.50625 0.477431 0.978125 0.59838
23 0.502344 0.488137 0.967187 0.576968
60 0.50625 0.477431 0.978125 0.59838
33 0.505469 0.476852 0.976562 0.607639
66 0.505078 0.478299 0.971094 0.596643
34 0.505859 0.477431 0.972656 0.596065
65 0.505469 0.476852 0.976562 0.607639
35 0.505469 0.47309 0.973437 0.609375
36 0.505469 0.476852 0.976562 0.607639
33 0.348828 0.503762 0.635937 0.527199
2 0.503906 0.488498 0.965625 0.573929
33 0.505469 0.490451 0.973437 0.579282
66 0.505469 0.491898 0.973437 0.576389
35 0.505469 0.491898 0.973437 0.576389
65 0.505469 0.491898 0.973437 0.576389
34 0.50625 0.490813 0.971875 0.572772
36 0.505469 0.491898 0.973437 0.576389
60 0.505469 0.491898 0.973437 0.576389
39 0.505469 0.491898 0.973437 0.576389
33 0.310352 0.505208 0.558203 0.521991
20 0.505469 0.491898 0.973437 0.576389
33 0.505469 0.483507 0.976562 0.589699
66 0.504687 0.484664 0.96875 0.583912
34 0.505859 0.477431 0.969531 0.594907
33 0.400879 0.5034 0.74668 0.536024
65 0.505859 0.477431 0.969531 0.594907
36 0.505469 0.483507 0.976562 0.589699
35 0.504687 0.485243 0.975 0.581597
33 0.504687 0.488498 0.971875 0.584346
66 0.50625 0.488498 0.96875 0.582031
35 0.505469 0.489583 0.973437 0.581018
65 0.505469 0.489583 0.973437 0.581018
36 0.505469 0.489583 0.973437 0.581018
34 0.505859 0.484881 0.966406 0.585793
33 0.341406 0.502894 0.617187 0.524305
60 0.505469 0.489583 0.973437 0.581018
2 0.501953 0.494213 0.961719 0.56713
33 0.505078 0.490813 0.982031 0.578559
66 0.505859 0.49103 0.978906 0.573495
35 0.505469 0.49103 0.979687 0.57581
65 0.505469 0.49103 0.979687 0.57581
34 0.50625 0.491898 0.975 0.564815
36 0.505078 0.490813 0.982031 0.578559
33 0.373437 0.504919 0.690625 0.527199
60 0.505469 0.49103 0.979687 0.57581
33 0.497266 0.51794 0.755469 0.513889
21 0.505469 0.49103 0.979687 0.57581
33 0.505078 0.488426 0.980469 0.575231
66 0.505469 0.489583 0.979687 0.571759
35 0.505469 0.489583 0.979687 0.571759
36 0.505469 0.489583 0.979687 0.571759
34 0.50625 0.486762 0.975 0.5693
65 0.505469 0.489583 0.979687 0.571759
39 0.505469 0.489583 0.979687 0.571759
60 0.505469 0.489583 0.979687 0.571759
33 0.505469 0.486183 0.976562 0.582031
34 0.505469 0.486111 0.975 0.577546
36 0.505469 0.488426 0.976562 0.575231
66 0.503906 0.48669 0.976562 0.577546
65 0.501953 0.489583 0.967969 0.569444
35 0.505469 0.488426 0.976562 0.575231
2 0.501953 0.489583 0.967969 0.569444
33 0.505078 0.489583 0.977344 0.574074
66 0.503906 0.489294 0.973437 0.570023
35 0.505078 0.489294 0.975781 0.572338
65 0.499219 0.494502 0.967187 0.554977
34 0.504687 0.490234 0.971875 0.565827
36 0.505078 0.489294 0.975781 0.572338
21 0.499219 0.494502 0.967187 0.554977
60 0.505078 0.489294 0.975781 0.572338
45 0.499219 0.494502 0.967187 0.554977
33 0.507031 0.490668 0.975 0.571904
66 0.507812 0.491319 0.971875 0.568287
34 0.505469 0.491247 0.973437 0.563802
35 0.507812 0.491319 0.971875 0.568287
65 0.507812 0.491319 0.971875 0.568287
36 0.507812 0.491319 0.971875 0.568287
21 0.507812 0.491319 0.971875 0.568287
20 0.5 0.493924 0.965625 0.561921
45 0.507812 0.491319 0.971875 0.568287
33 0.50625 0.488137 0.978125 0.578125
66 0.50625 0.489583 0.978125 0.574074
35 0.50625 0.489583 0.978125 0.574074
34 0.508203 0.489583 0.971094 0.565972
65 0.50625 0.489583 0.978125 0.574074
36 0.50625 0.489583 0.978125 0.574074
21 0.50625 0.489583 0.978125 0.574074
60 0.50625 0.489583 0.978125 0.574074
33 0.53125 0.514468 0.709375 0.516204
39 0.50625 0.489583 0.978125 0.574074
10 0.50625 0.489583 0.978125 0.574074
33 0.504297 0.490234 0.975781 0.570457
66 0.500781 0.497106 0.964062 0.549768
65 0.504297 0.490234 0.975781 0.570457
35 0.504297 0.490234 0.975781 0.570457
34 0.503125 0.49197 0.971875 0.56004
21 0.500781 0.497106 0.964062 0.549768
36 0.504297 0.490234 0.975781 0.570457
45 0.504687 0.491609 0.975 0.560764
39 0.504687 0.491609 0.975 0.560764
33 0.377734 0.503472 0.708594 0.524305
29 0.500781 0.497106 0.964062 0.549768
33 0.503125 0.487341 0.971875 0.583189
66 0.503125 0.487847 0.971875 0.577546
35 0.503125 0.487847 0.971875 0.577546
34 0.503125 0.489005 0.965625 0.571759
65 0.503125 0.487847 0.971875 0.577546
21 0.503125 0.487847 0.971875 0.577546
36 0.503125 0.487847 0.971875 0.577546
60 0.503125 0.487847 0.971875 0.577546
33 0.503906 0.488932 0.976562 0.575376
66 0.502344 0.491247 0.973437 0.568432
35 0.503906 0.488932 0.976562 0.575376
34 0.503125 0.487775 0.971875 0.568432
36 0.503906 0.488932 0.976562 0.575376
65 0.497656 0.492477 0.964062 0.561343
21 0.497656 0.492477 0.964062 0.561343
60 0.503906 0.488932 0.976562 0.575376
39 0.503906 0.489294 0.975 0.570023
33 0.506641 0.487775 0.977344 0.578848
66 0.505078 0.486111 0.975781 0.575231
35 0.507031 0.486111 0.976562 0.576389
34 0.505469 0.488715 0.973437 0.567708
65 0.507031 0.486111 0.976562 0.576389
36 0.506641 0.487775 0.977344 0.578848
21 0.507031 0.486111 0.976562 0.576389
33 0.505469 0.489077 0.976562 0.570457
66 0.505469 0.489005 0.973437 0.565972
65 0.505469 0.489005 0.973437 0.565972
34 0.505469 0.489077 0.976562 0.570457
35 0.505469 0.489005 0.973437 0.565972
36 0.505469 0.489077 0.976562 0.570457
21 0.502344 0.492766 0.960937 0.554977
20 0.502344 0.492766 0.960937 0.554977
33 0.504687 0.487268 0.975 0.578704
66 0.505078 0.489583 0.974219 0.576389
35 0.504687 0.487268 0.975 0.578704
65 0.505078 0.489583 0.974219 0.576389
34 0.50625 0.487196 0.96875 0.569589
36 0.504687 0.487268 0.975 0.578704
21 0.502734 0.490234 0.961719 0.570457
60 0.505078 0.489583 0.974219 0.576389
33 0.50625 0.490668 0.971875 0.575376
66 0.507031 0.491319 0.970312 0.571759
35 0.507031 0.491319 0.970312 0.571759
34 0.507422 0.489294 0.967969 0.567708
65 0.502344 0.493924 0.959375 0.563079
36 0.50625 0.490668 0.971875 0.575376
33 0.505469 0.483145 0.973437 0.589265
66 0.50625 0.481771 0.971875 0.588542
35 0.50625 0.481771 0.971875 0.588542
36 0.505469 0.483145 0.973437 0.589265
34 0.50625 0.483145 0.965625 0.577691
65 0.505469 0.483145 0.973437 0.589265
60 0.50625 0.481771 0.971875 0.588542
33 0.508594 0.480324 0.973437 0.594907
66 0.508984 0.479456 0.972656 0.593171
35 0.508984 0.479456 0.972656 0.593171
65 0.502344 0.479167 0.957812 0.587963
36 0.508594 0.480324 0.973437 0.594907
34 0.507812 0.479167 0.96875 0.58912
33 0.507422 0.490234 0.972656 0.572772
35 0.507812 0.49103 0.971875 0.568866
66 0.507812 0.49103 0.971875 0.568866
34 0.507031 0.488137 0.970312 0.568866
65 0.501953 0.493634 0.961719 0.559028
36 0.507812 0.49103 0.971875 0.568866
21 0.501953 0.493634 0.961719 0.559028
33 0.329687 0.503472 0.6 0.52662
33 0.50625 0.493634 0.96875 0.56713
66 0.503125 0.496528 0.954687 0.553241
65 0.503125 0.496528 0.954687 0.553241
35 0.507812 0.49197 0.96875 0.56467
34 0.507812 0.49566 0.965625 0.558449
33 0.505078 0.479167 0.967969 0.594907
66 0.505469 0.478299 0.967187 0.596643
35 0.505469 0.478299 0.967187 0.596643
65 0.502734 0.476924 0.957031 0.590133
34 0.505078 0.481771 0.964844 0.583912
21 0.502734 0.476924 0.957031 0.590133
36 0.502734 0.476924 0.957031 0.590133
33 0.505469 0.490668 0.967187 0.567274
66 0.507031 0.488137 0.96875 0.573495
35 0.507031 0.488137 0.96875 0.573495
65 0.503125 0.489873 0.95625 0.561921
34 0.505469 0.490668 0.967187 0.567274
36 0.503125 0.489873 0.95625 0.561921
33 0.505469 0.49103 0.96875 0.579282
66 0.502344 0.489873 0.957812 0.568866
35 0.50625 0.489583 0.96875 0.576389
65 0.502344 0.489873 0.957812 0.568866
34 0.504687 0.490451 0.965625 0.57581
36 0.505469 0.49103 0.96875 0.579282
33 0.50625 0.484375 0.971875 0.586805
66 0.503516 0.483724 0.958594 0.574219
35 0.507422 0.482928 0.972656 0.581597
65 0.503516 0.483724 0.958594 0.574219
34 0.507422 0.484303 0.967969 0.582321
36 0.507422 0.482928 0.972656 0.581597
21 0.503516 0.483724 0.958594 0.574219
33 0.505469 0.48329 0.970312 0.590133
66 0.50625 0.482928 0.96875 0.585069
35 0.50625 0.482928 0.96875 0.585069
65 0.501562 0.48546 0.951562 0.574219
36 0.502344 0.486183 0.953125 0.577402
34 0.506641 0.483724 0.961719 0.584635
33 0.504297 0.485822 0.969531 0.585069
66 0.504687 0.486111 0.96875 0.578704
35 0.504687 0.486111 0.96875 0.578704
65 0.504687 0.486111 0.96875 0.578704
34 0.504297 0.485822 0.969531 0.585069
36 0.504297 0.485822 0.969531 0.585069
21 0.504687 0.486111 0.96875 0.578704
33 0.506641 0.489511 0.977344 0.576533
66 0.507422 0.489583 0.974219 0.572917
35 0.507422 0.489583 0.974219 0.572917
65 0.507422 0.489583 0.974219 0.572917
34 0.507031 0.488354 0.96875 0.567274
36 0.506641 0.489511 0.977344 0.576533
33 0.50625 0.488426 0.975 0.576389
35 0.507031 0.489583 0.973437 0.574074
66 0.507031 0.489583 0.973437 0.574074
36 0.507031 0.489583 0.973437 0.574074
34 0.508984 0.488715 0.966406 0.57118
65 0.507031 0.489583 0.973437 0.574074
21 0.505469 0.490162 0.959375 0.565972
33 0.503906 0.488354 0.978125 0.576533
66 0.504687 0.489294 0.978125 0.573495
35 0.504687 0.489294 0.978125 0.573495
34 0.50625 0.487341 0.96875 0.571615
65 0.504687 0.489294 0.978125 0.573495
36 0.50625 0.487341 0.96875 0.571615
33 0.505078 0.479094 0.972656 0.59158
66 0.50625 0.478009 0.971875 0.59375
35 0.50625 0.478009 0.971875 0.59375
65 0.50625 0.478009 0.971875 0.59375
34 0.50625 0.479456 0.9625 0.585069
36 0.505078 0.479094 0.972656 0.59158
33 0.505859 0.48792 0.974219 0.575087
66 0.503906 0.488715 0.960937 0.563079
35 0.50625 0.48792 0.975 0.572772
36 0.505859 0.48792 0.974219 0.575087
34 0.508594 0.487341 0.967187 0.571615
65 0.503906 0.488715 0.960937 0.563079
33 0.505469 0.491898 0.971875 0.574074
66 0.503125 0.494213 0.957812 0.559028
34 0.507031 0.490451 0.967187 0.568866
36 0.503125 0.494213 0.957812 0.559028
35 0.50625 0.491319 0.971875 0.570602
65 0.503125 0.494213 0.957812 0.559028
33 0.507812 0.490668 0.975 0.577691
34 0.507812 0.488715 0.970312 0.576968
66 0.503906 0.491609 0.960937 0.565393
36 0.503906 0.491609 0.960937 0.565393
65 0.507812 0.488715 0.970312 0.576968
35 0.503906 0.491609 0.960937 0.565393
33 0.505078 0.482711 0.977344 0.592448
66 0.503906 0.483218 0.967187 0.579861
35 0.503906 0.483218 0.967187 0.579861
36 0.505078 0.482711 0.977344 0.592448
34 0.505469 0.478877 0.970312 0.590856
65 0.50625 0.48083 0.975 0.589265
33 0.508203 0.488137 0.975781 0.58044
66 0.508984 0.487268 0.974219 0.574074
35 0.503906 0.492766 0.965625 0.558449
36 0.507031 0.489005 0.970312 0.576389
34 0.507031 0.489005 0.970312 0.576389
33 0.508203 0.494285 0.964844 0.562355
66 0.508594 0.494719 0.973437 0.564959
34 0.508203 0.494285 0.964844 0.562355
65 0.508203 0.494285 0.964844 0.562355
35 0.508594 0.494719 0.973437 0.564959
36 0.508203 0.494285 0.964844 0.562355
33 0.507031 0.485532 0.970312 0.582176
66 0.507812 0.487847 0.96875 0.576389
35 0.507812 0.487847 0.96875 0.576389
34 0.50625 0.4864 0.965625 0.574653
36 0.50625 0.4864 0.965625 0.574653
65 0.503125 0.490741 0.95625 0.564815
33 0.507031 0.49197 0.970312 0.575087
66 0.507031 0.493634 0.970312 0.570602
34 0.507031 0.490162 0.967187 0.570602
35 0.507031 0.493634 0.970312 0.570602
65 0.507031 0.490162 0.967187 0.570602
36 0.507031 0.490162 0.967187 0.570602
21 0.504687 0.4966 0.9625 0.558883
33 0.505469 0.490234 0.971875 0.575087
66 0.50625 0.491898 0.971875 0.569444
34 0.506641 0.490451 0.967969 0.570023
65 0.503125 0.493924 0.9625 0.558449
35 0.50625 0.491898 0.971875 0.569444
36 0.506641 0.490451 0.967969 0.570023
33 0.503906 0.489077 0.975 0.575087
66 0.504687 0.490813 0.975 0.5693
35 0.504687 0.490813 0.975 0.5693
34 0.504687 0.488137 0.971875 0.570023
65 0.5 0.494213 0.965625 0.55787
36 0.504687 0.488137 0.971875 0.570023
33 0.503125 0.482928 0.978125 0.583912
66 0.503516 0.485243 0.977344 0.578125
35 0.503516 0.485243 0.977344 0.578125
34 0.504687 0.480975 0.971875 0.582031
65 0.501562 0.487341 0.965625 0.5693
36 0.503125 0.482928 0.978125 0.583912
33 0.505859 0.490451 0.975781 0.57118
66 0.50625 0.492477 0.975 0.565972
34 0.507812 0.490741 0.971875 0.564815
65 0.505078 0.494792 0.967969 0.554398
35 0.505078 0.494792 0.967969 0.554398
36 0.505078 0.494792 0.967969 0.554398
33 0.503906 0.490813 0.973437 0.575087
66 0.503906 0.492766 0.975 0.570023
35 0.503906 0.492766 0.975 0.570023
34 0.507031 0.489077 0.96875 0.572772
36 0.507031 0.489077 0.96875 0.572772
65 0.503125 0.492477 0.964062 0.563657
33 0.504687 0.491247 0.971875 0.571904
66 0.502344 0.494502 0.964062 0.556134
35 0.502344 0.494502 0.964062 0.556134
65 0.502344 0.494502 0.964062 0.556134
34 0.505469 0.490668 0.970312 0.569589
33 0.50625 0.493562 0.965625 0.561487
66 0.505469 0.494213 0.96875 0.5625
35 0.505469 0.494213 0.96875 0.5625
65 0.502344 0.496238 0.960937 0.552662
36 0.50625 0.493562 0.965625 0.561487
34 0.50625 0.493562 0.965625 0.561487
21 0.502344 0.496238 0.960937 0.552662
33 0.507031 0.492549 0.967187 0.561198
66 0.504687 0.493634 0.970312 0.561343
35 0.504687 0.493634 0.970312 0.561343
36 0.507031 0.492549 0.967187 0.561198
34 0.507031 0.492549 0.967187 0.561198
65 0.502734 0.49566 0.963281 0.552662
33 0.503906 0.490741 0.975 0.56713
66 0.503906 0.491826 0.975 0.562645
35 0.503906 0.491826 0.975 0.562645
34 0.505469 0.490741 0.970312 0.560185
36 0.505469 0.490741 0.970312 0.560185
65 0.505469 0.490741 0.970312 0.560185
33 0.50625 0.490668 0.971875 0.564959
66 0.50625 0.491609 0.975 0.563079
35 0.50625 0.491609 0.975 0.563079
34 0.50625 0.490668 0.971875 0.564959
36 0.50625 0.490668 0.971875 0.564959
65 0.503125 0.494213 0.96875 0.553241
21 0.50625 0.491609 0.975 0.563079
33 0.50625 0.488715 0.975 0.578125
66 0.506641 0.488715 0.974219 0.57118
35 0.506641 0.488715 0.974219 0.57118
34 0.507031 0.487847 0.96875 0.572917
36 0.507031 0.487847 0.96875 0.572917
65 0.506641 0.488715 0.974219 0.57118
21 0.506641 0.488715 0.974219 0.57118
33 0.507812 0.491898 0.975 0.569444
66 0.508594 0.49103 0.973437 0.564236
35 0.508594 0.490451 0.973437 0.572338
34 0.508594 0.490162 0.970312 0.564815
65 0.508594 0.490162 0.970312 0.564815
36 0.508594 0.490451 0.973437 0.572338
33 0.507812 0.488715 0.976562 0.574653
66 0.508594 0.489873 0.975 0.568866
35 0.508984 0.488715 0.974219 0.57581
34 0.508594 0.487341 0.970312 0.571615
36 0.508984 0.488715 0.974219 0.57581
65 0.50625 0.491247 0.965625 0.561487
33 0.507031 0.490813 0.976562 0.576244
66 0.50625 0.492766 0.965625 0.560764
34 0.508594 0.490741 0.970312 0.570602
35 0.50625 0.492766 0.965625 0.560764
36 0.507031 0.492187 0.96875 0.568866
65 0.50625 0.492766 0.965625 0.560764
33 0.507812 0.490813 0.975 0.572772
66 0.508203 0.49103 0.974219 0.566551
36 0.508203 0.490451 0.971094 0.567708
35 0.50625 0.493634 0.96875 0.559028
34 0.508203 0.490451 0.971094 0.567708
65 0.50625 0.493634 0.96875 0.559028
33 0.507812 0.489077 0.975 0.575087
66 0.50625 0.493345 0.965625 0.561921
35 0.50625 0.493345 0.965625 0.561921
34 0.507031 0.49009 0.971875 0.569589
36 0.507031 0.49009 0.971875 0.569589
65 0.50625 0.493345 0.965625 0.561921
33 0.507812 0.488715 0.975 0.573495
66 0.50625 0.492187 0.967187 0.557292
35 0.507422 0.489656 0.972656 0.56467
34 0.507422 0.489656 0.972656 0.56467
36 0.507422 0.489656 0.972656 0.56467
65 0.50625 0.492187 0.967187 0.557292
33 0.507031 0.490741 0.973437 0.570602
66 0.50625 0.494213 0.965625 0.555555
35 0.50625 0.494213 0.965625 0.555555
34 0.507031 0.491609 0.970312 0.564236
65 0.50625 0.494213 0.965625 0.555555
36 0.507031 0.491609 0.970312 0.564236
33 0.507031 0.491392 0.976562 0.568142
66 0.505859 0.495443 0.967969 0.553096
35 0.507031 0.491898 0.973437 0.5625
36 0.507031 0.491898 0.973437 0.5625
34 0.507031 0.491898 0.973437 0.5625
65 0.505859 0.495443 0.967969 0.553096
33 0.507812 0.49103 0.976562 0.573495
66 0.505469 0.494792 0.96875 0.559028
35 0.507812 0.491319 0.975 0.565972
34 0.507812 0.491319 0.975 0.565972
36 0.507812 0.491319 0.975 0.565972
65 0.507812 0.491319 0.975 0.565972
33 0.50625 0.489583 0.975 0.574074
66 0.505469 0.492477 0.967187 0.560185
35 0.507031 0.49009 0.973437 0.568432
36 0.507031 0.49009 0.973437 0.568432
34 0.507031 0.49009 0.973437 0.568432
65 0.505469 0.492477 0.967187 0.560185
33 0.507812 0.489077 0.975 0.577402
66 0.508203 0.489873 0.974219 0.57118
34 0.507812 0.489077 0.971875 0.571615
35 0.505469 0.490741 0.967187 0.564815
36 0.507812 0.489077 0.971875 0.571615
65 0.505469 0.490741 0.967187 0.564815
33 0.506641 0.491609 0.977344 0.570023
66 0.507422 0.492187 0.975781 0.564236
34 0.50625 0.490741 0.975 0.564815
36 0.50625 0.490741 0.975 0.564815
35 0.503906 0.494502 0.96875 0.556134
65 0.503906 0.494502 0.96875 0.556134
33 0.507031 0.490451 0.976562 0.573495
66 0.504687 0.494141 0.96875 0.558015
34 0.507422 0.490813 0.974219 0.5693
36 0.507422 0.490813 0.974219 0.5693
35 0.507422 0.490813 0.974219 0.5693
65 0.504687 0.494141 0.96875 0.558015
33 0.507031 0.49103 0.973437 0.573495
66 0.505078 0.494502 0.964844 0.558449
35 0.507812 0.49103 0.970312 0.570023
36 0.507812 0.49103 0.970312 0.570023
34 0.507812 0.49103 0.970312 0.570023
65 0.505078 0.494502 0.964844 0.558449
33 0.507031 0.490741 0.975 0.571759
66 0.505469 0.494792 0.967187 0.555555
35 0.506641 0.490741 0.974219 0.56713
34 0.506641 0.490741 0.974219 0.56713
36 0.506641 0.490741 0.974219 0.56713
65 0.505469 0.494792 0.967187 0.555555
33 0.507812 0.489077 0.976562 0.573929
66 0.505469 0.493056 0.96875 0.55787
35 0.508203 0.488137 0.974219 0.57581
36 0.507031 0.488498 0.973437 0.570457
34 0.507031 0.488498 0.973437 0.570457
65 0.505469 0.493056 0.96875 0.55787
33 0.507031 0.487341 0.975 0.576244
66 0.505469 0.489873 0.967187 0.564236
35 0.507031 0.486617 0.971875 0.574219
36 0.507031 0.486617 0.971875 0.574219
34 0.507031 0.486617 0.971875 0.574219
65 0.505469 0.489873 0.967187 0.564236
33 0.50625 0.487847 0.975 0.576389
66 0.505078 0.49103 0.966406 0.563079
34 0.507031 0.486979 0.971875 0.572338
35 0.507031 0.486979 0.971875 0.572338
36 0.507031 0.486979 0.971875 0.572338
65 0.505078 0.49103 0.966406 0.563079
33 0.50625 0.488715 0.973437 0.572338
66 0.504687 0.491609 0.965625 0.560764
34 0.506641 0.488426 0.971094 0.568287
36 0.506641 0.488426 0.971094 0.568287
35 0.504687 0.491609 0.965625 0.560764
65 0.504687 0.491609 0.965625 0.560764
33 0.50625 0.488932 0.975 0.570746
66 0.507422 0.489511 0.972656 0.564959
34 0.50625 0.489005 0.971875 0.56713
35 0.50625 0.489005 0.971875 0.56713
36 0.50625 0.489005 0.971875 0.56713
65 0.503906 0.492187 0.967187 0.558449
33 0.506641 0.489077 0.974219 0.571615
66 0.507422 0.489583 0.972656 0.564815
35 0.507031 0.488426 0.970312 0.568287
34 0.507031 0.488426 0.970312 0.568287
36 0.507031 0.488426 0.970312 0.568287
65 0.504687 0.492477 0.965625 0.55787
33 0.507031 0.490162 0.973437 0.570602
66 0.507812 0.490234 0.973437 0.563513
34 0.507031 0.489077 0.971875 0.565827
35 0.507031 0.489077 0.971875 0.565827
36 0.507031 0.489077 0.971875 0.565827
65 0.504687 0.494213 0.965625 0.555555
33 0.50625 0.488932 0.973437 0.573061
66 0.505078 0.491826 0.964844 0.56033
34 0.507031 0.48792 0.970312 0.568142
35 0.505078 0.491826 0.964844 0.56033
36 0.507031 0.48792 0.970312 0.568142
65 0.505078 0.491826 0.964844 0.56033
33 0.506641 0.48792 0.974219 0.575087
66 0.504687 0.491609 0.964062 0.560764
34 0.507031 0.48792 0.970312 0.570457
35 0.504687 0.491609 0.964062 0.560764
36 0.507031 0.48792 0.970312 0.570457
65 0.504687 0.491609 0.964062 0.560764
33 0.50625 0.487847 0.975 0.575231
66 0.504687 0.491898 0.965625 0.561343
34 0.506641 0.487268 0.971094 0.570602
35 0.506641 0.487268 0.971094 0.570602
36 0.506641 0.487268 0.971094 0.570602
65 0.504687 0.491898 0.965625 0.561343
33 0.50625 0.489873 0.975 0.572338
66 0.505078 0.493924 0.966406 0.558449
34 0.507031 0.489294 0.971875 0.566551
35 0.507031 0.489294 0.971875 0.566551
36 0.507031 0.489294 0.971875 0.566551
65 0.505078 0.493924 0.966406 0.558449
33 0.506641 0.489294 0.974219 0.574653
66 0.505078 0.492766 0.964844 0.560764
34 0.507031 0.488498 0.970312 0.5693
35 0.507031 0.488498 0.970312 0.5693
36 0.507031 0.488498 0.970312 0.5693
65 0.505078 0.492766 0.964844 0.560764
33 0.50625 0.489511 0.973437 0.574219
66 0.505078 0.492983 0.964844 0.56033
34 0.507031 0.488715 0.970312 0.568866
36 0.507031 0.488715 0.970312 0.568866
35 0.507031 0.488715 0.970312 0.568866
65 0.505078 0.492983 0.964844 0.56033
33 0.50625 0.488932 0.973437 0.575376
66 0.507031 0.489511 0.973437 0.568432
34 0.507031 0.488354 0.970312 0.569589
36 0.507031 0.488354 0.970312 0.569589
35 0.507031 0.488354 0.970312 0.569589
65 0.505078 0.492477 0.964844 0.561343
33 0.50625 0.489511 0.973437 0.575376
66 0.50625 0.489873 0.973437 0.568866
34 0.507031 0.488426 0.970312 0.570602
36 0.507031 0.488426 0.970312 0.570602
35 0.507031 0.488426 0.970312 0.570602
65 0.504687 0.492477 0.965625 0.561343
33 0.505859 0.49009 0.972656 0.573061
66 0.506641 0.490162 0.972656 0.565972
34 0.507031 0.489077 0.970312 0.5693
36 0.507031 0.489077 0.970312 0.5693
35 0.507031 0.489077 0.970312 0.5693
65 0.504687 0.492766 0.964062 0.559606
33 0.50625 0.490162 0.973437 0.572917
66 0.506641 0.490451 0.972656 0.566551
34 0.507422 0.489583 0.969531 0.568287
35 0.507422 0.489583 0.969531 0.568287
36 0.507422 0.489583 0.969531 0.568287
65 0.505469 0.493128 0.964062 0.56004
33 0.505859 0.489583 0.974219 0.574074
66 0.506641 0.49009 0.974219 0.567274
34 0.507031 0.488426 0.970312 0.569444
36 0.507031 0.488426 0.970312 0.569444
35 0.507031 0.488426 0.970312 0.569444
65 0.504687 0.492477 0.965625 0.561343
33 0.506641 0.49009 0.974219 0.571904
66 0.507031 0.490451 0.973437 0.565393
34 0.507031 0.489294 0.970312 0.567708
35 0.507031 0.489294 0.970312 0.567708
36 0.507031 0.489294 0.970312 0.567708
65 0.505078 0.492983 0.964844 0.558015
33 0.507031 0.489873 0.973437 0.57118
66 0.507031 0.490451 0.973437 0.565393
34 0.507812 0.489511 0.970312 0.567274
35 0.507812 0.489511 0.970312 0.567274
36 0.507812 0.489511 0.970312 0.567274
65 0.505469 0.493056 0.964062 0.55787
33 0.507031 0.489873 0.973437 0.57118
66 0.505469 0.492983 0.964062 0.558015
34 0.507812 0.489511 0.970312 0.567274
35 0.507812 0.489511 0.970312 0.567274
36 0.507812 0.489511 0.970312 0.567274
65 0.505469 0.492983 0.964062 0.558015
33 0.50625 0.49009 0.973437 0.571904
66 0.507031 0.490741 0.973437 0.565972
34 0.507031 0.489511 0.970312 0.567274
35 0.507031 0.489511 0.970312 0.567274
36 0.507031 0.489511 0.970312 0.567274
65 0.505078 0.493562 0.964844 0.559172
33 0.50625 0.49009 0.973437 0.573061
66 0.507031 0.490451 0.973437 0.566551
34 0.507031 0.489294 0.970312 0.567708
35 0.507031 0.489294 0.970312 0.567708
36 0.507031 0.489294 0.970312 0.567708
65 0.505078 0.493345 0.964844 0.559606
33 0.50625 0.489511 0.973437 0.573061
66 0.507031 0.490162 0.973437 0.56713
34 0.507031 0.488932 0.970312 0.568432
35 0.507031 0.488932 0.970312 0.568432
36 0.507031 0.488932 0.970312 0.568432
65 0.505078 0.493056 0.964844 0.560185
33 0.507031 0.489873 0.973437 0.572338
66 0.507031 0.490451 0.973437 0.566551
34 0.507031 0.489294 0.970312 0.567708
35 0.507031 0.489294 0.970312 0.567708
36 0.507031 0.489294 0.970312 0.567708
65 0.505078 0.493634 0.964844 0.559028
33 0.50625 0.489873 0.973437 0.572338
66 0.507031 0.49103 0.973437 0.566551
34 0.507031 0.489511 0.970312 0.567274
35 0.507031 0.489511 0.970312 0.567274
36 0.507031 0.489511 0.970312 0.567274
65 0.505469 0.493634 0.964062 0.559028
33 0.50625 0.489873 0.973437 0.572338
66 0.507031 0.490741 0.973437 0.565972
34 0.507031 0.489511 0.970312 0.567274
35 0.507031 0.489511 0.970312 0.567274
36 0.507031 0.489511 0.970312 0.567274
65 0.505469 0.493707 0.964062 0.558883
33 0.50625 0.489873 0.973437 0.572338
66 0.507031 0.490741 0.973437 0.565972
34 0.507031 0.489511 0.970312 0.567274
35 0.507031 0.489511 0.970312 0.567274
36 0.507031 0.489511 0.970312 0.567274
65 0.505078 0.493924 0.964844 0.558449
33 0.50625 0.489873 0.973437 0.572338
66 0.507031 0.490741 0.973437 0.565972
34 0.507031 0.489511 0.970312 0.567274
35 0.507031 0.489511 0.970312 0.567274
36 0.507031 0.489511 0.970312 0.567274
65 0.505078 0.493924 0.964844 0.558449
