22 0.492843 0.492773 0.909263 0.33137
4 0.492843 0.492773 0.909263 0.33137
62 0.492843 0.492773 0.909263 0.33137
41 0.492843 0.492773 0.909263 0.33137
57 0.488554 0.487687 0.928759 0.334047
2 0.486214 0.489293 0.92096 0.330835
5 0.489723 0.489293 0.901465 0.324411
72 0.492843 0.492773 0.909263 0.33137
60 0.495572 0.492773 0.867933 0.327088
44 0.486214 0.489293 0.92096 0.330835
39 0.524035 0.488758 0.823484 0.330835
17 0.494402 0.493844 0.899906 0.333512
49 0.491283 0.498394 0.898346 0.332976
40 0.486604 0.490899 0.932658 0.330835
52 0.488554 0.487687 0.928759 0.334047
10 0.491283 0.498394 0.898346 0.332976
64 0.486604 0.490899 0.932658 0.330835
67 0.486214 0.489293 0.92096 0.330835
65 0.492843 0.492773 0.909263 0.33137
45 0.486604 0.490899 0.932658 0.330835
8 0.505709 0.486617 0.857016 0.327623
46 0.489723 0.489293 0.901465 0.324411
66 0.495572 0.492773 0.867933 0.327088
35 0.5022 0.488758 0.860915 0.330835
37 0.493622 0.495182 0.865594 0.330835
36 0.50532 0.486081 0.892107 0.331906
70 0.494402 0.493844 0.899906 0.333512
20 0.489723 0.489293 0.901465 0.324411
3 0.495572 0.492773 0.867933 0.327088
71 0.533393 0.486884 0.804768 0.327088
1 0.489723 0.489293 0.901465 0.324411
0 0.492843 0.492773 0.909263 0.33137
32 0.491283 0.498394 0.898346 0.332976
7 0.489723 0.489293 0.901465 0.324411
31 0.488554 0.487687 0.928759 0.334047
54 0.492843 0.492773 0.909263 0.33137
33 0.488554 0.487687 0.928759 0.334047
58 0.486214 0.489293 0.92096 0.330835
2 0.485824 0.482066 0.912383 0.339936
4 0.485824 0.482066 0.912383 0.339936
69 0.486214 0.48394 0.92408 0.335118
58 0.499081 0.484475 0.888988 0.326552
22 0.486994 0.482066 0.931878 0.333512
57 0.485824 0.482066 0.912383 0.339936
10 0.488164 0.482334 0.901465 0.341542
3 0.486994 0.482066 0.931878 0.333512
7 0.486994 0.482066 0.931878 0.333512
52 0.486994 0.482066 0.931878 0.333512
60 0.485824 0.482066 0.912383 0.339936
41 0.488164 0.482334 0.901465 0.341542
44 0.486214 0.48394 0.92408 0.335118
68 0.481925 0.460921 0.917061 0.375803
62 0.477246 0.483137 0.913942 0.34636
72 0.488164 0.482334 0.901465 0.341542
66 0.485824 0.482066 0.912383 0.339936
35 0.485824 0.482066 0.912383 0.339936
39 0.484265 0.48394 0.907704 0.341542
34 0.486994 0.482066 0.931878 0.333512
8 0.484265 0.48394 0.907704 0.341542
67 0.499081 0.484475 0.888988 0.326552
31 0.484265 0.485011 0.926419 0.329764
6 0.484265 0.422377 0.896786 0.473233
49 0.486994 0.482066 0.931878 0.333512
45 0.480365 0.485011 0.906144 0.337259
59 0.488164 0.482334 0.901465 0.341542
65 0.488164 0.482334 0.901465 0.341542
6 0.484265 0.485011 0.926419 0.329764
20 0.499081 0.484475 0.888988 0.326552
37 0.486994 0.482066 0.931878 0.333512
4 0.788392 0.448608 0.301008 0.24197
36 0.484265 0.485011 0.926419 0.329764
0 0.480365 0.485011 0.906144 0.337259
4 0.480366 0.481263 0.910823 0.352248
22 0.473347 0.485011 0.934217 0.341542
2 0.480366 0.481263 0.910823 0.352248
58 0.479586 0.485814 0.912383 0.336724
7 0.473347 0.485011 0.934217 0.341542
3 0.482705 0.482869 0.912383 0.346895
52 0.480366 0.481263 0.910823 0.352248
69 0.482705 0.482869 0.912383 0.346895
10 0.479586 0.485814 0.912383 0.336724
68 0.478416 0.479925 0.913162 0.358137
66 0.473347 0.485011 0.934217 0.341542
57 0.473347 0.485011 0.934217 0.341542
44 0.483485 0.48742 0.912383 0.337794
39 0.485044 0.48394 0.906144 0.35439
34 0.473347 0.485011 0.934217 0.341542
65 0.483485 0.48742 0.912383 0.337794
60 0.480366 0.481263 0.910823 0.352248
6 0.479586 0.485814 0.912383 0.336724
5 0.492063 0.490096 0.859355 0.341006
8 0.485044 0.48394 0.906144 0.35439
31 0.479586 0.485814 0.912383 0.336724
35 0.473347 0.485011 0.934217 0.341542
28 0.473347 0.485011 0.934217 0.341542
62 0.471788 0.48394 0.932658 0.342612
29 0.480366 0.481263 0.915502 0.350107
45 0.473347 0.485011 0.934217 0.341542
41 0.480366 0.481263 0.915502 0.350107
23 0.487384 0.485011 0.904584 0.351178
67 0.479586 0.485814 0.912383 0.336724
59 0.471788 0.48394 0.932658 0.342612
33 0.473347 0.485011 0.934217 0.341542
0 0.487384 0.48394 0.890548 0.350107
20 0.480366 0.481263 0.915502 0.350107
6 0.480366 0.416221 0.907704 0.493041
56 0.483485 0.48742 0.912383 0.337794
32 0.482705 0.482869 0.912383 0.346895
72 0.480366 0.481263 0.915502 0.350107
36 0.477636 0.486617 0.928759 0.347966
1 0.489723 0.486081 0.860915 0.33833
54 0.471788 0.48394 0.932658 0.342612
1 0.471008 0.427462 0.92486 0.457709
21 0.480366 0.481263 0.910823 0.352248
61 0.485824 0.487152 0.909263 0.346895
4 0.479586 0.478854 0.878071 0.344218
22 0.485434 0.483137 0.891328 0.335653
44 0.485434 0.483137 0.891328 0.335653
29 0.485824 0.485011 0.890548 0.331906
68 0.488943 0.485814 0.878071 0.326017
57 0.485434 0.483137 0.891328 0.335653
7 0.485434 0.483137 0.891328 0.335653
66 0.485434 0.483137 0.891328 0.335653
67 0.485824 0.485011 0.890548 0.331906
31 0.485824 0.485011 0.890548 0.331906
6 0.481925 0.482334 0.878071 0.340471
20 0.485824 0.485011 0.890548 0.331906
45 0.479586 0.478854 0.878071 0.344218
60 0.479586 0.478854 0.878071 0.344218
28 0.490893 0.485814 0.874172 0.328158
2 0.479586 0.478854 0.878071 0.344218
10 0.485824 0.485011 0.890548 0.331906
54 0.481925 0.482334 0.878071 0.340471
3 0.485824 0.485011 0.890548 0.331906
62 0.481925 0.482334 0.878071 0.340471
8 0.485434 0.483137 0.891328 0.335653
35 0.479586 0.478854 0.878071 0.344218
5 0.490893 0.485814 0.874172 0.328158
23 0.488943 0.485814 0.878071 0.326017
65 0.479586 0.478854 0.878071 0.344218
39 0.485434 0.483405 0.891328 0.33833
34 0.490893 0.485814 0.874172 0.328158
33 0.479586 0.478854 0.878071 0.344218
59 0.485824 0.485011 0.890548 0.331906
69 0.481925 0.482334 0.878071 0.340471
58 0.488943 0.485814 0.878071 0.326017
36 0.485824 0.485011 0.890548 0.331906
32 0.485434 0.483137 0.891328 0.335653
52 0.485824 0.485011 0.890548 0.331906
61 0.485434 0.483405 0.891328 0.33833
1 0.488943 0.485814 0.878071 0.326017
21 0.479586 0.478854 0.878071 0.344218
56 0.485434 0.483137 0.891328 0.335653
0 0.481925 0.478319 0.888988 0.34743
30 0.481145 0.474304 0.87963 0.357602
41 0.481925 0.482334 0.878071 0.340471
72 0.485824 0.485011 0.890548 0.331906
4 0.478026 0.48742 0.899906 0.328158
66 0.478026 0.48742 0.899906 0.328158
22 0.478026 0.48742 0.899906 0.328158
7 0.478026 0.48742 0.899906 0.328158
54 0.478026 0.48742 0.899906 0.328158
28 0.494402 0.48849 0.873392 0.326017
57 0.478026 0.48742 0.899906 0.328158
44 0.478026 0.48742 0.899906 0.328158
68 0.490503 0.489293 0.873392 0.331906
6 0.476466 0.489293 0.893667 0.331906
10 0.494402 0.48849 0.873392 0.326017
39 0.474907 0.488223 0.904584 0.328694
60 0.478026 0.48742 0.899906 0.328158
2 0.485044 0.485011 0.888988 0.332976
29 0.476466 0.489293 0.893667 0.331906
3 0.478026 0.48742 0.899906 0.328158
67 0.476466 0.489293 0.893667 0.331906
23 0.490503 0.489293 0.873392 0.331906
32 0.478026 0.48742 0.899906 0.328158
45 0.478026 0.48742 0.899906 0.328158
58 0.490503 0.489293 0.873392 0.331906
31 0.476466 0.489293 0.893667 0.331906
59 0.476466 0.489293 0.893667 0.331906
34 0.494402 0.48849 0.873392 0.326017
20 0.474907 0.488223 0.904584 0.328694
8 0.476466 0.489293 0.893667 0.331906
52 0.478026 0.48742 0.899906 0.328158
35 0.478026 0.48742 0.899906 0.328158
69 0.478026 0.48742 0.899906 0.328158
56 0.478026 0.48742 0.899906 0.328158
65 0.478026 0.48742 0.899906 0.328158
0 0.478026 0.48742 0.899906 0.328158
5 0.494402 0.489026 0.876511 0.327088
62 0.478026 0.48742 0.899906 0.328158
1 0.490503 0.489293 0.873392 0.331906
36 0.476466 0.489293 0.893667 0.331906
30 0.476466 0.489293 0.893667 0.331906
33 0.474907 0.488223 0.904584 0.328694
21 0.474907 0.488223 0.904584 0.328694
61 0.494402 0.489026 0.876511 0.327088
4 0.482315 0.482602 0.897566 0.341006
66 0.481145 0.484743 0.912383 0.3303
29 0.482315 0.482602 0.897566 0.341006
20 0.482315 0.482602 0.897566 0.341006
45 0.482315 0.482066 0.897566 0.337794
54 0.482315 0.482602 0.897566 0.341006
8 0.481145 0.484743 0.912383 0.3303
6 0.482315 0.482602 0.897566 0.341006
7 0.482315 0.482066 0.897566 0.337794
44 0.481145 0.484743 0.912383 0.3303
10 0.481145 0.484743 0.912383 0.3303
28 0.481145 0.484743 0.912383 0.3303
30 0.482315 0.482602 0.897566 0.341006
31 0.481925 0.485278 0.907704 0.33137
35 0.482315 0.482602 0.897566 0.341006
21 0.482315 0.482066 0.897566 0.337794
57 0.481145 0.484743 0.912383 0.3303
22 0.481145 0.484743 0.912383 0.3303
3 0.481925 0.485278 0.907704 0.33137
67 0.482315 0.482602 0.897566 0.341006
60 0.482315 0.482066 0.897566 0.337794
23 0.481925 0.485278 0.907704 0.33137
68 0.485044 0.486081 0.901465 0.325482
65 0.482315 0.482602 0.897566 0.341006
39 0.484265 0.480728 0.893667 0.340471
2 0.482315 0.482602 0.897566 0.341006
32 0.481145 0.484743 0.912383 0.3303
5 0.481145 0.484743 0.912383 0.3303
56 0.482315 0.482066 0.897566 0.337794
59 0.481925 0.485278 0.907704 0.33137
34 0.485044 0.486081 0.901465 0.325482
69 0.482315 0.482602 0.897566 0.341006
33 0.482315 0.482066 0.897566 0.337794
52 0.481925 0.485278 0.907704 0.33137
1 0.481145 0.484743 0.912383 0.3303
36 0.481925 0.485278 0.907704 0.33137
62 0.482315 0.482602 0.897566 0.341006
41 0.482315 0.482602 0.897566 0.341006
58 0.485044 0.486081 0.901465 0.325482
72 0.481925 0.485278 0.907704 0.33137
0 0.486994 0.482334 0.894447 0.350107
4 0.496742 0.493576 0.888988 0.342612
6 0.495182 0.492773 0.898346 0.341006
7 0.496742 0.495717 0.896786 0.340471
2 0.496742 0.493576 0.888988 0.342612
45 0.496742 0.493576 0.888988 0.342612
66 0.496742 0.495717 0.896786 0.340471
22 0.496742 0.493576 0.888988 0.342612
44 0.496742 0.495717 0.896786 0.340471
54 0.496742 0.495717 0.896786 0.340471
20 0.496742 0.495717 0.896786 0.340471
57 0.496742 0.495717 0.896786 0.340471
28 0.496742 0.495717 0.896786 0.340471
3 0.496742 0.491702 0.87963 0.344218
31 0.496742 0.491702 0.87963 0.344218
60 0.496742 0.495717 0.896786 0.340471
39 0.495962 0.495717 0.898346 0.347966
56 0.496742 0.495717 0.896786 0.340471
10 0.495182 0.492773 0.898346 0.341006
32 0.496742 0.495717 0.896786 0.340471
29 0.495182 0.492773 0.898346 0.341006
35 0.496742 0.493576 0.888988 0.342612
5 0.493232 0.498394 0.892887 0.342612
69 0.496742 0.493576 0.888988 0.342612
0 0.496742 0.495717 0.896786 0.340471
23 0.495182 0.492773 0.898346 0.341006
1 0.495182 0.492773 0.898346 0.341006
52 0.496742 0.491702 0.87963 0.344218
8 0.496742 0.495717 0.896786 0.340471
68 0.495182 0.492773 0.898346 0.341006
58 0.495182 0.492773 0.898346 0.341006
67 0.495182 0.492773 0.898346 0.341006
65 0.493232 0.498394 0.892887 0.342612
36 0.495182 0.492773 0.898346 0.341006
33 0.495962 0.495717 0.898346 0.347966
21 0.496742 0.493576 0.888988 0.342612
59 0.496742 0.491702 0.87963 0.344218
30 0.495182 0.492773 0.898346 0.341006
34 0.493232 0.498394 0.892887 0.342612
62 0.495182 0.492773 0.898346 0.341006
20 0.50142 0.489026 0.890548 0.323876
45 0.50142 0.489026 0.890548 0.323876
66 0.50142 0.489026 0.890548 0.323876
4 0.50142 0.489026 0.890548 0.323876
29 0.496742 0.487955 0.893667 0.332441
44 0.50142 0.489026 0.890548 0.323876
8 0.50142 0.489026 0.890548 0.323876
30 0.498301 0.489561 0.893667 0.328158
31 0.498301 0.489561 0.893667 0.328158
65 0.50454 0.489293 0.884309 0.32334
6 0.498301 0.489561 0.893667 0.328158
35 0.494792 0.487152 0.899126 0.329764
57 0.50142 0.489026 0.890548 0.323876
39 0.50142 0.489026 0.890548 0.323876
7 0.50142 0.489026 0.890548 0.323876
28 0.50142 0.489026 0.890548 0.323876
54 0.496742 0.487955 0.893667 0.332441
60 0.50142 0.489026 0.890548 0.323876
21 0.50142 0.489026 0.890548 0.323876
2 0.497911 0.487687 0.88197 0.340471
67 0.498301 0.489561 0.893667 0.328158
22 0.50142 0.489026 0.890548 0.323876
23 0.498301 0.489561 0.893667 0.328158
10 0.498301 0.489561 0.893667 0.328158
62 0.498301 0.489561 0.893667 0.328158
69 0.498301 0.489561 0.893667 0.328158
34 0.50454 0.489293 0.884309 0.32334
56 0.50142 0.489026 0.890548 0.323876
33 0.50142 0.489026 0.890548 0.323876
32 0.498301 0.489561 0.893667 0.328158
68 0.498301 0.489561 0.893667 0.328158
3 0.496742 0.487955 0.893667 0.332441
36 0.498301 0.489561 0.893667 0.328158
52 0.496742 0.487955 0.893667 0.332441
1 0.494792 0.487152 0.899126 0.329764
5 0.5022 0.487687 0.888988 0.325482
59 0.496742 0.487955 0.893667 0.332441
0 0.497911 0.487687 0.88197 0.340471
58 0.50142 0.491167 0.885869 0.326017
4 0.495962 0.488223 0.88275 0.326552
45 0.495962 0.488223 0.88275 0.326552
66 0.495962 0.488223 0.88275 0.326552
44 0.495962 0.488223 0.88275 0.326552
20 0.495962 0.488223 0.88275 0.326552
2 0.494402 0.48742 0.88275 0.324946
8 0.495962 0.488223 0.88275 0.326552
31 0.494402 0.48742 0.88275 0.324946
30 0.495962 0.488223 0.88275 0.326552
29 0.492453 0.486081 0.877291 0.329764
54 0.495962 0.488223 0.88275 0.326552
57 0.495962 0.488223 0.88275 0.326552
35 0.494402 0.48742 0.88275 0.324946
6 0.494402 0.48742 0.88275 0.324946
39 0.495962 0.488223 0.88275 0.326552
65 0.495572 0.488758 0.874172 0.32227
32 0.494402 0.48742 0.88275 0.324946
21 0.492063 0.486349 0.884309 0.333512
7 0.495962 0.488223 0.88275 0.326552
56 0.494402 0.48742 0.88275 0.324946
28 0.495962 0.488223 0.88275 0.326552
23 0.494402 0.48742 0.88275 0.324946
60 0.494402 0.48742 0.88275 0.324946
69 0.494402 0.48742 0.88275 0.324946
36 0.494402 0.48742 0.88275 0.324946
22 0.495962 0.488223 0.88275 0.326552
62 0.494402 0.48742 0.88275 0.324946
10 0.494402 0.48742 0.88275 0.324946
1 0.495962 0.488223 0.88275 0.326552
5 0.495182 0.486617 0.88119 0.327623
3 0.492453 0.486081 0.877291 0.329764
67 0.494402 0.48742 0.88275 0.324946
0 0.492063 0.486349 0.884309 0.333512
52 0.492453 0.486081 0.877291 0.329764
34 0.495572 0.488758 0.874172 0.32227
68 0.494402 0.48742 0.88275 0.324946
33 0.495182 0.486617 0.88119 0.327623
59 0.494402 0.48742 0.88275 0.324946
20 0.493622 0.489561 0.860915 0.321734
45 0.493622 0.489561 0.860915 0.321734
31 0.490503 0.488223 0.865594 0.321199
30 0.490503 0.488223 0.865594 0.321199
44 0.493622 0.489561 0.860915 0.321734
66 0.493622 0.489561 0.860915 0.321734
4 0.492063 0.489026 0.860915 0.323876
39 0.493622 0.489561 0.860915 0.321734
2 0.492063 0.487687 0.854676 0.324411
57 0.493622 0.489561 0.860915 0.321734
54 0.493622 0.489561 0.860915 0.321734
6 0.490503 0.488223 0.865594 0.321199
29 0.490503 0.488223 0.865594 0.321199
56 0.493622 0.489561 0.860915 0.321734
28 0.493622 0.489561 0.860915 0.321734
8 0.493622 0.489561 0.860915 0.321734
60 0.493622 0.489561 0.860915 0.321734
35 0.492063 0.489026 0.860915 0.323876
62 0.490503 0.488223 0.865594 0.321199
23 0.490503 0.488223 0.865594 0.321199
65 0.490503 0.488223 0.865594 0.321199
22 0.492063 0.489026 0.860915 0.323876
7 0.492063 0.489026 0.860915 0.323876
32 0.490503 0.488223 0.865594 0.321199
21 0.498301 0.488223 0.864034 0.326552
10 0.490503 0.488223 0.865594 0.321199
69 0.490503 0.488223 0.865594 0.321199
67 0.490503 0.488223 0.865594 0.321199
0 0.492063 0.489026 0.860915 0.323876
5 0.494402 0.488758 0.854676 0.326552
52 0.492063 0.487687 0.854676 0.324411
1 0.492063 0.489026 0.860915 0.323876
3 0.492063 0.487687 0.854676 0.324411
68 0.495182 0.487152 0.862474 0.321199
33 0.492063 0.489026 0.860915 0.323876
36 0.490503 0.488223 0.865594 0.321199
59 0.490503 0.488223 0.865594 0.321199
58 0.495182 0.487152 0.862474 0.321199
66 0.481145 0.489829 0.890548 0.32227
45 0.481145 0.489829 0.890548 0.32227
20 0.481145 0.489829 0.890548 0.32227
44 0.481145 0.489829 0.890548 0.32227
2 0.481925 0.489561 0.892107 0.321734
4 0.481145 0.489829 0.890548 0.32227
54 0.481145 0.489829 0.890548 0.32227
39 0.483485 0.489829 0.888988 0.32227
57 0.483485 0.489829 0.888988 0.32227
31 0.479976 0.489026 0.891328 0.322805
28 0.483485 0.489829 0.888988 0.32227
30 0.481145 0.489829 0.890548 0.32227
35 0.479976 0.489026 0.891328 0.322805
65 0.479976 0.489026 0.891328 0.322805
8 0.481145 0.489829 0.890548 0.32227
56 0.481925 0.489561 0.892107 0.321734
6 0.479976 0.489026 0.891328 0.322805
22 0.483485 0.489829 0.888988 0.32227
60 0.484654 0.490632 0.889768 0.322805
5 0.480755 0.48849 0.886649 0.321734
29 0.479976 0.489026 0.891328 0.322805
23 0.481925 0.489561 0.892107 0.321734
62 0.479976 0.489026 0.891328 0.322805
69 0.481925 0.489561 0.892107 0.321734
32 0.481925 0.489561 0.892107 0.321734
7 0.481145 0.489829 0.890548 0.32227
0 0.484265 0.489829 0.88119 0.32227
1 0.481925 0.489561 0.892107 0.321734
10 0.481925 0.489561 0.892107 0.321734
33 0.481925 0.489561 0.892107 0.321734
36 0.481925 0.489561 0.892107 0.321734
3 0.484265 0.487152 0.887428 0.332976
21 0.486994 0.487152 0.888208 0.330835
68 0.488164 0.487687 0.876511 0.326552
4 0.594218 0.573876 0.386788 0.149893
52 0.484265 0.487152 0.887428 0.332976
4 0.685457 0.491167 0.489723 0.335653
67 0.481925 0.489561 0.892107 0.321734
31 0.486604 0.487152 0.867153 0.32334
57 0.487384 0.488223 0.868713 0.324411
4 0.487384 0.488223 0.868713 0.324411
39 0.487384 0.488223 0.868713 0.324411
2 0.489333 0.487152 0.867933 0.32334
23 0.489333 0.487152 0.867933 0.32334
56 0.490503 0.489293 0.867153 0.324411
20 0.486604 0.487152 0.867153 0.32334
30 0.486604 0.487152 0.867153 0.32334
22 0.487384 0.488223 0.868713 0.324411
60 0.486604 0.487152 0.867153 0.32334
45 0.487384 0.488223 0.868713 0.324411
66 0.487384 0.488223 0.868713 0.324411
28 0.487384 0.488223 0.868713 0.324411
32 0.489333 0.487152 0.867933 0.32334
44 0.490503 0.489293 0.867153 0.324411
0 0.490503 0.489293 0.867153 0.324411
69 0.486604 0.487152 0.867153 0.32334
35 0.486604 0.487152 0.867153 0.32334
67 0.486604 0.487152 0.867153 0.32334
29 0.486604 0.487152 0.867153 0.32334
8 0.486604 0.487152 0.867153 0.32334
54 0.487384 0.488223 0.868713 0.324411
10 0.486604 0.487152 0.867153 0.32334
6 0.486604 0.487152 0.867153 0.32334
5 0.487384 0.485546 0.862474 0.319058
7 0.487384 0.488223 0.868713 0.324411
58 0.489333 0.487152 0.867933 0.32334
62 0.486604 0.487152 0.867153 0.32334
52 0.489333 0.487152 0.867933 0.32334
3 0.489333 0.487152 0.867933 0.32334
1 0.487384 0.488223 0.868713 0.324411
68 0.489333 0.487152 0.867933 0.32334
65 0.486604 0.487152 0.867153 0.32334
59 0.489333 0.487152 0.867933 0.32334
36 0.486604 0.487152 0.867153 0.32334
21 0.487384 0.485546 0.862474 0.319058
4 0.582521 0.57227 0.389907 0.150964
34 0.490503 0.489293 0.867153 0.324411
4 0.495182 0.48849 0.871832 0.326017
57 0.495182 0.48849 0.871832 0.326017
31 0.492843 0.487687 0.873392 0.326552
66 0.495182 0.48849 0.871832 0.326017
30 0.492843 0.487687 0.873392 0.326552
2 0.495572 0.486349 0.864814 0.324946
45 0.495182 0.48849 0.871832 0.326017
56 0.495182 0.48849 0.871832 0.326017
39 0.495182 0.48849 0.871832 0.326017
0 0.497521 0.489293 0.862474 0.325482
44 0.495182 0.48849 0.871832 0.326017
60 0.495182 0.48849 0.871832 0.326017
28 0.495182 0.48849 0.871832 0.326017
32 0.495182 0.48849 0.871832 0.326017
22 0.491283 0.487152 0.870273 0.328694
35 0.492843 0.487687 0.873392 0.326552
69 0.492843 0.487687 0.873392 0.326552
3 0.491673 0.485546 0.877291 0.331906
29 0.492843 0.487687 0.873392 0.326552
52 0.491673 0.485546 0.877291 0.331906
54 0.495182 0.48849 0.871832 0.326017
20 0.497521 0.489293 0.862474 0.325482
23 0.490503 0.485814 0.878071 0.332441
6 0.492843 0.487687 0.873392 0.326552
10 0.492843 0.487687 0.873392 0.326552
67 0.492843 0.485814 0.864034 0.33137
62 0.492843 0.487687 0.873392 0.326552
8 0.495182 0.48849 0.871832 0.326017
5 0.492843 0.489293 0.864034 0.327623
59 0.491673 0.485546 0.877291 0.331906
21 0.491673 0.485546 0.877291 0.331906
4 0.564196 0.574946 0.387568 0.146681
7 0.491673 0.485546 0.877291 0.331906
1 0.495182 0.48849 0.871832 0.326017
68 0.492843 0.485814 0.864034 0.33137
4 0.683117 0.490096 0.495962 0.33137
36 0.495572 0.486349 0.864814 0.324946
58 0.491283 0.485011 0.873392 0.336188
4 0.509121 0.595289 0.293405 0.102784
2 0.54431 0.568389 0.360274 0.163009
2 0.553571 0.589936 0.362029 0.115632
2 0.499179 0.582441 0.291456 0.126338
57 0.683117 0.490096 0.495962 0.33137
65 0.492843 0.487687 0.873392 0.326552
45 0.54431 0.568389 0.360274 0.163009
33 0.490503 0.488223 0.870273 0.330835
2 0.683117 0.490096 0.495962 0.33137
58 0.54509 0.573876 0.358715 0.148822
