4 0.735802 0.144549 0.524903 0.277722
22 0.735802 0.144549 0.524903 0.277722
67 0.730725 0.14977 0.531933 0.281106
57 0.735802 0.144549 0.524903 0.277722
41 0.735802 0.144549 0.524903 0.277722
60 0.728772 0.15265 0.535839 0.296659
40 0.730725 0.14977 0.531933 0.281106
29 0.735411 0.147753 0.52256 0.285138
2 0.735411 0.147753 0.52256 0.285138
72 0.735802 0.144549 0.524903 0.277722
69 0.728772 0.15265 0.535839 0.296659
67 0.663061 0.142893 0.668822 0.267785
57 0.698309 0.137241 0.599889 0.267569
60 0.698309 0.137673 0.599889 0.273041
2 0.698309 0.137241 0.599889 0.267569
4 0.698309 0.137241 0.599889 0.267569
58 0.541306 0.1214 0.895147 0.240783
58 0.663842 0.136665 0.66726 0.268145
29 0.698309 0.137241 0.599889 0.267569
10 0.663061 0.142893 0.668822 0.267785
8 0.663061 0.142893 0.668822 0.267785
34 0.541306 0.1214 0.895147 0.240783
68 0.670189 0.140805 0.651442 0.266777
36 0.698309 0.137241 0.599889 0.267569
69 0.663842 0.136665 0.66726 0.268145
22 0.698309 0.137673 0.599889 0.273041
62 0.711588 0.139689 0.574894 0.267857
30 0.697528 0.144441 0.604576 0.269297
3 0.541306 0.1214 0.895147 0.240783
72 0.663842 0.136665 0.66726 0.268145
10 0.541306 0.1214 0.895147 0.240783
35 0.698309 0.137241 0.599889 0.267569
41 0.698309 0.137241 0.599889 0.267569
44 0.698309 0.137241 0.599889 0.267569
34 0.663842 0.136665 0.66726 0.268145
26 0.663061 0.142893 0.668822 0.267785
59 0.697528 0.144441 0.604576 0.269297
3 0.663842 0.136665 0.66726 0.268145
23 0.541306 0.1214 0.895147 0.240783
52 0.663842 0.136665 0.66726 0.268145
59 0.62342 0.123884 0.729358 0.238407
57 0.541306 0.1214 0.895147 0.240783
68 0.526075 0.132488 0.941233 0.264977
58 0.519435 0.145305 0.951387 0.288882
67 0.589735 0.141849 0.817037 0.268145
23 0.52256 0.182316 0.942014 0.364631
29 0.589735 0.141849 0.817037 0.268145
35 0.618734 0.173675 0.762164 0.346774
2 0.618734 0.173675 0.762164 0.346774
44 0.56474 0.163306 0.865465 0.326613
8 0.618734 0.173675 0.762164 0.346774
69 0.589735 0.141849 0.817037 0.268145
60 0.618734 0.173675 0.762164 0.346774
4 0.589735 0.141849 0.817037 0.268145
6 0.589735 0.141849 0.817037 0.268145
57 0.618734 0.173675 0.762164 0.346774
10 0.519435 0.145305 0.951387 0.288882
33 0.618734 0.173675 0.762164 0.346774
67 0.650271 0.210829 0.69909 0.413594
36 0.618734 0.173675 0.762164 0.346774
31 0.548336 0.147717 0.89671 0.284634
34 0.519435 0.145305 0.951387 0.288882
59 0.562396 0.140445 0.865465 0.276714
52 0.519435 0.145305 0.951387 0.288882
30 0.603404 0.139401 0.789698 0.268433
3 0.52256 0.182316 0.942014 0.364631
62 0.589735 0.141849 0.817037 0.268145
5 0.52256 0.182316 0.942014 0.364631
3 0.503423 0.126872 0.980288 0.253744
22 0.56474 0.163306 0.865465 0.326613
20 0.589735 0.141849 0.817037 0.268145
4 0.650271 0.210829 0.69909 0.413594
32 0.618734 0.173675 0.762164 0.346774
66 0.56474 0.163306 0.865465 0.326613
44 0.663842 0.218318 0.671946 0.436636
29 0.650271 0.210829 0.69909 0.413594
57 0.519435 0.145305 0.951387 0.288882
65 0.618734 0.173675 0.762164 0.346774
30 0.650271 0.210829 0.69909 0.413594
28 0.52256 0.182316 0.942014 0.364631
41 0.548336 0.147717 0.89671 0.284634
23 0.562396 0.140445 0.865465 0.276714
28 0.503423 0.126872 0.980288 0.253744
1 0.526075 0.132488 0.941233 0.264977
23 0.622444 0.217454 0.750057 0.434908
20 0.650271 0.210829 0.69909 0.413594
69 0.52256 0.182316 0.942014 0.364631
56 0.56474 0.163306 0.865465 0.326613
68 0.651345 0.142281 0.693817 0.270737
39 0.622444 0.217454 0.750057 0.434908
6 0.650271 0.210829 0.69909 0.413594
72 0.548336 0.147717 0.89671 0.284634
45 0.618734 0.173675 0.762164 0.346774
67 0.60526 0.139401 0.789112 0.277074
68 0.513187 0.15049 0.968571 0.300979
67 0.634649 0.207949 0.728772 0.410138
29 0.60526 0.139401 0.789112 0.277074
8 0.645194 0.188076 0.709244 0.37212
34 0.513187 0.15409 0.967009 0.30818
57 0.645194 0.188076 0.709244 0.37212
58 0.534759 0.150346 0.930482 0.300691
57 0.534759 0.150346 0.930482 0.300691
8 0.60526 0.139401 0.789112 0.277074
60 0.645194 0.188076 0.709244 0.37212
33 0.645194 0.188076 0.709244 0.37212
30 0.631036 0.143721 0.735997 0.27477
23 0.516311 0.174827 0.952949 0.349654
68 0.631036 0.143721 0.735997 0.27477
60 0.534759 0.150346 0.930482 0.300691
33 0.534759 0.150346 0.930482 0.300691
31 0.60526 0.139401 0.789112 0.277074
35 0.60526 0.139401 0.789112 0.277074
36 0.60526 0.139401 0.789112 0.277074
36 0.645194 0.188076 0.709244 0.37212
2 0.645194 0.188076 0.709244 0.37212
6 0.60526 0.139401 0.789112 0.277074
35 0.645194 0.188076 0.709244 0.37212
30 0.634649 0.207949 0.728772 0.410138
58 0.645194 0.188076 0.709244 0.37212
32 0.645194 0.188076 0.709244 0.37212
4 0.615121 0.145161 0.767827 0.286866
44 0.544821 0.167915 0.908426 0.333525
30 0.513187 0.15049 0.968571 0.300979
69 0.60526 0.139401 0.789112 0.277074
29 0.634649 0.207949 0.728772 0.410138
52 0.513187 0.15409 0.967009 0.30818
2 0.534759 0.150346 0.930482 0.300691
59 0.535448 0.151066 0.928735 0.296947
8 0.516311 0.174827 0.952949 0.349654
0 0.534759 0.150346 0.930482 0.300691
61 0.516311 0.174827 0.952949 0.349654
32 0.516311 0.174827 0.952949 0.349654
10 0.516311 0.174827 0.952949 0.349654
67 0.516311 0.174827 0.952949 0.349654
20 0.631036 0.143721 0.735997 0.27477
23 0.504595 0.122552 0.987318 0.245104
23 0.645194 0.188076 0.709244 0.37212
69 0.645194 0.188076 0.709244 0.37212
4 0.634649 0.207949 0.728772 0.410138
56 0.544821 0.167915 0.908426 0.333525
54 0.534759 0.150346 0.930482 0.300691
6 0.670579 0.199885 0.65691 0.388249
1 0.535448 0.151066 0.928735 0.296947
45 0.544821 0.167915 0.908426 0.333525
62 0.534759 0.150346 0.930482 0.300691
28 0.513187 0.15409 0.967009 0.30818
21 0.544821 0.167915 0.908426 0.333525
59 0.652614 0.141669 0.692841 0.271385
10 0.504595 0.122552 0.987318 0.245104
10 0.631036 0.143721 0.735997 0.27477
32 0.60526 0.139401 0.789112 0.277074
0 0.645194 0.188076 0.709244 0.37212
45 0.634649 0.207949 0.728772 0.410138
3 0.504595 0.122552 0.987318 0.245104
31 0.670579 0.199885 0.65691 0.388249
29 0.506938 0.119744 0.982631 0.239487
21 0.634649 0.207949 0.728772 0.410138
61 0.645194 0.188076 0.709244 0.37212
36 0.516311 0.174827 0.952949 0.349654
7 0.504595 0.122552 0.987318 0.245104
65 0.60526 0.139401 0.789112 0.277074
44 0.690107 0.211982 0.619417 0.423963
7 0.544821 0.167915 0.908426 0.333525
22 0.645194 0.188076 0.709244 0.37212
20 0.544821 0.167915 0.908426 0.333525
54 0.670579 0.199885 0.65691 0.388249
20 0.503813 0.124424 0.98888 0.248848
4 0.503813 0.124424 0.98888 0.248848
59 0.634649 0.207949 0.728772 0.410138
67 0.736974 0.212126 0.524122 0.421371
67 0.72721 0.141417 0.545212 0.282834
33 0.726429 0.210829 0.545212 0.421659
35 0.736974 0.212126 0.524122 0.421371
29 0.733849 0.181308 0.530371 0.362615
30 0.733849 0.181308 0.530371 0.362615
8 0.736974 0.212126 0.524122 0.421371
33 0.72721 0.141417 0.545212 0.282834
8 0.72721 0.141417 0.545212 0.282834
57 0.726429 0.210829 0.545212 0.421659
60 0.736974 0.212126 0.524122 0.421371
57 0.72018 0.148618 0.559272 0.297235
35 0.72721 0.141417 0.545212 0.282834
6 0.733849 0.181308 0.530371 0.362615
2 0.726429 0.210829 0.545212 0.421659
58 0.72018 0.148618 0.559272 0.297235
36 0.72721 0.141417 0.545212 0.282834
58 0.726429 0.210829 0.545212 0.421659
34 0.566302 0.146169 0.85453 0.292339
57 0.566302 0.146169 0.85453 0.292339
67 0.566302 0.146169 0.85453 0.292339
31 0.72721 0.141417 0.545212 0.282834
34 0.72018 0.148618 0.559272 0.297235
68 0.710416 0.147465 0.575675 0.294931
44 0.726429 0.210829 0.545212 0.421659
60 0.72018 0.148618 0.559272 0.297235
32 0.726429 0.210829 0.545212 0.421659
54 0.706901 0.209389 0.585829 0.41129
36 0.726429 0.210829 0.545212 0.421659
58 0.566302 0.146169 0.85453 0.292339
69 0.72721 0.141417 0.545212 0.282834
20 0.733849 0.181308 0.530371 0.362615
45 0.736974 0.212126 0.524122 0.421371
33 0.566302 0.146169 0.85453 0.292339
0 0.726429 0.210829 0.545212 0.421659
69 0.726429 0.210829 0.545212 0.421659
54 0.72721 0.141417 0.545212 0.282834
68 0.56474 0.142137 0.856092 0.284274
31 0.706901 0.209389 0.585829 0.41129
2 0.72018 0.148618 0.559272 0.297235
44 0.72721 0.141417 0.545212 0.282834
4 0.733849 0.181308 0.530371 0.362615
21 0.736974 0.212126 0.524122 0.421371
31 0.56474 0.142137 0.856092 0.284274
60 0.566302 0.146169 0.85453 0.292339
29 0.566302 0.146169 0.85453 0.292339
2 0.566302 0.146169 0.85453 0.292339
66 0.706901 0.209389 0.585829 0.41129
10 0.772123 0.216302 0.45226 0.414747
23 0.72018 0.148618 0.559272 0.297235
61 0.707291 0.177419 0.583486 0.354839
8 0.566302 0.146169 0.85453 0.292339
65 0.733849 0.181308 0.530371 0.362615
67 0.269286 0.53629 0.330017 0.284562
0 0.72018 0.148618 0.559272 0.297235
32 0.72721 0.141417 0.545212 0.282834
10 0.707291 0.177419 0.583486 0.354839
56 0.726429 0.210829 0.545212 0.421659
62 0.733849 0.181308 0.530371 0.362615
22 0.726429 0.210829 0.545212 0.421659
33 0.813717 0.214286 0.369073 0.392857
35 0.566302 0.146169 0.85453 0.292339
7 0.736974 0.212126 0.524122 0.421371
0 0.566302 0.146169 0.85453 0.292339
23 0.566302 0.146169 0.85453 0.292339
35 0.818404 0.217454 0.356575 0.404954
8 0.293305 0.529954 0.353841 0.28341
23 0.726429 0.210829 0.545212 0.421659
54 0.566302 0.146169 0.85453 0.292339
1 0.733849 0.181308 0.530371 0.362615
59 0.733849 0.181308 0.530371 0.362615
56 0.72721 0.141417 0.545212 0.282834
67 0.813717 0.214286 0.369073 0.392857
44 0.601549 0.174395 0.782473 0.34879
33 0.692841 0.212558 0.612387 0.425115
35 0.680734 0.211982 0.635039 0.423963
33 0.516311 0.163882 0.956074 0.327765
67 0.664038 0.208381 0.669994 0.416763
8 0.680734 0.211982 0.635039 0.423963
30 0.676438 0.209533 0.643631 0.419067
34 0.612387 0.192972 0.774857 0.385945
57 0.612387 0.192972 0.774857 0.385945
67 0.516311 0.163882 0.956074 0.327765
34 0.516311 0.163882 0.956074 0.327765
60 0.680734 0.211982 0.635039 0.423963
29 0.676438 0.209533 0.643631 0.419067
21 0.692841 0.212558 0.612387 0.425115
57 0.516311 0.163882 0.956074 0.327765
31 0.611606 0.165611 0.776419 0.331221
36 0.664038 0.208381 0.669994 0.416763
31 0.676438 0.209533 0.643631 0.419067
45 0.680734 0.211982 0.635039 0.423963
31 0.504595 0.123848 0.979507 0.247696
44 0.692841 0.212558 0.612387 0.425115
58 0.612387 0.192972 0.774857 0.385945
35 0.516311 0.163882 0.956074 0.327765
2 0.612387 0.192972 0.774857 0.385945
60 0.516311 0.163882 0.956074 0.327765
33 0.650759 0.16273 0.693427 0.325461
2 0.516311 0.163882 0.956074 0.327765
65 0.692841 0.212558 0.612387 0.425115
6 0.676438 0.209533 0.643631 0.419067
57 0.700652 0.217742 0.595203 0.435484
8 0.516311 0.163882 0.956074 0.327765
36 0.504595 0.123848 0.979507 0.247696
7 0.680734 0.211982 0.635039 0.423963
66 0.680734 0.211982 0.635039 0.423963
68 0.611606 0.165611 0.776419 0.331221
29 0.516311 0.163882 0.956074 0.327765
69 0.676438 0.209533 0.643631 0.419067
61 0.640897 0.203053 0.716274 0.406106
62 0.692841 0.212558 0.612387 0.425115
0 0.516311 0.163882 0.956074 0.327765
4 0.680734 0.211982 0.635039 0.423963
23 0.664038 0.208381 0.669994 0.416763
21 0.534276 0.189948 0.918581 0.379896
58 0.516311 0.163882 0.956074 0.327765
39 0.711588 0.219758 0.576456 0.439516
0 0.612387 0.192972 0.774857 0.385945
30 0.518654 0.15697 0.956074 0.31394
44 0.534276 0.189948 0.918581 0.379896
20 0.680734 0.211982 0.635039 0.423963
45 0.534276 0.189948 0.918581 0.379896
10 0.664038 0.208381 0.669994 0.416763
7 0.505376 0.120248 0.976382 0.240495
22 0.692841 0.212558 0.612387 0.425115
32 0.680734 0.211982 0.635039 0.423963
44 0.510843 0.12644 0.962323 0.25288
45 0.505376 0.120248 0.976382 0.240495
6 0.611606 0.165611 0.776419 0.331221
6 0.504595 0.123848 0.979507 0.247696
54 0.694403 0.213134 0.609263 0.426267
23 0.516311 0.163882 0.956074 0.327765
52 0.612387 0.192972 0.774857 0.385945
67 0.528028 0.185772 0.942014 0.371544
35 0.552334 0.196717 0.895332 0.393433
29 0.528028 0.185772 0.942014 0.371544
34 0.528028 0.185772 0.942014 0.371544
30 0.552334 0.196717 0.895332 0.393433
33 0.552334 0.196717 0.895332 0.393433
57 0.528028 0.185772 0.942014 0.371544
21 0.566302 0.211118 0.863903 0.422235
60 0.528028 0.185772 0.942014 0.371544
67 0.516702 0.140445 0.958417 0.269801
31 0.516702 0.140445 0.958417 0.269801
8 0.552334 0.196717 0.895332 0.393433
36 0.529682 0.159274 0.940636 0.31394
33 0.516702 0.140445 0.958417 0.269801
58 0.552334 0.196717 0.895332 0.393433
45 0.566302 0.211118 0.863903 0.422235
30 0.516702 0.140445 0.958417 0.269801
31 0.552334 0.196717 0.895332 0.393433
67 0.662177 0.215726 0.675646 0.4303
35 0.516702 0.140445 0.958417 0.269801
35 0.662177 0.215726 0.675646 0.4303
29 0.665106 0.211262 0.669787 0.422523
61 0.531152 0.198157 0.929516 0.396313
36 0.596765 0.207085 0.806101 0.414171
2 0.528028 0.185772 0.942014 0.371544
44 0.566302 0.211118 0.863903 0.422235
34 0.516702 0.140445 0.958417 0.269801
8 0.662177 0.215726 0.675646 0.4303
39 0.566302 0.211118 0.863903 0.422235
57 0.516702 0.140445 0.958417 0.269801
60 0.516702 0.140445 0.958417 0.269801
32 0.528028 0.185772 0.942014 0.371544
30 0.662177 0.215726 0.675646 0.4303
58 0.516702 0.140445 0.958417 0.269801
60 0.662177 0.215726 0.675646 0.4303
29 0.516702 0.140445 0.958417 0.269801
65 0.552334 0.196717 0.895332 0.393433
33 0.662177 0.215726 0.675646 0.4303
6 0.552334 0.196717 0.895332 0.393433
8 0.516702 0.140445 0.958417 0.269801
7 0.566302 0.211118 0.863903 0.422235
7 0.514749 0.148329 0.963885 0.296659
68 0.529682 0.159274 0.940636 0.31394
2 0.516702 0.140445 0.958417 0.269801
62 0.514749 0.148329 0.963885 0.296659
23 0.528028 0.185772 0.942014 0.371544
45 0.514749 0.148329 0.963885 0.296659
0 0.514749 0.148329 0.963885 0.296659
44 0.514749 0.148329 0.963885 0.296659
10 0.566302 0.211118 0.863903 0.422235
57 0.662177 0.215726 0.675646 0.4303
4 0.566302 0.211118 0.863903 0.422235
67 0.639042 0.219758 0.718422 0.439516
29 0.704948 0.221342 0.589735 0.442684
8 0.704948 0.221342 0.589735 0.442684
36 0.639042 0.219758 0.718422 0.439516
34 0.622932 0.185484 0.749081 0.370968
60 0.616293 0.223502 0.763922 0.447005
67 0.520998 0.150058 0.935765 0.300115
61 0.582705 0.216878 0.824848 0.433756
30 0.704948 0.221342 0.589735 0.442684
67 0.760016 0.226238 0.478037 0.452477
58 0.639042 0.219758 0.718422 0.439516
35 0.616293 0.223502 0.763922 0.447005
32 0.616293 0.223502 0.763922 0.447005
60 0.760016 0.226238 0.478037 0.452477
34 0.520998 0.150058 0.935765 0.300115
2 0.153487 0.492511 0.0714712 0.117512
4 0.153487 0.492511 0.0714712 0.117512
57 0.622932 0.185484 0.749081 0.370968
4 0.15212 0.504032 0.0652224 0.0864056
35 0.760016 0.226238 0.478037 0.452477
36 0.678781 0.156682 0.632696 0.313364
67 0.697528 0.144009 0.601452 0.288018
29 0.622932 0.185484 0.749081 0.370968
44 0.582705 0.216878 0.824848 0.433756
60 0.520998 0.150058 0.935765 0.300115
8 0.622932 0.185484 0.749081 0.370968
21 0.708463 0.22091 0.582705 0.44182
57 0.708463 0.22091 0.582705 0.44182
34 0.708463 0.22091 0.582705 0.44182
36 0.520998 0.150058 0.935765 0.300115
33 0.704948 0.221342 0.589735 0.442684
32 0.520998 0.150058 0.935765 0.300115
65 0.704948 0.221342 0.589735 0.442684
61 0.708463 0.22091 0.582705 0.44182
4 0.168426 0.477535 0.0576066 0.132489
30 0.622932 0.185484 0.749081 0.370968
2 0.168426 0.477535 0.0576066 0.132489
57 0.520998 0.150058 0.935765 0.300115
44 0.708463 0.22091 0.582705 0.44182
29 0.520998 0.150058 0.935765 0.300115
45 0.708463 0.22091 0.582705 0.44182
21 0.582705 0.216878 0.824848 0.433756
33 0.622932 0.185484 0.749081 0.370968
10 0.704948 0.221342 0.589735 0.442684
35 0.520998 0.150058 0.935765 0.300115
2 0.15212 0.504032 0.0652224 0.0864056
8 0.520998 0.150058 0.935765 0.300115
30 0.520998 0.150058 0.935765 0.300115
58 0.153487 0.492511 0.0714712 0.117512
30 0.697528 0.144009 0.601452 0.288018
2 0.150753 0.473502 0.0949044 0.138249
67 0.590516 0.189804 0.81235 0.379608
29 0.590516 0.189804 0.81235 0.379608
67 0.704948 0.212558 0.586611 0.425115
35 0.548336 0.168779 0.884212 0.337558
8 0.590516 0.189804 0.81235 0.379608
30 0.590516 0.189804 0.81235 0.379608
29 0.704948 0.212558 0.586611 0.425115
35 0.634942 0.205213 0.725062 0.410426
8 0.704948 0.212558 0.586611 0.425115
60 0.634942 0.205213 0.725062 0.410426
60 0.548336 0.168779 0.884212 0.337558
36 0.590516 0.189804 0.81235 0.379608
67 0.502251 0.132488 0.977945 0.264977
21 0.634942 0.205213 0.725062 0.410426
32 0.548336 0.168779 0.884212 0.337558
61 0.599206 0.187788 0.782473 0.375576
57 0.548336 0.168779 0.884212 0.337558
30 0.704948 0.212558 0.586611 0.425115
35 0.762452 0.21947 0.475097 0.43894
32 0.680441 0.201325 0.634063 0.40265
33 0.634942 0.205213 0.725062 0.410426
44 0.599206 0.187788 0.782473 0.375576
57 0.680441 0.201325 0.634063 0.40265
45 0.704948 0.212558 0.586611 0.425115
58 0.590516 0.189804 0.81235 0.379608
60 0.762452 0.21947 0.475097 0.43894
34 0.548336 0.168779 0.884212 0.337558
45 0.599206 0.187788 0.782473 0.375576
33 0.548336 0.168779 0.884212 0.337558
45 0.506157 0.156682 0.962323 0.313364
30 0.502251 0.132488 0.977945 0.264977
39 0.599206 0.187788 0.782473 0.375576
36 0.704948 0.212558 0.586611 0.425115
21 0.548336 0.168779 0.884212 0.337558
21 0.762452 0.21947 0.475097 0.43894
61 0.704948 0.212558 0.586611 0.425115
33 0.762452 0.21947 0.475097 0.43894
4 0.157979 0.47523 0.0855311 0.141705
44 0.704948 0.212558 0.586611 0.425115
8 0.502251 0.132488 0.977945 0.264977
29 0.505766 0.104659 0.966228 0.205429
31 0.590516 0.189804 0.81235 0.379608
44 0.506157 0.156682 0.962323 0.313364
65 0.680441 0.201325 0.634063 0.40265
60 0.503032 0.122984 0.979507 0.245968
36 0.506938 0.145161 0.965447 0.290323
10 0.680441 0.201325 0.634063 0.40265
2 0.157979 0.47523 0.0855311 0.141705
57 0.762452 0.21947 0.475097 0.43894
57 0.503032 0.122984 0.979507 0.245968
23 0.506157 0.156682 0.962323 0.313364
65 0.762452 0.21947 0.475097 0.43894
58 0.502251 0.132488 0.977945 0.264977
6 0.704948 0.212558 0.586611 0.425115
35 0.503032 0.122984 0.979507 0.245968
31 0.503032 0.122984 0.979507 0.245968
4 0.469445 0.395737 0.0617074 0.152074
61 0.504985 0.158266 0.966228 0.316532
39 0.506157 0.156682 0.962323 0.313364
29 0.506938 0.145161 0.965447 0.290323
34 0.704948 0.212558 0.586611 0.425115
69 0.680441 0.201325 0.634063 0.40265
2 0.634942 0.205213 0.725062 0.410426
4 0.590516 0.189804 0.81235 0.379608
58 0.157979 0.47523 0.0855311 0.141705
39 0.704948 0.212558 0.586611 0.425115
23 0.634942 0.205213 0.725062 0.410426
4 0.704948 0.212558 0.586611 0.425115
2 0.506157 0.156682 0.962323 0.313364
32 0.762452 0.21947 0.475097 0.43894
33 0.74127 0.208237 0.517092 0.416475
67 0.74127 0.208237 0.517092 0.416475
8 0.74127 0.208237 0.517092 0.416475
35 0.74127 0.208237 0.517092 0.416475
60 0.74127 0.208237 0.517092 0.416475
21 0.74127 0.208237 0.517092 0.416475
30 0.74127 0.208237 0.517092 0.416475
29 0.757673 0.209821 0.484286 0.419643
45 0.74127 0.208237 0.517092 0.416475
57 0.74127 0.208237 0.517092 0.416475
39 0.74127 0.208237 0.517092 0.416475
67 0.612485 0.167339 0.755915 0.334677
7 0.74127 0.208237 0.517092 0.416475
20 0.74127 0.208237 0.517092 0.416475
69 0.74127 0.208237 0.517092 0.416475
31 0.728381 0.208525 0.542869 0.417051
44 0.74127 0.208237 0.517092 0.416475
66 0.74127 0.208237 0.517092 0.416475
10 0.74127 0.208237 0.517092 0.416475
34 0.74127 0.208237 0.517092 0.416475
61 0.74127 0.208237 0.517092 0.416475
32 0.74127 0.208237 0.517092 0.416475
58 0.727991 0.202477 0.54365 0.404954
6 0.728381 0.208525 0.542869 0.417051
30 0.612485 0.167339 0.755915 0.334677
60 0.612485 0.167339 0.755915 0.334677
65 0.757673 0.209821 0.484286 0.419643
23 0.733459 0.205069 0.532714 0.410138
28 0.74127 0.208237 0.517092 0.416475
33 0.612485 0.167339 0.755915 0.334677
54 0.73463 0.208237 0.528809 0.416475
8 0.612485 0.167339 0.755915 0.334677
36 0.728381 0.208525 0.542869 0.417051
29 0.612485 0.167339 0.755915 0.334677
4 0.74127 0.208237 0.517092 0.416475
35 0.612485 0.167339 0.755915 0.334677
67 0.506938 0.134361 0.959198 0.268721
60 0.506938 0.134361 0.959198 0.268721
67 0.69206 0.205933 0.613949 0.411866
67 0.586611 0.142857 0.818599 0.285714
35 0.608872 0.172235 0.772514 0.34447
21 0.608872 0.172235 0.772514 0.34447
29 0.697528 0.206221 0.603014 0.412442
29 0.51553 0.13076 0.952949 0.261521
8 0.69206 0.205933 0.613949 0.411866
30 0.51553 0.13076 0.952949 0.261521
35 0.69206 0.205933 0.613949 0.411866
35 0.51553 0.13076 0.952949 0.261521
60 0.69206 0.205933 0.613949 0.411866
30 0.608872 0.172235 0.772514 0.34447
8 0.608872 0.172235 0.772514 0.34447
60 0.586611 0.142857 0.818599 0.285714
8 0.51553 0.13076 0.952949 0.261521
21 0.69206 0.205933 0.613949 0.411866
30 0.69206 0.205933 0.613949 0.411866
33 0.69206 0.205933 0.613949 0.411866
67 0.504985 0.11906 0.974039 0.233079
61 0.608872 0.172235 0.772514 0.34447
33 0.608872 0.172235 0.772514 0.34447
29 0.608872 0.172235 0.772514 0.34447
34 0.586611 0.142857 0.818599 0.285714
34 0.697528 0.206221 0.603014 0.412442
45 0.608872 0.172235 0.772514 0.34447
57 0.586611 0.142857 0.818599 0.285714
21 0.509281 0.129032 0.957636 0.258065
36 0.62176 0.179435 0.752986 0.358871
32 0.505376 0.119672 0.973258 0.239343
32 0.642069 0.199309 0.712369 0.398618
33 0.51553 0.13076 0.952949 0.261521
58 0.62176 0.179435 0.752986 0.358871
39 0.608872 0.172235 0.772514 0.34447
57 0.642069 0.199309 0.712369 0.398618
31 0.505376 0.119672 0.973258 0.239343
45 0.51553 0.13076 0.952949 0.261521
44 0.608872 0.172235 0.772514 0.34447
61 0.69206 0.205933 0.613949 0.411866
36 0.505376 0.119672 0.973258 0.239343
60 0.504985 0.11906 0.974039 0.233079
58 0.505376 0.119672 0.973258 0.239343
39 0.505376 0.119672 0.973258 0.239343
6 0.642069 0.199309 0.712369 0.398618
45 0.69206 0.205933 0.613949 0.411866
23 0.586611 0.142857 0.818599 0.285714
61 0.509281 0.129032 0.957636 0.258065
2 0.51553 0.13076 0.952949 0.261521
59 0.505376 0.119672 0.973258 0.239343
44 0.505376 0.119672 0.973258 0.239343
10 0.68337 0.203485 0.629767 0.40697
6 0.51553 0.13076 0.952949 0.261521
7 0.608872 0.172235 0.772514 0.34447
31 0.62176 0.179435 0.752986 0.358871
4 0.608872 0.172235 0.772514 0.34447
36 0.710025 0.206077 0.578018 0.412154
57 0.504985 0.11906 0.974039 0.233079
2 0.608872 0.172235 0.772514 0.34447
7 0.51553 0.13076 0.952949 0.261521
58 0.710025 0.206077 0.578018 0.412154
39 0.69206 0.205933 0.613949 0.411866
4 0.506157 0.121292 0.971696 0.232647
23 0.642069 0.199309 0.712369 0.398618
65 0.68337 0.203485 0.629767 0.40697
67 0.675261 0.211406 0.649479 0.422811
67 0.535839 0.176555 0.918581 0.353111
30 0.675261 0.211406 0.649479 0.422811
29 0.738926 0.231423 0.521779 0.46227
29 0.617464 0.19326 0.761578 0.386521
35 0.643631 0.212846 0.702995 0.425691
8 0.675261 0.211406 0.649479 0.422811
21 0.643631 0.212846 0.702995 0.425691
60 0.671068 0.221198 0.657496 0.442396
30 0.535839 0.176555 0.918581 0.353111
32 0.617464 0.19326 0.761578 0.386521
58 0.675261 0.211406 0.649479 0.422811
60 0.535839 0.176555 0.918581 0.353111
67 0.761969 0.2572 0.474131 0.503456
57 0.617464 0.19326 0.761578 0.386521
35 0.535839 0.176555 0.918581 0.353111
32 0.727991 0.214286 0.54365 0.428571
8 0.535839 0.176555 0.918581 0.353111
31 0.617464 0.19326 0.761578 0.386521
36 0.675261 0.211406 0.649479 0.422811
29 0.707291 0.309044 0.581924 0.577765
45 0.643631 0.212846 0.702995 0.425691
67 0.707291 0.309044 0.581924 0.577765
61 0.643631 0.212846 0.702995 0.425691
35 0.738926 0.231423 0.521779 0.46227
45 0.535839 0.176555 0.918581 0.353111
33 0.72057 0.22163 0.558491 0.44326
39 0.617464 0.19326 0.761578 0.386521
44 0.617464 0.19326 0.761578 0.386521
4 0.160127 0.483007 0.0742051 0.149194
21 0.720961 0.250288 0.556147 0.500576
4 0.178287 0.487615 0.14841 0.171083
4 0.252297 0.482143 0.22574 0.157834
57 0.72057 0.22163 0.558491 0.44326
58 0.535839 0.176555 0.918581 0.353111
4 0.469445 0.396889 0.0648318 0.135945
21 0.535839 0.176555 0.918581 0.353111
35 0.707291 0.309044 0.581924 0.577765
23 0.617464 0.19326 0.761578 0.386521
58 0.182388 0.445565 0.036712 0.114055
8 0.761969 0.2572 0.474131 0.503456
30 0.761969 0.2572 0.474131 0.503456
30 0.707291 0.309044 0.581924 0.577765
60 0.737755 0.284634 0.52256 0.55746
59 0.643631 0.212846 0.702995 0.425691
6 0.671068 0.221198 0.657496 0.442396
2 0.160127 0.483007 0.0742051 0.149194
4 0.643631 0.212846 0.702995 0.425691
58 0.160127 0.483007 0.0742051 0.149194
31 0.727991 0.214286 0.54365 0.428571
10 0.643631 0.212846 0.702995 0.425691
33 0.707291 0.309044 0.581924 0.577765
69 0.671068 0.221198 0.657496 0.442396
2 0.535839 0.176555 0.918581 0.353111
33 0.617464 0.19326 0.761578 0.386521
2 0.252297 0.482143 0.22574 0.157834
7 0.643631 0.212846 0.702995 0.425691
4 0.256984 0.530242 0.264014 0.254032
4 0.277683 0.465726 0.175749 0.142281
2 0.256984 0.530242 0.264014 0.254032
2 0.469445 0.396889 0.0648318 0.135945
2 0.643631 0.212846 0.702995 0.425691
67 0.260499 0.511809 0.247611 0.328917
2 0.454604 0.384793 0.0952949 0.152074
58 0.178287 0.487615 0.14841 0.171083
4 0.221639 0.454205 0.188247 0.161866
8 0.707291 0.309044 0.581924 0.577765
4 0.247415 0.460253 0.168719 0.152074
4 0.172136 0.472638 0.0595593 0.148041
45 0.256984 0.530242 0.264014 0.254032
29 0.818404 0.306164 0.362824 0.53629
58 0.471397 0.396313 0.0609263 0.139401
44 0.727991 0.214286 0.54365 0.428571
29 0.790479 0.21299 0.415548 0.394297
29 0.736583 0.175115 0.526465 0.35023
67 0.742051 0.206653 0.513968 0.400058
30 0.736583 0.175115 0.526465 0.35023
60 0.742051 0.206653 0.513968 0.400058
67 0.7276 0.136809 0.531933 0.273618
29 0.834221 0.242223 0.331189 0.357143
8 0.790479 0.21299 0.415548 0.394297
