57 0.485446 0.495115 0.96777 0.364943
2 0.491299 0.49023 0.974794 0.372414
22 0.473349 0.491667 0.945137 0.375287
62 0.483885 0.490805 0.964648 0.377011
4 0.482324 0.493103 0.961526 0.368966
49 0.479593 0.495977 0.95138 0.363218
49 0.231016 0.494253 0.455008 0.363218
60 0.476861 0.496264 0.945917 0.36954
67 0.494421 0.492816 0.981038 0.37069
4 0.231016 0.494253 0.455008 0.363218
72 0.485446 0.495115 0.96777 0.364943
41 0.482324 0.493103 0.961526 0.368966
66 0.473349 0.491667 0.945137 0.375287
44 0.485446 0.495115 0.96777 0.364943
70 0.485446 0.495115 0.96777 0.364943
10 0.485446 0.495115 0.96777 0.364943
0 0.476861 0.496264 0.945917 0.36954
46 0.473349 0.491667 0.945137 0.375287
20 0.473349 0.491667 0.945137 0.375287
22 0.192188 0.487644 0.375791 0.354598
35 0.485446 0.495115 0.96777 0.364943
69 0.494421 0.492816 0.981038 0.37069
52 0.491299 0.49023 0.974794 0.372414
32 0.494421 0.492816 0.981038 0.37069
7 0.471007 0.495402 0.93421 0.371264
57 0.202188 0.495402 0.399498 0.364368
37 0.231016 0.494253 0.455008 0.363218
5 0.473349 0.491667 0.945137 0.375287
36 0.485446 0.495115 0.96777 0.364943
10 0.231016 0.494253 0.455008 0.363218
23 0.483105 0.496552 0.963087 0.356322
41 0.231016 0.494253 0.455008 0.363218
65 0.476861 0.496264 0.945917 0.36954
1 0.479593 0.495977 0.95138 0.363218
2 0.346524 0.493966 0.687585 0.36954
29 0.49286 0.487069 0.96699 0.382184
37 0.471007 0.495402 0.93421 0.371264
70 0.231016 0.494253 0.455008 0.363218
40 0.482324 0.493103 0.961526 0.368966
39 0.502616 0.515805 0.961526 0.33046
72 0.231016 0.494253 0.455008 0.363218
4 0.621343 0.505747 0.739681 0.331035
71 0.49286 0.487069 0.96699 0.382184
17 0.476861 0.496264 0.945917 0.36954
49 0.621343 0.505747 0.739681 0.331035
50 0.542029 0.481034 0.89987 0.381609
26 0.483105 0.496552 0.963087 0.356322
14 0.476861 0.496264 0.945917 0.36954
33 0.494421 0.492816 0.981038 0.37069
64 0.483885 0.490805 0.964648 0.377011
60 0.192188 0.487644 0.375791 0.354598
62 0.346524 0.493966 0.687585 0.36954
22 0.621343 0.505747 0.739681 0.331035
31 0.491299 0.49023 0.974794 0.372414
58 0.479593 0.495977 0.95138 0.363218
3 0.471007 0.495402 0.93421 0.371264
15 0.478422 0.497701 0.947478 0.354023
68 0.346524 0.493966 0.687585 0.36954
57 0.30594 0.511494 0.604076 0.402299
3 0.192188 0.487644 0.375791 0.354598
5 0.192578 0.489942 0.376572 0.356897
45 0.57676 0.478161 0.828848 0.383908
44 0.618027 0.477012 0.744754 0.389655
57 0.618027 0.477012 0.744754 0.389655
70 0.447984 0.422342 0.88348 0.516236
68 0.231016 0.494253 0.455008 0.363218
70 0.621343 0.505747 0.739681 0.331035
35 0.618027 0.477012 0.744754 0.389655
58 0.192188 0.487644 0.375791 0.354598
21 0.574028 0.503736 0.834312 0.335057
59 0.479593 0.495977 0.95138 0.363218
34 0.502616 0.514368 0.958405 0.334483
72 0.618027 0.477012 0.744754 0.389655
71 0.202188 0.495402 0.399498 0.364368
8 0.574028 0.503736 0.834312 0.335057
67 0.621343 0.505747 0.739681 0.331035
26 0.639879 0.469253 0.701048 0.407471
52 0.346524 0.493966 0.687585 0.36954
7 0.231016 0.494253 0.455008 0.363218
11 0.473349 0.491667 0.945137 0.375287
10 0.639879 0.469253 0.701048 0.407471
57 0.592369 0.539224 0.794508 0.277874
28 0.502616 0.515805 0.961526 0.33046
10 0.332476 0.485345 0.654806 0.371839
2 0.501836 0.488506 0.978697 0.363218
4 0.501836 0.488506 0.978697 0.363218
3 0.470227 0.494253 0.926406 0.354023
57 0.501836 0.488506 0.978697 0.363218
58 0.472568 0.496839 0.93421 0.352299
10 0.489738 0.495115 0.971672 0.354598
67 0.501055 0.493678 0.983379 0.355172
52 0.498714 0.48477 0.961526 0.372989
60 0.49208 0.491954 0.973233 0.358621
7 0.490519 0.49454 0.960746 0.354598
20 0.489738 0.495115 0.971672 0.354598
44 0.501055 0.493678 0.983379 0.355172
69 0.501836 0.488506 0.978697 0.363218
22 0.49208 0.491954 0.973233 0.358621
34 0.470227 0.494253 0.926406 0.354023
8 0.501836 0.488506 0.978697 0.363218
6 0.501055 0.493678 0.983379 0.355172
62 0.501836 0.488506 0.978697 0.363218
36 0.501055 0.493678 0.983379 0.355172
41 0.501836 0.488506 0.978697 0.363218
59 0.499494 0.485345 0.964648 0.374138
66 0.497153 0.493103 0.966209 0.357471
35 0.501836 0.488506 0.978697 0.363218
68 0.489738 0.495115 0.971672 0.354598
5 0.490519 0.49454 0.960746 0.354598
72 0.501836 0.488506 0.978697 0.363218
31 0.501836 0.488506 0.978697 0.363218
23 0.472568 0.496839 0.93421 0.352299
45 0.497153 0.493103 0.966209 0.357471
0 0.49208 0.491954 0.973233 0.358621
30 0.501055 0.493678 0.983379 0.355172
32 0.501055 0.493678 0.983379 0.355172
37 0.501836 0.488506 0.978697 0.363218
50 0.538517 0.468391 0.914699 0.389655
49 0.472568 0.496839 0.93421 0.352299
58 0.880554 0.507471 0.22126 0.237931
56 0.497153 0.493103 0.966209 0.357471
39 0.497153 0.493103 0.966209 0.357471
58 0.544761 0.439943 0.903772 0.452299
65 0.501836 0.488506 0.978697 0.363218
29 0.472568 0.496839 0.93421 0.352299
1 0.499494 0.485345 0.964648 0.374138
4 0.880359 0.523276 0.224772 0.215517
4 0.134434 0.421552 0.268868 0.248851
18 0.489738 0.495115 0.971672 0.354598
52 0.49247 0.485632 0.963087 0.385057
4 0.49247 0.485632 0.963087 0.385057
3 0.499494 0.492241 0.980257 0.371839
58 0.499494 0.492241 0.980257 0.371839
2 0.49247 0.485632 0.963087 0.385057
34 0.499494 0.492241 0.980257 0.371839
68 0.497933 0.496264 0.983379 0.363793
59 0.497933 0.496264 0.983379 0.363793
69 0.501055 0.489942 0.975575 0.376437
22 0.49247 0.485632 0.963087 0.385057
57 0.49247 0.485632 0.963087 0.385057
10 0.495592 0.496839 0.978697 0.364942
67 0.497933 0.496264 0.983379 0.363793
23 0.495592 0.496839 0.978697 0.364942
5 0.500665 0.491092 0.970111 0.374138
6 0.497933 0.496264 0.983379 0.363793
7 0.501055 0.489942 0.975575 0.376437
1 0.495592 0.496839 0.978697 0.364942
60 0.500665 0.491092 0.970111 0.374138
28 0.499494 0.491954 0.977136 0.370115
31 0.497933 0.496264 0.983379 0.363793
39 0.500665 0.491092 0.970111 0.374138
49 0.499494 0.492241 0.980257 0.371839
8 0.500665 0.491092 0.970111 0.374138
56 0.500665 0.491092 0.970111 0.374138
20 0.497933 0.496264 0.983379 0.363793
32 0.500665 0.491092 0.970111 0.374138
45 0.498324 0.488793 0.954502 0.378736
44 0.500665 0.491092 0.970111 0.374138
66 0.500665 0.491092 0.970111 0.374138
36 0.497933 0.496264 0.983379 0.363793
58 0.550224 0.430388 0.888163 0.477155
29 0.49247 0.485632 0.963087 0.385057
58 0.882115 0.500862 0.22126 0.259195
21 0.497933 0.497126 0.961526 0.363218
58 0.264186 0.488793 0.520567 0.364943
50 0.545541 0.46408 0.897529 0.408621
65 0.49247 0.485632 0.963087 0.385057
62 0.49247 0.485632 0.963087 0.385057
68 0.550224 0.430388 0.888163 0.477155
0 0.501055 0.489942 0.975575 0.376437
37 0.501055 0.489942 0.975575 0.376437
2 0.829629 0.508046 0.326232 0.256322
41 0.49247 0.485632 0.963087 0.385057
4 0.506518 0.497414 0.972453 0.368391
52 0.506518 0.497414 0.972453 0.368391
58 0.503787 0.493966 0.96699 0.368391
3 0.498714 0.491954 0.966209 0.373563
23 0.506128 0.491379 0.935771 0.372414
34 0.498714 0.491954 0.966209 0.373563
68 0.49247 0.496552 0.972453 0.370115
57 0.506518 0.497414 0.972453 0.368391
69 0.506518 0.497414 0.972453 0.368391
59 0.494812 0.488506 0.964648 0.388506
2 0.506518 0.497414 0.972453 0.368391
67 0.494812 0.488506 0.964648 0.388506
22 0.496372 0.488506 0.955283 0.381609
60 0.506128 0.491379 0.935771 0.372414
31 0.506518 0.497414 0.972453 0.368391
7 0.496372 0.488506 0.955283 0.381609
10 0.49247 0.496552 0.972453 0.370115
32 0.506128 0.491379 0.935771 0.372414
6 0.494812 0.488506 0.964648 0.388506
29 0.496372 0.488506 0.955283 0.381609
5 0.506128 0.491379 0.935771 0.372414
28 0.506128 0.491379 0.935771 0.372414
1 0.485446 0.501149 0.96777 0.35977
56 0.504957 0.496552 0.966209 0.363218
44 0.506128 0.491379 0.935771 0.372414
20 0.494812 0.488506 0.964648 0.388506
8 0.506518 0.497414 0.972453 0.368391
0 0.498714 0.491954 0.966209 0.373563
62 0.496372 0.488506 0.955283 0.381609
36 0.494812 0.488506 0.964648 0.388506
30 0.494812 0.488506 0.964648 0.388506
66 0.504957 0.496552 0.966209 0.363218
35 0.506518 0.497414 0.972453 0.368391
45 0.504957 0.496552 0.966209 0.363218
21 0.504957 0.496552 0.966209 0.363218
49 0.506128 0.491379 0.935771 0.372414
65 0.496372 0.488506 0.955283 0.381609
39 0.506128 0.491379 0.935771 0.372414
61 0.503787 0.493966 0.96699 0.368391
58 0.497933 0.489943 0.974014 0.363793
52 0.497933 0.489943 0.974014 0.363793
23 0.497933 0.489943 0.974014 0.363793
59 0.506518 0.500862 0.961526 0.339655
4 0.497933 0.489943 0.974014 0.363793
3 0.497933 0.491092 0.961526 0.359195
68 0.497933 0.489943 0.974014 0.363793
57 0.497933 0.489943 0.974014 0.363793
32 0.497933 0.489943 0.974014 0.363793
34 0.495202 0.48908 0.960746 0.365517
10 0.497933 0.489943 0.974014 0.363793
69 0.500275 0.491954 0.974014 0.356322
22 0.497933 0.491092 0.961526 0.359195
2 0.497933 0.491092 0.961526 0.359195
60 0.497933 0.491092 0.961526 0.359195
28 0.497933 0.491092 0.961526 0.359195
67 0.497933 0.489943 0.974014 0.363793
6 0.497933 0.489943 0.974014 0.363793
1 0.497933 0.489943 0.974014 0.363793
56 0.500275 0.491954 0.974014 0.356322
5 0.494421 0.493678 0.968551 0.358621
0 0.507689 0.496552 0.963868 0.347126
8 0.497933 0.489943 0.974014 0.363793
36 0.497933 0.489943 0.974014 0.363793
7 0.500275 0.491954 0.974014 0.356322
29 0.495202 0.48908 0.960746 0.365517
31 0.497933 0.489943 0.974014 0.363793
49 0.495202 0.48908 0.960746 0.365517
44 0.497933 0.491092 0.961526 0.359195
66 0.500275 0.491954 0.974014 0.356322
58 0.506518 0.497414 0.972453 0.359195
59 0.506518 0.497414 0.972453 0.359195
23 0.501055 0.49023 0.98494 0.372414
52 0.501055 0.49023 0.98494 0.372414
68 0.506518 0.497414 0.972453 0.359195
3 0.488568 0.491667 0.972453 0.368391
4 0.506518 0.497414 0.972453 0.359195
32 0.506518 0.497414 0.972453 0.359195
10 0.506518 0.497414 0.972453 0.359195
67 0.506518 0.497414 0.972453 0.359195
69 0.506518 0.497414 0.972453 0.359195
1 0.490909 0.499138 0.981818 0.356897
34 0.488568 0.491667 0.972453 0.368391
6 0.506518 0.497414 0.972453 0.359195
57 0.506518 0.497414 0.972453 0.359195
36 0.503397 0.505172 0.981818 0.345977
31 0.506518 0.497414 0.972453 0.359195
28 0.501445 0.493103 0.982599 0.364368
22 0.505738 0.49454 0.972453 0.360345
8 0.506518 0.497414 0.972453 0.359195
56 0.506518 0.497414 0.972453 0.359195
60 0.505738 0.49454 0.972453 0.360345
2 0.488568 0.491667 0.972453 0.368391
5 0.501445 0.493103 0.982599 0.364368
29 0.487397 0.492816 0.970111 0.36954
0 0.488568 0.491667 0.972453 0.368391
7 0.501055 0.49023 0.98494 0.372414
30 0.487397 0.492816 0.970111 0.36954
52 0.504567 0.489942 0.970111 0.382184
58 0.50886 0.496552 0.964648 0.373563
23 0.504567 0.489942 0.970111 0.382184
68 0.504567 0.489942 0.970111 0.382184
59 0.50886 0.496552 0.964648 0.373563
10 0.504567 0.489942 0.970111 0.382184
69 0.50886 0.496552 0.964648 0.373563
3 0.504177 0.491092 0.96777 0.379885
22 0.504177 0.491092 0.96777 0.379885
32 0.50886 0.493391 0.963087 0.377586
67 0.50886 0.496552 0.964648 0.373563
4 0.50886 0.496552 0.964648 0.373563
28 0.504177 0.491092 0.96777 0.379885
31 0.50886 0.496552 0.964648 0.373563
57 0.504567 0.489942 0.970111 0.382184
34 0.494031 0.491667 0.959966 0.375287
60 0.50886 0.496552 0.964648 0.373563
6 0.50886 0.496552 0.964648 0.373563
36 0.50886 0.496552 0.964648 0.373563
2 0.494031 0.491667 0.959966 0.375287
0 0.494031 0.491667 0.959966 0.375287
1 0.504567 0.489942 0.970111 0.382184
5 0.504177 0.491092 0.96777 0.379885
56 0.504567 0.489942 0.970111 0.382184
8 0.50886 0.496552 0.964648 0.373563
61 0.504177 0.491092 0.96777 0.379885
20 0.50886 0.496552 0.964648 0.373563
65 0.504567 0.489942 0.970111 0.382184
44 0.50886 0.493391 0.963087 0.377586
29 0.504567 0.489942 0.970111 0.382184
7 0.504567 0.489942 0.970111 0.382184
58 0.504177 0.496839 0.974014 0.353448
23 0.507299 0.488793 0.975575 0.36954
59 0.504177 0.496839 0.974014 0.353448
68 0.507299 0.488793 0.975575 0.36954
52 0.507299 0.488793 0.975575 0.36954
32 0.506909 0.475862 0.965429 0.397701
3 0.507299 0.488793 0.975575 0.36954
67 0.504177 0.496839 0.974014 0.353448
69 0.504177 0.496839 0.974014 0.353448
10 0.506518 0.48477 0.972453 0.379885
22 0.506518 0.48477 0.972453 0.379885
60 0.50886 0.487356 0.947478 0.373563
31 0.504177 0.496839 0.974014 0.353448
4 0.504177 0.496839 0.974014 0.353448
57 0.506518 0.48477 0.972453 0.379885
28 0.50886 0.487356 0.947478 0.373563
6 0.504177 0.496839 0.974014 0.353448
8 0.504177 0.496839 0.974014 0.353448
2 0.510421 0.489655 0.955283 0.367816
34 0.510421 0.489655 0.955283 0.367816
36 0.502616 0.506896 0.98494 0.333333
56 0.510421 0.489655 0.955283 0.367816
1 0.504177 0.494253 0.961526 0.35977
0 0.510421 0.489655 0.955283 0.367816
5 0.506518 0.48477 0.972453 0.379885
44 0.506909 0.475862 0.965429 0.397701
20 0.504177 0.496839 0.974014 0.353448
7 0.507299 0.488793 0.975575 0.36954
39 0.50886 0.487356 0.947478 0.373563
23 0.504177 0.485345 0.961526 0.378736
58 0.504177 0.483621 0.961526 0.383333
59 0.504177 0.483621 0.961526 0.383333
32 0.503006 0.479885 0.959185 0.394253
68 0.504567 0.482184 0.963868 0.394253
22 0.503006 0.479885 0.959185 0.394253
52 0.504177 0.485345 0.961526 0.378736
10 0.504177 0.485345 0.961526 0.378736
57 0.501836 0.488506 0.961526 0.378161
69 0.504177 0.483621 0.961526 0.383333
67 0.504177 0.483621 0.961526 0.383333
3 0.501836 0.488506 0.961526 0.378161
60 0.501836 0.488506 0.961526 0.378161
28 0.504177 0.485345 0.961526 0.378736
4 0.504177 0.485345 0.961526 0.378736
44 0.503006 0.479885 0.959185 0.394253
34 0.504177 0.485345 0.961526 0.378736
31 0.504567 0.482184 0.963868 0.394253
39 0.503006 0.479885 0.959185 0.394253
56 0.501836 0.488506 0.961526 0.378161
8 0.499884 0.493678 0.956063 0.373563
6 0.504177 0.485345 0.961526 0.378736
36 0.503006 0.479885 0.959185 0.394253
2 0.501836 0.488506 0.961526 0.378161
0 0.498714 0.49023 0.959966 0.368966
1 0.504177 0.485345 0.961526 0.378736
5 0.504177 0.485345 0.961526 0.378736
20 0.504177 0.485345 0.961526 0.378736
29 0.499884 0.493678 0.956063 0.373563
23 0.503397 0.487931 0.956844 0.375862
52 0.503397 0.487931 0.956844 0.375862
58 0.497543 0.493391 0.94982 0.364943
67 0.497543 0.493391 0.94982 0.364943
10 0.503397 0.487931 0.956844 0.375862
69 0.503397 0.487931 0.956844 0.375862
68 0.503397 0.487931 0.956844 0.375862
59 0.497933 0.503448 0.983379 0.354023
32 0.501836 0.488218 0.958405 0.377586
22 0.501836 0.488218 0.958405 0.377586
31 0.495592 0.5 0.953722 0.364368
44 0.503397 0.487931 0.956844 0.375862
28 0.501836 0.488218 0.958405 0.377586
57 0.499104 0.491092 0.94982 0.36954
60 0.497543 0.493391 0.94982 0.364943
61 0.501836 0.488218 0.958405 0.377586
56 0.503397 0.487931 0.956844 0.375862
34 0.503397 0.487931 0.956844 0.375862
3 0.497543 0.493391 0.94982 0.364943
4 0.502616 0.493678 0.956844 0.377012
2 0.497543 0.493391 0.94982 0.364943
20 0.503397 0.487931 0.956844 0.375862
8 0.495592 0.5 0.953722 0.364368
36 0.501836 0.488218 0.958405 0.377586
52 0.504177 0.487356 0.977136 0.372414
23 0.498324 0.498851 0.985721 0.351724
10 0.504177 0.487356 0.977136 0.372414
22 0.501836 0.487644 0.977136 0.376437
69 0.504177 0.487356 0.977136 0.372414
58 0.493641 0.491954 0.960746 0.366667
67 0.494812 0.491954 0.964648 0.364368
59 0.493641 0.491954 0.960746 0.366667
68 0.505738 0.483046 0.974014 0.384483
60 0.504177 0.487356 0.977136 0.372414
31 0.493641 0.491954 0.960746 0.366667
57 0.498324 0.498851 0.985721 0.351724
32 0.498324 0.498851 0.985721 0.351724
28 0.501836 0.487644 0.977136 0.376437
3 0.501836 0.487644 0.977136 0.376437
2 0.498324 0.498851 0.985721 0.351724
44 0.495592 0.492529 0.966209 0.364368
56 0.494812 0.491954 0.964648 0.364368
4 0.504177 0.487356 0.977136 0.372414
34 0.498324 0.498851 0.985721 0.351724
39 0.501836 0.487644 0.977136 0.376437
62 0.495592 0.492529 0.966209 0.364368
8 0.493641 0.491954 0.960746 0.366667
5 0.504177 0.487356 0.977136 0.372414
20 0.504177 0.487356 0.977136 0.372414
61 0.494812 0.491954 0.964648 0.364368
65 0.499494 0.499425 0.983379 0.348276
21 0.504177 0.487356 0.977136 0.372414
45 0.495592 0.492529 0.966209 0.364368
35 0.495592 0.492529 0.966209 0.364368
66 0.507299 0.477012 0.96777 0.395402
0 0.488178 0.498851 0.971672 0.349425
30 0.506518 0.478736 0.970892 0.388506
1 0.493641 0.491954 0.960746 0.366667
36 0.496763 0.499425 0.985721 0.351724
23 0.496763 0.494253 0.976355 0.36092
52 0.506128 0.487356 0.973233 0.374713
10 0.506128 0.487356 0.973233 0.374713
58 0.496763 0.494253 0.976355 0.36092
22 0.50964 0.482184 0.966209 0.389655
67 0.497153 0.491379 0.956844 0.365517
59 0.497933 0.497126 0.980257 0.357471
69 0.50964 0.482471 0.966209 0.385632
68 0.504957 0.488506 0.970892 0.377011
57 0.498324 0.49023 0.952941 0.370115
32 0.496763 0.494253 0.976355 0.36092
31 0.506128 0.487356 0.973233 0.374713
60 0.506128 0.487356 0.973233 0.374713
28 0.506128 0.487356 0.973233 0.374713
44 0.506128 0.487356 0.973233 0.374713
3 0.505738 0.48908 0.970892 0.375862
20 0.506128 0.487356 0.973233 0.374713
39 0.50964 0.482184 0.966209 0.389655
56 0.506128 0.487356 0.973233 0.374713
2 0.496763 0.494253 0.976355 0.36092
4 0.506128 0.487356 0.973233 0.374713
34 0.506128 0.487356 0.973233 0.374713
5 0.506128 0.487356 0.973233 0.374713
21 0.498324 0.49023 0.952941 0.370115
65 0.498324 0.49023 0.952941 0.370115
45 0.497153 0.491379 0.956844 0.365517
8 0.50964 0.482471 0.966209 0.385632
62 0.50964 0.482184 0.966209 0.389655
66 0.50964 0.482184 0.966209 0.389655
23 0.494031 0.492529 0.974014 0.367816
58 0.494031 0.492529 0.974014 0.367816
22 0.498714 0.493391 0.972453 0.37069
59 0.493251 0.495977 0.969331 0.364368
32 0.504957 0.48908 0.961526 0.37931
52 0.500665 0.488506 0.973233 0.378161
57 0.498714 0.493391 0.972453 0.37069
10 0.502616 0.486207 0.964648 0.383908
68 0.501055 0.492816 0.970892 0.37069
67 0.494031 0.492529 0.974014 0.367816
69 0.500665 0.488506 0.973233 0.378161
60 0.498714 0.493391 0.972453 0.37069
28 0.498714 0.493391 0.972453 0.37069
3 0.498714 0.493391 0.972453 0.37069
31 0.493251 0.495977 0.969331 0.364368
44 0.504957 0.48908 0.961526 0.37931
39 0.498714 0.493391 0.972453 0.37069
2 0.494421 0.494253 0.96699 0.365517
20 0.500665 0.488506 0.973233 0.378161
56 0.500665 0.488506 0.973233 0.378161
4 0.498714 0.493391 0.972453 0.37069
5 0.498714 0.493391 0.972453 0.37069
34 0.498714 0.493391 0.972453 0.37069
6 0.498324 0.498851 0.991964 0.358621
8 0.493251 0.495977 0.969331 0.364368
65 0.498714 0.493391 0.972453 0.37069
36 0.494421 0.494253 0.96699 0.365517
29 0.493251 0.495977 0.969331 0.364368
7 0.501055 0.492816 0.970892 0.37069
21 0.494031 0.492529 0.974014 0.367816
23 0.507024 0.498276 0.985952 0.354023
58 0.500275 0.495402 0.966209 0.35977
59 0.500275 0.495402 0.966209 0.35977
22 0.504177 0.493103 0.96777 0.366667
52 0.506128 0.49023 0.965429 0.373563
10 0.505738 0.491092 0.964648 0.368391
32 0.506128 0.49023 0.965429 0.373563
69 0.506128 0.49023 0.965429 0.373563
67 0.506128 0.49023 0.965429 0.373563
57 0.501055 0.495402 0.964648 0.35977
3 0.500275 0.495402 0.966209 0.35977
60 0.504177 0.493103 0.96777 0.366667
28 0.505738 0.491092 0.964648 0.368391
68 0.505738 0.491092 0.964648 0.368391
39 0.504177 0.493103 0.96777 0.366667
56 0.506128 0.49023 0.965429 0.373563
44 0.506128 0.49023 0.965429 0.373563
8 0.500275 0.495402 0.966209 0.35977
2 0.500275 0.495402 0.966209 0.35977
31 0.500275 0.495402 0.966209 0.35977
5 0.506128 0.499425 0.987282 0.350575
21 0.506128 0.49023 0.965429 0.373563
34 0.506128 0.49023 0.965429 0.373563
36 0.501055 0.495402 0.964648 0.35977
4 0.507805 0.498276 0.984391 0.351724
20 0.501055 0.495402 0.964648 0.35977
23 0.494421 0.497414 0.98416 0.356897
52 0.497153 0.490805 0.978697 0.372414
59 0.494421 0.497414 0.98416 0.356897
58 0.494421 0.497414 0.98416 0.356897
10 0.497153 0.490805 0.978697 0.372414
69 0.497153 0.490805 0.978697 0.372414
22 0.497153 0.490805 0.978697 0.372414
67 0.490519 0.496264 0.973233 0.359195
32 0.494421 0.497414 0.98416 0.356897
57 0.494421 0.497414 0.98416 0.356897
28 0.497153 0.490805 0.978697 0.372414
44 0.490129 0.494253 0.974014 0.363218
68 0.497153 0.490805 0.978697 0.372414
21 0.497153 0.490805 0.978697 0.372414
60 0.497153 0.490805 0.978697 0.372414
4 0.496372 0.498851 0.983379 0.351724
34 0.497153 0.490805 0.978697 0.372414
3 0.49208 0.500287 0.982599 0.351149
56 0.497153 0.490805 0.978697 0.372414
39 0.496372 0.493678 0.977136 0.368966
61 0.507299 0.487356 0.959966 0.381609
5 0.497153 0.490805 0.978697 0.372414
31 0.480763 0.496552 0.961526 0.356322
36 0.49208 0.500287 0.982599 0.351149
2 0.487787 0.497988 0.972453 0.359195
8 0.487787 0.497988 0.972453 0.359195
23 0.496372 0.496264 0.983379 0.364942
22 0.497543 0.491954 0.963868 0.375862
58 0.493641 0.493103 0.960746 0.372414
59 0.49169 0.497414 0.961526 0.366092
10 0.501445 0.489655 0.959185 0.38046
69 0.497543 0.491954 0.963868 0.375862
32 0.496372 0.496264 0.983379 0.364942
52 0.497543 0.491954 0.963868 0.375862
57 0.494031 0.493103 0.961526 0.370115
67 0.494031 0.493103 0.961526 0.370115
2 0.497543 0.495402 0.979477 0.363218
28 0.496372 0.496264 0.983379 0.364942
60 0.497543 0.491954 0.963868 0.375862
39 0.496763 0.493966 0.962307 0.372988
3 0.49169 0.497414 0.961526 0.366092
44 0.497543 0.491954 0.963868 0.375862
68 0.484665 0.496264 0.966209 0.364942
36 0.496372 0.499425 0.986501 0.36092
45 0.494031 0.493103 0.961526 0.370115
34 0.497543 0.491954 0.963868 0.375862
4 0.497543 0.495402 0.979477 0.363218
56 0.496763 0.493966 0.962307 0.372988
20 0.494031 0.493103 0.961526 0.370115
62 0.501445 0.489655 0.959185 0.38046
65 0.494031 0.493103 0.961526 0.370115
31 0.494031 0.493103 0.961526 0.370115
21 0.49169 0.497414 0.961526 0.366092
29 0.49169 0.497414 0.961526 0.366092
8 0.49169 0.497414 0.961526 0.366092
23 0.487787 0.494828 0.969331 0.368966
58 0.487787 0.494828 0.969331 0.368966
22 0.497933 0.492529 0.980257 0.374713
59 0.487787 0.494828 0.969331 0.368966
10 0.497933 0.492529 0.980257 0.374713
32 0.497933 0.492529 0.980257 0.374713
60 0.497933 0.492529 0.980257 0.374713
69 0.497933 0.492529 0.980257 0.374713
44 0.497933 0.492529 0.980257 0.374713
67 0.497933 0.492529 0.980257 0.374713
57 0.487787 0.494828 0.969331 0.368966
39 0.495982 0.494253 0.982599 0.365517
28 0.497153 0.492529 0.98494 0.370115
52 0.495592 0.497126 0.986501 0.35977
3 0.487787 0.494828 0.969331 0.368966
34 0.497153 0.492529 0.98494 0.370115
36 0.487787 0.494828 0.969331 0.368966
61 0.488178 0.495402 0.968551 0.364368
62 0.504957 0.490517 0.972453 0.374138
2 0.495592 0.497126 0.986501 0.35977
8 0.487787 0.494828 0.969331 0.368966
21 0.487787 0.494828 0.969331 0.368966
7 0.497933 0.492529 0.980257 0.374713
29 0.496372 0.497701 0.991184 0.36092
56 0.487787 0.494828 0.969331 0.368966
68 0.497933 0.492529 0.980257 0.374713
23 0.490129 0.496552 0.980257 0.363218
22 0.497153 0.491954 0.991184 0.373563
58 0.485836 0.496552 0.971672 0.368966
59 0.490129 0.496552 0.980257 0.363218
69 0.497153 0.491954 0.991184 0.373563
10 0.497153 0.491954 0.991184 0.373563
32 0.485836 0.496552 0.971672 0.368966
57 0.485836 0.496552 0.971672 0.368966
52 0.490129 0.496552 0.980257 0.363218
44 0.497153 0.491954 0.991184 0.373563
3 0.490519 0.498851 0.981038 0.364368
4 0.487397 0.496839 0.974794 0.367241
39 0.487787 0.494253 0.975575 0.363218
28 0.497153 0.491954 0.991184 0.373563
36 0.490129 0.496552 0.980257 0.363218
67 0.487787 0.494253 0.975575 0.363218
34 0.497153 0.491954 0.991184 0.373563
56 0.490129 0.496552 0.980257 0.363218
62 0.503397 0.484195 0.981818 0.387931
8 0.485836 0.496552 0.971672 0.368966
68 0.487787 0.494253 0.975575 0.363218
2 0.496372 0.487644 0.989623 0.385632
20 0.488568 0.494828 0.977136 0.35977
60 0.496372 0.487644 0.989623 0.385632
5 0.490519 0.498851 0.981038 0.364368
29 0.485836 0.496552 0.971672 0.368966
21 0.486617 0.49569 0.973233 0.366092
31 0.485836 0.496552 0.971672 0.368966
65 0.487787 0.494253 0.975575 0.363218
45 0.488568 0.494828 0.977136 0.35977
23 0.49286 0.499138 0.982599 0.356897
22 0.495592 0.496264 0.966209 0.359195
58 0.49247 0.497126 0.966209 0.36092
59 0.49286 0.499138 0.982599 0.356897
69 0.500665 0.493966 0.977916 0.367241
10 0.500665 0.493966 0.977916 0.367241
52 0.493641 0.497126 0.979477 0.356322
32 0.49286 0.499138 0.982599 0.356897
39 0.499494 0.49454 0.977136 0.364943
57 0.495592 0.496264 0.966209 0.359195
67 0.495592 0.496264 0.966209 0.359195
34 0.500665 0.493966 0.977916 0.367241
28 0.499494 0.49454 0.977136 0.364943
3 0.49247 0.497126 0.966209 0.36092
60 0.495592 0.496264 0.966209 0.359195
4 0.493641 0.497126 0.979477 0.356322
44 0.493641 0.497126 0.979477 0.356322
36 0.49286 0.499138 0.982599 0.356897
68 0.482324 0.497414 0.958405 0.359195
5 0.49286 0.499138 0.982599 0.356897
2 0.484665 0.496264 0.958405 0.358046
62 0.500665 0.493966 0.977916 0.367241
56 0.493641 0.497126 0.979477 0.356322
31 0.49247 0.497126 0.966209 0.36092
20 0.493641 0.497126 0.979477 0.356322
21 0.493641 0.497126 0.979477 0.356322
8 0.49247 0.497126 0.966209 0.36092
29 0.49247 0.497126 0.966209 0.36092
45 0.493641 0.497126 0.979477 0.356322
23 0.490909 0.498276 0.981818 0.356322
22 0.498714 0.493103 0.98494 0.377012
58 0.489738 0.498276 0.971672 0.364368
59 0.49208 0.500862 0.98416 0.355747
69 0.498324 0.491954 0.987282 0.367816
32 0.489738 0.498276 0.971672 0.364368
10 0.498714 0.493103 0.98494 0.377012
44 0.505738 0.48592 0.974014 0.379885
52 0.489738 0.498276 0.971672 0.364368
57 0.489738 0.498276 0.971672 0.364368
36 0.49208 0.500862 0.98416 0.355747
39 0.489738 0.498276 0.971672 0.364368
67 0.49169 0.49454 0.972453 0.362644
3 0.489738 0.498276 0.971672 0.364368
60 0.498714 0.493103 0.98494 0.377012
2 0.491299 0.495402 0.981038 0.35977
8 0.489738 0.498276 0.971672 0.364368
28 0.489738 0.498276 0.971672 0.364368
4 0.490909 0.498276 0.981818 0.356322
62 0.505738 0.48592 0.974014 0.379885
31 0.489738 0.498276 0.971672 0.364368
34 0.489738 0.498276 0.971672 0.364368
56 0.498324 0.491954 0.987282 0.367816
20 0.491299 0.495402 0.981038 0.35977
29 0.484665 0.499425 0.96777 0.36092
45 0.491299 0.495402 0.981038 0.35977
68 0.497543 0.491379 0.985721 0.368966
21 0.491299 0.495402 0.981038 0.35977
5 0.49208 0.500862 0.98416 0.355747
23 0.496763 0.496264 0.981038 0.355747
22 0.499494 0.491379 0.977136 0.371264
58 0.501445 0.489368 0.973233 0.368391
59 0.493251 0.494253 0.958405 0.358621
32 0.501445 0.489368 0.973233 0.368391
10 0.501445 0.489368 0.973233 0.368391
39 0.499494 0.491379 0.977136 0.371264
69 0.501445 0.489368 0.973233 0.368391
44 0.504957 0.482759 0.96777 0.381609
36 0.496763 0.496264 0.981038 0.355747
57 0.493251 0.494253 0.958405 0.358621
28 0.499494 0.491379 0.977136 0.371264
3 0.493251 0.494253 0.958405 0.358621
60 0.501445 0.489368 0.973233 0.368391
62 0.499494 0.491379 0.977136 0.371264
67 0.501445 0.489368 0.973233 0.368391
5 0.501445 0.489942 0.976355 0.367241
4 0.494812 0.494253 0.964648 0.364368
20 0.494812 0.494253 0.964648 0.364368
2 0.494812 0.494253 0.964648 0.364368
68 0.499494 0.491379 0.977136 0.371264
34 0.493251 0.494253 0.958405 0.358621
56 0.499494 0.491379 0.977136 0.371264
52 0.501445 0.489368 0.973233 0.368391
8 0.493251 0.494253 0.958405 0.358621
29 0.499104 0.495977 0.982599 0.352874
7 0.504957 0.481034 0.966209 0.386207
23 0.49169 0.497701 0.983379 0.36092
22 0.49247 0.497988 0.969331 0.362644
58 0.49247 0.497988 0.969331 0.362644
59 0.49247 0.497988 0.969331 0.362644
39 0.493641 0.496552 0.973233 0.364368
57 0.49247 0.497988 0.969331 0.362644
32 0.49247 0.497988 0.969331 0.362644
36 0.49286 0.499425 0.985721 0.35977
69 0.49247 0.497988 0.969331 0.362644
10 0.499494 0.491667 0.981818 0.374138
2 0.49247 0.497988 0.969331 0.362644
34 0.49286 0.499425 0.985721 0.35977
28 0.49247 0.495977 0.972453 0.364368
3 0.49247 0.497988 0.969331 0.362644
44 0.499494 0.491667 0.981818 0.374138
52 0.49247 0.497988 0.969331 0.362644
20 0.494031 0.497701 0.981818 0.362069
60 0.493641 0.496552 0.973233 0.364368
4 0.494031 0.497701 0.981818 0.362069
8 0.49247 0.497988 0.969331 0.362644
21 0.49247 0.497988 0.969331 0.362644
45 0.494031 0.497701 0.981818 0.362069
29 0.49286 0.499425 0.985721 0.35977
31 0.49247 0.497988 0.969331 0.362644
67 0.493641 0.496552 0.973233 0.364368
5 0.49286 0.499425 0.985721 0.35977
56 0.49247 0.497988 0.969331 0.362644
68 0.49169 0.497701 0.983379 0.36092
62 0.493641 0.496552 0.973233 0.364368
23 0.494812 0.495402 0.972453 0.367816
22 0.498324 0.495402 0.981038 0.368966
58 0.500665 0.497701 0.977916 0.363218
59 0.495592 0.494828 0.975575 0.365517
39 0.498324 0.495402 0.981038 0.368966
36 0.494421 0.498851 0.968551 0.35977
69 0.504567 0.489368 0.973233 0.377586
32 0.506518 0.490517 0.966209 0.376437
2 0.495592 0.494828 0.975575 0.365517
28 0.498324 0.495402 0.981038 0.368966
34 0.494421 0.498851 0.968551 0.35977
10 0.504567 0.489368 0.973233 0.377586
44 0.504567 0.489368 0.973233 0.377586
57 0.494421 0.498851 0.968551 0.35977
62 0.506518 0.490517 0.966209 0.376437
5 0.494421 0.498851 0.968551 0.35977
3 0.498324 0.495402 0.981038 0.368966
4 0.498324 0.495402 0.981038 0.368966
20 0.495592 0.494828 0.975575 0.365517
45 0.495592 0.494828 0.975575 0.365517
60 0.506518 0.490517 0.966209 0.376437
21 0.495592 0.494828 0.975575 0.365517
68 0.498324 0.495402 0.981038 0.368966
29 0.494421 0.498851 0.968551 0.35977
67 0.498324 0.495402 0.981038 0.368966
52 0.500665 0.497701 0.977916 0.363218
56 0.498324 0.495402 0.981038 0.368966
23 0.49208 0.5 0.982599 0.351724
22 0.497153 0.5 0.988062 0.349425
58 0.490129 0.499138 0.974014 0.353448
59 0.49247 0.499138 0.981818 0.351149
10 0.497153 0.5 0.988062 0.349425
39 0.497153 0.5 0.988062 0.349425
32 0.497153 0.5 0.988062 0.349425
36 0.490129 0.499138 0.974014 0.353448
28 0.497153 0.5 0.988062 0.349425
69 0.490129 0.499138 0.974014 0.353448
62 0.497153 0.5 0.988062 0.349425
44 0.497543 0.500287 0.988843 0.353448
2 0.49247 0.499138 0.981818 0.351149
20 0.49247 0.499138 0.981818 0.351149
57 0.497153 0.5 0.988062 0.349425
60 0.497153 0.5 0.988062 0.349425
67 0.497153 0.5 0.988062 0.349425
4 0.49247 0.499138 0.981818 0.351149
45 0.49247 0.499138 0.981818 0.351149
5 0.49169 0.499425 0.981818 0.354023
3 0.49169 0.499425 0.981818 0.354023
34 0.490129 0.499138 0.974014 0.353448
8 0.490129 0.499138 0.974014 0.353448
52 0.49247 0.499138 0.981818 0.351149
68 0.497153 0.5 0.988062 0.349425
23 0.499494 0.495977 0.983379 0.366667
22 0.501836 0.494253 0.98494 0.368966
58 0.497933 0.494828 0.981818 0.363218
59 0.497933 0.494828 0.981818 0.363218
36 0.498324 0.498276 0.988843 0.36092
39 0.499884 0.495115 0.988843 0.362644
69 0.498714 0.5 0.978697 0.356322
32 0.498714 0.5 0.978697 0.356322
57 0.498714 0.5 0.978697 0.356322
2 0.499884 0.495115 0.988843 0.362644
28 0.501445 0.494828 0.985721 0.364368
20 0.499884 0.495115 0.988843 0.362644
45 0.497933 0.494828 0.981818 0.363218
34 0.498714 0.5 0.978697 0.356322
5 0.497933 0.500575 0.986501 0.357471
44 0.501836 0.494253 0.98494 0.368966
67 0.497933 0.494828 0.981818 0.363218
8 0.498714 0.5 0.978697 0.356322
29 0.497933 0.500575 0.986501 0.357471
3 0.498714 0.5 0.978697 0.356322
10 0.501445 0.494828 0.985721 0.364368
68 0.501445 0.494828 0.985721 0.364368
4 0.499884 0.495115 0.988843 0.362644
52 0.498714 0.5 0.978697 0.356322
21 0.499884 0.495115 0.988843 0.362644
62 0.503397 0.498851 0.981818 0.36092
23 0.497543 0.498276 0.990403 0.354023
59 0.497543 0.498276 0.990403 0.354023
58 0.494031 0.495977 0.978697 0.358621
22 0.494811 0.499713 0.977136 0.352299
32 0.494811 0.499713 0.977136 0.352299
39 0.497933 0.495977 0.989623 0.358621
28 0.497933 0.495977 0.989623 0.358621
57 0.494811 0.499713 0.977136 0.352299
29 0.498714 0.501724 0.991184 0.352874
5 0.498714 0.494828 0.989623 0.362069
36 0.489348 0.496552 0.974014 0.357471
10 0.498714 0.494828 0.989623 0.362069
21 0.498324 0.496839 0.991964 0.356897
45 0.498324 0.496839 0.991964 0.356897
34 0.498714 0.501724 0.991184 0.352874
3 0.498714 0.501724 0.991184 0.352874
8 0.494811 0.499713 0.977136 0.352299
69 0.494811 0.499713 0.977136 0.352299
44 0.498714 0.494828 0.989623 0.362069
2 0.498324 0.496839 0.991964 0.356897
4 0.498324 0.496839 0.991964 0.356897
20 0.498324 0.496839 0.991964 0.356897
67 0.494031 0.495977 0.978697 0.358621
23 0.490909 0.494253 0.96777 0.365517
22 0.498714 0.497701 0.980257 0.358621
58 0.501055 0.497701 0.977136 0.356322
59 0.493251 0.494828 0.970892 0.362069
39 0.498714 0.497701 0.980257 0.358621
36 0.493251 0.497126 0.969331 0.357471
28 0.498714 0.497701 0.980257 0.358621
32 0.498714 0.497701 0.980257 0.358621
2 0.495202 0.495977 0.987282 0.362069
10 0.498714 0.497701 0.980257 0.358621
44 0.505738 0.494253 0.972453 0.365517
69 0.501055 0.497701 0.977136 0.356322
34 0.493251 0.497126 0.969331 0.357471
57 0.498714 0.497701 0.980257 0.358621
45 0.493251 0.494828 0.970892 0.362069
67 0.498714 0.497701 0.980257 0.358621
5 0.500275 0.49569 0.980257 0.362644
20 0.493251 0.494828 0.970892 0.362069
3 0.498714 0.497701 0.980257 0.358621
62 0.498714 0.497701 0.980257 0.358621
60 0.498714 0.497701 0.980257 0.358621
68 0.498714 0.497701 0.980257 0.358621
4 0.498714 0.497701 0.980257 0.358621
23 0.49169 0.499425 0.983379 0.351724
59 0.490909 0.496264 0.978697 0.354598
22 0.491299 0.5 0.979477 0.356322
58 0.49169 0.499425 0.983379 0.351724
36 0.49169 0.502299 0.983379 0.356322
34 0.491299 0.5 0.979477 0.356322
39 0.493251 0.497988 0.986501 0.352299
32 0.49169 0.499425 0.983379 0.351724
23 0.350817 0.497414 0.680561 0.366092
57 0.491299 0.5 0.979477 0.356322
28 0.49169 0.499425 0.983379 0.351724
45 0.493251 0.497988 0.986501 0.352299
5 0.49169 0.499425 0.983379 0.351724
20 0.493251 0.497988 0.986501 0.352299
2 0.49169 0.499425 0.983379 0.351724
44 0.502616 0.493103 0.96777 0.366667
8 0.491299 0.5 0.979477 0.356322
21 0.493251 0.497988 0.986501 0.352299
23 0.490129 0.497126 0.980257 0.356322
22 0.495982 0.494828 0.982599 0.364368
59 0.488958 0.498276 0.973233 0.356322
58 0.488958 0.498276 0.973233 0.356322
39 0.494812 0.496552 0.980258 0.35977
2 0.49169 0.496839 0.981818 0.355747
57 0.488958 0.498276 0.973233 0.356322
5 0.495982 0.494828 0.982599 0.364368
20 0.489348 0.49569 0.975575 0.358046
69 0.495982 0.494828 0.982599 0.364368
36 0.490519 0.5 0.979477 0.351724
28 0.488568 0.494828 0.974014 0.362069
3 0.490519 0.5 0.979477 0.351724
45 0.49169 0.496839 0.981818 0.355747
23 0.34028 0.497126 0.669635 0.357471
34 0.488958 0.498276 0.973233 0.356322
32 0.488958 0.498276 0.973233 0.356322
21 0.49169 0.496839 0.981818 0.355747
8 0.488958 0.498276 0.973233 0.356322
4 0.495982 0.494828 0.982599 0.364368
62 0.494812 0.496552 0.980258 0.35977
52 0.489348 0.49569 0.975575 0.358046
31 0.488958 0.498276 0.973233 0.356322
44 0.495982 0.494828 0.982599 0.364368
60 0.494812 0.496552 0.980258 0.35977
10 0.494812 0.496552 0.980258 0.35977
56 0.494812 0.496552 0.980258 0.35977
68 0.494812 0.496552 0.980258 0.35977
65 0.494812 0.496552 0.980258 0.35977
67 0.489348 0.49569 0.975575 0.358046
23 0.493251 0.489368 0.972453 0.375287
22 0.493251 0.493966 0.974014 0.364943
59 0.49247 0.491954 0.972453 0.366667
58 0.493251 0.493966 0.974014 0.364943
20 0.49247 0.491954 0.972453 0.366667
36 0.493251 0.493966 0.974014 0.364943
5 0.498324 0.497701 0.987282 0.356322
34 0.493251 0.493966 0.974014 0.364943
57 0.493251 0.493966 0.974014 0.364943
39 0.498714 0.494253 0.988062 0.36092
45 0.49247 0.491954 0.972453 0.366667
28 0.499884 0.493391 0.982599 0.37069
4 0.493251 0.493966 0.974014 0.364943
8 0.493251 0.493966 0.974014 0.364943
69 0.493251 0.493966 0.974014 0.364943
2 0.49247 0.491954 0.972453 0.366667
44 0.493251 0.493966 0.974014 0.364943
21 0.49247 0.491954 0.972453 0.366667
68 0.493251 0.489368 0.972453 0.375287
23 0.490129 0.490805 0.96777 0.365517
59 0.49169 0.489942 0.96777 0.366092
22 0.493251 0.493678 0.972453 0.36092
58 0.49169 0.489942 0.96777 0.366092
36 0.493251 0.493678 0.972453 0.36092
20 0.495202 0.491667 0.981038 0.361494
39 0.495202 0.491667 0.981038 0.361494
57 0.493251 0.493678 0.972453 0.36092
34 0.493251 0.493678 0.972453 0.36092
5 0.494031 0.495115 0.981818 0.356897
45 0.495202 0.491667 0.981038 0.361494
28 0.496372 0.490805 0.974014 0.367816
2 0.497543 0.493966 0.973233 0.361494
68 0.490129 0.490805 0.96777 0.365517
8 0.493251 0.493678 0.972453 0.36092
44 0.497543 0.493966 0.973233 0.361494
32 0.495592 0.490517 0.972453 0.364943
21 0.495202 0.491667 0.981038 0.361494
69 0.497543 0.493966 0.973233 0.361494
23 0.488568 0.492529 0.974014 0.367816
59 0.489738 0.493103 0.974794 0.364368
22 0.489348 0.494253 0.975575 0.367816
58 0.489738 0.493103 0.974794 0.364368
20 0.489738 0.493103 0.974794 0.364368
36 0.489348 0.494253 0.975575 0.367816
39 0.495202 0.493103 0.982599 0.364368
45 0.489738 0.493103 0.974794 0.364368
57 0.489348 0.494253 0.975575 0.367816
34 0.489348 0.494253 0.975575 0.367816
2 0.489738 0.493103 0.974794 0.364368
28 0.495202 0.491092 0.98416 0.37069
5 0.495202 0.491092 0.98416 0.37069
44 0.489348 0.494253 0.975575 0.367816
21 0.489738 0.493103 0.974794 0.364368
4 0.489348 0.494253 0.975575 0.367816
68 0.494812 0.492529 0.983379 0.364368
8 0.489348 0.494253 0.975575 0.367816
69 0.494812 0.495402 0.980258 0.367816
23 0.489348 0.496839 0.975575 0.362644
59 0.488568 0.498276 0.974014 0.35977
22 0.489738 0.498276 0.977916 0.35977
58 0.489738 0.498276 0.977916 0.35977
5 0.490129 0.498276 0.980257 0.362069
57 0.489738 0.498276 0.977916 0.35977
36 0.490129 0.498276 0.980257 0.362069
2 0.489738 0.498276 0.977916 0.35977
34 0.489738 0.498276 0.977916 0.35977
20 0.491299 0.497126 0.981038 0.36092
39 0.487007 0.49454 0.970892 0.364943
45 0.491299 0.497126 0.981038 0.36092
4 0.489738 0.498276 0.977916 0.35977
21 0.489738 0.498276 0.977916 0.35977
28 0.489348 0.496839 0.975575 0.362644
8 0.489738 0.498276 0.977916 0.35977
44 0.489738 0.498276 0.977916 0.35977
68 0.489348 0.496839 0.975575 0.362644
23 0.487007 0.495977 0.974014 0.35977
22 0.495592 0.495977 0.98494 0.35977
59 0.487007 0.493678 0.970892 0.362069
58 0.487007 0.493678 0.970892 0.362069
36 0.487007 0.495977 0.974014 0.35977
20 0.487007 0.493678 0.970892 0.362069
34 0.487007 0.495977 0.974014 0.35977
45 0.487007 0.493678 0.970892 0.362069
57 0.487007 0.495977 0.974014 0.35977
39 0.487007 0.493678 0.970892 0.362069
2 0.495592 0.494253 0.98494 0.362069
5 0.490519 0.497701 0.979477 0.358621
28 0.487007 0.495977 0.974014 0.35977
68 0.495592 0.494253 0.98494 0.362069
8 0.487007 0.495977 0.974014 0.35977
44 0.487007 0.495977 0.974014 0.35977
4 0.487007 0.495977 0.974014 0.35977
21 0.487007 0.493678 0.970892 0.362069
23 0.489348 0.493103 0.978697 0.354023
22 0.49169 0.492816 0.978697 0.358046
59 0.489348 0.493103 0.978697 0.354023
58 0.489348 0.493103 0.978697 0.354023
39 0.498714 0.493103 0.992745 0.356322
5 0.498714 0.493103 0.992745 0.356322
2 0.49169 0.492816 0.978697 0.358046
3 0.494421 0.494253 0.98416 0.354023
57 0.489348 0.493103 0.978697 0.354023
52 0.49169 0.492816 0.978697 0.358046
34 0.489348 0.493103 0.978697 0.354023
36 0.494421 0.494253 0.98416 0.354023
10 0.49169 0.492816 0.978697 0.358046
69 0.494421 0.494253 0.98416 0.354023
28 0.489348 0.493103 0.978697 0.354023
20 0.49169 0.492816 0.978697 0.358046
62 0.49169 0.492816 0.978697 0.358046
45 0.49169 0.492816 0.978697 0.358046
67 0.49169 0.492816 0.978697 0.358046
8 0.489348 0.493103 0.978697 0.354023
4 0.495592 0.493103 0.986501 0.358621
21 0.495592 0.493103 0.986501 0.358621
32 0.498714 0.491667 0.989623 0.361494
60 0.498714 0.491667 0.989623 0.361494
44 0.495592 0.493103 0.986501 0.358621
29 0.489348 0.493103 0.978697 0.354023
23 0.493251 0.495115 0.974014 0.363793
22 0.493251 0.498276 0.975575 0.357471
59 0.493251 0.498276 0.975575 0.357471
58 0.493251 0.498276 0.975575 0.357471
34 0.493251 0.498276 0.975575 0.357471
20 0.495592 0.495402 0.981818 0.362069
36 0.493251 0.498276 0.975575 0.357471
39 0.495592 0.495402 0.981818 0.362069
57 0.493251 0.498276 0.975575 0.357471
45 0.49208 0.495402 0.970111 0.35977
2 0.493251 0.498276 0.975575 0.357471
21 0.493251 0.498276 0.975575 0.357471
5 0.493251 0.498276 0.975575 0.357471
4 0.493251 0.498276 0.975575 0.357471
28 0.493251 0.495115 0.974014 0.363793
8 0.493251 0.498276 0.975575 0.357471
23 0.49247 0.496552 0.966209 0.351724
22 0.496372 0.496839 0.970892 0.353448
59 0.49169 0.498563 0.964648 0.348851
20 0.49169 0.498563 0.964648 0.348851
36 0.49247 0.496552 0.966209 0.351724
34 0.49247 0.496552 0.966209 0.351724
58 0.49247 0.496552 0.966209 0.351724
5 0.496372 0.496264 0.974014 0.354598
2 0.496372 0.496839 0.970892 0.353448
57 0.49247 0.496552 0.966209 0.351724
68 0.496372 0.498276 0.974014 0.349425
44 0.500275 0.497126 0.986501 0.351724
39 0.496372 0.496839 0.970892 0.353448
8 0.49247 0.496552 0.966209 0.351724
3 0.500275 0.497126 0.986501 0.351724
23 0.494812 0.497701 0.980258 0.35977
22 0.499884 0.49454 0.988843 0.362644
59 0.49247 0.495402 0.972453 0.358621
58 0.494812 0.497701 0.980258 0.35977
36 0.494812 0.497701 0.980258 0.35977
20 0.496372 0.495115 0.983379 0.359195
34 0.494812 0.497701 0.980258 0.35977
39 0.496372 0.495115 0.983379 0.359195
5 0.499884 0.49454 0.988843 0.362644
28 0.499884 0.49454 0.988843 0.362644
45 0.496372 0.495115 0.983379 0.359195
8 0.499884 0.49454 0.988843 0.362644
57 0.494812 0.497701 0.980258 0.35977
2 0.489348 0.496264 0.972453 0.360345
23 0.49169 0.49569 0.977136 0.354598
22 0.501445 0.493103 0.982599 0.357471
59 0.49169 0.49569 0.977136 0.354598
20 0.49169 0.49569 0.977136 0.354598
39 0.49169 0.49569 0.977136 0.354598
58 0.49169 0.49569 0.977136 0.354598
36 0.494031 0.494828 0.975575 0.354023
5 0.501445 0.493103 0.982599 0.357471
34 0.494031 0.494828 0.975575 0.354023
45 0.49169 0.49569 0.977136 0.354598
57 0.494031 0.494828 0.975575 0.354023
4 0.49169 0.49569 0.977136 0.354598
2 0.494031 0.494828 0.975575 0.354023
8 0.501445 0.493103 0.982599 0.357471
28 0.501445 0.493103 0.982599 0.357471
21 0.49169 0.49569 0.977136 0.354598
68 0.490129 0.494253 0.96777 0.355172
23 0.493251 0.493678 0.977136 0.362069
22 0.493251 0.493678 0.977136 0.362069
59 0.493251 0.493678 0.977136 0.362069
20 0.493251 0.493678 0.977136 0.362069
58 0.489348 0.493103 0.972453 0.364368
39 0.497933 0.49454 0.986501 0.363793
45 0.489348 0.493103 0.972453 0.364368
36 0.49208 0.493391 0.977916 0.362644
57 0.493251 0.493678 0.977136 0.362069
5 0.49208 0.493391 0.977916 0.362644
34 0.493251 0.493678 0.977136 0.362069
28 0.497933 0.49454 0.986501 0.363793
8 0.493251 0.493678 0.977136 0.362069
4 0.493251 0.493678 0.977136 0.362069
68 0.490909 0.493678 0.972453 0.363218
2 0.493251 0.493678 0.977136 0.362069
21 0.493251 0.493678 0.977136 0.362069
44 0.493251 0.493678 0.977136 0.362069
23 0.49247 0.497701 0.978697 0.36092
22 0.49247 0.497701 0.978697 0.36092
59 0.490519 0.496264 0.973233 0.359195
20 0.490519 0.496264 0.973233 0.359195
39 0.490129 0.495402 0.977136 0.35977
28 0.498714 0.494828 0.991184 0.362069
58 0.49247 0.497701 0.978697 0.36092
45 0.490519 0.496264 0.973233 0.359195
36 0.49247 0.497701 0.978697 0.36092
34 0.49247 0.497701 0.978697 0.36092
57 0.49247 0.497701 0.978697 0.36092
5 0.498714 0.494828 0.991184 0.362069
68 0.498714 0.494828 0.991184 0.362069
21 0.498324 0.497701 0.990403 0.358621
23 0.493641 0.495402 0.982599 0.35977
22 0.490909 0.494828 0.975575 0.362069
20 0.490909 0.494828 0.975575 0.362069
59 0.493641 0.495402 0.982599 0.35977
39 0.49169 0.494828 0.980257 0.362069
34 0.493641 0.495402 0.982599 0.35977
36 0.493641 0.495402 0.982599 0.35977
68 0.499104 0.493966 0.991964 0.363793
45 0.490909 0.494828 0.975575 0.362069
58 0.493641 0.495402 0.982599 0.35977
28 0.499104 0.493966 0.991964 0.363793
57 0.498714 0.495977 0.991184 0.35977
5 0.493641 0.495402 0.982599 0.35977
23 0.493251 0.491954 0.986501 0.36092
22 0.504957 0.487356 0.98494 0.370115
59 0.490909 0.491379 0.980257 0.36092
58 0.497933 0.489655 0.992745 0.364368
2 0.497933 0.489655 0.992745 0.364368
20 0.498714 0.490805 0.994306 0.363218
5 0.497933 0.489655 0.992745 0.364368
36 0.493251 0.491954 0.986501 0.36092
45 0.490909 0.491379 0.980257 0.36092
34 0.493251 0.491954 0.986501 0.36092
10 0.507299 0.487644 0.980257 0.37069
62 0.507299 0.487644 0.980257 0.37069
39 0.504957 0.487356 0.98494 0.370115
28 0.498714 0.490805 0.994306 0.363218
68 0.498714 0.490805 0.994306 0.363218
44 0.507299 0.487644 0.980257 0.37069
3 0.507299 0.487644 0.980257 0.37069
33 0.507299 0.487644 0.980257 0.37069
21 0.490909 0.491379 0.980257 0.36092
57 0.493251 0.491954 0.986501 0.36092
8 0.497933 0.489655 0.992745 0.364368
23 0.490909 0.493678 0.977136 0.362069
22 0.497153 0.496264 0.991184 0.354598
36 0.491299 0.498276 0.977916 0.357471
59 0.491299 0.494828 0.977916 0.358621
58 0.491299 0.498276 0.977916 0.357471
34 0.491299 0.498276 0.977916 0.357471
39 0.491299 0.494828 0.977916 0.358621
20 0.490909 0.49569 0.975575 0.355747
28 0.497153 0.496264 0.991184 0.354598
2 0.497153 0.496552 0.988062 0.35977
5 0.491299 0.498276 0.977916 0.357471
45 0.491299 0.494828 0.977916 0.358621
68 0.497153 0.496264 0.991184 0.354598
23 0.499494 0.492241 0.989623 0.368391
22 0.499494 0.492241 0.989623 0.368391
20 0.493251 0.494828 0.980257 0.362069
59 0.493251 0.494828 0.980257 0.362069
34 0.496372 0.496839 0.983379 0.362644
36 0.496372 0.496839 0.983379 0.362644
39 0.495982 0.494828 0.98416 0.36092
5 0.496372 0.496839 0.983379 0.362644
68 0.498714 0.492529 0.988062 0.367816
28 0.499494 0.492241 0.989623 0.368391
58 0.499494 0.492241 0.989623 0.368391
23 0.498714 0.502011 0.988062 0.35
22 0.488958 0.498851 0.970111 0.357471
59 0.488958 0.498851 0.970111 0.357471
20 0.488958 0.498851 0.970111 0.357471
39 0.498714 0.501149 0.98494 0.356322
58 0.488958 0.498851 0.970111 0.357471
28 0.488958 0.5 0.970111 0.356322
34 0.488958 0.5 0.970111 0.356322
57 0.488958 0.5 0.970111 0.356322
68 0.498714 0.500575 0.988062 0.352874
5 0.488958 0.5 0.970111 0.356322
36 0.488958 0.5 0.970111 0.356322
45 0.488958 0.498851 0.970111 0.357471
2 0.498714 0.501149 0.98494 0.356322
21 0.498714 0.501149 0.98494 0.356322
8 0.498714 0.501149 0.98494 0.356322
23 0.493641 0.494253 0.985721 0.358621
22 0.497543 0.491379 0.990403 0.366667
20 0.493251 0.495115 0.983379 0.361494
39 0.493251 0.495115 0.983379 0.361494
59 0.493251 0.495115 0.983379 0.361494
28 0.493641 0.494253 0.985721 0.358621
58 0.497543 0.491379 0.990403 0.366667
34 0.493641 0.494253 0.985721 0.358621
10 0.497543 0.491379 0.990403 0.366667
36 0.493641 0.494253 0.985721 0.358621
2 0.493251 0.495115 0.983379 0.361494
45 0.493251 0.495115 0.983379 0.361494
57 0.493641 0.494253 0.985721 0.358621
5 0.493641 0.494253 0.985721 0.358621
23 0.490129 0.496552 0.970892 0.348276
22 0.497153 0.495977 0.986501 0.352874
20 0.488958 0.497414 0.970111 0.347701
10 0.497153 0.49454 0.983379 0.354598
39 0.488958 0.497414 0.970111 0.347701
59 0.490129 0.496552 0.970892 0.348276
28 0.490129 0.496552 0.970892 0.348276
45 0.488958 0.497414 0.970111 0.347701
57 0.488958 0.497414 0.970111 0.347701
36 0.490129 0.496552 0.970892 0.348276
58 0.490129 0.496552 0.970892 0.348276
2 0.488958 0.497414 0.970111 0.347701
44 0.488958 0.497414 0.970111 0.347701
34 0.490129 0.496552 0.970892 0.348276
68 0.488958 0.497414 0.970111 0.347701
5 0.490129 0.496552 0.970892 0.348276
23 0.495202 0.498276 0.985721 0.357471
22 0.488568 0.497126 0.974014 0.357471
20 0.488568 0.497126 0.974014 0.357471
57 0.488568 0.497126 0.974014 0.357471
28 0.488568 0.497126 0.974014 0.357471
39 0.494031 0.495977 0.98494 0.35977
59 0.489738 0.5 0.974794 0.355172
10 0.488568 0.497126 0.974014 0.357471
45 0.494031 0.495977 0.98494 0.35977
58 0.489738 0.5 0.974794 0.355172
34 0.489738 0.5 0.974794 0.355172
2 0.488568 0.497126 0.974014 0.357471
44 0.488568 0.497126 0.974014 0.357471
68 0.488568 0.497126 0.974014 0.357471
36 0.489738 0.5 0.974794 0.355172
8 0.498714 0.494828 0.992745 0.362069
5 0.498714 0.494828 0.992745 0.362069
3 0.497933 0.496264 0.991184 0.359195
23 0.49169 0.5 0.977136 0.351724
22 0.495982 0.499138 0.98416 0.353448
20 0.494812 0.498851 0.986501 0.348276
28 0.496372 0.498276 0.988062 0.349425
59 0.49169 0.5 0.977136 0.351724
58 0.495982 0.498851 0.985721 0.354023
57 0.494812 0.498851 0.986501 0.348276
2 0.495982 0.498851 0.985721 0.354023
39 0.495982 0.498851 0.985721 0.354023
10 0.49169 0.5 0.977136 0.351724
21 0.495982 0.498851 0.985721 0.354023
45 0.494812 0.498851 0.986501 0.348276
5 0.49169 0.5 0.977136 0.351724
34 0.49169 0.5 0.977136 0.351724
8 0.495982 0.498851 0.985721 0.354023
33 0.496372 0.498276 0.988062 0.349425
44 0.495982 0.499138 0.98416 0.353448
23 0.493641 0.496264 0.976355 0.366092
22 0.495202 0.497126 0.982599 0.366667
20 0.497933 0.493678 0.988062 0.364368
10 0.490909 0.49569 0.972453 0.362644
28 0.493641 0.496264 0.976355 0.366092
39 0.49169 0.495977 0.977136 0.364368
58 0.493641 0.496264 0.976355 0.366092
59 0.49169 0.495977 0.977136 0.364368
2 0.497543 0.495402 0.985721 0.365517
45 0.490909 0.49569 0.972453 0.362644
5 0.493641 0.496264 0.976355 0.366092
57 0.496763 0.495977 0.985721 0.35977
34 0.493641 0.496264 0.976355 0.366092
33 0.497933 0.493678 0.988062 0.364368
21 0.497543 0.495402 0.985721 0.365517
52 0.490909 0.49569 0.972453 0.362644
36 0.493641 0.496264 0.976355 0.366092
23 0.494421 0.497126 0.977916 0.354023
22 0.487007 0.492529 0.96777 0.362069
45 0.491299 0.495402 0.974794 0.355172
20 0.491299 0.495402 0.974794 0.355172
39 0.498714 0.495115 0.989623 0.356897
28 0.498714 0.495115 0.989623 0.356897
34 0.494421 0.497126 0.977916 0.354023
36 0.494421 0.497126 0.977916 0.354023
57 0.498324 0.495977 0.988843 0.354023
2 0.494421 0.497126 0.977916 0.354023
33 0.493251 0.493966 0.978697 0.359195
21 0.498714 0.495115 0.989623 0.356897
58 0.494421 0.497126 0.977916 0.354023
59 0.498714 0.495115 0.989623 0.356897
5 0.494421 0.497126 0.977916 0.354023
23 0.494031 0.498563 0.966209 0.356897
22 0.494031 0.498563 0.966209 0.356897
20 0.490129 0.495402 0.96777 0.35977
45 0.490129 0.495402 0.96777 0.35977
28 0.494031 0.498563 0.966209 0.356897
57 0.497933 0.493966 0.986501 0.363793
58 0.494031 0.498563 0.966209 0.356897
39 0.499494 0.495115 0.986501 0.363793
59 0.499494 0.495115 0.986501 0.363793
36 0.494031 0.498563 0.966209 0.356897
34 0.494031 0.498563 0.966209 0.356897
10 0.494031 0.498563 0.966209 0.356897
68 0.490129 0.495402 0.96777 0.35977
21 0.499494 0.495115 0.986501 0.363793
2 0.494031 0.498563 0.966209 0.356897
44 0.499494 0.495115 0.986501 0.363793
5 0.494031 0.498563 0.966209 0.356897
8 0.499494 0.495115 0.986501 0.363793
33 0.499494 0.495115 0.986501 0.363793
23 0.494031 0.497126 0.972453 0.355172
22 0.490129 0.491954 0.970892 0.362069
58 0.498324 0.495977 0.982599 0.35977
59 0.498324 0.495977 0.982599 0.35977
20 0.490129 0.491954 0.970892 0.362069
2 0.498324 0.495977 0.982599 0.35977
36 0.494031 0.497126 0.972453 0.355172
34 0.494031 0.497126 0.972453 0.355172
21 0.498324 0.495977 0.982599 0.35977
39 0.494031 0.493391 0.981818 0.360345
57 0.494031 0.497126 0.972453 0.355172
5 0.496763 0.495977 0.98416 0.357471
28 0.494031 0.497126 0.972453 0.355172
45 0.496372 0.492241 0.983379 0.362644
68 0.496372 0.492241 0.983379 0.362644
23 0.495202 0.498276 0.971672 0.357471
22 0.484665 0.493678 0.966209 0.364368
20 0.49169 0.495402 0.970892 0.35977
45 0.498324 0.497414 0.985721 0.355747
36 0.495202 0.498276 0.971672 0.357471
28 0.499494 0.498563 0.988062 0.356897
57 0.498324 0.497414 0.985721 0.355747
2 0.500275 0.499138 0.983379 0.354598
21 0.500275 0.499138 0.983379 0.354598
33 0.49208 0.495115 0.970111 0.363793
34 0.500275 0.499138 0.983379 0.354598
59 0.49169 0.495402 0.970892 0.35977
39 0.493251 0.495115 0.980257 0.361494
23 0.494031 0.499425 0.969331 0.355172
22 0.49169 0.497414 0.96777 0.356897
59 0.499494 0.497701 0.983379 0.356322
20 0.493251 0.497701 0.975575 0.358621
2 0.498714 0.499138 0.978697 0.355747
58 0.494031 0.499425 0.969331 0.355172
44 0.499494 0.497701 0.983379 0.356322
5 0.499494 0.497701 0.983379 0.356322
36 0.494031 0.499425 0.969331 0.355172
39 0.493251 0.497701 0.975575 0.358621
45 0.499494 0.497701 0.983379 0.356322
62 0.499494 0.497701 0.983379 0.356322
23 0.495592 0.494828 0.975575 0.364368
22 0.49169 0.494253 0.974014 0.362069
58 0.498714 0.495115 0.98494 0.361494
59 0.49169 0.494253 0.974014 0.362069
2 0.498714 0.495115 0.98494 0.361494
10 0.498714 0.495115 0.98494 0.361494
36 0.495592 0.494828 0.975575 0.364368
28 0.495592 0.494828 0.975575 0.364368
5 0.498714 0.495115 0.98494 0.361494
57 0.495592 0.494828 0.975575 0.364368
39 0.498714 0.495115 0.98494 0.361494
45 0.49169 0.494253 0.974014 0.362069
34 0.495592 0.494828 0.975575 0.364368
68 0.497933 0.494828 0.988062 0.35977
44 0.49169 0.494253 0.974014 0.362069
23 0.495592 0.495977 0.981818 0.357471
22 0.49169 0.495402 0.977136 0.36092
59 0.49169 0.495402 0.977136 0.36092
28 0.49169 0.495402 0.977136 0.36092
20 0.49169 0.49569 0.977136 0.361494
10 0.49169 0.495402 0.977136 0.36092
36 0.495592 0.495977 0.981818 0.357471
58 0.495592 0.495977 0.981818 0.357471
39 0.49169 0.49569 0.977136 0.361494
2 0.496372 0.495977 0.986501 0.358621
57 0.49169 0.495402 0.977136 0.36092
34 0.495592 0.495977 0.981818 0.357471
45 0.49169 0.495402 0.977136 0.36092
68 0.49169 0.495402 0.977136 0.36092
5 0.495592 0.495977 0.981818 0.357471
23 0.49169 0.49454 0.977136 0.356897
22 0.497153 0.495402 0.988062 0.356322
20 0.489348 0.49569 0.977136 0.358046
59 0.489348 0.49569 0.977136 0.358046
2 0.497153 0.495402 0.988062 0.356322
36 0.49169 0.49454 0.977136 0.356897
45 0.489348 0.49569 0.977136 0.358046
58 0.497153 0.495402 0.988062 0.356322
21 0.489348 0.49569 0.977136 0.358046
28 0.489348 0.49569 0.977136 0.358046
39 0.504957 0.493678 0.975575 0.362069
57 0.495982 0.496264 0.987282 0.356897
34 0.497153 0.495402 0.988062 0.356322
68 0.495982 0.496264 0.987282 0.356897
23 0.49169 0.494253 0.975575 0.357471
22 0.491299 0.494828 0.974794 0.358621
2 0.498714 0.493391 0.98494 0.360345
20 0.497153 0.494828 0.98494 0.358621
59 0.498714 0.493391 0.98494 0.360345
58 0.498714 0.493391 0.98494 0.360345
5 0.498714 0.493391 0.98494 0.360345
34 0.498714 0.493391 0.98494 0.360345
36 0.49169 0.494253 0.975575 0.357471
39 0.498714 0.493391 0.98494 0.360345
21 0.498714 0.493391 0.98494 0.360345
23 0.494421 0.498276 0.974794 0.351724
22 0.499104 0.49569 0.988843 0.358046
20 0.498324 0.496264 0.990403 0.359195
2 0.499104 0.49569 0.988843 0.358046
34 0.499104 0.49569 0.988843 0.358046
21 0.499104 0.49569 0.988843 0.358046
36 0.494421 0.498276 0.974794 0.351724
45 0.498324 0.496264 0.990403 0.359195
28 0.499494 0.495977 0.991184 0.35977
33 0.499494 0.495977 0.991184 0.35977
23 0.497933 0.498563 0.983379 0.354598
22 0.501836 0.496264 0.988062 0.359195
58 0.501836 0.496264 0.988062 0.359195
20 0.500275 0.495402 0.989623 0.358621
28 0.500665 0.49569 0.990403 0.362644
59 0.494031 0.497414 0.978697 0.355747
2 0.501836 0.496264 0.988062 0.359195
10 0.501836 0.496264 0.988062 0.359195
23 0.494031 0.493103 0.981818 0.357471
22 0.489348 0.493103 0.978697 0.358621
45 0.489348 0.493103 0.978697 0.358621
20 0.489348 0.493103 0.978697 0.358621
28 0.498714 0.49454 0.992745 0.355747
59 0.498714 0.49454 0.992745 0.355747
39 0.489348 0.493103 0.978697 0.358621
58 0.498714 0.49454 0.992745 0.355747
36 0.494031 0.493103 0.981818 0.357471
34 0.494031 0.493103 0.981818 0.357471
2 0.494031 0.493103 0.981818 0.357471
57 0.489348 0.493103 0.978697 0.358621
21 0.498714 0.49454 0.992745 0.355747
44 0.498714 0.49454 0.992745 0.355747
23 0.496372 0.497988 0.981818 0.362644
22 0.490129 0.495977 0.977136 0.366667
20 0.49169 0.496264 0.977136 0.362644
45 0.49169 0.496264 0.977136 0.362644
2 0.499494 0.497414 0.989623 0.363793
36 0.499494 0.497414 0.989623 0.363793
28 0.499494 0.495115 0.991184 0.368391
21 0.499494 0.497414 0.989623 0.363793
34 0.499494 0.497414 0.989623 0.363793
39 0.499494 0.497414 0.989623 0.363793
59 0.49169 0.496264 0.977136 0.362644
58 0.499494 0.497414 0.989623 0.363793
5 0.499494 0.497414 0.989623 0.363793
23 0.495982 0.49569 0.98416 0.359195
22 0.497933 0.494253 0.989623 0.362069
59 0.49169 0.493678 0.980257 0.364368
58 0.497933 0.494253 0.989623 0.362069
2 0.497933 0.494253 0.989623 0.362069
28 0.497933 0.493391 0.991184 0.364943
20 0.497153 0.494253 0.991184 0.362069
39 0.497933 0.494253 0.989623 0.362069
45 0.49169 0.493678 0.980257 0.364368
34 0.497933 0.494253 0.989623 0.362069
10 0.497933 0.494253 0.989623 0.362069
36 0.495982 0.49569 0.98416 0.359195
21 0.497933 0.494253 0.989623 0.362069
5 0.497933 0.494253 0.989623 0.362069
68 0.497153 0.494253 0.991184 0.362069
23 0.494812 0.496552 0.981818 0.358621
22 0.490909 0.495402 0.978697 0.36092
20 0.497153 0.49569 0.988062 0.361494
2 0.497153 0.496264 0.986501 0.360345
45 0.490909 0.495402 0.978697 0.36092
28 0.497153 0.493678 0.989623 0.364368
39 0.497153 0.496264 0.986501 0.360345
23 0.494031 0.49569 0.981818 0.362644
22 0.504957 0.493391 0.978697 0.364943
20 0.504957 0.493391 0.978697 0.364943
36 0.495592 0.497988 0.981818 0.358046
2 0.504957 0.493391 0.978697 0.364943
28 0.49286 0.497414 0.981038 0.356897
45 0.505348 0.491667 0.977916 0.368391
34 0.498714 0.497701 0.986501 0.357471
39 0.504957 0.493391 0.978697 0.364943
44 0.505348 0.491667 0.977916 0.368391
23 0.495592 0.498851 0.981818 0.356322
22 0.49208 0.497988 0.977916 0.356897
28 0.49208 0.497988 0.977916 0.356897
20 0.49208 0.497988 0.977916 0.356897
54 0.497933 0.497414 0.989623 0.356897
10 0.497933 0.497414 0.989623 0.356897
36 0.495592 0.498851 0.981818 0.356322
2 0.504177 0.496839 0.977136 0.358046
44 0.503397 0.493678 0.981818 0.363218
59 0.49208 0.497988 0.977916 0.356897
23 0.494811 0.49569 0.977136 0.358046
22 0.507299 0.495402 0.975575 0.36092
45 0.490909 0.497414 0.975575 0.359195
39 0.507299 0.495402 0.975575 0.36092
20 0.490909 0.497414 0.975575 0.359195
59 0.490909 0.497414 0.975575 0.359195
28 0.490909 0.497414 0.975575 0.359195
10 0.499104 0.497988 0.990403 0.356897
44 0.507299 0.495402 0.975575 0.36092
21 0.490909 0.497414 0.975575 0.359195
2 0.507689 0.49454 0.974794 0.362644
58 0.507299 0.495402 0.975575 0.36092
36 0.494811 0.49569 0.977136 0.358046
57 0.490909 0.497414 0.975575 0.359195
23 0.49247 0.496839 0.978697 0.353448
22 0.488568 0.497126 0.972453 0.356322
20 0.488568 0.497126 0.972453 0.356322
59 0.488568 0.497126 0.972453 0.356322
10 0.497153 0.496552 0.988062 0.356322
28 0.488568 0.497126 0.972453 0.356322
2 0.497933 0.49569 0.986501 0.356897
21 0.497153 0.496552 0.988062 0.356322
34 0.497933 0.49569 0.986501 0.356897
45 0.497153 0.496552 0.988062 0.356322
58 0.497933 0.49569 0.986501 0.356897
39 0.489738 0.496839 0.976355 0.356897
23 0.497543 0.496839 0.981038 0.355747
22 0.498714 0.496264 0.98494 0.359195
20 0.497543 0.497414 0.98416 0.354598
59 0.49286 0.497126 0.974794 0.356322
45 0.497543 0.497414 0.98416 0.354598
2 0.498714 0.496264 0.98494 0.359195
21 0.498714 0.496264 0.98494 0.359195
34 0.498714 0.496264 0.98494 0.359195
28 0.49286 0.497126 0.974794 0.356322
39 0.498714 0.496264 0.98494 0.359195
58 0.498714 0.496264 0.98494 0.359195
68 0.497543 0.497414 0.98416 0.354598
23 0.495982 0.495115 0.979477 0.356897
22 0.496763 0.494828 0.98416 0.357471
21 0.496763 0.494828 0.98416 0.357471
59 0.49247 0.495115 0.975575 0.359195
58 0.496763 0.494828 0.98416 0.357471
45 0.495982 0.495115 0.98416 0.359195
20 0.495982 0.495115 0.98416 0.359195
28 0.495982 0.495115 0.979477 0.356897
39 0.496763 0.494828 0.98416 0.357471
10 0.496763 0.494828 0.98416 0.357471
68 0.495982 0.495115 0.98416 0.359195
34 0.496763 0.494828 0.98416 0.357471
2 0.496763 0.494828 0.98416 0.357471
57 0.496763 0.494828 0.98416 0.357471
23 0.496372 0.497701 0.986501 0.358621
22 0.496372 0.497126 0.986501 0.36092
21 0.496372 0.497126 0.986501 0.36092
20 0.495982 0.495977 0.987282 0.36092
28 0.496763 0.494828 0.988843 0.364368
58 0.496372 0.497126 0.986501 0.36092
59 0.494031 0.495977 0.981818 0.362069
45 0.495982 0.495977 0.987282 0.36092
34 0.496372 0.497126 0.986501 0.36092
10 0.496372 0.497126 0.986501 0.36092
39 0.496372 0.497126 0.986501 0.36092
2 0.496372 0.497126 0.986501 0.36092
57 0.495982 0.495977 0.987282 0.36092
23 0.495592 0.498851 0.988062 0.352874
22 0.489348 0.497126 0.975575 0.357471
20 0.489348 0.497126 0.975575 0.357471
21 0.497933 0.496552 0.989623 0.358621
58 0.497933 0.496552 0.989623 0.358621
59 0.489348 0.497126 0.975575 0.357471
34 0.497933 0.496552 0.989623 0.358621
28 0.494031 0.497701 0.98494 0.355172
39 0.489348 0.497126 0.975575 0.357471
2 0.497933 0.496552 0.989623 0.358621
45 0.497933 0.496552 0.991184 0.356322
36 0.497933 0.496552 0.989623 0.358621
68 0.497933 0.496552 0.991184 0.356322
10 0.497933 0.496552 0.991184 0.356322
23 0.49247 0.498851 0.981818 0.352874
21 0.497933 0.495402 0.992745 0.358621
20 0.490519 0.498276 0.979477 0.354023
34 0.49247 0.498851 0.981818 0.352874
22 0.488568 0.497414 0.977136 0.354598
28 0.49247 0.498851 0.981818 0.352874
39 0.488568 0.497414 0.977136 0.354598
59 0.488568 0.497414 0.977136 0.354598
45 0.497153 0.497701 0.991184 0.355172
58 0.497933 0.495402 0.992745 0.358621
68 0.497153 0.497701 0.991184 0.355172
57 0.497933 0.495402 0.992745 0.358621
36 0.49247 0.498851 0.981818 0.352874
23 0.495592 0.497701 0.981818 0.356322
22 0.497153 0.497126 0.988062 0.357471
20 0.493251 0.496839 0.981818 0.359195
21 0.496372 0.496552 0.986501 0.358621
34 0.497153 0.497126 0.988062 0.357471
59 0.504567 0.494253 0.976355 0.365517
28 0.493251 0.496839 0.981818 0.359195
2 0.497153 0.497126 0.988062 0.357471
58 0.497153 0.497126 0.988062 0.357471
36 0.495592 0.497701 0.981818 0.356322
45 0.496372 0.496552 0.986501 0.358621
39 0.497153 0.497126 0.988062 0.357471
5 0.497153 0.497126 0.988062 0.357471
23 0.495202 0.496264 0.982599 0.359195
22 0.494031 0.494828 0.981818 0.362069
21 0.497933 0.495402 0.989623 0.358621
20 0.494031 0.494828 0.981818 0.362069
59 0.494031 0.494828 0.981818 0.362069
34 0.497933 0.496552 0.989623 0.357471
28 0.494031 0.494828 0.981818 0.362069
45 0.497933 0.495402 0.989623 0.358621
58 0.497933 0.496552 0.989623 0.357471
36 0.495202 0.496264 0.982599 0.359195
39 0.494031 0.494828 0.981818 0.362069
2 0.497933 0.496552 0.989623 0.357471
5 0.497933 0.496552 0.989623 0.357471
23 0.497933 0.497126 0.983379 0.355172
21 0.499494 0.497701 0.986501 0.354023
34 0.499494 0.497701 0.986501 0.354023
22 0.499494 0.497701 0.986501 0.354023
20 0.495592 0.496839 0.981818 0.356897
2 0.499494 0.497701 0.986501 0.354023
36 0.499494 0.497701 0.986501 0.354023
58 0.499494 0.497701 0.986501 0.354023
45 0.498714 0.498276 0.988062 0.351724
5 0.499494 0.497701 0.986501 0.354023
39 0.49247 0.496552 0.978697 0.357471
28 0.495592 0.496839 0.981818 0.356897
59 0.495592 0.496839 0.981818 0.356897
23 0.495202 0.499425 0.974794 0.358621
21 0.498714 0.498851 0.981818 0.35977
22 0.49247 0.497414 0.978697 0.358046
59 0.493251 0.497701 0.975575 0.357471
34 0.495202 0.499425 0.974794 0.358621
20 0.49247 0.497414 0.978697 0.358046
58 0.498714 0.498851 0.981818 0.35977
39 0.49247 0.497414 0.978697 0.358046
28 0.499494 0.497701 0.986501 0.358621
45 0.493251 0.497701 0.975575 0.357471
2 0.498714 0.498851 0.981818 0.35977
68 0.498714 0.497126 0.98494 0.357471
57 0.493251 0.497701 0.975575 0.357471
23 0.501445 0.496552 0.982599 0.358621
22 0.501836 0.498276 0.978697 0.356322
20 0.500275 0.498563 0.981818 0.354598
34 0.501836 0.498276 0.978697 0.356322
21 0.501836 0.498276 0.978697 0.356322
59 0.496372 0.497701 0.975575 0.357471
58 0.501836 0.498276 0.978697 0.356322
39 0.494421 0.497126 0.977916 0.35977
28 0.496372 0.497701 0.975575 0.357471
45 0.500275 0.498563 0.981818 0.354598
68 0.500275 0.498563 0.981818 0.354598
2 0.501836 0.498276 0.978697 0.356322
23 0.497153 0.498563 0.980258 0.354598
22 0.504957 0.497126 0.974014 0.352874
20 0.494031 0.497701 0.978697 0.355172
28 0.494031 0.497701 0.978697 0.355172
2 0.497933 0.499425 0.983379 0.352874
34 0.497933 0.499425 0.983379 0.352874
10 0.497933 0.499425 0.983379 0.352874
45 0.494031 0.497701 0.978697 0.355172
59 0.494031 0.497701 0.978697 0.355172
58 0.497933 0.499425 0.983379 0.352874
21 0.497933 0.499425 0.983379 0.352874
39 0.504957 0.497126 0.974014 0.352874
5 0.497933 0.499425 0.983379 0.352874
23 0.497153 0.498276 0.981818 0.355172
22 0.494031 0.495977 0.983379 0.36092
20 0.494031 0.495977 0.983379 0.36092
59 0.494031 0.495977 0.983379 0.36092
58 0.497933 0.498276 0.986501 0.355172
68 0.498714 0.495977 0.988062 0.358621
45 0.495592 0.496839 0.981818 0.358046
39 0.494031 0.495977 0.983379 0.36092
28 0.497153 0.498276 0.981818 0.355172
21 0.497933 0.498276 0.986501 0.355172
34 0.497933 0.498276 0.986501 0.355172
36 0.497153 0.498276 0.981818 0.355172
23 0.49247 0.497988 0.978697 0.351149
22 0.490519 0.496552 0.977916 0.357471
58 0.497153 0.497126 0.988062 0.354023
20 0.490909 0.497701 0.978697 0.356322
59 0.490909 0.497701 0.978697 0.356322
21 0.497153 0.497126 0.988062 0.354023
45 0.496763 0.496552 0.988843 0.357471
39 0.490519 0.496552 0.977916 0.357471
68 0.496763 0.496552 0.988843 0.357471
28 0.49247 0.497988 0.978697 0.351149
34 0.497153 0.497126 0.988062 0.354023
2 0.497153 0.497126 0.988062 0.354023
23 0.493251 0.496839 0.980257 0.353448
22 0.497543 0.497126 0.987282 0.354023
59 0.490909 0.496839 0.980257 0.356897
58 0.497543 0.497126 0.987282 0.354023
2 0.497543 0.497126 0.987282 0.354023
45 0.490909 0.496839 0.980257 0.356897
20 0.490909 0.496839 0.980257 0.356897
28 0.490909 0.496839 0.980257 0.356897
39 0.497543 0.497126 0.987282 0.354023
36 0.497543 0.497126 0.987282 0.354023
34 0.497543 0.497126 0.987282 0.354023
68 0.497933 0.496839 0.989623 0.355747
21 0.497543 0.497126 0.987282 0.354023
23 0.495592 0.497126 0.977136 0.356322
34 0.498714 0.496839 0.98494 0.356897
58 0.498714 0.496839 0.98494 0.356897
59 0.49247 0.495977 0.978697 0.362069
21 0.497933 0.495977 0.986501 0.35977
20 0.49247 0.495977 0.978697 0.362069
45 0.49247 0.495977 0.978697 0.362069
68 0.497933 0.495977 0.986501 0.35977
39 0.49169 0.495977 0.980257 0.364368
36 0.495592 0.497126 0.977136 0.356322
23 0.494031 0.497126 0.972453 0.354023
22 0.497153 0.497126 0.981818 0.352874
58 0.497153 0.497126 0.981818 0.352874
10 0.497153 0.497126 0.981818 0.352874
28 0.49247 0.496552 0.974014 0.36092
2 0.497153 0.497126 0.981818 0.352874
45 0.49247 0.496552 0.974014 0.36092
59 0.503397 0.495402 0.975575 0.358621
20 0.49247 0.496552 0.974014 0.36092
34 0.497153 0.497126 0.981818 0.352874
39 0.503397 0.495402 0.975575 0.358621
21 0.496372 0.497126 0.983379 0.357471
68 0.496372 0.497126 0.983379 0.357471
23 0.495592 0.497701 0.975575 0.357471
22 0.497153 0.496839 0.981818 0.359195
10 0.497153 0.496839 0.981818 0.359195
58 0.497153 0.496839 0.981818 0.359195
2 0.497153 0.496839 0.981818 0.359195
28 0.493251 0.49569 0.975575 0.360345
39 0.497153 0.496839 0.981818 0.359195
45 0.496763 0.49569 0.982599 0.358046
20 0.493251 0.49569 0.975575 0.360345
34 0.497153 0.496839 0.981818 0.359195
59 0.497153 0.496839 0.981818 0.359195
23 0.497153 0.496552 0.980258 0.357471
22 0.497153 0.496552 0.980258 0.357471
2 0.497153 0.496552 0.980258 0.357471
10 0.497153 0.496552 0.980258 0.357471
28 0.49247 0.495115 0.972453 0.359195
20 0.49247 0.495115 0.972453 0.359195
45 0.49247 0.495115 0.972453 0.359195
58 0.497153 0.496552 0.980258 0.357471
39 0.497153 0.496552 0.980258 0.357471
34 0.497153 0.496552 0.980258 0.357471
59 0.49247 0.495115 0.972453 0.359195
23 0.494811 0.497988 0.977136 0.355747
22 0.496372 0.498851 0.983379 0.356322
45 0.49169 0.496552 0.974014 0.35977
28 0.49169 0.496552 0.974014 0.35977
21 0.49169 0.496552 0.974014 0.35977
39 0.496372 0.498851 0.983379 0.356322
20 0.49286 0.496552 0.977916 0.36092
58 0.496372 0.498851 0.983379 0.356322
10 0.496372 0.498851 0.983379 0.356322
59 0.49169 0.496552 0.974014 0.35977
2 0.496372 0.498851 0.983379 0.356322
34 0.496372 0.498851 0.983379 0.356322
36 0.496372 0.498851 0.983379 0.356322
5 0.496372 0.498851 0.983379 0.356322
23 0.494031 0.498276 0.980257 0.355172
22 0.497543 0.497414 0.987282 0.358046
10 0.497543 0.497414 0.987282 0.358046
58 0.497543 0.497414 0.987282 0.358046
28 0.49247 0.497701 0.978697 0.36092
20 0.49247 0.497701 0.978697 0.36092
45 0.49247 0.497701 0.978697 0.36092
21 0.497543 0.497414 0.987282 0.358046
2 0.497543 0.497414 0.987282 0.358046
39 0.497543 0.497414 0.987282 0.358046
34 0.497543 0.497414 0.987282 0.358046
59 0.49247 0.497701 0.978697 0.36092
5 0.497543 0.497414 0.987282 0.358046
33 0.497543 0.497414 0.987282 0.358046
23 0.494421 0.498563 0.981038 0.355747
22 0.489738 0.496552 0.976355 0.36092
21 0.496372 0.497988 0.988062 0.354598
20 0.49169 0.497414 0.978697 0.358046
45 0.496372 0.497988 0.988062 0.354598
39 0.489738 0.496552 0.976355 0.36092
58 0.495982 0.498276 0.985721 0.356322
28 0.49169 0.497414 0.978697 0.358046
59 0.49169 0.497414 0.978697 0.358046
34 0.495982 0.498276 0.985721 0.356322
2 0.495982 0.498276 0.985721 0.356322
68 0.496372 0.497988 0.988062 0.354598
23 0.49208 0.497701 0.979477 0.358621
22 0.489348 0.495402 0.975575 0.363218
58 0.496372 0.496552 0.989623 0.36092
21 0.496372 0.496552 0.986501 0.357471
20 0.489348 0.495402 0.975575 0.363218
45 0.496372 0.496552 0.986501 0.357471
59 0.496372 0.496552 0.989623 0.36092
28 0.496372 0.496552 0.989623 0.36092
34 0.49208 0.497701 0.979477 0.358621
39 0.496372 0.496552 0.989623 0.36092
2 0.495982 0.496552 0.985721 0.362069
10 0.496372 0.496552 0.986501 0.357471
36 0.495982 0.496552 0.985721 0.362069
68 0.496372 0.496552 0.986501 0.357471
57 0.496372 0.496552 0.986501 0.357471
5 0.496372 0.496552 0.989623 0.36092
23 0.497543 0.497126 0.979477 0.357471
58 0.497543 0.497126 0.979477 0.357471
21 0.497153 0.498276 0.981818 0.354023
20 0.497153 0.498276 0.981818 0.354023
22 0.497543 0.497126 0.979477 0.357471
34 0.497543 0.497126 0.979477 0.357471
28 0.491299 0.498276 0.970111 0.355172
45 0.497153 0.498276 0.981818 0.354023
2 0.497543 0.497126 0.979477 0.357471
39 0.497543 0.497126 0.979477 0.357471
59 0.491299 0.498276 0.970111 0.355172
36 0.497543 0.497126 0.979477 0.357471
57 0.497543 0.497126 0.979477 0.357471
23 0.49247 0.498276 0.977136 0.35977
22 0.490519 0.495977 0.976355 0.363218
20 0.490129 0.496552 0.974014 0.36092
45 0.490129 0.496552 0.974014 0.36092
28 0.490129 0.496552 0.974014 0.36092
21 0.495592 0.496552 0.981818 0.363218
39 0.495592 0.496552 0.981818 0.363218
2 0.495592 0.496552 0.981818 0.363218
58 0.495592 0.496552 0.981818 0.363218
59 0.490129 0.496552 0.974014 0.36092
34 0.495592 0.496552 0.981818 0.363218
10 0.495592 0.496552 0.981818 0.363218
23 0.494812 0.499138 0.980258 0.356897
22 0.489738 0.497414 0.974794 0.361494
21 0.494812 0.496552 0.981818 0.358621
20 0.494812 0.496552 0.981818 0.358621
45 0.494812 0.496552 0.981818 0.358621
34 0.495202 0.497126 0.981038 0.362069
2 0.495202 0.497126 0.981038 0.362069
58 0.495202 0.497126 0.981038 0.362069
28 0.49208 0.498276 0.976355 0.358621
5 0.495202 0.497126 0.981038 0.362069
36 0.495202 0.497126 0.981038 0.362069
39 0.495202 0.497126 0.981038 0.362069
57 0.494812 0.496552 0.981818 0.358621
33 0.495202 0.497126 0.981038 0.362069
23 0.497153 0.495977 0.98494 0.358621
22 0.494031 0.495977 0.978697 0.35977
20 0.494031 0.495977 0.978697 0.35977
28 0.494031 0.495977 0.978697 0.35977
2 0.497153 0.495977 0.98494 0.358621
21 0.496372 0.495115 0.986501 0.359195
45 0.494031 0.495977 0.978697 0.35977
34 0.497153 0.495977 0.98494 0.358621
58 0.497153 0.495977 0.98494 0.358621
39 0.494031 0.495977 0.978697 0.35977
59 0.494031 0.495977 0.978697 0.35977
5 0.497153 0.495977 0.98494 0.358621
23 0.493641 0.499425 0.976355 0.356322
22 0.490909 0.496839 0.977136 0.360345
21 0.495592 0.496552 0.98494 0.357471
45 0.495592 0.496552 0.98494 0.357471
20 0.495592 0.496552 0.98494 0.357471
58 0.495592 0.498276 0.981818 0.358621
2 0.495592 0.498276 0.981818 0.358621
28 0.495592 0.496552 0.98494 0.357471
39 0.490909 0.496839 0.977136 0.360345
34 0.495592 0.498276 0.981818 0.358621
59 0.490909 0.496839 0.977136 0.360345
33 0.495592 0.496552 0.98494 0.357471
36 0.495592 0.498276 0.981818 0.358621
10 0.495592 0.496552 0.98494 0.357471
68 0.495592 0.496552 0.98494 0.357471
5 0.495592 0.498276 0.981818 0.358621
23 0.496372 0.496264 0.983379 0.359195
21 0.495982 0.495402 0.98416 0.362069
20 0.495982 0.495402 0.98416 0.362069
58 0.496372 0.496264 0.983379 0.359195
45 0.495982 0.495402 0.98416 0.362069
34 0.496372 0.496264 0.983379 0.359195
22 0.496372 0.496264 0.983379 0.359195
2 0.496372 0.496264 0.983379 0.359195
36 0.496372 0.496264 0.983379 0.359195
5 0.496372 0.496264 0.983379 0.359195
28 0.494811 0.496839 0.978697 0.362644
23 0.497153 0.497126 0.98494 0.357471
22 0.49169 0.495115 0.978697 0.361494
21 0.496763 0.495402 0.985721 0.357471
20 0.494031 0.495402 0.981818 0.35977
2 0.497153 0.497126 0.98494 0.357471
45 0.496763 0.495402 0.985721 0.357471
58 0.497153 0.497126 0.98494 0.357471
34 0.497153 0.497126 0.98494 0.357471
39 0.497153 0.497126 0.98494 0.357471
5 0.497153 0.497126 0.98494 0.357471
28 0.494031 0.495402 0.981818 0.35977
36 0.497153 0.497126 0.98494 0.357471
33 0.497153 0.497126 0.98494 0.357471
56 0.496763 0.495402 0.985721 0.357471
23 0.495592 0.497414 0.978697 0.355747
21 0.497153 0.495977 0.98494 0.35977
22 0.489738 0.495977 0.974794 0.35977
20 0.493641 0.496552 0.979477 0.358621
34 0.497153 0.495977 0.98494 0.35977
36 0.497153 0.495977 0.98494 0.35977
45 0.497153 0.49569 0.986501 0.359195
58 0.497153 0.495977 0.98494 0.35977
2 0.497153 0.495977 0.98494 0.35977
56 0.497153 0.49569 0.986501 0.359195
39 0.489738 0.495977 0.974794 0.35977
59 0.489738 0.495977 0.974794 0.35977
23 0.498714 0.494253 0.989623 0.363218
21 0.497933 0.49569 0.986501 0.358046
22 0.49169 0.496552 0.977136 0.35977
20 0.496372 0.497126 0.983379 0.358621
45 0.498324 0.495977 0.988843 0.35977
36 0.497933 0.49569 0.986501 0.358046
58 0.497933 0.49569 0.986501 0.358046
2 0.497933 0.49569 0.986501 0.358046
34 0.497933 0.49569 0.986501 0.358046
59 0.49169 0.496552 0.977136 0.35977
5 0.497933 0.49569 0.986501 0.358046
23 0.495202 0.495402 0.985721 0.35977
22 0.495202 0.495402 0.985721 0.35977
20 0.495592 0.49454 0.988062 0.361494
21 0.495592 0.49454 0.988062 0.361494
58 0.495202 0.495402 0.985721 0.35977
45 0.495592 0.49454 0.988062 0.361494
34 0.495202 0.495402 0.985721 0.35977
28 0.493251 0.496264 0.983379 0.360345
2 0.495202 0.495402 0.985721 0.35977
36 0.495202 0.495402 0.985721 0.35977
59 0.493251 0.496264 0.983379 0.360345
39 0.495202 0.495402 0.985721 0.35977
23 0.495592 0.495977 0.981818 0.357471
22 0.49247 0.493966 0.978697 0.362644
20 0.49247 0.493966 0.978697 0.362644
58 0.494812 0.49454 0.983379 0.360345
21 0.494812 0.49454 0.983379 0.360345
2 0.494812 0.49454 0.983379 0.360345
28 0.493251 0.494828 0.980257 0.36092
45 0.495592 0.493966 0.98494 0.361494
34 0.494812 0.49454 0.983379 0.360345
36 0.494812 0.49454 0.983379 0.360345
5 0.494812 0.49454 0.983379 0.360345
59 0.494812 0.49454 0.983379 0.360345
39 0.494812 0.49454 0.983379 0.360345
23 0.496763 0.497988 0.985721 0.358046
22 0.491299 0.495977 0.977916 0.362069
20 0.491299 0.495977 0.977916 0.362069
58 0.496372 0.495977 0.986501 0.36092
28 0.497153 0.494828 0.988062 0.36092
34 0.496372 0.495977 0.986501 0.36092
21 0.497153 0.494828 0.988062 0.36092
2 0.496372 0.495977 0.986501 0.36092
5 0.496372 0.495977 0.986501 0.36092
36 0.496372 0.495977 0.986501 0.36092
10 0.497153 0.494828 0.988062 0.36092
59 0.491299 0.495977 0.977916 0.362069
23 0.495592 0.495977 0.98494 0.357471
22 0.495592 0.495977 0.98494 0.357471
58 0.495592 0.495977 0.98494 0.357471
21 0.496372 0.495402 0.986501 0.358621
20 0.496372 0.495402 0.986501 0.358621
34 0.495592 0.495977 0.98494 0.357471
2 0.495592 0.495977 0.98494 0.357471
28 0.494031 0.496839 0.981818 0.358046
5 0.495592 0.495977 0.98494 0.357471
45 0.496372 0.495402 0.986501 0.358621
10 0.495592 0.495977 0.98494 0.357471
59 0.495592 0.495977 0.98494 0.357471
36 0.495592 0.495977 0.98494 0.357471
23 0.497153 0.497701 0.983379 0.357471
21 0.496763 0.494253 0.985721 0.362069
22 0.496372 0.495977 0.983379 0.35977
58 0.496372 0.495977 0.983379 0.35977
34 0.496372 0.495977 0.983379 0.35977
20 0.495592 0.495977 0.981818 0.35977
2 0.496372 0.495977 0.983379 0.35977
28 0.495592 0.495977 0.981818 0.35977
5 0.496372 0.495977 0.983379 0.35977
59 0.495592 0.495977 0.981818 0.35977
36 0.496372 0.495977 0.983379 0.35977
23 0.496372 0.496839 0.980258 0.358046
22 0.49247 0.495977 0.978697 0.363218
20 0.494421 0.496552 0.977916 0.36092
34 0.496372 0.49569 0.981818 0.360345
21 0.496372 0.495402 0.98494 0.36092
58 0.496372 0.49569 0.981818 0.360345
28 0.494421 0.496552 0.977916 0.36092
2 0.496372 0.49569 0.981818 0.360345
23 0.496372 0.495402 0.981818 0.357471
22 0.496372 0.495402 0.981818 0.357471
20 0.493641 0.495977 0.979477 0.358621
34 0.496372 0.495402 0.981818 0.357471
28 0.493641 0.495977 0.979477 0.358621
2 0.496372 0.495402 0.981818 0.357471
58 0.496372 0.495402 0.981818 0.357471
5 0.496372 0.495402 0.981818 0.357471
10 0.496372 0.495402 0.981818 0.357471
23 0.495592 0.495977 0.98494 0.358621
22 0.495592 0.495977 0.98494 0.358621
58 0.495592 0.495977 0.98494 0.358621
20 0.49247 0.496264 0.978697 0.358046
28 0.49247 0.496264 0.978697 0.358046
10 0.495592 0.495977 0.98494 0.358621
2 0.495592 0.495977 0.98494 0.358621
34 0.495592 0.495977 0.98494 0.358621
21 0.496372 0.495402 0.986501 0.357471
5 0.495592 0.495977 0.98494 0.358621
59 0.49247 0.496264 0.978697 0.358046
39 0.495592 0.495977 0.98494 0.358621
23 0.497153 0.495402 0.98494 0.35977
22 0.497153 0.495402 0.98494 0.35977
20 0.494812 0.496264 0.980258 0.359195
21 0.497153 0.495402 0.988062 0.35977
28 0.494812 0.496264 0.980258 0.359195
34 0.497153 0.495402 0.98494 0.35977
58 0.497153 0.495402 0.98494 0.35977
2 0.502616 0.493391 0.980257 0.362644
23 0.496763 0.494253 0.98416 0.36092
22 0.496763 0.494253 0.98416 0.36092
20 0.49247 0.495402 0.977136 0.36092
28 0.49247 0.495402 0.977136 0.36092
21 0.502226 0.493391 0.981038 0.363793
34 0.496763 0.494253 0.98416 0.36092
58 0.496763 0.494253 0.98416 0.36092
2 0.502226 0.493391 0.981038 0.363793
45 0.49247 0.495402 0.977136 0.36092
59 0.49247 0.495402 0.977136 0.36092
39 0.502226 0.493391 0.981038 0.363793
10 0.496763 0.494253 0.98416 0.36092
23 0.494812 0.497414 0.980258 0.358046
22 0.491299 0.495977 0.977916 0.362069
21 0.497153 0.495402 0.988062 0.35977
58 0.496763 0.496264 0.985721 0.359195
20 0.497153 0.495402 0.988062 0.35977
34 0.496763 0.496264 0.985721 0.359195
28 0.497153 0.495402 0.988062 0.35977
5 0.496763 0.496264 0.985721 0.359195
10 0.496763 0.496264 0.985721 0.359195
45 0.497153 0.495402 0.988062 0.35977
59 0.493251 0.496839 0.978697 0.359195
2 0.496763 0.496264 0.985721 0.359195
23 0.496372 0.498276 0.980258 0.354023
22 0.49247 0.496839 0.978697 0.359195
21 0.497543 0.496552 0.987282 0.356322
20 0.497543 0.496552 0.987282 0.356322
34 0.497153 0.497126 0.98494 0.356322
58 0.497153 0.497126 0.98494 0.356322
45 0.497543 0.496552 0.987282 0.356322
5 0.497153 0.497126 0.98494 0.356322
28 0.497543 0.496552 0.987282 0.356322
2 0.497153 0.497126 0.98494 0.356322
33 0.497543 0.496552 0.987282 0.356322
10 0.497153 0.497126 0.98494 0.356322
23 0.497153 0.496839 0.98494 0.356897
22 0.497153 0.496839 0.98494 0.356897
21 0.497933 0.496264 0.988062 0.356897
58 0.497153 0.496839 0.98494 0.356897
20 0.497933 0.496264 0.988062 0.356897
34 0.497153 0.496839 0.98494 0.356897
28 0.494812 0.497414 0.981818 0.356897
10 0.497153 0.496839 0.98494 0.356897
2 0.497153 0.496839 0.98494 0.356897
45 0.497933 0.496264 0.988062 0.356897
5 0.497153 0.496839 0.98494 0.356897
59 0.494812 0.497414 0.981818 0.356897
23 0.496372 0.49569 0.983379 0.359195
22 0.496372 0.49569 0.983379 0.359195
21 0.497153 0.495402 0.986501 0.358621
58 0.496372 0.49569 0.983379 0.359195
34 0.496372 0.49569 0.983379 0.359195
20 0.497153 0.495402 0.986501 0.358621
28 0.497153 0.495402 0.986501 0.358621
5 0.496372 0.49569 0.983379 0.359195
2 0.496372 0.49569 0.983379 0.359195
45 0.497153 0.495402 0.986501 0.358621
10 0.496372 0.49569 0.983379 0.359195
59 0.494421 0.496552 0.977916 0.358621
23 0.496372 0.496552 0.983379 0.356322
22 0.49169 0.495402 0.977136 0.36092
21 0.496763 0.49569 0.985721 0.356897
58 0.496372 0.496552 0.983379 0.356322
20 0.496763 0.49569 0.985721 0.356897
34 0.496372 0.496552 0.983379 0.356322
28 0.496763 0.49569 0.985721 0.356897
2 0.496372 0.496552 0.983379 0.356322
5 0.496372 0.496552 0.983379 0.356322
45 0.496763 0.49569 0.985721 0.356897
10 0.496372 0.496552 0.983379 0.356322
33 0.496763 0.49569 0.985721 0.356897
23 0.497153 0.497126 0.98494 0.357471
22 0.49208 0.495402 0.977916 0.36092
21 0.497153 0.496552 0.988062 0.356322
34 0.497153 0.497126 0.98494 0.357471
20 0.497153 0.496552 0.988062 0.356322
58 0.497153 0.497126 0.98494 0.357471
28 0.497153 0.496552 0.988062 0.356322
5 0.497153 0.497126 0.98494 0.357471
2 0.497153 0.497126 0.98494 0.357471
45 0.497153 0.496552 0.988062 0.356322
10 0.497153 0.497126 0.98494 0.357471
23 0.497933 0.495402 0.989623 0.35977
22 0.490909 0.495115 0.975575 0.360345
21 0.497153 0.495977 0.988062 0.356322
34 0.496763 0.497126 0.98416 0.357471
20 0.497153 0.495977 0.988062 0.356322
58 0.496763 0.497126 0.98416 0.357471
5 0.496763 0.497126 0.98416 0.357471
28 0.497153 0.495977 0.988062 0.356322
23 0.496763 0.496552 0.98416 0.356322
21 0.497543 0.496264 0.987282 0.356897
22 0.49247 0.49569 0.977136 0.360345
20 0.497543 0.496264 0.987282 0.356897
34 0.496763 0.496552 0.98416 0.356322
58 0.496763 0.496552 0.98416 0.356322
5 0.496763 0.496552 0.98416 0.356322
28 0.497543 0.496264 0.987282 0.356897
45 0.497543 0.496264 0.987282 0.356897
10 0.496763 0.496552 0.98416 0.356322
59 0.49247 0.49569 0.977136 0.360345
56 0.497543 0.496264 0.987282 0.356897
2 0.496763 0.496552 0.98416 0.356322
23 0.497153 0.496552 0.98494 0.356322
21 0.497153 0.495977 0.988062 0.354023
20 0.497153 0.495977 0.988062 0.354023
22 0.49247 0.495402 0.978697 0.35977
58 0.497153 0.496552 0.98494 0.356322
34 0.497153 0.496552 0.98494 0.356322
5 0.497153 0.496552 0.98494 0.356322
28 0.497153 0.495977 0.988062 0.354023
10 0.497153 0.496552 0.98494 0.356322
45 0.497153 0.495977 0.988062 0.354023
59 0.494812 0.497126 0.980258 0.355172
2 0.497153 0.496552 0.98494 0.356322
56 0.497153 0.495977 0.988062 0.354023
23 0.497153 0.498276 0.981818 0.355172
21 0.497153 0.496264 0.988062 0.356897
22 0.493251 0.495402 0.980257 0.362069
20 0.497153 0.496264 0.988062 0.356897
58 0.497153 0.496839 0.98494 0.356897
34 0.497153 0.496839 0.98494 0.356897
5 0.497153 0.496839 0.98494 0.356897
28 0.497153 0.496264 0.988062 0.356897
10 0.497153 0.496839 0.98494 0.356897
45 0.497153 0.496264 0.988062 0.356897
2 0.497153 0.496839 0.98494 0.356897
59 0.493251 0.495402 0.980257 0.362069
23 0.497153 0.497988 0.98494 0.355747
22 0.49247 0.49569 0.978697 0.360345
21 0.497543 0.495977 0.988843 0.357471
34 0.497153 0.496839 0.986501 0.358046
20 0.497543 0.495977 0.988843 0.357471
58 0.497153 0.496839 0.986501 0.358046
28 0.497543 0.495977 0.988843 0.357471
5 0.497153 0.496839 0.986501 0.358046
10 0.497153 0.496839 0.986501 0.358046
45 0.497543 0.495977 0.988843 0.357471
59 0.49247 0.49569 0.978697 0.360345
2 0.497153 0.496839 0.986501 0.358046
23 0.496372 0.498563 0.980258 0.354598
22 0.49247 0.495977 0.977136 0.358621
21 0.497543 0.495977 0.987282 0.356322
20 0.497543 0.495977 0.987282 0.356322
34 0.497153 0.497414 0.98494 0.356897
58 0.497153 0.497414 0.98494 0.356897
28 0.497543 0.495977 0.987282 0.356322
5 0.497153 0.497414 0.98494 0.356897
10 0.497153 0.497414 0.98494 0.356897
45 0.497543 0.495977 0.987282 0.356322
59 0.49247 0.495977 0.977136 0.358621
2 0.497153 0.497414 0.98494 0.356897
68 0.497543 0.495977 0.987282 0.356322
23 0.495592 0.498563 0.981818 0.354598
22 0.491299 0.495977 0.976355 0.35977
21 0.497153 0.495977 0.988062 0.356322
20 0.491299 0.495977 0.976355 0.35977
28 0.497153 0.495977 0.988062 0.356322
34 0.496763 0.497414 0.98416 0.356897
5 0.496763 0.497414 0.98416 0.356897
58 0.496763 0.497414 0.98416 0.356897
10 0.496763 0.497414 0.98416 0.356897
45 0.497153 0.495977 0.988062 0.356322
2 0.496763 0.497414 0.98416 0.356897
23 0.494812 0.497988 0.980258 0.353448
22 0.491299 0.49569 0.976355 0.358046
21 0.496763 0.495977 0.987282 0.355172
20 0.491299 0.49569 0.976355 0.358046
28 0.496763 0.495977 0.987282 0.355172
58 0.496372 0.496552 0.983379 0.356322
34 0.496372 0.496552 0.983379 0.356322
5 0.496372 0.496552 0.983379 0.356322
45 0.496763 0.495977 0.987282 0.355172
10 0.496763 0.495977 0.987282 0.355172
59 0.491299 0.49569 0.976355 0.358046
68 0.496763 0.495977 0.987282 0.355172
23 0.494812 0.498276 0.980258 0.352874
22 0.49169 0.495977 0.977136 0.358621
21 0.497153 0.496264 0.988062 0.354598
20 0.49169 0.495977 0.977136 0.358621
28 0.497153 0.496264 0.988062 0.354598
58 0.495982 0.497126 0.98416 0.355172
34 0.495982 0.497126 0.98416 0.355172
45 0.497153 0.496264 0.988062 0.354598
5 0.495982 0.497126 0.98416 0.355172
10 0.497153 0.496264 0.988062 0.354598
59 0.49169 0.495977 0.977136 0.358621
68 0.497153 0.496264 0.988062 0.354598
2 0.495982 0.497126 0.98416 0.355172
23 0.494812 0.497701 0.980258 0.354023
22 0.490909 0.495402 0.977136 0.35977
21 0.497153 0.49569 0.988062 0.356897
20 0.490909 0.495402 0.977136 0.35977
28 0.497153 0.49569 0.988062 0.356897
34 0.496372 0.496264 0.983379 0.356897
45 0.497153 0.49569 0.988062 0.356897
5 0.496372 0.496264 0.983379 0.356897
58 0.496372 0.496264 0.983379 0.356897
10 0.497153 0.49569 0.988062 0.356897
2 0.496372 0.496264 0.983379 0.356897
59 0.490909 0.495402 0.977136 0.35977
33 0.496372 0.496264 0.983379 0.356897
68 0.497153 0.49569 0.988062 0.356897
23 0.495592 0.497701 0.981818 0.354023
22 0.490519 0.495402 0.976355 0.35977
21 0.497153 0.495977 0.988062 0.356322
20 0.490519 0.495402 0.976355 0.35977
34 0.496763 0.496552 0.985721 0.356322
58 0.496763 0.496552 0.985721 0.356322
28 0.497153 0.495977 0.988062 0.356322
5 0.496763 0.496552 0.985721 0.356322
45 0.497153 0.495977 0.988062 0.356322
2 0.496763 0.496552 0.985721 0.356322
10 0.496763 0.496552 0.985721 0.356322
23 0.496372 0.497988 0.980258 0.353448
22 0.490909 0.495402 0.975575 0.35977
21 0.497153 0.496264 0.988062 0.355747
34 0.497153 0.496839 0.983379 0.355747
20 0.490909 0.495402 0.975575 0.35977
28 0.497153 0.496264 0.988062 0.355747
58 0.497153 0.496839 0.983379 0.355747
5 0.497153 0.496839 0.983379 0.355747
45 0.497153 0.496264 0.988062 0.355747
10 0.497153 0.496839 0.983379 0.355747
68 0.497153 0.496264 0.988062 0.355747
23 0.496763 0.497126 0.982599 0.355172
22 0.49169 0.494828 0.977136 0.362069
21 0.497153 0.495977 0.988062 0.357471
20 0.49169 0.494828 0.977136 0.362069
34 0.496372 0.496264 0.98494 0.356897
58 0.496372 0.496264 0.98494 0.356897
28 0.497153 0.495977 0.988062 0.357471
5 0.496372 0.496264 0.98494 0.356897
45 0.497153 0.495977 0.988062 0.357471
10 0.496372 0.496264 0.98494 0.356897
23 0.495592 0.497414 0.981818 0.354598
22 0.49169 0.494828 0.977136 0.36092
21 0.497153 0.49569 0.988062 0.358046
20 0.49169 0.494828 0.977136 0.36092
58 0.496372 0.495977 0.98494 0.357471
34 0.496372 0.495977 0.98494 0.357471
28 0.497153 0.49569 0.988062 0.358046
10 0.496372 0.495977 0.98494 0.357471
5 0.496372 0.495977 0.98494 0.357471
45 0.497153 0.49569 0.988062 0.358046
59 0.49169 0.494828 0.977136 0.36092
68 0.497153 0.49569 0.988062 0.358046
23 0.495592 0.497414 0.981818 0.354598
22 0.49169 0.495115 0.977136 0.360345
21 0.497153 0.49569 0.988062 0.356897
58 0.496372 0.496264 0.983379 0.355747
20 0.49169 0.495115 0.977136 0.360345
10 0.496372 0.496264 0.983379 0.355747
28 0.497153 0.49569 0.988062 0.356897
34 0.496372 0.496264 0.983379 0.355747
5 0.496372 0.496264 0.983379 0.355747
45 0.497153 0.49569 0.988062 0.356897
2 0.496372 0.496264 0.983379 0.355747
59 0.49169 0.495115 0.977136 0.360345
68 0.497153 0.49569 0.988062 0.356897
23 0.495982 0.497701 0.981038 0.354023
22 0.49169 0.495402 0.977136 0.35977
21 0.497153 0.495977 0.988062 0.356322
58 0.496372 0.496264 0.983379 0.355747
20 0.49169 0.495402 0.977136 0.35977
28 0.497153 0.495977 0.988062 0.356322
34 0.496372 0.496264 0.983379 0.355747
10 0.496372 0.496264 0.983379 0.355747
5 0.496372 0.496264 0.983379 0.355747
45 0.497153 0.495977 0.988062 0.356322
2 0.496372 0.496264 0.983379 0.355747
59 0.49169 0.495402 0.977136 0.35977
23 0.496372 0.497701 0.980258 0.354023
22 0.49169 0.495115 0.977136 0.360345
21 0.497933 0.49569 0.986501 0.356897
58 0.496372 0.496264 0.983379 0.355747
20 0.497933 0.49569 0.986501 0.356897
34 0.496372 0.496264 0.983379 0.355747
28 0.497933 0.49569 0.986501 0.356897
10 0.496372 0.496264 0.983379 0.355747
5 0.496372 0.496264 0.983379 0.355747
45 0.497933 0.49569 0.986501 0.356897
2 0.496372 0.496264 0.983379 0.355747
68 0.497933 0.49569 0.986501 0.356897
59 0.49169 0.495115 0.977136 0.360345
23 0.496372 0.497414 0.980258 0.354598
22 0.49247 0.494828 0.978697 0.36092
21 0.497543 0.495402 0.987282 0.357471
58 0.496372 0.496264 0.983379 0.356897
20 0.49247 0.494828 0.978697 0.36092
34 0.496372 0.496264 0.983379 0.356897
28 0.497543 0.495402 0.987282 0.357471
5 0.496372 0.496264 0.983379 0.356897
10 0.496372 0.496264 0.983379 0.356897
45 0.497543 0.495402 0.987282 0.357471
2 0.496372 0.496264 0.983379 0.356897
59 0.49247 0.494828 0.978697 0.36092
68 0.497543 0.495402 0.987282 0.357471
23 0.496372 0.497701 0.980258 0.355172
22 0.49247 0.495402 0.978697 0.36092
21 0.497543 0.495977 0.987282 0.357471
58 0.496372 0.496552 0.983379 0.356322
20 0.49247 0.495402 0.978697 0.36092
34 0.496372 0.496552 0.983379 0.356322
28 0.497543 0.495977 0.987282 0.357471
5 0.496372 0.496552 0.983379 0.356322
10 0.496372 0.496552 0.983379 0.356322
45 0.497543 0.495977 0.987282 0.357471
68 0.497543 0.495977 0.987282 0.357471
59 0.49247 0.495402 0.978697 0.36092
23 0.496372 0.498276 0.980258 0.355172
22 0.49208 0.495402 0.976355 0.36092
21 0.497543 0.496264 0.987282 0.356897
58 0.496372 0.496839 0.983379 0.356897
20 0.497543 0.496264 0.987282 0.356897
34 0.496372 0.496839 0.983379 0.356897
28 0.497543 0.496264 0.987282 0.356897
10 0.496372 0.496839 0.983379 0.356897
5 0.496372 0.496839 0.983379 0.356897
45 0.497543 0.496264 0.987282 0.356897
68 0.497543 0.496264 0.987282 0.356897
59 0.49208 0.495402 0.976355 0.36092
23 0.497153 0.497701 0.981818 0.355172
22 0.49286 0.495402 0.977916 0.36092
21 0.497543 0.496552 0.987282 0.356322
58 0.496372 0.496552 0.983379 0.356322
20 0.49286 0.495402 0.977916 0.36092
34 0.496372 0.496552 0.983379 0.356322
28 0.497543 0.496552 0.987282 0.356322
10 0.496372 0.496552 0.983379 0.356322
5 0.496372 0.496552 0.983379 0.356322
45 0.497543 0.496552 0.987282 0.356322
59 0.49286 0.495402 0.977916 0.36092
68 0.497543 0.496552 0.987282 0.356322
23 0.497153 0.497701 0.981818 0.355172
22 0.49247 0.495115 0.978697 0.360345
21 0.497153 0.495977 0.988062 0.356322
58 0.497153 0.496552 0.983379 0.356322
34 0.497153 0.496552 0.983379 0.356322
20 0.497153 0.495977 0.988062 0.356322
28 0.497153 0.495977 0.988062 0.356322
5 0.497153 0.496552 0.983379 0.356322
10 0.497153 0.496552 0.983379 0.356322
45 0.497153 0.495977 0.988062 0.356322
59 0.49247 0.495115 0.978697 0.360345
68 0.497153 0.495977 0.988062 0.356322
23 0.497153 0.497701 0.981818 0.354023
22 0.49286 0.495115 0.977916 0.360345
21 0.497543 0.495977 0.987282 0.356322
58 0.497153 0.496552 0.98494 0.356322
20 0.497543 0.495977 0.987282 0.356322
34 0.497153 0.496552 0.98494 0.356322
28 0.497543 0.495977 0.987282 0.356322
5 0.497153 0.496552 0.98494 0.356322
10 0.497153 0.496552 0.98494 0.356322
45 0.497543 0.495977 0.987282 0.356322
59 0.49286 0.495115 0.977916 0.360345
68 0.497543 0.495977 0.987282 0.356322
23 0.498324 0.494828 0.988843 0.35977
22 0.490519 0.494828 0.973233 0.362069
28 0.498324 0.494828 0.988843 0.35977
5 0.498324 0.494828 0.988843 0.35977
33 0.497153 0.496264 0.98494 0.356897
20 0.490519 0.494828 0.973233 0.362069
34 0.497153 0.496264 0.98494 0.356897
10 0.497153 0.496264 0.98494 0.356897
21 0.497153 0.496264 0.98494 0.356897
58 0.497153 0.496264 0.98494 0.356897
23 0.498324 0.495115 0.988843 0.359195
22 0.490909 0.494828 0.972453 0.362069
28 0.498324 0.495115 0.988843 0.359195
33 0.497933 0.496552 0.983379 0.356322
20 0.490909 0.494828 0.972453 0.362069
5 0.498324 0.495115 0.988843 0.359195
34 0.497933 0.496552 0.983379 0.356322
21 0.497933 0.496552 0.983379 0.356322
10 0.497933 0.496552 0.983379 0.356322
58 0.497933 0.496552 0.983379 0.356322
23 0.498714 0.495115 0.988062 0.359195
22 0.490909 0.494828 0.972453 0.36092
28 0.495592 0.496552 0.980258 0.357471
33 0.497543 0.496552 0.982599 0.356322
20 0.490909 0.494828 0.972453 0.36092
5 0.498714 0.495115 0.988062 0.359195
34 0.497543 0.496552 0.982599 0.356322
21 0.497543 0.496552 0.982599 0.356322
10 0.497543 0.496552 0.982599 0.356322
58 0.497543 0.496552 0.982599 0.356322
23 0.498714 0.495115 0.988062 0.359195
22 0.49169 0.494828 0.974014 0.36092
28 0.495592 0.496552 0.980258 0.357471
33 0.497153 0.496552 0.981818 0.356322
20 0.49169 0.494828 0.974014 0.36092
21 0.497153 0.496552 0.981818 0.356322
34 0.497153 0.496552 0.981818 0.356322
5 0.497153 0.496552 0.981818 0.356322
58 0.497153 0.496552 0.981818 0.356322
10 0.497153 0.496552 0.981818 0.356322
23 0.498714 0.495402 0.988062 0.358621
22 0.491299 0.494828 0.973233 0.36092
28 0.496372 0.496552 0.980258 0.357471
20 0.491299 0.494828 0.973233 0.36092
33 0.497153 0.496552 0.981818 0.356322
21 0.497153 0.496552 0.981818 0.356322
34 0.497153 0.496552 0.981818 0.356322
5 0.497153 0.496552 0.981818 0.356322
58 0.497153 0.496552 0.981818 0.356322
10 0.497153 0.496552 0.981818 0.356322
23 0.498324 0.495402 0.987282 0.358621
22 0.491299 0.494828 0.973233 0.362069
28 0.495592 0.496552 0.978697 0.357471
20 0.491299 0.494828 0.973233 0.362069
33 0.497153 0.496839 0.981818 0.356897
5 0.497153 0.496839 0.981818 0.356897
21 0.497153 0.496839 0.981818 0.356897
34 0.497153 0.496839 0.981818 0.356897
10 0.497153 0.496839 0.981818 0.356897
58 0.497153 0.496839 0.981818 0.356897
23 0.497933 0.495402 0.986501 0.358621
22 0.491299 0.495115 0.973233 0.361494
28 0.495592 0.496552 0.978697 0.357471
20 0.491299 0.495115 0.973233 0.361494
33 0.497153 0.496552 0.981818 0.356322
5 0.497153 0.496552 0.981818 0.356322
34 0.497153 0.496552 0.981818 0.356322
21 0.497153 0.496552 0.981818 0.356322
10 0.497153 0.496552 0.981818 0.356322
58 0.497153 0.496552 0.981818 0.356322
23 0.498324 0.495402 0.987282 0.358621
22 0.491299 0.494828 0.973233 0.36092
28 0.495592 0.496552 0.978697 0.357471
33 0.497153 0.496839 0.981818 0.356897
20 0.491299 0.494828 0.973233 0.36092
21 0.497153 0.496839 0.981818 0.356897
34 0.497153 0.496839 0.981818 0.356897
5 0.497153 0.496839 0.981818 0.356897
10 0.497153 0.496839 0.981818 0.356897
58 0.497153 0.496839 0.981818 0.356897
23 0.498324 0.495115 0.987282 0.359195
22 0.491299 0.494828 0.973233 0.362069
28 0.495592 0.496552 0.978697 0.357471
20 0.491299 0.494828 0.973233 0.362069
33 0.497153 0.496839 0.981818 0.356897
21 0.497153 0.496839 0.981818 0.356897
5 0.497153 0.496839 0.981818 0.356897
34 0.497153 0.496839 0.981818 0.356897
58 0.497153 0.496839 0.981818 0.356897
10 0.497153 0.496839 0.981818 0.356897
23 0.497933 0.495115 0.986501 0.359195
22 0.49169 0.495115 0.974014 0.361494
28 0.495592 0.496839 0.978697 0.356897
20 0.49169 0.495115 0.974014 0.361494
21 0.497153 0.496839 0.981818 0.356897
33 0.497153 0.496839 0.981818 0.356897
5 0.497153 0.496839 0.981818 0.356897
34 0.497153 0.496839 0.981818 0.356897
58 0.497153 0.496839 0.981818 0.356897
10 0.497153 0.496839 0.981818 0.356897
23 0.494812 0.498276 0.980258 0.352874
22 0.49169 0.495977 0.977136 0.358621
21 0.497153 0.496264 0.988062 0.354598
20 0.49169 0.495977 0.977136 0.358621
28 0.497153 0.496264 0.988062 0.354598
58 0.495982 0.497126 0.98416 0.355172
34 0.495982 0.497126 0.98416 0.355172
45 0.497153 0.496264 0.988062 0.354598
5 0.495982 0.497126 0.98416 0.355172
10 0.497153 0.496264 0.988062 0.354598
59 0.49169 0.495977 0.977136 0.358621
68 0.497153 0.496264 0.988062 0.354598
2 0.495982 0.497126 0.98416 0.355172
