4 0.545932 0.503448 0.888944 0.806897
2 0.544761 0.494253 0.888163 0.796552
44 0.50925 0.486494 0.960746 0.774138
72 0.55998 0.477012 0.856164 0.756322
2 0.431594 0.601293 0.847579 0.487069
57 0.582223 0.443678 0.810117 0.685057
22 0.466325 0.511207 0.924845 0.672988
46 0.504957 0.487931 0.970892 0.787356
41 0.545932 0.503448 0.888944 0.806897
60 0.593052 0.477586 0.794703 0.757471
57 0.679 0.439368 0.605637 0.638506
62 0.52603 0.495402 0.93343 0.790805
49 0.47608 0.49569 0.942795 0.651149
69 0.544761 0.47069 0.888163 0.743678
57 0.358426 0.551724 0.704365 0.526437
67 0.593052 0.477586 0.794703 0.757471
71 0.50925 0.486494 0.960746 0.774138
36 0.47608 0.49569 0.942795 0.651149
66 0.611198 0.441954 0.758412 0.690805
20 0.504957 0.487931 0.970892 0.787356
40 0.578711 0.465805 0.821824 0.737356
8 0.582223 0.443678 0.810117 0.685057
35 0.545932 0.503448 0.888944 0.806897
22 0.611198 0.441954 0.758412 0.690805
2 0.358426 0.551724 0.704365 0.526437
66 0.505738 0.488218 0.977136 0.776437
65 0.505738 0.492816 0.969331 0.787931
60 0.466325 0.511207 0.924845 0.672988
49 0.358426 0.551724 0.704365 0.526437
60 0.358426 0.551724 0.704365 0.526437
57 0.472178 0.493103 0.934991 0.7
23 0.47608 0.49569 0.942795 0.651149
60 0.431594 0.601293 0.847579 0.487069
32 0.47608 0.49569 0.942795 0.651149
70 0.47608 0.49569 0.942795 0.651149
22 0.726608 0.395115 0.52603 0.57069
50 0.582223 0.443678 0.810117 0.685057
49 0.726608 0.395115 0.52603 0.57069
45 0.472178 0.493103 0.934991 0.7
33 0.466325 0.511207 0.924845 0.672988
62 0.746119 0.399425 0.487007 0.585057
45 0.582223 0.443678 0.810117 0.685057
17 0.593052 0.477586 0.794703 0.757471
38 0.582223 0.443678 0.810117 0.685057
10 0.494031 0.483333 0.959966 0.729885
56 0.52603 0.495402 0.93343 0.790805
2 0.658708 0.471839 0.663391 0.745977
7 0.593052 0.477586 0.794703 0.757471
4 0.622417 0.429885 0.734413 0.651724
72 0.431594 0.601293 0.847579 0.487069
70 0.347305 0.532471 0.680561 0.532759
64 0.50925 0.486494 0.960746 0.774138
57 0.432765 0.643534 0.849921 0.425575
46 0.611198 0.441954 0.758412 0.690805
17 0.47608 0.49569 0.942795 0.651149
11 0.52603 0.495402 0.93343 0.790805
49 0.611198 0.441954 0.758412 0.690805
54 0.578711 0.465805 0.821824 0.737356
39 0.504957 0.487931 0.970892 0.787356
49 0.235699 0.598994 0.45813 0.399713
37 0.431594 0.601293 0.847579 0.487069
1 0.504957 0.487931 0.970892 0.787356
3 0.52603 0.495402 0.93343 0.790805
58 0.47608 0.49569 0.942795 0.651149
33 0.658708 0.471839 0.663391 0.745977
4 0.723876 0.412069 0.531493 0.628736
32 0.358426 0.551724 0.704365 0.526437
34 0.545932 0.503448 0.888944 0.806897
1 0.347305 0.532471 0.680561 0.532759
39 0.622417 0.429885 0.734413 0.651724
67 0.748461 0.366954 0.479202 0.537356
18 0.50925 0.486494 0.960746 0.774138
62 0.430424 0.63908 0.849921 0.429885
46 0.455789 0.595977 0.885041 0.517241
5 0.503787 0.486207 0.979477 0.770115
18 0.746119 0.399425 0.487007 0.585057
20 0.455789 0.595977 0.885041 0.517241
45 0.358426 0.551724 0.704365 0.526437
15 0.591198 0.448851 0.789045 0.691954
36 0.358426 0.551724 0.704365 0.526437
44 0.658708 0.471839 0.663391 0.745977
2 0.755485 0.385057 0.471398 0.496552
59 0.746119 0.399425 0.487007 0.585057
72 0.347305 0.532471 0.680561 0.532759
31 0.478812 0.485057 0.93421 0.742529
46 0.726608 0.395115 0.52603 0.57069
17 0.358426 0.551724 0.704365 0.526437
22 0.431594 0.601293 0.847579 0.487069
14 0.52603 0.495402 0.93343 0.790805
10 0.347305 0.532471 0.680561 0.532759
2 0.501055 0.475862 0.977136 0.751724
4 0.497153 0.471264 0.981818 0.731034
3 0.495202 0.481609 0.96699 0.731034
10 0.496763 0.475287 0.982599 0.75977
44 0.501055 0.475862 0.977136 0.751724
66 0.504567 0.477586 0.968551 0.747127
57 0.497153 0.47069 0.977136 0.741379
69 0.497933 0.478161 0.983379 0.73908
4 0.858506 0.440517 0.279405 0.225862
60 0.497153 0.471264 0.981818 0.731034
7 0.501055 0.475862 0.977136 0.751724
36 0.501055 0.475862 0.977136 0.751724
22 0.501055 0.475862 0.977136 0.751724
58 0.432765 0.558477 0.851482 0.437069
67 0.497933 0.478161 0.983379 0.73908
58 0.499494 0.485345 0.977136 0.735057
3 0.432765 0.558477 0.851482 0.437069
33 0.497153 0.471264 0.981818 0.731034
35 0.497153 0.471264 0.981818 0.731034
4 0.154921 0.613649 0.295794 0.193391
32 0.504567 0.477586 0.968551 0.747127
52 0.497153 0.471264 0.981818 0.731034
62 0.501055 0.475862 0.977136 0.751724
72 0.496763 0.475287 0.982599 0.75977
56 0.501055 0.475862 0.977136 0.751724
65 0.497933 0.478161 0.983379 0.73908
49 0.504567 0.477586 0.968551 0.747127
1 0.495592 0.479885 0.970892 0.748276
39 0.497153 0.47069 0.977136 0.741379
41 0.496763 0.475287 0.982599 0.75977
20 0.504957 0.478736 0.972453 0.758621
8 0.500665 0.468391 0.970111 0.735632
4 0.87431 0.403736 0.23687 0.213218
40 0.497153 0.47069 0.977136 0.741379
15 0.497153 0.47069 0.977136 0.741379
4 0.89909 0.432759 0.18731 0.208046
45 0.497153 0.47069 0.977136 0.741379
68 0.498714 0.480747 0.969331 0.753448
34 0.497153 0.471264 0.981818 0.731034
0 0.497153 0.471264 0.981818 0.731034
2 0.499494 0.487069 0.970892 0.743103
4 0.49247 0.485632 0.972453 0.741379
8 0.49247 0.485632 0.972453 0.741379
3 0.503006 0.479885 0.988842 0.748276
66 0.49247 0.485632 0.972453 0.741379
44 0.49247 0.485632 0.972453 0.741379
10 0.504293 0.481034 0.991415 0.745977
5 0.503006 0.479885 0.988842 0.748276
57 0.49247 0.485632 0.972453 0.741379
7 0.499494 0.481322 0.974014 0.75
58 0.485446 0.488506 0.958405 0.728736
69 0.499494 0.481322 0.974014 0.75
39 0.494031 0.492529 0.969331 0.722988
22 0.49247 0.485632 0.972453 0.741379
45 0.499494 0.487069 0.970892 0.743103
1 0.504293 0.481034 0.991415 0.745977
6 0.499104 0.481609 0.971672 0.773563
60 0.499494 0.487069 0.970892 0.743103
62 0.499494 0.481322 0.974014 0.75
67 0.499104 0.481609 0.971672 0.773563
32 0.49247 0.485632 0.972453 0.741379
36 0.499494 0.481322 0.974014 0.75
56 0.49247 0.485632 0.972453 0.741379
35 0.499494 0.481322 0.974014 0.75
54 0.49247 0.480747 0.972453 0.748851
20 0.49247 0.485632 0.972453 0.741379
0 0.490909 0.483908 0.980257 0.751724
65 0.49247 0.485632 0.972453 0.741379
34 0.499494 0.481322 0.974014 0.75
28 0.503006 0.495402 0.982599 0.713793
52 0.497933 0.481609 0.977136 0.751724
33 0.499494 0.481322 0.974014 0.75
40 0.499494 0.487069 0.970892 0.743103
29 0.499104 0.481609 0.971672 0.773563
21 0.499494 0.487069 0.970892 0.743103
23 0.503006 0.479885 0.988842 0.748276
15 0.494812 0.483046 0.970892 0.75
58 0.392669 0.523563 0.769338 0.612644
8 0.507299 0.476149 0.974014 0.751149
66 0.497153 0.474425 0.994306 0.743104
54 0.50886 0.470977 0.975575 0.752299
44 0.507299 0.476149 0.974014 0.751149
4 0.497153 0.473563 0.991184 0.751724
20 0.507299 0.476149 0.974014 0.751149
2 0.497153 0.473563 0.991184 0.751724
57 0.507299 0.476149 0.974014 0.751149
1 0.495982 0.468103 0.96699 0.758046
6 0.497153 0.474425 0.994306 0.743104
67 0.50886 0.470977 0.975575 0.752299
29 0.50886 0.470977 0.975575 0.752299
10 0.49247 0.475575 0.964648 0.75
28 0.49247 0.475575 0.964648 0.75
35 0.497153 0.474425 0.994306 0.743104
69 0.497153 0.474425 0.994306 0.743104
7 0.507299 0.476149 0.974014 0.751149
23 0.490519 0.483908 0.959185 0.733333
3 0.49247 0.475575 0.964648 0.75
34 0.50886 0.470977 0.975575 0.752299
45 0.497153 0.473563 0.991184 0.751724
68 0.495982 0.468103 0.96699 0.758046
56 0.507299 0.476149 0.974014 0.751149
32 0.507299 0.476149 0.974014 0.751149
60 0.507299 0.476149 0.974014 0.751149
62 0.50886 0.470977 0.975575 0.752299
5 0.49247 0.475575 0.964648 0.75
39 0.503787 0.485058 0.965429 0.732184
36 0.50886 0.470977 0.975575 0.752299
33 0.497153 0.474425 0.994306 0.743104
30 0.50964 0.48046 0.972453 0.765517
22 0.507299 0.476149 0.974014 0.751149
31 0.50964 0.48046 0.972453 0.765517
0 0.497153 0.474425 0.994306 0.743104
58 0.490519 0.483908 0.959185 0.733333
21 0.503787 0.485058 0.965429 0.732184
52 0.497153 0.474425 0.994306 0.743104
65 0.497153 0.474425 0.994306 0.743104
61 0.503787 0.485058 0.965429 0.732184
59 0.50964 0.48046 0.972453 0.765517
72 0.495982 0.468103 0.96699 0.758046
41 0.507299 0.476149 0.974014 0.751149
4 0.158628 0.597701 0.294624 0.205747
2 0.171701 0.6 0.308672 0.213793
54 0.502616 0.472126 0.977136 0.72931
8 0.506518 0.478161 0.974014 0.747126
66 0.502616 0.472126 0.977136 0.72931
4 0.502616 0.472126 0.977136 0.72931
28 0.507299 0.473563 0.974014 0.744828
6 0.501055 0.463793 0.978697 0.734483
67 0.501055 0.463793 0.978697 0.734483
10 0.507299 0.473563 0.974014 0.744828
44 0.502616 0.472126 0.977136 0.72931
30 0.501055 0.463793 0.978697 0.734483
45 0.505348 0.473563 0.974794 0.743678
29 0.501055 0.463793 0.978697 0.734483
20 0.506518 0.478161 0.974014 0.747126
57 0.505348 0.473563 0.974794 0.743678
1 0.507299 0.473563 0.974014 0.744828
39 0.505348 0.473563 0.974794 0.743678
35 0.502616 0.472126 0.977136 0.72931
34 0.507299 0.473563 0.974014 0.744828
2 0.502616 0.472126 0.977136 0.72931
32 0.506518 0.478161 0.974014 0.747126
31 0.501055 0.463793 0.978697 0.734483
62 0.50847 0.464368 0.968551 0.733333
21 0.505348 0.473563 0.974794 0.743678
36 0.501055 0.463793 0.978697 0.734483
69 0.502616 0.472126 0.977136 0.72931
7 0.502616 0.472126 0.977136 0.72931
0 0.502616 0.472126 0.977136 0.72931
5 0.506518 0.478161 0.974014 0.747126
3 0.507299 0.473563 0.974014 0.744828
56 0.505348 0.473563 0.974794 0.743678
52 0.502616 0.472126 0.977136 0.72931
68 0.50847 0.464368 0.968551 0.733333
60 0.502616 0.472126 0.977136 0.72931
33 0.502616 0.472126 0.977136 0.72931
23 0.506518 0.478161 0.974014 0.747126
65 0.502616 0.472126 0.977136 0.72931
61 0.506518 0.478161 0.974014 0.747126
22 0.507299 0.473563 0.974014 0.744828
45 0.158043 0.595402 0.299697 0.190805
59 0.50847 0.464368 0.968551 0.733333
4 0.171018 0.595977 0.310428 0.2
58 0.501055 0.463793 0.978697 0.734483
2 0.158043 0.595402 0.299697 0.190805
41 0.502616 0.472126 0.977136 0.72931
72 0.50847 0.464368 0.968551 0.733333
3 0.50847 0.472701 0.974794 0.755747
4 0.50886 0.475862 0.969331 0.744828
1 0.50847 0.472701 0.974794 0.755747
52 0.50847 0.472701 0.974794 0.755747
10 0.50847 0.472701 0.974794 0.755747
68 0.50847 0.472701 0.974794 0.755747
58 0.50847 0.472701 0.974794 0.755747
5 0.507299 0.473851 0.974014 0.740805
28 0.507299 0.473851 0.974014 0.740805
59 0.508079 0.472701 0.969331 0.752299
23 0.50847 0.472701 0.974794 0.755747
7 0.50847 0.472701 0.974794 0.755747
69 0.50886 0.475862 0.969331 0.744828
6 0.506518 0.471264 0.969331 0.747126
34 0.50847 0.472701 0.974794 0.755747
56 0.50847 0.472701 0.974794 0.755747
32 0.50847 0.472701 0.974794 0.755747
57 0.507299 0.473851 0.974014 0.740805
54 0.50847 0.472701 0.974794 0.755747
31 0.508079 0.472701 0.969331 0.752299
8 0.507299 0.473851 0.974014 0.740805
2 0.50886 0.475862 0.969331 0.744828
22 0.50847 0.472701 0.974794 0.755747
67 0.508079 0.472701 0.969331 0.752299
29 0.508079 0.472701 0.969331 0.752299
66 0.50886 0.475862 0.969331 0.744828
39 0.50847 0.47069 0.970111 0.741379
21 0.50847 0.47069 0.970111 0.741379
45 0.50847 0.47069 0.970111 0.741379
44 0.50847 0.472701 0.974794 0.755747
20 0.508079 0.472701 0.969331 0.752299
0 0.50886 0.475862 0.969331 0.744828
60 0.507299 0.473851 0.974014 0.740805
36 0.506518 0.471264 0.969331 0.747126
45 0.198822 0.603305 0.382816 0.168103
30 0.508079 0.472701 0.969331 0.752299
3 0.335988 0.472414 0.650123 0.713793
7 0.507299 0.483333 0.970892 0.749425
4 0.510811 0.482759 0.96699 0.754023
6 0.511982 0.481609 0.961526 0.75977
2 0.512762 0.487356 0.963087 0.773563
3 0.510811 0.482759 0.96699 0.754023
1 0.50847 0.480172 0.971672 0.763793
57 0.507299 0.483333 0.970892 0.749425
5 0.507299 0.483333 0.970892 0.749425
45 0.507299 0.483333 0.970892 0.749425
10 0.50847 0.480172 0.971672 0.763793
8 0.507299 0.483333 0.970892 0.749425
21 0.507299 0.483333 0.970892 0.749425
35 0.512762 0.487356 0.963087 0.773563
28 0.507299 0.483333 0.970892 0.749425
52 0.512762 0.487356 0.963087 0.773563
69 0.510811 0.482759 0.96699 0.754023
23 0.507299 0.483333 0.970892 0.749425
20 0.50847 0.480172 0.971672 0.763793
66 0.50847 0.480172 0.971672 0.763793
44 0.507299 0.483333 0.970892 0.749425
33 0.507299 0.483333 0.970892 0.749425
54 0.50847 0.480172 0.971672 0.763793
29 0.50847 0.480172 0.971672 0.763793
56 0.50847 0.480172 0.971672 0.763793
60 0.507299 0.483333 0.970892 0.749425
39 0.510811 0.482759 0.96699 0.754023
22 0.510811 0.482759 0.96699 0.754023
31 0.511982 0.481609 0.961526 0.75977
34 0.507299 0.483333 0.970892 0.749425
0 0.512762 0.487356 0.963087 0.773563
67 0.512762 0.487356 0.963087 0.773563
32 0.512762 0.487356 0.963087 0.773563
30 0.511982 0.481609 0.961526 0.75977
58 0.510811 0.482759 0.96699 0.754023
65 0.50847 0.480172 0.971672 0.763793
36 0.50847 0.480172 0.971672 0.763793
68 0.50847 0.480172 0.971672 0.763793
62 0.50847 0.480172 0.971672 0.763793
59 0.50847 0.480172 0.971672 0.763793
61 0.505738 0.486207 0.964648 0.747126
41 0.512762 0.487356 0.963087 0.773563
7 0.514323 0.47931 0.953722 0.751724
6 0.512762 0.477012 0.955283 0.754023
4 0.514323 0.47931 0.953722 0.751724
3 0.514323 0.477586 0.953722 0.745977
8 0.514323 0.478161 0.959966 0.750575
21 0.513152 0.479885 0.959185 0.742529
57 0.513152 0.479885 0.959185 0.742529
29 0.514323 0.478161 0.959966 0.750575
54 0.514323 0.47931 0.953722 0.751724
45 0.513152 0.479885 0.959185 0.742529
28 0.513152 0.479885 0.959185 0.742529
10 0.514323 0.478161 0.959966 0.750575
35 0.514323 0.47931 0.953722 0.751724
1 0.514323 0.478161 0.959966 0.750575
39 0.514323 0.477586 0.953722 0.745977
5 0.513152 0.479885 0.959185 0.742529
2 0.514323 0.47931 0.953722 0.751724
66 0.514323 0.47931 0.953722 0.751724
20 0.512762 0.477012 0.955283 0.754023
60 0.514323 0.47931 0.953722 0.751724
31 0.512762 0.477012 0.955283 0.754023
69 0.514323 0.47931 0.953722 0.751724
0 0.514323 0.47931 0.953722 0.751724
52 0.514323 0.47931 0.953722 0.751724
56 0.514323 0.47931 0.953722 0.751724
58 0.514323 0.477586 0.953722 0.745977
67 0.514323 0.47931 0.953722 0.751724
32 0.514323 0.47931 0.953722 0.751724
23 0.513152 0.479885 0.959185 0.742529
30 0.512762 0.477012 0.955283 0.754023
34 0.514323 0.478161 0.959966 0.750575
44 0.513152 0.479885 0.959185 0.742529
33 0.514323 0.47931 0.953722 0.751724
68 0.514323 0.478161 0.959966 0.750575
59 0.514323 0.478161 0.959966 0.750575
22 0.514323 0.477586 0.953722 0.745977
65 0.512762 0.477012 0.955283 0.754023
36 0.512762 0.477012 0.955283 0.754023
61 0.513152 0.479885 0.959185 0.742529
62 0.512762 0.477012 0.955283 0.754023
41 0.514323 0.47931 0.953722 0.751724
4 0.507299 0.481609 0.96777 0.745977
8 0.507299 0.481609 0.96777 0.745977
45 0.505738 0.477012 0.963087 0.748276
29 0.507299 0.481609 0.96777 0.745977
54 0.507299 0.481609 0.96777 0.745977
21 0.505738 0.477012 0.963087 0.748276
10 0.507299 0.481609 0.96777 0.745977
28 0.505738 0.477012 0.963087 0.748276
57 0.497543 0.481035 0.954502 0.742529
6 0.502616 0.476149 0.974014 0.756896
3 0.505738 0.477012 0.963087 0.748276
7 0.507299 0.481609 0.96777 0.745977
23 0.505738 0.477012 0.963087 0.748276
44 0.505738 0.477012 0.963087 0.748276
32 0.507299 0.481609 0.96777 0.745977
1 0.507299 0.481609 0.96777 0.745977
69 0.504177 0.48046 0.974014 0.747126
52 0.504177 0.48046 0.974014 0.747126
66 0.507299 0.481609 0.96777 0.745977
31 0.507299 0.482184 0.96777 0.766667
39 0.505738 0.477012 0.963087 0.748276
59 0.507299 0.481609 0.96777 0.745977
68 0.507299 0.481609 0.96777 0.745977
5 0.505738 0.477012 0.963087 0.748276
30 0.507299 0.481609 0.96777 0.745977
34 0.507299 0.481609 0.96777 0.745977
0 0.507299 0.481609 0.96777 0.745977
56 0.507299 0.481609 0.96777 0.745977
58 0.507299 0.482184 0.96777 0.766667
2 0.507299 0.482184 0.96777 0.766667
67 0.507299 0.482184 0.96777 0.766667
20 0.505738 0.477012 0.963087 0.748276
35 0.507299 0.481609 0.96777 0.745977
61 0.497543 0.481035 0.954502 0.742529
60 0.497153 0.48046 0.956844 0.749425
22 0.507299 0.481609 0.96777 0.745977
36 0.507299 0.482184 0.96777 0.766667
33 0.505738 0.477012 0.963087 0.748276
65 0.497153 0.48046 0.956844 0.749425
62 0.507299 0.482184 0.96777 0.766667
33 0.501055 0.48046 0.958405 0.754023
21 0.499104 0.482759 0.954502 0.743678
8 0.501055 0.48046 0.958405 0.754023
45 0.500275 0.480172 0.956844 0.747701
7 0.501055 0.48046 0.958405 0.754023
6 0.501836 0.492241 0.956844 0.782184
10 0.500275 0.480172 0.956844 0.747701
57 0.500275 0.480172 0.956844 0.747701
69 0.499884 0.483908 0.95138 0.762069
35 0.501055 0.48046 0.958405 0.754023
2 0.501055 0.48046 0.958405 0.754023
29 0.501055 0.48046 0.958405 0.754023
28 0.500275 0.480172 0.956844 0.747701
39 0.500275 0.480172 0.956844 0.747701
20 0.501836 0.492241 0.956844 0.782184
60 0.499884 0.483908 0.95138 0.762069
34 0.499104 0.482759 0.954502 0.743678
4 0.500275 0.480172 0.956844 0.747701
54 0.501055 0.48046 0.958405 0.754023
5 0.500665 0.47931 0.956063 0.758621
52 0.499104 0.482759 0.954502 0.743678
66 0.501055 0.48046 0.958405 0.754023
61 0.499104 0.482759 0.954502 0.743678
0 0.499884 0.483908 0.95138 0.762069
23 0.501055 0.48046 0.958405 0.754023
44 0.501055 0.48046 0.958405 0.754023
3 0.501055 0.48046 0.958405 0.754023
1 0.501836 0.492241 0.956844 0.782184
65 0.500665 0.47931 0.956063 0.758621
67 0.499884 0.483908 0.95138 0.762069
31 0.501836 0.492241 0.956844 0.782184
56 0.500665 0.47931 0.956063 0.758621
30 0.501836 0.492241 0.956844 0.782184
58 0.501836 0.492241 0.956844 0.782184
32 0.499884 0.483908 0.95138 0.762069
22 0.500665 0.47931 0.956063 0.758621
36 0.501836 0.492241 0.956844 0.782184
62 0.500665 0.47931 0.956063 0.758621
68 0.501836 0.492241 0.956844 0.782184
45 0.500275 0.470977 0.970892 0.754598
6 0.500665 0.473851 0.974794 0.746552
66 0.501445 0.477012 0.976355 0.749425
4 0.504177 0.471552 0.964648 0.755747
54 0.501445 0.477012 0.976355 0.749425
57 0.504177 0.471552 0.964648 0.755747
1 0.500665 0.473851 0.974794 0.746552
8 0.501445 0.477012 0.976355 0.749425
28 0.501445 0.477012 0.976355 0.749425
2 0.500665 0.473851 0.974794 0.746552
44 0.501445 0.477012 0.976355 0.749425
33 0.501445 0.477012 0.976355 0.749425
5 0.501445 0.477012 0.976355 0.749425
35 0.500665 0.473851 0.974794 0.746552
21 0.500275 0.470977 0.970892 0.754598
3 0.504177 0.471552 0.964648 0.755747
7 0.500665 0.473851 0.974794 0.746552
20 0.500665 0.473851 0.974794 0.746552
10 0.500275 0.470977 0.970892 0.754598
39 0.500275 0.470977 0.970892 0.754598
56 0.503397 0.472414 0.966209 0.742529
29 0.501445 0.477012 0.976355 0.749425
0 0.501445 0.477012 0.976355 0.749425
31 0.500665 0.473851 0.974794 0.746552
69 0.500275 0.470977 0.970892 0.754598
23 0.500275 0.470977 0.970892 0.754598
32 0.501445 0.477012 0.976355 0.749425
52 0.502616 0.473563 0.970892 0.74023
36 0.500665 0.473851 0.974794 0.746552
68 0.501445 0.477012 0.976355 0.749425
30 0.500665 0.473851 0.974794 0.746552
22 0.504177 0.471552 0.964648 0.755747
60 0.500665 0.473851 0.974794 0.746552
67 0.504177 0.471552 0.964648 0.755747
65 0.500665 0.473851 0.974794 0.746552
61 0.500275 0.470977 0.970892 0.754598
34 0.49247 0.473851 0.963087 0.754598
58 0.502616 0.467816 0.972453 0.732184
62 0.500665 0.473851 0.974794 0.746552
59 0.504177 0.471552 0.964648 0.755747
57 0.510421 0.472414 0.969331 0.749425
21 0.506518 0.475 0.975575 0.751149
45 0.510421 0.472414 0.969331 0.749425
4 0.510421 0.472414 0.969331 0.749425
33 0.506518 0.475 0.975575 0.751149
35 0.508079 0.471552 0.972453 0.751149
10 0.506518 0.475 0.975575 0.751149
6 0.505738 0.46954 0.969331 0.73908
39 0.510421 0.472414 0.969331 0.749425
3 0.507689 0.465517 0.971672 0.736782
23 0.506518 0.475 0.975575 0.751149
28 0.506518 0.473563 0.975575 0.754023
7 0.510421 0.472414 0.969331 0.749425
8 0.506518 0.473563 0.975575 0.754023
52 0.506518 0.475 0.975575 0.751149
22 0.510421 0.472414 0.969331 0.749425
69 0.510421 0.472414 0.969331 0.749425
60 0.510421 0.472414 0.969331 0.749425
31 0.505738 0.46954 0.969331 0.73908
5 0.510421 0.472414 0.969331 0.749425
29 0.506518 0.473563 0.975575 0.754023
20 0.506518 0.473563 0.975575 0.754023
34 0.506518 0.473563 0.975575 0.754023
66 0.506518 0.473563 0.975575 0.754023
2 0.505738 0.46954 0.969331 0.73908
0 0.506518 0.473563 0.975575 0.754023
44 0.506518 0.475 0.975575 0.751149
67 0.510421 0.472414 0.969331 0.749425
56 0.505738 0.46954 0.969331 0.73908
65 0.506518 0.475 0.975575 0.751149
1 0.506518 0.473563 0.975575 0.754023
30 0.505738 0.46954 0.969331 0.73908
54 0.506518 0.473563 0.975575 0.754023
58 0.50964 0.464368 0.969331 0.728736
32 0.505738 0.46954 0.969331 0.73908
59 0.510421 0.472414 0.969331 0.749425
68 0.506518 0.473563 0.975575 0.754023
61 0.506518 0.475 0.975575 0.751149
62 0.506128 0.47069 0.973233 0.743678
52 0.500665 0.477586 0.968551 0.762069
3 0.500275 0.473851 0.980257 0.751149
10 0.500665 0.477011 0.965429 0.763218
69 0.500665 0.477011 0.965429 0.763218
31 0.499494 0.479885 0.969331 0.762069
57 0.500665 0.477586 0.968551 0.762069
4 0.500665 0.477586 0.968551 0.762069
58 0.501055 0.476437 0.963087 0.762069
2 0.500665 0.477586 0.968551 0.762069
23 0.500665 0.477586 0.968551 0.762069
22 0.500665 0.477586 0.968551 0.762069
68 0.500665 0.477586 0.968551 0.762069
0 0.500665 0.477586 0.968551 0.762069
5 0.500665 0.477011 0.965429 0.763218
59 0.500665 0.477586 0.968551 0.762069
28 0.500665 0.477586 0.968551 0.762069
1 0.500665 0.477586 0.968551 0.762069
6 0.499494 0.478161 0.963087 0.758621
56 0.500665 0.477586 0.968551 0.762069
60 0.500665 0.477586 0.968551 0.762069
67 0.501055 0.476437 0.963087 0.762069
39 0.500665 0.477586 0.968551 0.762069
7 0.499494 0.479885 0.969331 0.762069
45 0.500665 0.477586 0.968551 0.762069
21 0.500665 0.477011 0.965429 0.763218
66 0.500665 0.477586 0.968551 0.762069
32 0.500665 0.477586 0.968551 0.762069
54 0.500665 0.477586 0.968551 0.762069
62 0.499494 0.479885 0.969331 0.762069
35 0.499494 0.479885 0.969331 0.762069
20 0.499494 0.479885 0.969331 0.762069
44 0.500665 0.477586 0.968551 0.762069
8 0.500665 0.477586 0.968551 0.762069
29 0.500665 0.477586 0.968551 0.762069
34 0.500665 0.477586 0.968551 0.762069
33 0.500665 0.477586 0.968551 0.762069
30 0.499494 0.479885 0.969331 0.762069
