4 0.539138 0.451698 0.863088 0.343677
22 0.508731 0.45082 0.970682 0.338407
41 0.51068 0.451405 0.960546 0.334895
72 0.508731 0.45082 0.970682 0.338407
57 0.506782 0.451112 0.926241 0.341335
3 0.506782 0.449063 0.907529 0.348946
10 0.505612 0.451112 0.892716 0.337822
62 0.495087 0.494438 0.946512 0.326112
2 0.490409 0.47014 0.955868 0.372365
39 0.508731 0.45082 0.970682 0.338407
60 0.508341 0.45082 0.913767 0.337236
20 0.490409 0.476581 0.962106 0.362998
36 0.453375 0.52137 0.877122 0.271077
34 0.508731 0.45082 0.970682 0.338407
36 0.506782 0.449063 0.907529 0.348946
49 0.506782 0.451112 0.926241 0.341335
67 0.48729 0.472775 0.958987 0.363583
44 0.506782 0.451112 0.926241 0.341335
8 0.508731 0.45082 0.970682 0.338407
70 0.453375 0.52137 0.877122 0.271077
67 0.486511 0.484778 0.943394 0.339578
4 0.287501 0.550351 0.243645 0.215457
58 0.484951 0.456382 0.895055 0.326112
3 0.48768 0.454918 0.891156 0.331382
60 0.468968 0.454918 0.916105 0.326698
69 0.484951 0.456382 0.895055 0.326112
68 0.483392 0.456089 0.895055 0.330211
30 0.486511 0.484778 0.943394 0.339578
2 0.286137 0.528688 0.248713 0.254098
8 0.502883 0.533372 0.962106 0.245902
10 0.484951 0.456382 0.895055 0.326112
2 0.471697 0.454625 0.918444 0.328454
69 0.48846 0.532494 0.947292 0.244145
33 0.468968 0.454918 0.916105 0.326698
56 0.283798 0.528688 0.246374 0.254098
67 0.489239 0.461651 0.955089 0.392857
58 0.500155 0.441452 0.955089 0.379391
30 0.489239 0.461651 0.955089 0.392857
69 0.471697 0.445843 0.912207 0.351873
23 0.476375 0.444672 0.921563 0.356557
60 0.481833 0.449649 0.910648 0.339578
44 0.492748 0.484485 0.960546 0.350703
4 0.481833 0.449649 0.910648 0.339578
8 0.492748 0.484485 0.960546 0.350703
68 0.471697 0.452576 0.913767 0.337236
33 0.492748 0.484485 0.960546 0.350703
39 0.482612 0.449941 0.920004 0.341335
2 0.481833 0.449649 0.910648 0.339578
36 0.492748 0.484485 0.960546 0.350703
52 0.471697 0.445843 0.912207 0.351873
20 0.492748 0.484485 0.960546 0.350703
34 0.500155 0.441452 0.955089 0.379391
10 0.500155 0.441452 0.955089 0.379391
29 0.489239 0.461651 0.955089 0.392857
62 0.489239 0.461651 0.955089 0.392857
57 0.481833 0.449649 0.910648 0.339578
32 0.482612 0.449941 0.920004 0.341335
6 0.489239 0.461651 0.955089 0.392857
3 0.500155 0.441452 0.955089 0.379391
0 0.481833 0.449649 0.910648 0.339578
65 0.492748 0.484485 0.960546 0.350703
59 0.471697 0.452576 0.913767 0.337236
35 0.489239 0.461651 0.955089 0.392857
22 0.476375 0.444672 0.921563 0.356557
5 0.476375 0.444672 0.921563 0.356557
10 0.507951 0.507611 0.978479 0.312646
61 0.482612 0.449941 0.920004 0.341335
28 0.476375 0.444672 0.921563 0.356557
41 0.471697 0.452576 0.913767 0.337236
31 0.471697 0.452576 0.913767 0.337236
21 0.482612 0.449941 0.920004 0.341335
45 0.482612 0.449941 0.920004 0.341335
66 0.492748 0.484485 0.960546 0.350703
57 0.495866 0.517564 0.960546 0.288056
32 0.507951 0.507611 0.978479 0.312646
56 0.482612 0.449941 0.920004 0.341335
39 0.495866 0.517564 0.960546 0.288056
61 0.508341 0.530738 0.971462 0.269906
54 0.483002 0.452869 0.869326 0.334309
23 0.507951 0.507611 0.978479 0.312646
1 0.500544 0.441452 0.95119 0.375878
67 0.484172 0.480972 0.92936 0.358899
8 0.48768 0.480094 0.931699 0.360656
30 0.484172 0.480972 0.92936 0.358899
33 0.48768 0.480094 0.931699 0.360656
29 0.4869 0.476288 0.941055 0.367096
20 0.48768 0.480094 0.931699 0.360656
44 0.48768 0.480094 0.931699 0.360656
36 0.484172 0.480972 0.92936 0.358899
57 0.48768 0.480094 0.931699 0.360656
4 0.48807 0.473068 0.935597 0.374707
62 0.484172 0.480972 0.92936 0.358899
35 0.4869 0.476288 0.941055 0.367096
45 0.48807 0.473068 0.935597 0.374707
66 0.48768 0.480094 0.931699 0.360656
6 0.4869 0.476288 0.941055 0.367096
54 0.4869 0.476288 0.941055 0.367096
65 0.484172 0.480972 0.92936 0.358899
61 0.500934 0.484485 0.947292 0.355386
23 0.455324 0.446429 0.876343 0.351873
10 0.494307 0.477752 0.944953 0.366511
34 0.491188 0.459602 0.937156 0.357143
60 0.4639 0.45082 0.877902 0.332553
32 0.48768 0.480094 0.931699 0.360656
39 0.455324 0.446429 0.876343 0.351873
31 0.484172 0.480972 0.92936 0.358899
21 0.455324 0.446429 0.876343 0.351873
28 0.494307 0.477752 0.944953 0.366511
68 0.498205 0.458724 0.943394 0.361241
1 0.48846 0.476873 0.941055 0.367096
69 0.484172 0.480972 0.92936 0.358899
2 0.4639 0.45082 0.877902 0.332553
56 0.48768 0.480094 0.931699 0.360656
5 0.455324 0.446429 0.876343 0.351873
0 0.4639 0.45082 0.877902 0.332553
52 0.491188 0.459602 0.937156 0.357143
22 0.48768 0.480094 0.931699 0.360656
59 0.491188 0.459602 0.937156 0.357143
58 0.484951 0.457772 0.920004 0.376025
7 0.48807 0.473068 0.935597 0.374707
72 0.484172 0.480972 0.92936 0.358899
30 0.491968 0.404054 0.9278 0.503366
3 0.491188 0.459602 0.937156 0.357143
41 0.484561 0.475995 0.931699 0.364169
67 0.500544 0.491511 0.941834 0.3226
30 0.507172 0.502342 0.922343 0.305621
29 0.455714 0.455211 0.880241 0.328454
30 0.455714 0.455211 0.880241 0.328454
8 0.455714 0.455211 0.880241 0.328454
29 0.507172 0.502342 0.922343 0.305621
4 0.492358 0.459016 0.936377 0.34192
8 0.507561 0.504391 0.934038 0.301522
31 0.507172 0.502342 0.922343 0.305621
21 0.456883 0.449649 0.881021 0.333724
57 0.503663 0.465164 0.97458 0.362412
35 0.503663 0.489754 0.95119 0.324941
54 0.455714 0.455211 0.880241 0.328454
20 0.507172 0.502342 0.922343 0.305621
44 0.503663 0.489754 0.95119 0.324941
6 0.500544 0.491511 0.941834 0.3226
23 0.492358 0.459016 0.936377 0.34192
20 0.455714 0.455211 0.880241 0.328454
32 0.492358 0.459016 0.936377 0.34192
10 0.492358 0.459016 0.936377 0.34192
60 0.455714 0.455211 0.880241 0.328454
31 0.460392 0.454333 0.878682 0.331382
68 0.504443 0.472482 0.971462 0.346604
59 0.489629 0.460773 0.932479 0.337236
39 0.456883 0.449649 0.881021 0.333724
66 0.459612 0.451405 0.880241 0.330211
45 0.456883 0.449649 0.881021 0.333724
36 0.507172 0.502342 0.922343 0.305621
66 0.507561 0.504391 0.934038 0.301522
67 0.478324 0.449649 0.827224 0.337236
54 0.507561 0.504391 0.934038 0.301522
39 0.513799 0.508197 0.92936 0.296253
34 0.489629 0.460773 0.932479 0.337236
61 0.513799 0.508197 0.92936 0.296253
52 0.489629 0.460773 0.932479 0.337236
62 0.459612 0.451405 0.880241 0.330211
45 0.504443 0.499122 0.946512 0.313232
69 0.455714 0.455211 0.880241 0.328454
62 0.507172 0.502342 0.922343 0.305621
36 0.455714 0.455211 0.880241 0.328454
22 0.492358 0.459016 0.936377 0.34192
33 0.459612 0.451405 0.880241 0.330211
65 0.503663 0.489754 0.95119 0.324941
35 0.478324 0.449649 0.827224 0.337236
33 0.507561 0.504391 0.934038 0.301522
60 0.507561 0.504391 0.934038 0.301522
58 0.507172 0.502342 0.922343 0.305621
28 0.489629 0.460773 0.932479 0.337236
2 0.459612 0.451405 0.880241 0.330211
1 0.504443 0.472482 0.971462 0.346604
56 0.456883 0.449649 0.881021 0.333724
21 0.513799 0.508197 0.92936 0.296253
0 0.459612 0.451405 0.880241 0.330211
61 0.460782 0.449063 0.88258 0.331382
10 0.5099 0.511124 0.949631 0.295082
28 0.5099 0.511124 0.949631 0.295082
6 0.478324 0.449649 0.827224 0.337236
56 0.507561 0.504391 0.934038 0.301522
7 0.456883 0.449649 0.881021 0.333724
69 0.507561 0.504391 0.934038 0.301522
58 0.455714 0.455211 0.880241 0.328454
32 0.5099 0.511124 0.949631 0.295082
5 0.456883 0.449649 0.881021 0.333724
3 0.492358 0.459016 0.936377 0.34192
23 0.5099 0.511124 0.949631 0.295082
5 0.513799 0.508197 0.92936 0.296253
44 0.478324 0.449649 0.827224 0.337236
29 0.491578 0.461066 0.947292 0.348361
67 0.491578 0.461066 0.947292 0.348361
30 0.491578 0.461066 0.947292 0.348361
21 0.481443 0.461358 0.933258 0.347775
8 0.491578 0.461066 0.947292 0.348361
31 0.495087 0.460187 0.948072 0.346604
4 0.491578 0.461066 0.947292 0.348361
44 0.491578 0.461066 0.947292 0.348361
20 0.495087 0.460187 0.948072 0.346604
39 0.481443 0.461358 0.933258 0.347775
35 0.491578 0.461066 0.947292 0.348361
57 0.491578 0.461066 0.947292 0.348361
45 0.481443 0.461358 0.933258 0.347775
23 0.504833 0.469262 0.962885 0.358899
10 0.500934 0.471604 0.956648 0.354215
68 0.495087 0.460187 0.948072 0.346604
60 0.491578 0.461066 0.947292 0.348361
34 0.504833 0.469262 0.962885 0.358899
54 0.491578 0.461066 0.947292 0.348361
32 0.491578 0.461066 0.947292 0.348361
69 0.484951 0.454333 0.924682 0.339578
6 0.484951 0.454333 0.924682 0.339578
33 0.484951 0.454333 0.924682 0.339578
52 0.504833 0.469262 0.962885 0.358899
59 0.504833 0.469262 0.962885 0.358899
61 0.473256 0.454625 0.902851 0.334309
28 0.491578 0.461066 0.947292 0.348361
66 0.491578 0.461066 0.947292 0.348361
58 0.504443 0.4637 0.955868 0.362998
36 0.495087 0.460187 0.948072 0.346604
65 0.491578 0.461066 0.947292 0.348361
56 0.473256 0.454625 0.902851 0.334309
7 0.491578 0.461066 0.947292 0.348361
62 0.484951 0.454333 0.924682 0.339578
22 0.504833 0.469262 0.962885 0.358899
0 0.491578 0.461066 0.947292 0.348361
2 0.484951 0.454333 0.924682 0.339578
61 0.512239 0.501756 0.915326 0.310304
3 0.504833 0.469262 0.962885 0.358899
30 0.647901 0.452283 0.508341 0.342506
1 0.504833 0.469262 0.962885 0.358899
67 0.647901 0.452283 0.508341 0.342506
29 0.481443 0.461358 0.894275 0.344262
30 0.475595 0.456382 0.857631 0.337822
67 0.481443 0.461358 0.894275 0.344262
21 0.469748 0.455796 0.875563 0.344848
8 0.475595 0.456382 0.857631 0.337822
31 0.492358 0.463115 0.892716 0.339578
60 0.475595 0.456382 0.857631 0.337822
69 0.475595 0.456382 0.857631 0.337822
20 0.492358 0.463115 0.892716 0.339578
23 0.489239 0.467799 0.917665 0.354801
57 0.481443 0.461358 0.894275 0.344262
68 0.492358 0.463115 0.892716 0.339578
39 0.474426 0.451405 0.85841 0.338407
58 0.481443 0.461358 0.894275 0.344262
35 0.475595 0.456382 0.857631 0.337822
34 0.481443 0.461358 0.894275 0.344262
10 0.469748 0.455796 0.875563 0.344848
52 0.481443 0.461358 0.894275 0.344262
4 0.481443 0.461358 0.894275 0.344262
32 0.481443 0.461358 0.894275 0.344262
44 0.481443 0.461358 0.894275 0.344262
59 0.469748 0.455796 0.875563 0.344848
45 0.469748 0.455796 0.875563 0.344848
61 0.474426 0.451405 0.85841 0.338407
6 0.475595 0.456382 0.857631 0.337822
33 0.475595 0.456382 0.857631 0.337822
54 0.481443 0.461358 0.894275 0.344262
56 0.481443 0.461358 0.894275 0.344262
36 0.492358 0.463115 0.892716 0.339578
0 0.481443 0.461358 0.894275 0.344262
21 0.336815 0.493852 0.575392 0.33548
65 0.498985 0.491803 0.926241 0.338407
7 0.481443 0.461358 0.894275 0.344262
62 0.475595 0.456382 0.857631 0.337822
29 0.254171 0.487705 0.422578 0.347775
28 0.481443 0.461358 0.894275 0.344262
30 0.336815 0.493852 0.575392 0.33548
2 0.475595 0.456382 0.857631 0.337822
8 0.336815 0.493852 0.575392 0.33548
22 0.469748 0.455796 0.875563 0.344848
30 0.496256 0.454625 0.937936 0.333138
29 0.496256 0.454625 0.937936 0.333138
67 0.495866 0.45726 0.95275 0.336066
8 0.496256 0.454625 0.937936 0.333138
21 0.4869 0.451698 0.916106 0.337822
31 0.502494 0.459895 0.948851 0.333138
60 0.496256 0.454625 0.937936 0.333138
20 0.496256 0.454625 0.937936 0.333138
35 0.496256 0.454625 0.937936 0.333138
39 0.4869 0.451698 0.916106 0.337822
57 0.495866 0.45726 0.95275 0.336066
69 0.496256 0.454625 0.937936 0.333138
32 0.496256 0.454625 0.937936 0.333138
4 0.4869 0.451698 0.916106 0.337822
44 0.496256 0.454625 0.937936 0.333138
34 0.495866 0.45726 0.95275 0.336066
23 0.486511 0.453454 0.938716 0.343677
54 0.496256 0.454625 0.937936 0.333138
68 0.502494 0.459895 0.948851 0.333138
58 0.495866 0.45726 0.95275 0.336066
10 0.4869 0.451698 0.916106 0.337822
56 0.496256 0.454625 0.937936 0.333138
45 0.486511 0.453454 0.938716 0.343677
6 0.496256 0.454625 0.937936 0.333138
0 0.495866 0.45726 0.95275 0.336066
62 0.496256 0.454625 0.937936 0.333138
59 0.486511 0.453454 0.938716 0.343677
61 0.4869 0.451698 0.916106 0.337822
28 0.496256 0.454625 0.937936 0.333138
7 0.496256 0.454625 0.937936 0.333138
36 0.502494 0.459895 0.948851 0.333138
30 0.285552 0.495023 0.44168 0.331967
52 0.495866 0.45726 0.95275 0.336066
30 0.593227 0.451405 0.631723 0.338407
29 0.593227 0.451405 0.631723 0.338407
66 0.496256 0.454625 0.937936 0.333138
65 0.496256 0.454625 0.937936 0.333138
67 0.593227 0.451405 0.631723 0.338407
33 0.496256 0.454625 0.937936 0.333138
29 0.285552 0.495023 0.44168 0.331967
8 0.593227 0.451405 0.631723 0.338407
2 0.496256 0.454625 0.937936 0.333138
22 0.486511 0.453454 0.938716 0.343677
30 0.46468 0.461944 0.870105 0.35363
29 0.46468 0.461944 0.870105 0.35363
67 0.46468 0.461944 0.870105 0.35363
8 0.460002 0.455211 0.873224 0.344848
21 0.462731 0.453454 0.874004 0.350703
60 0.46468 0.461944 0.870105 0.35363
31 0.472087 0.466042 0.886478 0.351288
39 0.466239 0.459016 0.866987 0.362998
32 0.460002 0.455211 0.873224 0.344848
20 0.46468 0.461944 0.870105 0.35363
35 0.460002 0.455211 0.873224 0.344848
57 0.46468 0.461944 0.870105 0.35363
4 0.462731 0.453454 0.874004 0.350703
44 0.466239 0.459016 0.866987 0.362998
23 0.466239 0.459016 0.866987 0.362998
45 0.466239 0.459016 0.866987 0.362998
58 0.495087 0.469555 0.9278 0.361827
69 0.460002 0.455211 0.873224 0.344848
30 0.313425 0.502927 0.477155 0.318501
56 0.491188 0.469848 0.926241 0.364754
10 0.460002 0.455211 0.873224 0.344848
6 0.491188 0.469848 0.926241 0.364754
54 0.46468 0.461944 0.870105 0.35363
59 0.466239 0.459016 0.866987 0.362998
36 0.460002 0.455211 0.873224 0.344848
34 0.46468 0.461944 0.870105 0.35363
7 0.462731 0.453454 0.874004 0.350703
62 0.46468 0.461944 0.870105 0.35363
61 0.462731 0.453454 0.874004 0.350703
65 0.46468 0.461944 0.870105 0.35363
29 0.313425 0.502927 0.477155 0.318501
68 0.472087 0.466042 0.886478 0.351288
2 0.460002 0.455211 0.873224 0.344848
8 0.313425 0.502927 0.477155 0.318501
33 0.460002 0.455211 0.873224 0.344848
28 0.46468 0.461944 0.870105 0.35363
0 0.46468 0.461944 0.870105 0.35363
66 0.460002 0.455211 0.873224 0.344848
44 0.313425 0.502927 0.477155 0.318501
22 0.466239 0.459016 0.866987 0.362998
4 0.288086 0.57743 0.240916 0.1613
4 0.0941201 0.488876 0.118948 0.190867
21 0.313425 0.502927 0.477155 0.318501
29 0.620223 0.452283 0.559019 0.343677
20 0.313425 0.502927 0.477155 0.318501
3 0.46468 0.461944 0.870105 0.35363
67 0.313425 0.502927 0.477155 0.318501
67 0.620223 0.452283 0.559019 0.343677
45 0.313425 0.502927 0.477155 0.318501
52 0.46468 0.461944 0.870105 0.35363
58 0.0941201 0.488876 0.118948 0.190867
35 0.313425 0.502927 0.477155 0.318501
30 0.483392 0.466042 0.876343 0.352459
29 0.483392 0.466042 0.876343 0.352459
21 0.481443 0.466042 0.878682 0.361827
67 0.486121 0.473653 0.888038 0.362998
31 0.486121 0.473653 0.888038 0.362998
8 0.478714 0.459602 0.826444 0.336066
60 0.478714 0.459602 0.826444 0.336066
57 0.483392 0.466042 0.876343 0.352459
45 0.483392 0.466042 0.876343 0.352459
39 0.481443 0.466042 0.878682 0.361827
4 0.483392 0.466042 0.876343 0.352459
35 0.483392 0.466042 0.876343 0.352459
20 0.486121 0.473653 0.888038 0.362998
32 0.483392 0.466042 0.876343 0.352459
23 0.486121 0.473653 0.888038 0.362998
44 0.481443 0.466042 0.878682 0.361827
59 0.481443 0.466042 0.878682 0.361827
69 0.478714 0.459602 0.826444 0.336066
10 0.483392 0.466042 0.876343 0.352459
68 0.482612 0.46897 0.874783 0.352459
58 0.482612 0.46897 0.874783 0.352459
7 0.483392 0.466042 0.876343 0.352459
54 0.483392 0.466042 0.876343 0.352459
61 0.48651 0.47541 0.899733 0.367681
4 0.0941445 0.475995 0.118119 0.20726
56 0.481443 0.466042 0.878682 0.361827
34 0.483392 0.466042 0.876343 0.352459
6 0.485731 0.474239 0.891936 0.362998
62 0.478714 0.459602 0.826444 0.336066
66 0.482612 0.46897 0.874783 0.352459
58 0.0941445 0.475995 0.118119 0.20726
33 0.472477 0.455796 0.863868 0.331967
65 0.483392 0.466042 0.876343 0.352459
36 0.486121 0.473653 0.888038 0.362998
2 0.0941445 0.475995 0.118119 0.20726
0 0.483392 0.466042 0.876343 0.352459
28 0.483392 0.466042 0.876343 0.352459
22 0.481443 0.466042 0.878682 0.361827
2 0.478714 0.459602 0.826444 0.336066
30 0.495866 0.473068 0.923122 0.358314
67 0.495866 0.473068 0.923122 0.358314
29 0.485341 0.471311 0.897394 0.364169
8 0.495866 0.473068 0.923122 0.358314
31 0.495866 0.473068 0.923122 0.358314
60 0.495866 0.473068 0.923122 0.358314
20 0.495866 0.473068 0.923122 0.358314
4 0.501324 0.473361 0.940275 0.369438
21 0.485341 0.471311 0.897394 0.364169
39 0.485341 0.471311 0.897394 0.364169
35 0.485341 0.471311 0.897394 0.364169
32 0.494307 0.478337 0.937156 0.364169
45 0.4869 0.479801 0.900512 0.361241
44 0.501324 0.473361 0.940275 0.369438
57 0.504443 0.475703 0.949631 0.357728
59 0.501324 0.473361 0.940275 0.369438
65 0.485341 0.471311 0.897394 0.364169
23 0.501324 0.473361 0.940275 0.369438
62 0.501324 0.473361 0.940275 0.369438
66 0.501324 0.473361 0.940275 0.369438
56 0.501324 0.473361 0.940275 0.369438
10 0.501324 0.473361 0.940275 0.369438
54 0.495866 0.473068 0.923122 0.358314
6 0.501324 0.473361 0.940275 0.369438
36 0.4869 0.479801 0.900512 0.361241
34 0.485341 0.471311 0.897394 0.364169
68 0.495866 0.473068 0.923122 0.358314
69 0.495866 0.473068 0.923122 0.358314
7 0.501324 0.473361 0.940275 0.369438
2 0.504443 0.475703 0.949631 0.357728
22 0.494307 0.478337 0.937156 0.364169
29 0.485731 0.473946 0.902851 0.374122
30 0.485731 0.473946 0.902851 0.374122
21 0.491968 0.47541 0.871665 0.375878
31 0.481833 0.472775 0.891936 0.367096
67 0.490409 0.47541 0.881021 0.374707
4 0.485731 0.473946 0.902851 0.374122
8 0.485731 0.473946 0.902851 0.374122
59 0.491968 0.47541 0.871665 0.375878
60 0.490409 0.47541 0.881021 0.374707
57 0.485731 0.473946 0.902851 0.374122
20 0.485731 0.467799 0.909089 0.375878
32 0.490409 0.47541 0.881021 0.374707
35 0.491968 0.47541 0.871665 0.375878
39 0.491968 0.47541 0.871665 0.375878
45 0.484951 0.475703 0.90597 0.374122
23 0.490409 0.47541 0.881021 0.374707
44 0.490409 0.47541 0.881021 0.374707
10 0.491968 0.47541 0.871665 0.375878
58 0.484561 0.474824 0.874004 0.366511
65 0.485731 0.467799 0.909089 0.375878
69 0.490409 0.47541 0.881021 0.374707
34 0.485731 0.467799 0.909089 0.375878
6 0.490409 0.47541 0.881021 0.374707
68 0.481833 0.472775 0.891936 0.367096
7 0.485731 0.473946 0.902851 0.374122
56 0.491968 0.47541 0.871665 0.375878
62 0.490409 0.47541 0.881021 0.374707
0 0.490409 0.47541 0.881021 0.374707
54 0.485731 0.467799 0.909089 0.375878
29 0.272688 0.473653 0.377747 0.371194
22 0.484951 0.475703 0.90597 0.374122
2 0.481833 0.472775 0.891936 0.367096
30 0.272688 0.473653 0.377747 0.371194
36 0.484561 0.474824 0.874004 0.366511
30 0.46468 0.456382 0.865427 0.353044
29 0.46468 0.456382 0.865427 0.353044
31 0.46468 0.456382 0.865427 0.353044
67 0.46468 0.456382 0.865427 0.353044
8 0.475595 0.453747 0.876343 0.345433
60 0.46468 0.456382 0.865427 0.353044
4 0.4869 0.474824 0.878682 0.371194
29 0.284577 0.485948 0.475595 0.346604
21 0.478714 0.454333 0.873224 0.347775
35 0.46468 0.456382 0.865427 0.353044
30 0.284577 0.485948 0.475595 0.346604
20 0.4869 0.474824 0.878682 0.371194
39 0.48651 0.47219 0.873224 0.374122
32 0.4869 0.474824 0.878682 0.371194
59 0.467019 0.458431 0.865427 0.358314
69 0.475595 0.453747 0.876343 0.345433
57 0.492748 0.460114 0.935597 0.371341
62 0.475595 0.453747 0.876343 0.345433
44 0.492748 0.4637 0.935597 0.373536
45 0.4869 0.474824 0.878682 0.371194
21 0.284577 0.485948 0.475595 0.346604
56 0.48651 0.47219 0.873224 0.374122
29 0.684545 0.453454 0.444409 0.342506
30 0.415561 0.483607 0.693901 0.350117
34 0.46468 0.456382 0.865427 0.353044
65 0.478714 0.454333 0.873224 0.347775
2 0.495087 0.469555 0.937156 0.372365
8 0.284577 0.485948 0.475595 0.346604
10 0.478714 0.454333 0.873224 0.347775
6 0.48651 0.47219 0.873224 0.374122
58 0.489629 0.463115 0.923122 0.360656
23 0.4869 0.474824 0.878682 0.371194
0 0.46468 0.456382 0.865427 0.353044
29 0.415561 0.483607 0.693901 0.350117
68 0.467799 0.460187 0.873224 0.350117
29 0.460002 0.456382 0.870105 0.350703
30 0.460002 0.456382 0.870105 0.350703
31 0.481833 0.469262 0.913767 0.36007
21 0.462341 0.457553 0.871665 0.34719
4 0.469358 0.466042 0.895055 0.361827
67 0.460002 0.456382 0.870105 0.350703
60 0.460002 0.456382 0.870105 0.350703
8 0.481833 0.469262 0.913767 0.36007
32 0.482612 0.471019 0.921563 0.364754
35 0.460002 0.456382 0.870105 0.350703
59 0.469358 0.466042 0.895055 0.361827
45 0.48846 0.475117 0.906749 0.367096
57 0.482612 0.471019 0.921563 0.364754
21 0.293933 0.478923 0.447527 0.360656
56 0.482612 0.471019 0.921563 0.364754
39 0.486511 0.47541 0.896614 0.367681
20 0.481833 0.469262 0.913767 0.36007
29 0.293933 0.478923 0.447527 0.360656
44 0.469358 0.466042 0.895055 0.361827
0 0.460002 0.456382 0.870105 0.350703
58 0.469358 0.462529 0.891936 0.357143
7 0.462341 0.457553 0.871665 0.34719
68 0.481833 0.469262 0.913767 0.36007
30 0.293933 0.478923 0.447527 0.360656
6 0.460002 0.456382 0.870105 0.350703
23 0.462341 0.457553 0.871665 0.34719
34 0.460002 0.456382 0.870105 0.350703
69 0.481833 0.469262 0.913767 0.36007
2 0.481833 0.469262 0.913767 0.36007
10 0.463121 0.453454 0.871665 0.342506
36 0.481833 0.469262 0.913767 0.36007
54 0.460002 0.456382 0.870105 0.350703
35 0.293933 0.478923 0.447527 0.360656
3 0.482222 0.473068 0.895834 0.362998
4 0.293933 0.478923 0.447527 0.360656
8 0.293933 0.478923 0.447527 0.360656
59 0.293933 0.478923 0.447527 0.360656
28 0.482612 0.471019 0.921563 0.364754
44 0.293933 0.478923 0.447527 0.360656
22 0.479493 0.473653 0.921563 0.36534
45 0.293933 0.478923 0.447527 0.360656
65 0.463121 0.453454 0.871665 0.342506
62 0.460002 0.456382 0.870105 0.350703
61 0.469358 0.466042 0.895055 0.361827
29 0.485731 0.467799 0.898173 0.366511
30 0.492748 0.474824 0.9278 0.366511
21 0.483392 0.467799 0.896614 0.371194
31 0.4869 0.473068 0.912987 0.362998
59 0.501714 0.474532 0.945733 0.372951
4 0.493527 0.475995 0.937156 0.368852
67 0.474036 0.459895 0.856071 0.361241
8 0.474036 0.459895 0.856071 0.361241
60 0.474036 0.459895 0.856071 0.361241
35 0.474036 0.459895 0.856071 0.361241
32 0.493527 0.475995 0.937156 0.368852
57 0.492748 0.474824 0.9278 0.366511
45 0.493527 0.475995 0.937156 0.368852
44 0.493527 0.475995 0.937156 0.368852
58 0.493527 0.475995 0.937156 0.368852
39 0.485731 0.467799 0.898173 0.366511
20 0.4869 0.473068 0.912987 0.362998
10 0.474036 0.459895 0.856071 0.361241
0 0.474036 0.459895 0.856071 0.361241
23 0.493527 0.475995 0.937156 0.368852
56 0.483392 0.467799 0.896614 0.371194
65 0.474036 0.459895 0.856071 0.361241
6 0.474036 0.459895 0.856071 0.361241
7 0.474036 0.459895 0.856071 0.361241
62 0.485731 0.467799 0.898173 0.366511
34 0.474036 0.459895 0.856071 0.361241
54 0.474036 0.459895 0.856071 0.361241
61 0.501714 0.474532 0.945733 0.372951
69 0.474036 0.459895 0.856071 0.361241
21 0.343442 0.475703 0.573053 0.365925
28 0.474036 0.459895 0.856071 0.361241
2 0.4869 0.473068 0.912987 0.362998
36 0.485731 0.467213 0.899733 0.360656
68 0.4869 0.473068 0.912987 0.362998
1 0.493527 0.474532 0.9278 0.370609
29 0.469358 0.453162 0.852953 0.346604
30 0.469358 0.453162 0.852953 0.346604
31 0.48768 0.47014 0.897393 0.354801
21 0.469358 0.453162 0.852953 0.346604
21 0.340323 0.470726 0.499765 0.367681
4 0.492748 0.47541 0.895055 0.360656
59 0.476375 0.459895 0.873224 0.356557
29 0.340323 0.470726 0.499765 0.367681
67 0.474426 0.462529 0.866207 0.351288
60 0.469358 0.453162 0.852953 0.346604
32 0.492748 0.47541 0.895055 0.360656
45 0.492748 0.47541 0.895055 0.360656
58 0.492748 0.47541 0.895055 0.360656
57 0.491968 0.47219 0.910648 0.354215
35 0.469358 0.453162 0.852953 0.346604
8 0.469358 0.453162 0.852953 0.346604
39 0.469358 0.453162 0.852953 0.346604
20 0.469358 0.453162 0.852953 0.346604
23 0.492748 0.47541 0.895055 0.360656
10 0.469358 0.453162 0.852953 0.346604
0 0.469358 0.453162 0.852953 0.346604
59 0.340323 0.470726 0.499765 0.367681
44 0.492748 0.47541 0.895055 0.360656
56 0.492748 0.47541 0.895055 0.360656
6 0.491968 0.47219 0.910648 0.354215
30 0.340323 0.470726 0.499765 0.367681
65 0.469358 0.453162 0.852953 0.346604
62 0.469358 0.453162 0.852953 0.346604
7 0.469358 0.453162 0.852953 0.346604
4 0.340323 0.470726 0.499765 0.367681
2 0.48768 0.47014 0.897393 0.354801
3 0.492748 0.47541 0.895055 0.360656
36 0.48768 0.47014 0.897393 0.354801
1 0.491968 0.47219 0.910648 0.354215
8 0.340323 0.470726 0.499765 0.367681
29 0.262162 0.478337 0.341883 0.352459
23 0.340323 0.470726 0.499765 0.367681
61 0.497426 0.472775 0.885699 0.368267
35 0.340323 0.470726 0.499765 0.367681
68 0.48768 0.47014 0.897393 0.354801
10 0.340323 0.470726 0.499765 0.367681
44 0.340323 0.470726 0.499765 0.367681
45 0.340323 0.470726 0.499765 0.367681
7 0.340323 0.470726 0.499765 0.367681
29 0.491188 0.4637 0.918445 0.347775
21 0.467019 0.456089 0.856071 0.333724
30 0.48729 0.47014 0.915326 0.359485
59 0.491188 0.4637 0.918445 0.347775
31 0.48729 0.47014 0.915326 0.359485
4 0.491188 0.4637 0.918445 0.347775
67 0.488849 0.462529 0.912207 0.346604
45 0.491188 0.4637 0.918445 0.347775
8 0.467019 0.456089 0.856071 0.333724
35 0.467019 0.456089 0.856071 0.333724
60 0.488849 0.462529 0.912207 0.346604
10 0.467019 0.456089 0.856071 0.333724
44 0.467019 0.456089 0.856071 0.333724
32 0.488849 0.462529 0.912207 0.346604
57 0.491188 0.4637 0.918445 0.347775
7 0.467019 0.456089 0.856071 0.333724
23 0.491188 0.4637 0.918445 0.347775
6 0.467019 0.456089 0.856071 0.333724
20 0.467019 0.456089 0.856071 0.333724
39 0.488849 0.462529 0.912207 0.346604
54 0.467019 0.456089 0.856071 0.333724
0 0.48768 0.474824 0.90519 0.361827
58 0.488849 0.462529 0.912207 0.346604
65 0.48768 0.474824 0.90519 0.361827
21 0.333306 0.471604 0.513019 0.361241
29 0.333306 0.471604 0.513019 0.361241
28 0.467019 0.456089 0.856071 0.333724
56 0.467019 0.456089 0.856071 0.333724
61 0.488849 0.462529 0.915326 0.35363
34 0.467409 0.455503 0.861529 0.337236
62 0.467019 0.456089 0.856071 0.333724
3 0.48768 0.474824 0.90519 0.361827
69 0.467019 0.456089 0.856071 0.333724
1 0.490409 0.471897 0.923123 0.354801
29 0.483392 0.465457 0.901292 0.368852
21 0.483392 0.464871 0.904411 0.374707
30 0.483392 0.465457 0.901292 0.368852
31 0.478714 0.472482 0.910648 0.366511
59 0.483392 0.464871 0.904411 0.374707
4 0.483392 0.464871 0.904411 0.374707
8 0.480663 0.466042 0.897394 0.360656
67 0.480663 0.466042 0.897394 0.360656
45 0.483392 0.465457 0.901292 0.368852
10 0.483392 0.465457 0.901292 0.368852
20 0.478714 0.472482 0.910648 0.366511
60 0.480663 0.466042 0.897394 0.360656
35 0.483392 0.465457 0.901292 0.368852
32 0.480663 0.466042 0.897394 0.360656
57 0.483392 0.465457 0.901292 0.368852
7 0.483392 0.465457 0.901292 0.368852
54 0.483392 0.465457 0.901292 0.368852
6 0.482222 0.473946 0.916105 0.367096
44 0.480663 0.466042 0.897394 0.360656
23 0.483392 0.465457 0.901292 0.368852
65 0.483392 0.465457 0.901292 0.368852
39 0.480663 0.466042 0.897394 0.360656
0 0.483392 0.465457 0.901292 0.368852
58 0.480663 0.466042 0.897394 0.360656
62 0.483392 0.465457 0.901292 0.368852
56 0.483392 0.465457 0.901292 0.368852
34 0.483392 0.465457 0.901292 0.368852
4 0.0938521 0.477166 0.117924 0.209602
2 0.0938521 0.477166 0.117924 0.209602
3 0.490019 0.476581 0.891156 0.370023
28 0.474036 0.459016 0.849834 0.354801
69 0.474036 0.459016 0.849834 0.354801
1 0.482222 0.473946 0.916105 0.367096
58 0.0923902 0.466335 0.117729 0.231265
61 0.483392 0.464871 0.904411 0.374707
30 0.490409 0.468384 0.902851 0.346604
29 0.472866 0.458724 0.856851 0.336651
31 0.490409 0.468384 0.902851 0.346604
21 0.472087 0.455503 0.85997 0.337236
67 0.490799 0.467213 0.898953 0.346604
8 0.474816 0.457845 0.85919 0.334895
20 0.490409 0.468384 0.902851 0.346604
59 0.472866 0.458724 0.856851 0.336651
60 0.490799 0.467213 0.898953 0.346604
4 0.490409 0.468384 0.902851 0.346604
35 0.472866 0.458724 0.856851 0.336651
39 0.472866 0.458724 0.856851 0.336651
56 0.490409 0.468384 0.902851 0.346604
44 0.489629 0.468091 0.907529 0.357728
58 0.490799 0.467213 0.898953 0.346604
10 0.475595 0.452576 0.881021 0.333724
32 0.490799 0.467213 0.898953 0.346604
45 0.490409 0.468384 0.902851 0.346604
6 0.472866 0.458724 0.856851 0.336651
0 0.472866 0.458724 0.856851 0.336651
54 0.472866 0.458724 0.856851 0.336651
2 0.0949241 0.48507 0.123967 0.191452
4 0.0949241 0.48507 0.123967 0.191452
62 0.490409 0.468384 0.902851 0.346604
29 0.466239 0.454625 0.870105 0.331967
21 0.466239 0.454625 0.870105 0.331967
30 0.482222 0.4637 0.90519 0.334895
59 0.482222 0.4637 0.90519 0.334895
31 0.478714 0.47219 0.898173 0.348361
4 0.482612 0.462236 0.907529 0.336651
67 0.479494 0.463993 0.891936 0.336651
8 0.466239 0.454625 0.870105 0.331967
60 0.479494 0.463993 0.891936 0.336651
45 0.466239 0.454625 0.870105 0.331967
35 0.466239 0.454625 0.870105 0.331967
44 0.466239 0.454625 0.870105 0.331967
32 0.482222 0.473653 0.909868 0.343091
20 0.482222 0.4637 0.90519 0.334895
56 0.482222 0.4637 0.90519 0.334895
10 0.466239 0.454625 0.870105 0.331967
7 0.482222 0.4637 0.90519 0.334895
6 0.467409 0.451991 0.869326 0.327869
58 0.494307 0.476581 0.901292 0.35363
39 0.479494 0.463993 0.891936 0.336651
0 0.482222 0.473653 0.909868 0.343091
23 0.467409 0.451991 0.869326 0.327869
54 0.466239 0.454625 0.870105 0.331967
3 0.494307 0.476581 0.901292 0.35363
65 0.466239 0.454625 0.870105 0.331967
57 0.482222 0.4637 0.90519 0.334895
62 0.482222 0.4637 0.90519 0.334895
61 0.467409 0.451991 0.869326 0.327869
1 0.482222 0.473653 0.909868 0.343091
36 0.467409 0.451991 0.869326 0.327869
2 0.494307 0.476581 0.901292 0.35363
34 0.467409 0.451991 0.869326 0.327869
29 0.483392 0.467799 0.90597 0.362998
30 0.481053 0.468677 0.901292 0.358899
21 0.485731 0.47014 0.910648 0.367682
59 0.483392 0.467799 0.90597 0.362998
31 0.484951 0.474824 0.90597 0.360656
8 0.477544 0.46048 0.869326 0.356557
67 0.484951 0.474824 0.90597 0.360656
20 0.484951 0.474824 0.90597 0.360656
4 0.491188 0.477752 0.913767 0.362998
10 0.477544 0.46048 0.869326 0.356557
60 0.481053 0.468677 0.901292 0.358899
39 0.481053 0.468677 0.901292 0.358899
35 0.477544 0.46048 0.869326 0.356557
32 0.481053 0.468677 0.901292 0.358899
58 0.481053 0.468677 0.901292 0.358899
54 0.477544 0.46048 0.869326 0.356557
56 0.483392 0.467799 0.90597 0.362998
6 0.477544 0.46048 0.869326 0.356557
44 0.485731 0.47014 0.910648 0.367682
45 0.484951 0.474824 0.90597 0.360656
23 0.485731 0.47014 0.910648 0.367682
7 0.477544 0.46048 0.869326 0.356557
65 0.491188 0.477752 0.913767 0.362998
62 0.477544 0.46048 0.869326 0.356557
34 0.486121 0.477459 0.917665 0.364754
0 0.483392 0.467799 0.90597 0.362998
36 0.484951 0.474824 0.90597 0.360656
69 0.477544 0.46048 0.869326 0.356557
29 0.474426 0.451698 0.872444 0.346019
30 0.474426 0.451698 0.872444 0.346019
21 0.48729 0.452576 0.90597 0.340749
29 0.366637 0.483607 0.574223 0.345433
31 0.483392 0.458431 0.898173 0.345433
59 0.484951 0.455503 0.904411 0.351288
29 0.273321 0.48507 0.379599 0.342506
20 0.474426 0.451698 0.872444 0.346019
8 0.474426 0.451698 0.872444 0.346019
67 0.474426 0.451698 0.872444 0.346019
21 0.366637 0.483607 0.574223 0.345433
10 0.474426 0.451698 0.872444 0.346019
58 0.483392 0.458431 0.898173 0.345433
32 0.48729 0.466628 0.90597 0.350117
56 0.484951 0.455503 0.904411 0.351288
60 0.483392 0.458431 0.898173 0.345433
4 0.48729 0.452576 0.90597 0.340749
0 0.484951 0.455503 0.904411 0.351288
59 0.366637 0.483607 0.574223 0.345433
54 0.474426 0.451698 0.872444 0.346019
7 0.484951 0.455503 0.904411 0.351288
44 0.48729 0.452576 0.90597 0.340749
6 0.484951 0.455503 0.904411 0.351288
21 0.273321 0.48507 0.379599 0.342506
30 0.366637 0.483607 0.574223 0.345433
62 0.474426 0.451698 0.872444 0.346019
8 0.366637 0.483607 0.574223 0.345433
45 0.474816 0.453747 0.879461 0.34192
59 0.273321 0.48507 0.379599 0.342506
23 0.48729 0.452576 0.90597 0.340749
65 0.474426 0.451698 0.872444 0.346019
30 0.273321 0.48507 0.379599 0.342506
35 0.483392 0.458431 0.898173 0.345433
8 0.273321 0.48507 0.379599 0.342506
1 0.48729 0.466628 0.90597 0.350117
67 0.366637 0.483607 0.574223 0.345433
7 0.366637 0.483607 0.574223 0.345433
3 0.484951 0.455503 0.904411 0.351288
2 0.483392 0.458431 0.898173 0.345433
7 0.273321 0.48507 0.379599 0.342506
4 0.09278 0.483021 0.119678 0.199063
39 0.483392 0.458431 0.898173 0.345433
23 0.366637 0.483607 0.574223 0.345433
29 0.46468 0.454333 0.901292 0.340749
30 0.46468 0.454333 0.901292 0.340749
21 0.46468 0.454333 0.901292 0.340749
29 0.399091 0.496194 0.719045 0.320258
21 0.399091 0.496194 0.719045 0.320258
29 0.291594 0.495902 0.51146 0.314988
8 0.46468 0.454333 0.901292 0.340749
31 0.480273 0.459895 0.916885 0.348361
59 0.46468 0.454333 0.901292 0.340749
67 0.46468 0.454333 0.901292 0.340749
21 0.291594 0.495902 0.51146 0.314988
35 0.471697 0.451698 0.888817 0.340164
30 0.399091 0.496194 0.719045 0.320258
7 0.471697 0.451698 0.888817 0.340164
60 0.479883 0.461358 0.912987 0.34192
4 0.481833 0.471897 0.913767 0.351288
8 0.399091 0.496194 0.719045 0.320258
32 0.481833 0.471897 0.913767 0.351288
6 0.480273 0.459895 0.916885 0.348361
35 0.399091 0.496194 0.719045 0.320258
45 0.46507 0.455796 0.90519 0.33548
10 0.46468 0.454333 0.901292 0.340749
20 0.46468 0.454333 0.901292 0.340749
44 0.46468 0.454333 0.901292 0.340749
58 0.479883 0.461358 0.912987 0.34192
56 0.480273 0.459895 0.916885 0.348361
59 0.399091 0.496194 0.719045 0.320258
54 0.46468 0.454333 0.901292 0.340749
7 0.399091 0.496194 0.719045 0.320258
30 0.291594 0.495902 0.51146 0.314988
39 0.479883 0.461358 0.912987 0.34192
0 0.481833 0.471897 0.913767 0.351288
8 0.291594 0.495902 0.51146 0.314988
7 0.291594 0.495902 0.51146 0.314988
4 0.0938521 0.484485 0.122017 0.196136
3 0.481833 0.471897 0.913767 0.351288
29 0.686884 0.459016 0.46468 0.327869
35 0.297442 0.500293 0.499765 0.312061
23 0.467799 0.449063 0.899733 0.336066
6 0.399091 0.496194 0.719045 0.320258
2 0.0938521 0.484485 0.122017 0.196136
67 0.399091 0.496194 0.719045 0.320258
45 0.399091 0.496194 0.719045 0.320258
59 0.291594 0.495902 0.51146 0.314988
58 0.0927557 0.47863 0.120897 0.207845
4 0.399091 0.496194 0.719045 0.320258
44 0.399091 0.496194 0.719045 0.320258
2 0.481833 0.471897 0.913767 0.351288
10 0.399091 0.496194 0.719045 0.320258
54 0.399091 0.496194 0.719045 0.320258
1 0.481833 0.471897 0.913767 0.351288
29 0.484951 0.475702 0.915326 0.355386
21 0.486511 0.469848 0.90597 0.353044
30 0.484951 0.475702 0.915326 0.355386
59 0.486511 0.469848 0.90597 0.353044
31 0.484951 0.475702 0.915326 0.355386
8 0.486511 0.469848 0.90597 0.353044
4 0.484951 0.47541 0.916885 0.355972
45 0.48807 0.477459 0.902851 0.358899
10 0.485731 0.46048 0.860749 0.344848
60 0.484951 0.464871 0.896614 0.351288
0 0.48807 0.477459 0.902851 0.358899
67 0.48807 0.477459 0.902851 0.358899
7 0.48807 0.477459 0.902851 0.358899
56 0.486511 0.469848 0.90597 0.353044
54 0.485731 0.46048 0.860749 0.344848
6 0.486511 0.469848 0.90597 0.353044
44 0.486511 0.469848 0.90597 0.353044
20 0.481833 0.471311 0.907529 0.359485
32 0.486511 0.469848 0.90597 0.353044
57 0.484951 0.475702 0.915326 0.355386
62 0.48807 0.477459 0.902851 0.358899
58 0.484951 0.464871 0.896614 0.351288
35 0.486511 0.469848 0.90597 0.353044
28 0.485731 0.46048 0.860749 0.344848
1 0.484951 0.47541 0.916885 0.355972
23 0.486511 0.469848 0.90597 0.353044
39 0.481833 0.471311 0.907529 0.359485
3 0.48807 0.477459 0.902851 0.358899
29 0.619833 0.455211 0.583189 0.330796
34 0.494307 0.477166 0.899733 0.359485
65 0.484951 0.464871 0.896614 0.351288
29 0.491968 0.470726 0.930919 0.362998
21 0.498985 0.462822 0.938716 0.364754
59 0.498985 0.462822 0.938716 0.364754
45 0.498985 0.462822 0.938716 0.364754
30 0.498985 0.460187 0.930919 0.35363
4 0.498985 0.462822 0.938716 0.364754
58 0.498985 0.460187 0.930919 0.35363
10 0.489629 0.454333 0.877902 0.351288
31 0.489629 0.468384 0.926241 0.359485
67 0.500934 0.461358 0.937936 0.361827
8 0.498985 0.462822 0.938716 0.364754
57 0.500934 0.461358 0.937936 0.361827
7 0.489629 0.454333 0.877902 0.351288
6 0.498985 0.462822 0.938716 0.364754
0 0.500934 0.461358 0.937936 0.361827
44 0.498985 0.462822 0.938716 0.364754
3 0.491188 0.470433 0.935597 0.367096
60 0.489629 0.454333 0.877902 0.351288
23 0.491968 0.47541 0.9278 0.366511
2 0.0932673 0.488583 0.124551 0.187939
32 0.498985 0.460187 0.930919 0.35363
34 0.491968 0.47541 0.9278 0.366511
65 0.491188 0.470433 0.935597 0.367096
61 0.498985 0.462822 0.938716 0.364754
28 0.489629 0.454333 0.877902 0.351288
54 0.489629 0.454333 0.877902 0.351288
58 0.0932673 0.488583 0.124551 0.187939
56 0.498985 0.462822 0.938716 0.364754
4 0.0932673 0.488583 0.124551 0.187939
35 0.498985 0.462822 0.938716 0.364754
20 0.489629 0.468384 0.926241 0.359485
29 0.481443 0.473361 0.90519 0.355386
30 0.479883 0.466628 0.902072 0.354801
21 0.480273 0.467506 0.90441 0.351873
59 0.480273 0.467506 0.90441 0.351873
31 0.477544 0.465749 0.900512 0.350703
8 0.471697 0.459895 0.868546 0.343677
67 0.477544 0.465749 0.900512 0.350703
4 0.480663 0.472775 0.908309 0.358899
58 0.477544 0.465749 0.900512 0.350703
20 0.479883 0.466628 0.902072 0.354801
10 0.471697 0.459895 0.868546 0.343677
7 0.471697 0.459895 0.868546 0.343677
54 0.471697 0.459895 0.868546 0.343677
6 0.480273 0.467506 0.90441 0.351873
60 0.477544 0.465749 0.900512 0.350703
35 0.480663 0.472775 0.908309 0.358899
32 0.477544 0.465749 0.900512 0.350703
44 0.480273 0.467506 0.90441 0.351873
56 0.480273 0.467506 0.90441 0.351873
45 0.481443 0.473361 0.90519 0.355386
23 0.480273 0.467506 0.90441 0.351873
0 0.488849 0.473361 0.915326 0.365925
2 0.0935597 0.488876 0.123577 0.188525
65 0.480663 0.472775 0.908309 0.358899
28 0.471697 0.459895 0.868546 0.343677
3 0.484951 0.475995 0.910648 0.362998
39 0.480663 0.472775 0.908309 0.358899
62 0.479883 0.466628 0.902072 0.354801
1 0.479883 0.466628 0.902072 0.354801
4 0.0935597 0.488876 0.123577 0.188525
29 0.478324 0.472482 0.90519 0.360656
21 0.481053 0.470726 0.90597 0.366511
30 0.480663 0.463993 0.903631 0.358899
31 0.476765 0.470433 0.897394 0.36007
59 0.481053 0.470726 0.90597 0.366511
67 0.480663 0.463993 0.903631 0.358899
8 0.470917 0.459895 0.876343 0.355386
58 0.480663 0.463993 0.903631 0.358899
60 0.476765 0.470433 0.897394 0.36007
32 0.480663 0.463993 0.903631 0.358899
4 0.480663 0.463993 0.903631 0.358899
54 0.470917 0.459895 0.876343 0.355386
10 0.470917 0.459895 0.876343 0.355386
45 0.480663 0.463993 0.903631 0.358899
20 0.476765 0.470433 0.897394 0.36007
7 0.481053 0.476288 0.899733 0.362412
0 0.481053 0.476288 0.899733 0.362412
6 0.481053 0.470726 0.90597 0.366511
44 0.470917 0.459895 0.876343 0.355386
35 0.480663 0.463993 0.903631 0.358899
56 0.480663 0.463993 0.903631 0.358899
62 0.481053 0.476288 0.899733 0.362412
65 0.481053 0.476288 0.899733 0.362412
23 0.481053 0.470726 0.90597 0.366511
2 0.476765 0.470433 0.897394 0.36007
3 0.476765 0.470433 0.897394 0.36007
39 0.480663 0.463993 0.903631 0.358899
1 0.481833 0.465164 0.90441 0.361241
28 0.470917 0.459895 0.876343 0.355386
61 0.480663 0.463993 0.903631 0.358899
34 0.481053 0.470726 0.90597 0.366511
29 0.484951 0.466042 0.909089 0.377049
21 0.486121 0.465164 0.914546 0.374122
59 0.486121 0.465164 0.914546 0.374122
30 0.481443 0.464871 0.90519 0.375878
4 0.486121 0.465164 0.914546 0.374122
10 0.470917 0.460773 0.879461 0.368852
45 0.486121 0.465164 0.914546 0.374122
65 0.482222 0.471311 0.922343 0.371194
58 0.481443 0.464871 0.90519 0.375878
67 0.470917 0.460773 0.879461 0.368852
2 0.0925851 0.497073 0.120263 0.172131
60 0.481443 0.464871 0.90519 0.375878
7 0.470917 0.460773 0.879461 0.368852
8 0.470917 0.460773 0.879461 0.368852
31 0.481443 0.464871 0.90519 0.375878
0 0.470917 0.460773 0.879461 0.368852
4 0.0925851 0.497073 0.120263 0.172131
6 0.486121 0.465164 0.914546 0.374122
32 0.481443 0.464871 0.90519 0.375878
58 0.0925851 0.497073 0.120263 0.172131
34 0.498985 0.478337 0.901292 0.364169
57 0.470917 0.460773 0.879461 0.368852
23 0.486121 0.465164 0.914546 0.374122
62 0.484951 0.466042 0.909089 0.377049
54 0.470917 0.460773 0.879461 0.368852
28 0.470917 0.460773 0.879461 0.368852
44 0.470917 0.460773 0.879461 0.368852
61 0.481443 0.464871 0.90519 0.375878
3 0.0925851 0.497073 0.120263 0.172131
20 0.481443 0.464871 0.90519 0.375878
45 0.0925851 0.497073 0.120263 0.172131
29 0.484951 0.470433 0.910648 0.374122
21 0.481832 0.475995 0.916885 0.367681
30 0.483392 0.468384 0.907529 0.374707
59 0.481832 0.475995 0.916885 0.367681
31 0.483392 0.468384 0.907529 0.374707
67 0.484951 0.470433 0.910648 0.374122
8 0.484172 0.471311 0.907529 0.372365
4 0.483392 0.468384 0.907529 0.374707
58 0.483392 0.468384 0.907529 0.374707
65 0.481832 0.475995 0.916885 0.367681
7 0.471307 0.466042 0.866207 0.372365
10 0.484951 0.470433 0.910648 0.374122
60 0.483392 0.468384 0.907529 0.374707
32 0.483392 0.468384 0.907529 0.374707
23 0.481832 0.475995 0.916885 0.367681
6 0.484172 0.471311 0.907529 0.372365
20 0.484172 0.471311 0.907529 0.372365
45 0.483392 0.468384 0.907529 0.374707
4 0.0928775 0.498829 0.121628 0.165105
34 0.485731 0.478337 0.909089 0.359485
2 0.0928775 0.498829 0.121628 0.165105
62 0.481832 0.475995 0.916885 0.367681
54 0.484951 0.470433 0.910648 0.374122
0 0.471307 0.466042 0.866207 0.372365
35 0.483392 0.468384 0.907529 0.374707
44 0.471307 0.466042 0.866207 0.372365
56 0.484172 0.471311 0.907529 0.372365
58 0.0928775 0.498829 0.121628 0.165105
29 0.483002 0.469848 0.912987 0.357728
21 0.483002 0.469848 0.912987 0.357728
30 0.484172 0.461358 0.920004 0.351288
31 0.480273 0.466628 0.910648 0.351288
59 0.48768 0.461944 0.919224 0.359485
67 0.480273 0.466628 0.910648 0.351288
8 0.483002 0.469848 0.912987 0.357728
7 0.459222 0.457553 0.888817 0.349532
4 0.484172 0.461358 0.920004 0.351288
58 0.484172 0.461358 0.920004 0.351288
4 0.0920004 0.492096 0.120263 0.183255
60 0.484172 0.461358 0.920004 0.351288
54 0.48768 0.461944 0.919224 0.359485
45 0.484172 0.461358 0.920004 0.351288
20 0.48768 0.461944 0.919224 0.359485
32 0.484172 0.461358 0.920004 0.351288
2 0.0920004 0.492096 0.120263 0.183255
6 0.484951 0.4637 0.916885 0.361827
10 0.459222 0.457553 0.888817 0.349532
0 0.484172 0.461358 0.920004 0.351288
44 0.484561 0.473946 0.90519 0.363583
58 0.0920004 0.492096 0.120263 0.183255
65 0.480663 0.469555 0.914546 0.364169
35 0.484172 0.461358 0.920004 0.351288
34 0.484561 0.473946 0.90519 0.363583
23 0.484561 0.473946 0.90519 0.363583
62 0.48768 0.461944 0.919224 0.359485
1 0.48768 0.461944 0.919224 0.359485
3 0.483002 0.469848 0.912987 0.357728
56 0.484951 0.4637 0.916885 0.361827
29 0.0897589 0.42096 0.119094 0.333724
29 0.479104 0.475995 0.909868 0.362998
21 0.485341 0.468384 0.912987 0.36534
30 0.485341 0.468384 0.912987 0.36534
31 0.479104 0.473068 0.909868 0.359485
59 0.485341 0.468384 0.912987 0.36534
8 0.485341 0.468384 0.912987 0.36534
67 0.479104 0.473068 0.909868 0.359485
54 0.485341 0.468384 0.912987 0.36534
7 0.473256 0.462236 0.877902 0.354215
58 0.479104 0.473068 0.909868 0.359485
4 0.484172 0.467213 0.916885 0.357143
32 0.481053 0.477752 0.90597 0.367681
0 0.473256 0.462236 0.877902 0.354215
45 0.484172 0.467213 0.916885 0.357143
6 0.483392 0.468677 0.910648 0.365925
20 0.485341 0.468384 0.912987 0.36534
10 0.473256 0.462236 0.877902 0.354215
60 0.479104 0.473068 0.909868 0.359485
44 0.485341 0.468384 0.912987 0.36534
4 0.0919029 0.487119 0.119484 0.19555
2 0.0919029 0.487119 0.119484 0.19555
65 0.477934 0.473653 0.910648 0.367681
23 0.482612 0.475703 0.899733 0.370609
34 0.485341 0.468384 0.912987 0.36534
58 0.0919029 0.487119 0.119484 0.19555
56 0.483392 0.468677 0.910648 0.365925
62 0.485341 0.468384 0.912987 0.36534
35 0.484172 0.467213 0.916885 0.357143
28 0.473256 0.462236 0.877902 0.354215
4 0.0921709 0.517272 0.118168 0.138759
1 0.485341 0.468384 0.912987 0.36534
57 0.473256 0.462236 0.877902 0.354215
29 0.492748 0.4637 0.921563 0.381733
21 0.4869 0.470433 0.925461 0.374122
30 0.485731 0.469555 0.921563 0.372365
31 0.485731 0.469555 0.921563 0.372365
4 0.492748 0.465457 0.926241 0.375878
59 0.4869 0.470433 0.925461 0.374122
45 0.485731 0.469555 0.921563 0.372365
7 0.492748 0.4637 0.921563 0.381733
60 0.485731 0.469555 0.921563 0.372365
67 0.485731 0.469555 0.921563 0.372365
0 0.492748 0.4637 0.921563 0.381733
32 0.492748 0.465457 0.926241 0.375878
35 0.485731 0.469555 0.921563 0.372365
8 0.4869 0.470433 0.925461 0.374122
54 0.492748 0.4637 0.921563 0.381733
65 0.492748 0.472482 0.910648 0.372365
58 0.485731 0.469555 0.921563 0.372365
20 0.485731 0.469555 0.921563 0.372365
62 0.492748 0.4637 0.921563 0.381733
6 0.4869 0.470433 0.925461 0.374122
10 0.4869 0.470433 0.925461 0.374122
56 0.4869 0.470433 0.925461 0.374122
44 0.492748 0.4637 0.921563 0.381733
2 0.485731 0.469555 0.921563 0.372365
57 0.492748 0.4637 0.921563 0.381733
34 0.4869 0.470433 0.925461 0.374122
39 0.492748 0.465457 0.926241 0.375878
3 0.488849 0.470726 0.90597 0.371194
1 0.492748 0.4637 0.921563 0.381733
23 0.4869 0.470433 0.925461 0.374122
29 0.484951 0.46048 0.910648 0.349532
21 0.480273 0.471604 0.915326 0.358899
30 0.481053 0.466042 0.909089 0.343091
31 0.481053 0.466042 0.909089 0.343091
59 0.484951 0.46048 0.910648 0.349532
7 0.471697 0.454333 0.871665 0.344262
4 0.485731 0.475117 0.918445 0.356557
35 0.480273 0.471604 0.915326 0.358899
8 0.484951 0.46048 0.910648 0.349532
58 0.481053 0.466042 0.909089 0.343091
65 0.486511 0.476873 0.916885 0.361241
54 0.484951 0.46048 0.910648 0.349532
60 0.481053 0.466042 0.909089 0.343091
67 0.481053 0.466042 0.909089 0.343091
0 0.484951 0.46048 0.910648 0.349532
6 0.480273 0.471604 0.915326 0.358899
45 0.481053 0.466042 0.909089 0.343091
4 0.0918055 0.484192 0.118899 0.189696
34 0.480273 0.471604 0.915326 0.358899
56 0.480273 0.471604 0.915326 0.358899
44 0.484951 0.46048 0.910648 0.349532
20 0.484951 0.46048 0.910648 0.349532
62 0.484951 0.46048 0.910648 0.349532
23 0.483782 0.4637 0.909868 0.35363
32 0.486511 0.476873 0.916885 0.361241
10 0.481833 0.469555 0.913767 0.351288
29 0.491188 0.467213 0.923122 0.377049
21 0.485731 0.472775 0.920004 0.370609
30 0.486511 0.472775 0.920004 0.362412
59 0.491188 0.467213 0.923122 0.377049
31 0.486511 0.472775 0.920004 0.362412
60 0.486511 0.472775 0.920004 0.362412
67 0.486511 0.472775 0.920004 0.362412
58 0.492748 0.467213 0.92936 0.367682
45 0.486511 0.472775 0.920004 0.362412
7 0.48807 0.477166 0.92936 0.364169
8 0.485731 0.472775 0.920004 0.370609
0 0.491188 0.467213 0.923122 0.377049
4 0.485731 0.472775 0.920004 0.370609
10 0.470917 0.462529 0.88258 0.373536
6 0.485731 0.472775 0.920004 0.370609
54 0.491188 0.467213 0.923122 0.377049
62 0.491188 0.467213 0.923122 0.377049
56 0.48807 0.468384 0.916885 0.373536
65 0.48729 0.476581 0.924682 0.365339
57 0.491188 0.467213 0.923122 0.377049
20 0.491188 0.467213 0.923122 0.377049
44 0.48807 0.477166 0.92936 0.364169
35 0.485731 0.472775 0.920004 0.370609
32 0.48729 0.476581 0.924682 0.365339
1 0.491188 0.467213 0.923122 0.377049
23 0.485731 0.472775 0.920004 0.370609
3 0.485731 0.472775 0.920004 0.370609
2 0.486511 0.472775 0.920004 0.362412
29 0.489629 0.467213 0.910648 0.358314
30 0.484951 0.471897 0.920004 0.354801
21 0.477544 0.461358 0.869326 0.355972
31 0.484951 0.471897 0.920004 0.354801
59 0.489629 0.467213 0.910648 0.358314
56 0.4869 0.465164 0.906749 0.365925
67 0.484951 0.471897 0.920004 0.354801
0 0.489629 0.467213 0.910648 0.358314
8 0.477544 0.461358 0.869326 0.355972
20 0.486511 0.474239 0.924682 0.35363
58 0.490409 0.465457 0.915326 0.357143
4 0.486511 0.470141 0.920004 0.364169
54 0.489629 0.467213 0.910648 0.358314
10 0.477544 0.461358 0.869326 0.355972
60 0.484951 0.471897 0.920004 0.354801
6 0.4869 0.465164 0.906749 0.365925
44 0.4869 0.465164 0.906749 0.365925
62 0.489629 0.467213 0.910648 0.358314
7 0.477544 0.461358 0.869326 0.355972
32 0.486511 0.470141 0.920004 0.364169
1 0.489629 0.467213 0.910648 0.358314
35 0.486511 0.470141 0.920004 0.364169
2 0.484951 0.471897 0.920004 0.354801
39 0.484951 0.471897 0.920004 0.354801
23 0.4869 0.465164 0.906749 0.365925
29 0.503663 0.466628 0.957428 0.359485
21 0.503663 0.466628 0.957428 0.359485
59 0.500544 0.475117 0.943394 0.355386
30 0.501714 0.473068 0.945733 0.352459
58 0.502104 0.465749 0.957428 0.356557
31 0.501714 0.473068 0.945733 0.352459
7 0.465849 0.461944 0.88336 0.355972
60 0.504053 0.475117 0.950411 0.351874
0 0.503663 0.466628 0.957428 0.359485
57 0.500544 0.475117 0.943394 0.355386
65 0.500544 0.475117 0.943394 0.355386
67 0.501714 0.473068 0.945733 0.352459
23 0.500544 0.475117 0.943394 0.355386
4 0.500544 0.475117 0.943394 0.355386
44 0.465849 0.461944 0.88336 0.355972
45 0.502104 0.465749 0.957428 0.356557
34 0.500544 0.475117 0.943394 0.355386
6 0.500544 0.475117 0.943394 0.355386
8 0.504053 0.475117 0.950411 0.351874
56 0.500155 0.46692 0.942614 0.362412
10 0.465849 0.461944 0.88336 0.355972
2 0.501714 0.473068 0.945733 0.352459
32 0.491968 0.47863 0.9278 0.355386
54 0.504053 0.475117 0.950411 0.351874
62 0.503663 0.466628 0.957428 0.359485
29 0.475595 0.467213 0.899733 0.372365
30 0.472477 0.471604 0.898173 0.365925
21 0.477934 0.467213 0.90597 0.368852
31 0.472477 0.471604 0.898173 0.365925
59 0.470138 0.474532 0.893495 0.365925
67 0.472477 0.471604 0.898173 0.365925
0 0.475595 0.467213 0.899733 0.372365
60 0.472477 0.471604 0.898173 0.365925
7 0.472477 0.471604 0.898173 0.365925
58 0.472477 0.471604 0.898173 0.365925
4 0.477934 0.467213 0.90597 0.368852
45 0.472477 0.471604 0.898173 0.365925
44 0.472477 0.471604 0.898173 0.365925
54 0.477934 0.467213 0.90597 0.368852
32 0.477934 0.467213 0.90597 0.368852
56 0.470138 0.474532 0.893495 0.365925
57 0.475595 0.467213 0.899733 0.372365
10 0.475595 0.467213 0.899733 0.372365
8 0.477934 0.467213 0.90597 0.368852
6 0.470138 0.474532 0.893495 0.365925
62 0.475595 0.467213 0.899733 0.372365
1 0.475595 0.467213 0.899733 0.372365
65 0.470917 0.474532 0.888817 0.368267
20 0.470138 0.474532 0.893495 0.365925
23 0.470138 0.474532 0.893495 0.365925
29 0.473256 0.475995 0.893495 0.368852
21 0.473256 0.475995 0.893495 0.368852
30 0.471697 0.471311 0.893495 0.366511
59 0.471697 0.473068 0.893495 0.370023
31 0.471697 0.471311 0.893495 0.366511
67 0.471697 0.471311 0.893495 0.366511
58 0.471697 0.474239 0.890377 0.36534
65 0.472477 0.476288 0.885699 0.367096
60 0.473256 0.475995 0.893495 0.368852
4 0.471697 0.473068 0.893495 0.370023
45 0.471697 0.471311 0.893495 0.366511
7 0.471697 0.474239 0.890377 0.36534
0 0.475595 0.464871 0.895055 0.377049
8 0.471697 0.471311 0.893495 0.366511
6 0.472477 0.476288 0.885699 0.367096
20 0.475595 0.464871 0.895055 0.377049
10 0.475595 0.464871 0.895055 0.377049
32 0.471697 0.471311 0.893495 0.366511
56 0.471697 0.473068 0.893495 0.370023
62 0.475595 0.464871 0.895055 0.377049
44 0.475595 0.464871 0.895055 0.377049
54 0.475595 0.464871 0.895055 0.377049
57 0.471697 0.473068 0.893495 0.370023
23 0.472477 0.476288 0.885699 0.367096
34 0.471697 0.473068 0.893495 0.370023
2 0.471697 0.474239 0.890377 0.36534
29 0.48729 0.466042 0.909089 0.379391
30 0.48729 0.466042 0.909089 0.379391
21 0.484172 0.468384 0.90441 0.375878
31 0.484951 0.47219 0.910648 0.372951
59 0.484172 0.468384 0.90441 0.375878
56 0.483002 0.473068 0.911428 0.374707
0 0.483002 0.473068 0.911428 0.374707
58 0.484172 0.477166 0.899733 0.36534
32 0.484172 0.477166 0.899733 0.36534
4 0.483002 0.473068 0.911428 0.374707
6 0.483002 0.473068 0.911428 0.374707
67 0.483392 0.47014 0.907529 0.371194
20 0.484172 0.468384 0.90441 0.375878
7 0.484172 0.477166 0.899733 0.36534
60 0.483002 0.473068 0.911428 0.374707
8 0.484172 0.477166 0.899733 0.36534
62 0.483002 0.473068 0.911428 0.374707
44 0.48729 0.466042 0.909089 0.379391
65 0.483002 0.473068 0.911428 0.374707
54 0.484951 0.47219 0.910648 0.372951
57 0.483002 0.473068 0.911428 0.374707
2 0.484172 0.477166 0.899733 0.36534
45 0.48729 0.464871 0.910648 0.377049
1 0.48729 0.466042 0.909089 0.379391
23 0.484172 0.468384 0.90441 0.375878
10 0.476375 0.463115 0.85919 0.374707
29 0.484172 0.466628 0.910648 0.385246
21 0.483002 0.473361 0.911428 0.376464
30 0.483392 0.473653 0.907529 0.373536
59 0.483002 0.473361 0.911428 0.376464
31 0.483392 0.473653 0.907529 0.373536
8 0.48651 0.476581 0.907529 0.371194
4 0.483002 0.473361 0.911428 0.376464
0 0.483002 0.473361 0.911428 0.376464
7 0.48651 0.476581 0.907529 0.371194
67 0.48651 0.476581 0.907529 0.371194
44 0.484172 0.466628 0.910648 0.385246
6 0.48729 0.476581 0.902851 0.371194
54 0.484172 0.466628 0.910648 0.385246
32 0.48651 0.476581 0.907529 0.371194
45 0.483392 0.468091 0.912207 0.382318
65 0.483002 0.473361 0.911428 0.376464
58 0.48651 0.476581 0.907529 0.371194
60 0.48651 0.476581 0.907529 0.371194
56 0.481053 0.468091 0.907529 0.382318
35 0.48729 0.476581 0.902851 0.371194
62 0.48651 0.476581 0.907529 0.371194
10 0.481053 0.468091 0.907529 0.382318
34 0.484172 0.466628 0.910648 0.385246
20 0.48729 0.476581 0.902851 0.371194
57 0.483002 0.473361 0.911428 0.376464
28 0.483002 0.473361 0.911428 0.376464
29 0.482612 0.468969 0.912207 0.382904
21 0.488849 0.473361 0.895055 0.375293
30 0.481053 0.472482 0.909089 0.381733
67 0.481053 0.472482 0.909089 0.381733
59 0.481833 0.472775 0.912207 0.377635
31 0.481053 0.472482 0.909089 0.381733
60 0.488849 0.473361 0.895055 0.375293
7 0.488849 0.473361 0.895055 0.375293
58 0.481053 0.472482 0.909089 0.381733
0 0.482612 0.463115 0.909089 0.393443
44 0.482612 0.463115 0.909089 0.393443
8 0.481443 0.466335 0.909868 0.392857
62 0.488849 0.473361 0.895055 0.375293
32 0.481443 0.466335 0.909868 0.392857
65 0.481833 0.472775 0.912207 0.377635
54 0.482612 0.463115 0.909089 0.393443
6 0.481443 0.466554 0.90519 0.385392
20 0.481833 0.472775 0.912207 0.377635
56 0.481443 0.466554 0.90519 0.385392
10 0.481443 0.466335 0.909868 0.392857
4 0.488849 0.473361 0.895055 0.375293
45 0.481443 0.466335 0.909868 0.392857
34 0.481443 0.466335 0.909868 0.392857
57 0.481833 0.472775 0.912207 0.377635
29 0.481053 0.468091 0.90597 0.379977
30 0.479493 0.469848 0.901292 0.376464
21 0.481833 0.468677 0.90441 0.376464
67 0.479493 0.469848 0.901292 0.376464
59 0.469358 0.461944 0.879461 0.385246
0 0.481833 0.468677 0.90441 0.376464
4 0.481833 0.468677 0.90441 0.376464
54 0.472087 0.462456 0.880241 0.388905
60 0.479493 0.469848 0.901292 0.376464
7 0.493527 0.472482 0.868546 0.373536
35 0.481833 0.468677 0.90441 0.376464
31 0.472087 0.462456 0.880241 0.388905
6 0.481833 0.468677 0.90441 0.376464
8 0.469358 0.461944 0.879461 0.385246
56 0.469358 0.461944 0.879461 0.385246
45 0.479493 0.469848 0.901292 0.376464
62 0.493527 0.472482 0.868546 0.373536
10 0.472087 0.462456 0.880241 0.388905
58 0.472087 0.462456 0.880241 0.388905
44 0.472087 0.462456 0.880241 0.388905
57 0.481833 0.468677 0.90441 0.376464
32 0.481833 0.468677 0.90441 0.376464
29 0.48729 0.468677 0.926241 0.382318
21 0.477155 0.464944 0.904411 0.38627
30 0.477155 0.464944 0.904411 0.38627
0 0.48729 0.468677 0.926241 0.382318
59 0.477155 0.464944 0.904411 0.38627
67 0.484951 0.469555 0.916885 0.379391
7 0.468188 0.462236 0.867766 0.38466
31 0.481833 0.464798 0.915326 0.386563
4 0.48729 0.469848 0.924682 0.381148
60 0.481833 0.464798 0.915326 0.386563
54 0.481833 0.463773 0.910648 0.389783
45 0.481833 0.464798 0.915326 0.386563
56 0.477155 0.464944 0.904411 0.38627
44 0.481833 0.463773 0.910648 0.389783
8 0.481833 0.464798 0.915326 0.386563
65 0.481833 0.464798 0.915326 0.386563
6 0.477155 0.464944 0.904411 0.38627
4 0.0909283 0.483021 0.117924 0.206089
58 0.481833 0.464798 0.915326 0.386563
62 0.481833 0.464798 0.915326 0.386563
10 0.481833 0.464798 0.915326 0.386563
32 0.492748 0.473946 0.904411 0.372951
29 0.470138 0.471604 0.881021 0.368267
21 0.477155 0.47541 0.895055 0.364169
30 0.467799 0.471604 0.881021 0.368267
59 0.467799 0.471604 0.881021 0.368267
67 0.477154 0.478337 0.891936 0.364169
31 0.477154 0.478337 0.891936 0.364169
7 0.489629 0.478337 0.874783 0.359485
8 0.467799 0.471604 0.881021 0.368267
44 0.470138 0.471604 0.881021 0.368267
60 0.489629 0.478337 0.874783 0.359485
58 0.477155 0.47541 0.895055 0.364169
6 0.467799 0.471604 0.881021 0.368267
54 0.478714 0.476581 0.896614 0.359485
4 0.477155 0.47541 0.895055 0.364169
20 0.467799 0.471604 0.881021 0.368267
65 0.477155 0.47541 0.895055 0.364169
0 0.489629 0.478337 0.874783 0.359485
62 0.489629 0.478337 0.874783 0.359485
29 0.959612 0.434426 0.0807759 0.386417
29 0.492358 0.476288 0.861529 0.365925
30 0.476375 0.471897 0.890377 0.367681
21 0.492358 0.476288 0.861529 0.365925
31 0.476375 0.471897 0.890377 0.367681
67 0.476375 0.471897 0.890377 0.367681
59 0.478714 0.472482 0.888817 0.372365
0 0.478714 0.471311 0.891936 0.368852
8 0.476375 0.471897 0.890377 0.367681
54 0.471697 0.466335 0.877902 0.375293
29 0.972477 0.434426 0.0550469 0.391101
20 0.478714 0.472482 0.888817 0.372365
44 0.471697 0.466335 0.877902 0.375293
58 0.476375 0.471897 0.890377 0.367681
60 0.476375 0.471897 0.890377 0.367681
7 0.476375 0.471897 0.890377 0.367681
29 0.957428 0.441452 0.0842038 0.386417
56 0.470527 0.467506 0.875563 0.376464
62 0.492358 0.476288 0.861529 0.365925
4 0.495087 0.476288 0.851393 0.368267
6 0.470527 0.467506 0.875563 0.376464
32 0.492358 0.476288 0.861529 0.365925
65 0.495087 0.476288 0.851393 0.368267
35 0.972477 0.434426 0.0550469 0.391101
45 0.476375 0.471897 0.890377 0.367681
10 0.472477 0.467213 0.879461 0.374707
30 0.957428 0.441452 0.0842038 0.386417
29 0.486121 0.478337 0.85841 0.362998
30 0.468578 0.475995 0.887258 0.362998
21 0.468968 0.473068 0.877122 0.370023
67 0.468578 0.475995 0.887258 0.362998
31 0.468578 0.475995 0.887258 0.362998
59 0.466239 0.47541 0.884139 0.370023
58 0.468578 0.475995 0.887258 0.362998
0 0.486121 0.478337 0.85841 0.362998
44 0.468968 0.473068 0.877122 0.370023
60 0.486121 0.478337 0.85841 0.362998
45 0.468578 0.475995 0.887258 0.362998
32 0.468578 0.475995 0.887258 0.362998
56 0.466239 0.47541 0.884139 0.370023
7 0.486121 0.478337 0.85841 0.362998
57 0.466239 0.47541 0.884139 0.370023
4 0.466239 0.47541 0.884139 0.370023
54 0.468578 0.472482 0.877902 0.371194
6 0.48807 0.476288 0.845156 0.370609
8 0.468578 0.472482 0.877902 0.371194
2 0.479883 0.477459 0.866207 0.362412
10 0.468578 0.472482 0.877902 0.371194
29 0.468968 0.473361 0.903631 0.375293
21 0.467799 0.470141 0.887258 0.375878
30 0.467799 0.470141 0.887258 0.375878
67 0.467799 0.472482 0.901292 0.372365
59 0.467799 0.473653 0.904411 0.375878
58 0.467799 0.470141 0.887258 0.375878
0 0.462731 0.467213 0.864648 0.379391
60 0.467799 0.472482 0.901292 0.372365
7 0.467799 0.470141 0.887258 0.375878
31 0.467799 0.470141 0.887258 0.375878
44 0.462731 0.467213 0.864648 0.379391
57 0.467799 0.473653 0.904411 0.375878
62 0.471697 0.477752 0.893495 0.368852
65 0.467799 0.473653 0.904411 0.375878
45 0.467799 0.470141 0.887258 0.375878
6 0.467799 0.469555 0.884139 0.379391
8 0.467799 0.470141 0.887258 0.375878
56 0.467799 0.469555 0.884139 0.379391
54 0.468578 0.469555 0.884139 0.380562
32 0.467799 0.470141 0.887258 0.375878
4 0.467799 0.470141 0.887258 0.375878
29 0.495087 0.477752 0.865427 0.361827
21 0.477934 0.470433 0.884139 0.372951
30 0.477155 0.473653 0.901292 0.36534
31 0.477155 0.473653 0.901292 0.36534
59 0.477934 0.470433 0.884139 0.372951
67 0.477155 0.473653 0.901292 0.36534
58 0.477934 0.470433 0.884139 0.372951
0 0.495087 0.477752 0.865427 0.361827
7 0.477934 0.470433 0.884139 0.372951
60 0.495087 0.477752 0.865427 0.361827
45 0.477934 0.470433 0.884139 0.372951
32 0.477934 0.470433 0.884139 0.372951
4 0.477934 0.470433 0.884139 0.372951
62 0.495087 0.477752 0.865427 0.361827
2 0.477934 0.470433 0.884139 0.372951
44 0.477934 0.470433 0.884139 0.372951
57 0.477934 0.470433 0.884139 0.372951
6 0.478324 0.473946 0.902072 0.370609
56 0.478324 0.473946 0.902072 0.370609
8 0.477934 0.470433 0.884139 0.372951
54 0.495087 0.477752 0.865427 0.361827
20 0.478324 0.473946 0.902072 0.370609
3 0.477934 0.470433 0.884139 0.372951
35 0.477934 0.470433 0.884139 0.372951
10 0.477934 0.470433 0.884139 0.372951
29 0.478714 0.457553 0.88258 0.381148
30 0.480273 0.464286 0.90597 0.371194
21 0.476375 0.46048 0.88258 0.377635
31 0.480273 0.464286 0.90597 0.371194
67 0.480273 0.464286 0.90597 0.371194
59 0.476375 0.46048 0.88258 0.377635
0 0.471697 0.455503 0.852953 0.372365
7 0.471697 0.455503 0.852953 0.372365
58 0.476375 0.46048 0.88258 0.377635
20 0.478714 0.465164 0.907529 0.377635
8 0.478714 0.465164 0.907529 0.377635
44 0.471697 0.455503 0.852953 0.372365
56 0.476375 0.46048 0.88258 0.377635
6 0.476375 0.46048 0.88258 0.377635
60 0.480273 0.464286 0.90597 0.371194
32 0.478714 0.465164 0.907529 0.377635
4 0.478714 0.465164 0.907529 0.377635
34 0.472477 0.45726 0.851393 0.366511
29 0.48807 0.472482 0.920004 0.366511
30 0.489629 0.47014 0.912207 0.377049
21 0.489629 0.47014 0.912207 0.377049
58 0.486511 0.469262 0.909089 0.375293
31 0.489629 0.47014 0.912207 0.377049
67 0.483392 0.473068 0.912207 0.370023
0 0.469358 0.467506 0.860749 0.372951
59 0.486511 0.469262 0.909089 0.375293
60 0.489629 0.47014 0.912207 0.377049
56 0.486511 0.469262 0.909089 0.375293
7 0.469358 0.467506 0.860749 0.372951
20 0.486511 0.469262 0.909089 0.375293
44 0.469358 0.467506 0.860749 0.372951
6 0.486511 0.469262 0.909089 0.375293
32 0.489629 0.47014 0.912207 0.377049
8 0.469358 0.467506 0.860749 0.372951
54 0.470917 0.469262 0.860749 0.377635
29 0.480273 0.473068 0.90441 0.372365
30 0.478714 0.474239 0.899733 0.372365
31 0.478714 0.474239 0.899733 0.372365
21 0.479493 0.473068 0.904411 0.372365
67 0.478714 0.474239 0.899733 0.372365
59 0.478714 0.474239 0.899733 0.372365
58 0.479493 0.473068 0.904411 0.372365
0 0.470527 0.462529 0.863088 0.37822
62 0.481053 0.475995 0.893495 0.368852
44 0.470527 0.462529 0.863088 0.37822
32 0.479493 0.473068 0.904411 0.372365
20 0.479493 0.473068 0.904411 0.372365
8 0.481053 0.475995 0.893495 0.368852
56 0.474426 0.467799 0.888038 0.375878
54 0.470138 0.464213 0.862309 0.381879
60 0.481053 0.475995 0.893495 0.368852
7 0.470527 0.462529 0.863088 0.37822
29 0.484951 0.470726 0.912207 0.364169
30 0.479493 0.471019 0.902851 0.368267
31 0.479493 0.471019 0.902851 0.368267
67 0.479493 0.471019 0.902851 0.368267
21 0.482612 0.466042 0.893495 0.375878
59 0.482612 0.466042 0.893495 0.375878
58 0.479493 0.471019 0.902851 0.368267
0 0.481443 0.463993 0.891156 0.374122
8 0.482612 0.466042 0.893495 0.375878
44 0.46546 0.461358 0.85919 0.36534
20 0.478714 0.466042 0.888817 0.372365
7 0.46546 0.461358 0.85919 0.36534
54 0.482612 0.466042 0.893495 0.375878
32 0.482612 0.466042 0.893495 0.375878
29 0.467799 0.475995 0.88258 0.368852
30 0.466239 0.47541 0.876343 0.36534
21 0.467799 0.475995 0.88258 0.368852
59 0.467799 0.475995 0.88258 0.368852
31 0.466239 0.47541 0.876343 0.36534
67 0.466239 0.47541 0.876343 0.36534
0 0.46468 0.46897 0.876343 0.381733
58 0.467799 0.475995 0.88258 0.368852
7 0.463121 0.478923 0.870105 0.361827
60 0.463121 0.478923 0.870105 0.361827
57 0.467799 0.475995 0.88258 0.368852
44 0.46468 0.46897 0.876343 0.381733
20 0.462731 0.468677 0.875563 0.382318
6 0.467799 0.475995 0.88258 0.368852
54 0.465849 0.469848 0.878682 0.379977
29 0.477154 0.477752 0.891936 0.355972
21 0.467019 0.470726 0.873224 0.368852
30 0.472477 0.476581 0.885699 0.360656
31 0.472477 0.476581 0.885699 0.360656
59 0.477155 0.477752 0.898173 0.359485
67 0.472477 0.476581 0.885699 0.360656
7 0.467019 0.471311 0.874783 0.367682
58 0.477155 0.477752 0.898173 0.359485
0 0.483782 0.478337 0.872444 0.358314
60 0.483782 0.478337 0.872444 0.358314
45 0.467799 0.471897 0.874783 0.367681
44 0.467019 0.471311 0.874783 0.367682
29 0.502104 0.472482 0.948072 0.366511
30 0.501324 0.466335 0.934038 0.374122
21 0.501324 0.466335 0.934038 0.374122
31 0.501324 0.466335 0.934038 0.374122
67 0.499765 0.472482 0.940275 0.364169
59 0.501324 0.466335 0.934038 0.374122
58 0.501324 0.466335 0.934038 0.374122
0 0.467019 0.4637 0.852953 0.373536
60 0.501324 0.466335 0.934038 0.374122
7 0.470917 0.465457 0.85919 0.373536
45 0.470917 0.465457 0.85919 0.373536
29 0.503273 0.476874 0.920783 0.370609
21 0.493138 0.47541 0.92858 0.373536
30 0.48885 0.474824 0.918445 0.375878
59 0.493138 0.47541 0.92858 0.373536
58 0.48885 0.474824 0.918445 0.375878
31 0.48885 0.474824 0.918445 0.375878
0 0.496256 0.469628 0.903631 0.389783
67 0.48885 0.474824 0.918445 0.375878
57 0.493138 0.47541 0.92858 0.373536
45 0.48885 0.474824 0.918445 0.375878
60 0.503273 0.476874 0.920783 0.370609
44 0.496256 0.469628 0.903631 0.389783
32 0.48885 0.474824 0.918445 0.375878
29 0.489629 0.473946 0.920004 0.374122
21 0.488849 0.466042 0.901292 0.388759
30 0.488849 0.466042 0.901292 0.388759
58 0.488849 0.466042 0.901292 0.388759
31 0.488849 0.466042 0.901292 0.388759
59 0.489629 0.464871 0.896614 0.386417
67 0.48729 0.474824 0.913767 0.374707
0 0.473256 0.463993 0.846715 0.38466
57 0.488849 0.47219 0.921563 0.375293
7 0.475205 0.463627 0.849054 0.390076
60 0.488849 0.466042 0.901292 0.388759
45 0.475205 0.463627 0.849054 0.390076
32 0.475205 0.463627 0.849054 0.390076
44 0.475205 0.463627 0.849054 0.390076
29 0.949087 0.459309 0.101827 0.369438
29 0.488849 0.471897 0.915326 0.377049
30 0.483782 0.472775 0.90519 0.374122
31 0.481443 0.468969 0.88336 0.379391
21 0.480273 0.467213 0.881021 0.381733
67 0.483782 0.472775 0.90519 0.374122
58 0.480273 0.467213 0.881021 0.381733
0 0.477155 0.466042 0.8358 0.381733
7 0.477155 0.466042 0.8358 0.381733
59 0.481443 0.468969 0.88336 0.379391
35 0.481443 0.468969 0.88336 0.379391
29 0.494697 0.47219 0.931699 0.374122
21 0.491188 0.46897 0.90441 0.375878
30 0.48768 0.469555 0.900512 0.374707
58 0.48768 0.469555 0.900512 0.374707
31 0.48768 0.469555 0.900512 0.374707
59 0.493527 0.472775 0.930919 0.374122
7 0.475985 0.467799 0.844376 0.374707
57 0.493527 0.472775 0.930919 0.374122
67 0.491968 0.473068 0.926241 0.373536
0 0.493527 0.472775 0.930919 0.374122
60 0.48768 0.469555 0.900512 0.374707
29 0.505222 0.47541 0.935597 0.367681
30 0.492748 0.473653 0.926241 0.371194
31 0.492748 0.473653 0.926241 0.371194
21 0.491968 0.474239 0.9278 0.370023
58 0.491968 0.474239 0.9278 0.370023
59 0.492748 0.473653 0.926241 0.371194
67 0.492748 0.473653 0.926241 0.371194
0 0.505222 0.47541 0.935597 0.367681
7 0.505222 0.47541 0.935597 0.367681
8 0.491578 0.471311 0.908309 0.374707
29 0.490409 0.477166 0.921563 0.368852
30 0.48768 0.476581 0.917665 0.371194
31 0.48768 0.476581 0.917665 0.371194
21 0.486511 0.475995 0.920004 0.372365
59 0.486511 0.475995 0.920004 0.372365
58 0.486511 0.475995 0.920004 0.372365
67 0.48768 0.476581 0.917665 0.371194
0 0.486511 0.475995 0.920004 0.372365
7 0.485731 0.47863 0.912207 0.365925
56 0.479883 0.471897 0.894275 0.377049
8 0.485731 0.47863 0.912207 0.365925
32 0.485731 0.47863 0.912207 0.365925
20 0.486511 0.475995 0.920004 0.372365
60 0.486511 0.475995 0.920004 0.372365
6 0.486511 0.475995 0.920004 0.372365
62 0.486511 0.475995 0.920004 0.372365
54 0.484561 0.473653 0.900512 0.37822
29 0.473256 0.471897 0.877902 0.366511
30 0.478714 0.475995 0.896614 0.361827
31 0.478714 0.475995 0.896614 0.361827
58 0.477155 0.475995 0.898173 0.364169
21 0.473646 0.471897 0.878682 0.366511
32 0.477155 0.475995 0.898173 0.364169
67 0.482612 0.476581 0.890377 0.364169
59 0.477155 0.475995 0.898173 0.364169
8 0.484172 0.477752 0.888817 0.362998
7 0.484172 0.477752 0.888817 0.362998
20 0.477155 0.475995 0.898173 0.364169
62 0.477155 0.475995 0.898173 0.364169
56 0.477155 0.475995 0.898173 0.364169
0 0.477155 0.475995 0.898173 0.364169
60 0.477155 0.475995 0.898173 0.364169
29 0.477154 0.476288 0.891936 0.37178
30 0.474036 0.475995 0.888817 0.374707
21 0.473256 0.473068 0.896614 0.374707
31 0.474036 0.475995 0.888817 0.374707
0 0.478714 0.474824 0.887258 0.373536
58 0.473256 0.473068 0.896614 0.374707
59 0.473256 0.473068 0.896614 0.374707
7 0.477154 0.476288 0.891936 0.37178
6 0.478714 0.474824 0.887258 0.373536
67 0.474036 0.475995 0.888817 0.374707
32 0.478714 0.474824 0.887258 0.373536
62 0.478714 0.474824 0.887258 0.373536
45 0.470917 0.474239 0.891936 0.377049
60 0.474036 0.475995 0.888817 0.374707
29 0.481053 0.476581 0.90597 0.366511
30 0.478714 0.475702 0.901292 0.367096
21 0.474036 0.470726 0.88258 0.370023
31 0.478714 0.475702 0.901292 0.367096
0 0.480273 0.474824 0.909089 0.367681
59 0.480273 0.474824 0.909089 0.367681
58 0.480273 0.474824 0.909089 0.367681
67 0.478714 0.475702 0.901292 0.367096
7 0.482612 0.478923 0.902851 0.364169
45 0.474036 0.470726 0.88258 0.370023
29 0.493527 0.471897 0.913767 0.367681
30 0.490799 0.475117 0.927021 0.364754
31 0.490799 0.475117 0.927021 0.364754
58 0.491968 0.476288 0.932478 0.365925
21 0.489239 0.470726 0.908309 0.367681
59 0.491968 0.476288 0.932478 0.365925
0 0.491968 0.476288 0.932478 0.365925
56 0.491968 0.476288 0.932478 0.365925
67 0.490799 0.475117 0.927021 0.364754
7 0.489239 0.470726 0.908309 0.367681
29 0.481053 0.476581 0.868546 0.365339
30 0.472477 0.47541 0.877902 0.367681
31 0.472477 0.47541 0.877902 0.367681
21 0.474816 0.471311 0.85919 0.373536
58 0.474816 0.474824 0.877902 0.367681
59 0.474816 0.474824 0.877902 0.367681
0 0.481053 0.476581 0.868546 0.365339
56 0.474816 0.474824 0.877902 0.367681
67 0.481053 0.476581 0.868546 0.365339
32 0.482222 0.475995 0.864648 0.367681
7 0.481053 0.476581 0.868546 0.365339
6 0.482222 0.475995 0.864648 0.367681
62 0.482222 0.475995 0.864648 0.367681
44 0.473646 0.471897 0.856851 0.370023
60 0.481053 0.476581 0.868546 0.365339
29 0.479493 0.471604 0.879461 0.376464
30 0.473646 0.471897 0.880241 0.372365
31 0.473646 0.471897 0.880241 0.372365
21 0.477155 0.468384 0.860749 0.374707
0 0.479493 0.471604 0.879461 0.376464
56 0.477934 0.472482 0.888817 0.372365
59 0.477934 0.472482 0.888817 0.372365
67 0.479493 0.471604 0.879461 0.376464
62 0.479493 0.471604 0.879461 0.376464
58 0.477934 0.472482 0.888817 0.372365
60 0.479493 0.471604 0.879461 0.376464
44 0.477155 0.468384 0.860749 0.374707
7 0.477155 0.468384 0.860749 0.374707
32 0.479493 0.471604 0.879461 0.376464
29 0.474816 0.475995 0.876343 0.36534
30 0.469358 0.475117 0.871665 0.361241
21 0.471697 0.475117 0.877902 0.364754
31 0.469358 0.475117 0.871665 0.361241
0 0.475595 0.475702 0.876343 0.367096
59 0.471697 0.475117 0.877902 0.364754
58 0.471697 0.475117 0.877902 0.364754
67 0.470917 0.474824 0.868546 0.364169
45 0.474816 0.471897 0.857631 0.362998
7 0.474816 0.475995 0.876343 0.36534
6 0.475595 0.475702 0.876343 0.367096
29 0.472477 0.477166 0.868546 0.368852
30 0.466629 0.475995 0.875563 0.368852
31 0.471697 0.471311 0.862309 0.377049
58 0.468968 0.476288 0.880241 0.369438
21 0.471697 0.471311 0.862309 0.377049
56 0.468968 0.476288 0.880241 0.369438
59 0.471697 0.471311 0.862309 0.377049
67 0.467019 0.475995 0.860749 0.370023
0 0.472477 0.475995 0.866987 0.371194
20 0.468968 0.476288 0.880241 0.369438
32 0.471697 0.471311 0.862309 0.377049
7 0.471697 0.471311 0.862309 0.377049
44 0.470917 0.472482 0.85919 0.373536
29 0.474036 0.471897 0.870105 0.366511
30 0.477155 0.476581 0.898173 0.366511
31 0.477155 0.476581 0.898173 0.366511
58 0.474816 0.471897 0.868546 0.36534
59 0.474036 0.472775 0.873224 0.370609
21 0.474036 0.472775 0.873224 0.370609
67 0.477155 0.476581 0.898173 0.366511
29 0.474816 0.476288 0.884139 0.368267
30 0.471697 0.477166 0.884139 0.367682
31 0.471697 0.477166 0.884139 0.367682
21 0.474816 0.476581 0.885699 0.366511
59 0.472477 0.478044 0.888817 0.362412
58 0.472477 0.475117 0.862309 0.365925
0 0.474816 0.476288 0.884139 0.368267
67 0.471697 0.477166 0.884139 0.367682
56 0.472477 0.478044 0.888817 0.362412
7 0.472477 0.475117 0.862309 0.365925
20 0.472477 0.475117 0.862309 0.365925
60 0.474816 0.476288 0.884139 0.368267
29 0.479493 0.476581 0.885699 0.366511
30 0.475595 0.475703 0.885699 0.365925
31 0.475595 0.475703 0.885699 0.365925
21 0.479493 0.476581 0.885699 0.366511
0 0.479493 0.476581 0.885699 0.366511
58 0.474816 0.472482 0.862309 0.367681
67 0.475595 0.475703 0.885699 0.365925
59 0.477934 0.47541 0.891936 0.36534
56 0.477934 0.47541 0.891936 0.36534
20 0.477934 0.47541 0.891936 0.36534
29 0.483002 0.472482 0.884919 0.375878
30 0.479883 0.476873 0.903631 0.37178
21 0.486121 0.478044 0.895834 0.37178
31 0.479883 0.476873 0.903631 0.37178
0 0.486121 0.478044 0.895834 0.37178
58 0.484951 0.476873 0.915326 0.372951
59 0.484951 0.476873 0.915326 0.372951
29 0.475985 0.474239 0.878682 0.371194
30 0.475595 0.476581 0.898173 0.371194
31 0.476375 0.473653 0.88258 0.375878
21 0.476375 0.473653 0.88258 0.375878
0 0.479883 0.478337 0.902072 0.366511
58 0.480273 0.475995 0.910648 0.368852
56 0.480273 0.475995 0.910648 0.368852
59 0.480273 0.475995 0.910648 0.368852
67 0.475595 0.476581 0.898173 0.371194
7 0.479883 0.478337 0.902072 0.366511
20 0.480273 0.475995 0.910648 0.368852
32 0.476375 0.473653 0.88258 0.375878
60 0.479883 0.478337 0.902072 0.366511
29 0.466629 0.474824 0.878682 0.371194
30 0.46468 0.474239 0.876343 0.370023
31 0.46468 0.474239 0.876343 0.370023
21 0.471697 0.473068 0.866987 0.374707
0 0.466629 0.474824 0.878682 0.371194
67 0.46468 0.474239 0.876343 0.370023
60 0.466629 0.474824 0.878682 0.371194
56 0.465849 0.473946 0.880241 0.37178
58 0.468188 0.472482 0.863088 0.373536
7 0.466629 0.474824 0.878682 0.371194
59 0.471697 0.473068 0.866987 0.374707
20 0.465849 0.473946 0.880241 0.37178
45 0.471697 0.473068 0.866987 0.374707
62 0.466629 0.474824 0.878682 0.371194
29 0.478714 0.471604 0.90441 0.377635
30 0.474036 0.472775 0.893495 0.376464
21 0.479883 0.469848 0.877122 0.381148
0 0.480273 0.473946 0.891936 0.375293
31 0.479883 0.469848 0.877122 0.381148
7 0.480273 0.473946 0.891936 0.375293
45 0.479883 0.469848 0.877122 0.381148
59 0.479883 0.469848 0.877122 0.381148
67 0.474036 0.472775 0.893495 0.376464
58 0.477155 0.469848 0.870105 0.378806
60 0.480273 0.473946 0.891936 0.375293
54 0.479883 0.469848 0.877122 0.381148
44 0.479883 0.469848 0.877122 0.381148
3 0.479883 0.469848 0.877122 0.381148
29 0.477155 0.473361 0.902851 0.372951
30 0.470917 0.473946 0.891936 0.369438
21 0.480273 0.469848 0.891936 0.375293
0 0.477934 0.475703 0.895055 0.370609
7 0.477934 0.475703 0.895055 0.370609
31 0.470917 0.473946 0.891936 0.369438
67 0.470917 0.473946 0.891936 0.369438
59 0.475595 0.472482 0.901292 0.374707
54 0.480273 0.469848 0.891936 0.375293
60 0.477934 0.475703 0.895055 0.370609
29 0.46546 0.474532 0.873224 0.370609
30 0.461951 0.474532 0.874004 0.370609
0 0.46546 0.474532 0.873224 0.370609
21 0.469358 0.47014 0.873224 0.379391
31 0.461951 0.474532 0.874004 0.370609
7 0.46546 0.474532 0.873224 0.370609
67 0.461951 0.474532 0.874004 0.370609
58 0.461951 0.474532 0.874004 0.370609
56 0.463121 0.473946 0.877902 0.370609
60 0.46546 0.474532 0.873224 0.370609
6 0.46546 0.474824 0.874783 0.371194
59 0.463121 0.473946 0.877902 0.370609
54 0.469358 0.47014 0.873224 0.379391
20 0.463121 0.473946 0.877902 0.370609
62 0.46546 0.474532 0.873224 0.370609
29 0.4639 0.47541 0.877902 0.362998
30 0.4639 0.474239 0.868546 0.373536
21 0.46468 0.474239 0.871665 0.370023
0 0.46468 0.474239 0.871665 0.370023
31 0.4639 0.474239 0.868546 0.373536
7 0.4639 0.47541 0.877902 0.362998
58 0.463121 0.474239 0.876343 0.366511
59 0.463121 0.474239 0.876343 0.366511
67 0.463121 0.473946 0.874783 0.372951
6 0.46468 0.474239 0.871665 0.370023
62 0.4639 0.474239 0.868546 0.373536
56 0.463121 0.474239 0.876343 0.366511
60 0.4639 0.474239 0.868546 0.373536
29 0.466239 0.477459 0.881021 0.361241
30 0.46468 0.477166 0.876343 0.368852
21 0.466239 0.478337 0.876343 0.362998
31 0.46468 0.477166 0.876343 0.368852
58 0.46546 0.477166 0.879461 0.362998
59 0.46546 0.477166 0.879461 0.362998
7 0.467019 0.47863 0.879461 0.361241
0 0.468578 0.472775 0.874783 0.370609
20 0.46546 0.477166 0.879461 0.362998
6 0.466239 0.478337 0.876343 0.362998
29 0.469358 0.474824 0.890377 0.361827
30 0.467799 0.474239 0.885699 0.367682
31 0.468578 0.470726 0.877902 0.372365
21 0.468578 0.470726 0.877902 0.372365
7 0.470138 0.476581 0.888817 0.362998
0 0.463121 0.468969 0.860749 0.36534
58 0.466239 0.471311 0.876343 0.368852
59 0.468578 0.470726 0.877902 0.372365
32 0.468578 0.470726 0.877902 0.372365
45 0.468578 0.470726 0.877902 0.372365
6 0.470138 0.47541 0.887258 0.367681
20 0.468578 0.474824 0.890377 0.36534
29 0.472087 0.474824 0.88336 0.367681
30 0.467019 0.475117 0.887258 0.368267
31 0.467019 0.475117 0.887258 0.368267
21 0.470138 0.473361 0.881021 0.372951
59 0.468188 0.473946 0.891156 0.367096
0 0.470138 0.473361 0.881021 0.372951
20 0.468188 0.473946 0.891156 0.367096
67 0.470138 0.474824 0.877902 0.368852
58 0.468188 0.473946 0.891156 0.367096
62 0.470138 0.474824 0.877902 0.368852
29 0.470917 0.473361 0.890377 0.372951
30 0.467019 0.473068 0.887258 0.372365
31 0.467409 0.473653 0.889597 0.371194
56 0.467409 0.473653 0.889597 0.371194
20 0.467409 0.473653 0.889597 0.371194
67 0.467409 0.473068 0.88336 0.372365
0 0.468578 0.473653 0.887258 0.374707
59 0.468578 0.473653 0.887258 0.374707
21 0.472477 0.470141 0.877902 0.375878
58 0.467409 0.47014 0.874004 0.374707
29 0.477155 0.477166 0.895055 0.36534
30 0.474816 0.473946 0.899733 0.365925
31 0.474816 0.473946 0.899733 0.365925
21 0.472477 0.47014 0.88258 0.371194
59 0.476375 0.475995 0.90597 0.36534
0 0.477155 0.477166 0.895055 0.36534
20 0.476375 0.475995 0.90597 0.36534
7 0.477155 0.477166 0.895055 0.36534
58 0.476375 0.475995 0.90597 0.36534
67 0.474816 0.473946 0.899733 0.365925
29 0.482222 0.478044 0.90675 0.365925
30 0.482612 0.47541 0.913767 0.36534
31 0.482612 0.47541 0.913767 0.36534
21 0.486511 0.47541 0.924682 0.366511
59 0.486511 0.47541 0.924682 0.366511
7 0.482222 0.478044 0.90675 0.365925
58 0.479104 0.470433 0.898953 0.372951
0 0.482222 0.478044 0.90675 0.365925
20 0.486511 0.47541 0.924682 0.366511
67 0.482222 0.478044 0.90675 0.365925
29 0.484172 0.47541 0.918445 0.370023
30 0.481053 0.474239 0.909089 0.367682
31 0.481053 0.474239 0.909089 0.367682
21 0.482612 0.474239 0.915326 0.372365
59 0.482612 0.474239 0.915326 0.372365
58 0.480273 0.471019 0.899733 0.377635
0 0.478714 0.476581 0.896614 0.368852
7 0.478714 0.476581 0.896614 0.368852
67 0.481053 0.474239 0.909089 0.367682
20 0.482612 0.474239 0.915326 0.372365
8 0.478714 0.476581 0.896614 0.368852
6 0.482612 0.474239 0.915326 0.372365
29 0.470917 0.468091 0.881021 0.370609
30 0.477155 0.472775 0.898173 0.363583
21 0.472087 0.467799 0.880241 0.370023
31 0.477155 0.473068 0.90597 0.36651
0 0.477155 0.473068 0.90597 0.36651
59 0.477155 0.473068 0.90597 0.36651
58 0.468578 0.468969 0.881021 0.371194
67 0.477155 0.472775 0.898173 0.363583
7 0.476375 0.47541 0.893495 0.364169
20 0.477155 0.473068 0.90597 0.36651
6 0.477155 0.473068 0.90597 0.36651
45 0.477155 0.472775 0.898173 0.363583
8 0.476375 0.47541 0.893495 0.364169
32 0.477155 0.473068 0.90597 0.36651
60 0.477155 0.473068 0.90597 0.36651
62 0.477155 0.473068 0.90597 0.36651
35 0.476375 0.47541 0.893495 0.364169
54 0.476375 0.47541 0.893495 0.364169
29 0.481053 0.47541 0.909089 0.364169
30 0.484951 0.473068 0.916885 0.367682
21 0.474036 0.46897 0.895055 0.373536
31 0.484951 0.473068 0.916885 0.367682
59 0.489629 0.473361 0.92936 0.368267
0 0.481053 0.47541 0.909089 0.364169
7 0.481053 0.47541 0.909089 0.364169
45 0.474036 0.46897 0.895055 0.373536
58 0.471697 0.47014 0.888817 0.372365
29 0.474816 0.480679 0.896614 0.359485
30 0.472866 0.478044 0.894275 0.36007
21 0.473646 0.480094 0.895834 0.362998
59 0.474816 0.478337 0.901292 0.362998
0 0.473646 0.480094 0.895834 0.362998
31 0.471697 0.479508 0.887258 0.360656
58 0.474816 0.478337 0.901292 0.362998
7 0.473646 0.480094 0.895834 0.362998
6 0.473646 0.480094 0.895834 0.362998
45 0.472866 0.478044 0.894275 0.36007
67 0.471697 0.479508 0.887258 0.360656
29 0.481053 0.477752 0.902851 0.361827
30 0.480273 0.474532 0.90597 0.361241
21 0.472477 0.47014 0.885699 0.367682
31 0.480273 0.474532 0.90597 0.361241
0 0.480273 0.478337 0.901292 0.36534
7 0.472477 0.471897 0.885699 0.36534
59 0.482612 0.476581 0.915326 0.364169
58 0.470138 0.471897 0.88258 0.368852
29 0.473256 0.47863 0.896614 0.361241
30 0.471697 0.478337 0.887258 0.359485
21 0.473256 0.480094 0.895055 0.361827
31 0.474816 0.478044 0.896614 0.36007
0 0.473256 0.480094 0.895055 0.361827
59 0.473256 0.47863 0.896614 0.361241
58 0.473256 0.47863 0.896614 0.361241
7 0.469358 0.474239 0.873224 0.36534
20 0.473256 0.480094 0.895055 0.361827
29 0.470527 0.478044 0.888038 0.362412
30 0.470138 0.476873 0.881021 0.361241
21 0.471697 0.478923 0.888817 0.364169
31 0.470138 0.476873 0.881021 0.361241
7 0.469358 0.474824 0.868546 0.364169
0 0.471697 0.478923 0.888817 0.364169
59 0.470527 0.478044 0.888038 0.362412
67 0.470917 0.477166 0.88258 0.361827
58 0.470527 0.478044 0.888038 0.362412
29 0.475595 0.476581 0.887258 0.370023
30 0.472477 0.473653 0.885699 0.367681
21 0.474426 0.476581 0.894275 0.368852
0 0.474816 0.476873 0.887258 0.37178
59 0.474426 0.476581 0.894275 0.368852
31 0.472477 0.473653 0.885699 0.367681
7 0.475595 0.476581 0.887258 0.370023
58 0.474426 0.476581 0.894275 0.368852
67 0.474036 0.474239 0.879461 0.367682
6 0.474816 0.476873 0.887258 0.37178
8 0.474426 0.476581 0.894275 0.368852
29 0.478714 0.480386 0.898173 0.362412
30 0.474036 0.478044 0.895055 0.363583
21 0.474816 0.473653 0.88258 0.371194
31 0.474036 0.478044 0.895055 0.363583
7 0.478714 0.480386 0.898173 0.362412
58 0.476375 0.477752 0.902851 0.366511
59 0.476375 0.477752 0.902851 0.366511
29 0.477155 0.477752 0.88258 0.370023
30 0.470917 0.475995 0.879461 0.368852
21 0.472477 0.473068 0.874783 0.374707
31 0.470917 0.475995 0.879461 0.368852
7 0.477155 0.477752 0.88258 0.370023
0 0.477155 0.477752 0.88258 0.370023
29 0.479494 0.477459 0.899733 0.370609
30 0.474426 0.475995 0.895834 0.367681
21 0.472477 0.471897 0.879461 0.373536
31 0.476375 0.477459 0.902851 0.370609
0 0.478324 0.476288 0.897393 0.374122
7 0.479494 0.477459 0.899733 0.370609
59 0.476375 0.477459 0.902851 0.370609
29 0.479493 0.478923 0.895055 0.36534
30 0.474036 0.476581 0.895055 0.365339
7 0.479493 0.478923 0.895055 0.36534
21 0.474816 0.472482 0.881021 0.372365
31 0.474036 0.476581 0.895055 0.365339
0 0.479493 0.477459 0.893495 0.368267
58 0.477155 0.477752 0.901292 0.36534
29 0.469748 0.470726 0.877122 0.367681
30 0.471697 0.474824 0.887258 0.364169
21 0.471697 0.470433 0.876343 0.369438
31 0.471697 0.474824 0.887258 0.364169
7 0.475595 0.477459 0.888817 0.363583
29 0.474816 0.477166 0.895055 0.367682
30 0.471697 0.475117 0.893495 0.368267
21 0.470138 0.471897 0.88258 0.374707
31 0.475595 0.475703 0.901292 0.368267
0 0.468578 0.472482 0.884139 0.372365
7 0.468578 0.472482 0.884139 0.372365
45 0.470138 0.471897 0.88258 0.374707
59 0.475595 0.475703 0.901292 0.368267
6 0.475205 0.476288 0.895834 0.370609
29 0.480273 0.476873 0.907529 0.364754
30 0.475595 0.47541 0.898173 0.367681
31 0.475595 0.47541 0.898173 0.367681
21 0.474426 0.471019 0.88336 0.374122
7 0.473256 0.472482 0.884139 0.370023
0 0.473256 0.472482 0.884139 0.370023
58 0.480273 0.476581 0.907529 0.366511
29 0.475595 0.477166 0.895055 0.36651
30 0.472477 0.475995 0.887258 0.368852
21 0.477155 0.476874 0.895055 0.370609
31 0.472477 0.475995 0.887258 0.368852
7 0.468578 0.47219 0.874783 0.372951
0 0.468578 0.47219 0.874783 0.372951
59 0.475595 0.476581 0.895055 0.368852
58 0.475595 0.476581 0.895055 0.368852
29 0.469748 0.475702 0.88336 0.367096
30 0.468578 0.474239 0.879461 0.368852
21 0.470917 0.468384 0.866987 0.37822
31 0.468578 0.474239 0.879461 0.368852
7 0.469748 0.469262 0.867766 0.376464
0 0.472477 0.475995 0.88258 0.371194
59 0.469748 0.474824 0.88336 0.370023
45 0.470917 0.468384 0.866987 0.37822
58 0.469748 0.474824 0.88336 0.370023
29 0.478714 0.476288 0.893495 0.368267
30 0.476375 0.474239 0.890377 0.368852
31 0.476375 0.474239 0.890377 0.368852
21 0.472477 0.469555 0.874783 0.375878
7 0.469358 0.469848 0.873224 0.376464
29 0.478714 0.476581 0.901292 0.365339
30 0.478714 0.47541 0.899733 0.367681
21 0.474816 0.470726 0.881021 0.374707
31 0.478714 0.47541 0.899733 0.367681
7 0.473256 0.47014 0.881021 0.374707
58 0.481053 0.475702 0.90597 0.367096
0 0.478714 0.476581 0.901292 0.365339
59 0.481053 0.475702 0.90597 0.367096
29 0.476765 0.475995 0.902072 0.367681
30 0.476375 0.473361 0.899733 0.368267
31 0.476375 0.473361 0.899733 0.368267
21 0.472477 0.468969 0.876343 0.374707
0 0.476765 0.475995 0.902072 0.367681
59 0.478324 0.473946 0.90675 0.370609
58 0.478324 0.473946 0.90675 0.370609
7 0.476765 0.475995 0.902072 0.367681
29 0.482222 0.474532 0.912987 0.369438
30 0.477934 0.473946 0.902851 0.37178
31 0.477934 0.473946 0.902851 0.37178
21 0.476375 0.468969 0.888817 0.379391
0 0.477934 0.477166 0.90597 0.36651
7 0.477934 0.477166 0.90597 0.36651
58 0.480663 0.474239 0.911427 0.371194
59 0.480663 0.474239 0.911427 0.371194
29 0.477934 0.47541 0.898173 0.366511
30 0.475205 0.474239 0.889597 0.367682
31 0.477155 0.474532 0.898173 0.369438
21 0.474816 0.468969 0.876343 0.377049
0 0.478714 0.477752 0.891936 0.364169
58 0.477155 0.474532 0.898173 0.369438
7 0.478714 0.477752 0.891936 0.364169
59 0.477155 0.474532 0.898173 0.369438
29 0.474816 0.467799 0.879461 0.371194
30 0.476375 0.473361 0.896614 0.365925
31 0.476375 0.473361 0.896614 0.365925
21 0.476375 0.468384 0.881021 0.372365
58 0.479493 0.473068 0.904411 0.368852
0 0.479493 0.473653 0.90597 0.364169
7 0.479883 0.477166 0.897394 0.361827
59 0.479493 0.473068 0.904411 0.368852
29 0.476375 0.478337 0.896614 0.361827
30 0.473646 0.47541 0.892716 0.367681
21 0.472477 0.471019 0.879461 0.372951
31 0.473646 0.47541 0.892716 0.367681
0 0.476375 0.478337 0.896614 0.361827
7 0.476375 0.478337 0.896614 0.361827
58 0.475205 0.475703 0.898953 0.364754
59 0.475205 0.475703 0.898953 0.364754
29 0.475595 0.479215 0.891936 0.358899
30 0.473256 0.475117 0.887258 0.363583
31 0.473256 0.475117 0.887258 0.363583
21 0.473256 0.47014 0.874783 0.368852
58 0.473646 0.475117 0.892716 0.363583
7 0.475595 0.479215 0.891936 0.358899
0 0.475595 0.479215 0.891936 0.358899
29 0.476375 0.47863 0.887258 0.362412
30 0.472477 0.474239 0.885699 0.367682
31 0.472477 0.474239 0.885699 0.367682
21 0.472477 0.46897 0.876343 0.375878
58 0.472477 0.474824 0.891936 0.366511
0 0.476375 0.47863 0.887258 0.362412
7 0.476375 0.47863 0.887258 0.362412
59 0.472477 0.474824 0.891936 0.366511
29 0.474426 0.47863 0.891156 0.362412
30 0.471697 0.475117 0.887258 0.365925
31 0.471697 0.475117 0.887258 0.365925
21 0.472087 0.475995 0.892716 0.36534
58 0.472087 0.475995 0.892716 0.36534
7 0.474426 0.47863 0.891156 0.362412
0 0.474426 0.47863 0.891156 0.362412
59 0.472087 0.475995 0.892716 0.36534
29 0.474426 0.477752 0.888038 0.362998
30 0.472477 0.475117 0.88258 0.363583
31 0.470917 0.472482 0.870105 0.367681
21 0.474036 0.476873 0.888817 0.367096
0 0.474036 0.476873 0.888817 0.367096
59 0.472477 0.476288 0.890377 0.365925
58 0.472477 0.476288 0.890377 0.365925
7 0.474426 0.477752 0.888038 0.362998
67 0.474036 0.476581 0.88258 0.362998
29 0.473646 0.468384 0.877122 0.375878
30 0.476765 0.474824 0.895834 0.368852
21 0.475985 0.469848 0.875563 0.376464
31 0.472477 0.469848 0.877902 0.374122
0 0.479493 0.476288 0.904411 0.367096
58 0.480273 0.473653 0.909089 0.371194
59 0.480273 0.473653 0.909089 0.371194
7 0.479493 0.476288 0.904411 0.367096
29 0.481053 0.478337 0.901292 0.364169
30 0.477934 0.475702 0.893495 0.367096
21 0.477544 0.471311 0.875563 0.373536
31 0.477934 0.475702 0.893495 0.367096
0 0.481053 0.478337 0.901292 0.364169
7 0.481053 0.478337 0.901292 0.364169
45 0.477544 0.471311 0.875563 0.373536
59 0.481443 0.475995 0.90675 0.367681
29 0.480273 0.477752 0.898173 0.366511
30 0.475985 0.47541 0.891156 0.368852
31 0.475985 0.47541 0.891156 0.368852
21 0.480663 0.476581 0.897394 0.368852
0 0.480273 0.477752 0.898173 0.366511
59 0.479493 0.475117 0.902851 0.369438
29 0.483392 0.477166 0.910648 0.36651
30 0.479493 0.475995 0.898173 0.368852
31 0.479493 0.475995 0.898173 0.368852
21 0.479883 0.471604 0.877122 0.375293
0 0.483392 0.478337 0.901292 0.366511
7 0.483392 0.478337 0.901292 0.366511
59 0.483002 0.475995 0.909868 0.368852
29 0.479493 0.477166 0.893495 0.36534
30 0.475595 0.474824 0.888817 0.366511
31 0.475595 0.474824 0.888817 0.366511
21 0.476765 0.470433 0.869326 0.372951
0 0.479493 0.477166 0.893495 0.36534
58 0.477155 0.474239 0.898173 0.367682
59 0.477155 0.474239 0.898173 0.367682
29 0.478714 0.477459 0.887258 0.367096
30 0.472866 0.474532 0.8818 0.367096
31 0.474816 0.474824 0.890377 0.368852
21 0.474816 0.470726 0.866987 0.373536
0 0.477934 0.475703 0.887258 0.370609
59 0.474816 0.474824 0.890377 0.368852
7 0.478714 0.477459 0.887258 0.367096
58 0.474816 0.474824 0.890377 0.368852
67 0.476375 0.476288 0.881021 0.365925
45 0.474816 0.470726 0.866987 0.373536
29 0.480663 0.475995 0.90519 0.364169
30 0.476765 0.474824 0.894275 0.366511
21 0.475595 0.470726 0.871665 0.372365
31 0.476765 0.474824 0.894275 0.366511
0 0.480273 0.477752 0.898173 0.36534
58 0.479493 0.474824 0.902851 0.366511
59 0.479493 0.474824 0.902851 0.366511
7 0.480273 0.477752 0.898173 0.36534
29 0.477934 0.476581 0.902851 0.362998
30 0.474816 0.474824 0.893495 0.366511
31 0.476375 0.475703 0.899733 0.365925
21 0.474816 0.470726 0.873224 0.372365
0 0.477934 0.477459 0.895055 0.365925
7 0.478714 0.47863 0.896614 0.363583
58 0.476375 0.475703 0.899733 0.365925
59 0.476375 0.475703 0.899733 0.365925
29 0.481053 0.47863 0.898173 0.362412
30 0.477544 0.474824 0.897394 0.364169
31 0.477544 0.474824 0.897394 0.364169
0 0.479493 0.477752 0.896614 0.36534
21 0.477934 0.470141 0.874783 0.370023
7 0.481053 0.47863 0.898173 0.362412
58 0.477934 0.475703 0.90441 0.364754
59 0.477934 0.475703 0.90441 0.364754
29 0.483002 0.476581 0.909868 0.362998
30 0.479883 0.474824 0.898953 0.36534
31 0.479883 0.474824 0.898953 0.36534
21 0.478324 0.470726 0.875563 0.371194
0 0.482612 0.476581 0.899733 0.367681
7 0.482612 0.478337 0.901292 0.362998
58 0.481833 0.474532 0.907529 0.367096
29 0.485731 0.475995 0.915326 0.364169
30 0.483002 0.474824 0.90519 0.367681
31 0.483002 0.474824 0.90519 0.367681
21 0.480273 0.47014 0.877902 0.374707
0 0.484172 0.477459 0.902851 0.364754
7 0.484172 0.477459 0.902851 0.364754
59 0.484951 0.474239 0.913767 0.367682
58 0.484951 0.474239 0.913767 0.367682
29 0.484951 0.474532 0.913767 0.364754
30 0.481053 0.473653 0.902851 0.367681
31 0.481053 0.473653 0.902851 0.367681
21 0.478324 0.46897 0.875563 0.373536
0 0.484172 0.476288 0.901292 0.364754
7 0.484172 0.476288 0.901292 0.364754
29 0.483392 0.476874 0.913767 0.362412
30 0.479883 0.47541 0.902072 0.36534
31 0.479883 0.47541 0.902072 0.36534
21 0.482222 0.477166 0.900512 0.36651
0 0.482612 0.478337 0.901292 0.362998
7 0.482612 0.478337 0.901292 0.362998
58 0.481833 0.475117 0.910648 0.365925
59 0.481833 0.475117 0.910648 0.365925
29 0.482612 0.476581 0.912207 0.364169
30 0.478714 0.47541 0.901292 0.367681
31 0.478714 0.47541 0.901292 0.367681
21 0.480273 0.476874 0.901292 0.368267
0 0.481053 0.478044 0.902851 0.364754
7 0.481053 0.478044 0.902851 0.364754
29 0.480273 0.476288 0.90597 0.363583
30 0.475985 0.47541 0.894275 0.367681
31 0.475985 0.47541 0.894275 0.367681
21 0.475985 0.470726 0.872444 0.373536
7 0.479104 0.478044 0.900512 0.364754
0 0.479104 0.478044 0.900512 0.364754
29 0.478714 0.477459 0.901292 0.361241
30 0.474816 0.47541 0.890377 0.36534
31 0.474816 0.47541 0.890377 0.36534
21 0.478324 0.477752 0.894275 0.364169
0 0.478714 0.478923 0.895055 0.361827
29 0.480273 0.476288 0.90441 0.365925
30 0.477155 0.47541 0.893495 0.368852
31 0.477155 0.47541 0.893495 0.368852
21 0.476375 0.471311 0.871665 0.374707
0 0.481443 0.477752 0.895834 0.366511
29 0.479493 0.477166 0.90597 0.364169
30 0.475595 0.47541 0.895055 0.367681
31 0.475595 0.47541 0.895055 0.367681
21 0.478714 0.477459 0.898173 0.367096
0 0.479104 0.478337 0.898953 0.364169
29 0.477934 0.476581 0.902851 0.362998
30 0.473646 0.474824 0.892716 0.366511
31 0.473646 0.474824 0.892716 0.366511
21 0.477155 0.476873 0.895055 0.367096
0 0.477934 0.477752 0.896614 0.364169
29 0.481053 0.476581 0.909089 0.361827
30 0.476375 0.474532 0.896614 0.365925
31 0.476375 0.474532 0.896614 0.365925
21 0.479493 0.477459 0.898173 0.365925
0 0.480273 0.477752 0.898173 0.362998
29 0.481053 0.477166 0.909089 0.364169
30 0.476765 0.475117 0.895834 0.368267
31 0.476765 0.475117 0.895834 0.368267
21 0.475595 0.470726 0.873224 0.374707
29 0.483392 0.475995 0.913767 0.36651
30 0.478714 0.474532 0.899733 0.369438
31 0.478714 0.474532 0.899733 0.369438
21 0.480273 0.475995 0.901292 0.370023
0 0.481053 0.477166 0.902851 0.36651
29 0.482612 0.476288 0.912207 0.365925
30 0.478324 0.474824 0.898953 0.368852
31 0.478324 0.474824 0.898953 0.368852
21 0.481053 0.475995 0.899733 0.368852
0 0.481443 0.477459 0.902072 0.365925
29 0.483002 0.476581 0.912987 0.365339
30 0.478714 0.474824 0.899733 0.368852
31 0.478714 0.474824 0.899733 0.368852
21 0.476375 0.470726 0.874783 0.375878
0 0.481443 0.477459 0.903631 0.365925
29 0.482612 0.475995 0.912207 0.36534
30 0.478714 0.474824 0.898173 0.367681
31 0.478714 0.474824 0.898173 0.367681
21 0.481053 0.475995 0.899733 0.368852
0 0.481832 0.477166 0.901292 0.36534
29 0.483392 0.476581 0.912207 0.365339
30 0.479104 0.474824 0.900512 0.368852
31 0.479104 0.474824 0.900512 0.368852
21 0.481053 0.476581 0.899733 0.368852
0 0.481832 0.477459 0.901292 0.365925
59 0.481053 0.47541 0.909089 0.367681
58 0.481053 0.47541 0.909089 0.367681
29 0.484561 0.476581 0.914546 0.365339
30 0.481053 0.474824 0.902851 0.368852
21 0.482612 0.475995 0.902851 0.368852
31 0.481053 0.474824 0.902851 0.368852
0 0.483002 0.477166 0.903631 0.36651
29 0.474036 0.467213 0.856071 0.367682
30 0.477154 0.471604 0.881021 0.363583
31 0.477154 0.471604 0.881021 0.363583
35 0.945188 0.414447 0.109623 0.43106
4 0.962731 0.437061 0.0745385 0.406909
29 0.945188 0.414447 0.109623 0.43106
21 0.474036 0.467213 0.856071 0.367682
21 0.945968 0.430035 0.108064 0.401054
4 0.945188 0.414447 0.109623 0.43106
29 0.473646 0.467213 0.856851 0.367682
30 0.477155 0.471897 0.88258 0.362998
31 0.477155 0.471897 0.88258 0.362998
4 0.96468 0.436841 0.0706402 0.40969
35 0.945188 0.41269 0.109623 0.433402
21 0.473646 0.467213 0.856851 0.367682
4 0.945968 0.429084 0.108064 0.404128
29 0.945188 0.41269 0.109623 0.433402
21 0.945968 0.429084 0.108064 0.404128
29 0.474036 0.468091 0.857631 0.369438
30 0.479883 0.472482 0.888038 0.364169
31 0.479883 0.472482 0.888038 0.364169
21 0.474036 0.468091 0.857631 0.369438
4 0.966629 0.436841 0.0667418 0.408519
35 0.945188 0.411885 0.109623 0.433841
29 0.474036 0.467799 0.856071 0.368852
30 0.479493 0.47219 0.885699 0.363583
31 0.479493 0.47219 0.885699 0.363583
21 0.474036 0.467799 0.856071 0.368852
4 0.965849 0.437939 0.0683012 0.407494
35 0.945188 0.413349 0.109623 0.432084
4 0.945968 0.429742 0.108064 0.401639
29 0.474036 0.467799 0.857631 0.368852
30 0.480273 0.472482 0.888817 0.364169
31 0.480273 0.472482 0.888817 0.364169
21 0.474036 0.467799 0.857631 0.368852
4 0.966239 0.437427 0.0675216 0.408519
29 0.473256 0.468677 0.857631 0.370609
30 0.479493 0.473068 0.887258 0.36534
31 0.479493 0.473068 0.887258 0.36534
21 0.473256 0.468677 0.857631 0.370609
4 0.967409 0.43728 0.0651825 0.407641
35 0.945188 0.411592 0.109623 0.434426
29 0.473646 0.468384 0.856851 0.371194
30 0.479493 0.473068 0.887258 0.36534
31 0.479493 0.473068 0.887258 0.36534
21 0.473646 0.468384 0.856851 0.371194
4 0.967799 0.436841 0.0644029 0.410861
29 0.474036 0.468384 0.856071 0.368852
30 0.479493 0.472482 0.887258 0.364169
31 0.479493 0.472482 0.887258 0.364169
21 0.474036 0.468384 0.856071 0.368852
4 0.966629 0.43728 0.0667418 0.40647
35 0.945188 0.412763 0.109623 0.432084
29 0.474036 0.468384 0.857631 0.370023
30 0.480273 0.473068 0.888817 0.36534
31 0.480273 0.473068 0.888817 0.36534
21 0.474036 0.468384 0.857631 0.370023
4 0.965849 0.437427 0.0683012 0.408519
29 0.474036 0.468677 0.857631 0.370609
30 0.480273 0.473361 0.888817 0.365925
31 0.480273 0.473361 0.888817 0.365925
21 0.474036 0.468677 0.857631 0.370609
4 0.968968 0.437427 0.0620639 0.40969
29 0.483392 0.476874 0.913767 0.362412
30 0.479883 0.47541 0.902072 0.36534
31 0.479883 0.47541 0.902072 0.36534
21 0.482222 0.477166 0.900512 0.36651
0 0.482612 0.478337 0.901292 0.362998
7 0.482612 0.478337 0.901292 0.362998
58 0.481833 0.475117 0.910648 0.365925
59 0.481833 0.475117 0.910648 0.365925
