22 0.496146 0.408007 0.954847 0.27934
4 0.565575 0.289425 0.858114 0.390587
72 0.52618 0.30165 0.925983 0.41687
41 0.510578 0.407702 0.941585 0.279951
57 0.559335 0.290342 0.870596 0.396088
2 0.495366 0.409535 0.947046 0.271394
4 0.496146 0.408007 0.954847 0.27934
62 0.496926 0.407702 0.957968 0.277506
2 0.52618 0.30165 0.925983 0.41687
22 0.559335 0.290342 0.870596 0.396088
8 0.559335 0.290342 0.870596 0.396088
60 0.565575 0.289425 0.858114 0.390587
57 0.495366 0.409535 0.947046 0.271394
50 0.52618 0.30165 0.925983 0.41687
23 0.498486 0.311048 0.964208 0.440251
39 0.559335 0.290342 0.870596 0.396088
44 0.52618 0.30165 0.925983 0.41687
10 0.512918 0.408237 0.947826 0.283771
72 0.489125 0.410147 0.948606 0.275061
69 0.496926 0.407702 0.957968 0.277506
36 0.52618 0.30165 0.925983 0.41687
60 0.496146 0.408007 0.954847 0.27934
35 0.536712 0.294927 0.906481 0.407702
10 0.501997 0.299205 0.955627 0.422983
0 0.498876 0.408007 0.905701 0.278117
52 0.494586 0.407702 0.950167 0.273839
58 0.501997 0.299205 0.955627 0.422983
41 0.565575 0.289425 0.858114 0.390587
49 0.503557 0.311736 0.955627 0.461491
49 0.500047 0.411064 0.906481 0.27445
56 0.52618 0.30165 0.925983 0.41687
71 0.559335 0.290342 0.870596 0.396088
12 0.565575 0.289425 0.858114 0.390587
46 0.559335 0.290342 0.870596 0.396088
44 0.495366 0.407091 0.948606 0.275061
14 0.498486 0.311048 0.964208 0.440251
20 0.52618 0.30165 0.925983 0.41687
62 0.498486 0.311048 0.964208 0.440251
40 0.565575 0.289425 0.858114 0.390587
20 0.505507 0.410452 0.928324 0.284841
66 0.498876 0.408007 0.905701 0.278117
35 0.494586 0.407702 0.950167 0.273839
67 0.495366 0.409535 0.947046 0.271394
62 0.601558 0.286064 0.781469 0.381418
34 0.536712 0.294927 0.906481 0.407702
22 0.329009 0.41198 0.570646 0.273839
32 0.500047 0.411064 0.906481 0.27445
39 0.497706 0.409841 0.948606 0.286064
26 0.565575 0.289425 0.858114 0.390587
14 0.498876 0.408007 0.905701 0.278117
7 0.559335 0.290342 0.870596 0.396088
65 0.500437 0.411369 0.907261 0.275061
1 0.52618 0.30165 0.925983 0.41687
37 0.52618 0.30165 0.925983 0.41687
26 0.492246 0.408924 0.953287 0.279951
52 0.601558 0.286064 0.781469 0.381418
70 0.498486 0.311048 0.964208 0.440251
3 0.52618 0.30165 0.925983 0.41687
17 0.495366 0.407091 0.948606 0.275061
70 0.492246 0.408924 0.953287 0.279951
58 0.309701 0.413203 0.52891 0.270171
66 0.547633 0.289731 0.879957 0.398533
17 0.501997 0.299205 0.955627 0.422983
2 0.498486 0.319606 0.950167 0.456143
57 0.509408 0.319759 0.943926 0.459505
58 0.518769 0.320217 0.918962 0.448808
44 0.509408 0.319759 0.943926 0.459505
67 0.493026 0.360636 0.929884 0.372861
10 0.500437 0.318995 0.946266 0.450031
60 0.498486 0.319606 0.950167 0.456143
22 0.498486 0.319606 0.950167 0.456143
35 0.509408 0.319759 0.943926 0.459505
33 0.509018 0.320293 0.946266 0.459658
30 0.493026 0.360636 0.929884 0.372861
69 0.489905 0.348411 0.925203 0.397311
4 0.509408 0.319759 0.943926 0.459505
23 0.498486 0.319606 0.950167 0.456143
3 0.498486 0.319606 0.950167 0.456143
8 0.496926 0.363692 0.940805 0.365526
20 0.493026 0.360636 0.929884 0.372861
36 0.498486 0.319606 0.950167 0.456143
52 0.489905 0.348411 0.925203 0.397311
68 0.518379 0.325489 0.919743 0.435819
72 0.509408 0.319759 0.943926 0.459505
62 0.489905 0.348411 0.925203 0.397311
41 0.489905 0.348411 0.925203 0.397311
7 0.509408 0.319759 0.943926 0.459505
29 0.494976 0.368582 0.947826 0.355746
56 0.500437 0.318995 0.946266 0.450031
6 0.494976 0.368582 0.947826 0.355746
4 0.496146 0.382335 0.942366 0.327628
67 0.494586 0.303255 0.940805 0.49618
44 0.491075 0.300046 0.941586 0.501375
33 0.491075 0.300046 0.941586 0.501375
29 0.494586 0.303255 0.940805 0.49618
8 0.494586 0.290877 0.942366 0.51849
36 0.491075 0.300046 0.941586 0.501375
62 0.494586 0.303255 0.940805 0.49618
65 0.494586 0.290877 0.942366 0.51849
69 0.502777 0.319682 0.943146 0.474328
30 0.494586 0.303255 0.940805 0.49618
2 0.494586 0.290877 0.942366 0.51849
20 0.494586 0.290877 0.942366 0.51849
35 0.494586 0.290877 0.942366 0.51849
6 0.494586 0.303255 0.940805 0.49618
54 0.494586 0.303255 0.940805 0.49618
60 0.502777 0.319682 0.943146 0.474328
57 0.494586 0.290877 0.942366 0.51849
4 0.494586 0.290877 0.942366 0.51849
23 0.493806 0.306158 0.961088 0.485483
32 0.503167 0.315403 0.945486 0.48533
39 0.503167 0.315403 0.945486 0.48533
66 0.491075 0.300046 0.941586 0.501375
22 0.493806 0.306158 0.961088 0.485483
45 0.496536 0.299511 0.943146 0.497555
31 0.491856 0.308985 0.941585 0.484719
10 0.504727 0.307534 0.943926 0.488845
0 0.519939 0.319071 0.932224 0.47066
68 0.489905 0.304095 0.964208 0.474939
21 0.503167 0.315403 0.945486 0.48533
34 0.490685 0.305929 0.968889 0.487164
58 0.493806 0.306158 0.961088 0.485483
61 0.493026 0.306158 0.940805 0.481815
1 0.507068 0.31357 0.943926 0.474328
41 0.491856 0.308985 0.941585 0.484719
56 0.502777 0.319682 0.943146 0.474328
5 0.493806 0.306158 0.961088 0.485483
52 0.490685 0.305929 0.968889 0.487164
72 0.491856 0.308985 0.941585 0.484719
3 0.490685 0.305929 0.968889 0.487164
28 0.490685 0.305929 0.968889 0.487164
8 0.496926 0.35269 0.943926 0.383863
67 0.495366 0.384474 0.947046 0.322127
30 0.495366 0.384474 0.947046 0.322127
29 0.495366 0.384474 0.947046 0.322127
44 0.496926 0.35269 0.943926 0.383863
33 0.500047 0.337408 0.943926 0.413203
57 0.500047 0.337408 0.943926 0.413203
20 0.500047 0.337408 0.943926 0.413203
4 0.500047 0.337408 0.943926 0.413203
54 0.502387 0.369881 0.942366 0.351925
35 0.500047 0.337408 0.943926 0.413203
31 0.495366 0.384474 0.947046 0.322127
45 0.498096 0.33588 0.941585 0.418093
36 0.495366 0.384474 0.947046 0.322127
61 0.499267 0.350168 0.936125 0.391351
65 0.500047 0.337408 0.943926 0.413203
39 0.498096 0.33588 0.941585 0.418093
6 0.502387 0.369881 0.942366 0.351925
66 0.500047 0.337408 0.943926 0.413203
23 0.501997 0.350321 0.930664 0.392268
62 0.502387 0.369881 0.942366 0.351925
60 0.500047 0.337408 0.943926 0.413203
21 0.498096 0.33588 0.941585 0.418093
32 0.499267 0.350168 0.936125 0.391351
68 0.495366 0.384474 0.947046 0.322127
34 0.498486 0.349328 0.918962 0.390587
10 0.497706 0.354218 0.931444 0.382029
22 0.500047 0.337408 0.943926 0.413203
28 0.499267 0.350168 0.936125 0.391351
2 0.500047 0.337408 0.943926 0.413203
69 0.500047 0.337408 0.943926 0.413203
7 0.500047 0.337408 0.943926 0.413203
1 0.495366 0.384474 0.947046 0.322127
67 0.500827 0.320293 0.947046 0.459658
30 0.500827 0.320293 0.947046 0.459658
36 0.500827 0.320293 0.947046 0.459658
52 0.500047 0.337408 0.943926 0.413203
5 0.501997 0.350321 0.930664 0.392268
59 0.495366 0.384474 0.947046 0.322127
72 0.496146 0.386614 0.934565 0.316626
41 0.496146 0.386614 0.934565 0.316626
29 0.500827 0.320293 0.947046 0.459658
56 0.499267 0.350168 0.936125 0.391351
0 0.498096 0.325183 0.949387 0.454156
3 0.496146 0.386614 0.934565 0.316626
30 0.503167 0.388677 0.940805 0.310666
8 0.503947 0.389441 0.936125 0.307916
67 0.503167 0.388677 0.940805 0.310666
29 0.503947 0.389441 0.936125 0.307916
35 0.505507 0.381495 0.947046 0.322586
44 0.503947 0.389441 0.936125 0.307916
31 0.503167 0.388677 0.940805 0.310666
21 0.503167 0.381112 0.953287 0.324572
4 0.505507 0.381495 0.947046 0.322586
20 0.505507 0.381495 0.947046 0.322586
45 0.503167 0.381112 0.953287 0.324572
54 0.503947 0.389441 0.936125 0.307916
66 0.505507 0.381495 0.947046 0.322586
36 0.503167 0.388677 0.940805 0.310666
57 0.504337 0.390281 0.936905 0.306846
65 0.503947 0.389441 0.936125 0.307916
39 0.503167 0.381112 0.953287 0.324572
62 0.505507 0.381495 0.947046 0.322586
61 0.504337 0.390281 0.936905 0.306846
8 0.508628 0.325489 0.940805 0.437042
34 0.508238 0.376452 0.957188 0.333894
10 0.503947 0.389441 0.936125 0.307916
33 0.505507 0.381495 0.947046 0.322586
60 0.505507 0.381495 0.947046 0.322586
6 0.507068 0.379661 0.942366 0.329921
32 0.505507 0.381495 0.947046 0.322586
30 0.494586 0.324878 0.965769 0.452934
29 0.508628 0.325489 0.940805 0.437042
67 0.494586 0.324878 0.965769 0.452934
44 0.508628 0.325489 0.940805 0.437042
69 0.505507 0.381495 0.947046 0.322586
28 0.504337 0.390281 0.936905 0.306846
68 0.503167 0.388677 0.940805 0.310666
23 0.504337 0.390281 0.936905 0.306846
2 0.505507 0.381495 0.947046 0.322586
22 0.505507 0.381495 0.947046 0.322586
7 0.505507 0.381495 0.947046 0.322586
54 0.52735 0.320905 0.920523 0.456602
35 0.496926 0.322204 0.965769 0.45217
10 0.508628 0.325489 0.940805 0.437042
66 0.494586 0.324878 0.965769 0.452934
32 0.496926 0.322204 0.965769 0.45217
65 0.508628 0.325489 0.940805 0.437042
61 0.508628 0.325871 0.934565 0.43261
57 0.508628 0.325489 0.940805 0.437042
1 0.503167 0.388677 0.940805 0.310666
62 0.494586 0.324878 0.965769 0.452934
52 0.505507 0.381495 0.947046 0.322586
56 0.504337 0.390281 0.936905 0.306846
59 0.505507 0.381495 0.947046 0.322586
60 0.496926 0.322204 0.965769 0.45217
20 0.494586 0.324878 0.965769 0.452934
5 0.507848 0.382106 0.953287 0.322586
4 0.496926 0.322204 0.965769 0.45217
6 0.52735 0.320905 0.920523 0.456602
33 0.562455 0.304707 0.850313 0.422983
72 0.503167 0.388677 0.940805 0.310666
0 0.508238 0.376452 0.957188 0.333894
30 0.500047 0.382029 0.936125 0.328851
8 0.500047 0.377063 0.931444 0.335116
29 0.500047 0.377063 0.931444 0.335116
67 0.500047 0.382029 0.936125 0.328851
31 0.500047 0.382029 0.936125 0.328851
20 0.501217 0.366748 0.944706 0.353912
21 0.499267 0.38478 0.928324 0.319682
44 0.500047 0.377063 0.931444 0.335116
4 0.501217 0.366748 0.944706 0.353912
35 0.501217 0.366748 0.944706 0.353912
57 0.501217 0.366748 0.944706 0.353912
45 0.500047 0.377063 0.931444 0.335116
67 0.515649 0.334963 0.943926 0.479218
30 0.515649 0.334963 0.943926 0.479218
60 0.501217 0.366748 0.944706 0.353912
66 0.501217 0.366748 0.944706 0.353912
8 0.515649 0.334963 0.943926 0.479218
23 0.500047 0.377063 0.931444 0.335116
68 0.503167 0.368582 0.943926 0.356968
10 0.500047 0.377063 0.931444 0.335116
34 0.500047 0.367665 0.934565 0.355746
29 0.515649 0.334963 0.943926 0.479218
39 0.499267 0.38478 0.928324 0.319682
32 0.500047 0.377063 0.931444 0.335116
36 0.500047 0.382029 0.936125 0.328851
54 0.503167 0.368582 0.943926 0.356968
6 0.506287 0.346501 0.937685 0.403576
65 0.501217 0.366748 0.944706 0.353912
7 0.501217 0.366748 0.944706 0.353912
59 0.500047 0.377063 0.931444 0.335116
33 0.501217 0.366748 0.944706 0.353912
62 0.500047 0.382029 0.936125 0.328851
21 0.505507 0.328851 0.957968 0.45599
28 0.500047 0.377063 0.931444 0.335116
69 0.502387 0.332824 0.957968 0.456601
22 0.501217 0.366748 0.944706 0.353912
61 0.498486 0.376223 0.934565 0.33802
20 0.565575 0.312042 0.840952 0.43154
44 0.517599 0.336186 0.941585 0.476773
35 0.551143 0.345431 0.876057 0.49618
31 0.517989 0.331907 0.923643 0.457213
52 0.501217 0.366748 0.944706 0.353912
30 0.666209 0.28698 0.641245 0.383252
39 0.505507 0.328851 0.957968 0.45599
56 0.517599 0.336186 0.941585 0.476773
67 0.666209 0.28698 0.641245 0.383252
58 0.501217 0.366748 0.944706 0.353912
32 0.517599 0.336186 0.941585 0.476773
2 0.501217 0.366748 0.944706 0.353912
68 0.565575 0.312042 0.840952 0.43154
72 0.496926 0.376834 0.933004 0.337408
10 0.517599 0.336186 0.941585 0.476773
30 0.513308 0.373166 0.908041 0.345966
67 0.510578 0.34482 0.929104 0.404493
29 0.513308 0.373166 0.908041 0.345966
31 0.507068 0.379584 0.933004 0.334963
8 0.513308 0.373166 0.908041 0.345966
20 0.507068 0.348716 0.928324 0.392421
57 0.507068 0.348716 0.928324 0.392421
60 0.507068 0.348716 0.928324 0.392421
44 0.507068 0.348716 0.928324 0.392421
4 0.507068 0.348716 0.928324 0.392421
35 0.507068 0.348716 0.928324 0.392421
23 0.507068 0.348716 0.928324 0.392421
32 0.509408 0.336874 0.931444 0.41794
39 0.509408 0.336874 0.931444 0.41794
45 0.507068 0.348716 0.928324 0.392421
65 0.507848 0.37989 0.917402 0.334352
68 0.507068 0.379584 0.933004 0.334963
69 0.510578 0.34482 0.929104 0.404493
30 0.601363 0.2989 0.769378 0.413203
10 0.513308 0.373166 0.908041 0.345966
21 0.514479 0.381112 0.89946 0.327017
6 0.510578 0.34482 0.929104 0.404493
54 0.510578 0.34482 0.929104 0.404493
62 0.507068 0.379584 0.933004 0.334963
21 0.513308 0.324496 0.934565 0.454921
58 0.507068 0.379584 0.933004 0.334963
36 0.507068 0.379584 0.933004 0.334963
66 0.52345 0.333206 0.922083 0.431388
59 0.513308 0.373166 0.908041 0.345966
67 0.601363 0.2989 0.769378 0.413203
56 0.521109 0.330073 0.925203 0.434597
8 0.549973 0.325718 0.878397 0.4647
34 0.507848 0.37989 0.917402 0.334352
28 0.507068 0.348716 0.928324 0.392421
8 0.642806 0.288814 0.695853 0.391198
29 0.642806 0.288814 0.695853 0.391198
20 0.601363 0.2989 0.769378 0.413203
52 0.507068 0.348716 0.928324 0.392421
30 0.716135 0.282625 0.546073 0.383405
22 0.507068 0.348716 0.928324 0.392421
31 0.601363 0.2989 0.769378 0.413203
2 0.507068 0.348716 0.928324 0.392421
29 0.549973 0.325718 0.878397 0.4647
7 0.507068 0.348716 0.928324 0.392421
30 0.278107 0.36033 0.465722 0.372861
66 0.510968 0.396699 0.915842 0.303179
6 0.601363 0.2989 0.769378 0.413203
30 0.514869 0.329156 0.939245 0.429095
67 0.509408 0.33099 0.934565 0.423594
31 0.511748 0.344132 0.934565 0.400367
29 0.510188 0.360024 0.934565 0.366748
8 0.509408 0.33099 0.934565 0.423594
20 0.512528 0.339318 0.937685 0.406938
60 0.509408 0.33099 0.934565 0.423594
57 0.509408 0.33099 0.934565 0.423594
44 0.509408 0.33099 0.934565 0.423594
35 0.514869 0.329156 0.939245 0.429095
32 0.514869 0.329156 0.939245 0.429095
4 0.509408 0.33099 0.934565 0.423594
39 0.514869 0.329156 0.939245 0.429095
68 0.511748 0.344132 0.934565 0.400367
23 0.509408 0.33099 0.934565 0.423594
69 0.509408 0.33099 0.934565 0.423594
45 0.514869 0.329156 0.939245 0.429095
29 0.572986 0.30379 0.835491 0.423594
10 0.509408 0.33099 0.934565 0.423594
54 0.517989 0.334352 0.936125 0.42176
56 0.514869 0.329156 0.939245 0.429095
6 0.511748 0.344132 0.934565 0.400367
21 0.512528 0.344667 0.934565 0.397463
58 0.512528 0.339318 0.937685 0.406938
62 0.510968 0.358802 0.940805 0.370416
65 0.505507 0.321516 0.962648 0.448655
66 0.517989 0.334352 0.936125 0.42176
34 0.509408 0.33099 0.934565 0.423594
28 0.509408 0.33099 0.934565 0.423594
30 0.39483 0.352002 0.698778 0.388906
36 0.510968 0.358802 0.940805 0.370416
30 0.711065 0.285987 0.559335 0.381571
2 0.509408 0.33099 0.934565 0.423594
29 0.711065 0.285987 0.559335 0.381571
20 0.581958 0.292864 0.817549 0.397158
52 0.512528 0.339318 0.937685 0.406938
67 0.39483 0.352002 0.698778 0.388906
7 0.512528 0.339318 0.937685 0.406938
31 0.581958 0.292864 0.817549 0.397158
59 0.508628 0.323884 0.939245 0.435361
29 0.307361 0.355822 0.52267 0.37882
62 0.572986 0.30379 0.835491 0.423594
22 0.509408 0.33099 0.934565 0.423594
8 0.39483 0.352002 0.698778 0.388906
20 0.711065 0.285987 0.559335 0.381571
30 0.503947 0.331602 0.936125 0.429707
67 0.503947 0.341993 0.936125 0.413814
8 0.503947 0.331602 0.936125 0.429707
20 0.510188 0.326482 0.934565 0.44239
31 0.503947 0.341993 0.936125 0.413814
35 0.510188 0.326482 0.934565 0.44239
39 0.503947 0.331602 0.936125 0.429707
29 0.505507 0.36522 0.928324 0.362469
60 0.510188 0.326482 0.934565 0.44239
57 0.503947 0.331602 0.936125 0.429707
32 0.503947 0.331602 0.936125 0.429707
44 0.503947 0.331602 0.936125 0.429707
4 0.503947 0.331602 0.936125 0.429707
69 0.509408 0.331907 0.939245 0.43643
45 0.503947 0.331602 0.936125 0.429707
23 0.503947 0.331602 0.936125 0.429707
21 0.510188 0.326482 0.934565 0.44239
65 0.510188 0.326482 0.934565 0.44239
36 0.510188 0.326482 0.934565 0.44239
66 0.503947 0.331602 0.936125 0.429707
10 0.503947 0.331602 0.936125 0.429707
6 0.509408 0.331907 0.939245 0.43643
56 0.510188 0.326482 0.934565 0.44239
2 0.510188 0.326482 0.934565 0.44239
58 0.504727 0.36033 0.929884 0.375917
62 0.504727 0.36033 0.929884 0.375917
22 0.503947 0.331602 0.936125 0.429707
30 0.511358 0.400061 0.940025 0.299511
21 0.503167 0.392115 0.928324 0.31357
7 0.510188 0.326482 0.934565 0.44239
54 0.503947 0.341993 0.936125 0.413814
28 0.505507 0.36522 0.928324 0.362469
68 0.503947 0.341993 0.936125 0.413814
59 0.505507 0.36522 0.928324 0.362469
60 0.503167 0.392115 0.928324 0.31357
35 0.503167 0.392115 0.928324 0.31357
20 0.503167 0.392115 0.928324 0.31357
34 0.505507 0.36522 0.928324 0.362469
8 0.511358 0.400061 0.940025 0.299511
33 0.505117 0.325489 0.947826 0.453545
29 0.563235 0.315403 0.845633 0.443765
61 0.504727 0.368888 0.928324 0.360025
3 0.503947 0.331602 0.936125 0.429707
44 0.511358 0.400061 0.940025 0.299511
52 0.505507 0.36522 0.928324 0.362469
23 0.511358 0.400061 0.940025 0.299511
39 0.511358 0.400061 0.940025 0.299511
1 0.505507 0.36522 0.928324 0.362469
30 0.507848 0.339548 0.925203 0.402812
67 0.509408 0.344208 0.923643 0.399603
31 0.503557 0.353836 0.930664 0.381571
39 0.507848 0.339548 0.925203 0.402812
8 0.507848 0.339548 0.925203 0.402812
20 0.52345 0.329462 0.904921 0.423594
60 0.509408 0.344208 0.923643 0.399603
35 0.507848 0.339548 0.925203 0.402812
32 0.507848 0.339548 0.925203 0.402812
57 0.507848 0.339548 0.925203 0.402812
29 0.503557 0.353836 0.930664 0.381571
44 0.507848 0.339548 0.925203 0.402812
69 0.509408 0.344208 0.923643 0.399603
66 0.507848 0.339548 0.925203 0.402812
6 0.509408 0.344208 0.923643 0.399603
45 0.503167 0.35269 0.933004 0.377751
62 0.503557 0.353836 0.930664 0.381571
36 0.507848 0.339548 0.925203 0.402812
56 0.507848 0.339548 0.925203 0.402812
10 0.503167 0.35269 0.933004 0.377751
54 0.509408 0.344208 0.923643 0.399603
4 0.507848 0.339548 0.925203 0.402812
21 0.503167 0.35269 0.933004 0.377751
28 0.503167 0.35269 0.933004 0.377751
68 0.509408 0.344208 0.923643 0.399603
61 0.502387 0.359108 0.934565 0.366137
2 0.509408 0.344208 0.923643 0.399603
23 0.503167 0.35269 0.933004 0.377751
58 0.503557 0.353836 0.930664 0.381571
65 0.52345 0.329462 0.904921 0.423594
7 0.507848 0.339548 0.925203 0.402812
33 0.507848 0.339548 0.925203 0.402812
22 0.507848 0.339548 0.925203 0.402812
34 0.502387 0.37011 0.934565 0.346577
59 0.503557 0.353836 0.930664 0.381571
30 0.504727 0.336186 0.940805 0.414425
20 0.504727 0.336186 0.940805 0.414425
29 0.504727 0.336186 0.940805 0.414425
8 0.509408 0.330761 0.933004 0.425275
31 0.506678 0.339853 0.940025 0.409535
67 0.509408 0.334963 0.931444 0.418093
39 0.504727 0.336186 0.940805 0.414425
60 0.509408 0.334963 0.931444 0.418093
35 0.504727 0.336186 0.940805 0.414425
4 0.504727 0.336186 0.940805 0.414425
21 0.504727 0.336186 0.940805 0.414425
45 0.504727 0.336186 0.940805 0.414425
65 0.518769 0.323961 0.928324 0.439487
57 0.504727 0.336186 0.940805 0.414425
30 0.502387 0.398839 0.920523 0.298288
32 0.506678 0.339853 0.940025 0.409535
44 0.504727 0.336186 0.940805 0.414425
6 0.509408 0.334963 0.931444 0.418093
66 0.509408 0.334963 0.931444 0.418093
29 0.502387 0.398839 0.920523 0.298288
62 0.506678 0.339853 0.940025 0.409535
56 0.509408 0.334963 0.931444 0.418093
36 0.506678 0.339853 0.940025 0.409535
69 0.506678 0.339853 0.940025 0.409535
23 0.506678 0.339853 0.940025 0.409535
54 0.504727 0.336186 0.940805 0.414425
2 0.509408 0.334963 0.931444 0.418093
59 0.504727 0.336186 0.940805 0.414425
8 0.502387 0.398839 0.920523 0.298288
68 0.509408 0.334963 0.931444 0.418093
65 0.508628 0.393108 0.942366 0.310361
7 0.504727 0.336186 0.940805 0.414425
20 0.642708 0.317543 0.691367 0.451712
30 0.642708 0.317543 0.691367 0.451712
28 0.504727 0.336186 0.940805 0.414425
21 0.502387 0.398839 0.920523 0.298288
34 0.501607 0.363998 0.937685 0.360636
30 0.282008 0.389364 0.476643 0.31357
10 0.504727 0.336186 0.940805 0.414425
20 0.502387 0.398839 0.920523 0.298288
35 0.502387 0.398839 0.920523 0.298288
8 0.642708 0.317543 0.691367 0.451712
67 0.502387 0.398839 0.920523 0.298288
58 0.506287 0.357045 0.937685 0.376375
29 0.642708 0.317543 0.691367 0.451712
30 0.509798 0.330685 0.940025 0.422983
31 0.510968 0.333664 0.937685 0.419468
20 0.510968 0.333664 0.937685 0.419468
67 0.510968 0.334352 0.934565 0.421149
8 0.509798 0.330685 0.940025 0.422983
39 0.509408 0.329156 0.937685 0.427262
29 0.509408 0.329156 0.937685 0.427262
60 0.510968 0.333664 0.937685 0.419468
35 0.509798 0.330685 0.940025 0.422983
4 0.509408 0.329156 0.937685 0.427262
57 0.509408 0.329156 0.937685 0.427262
62 0.510968 0.333664 0.937685 0.419468
68 0.510968 0.334352 0.934565 0.421149
69 0.510968 0.334352 0.934565 0.421149
30 0.289809 0.370492 0.490685 0.34948
32 0.505507 0.329156 0.926763 0.429095
44 0.509408 0.329156 0.937685 0.427262
30 0.357288 0.33588 0.627204 0.418704
58 0.502777 0.324878 0.933784 0.443154
23 0.509408 0.329156 0.937685 0.427262
30 0.434128 0.387531 0.779324 0.317848
2 0.510968 0.333664 0.937685 0.419468
45 0.509798 0.330685 0.940025 0.422983
36 0.509408 0.329156 0.937685 0.427262
66 0.510968 0.333664 0.937685 0.419468
30 0.67362 0.320828 0.631104 0.452476
56 0.510968 0.333664 0.937685 0.419468
6 0.510968 0.333664 0.937685 0.419468
20 0.67362 0.320828 0.631104 0.452476
65 0.515259 0.325795 0.947826 0.432763
67 0.357288 0.33588 0.627204 0.418704
21 0.509798 0.330685 0.940025 0.422983
7 0.509408 0.329156 0.937685 0.427262
67 0.289809 0.370492 0.490685 0.34948
8 0.67362 0.320828 0.631104 0.452476
59 0.509408 0.329156 0.937685 0.427262
22 0.509408 0.329156 0.937685 0.427262
31 0.289809 0.370492 0.490685 0.34948
8 0.434128 0.387531 0.779324 0.317848
67 0.434128 0.387531 0.779324 0.317848
10 0.509408 0.329156 0.937685 0.427262
8 0.289809 0.370492 0.490685 0.34948
31 0.357288 0.33588 0.627204 0.418704
29 0.289809 0.370492 0.490685 0.34948
29 0.434128 0.387531 0.779324 0.317848
28 0.509408 0.329156 0.937685 0.427262
8 0.357288 0.33588 0.627204 0.418704
31 0.67362 0.320828 0.631104 0.452476
54 0.509408 0.329156 0.937685 0.427262
34 0.515259 0.325795 0.947826 0.432763
60 0.357288 0.33588 0.627204 0.418704
20 0.289809 0.370492 0.490685 0.34948
29 0.67362 0.320828 0.631104 0.452476
20 0.357288 0.33588 0.627204 0.418704
29 0.357288 0.33588 0.627204 0.418704
30 0.505117 0.326406 0.936905 0.428484
31 0.506678 0.330761 0.936905 0.42283
67 0.506678 0.330761 0.936905 0.42283
60 0.519939 0.324037 0.933784 0.436278
39 0.505117 0.326406 0.936905 0.428484
20 0.506678 0.330761 0.936905 0.42283
8 0.505117 0.326406 0.936905 0.428484
35 0.505117 0.326406 0.936905 0.428484
29 0.504337 0.32824 0.941585 0.425428
30 0.384981 0.370721 0.679471 0.344132
4 0.504337 0.32824 0.941585 0.425428
62 0.506678 0.330761 0.936905 0.42283
32 0.504337 0.32824 0.941585 0.425428
36 0.504337 0.32824 0.941585 0.425428
44 0.504337 0.32824 0.941585 0.425428
30 0.666209 0.317848 0.644366 0.443765
57 0.519939 0.324037 0.933784 0.436278
66 0.505117 0.326406 0.936905 0.428484
69 0.506678 0.330761 0.936905 0.42283
2 0.506678 0.330761 0.936905 0.42283
56 0.519939 0.324037 0.933784 0.436278
31 0.391612 0.348411 0.694293 0.391198
30 0.271671 0.373472 0.455191 0.338631
68 0.506678 0.330761 0.936905 0.42283
20 0.666209 0.317848 0.644366 0.443765
67 0.391612 0.348411 0.694293 0.391198
29 0.384981 0.370721 0.679471 0.344132
45 0.506678 0.330761 0.936905 0.42283
6 0.504337 0.32824 0.941585 0.425428
22 0.504337 0.32824 0.941585 0.425428
54 0.504337 0.32824 0.941585 0.425428
65 0.504337 0.32824 0.941585 0.425428
31 0.666209 0.317848 0.644366 0.443765
8 0.666209 0.317848 0.644366 0.443765
8 0.391612 0.348411 0.694293 0.391198
60 0.391612 0.348411 0.694293 0.391198
39 0.391612 0.348411 0.694293 0.391198
29 0.666209 0.317848 0.644366 0.443765
30 0.75241 0.301421 0.475083 0.409383
58 0.503947 0.334658 0.933004 0.419315
35 0.384981 0.370721 0.679471 0.344132
7 0.504337 0.32824 0.941585 0.425428
20 0.391612 0.348411 0.694293 0.391198
30 0.352412 0.304707 0.619793 0.484719
21 0.505117 0.326406 0.936905 0.428484
28 0.504337 0.32824 0.941585 0.425428
10 0.519159 0.323044 0.933784 0.435208
23 0.505117 0.326406 0.936905 0.428484
67 0.666209 0.317848 0.644366 0.443765
32 0.391612 0.348411 0.694293 0.391198
65 0.384981 0.370721 0.679471 0.344132
29 0.282398 0.377139 0.471183 0.330685
31 0.75241 0.301421 0.475083 0.409383
44 0.384981 0.370721 0.679471 0.344132
30 0.507068 0.330073 0.945486 0.425428
31 0.508628 0.331831 0.945486 0.425581
39 0.507068 0.330073 0.945486 0.425428
67 0.508628 0.331831 0.945486 0.425581
8 0.518379 0.324496 0.933784 0.436583
60 0.508628 0.331831 0.945486 0.425581
20 0.510968 0.320293 0.953287 0.448044
29 0.508238 0.332213 0.943146 0.42176
35 0.507068 0.330073 0.945486 0.425428
4 0.508238 0.332213 0.943146 0.42176
32 0.508628 0.331831 0.945486 0.425581
21 0.508238 0.332213 0.943146 0.42176
57 0.520329 0.324496 0.933004 0.439028
56 0.520329 0.324496 0.933004 0.439028
69 0.508628 0.331831 0.945486 0.425581
44 0.507068 0.330073 0.945486 0.425428
62 0.508628 0.331831 0.945486 0.425581
28 0.520329 0.324496 0.933004 0.439028
45 0.507068 0.330073 0.945486 0.425428
68 0.52813 0.33099 0.918962 0.43643
30 0.310481 0.343444 0.52891 0.406021
66 0.508628 0.331831 0.945486 0.425581
58 0.512138 0.333741 0.941585 0.422983
36 0.512138 0.333741 0.941585 0.422983
30 0.661918 0.317848 0.659188 0.4511
29 0.278107 0.379279 0.463382 0.33313
10 0.507068 0.330073 0.945486 0.425428
23 0.518379 0.324496 0.933784 0.436583
8 0.504727 0.387531 0.931444 0.31357
2 0.508628 0.331831 0.945486 0.425581
6 0.52813 0.33099 0.918962 0.43643
30 0.505507 0.397922 0.929884 0.29401
7 0.508238 0.332213 0.943146 0.42176
67 0.310481 0.343444 0.52891 0.406021
59 0.508238 0.332213 0.943146 0.42176
0 0.508628 0.331831 0.945486 0.425581
61 0.508238 0.332213 0.943146 0.42176
29 0.505507 0.397922 0.929884 0.29401
35 0.278107 0.379279 0.463382 0.33313
34 0.518379 0.324496 0.933784 0.436583
54 0.508628 0.331831 0.945486 0.425581
22 0.508628 0.331831 0.945486 0.425581
60 0.310481 0.343444 0.52891 0.406021
20 0.661918 0.317848 0.659188 0.4511
6 0.504727 0.387531 0.931444 0.31357
21 0.278107 0.379279 0.463382 0.33313
21 0.505507 0.397922 0.929884 0.29401
39 0.310481 0.343444 0.52891 0.406021
65 0.512138 0.320293 0.950947 0.44621
32 0.310481 0.343444 0.52891 0.406021
8 0.661918 0.317848 0.659188 0.4511
