22 0.462805 0.509793 0.920924 0.302995
57 0.526075 0.487903 0.925611 0.33871
62 0.462805 0.509793 0.920924 0.302995
4 0.509281 0.487903 0.959198 0.339862
2 0.523341 0.484447 0.932641 0.336406
72 0.449136 0.513537 0.892023 0.300115
60 0.462805 0.509793 0.920924 0.302995
49 0.449136 0.513537 0.892023 0.300115
49 0.291157 0.527074 0.569036 0.284562
4 0.420235 0.523906 0.827972 0.282834
22 0.556147 0.481855 0.874839 0.338134
22 0.314786 0.524482 0.606919 0.28053
10 0.484286 0.491071 0.968571 0.345046
66 0.420235 0.523906 0.827972 0.282834
39 0.526075 0.487903 0.925611 0.33871
41 0.420235 0.523906 0.827972 0.282834
35 0.484286 0.498272 0.968571 0.329493
57 0.680734 0.505472 0.616293 0.371544
34 0.508109 0.486175 0.963104 0.334101
1 0.449136 0.513537 0.892023 0.300115
46 0.509281 0.487903 0.959198 0.339862
20 0.509281 0.487903 0.959198 0.339862
40 0.556147 0.481855 0.874839 0.338134
67 0.647635 0.455645 0.68874 0.383641
41 0.503032 0.472638 0.96076 0.372696
17 0.449136 0.513537 0.892023 0.300115
72 0.291157 0.527074 0.569036 0.284562
69 0.534276 0.484447 0.906083 0.332949
10 0.26128 0.527074 0.5085 0.290323
58 0.291157 0.527074 0.569036 0.284562
67 0.456166 0.507488 0.906083 0.302995
58 0.449136 0.513537 0.892023 0.300115
60 0.314786 0.524482 0.606919 0.28053
44 0.534276 0.484447 0.906083 0.332949
49 0.631036 0.486463 0.718813 0.334677
3 0.505376 0.486751 0.96076 0.346774
41 0.291157 0.527074 0.569036 0.284562
52 0.508109 0.486175 0.963104 0.334101
62 0.556147 0.481855 0.874839 0.338134
4 0.291157 0.527074 0.569036 0.284562
71 0.563959 0.480415 0.859217 0.341014
60 0.563959 0.480415 0.859217 0.341014
65 0.484286 0.498272 0.968571 0.329493
32 0.456166 0.507488 0.906083 0.302995
64 0.488191 0.493664 0.976382 0.337558
72 0.50147 0.46947 0.96076 0.376728
66 0.556147 0.481855 0.874839 0.338134
57 0.299554 0.559332 0.577237 0.347926
57 0.647635 0.455645 0.68874 0.383641
2 0.420235 0.523906 0.827972 0.282834
14 0.462805 0.509793 0.920924 0.302995
31 0.48741 0.488479 0.971696 0.347926
70 0.291157 0.527074 0.569036 0.284562
0 0.504595 0.481279 0.952949 0.349654
5 0.477256 0.503744 0.954512 0.331221
28 0.509281 0.487903 0.959198 0.339862
0 0.420235 0.523906 0.827972 0.282834
57 0.420235 0.523906 0.827972 0.282834
33 0.523341 0.484447 0.932641 0.336406
20 0.420235 0.523906 0.827972 0.282834
41 0.618636 0.479551 0.745175 0.333525
69 0.420235 0.523906 0.827972 0.282834
17 0.291157 0.527074 0.569036 0.284562
8 0.526075 0.487903 0.925611 0.33871
68 0.291157 0.527074 0.569036 0.284562
7 0.560444 0.486175 0.863122 0.339862
67 0.556147 0.481855 0.874839 0.338134
70 0.462805 0.509793 0.920924 0.302995
45 0.560444 0.486175 0.863122 0.339862
5 0.388991 0.53485 0.766265 0.312788
7 0.463977 0.512673 0.921705 0.321429
17 0.563959 0.480415 0.859217 0.341014
22 0.669505 0.478975 0.643436 0.311636
39 0.388991 0.53485 0.766265 0.312788
4 0.669505 0.478975 0.643436 0.311636
3 0.420235 0.523906 0.827972 0.282834
15 0.449136 0.513537 0.892023 0.300115
72 0.618636 0.479551 0.745175 0.333525
36 0.484286 0.498272 0.968571 0.329493
66 0.291157 0.527074 0.569036 0.284562
26 0.484286 0.491071 0.968571 0.345046
11 0.510062 0.485023 0.954512 0.332949
46 0.669505 0.478975 0.643436 0.311636
37 0.420235 0.523906 0.827972 0.282834
5 0.281003 0.525058 0.542478 0.278226
2 0.669505 0.478975 0.643436 0.311636
40 0.462805 0.509793 0.920924 0.302995
35 0.618636 0.479551 0.745175 0.333525
56 0.420235 0.523906 0.827972 0.282834
1 0.291157 0.527074 0.569036 0.284562
34 0.314786 0.524482 0.606919 0.28053
1 0.560444 0.486175 0.863122 0.339862
29 0.504595 0.481279 0.952949 0.349654
48 0.631036 0.486463 0.718813 0.334677
55 0.484286 0.491071 0.968571 0.345046
49 0.705339 0.43498 0.57177 0.40769
38 0.560444 0.486175 0.863122 0.339862
37 0.505376 0.486751 0.96076 0.346774
58 0.647635 0.455645 0.68874 0.383641
2 0.507719 0.473214 0.973258 0.351959
4 0.500689 0.474654 0.971696 0.347926
3 0.491316 0.491647 0.976382 0.334677
57 0.507719 0.473214 0.973258 0.351959
52 0.504595 0.478399 0.959198 0.34735
10 0.488972 0.489055 0.97482 0.331797
22 0.492487 0.491647 0.978726 0.333525
58 0.47296 0.490207 0.931859 0.329493
69 0.500689 0.474654 0.971696 0.347926
7 0.491316 0.491647 0.976382 0.334677
49 0.491316 0.491647 0.976382 0.334677
34 0.500689 0.474654 0.971696 0.347926
60 0.492487 0.491647 0.978726 0.333525
68 0.488972 0.487903 0.967009 0.332949
59 0.488972 0.487903 0.967009 0.332949
45 0.493659 0.489631 0.965447 0.337558
8 0.500689 0.474654 0.971696 0.347926
44 0.491706 0.487903 0.972477 0.332949
4 0.86527 0.445853 0.253469 0.259217
67 0.500689 0.474654 0.971696 0.347926
20 0.488972 0.487903 0.967009 0.332949
66 0.492487 0.491647 0.978726 0.333525
15 0.492487 0.491647 0.978726 0.333525
39 0.503813 0.479551 0.96076 0.345046
4 0.811569 0.478975 0.354622 0.249424
1 0.485457 0.489631 0.969353 0.332949
30 0.488972 0.487903 0.967009 0.332949
62 0.505376 0.479551 0.957636 0.343894
56 0.509281 0.468894 0.967009 0.359447
41 0.504595 0.478399 0.959198 0.34735
65 0.491706 0.487903 0.972477 0.332949
29 0.488972 0.487903 0.967009 0.332949
31 0.49444 0.486175 0.96076 0.335253
4 0.735802 0.462558 0.474912 0.248848
37 0.491706 0.487903 0.972477 0.332949
35 0.49444 0.486175 0.96076 0.335253
32 0.491316 0.491647 0.976382 0.334677
72 0.50147 0.476959 0.949825 0.345622
23 0.539744 0.441532 0.912332 0.414171
46 0.492487 0.491647 0.978726 0.333525
58 0.539744 0.441532 0.912332 0.414171
60 0.57919 0.445853 0.824067 0.403226
28 0.510843 0.482719 0.943576 0.342166
6 0.493659 0.485599 0.965447 0.335253
71 0.493659 0.489631 0.965447 0.337558
36 0.500689 0.474654 0.971696 0.347926
58 0.878158 0.466302 0.227692 0.242512
52 0.49405 0.470622 0.964666 0.360599
4 0.493659 0.459101 0.965447 0.385945
2 0.490925 0.457949 0.964666 0.394009
58 0.490535 0.472926 0.965447 0.362903
3 0.49405 0.471774 0.969353 0.366359
69 0.493659 0.459101 0.965447 0.385945
34 0.496393 0.471774 0.972477 0.353687
68 0.492097 0.472926 0.968571 0.358295
10 0.490535 0.472926 0.965447 0.362903
57 0.490925 0.457949 0.964666 0.394009
59 0.490535 0.474366 0.968571 0.364631
60 0.490925 0.457949 0.964666 0.394009
7 0.488191 0.455357 0.963885 0.396889
22 0.490925 0.457949 0.964666 0.394009
1 0.492097 0.486175 0.97482 0.33871
23 0.490535 0.472926 0.965447 0.362903
8 0.496393 0.471774 0.972477 0.353687
5 0.49405 0.471774 0.969353 0.366359
49 0.49405 0.471774 0.969353 0.366359
32 0.49405 0.471774 0.969353 0.366359
39 0.496002 0.455069 0.96076 0.397465
28 0.500689 0.473502 0.946701 0.354839
6 0.490535 0.474366 0.968571 0.364631
45 0.490925 0.457949 0.964666 0.394009
29 0.488191 0.485599 0.963885 0.343318
67 0.496393 0.471774 0.972477 0.353687
56 0.490925 0.457949 0.964666 0.394009
2 0.658863 0.470334 0.664721 0.358871
21 0.496002 0.455069 0.96076 0.397465
44 0.490925 0.457949 0.964666 0.394009
31 0.490535 0.474366 0.968571 0.364631
4 0.658863 0.470334 0.664721 0.358871
50 0.496393 0.471774 0.972477 0.353687
66 0.490925 0.457949 0.964666 0.394009
37 0.493659 0.459101 0.965447 0.385945
62 0.493659 0.459101 0.965447 0.385945
71 0.496002 0.455069 0.96076 0.397465
58 0.406566 0.514401 0.79126 0.27765
15 0.49405 0.471774 0.969353 0.366359
52 0.658863 0.470334 0.664721 0.358871
4 0.503032 0.481279 0.981069 0.343894
52 0.503032 0.481279 0.981069 0.343894
3 0.488972 0.483295 0.970134 0.341014
58 0.490925 0.488479 0.970915 0.341014
23 0.490925 0.488479 0.970915 0.341014
68 0.503423 0.485023 0.980288 0.341014
57 0.503032 0.481279 0.981069 0.343894
34 0.503032 0.481279 0.981069 0.343894
2 0.497174 0.484447 0.992786 0.339862
69 0.503032 0.481279 0.981069 0.343894
59 0.503423 0.485023 0.980288 0.341014
7 0.503032 0.481279 0.981069 0.343894
60 0.50147 0.485599 0.976382 0.345622
10 0.488972 0.483295 0.970134 0.341014
1 0.492487 0.485599 0.978726 0.337558
22 0.503032 0.481279 0.981069 0.343894
32 0.50147 0.485599 0.976382 0.345622
67 0.490535 0.482719 0.971696 0.347926
28 0.490925 0.488479 0.970915 0.341014
5 0.490925 0.488479 0.970915 0.341014
29 0.490535 0.482719 0.971696 0.347926
6 0.503423 0.485023 0.980288 0.341014
31 0.503423 0.485023 0.980288 0.341014
56 0.50147 0.485599 0.976382 0.345622
8 0.497174 0.484447 0.992786 0.339862
0 0.497174 0.484447 0.992786 0.339862
44 0.503032 0.481279 0.981069 0.343894
49 0.50147 0.485599 0.976382 0.345622
39 0.50147 0.485599 0.976382 0.345622
45 0.50147 0.485599 0.976382 0.345622
20 0.503423 0.485023 0.980288 0.341014
66 0.497174 0.484447 0.992786 0.339862
62 0.503032 0.481279 0.981069 0.343894
36 0.497174 0.484447 0.992786 0.339862
30 0.490535 0.482719 0.971696 0.347926
21 0.50147 0.485599 0.976382 0.345622
4 0.506157 0.483295 0.96076 0.335253
52 0.506157 0.483295 0.96076 0.335253
58 0.499908 0.486463 0.976382 0.332373
3 0.499127 0.483583 0.970134 0.33583
23 0.499908 0.486463 0.976382 0.332373
32 0.506157 0.483295 0.96076 0.335253
57 0.499127 0.483583 0.970134 0.33583
59 0.496783 0.486175 0.967009 0.329493
2 0.506938 0.485599 0.967009 0.330645
68 0.499127 0.483583 0.970134 0.33583
10 0.499127 0.483583 0.970134 0.33583
34 0.506157 0.483295 0.96076 0.335253
1 0.496783 0.486175 0.968571 0.334101
28 0.499908 0.486463 0.976382 0.332373
60 0.499908 0.486463 0.976382 0.332373
22 0.506938 0.485599 0.967009 0.330645
69 0.506938 0.485599 0.967009 0.330645
5 0.499908 0.486463 0.976382 0.332373
7 0.499127 0.483583 0.970134 0.33583
67 0.506157 0.483295 0.96076 0.335253
56 0.506938 0.485599 0.967009 0.330645
0 0.506157 0.483295 0.96076 0.335253
49 0.499908 0.486463 0.976382 0.332373
8 0.506157 0.483295 0.96076 0.335253
6 0.506938 0.486175 0.954512 0.326037
36 0.511624 0.483007 0.96076 0.333525
44 0.499908 0.486463 0.976382 0.332373
29 0.499127 0.483583 0.970134 0.33583
45 0.499908 0.486463 0.976382 0.332373
66 0.499908 0.486463 0.976382 0.332373
31 0.506157 0.483295 0.96076 0.335253
39 0.499908 0.486463 0.976382 0.332373
3 0.502251 0.485023 0.982631 0.337558
4 0.506938 0.486175 0.97482 0.335253
58 0.502251 0.485023 0.982631 0.337558
59 0.500689 0.483295 0.979507 0.33871
32 0.506938 0.486175 0.97482 0.335253
23 0.506938 0.486175 0.97482 0.335253
52 0.506938 0.486175 0.97482 0.335253
68 0.500689 0.483295 0.979507 0.33871
1 0.491316 0.480991 0.970134 0.332949
57 0.502251 0.485023 0.982631 0.337558
10 0.502251 0.485023 0.982631 0.337558
28 0.501861 0.490495 0.983413 0.331221
34 0.502251 0.485023 0.982631 0.337558
7 0.502251 0.485023 0.982631 0.337558
2 0.501861 0.490495 0.983413 0.331221
67 0.506938 0.485311 0.967009 0.332373
5 0.501861 0.490495 0.983413 0.331221
56 0.502251 0.485023 0.982631 0.337558
69 0.506938 0.486175 0.97482 0.335253
22 0.502251 0.485023 0.982631 0.337558
60 0.501861 0.490495 0.983413 0.331221
6 0.500689 0.483295 0.979507 0.33871
29 0.491316 0.480991 0.970134 0.332949
8 0.506938 0.486175 0.97482 0.335253
31 0.500689 0.483295 0.979507 0.33871
49 0.501861 0.490495 0.983413 0.331221
36 0.506938 0.486175 0.97482 0.335253
0 0.506938 0.486175 0.97482 0.335253
44 0.506938 0.486175 0.97482 0.335253
39 0.501861 0.490495 0.983413 0.331221
3 0.510453 0.489631 0.966228 0.347926
58 0.510453 0.489631 0.966228 0.347926
4 0.510453 0.489631 0.966228 0.347926
23 0.510453 0.489631 0.966228 0.347926
52 0.510453 0.489631 0.966228 0.347926
59 0.510453 0.489631 0.966228 0.347926
68 0.510453 0.489631 0.966228 0.347926
32 0.510453 0.489631 0.966228 0.347926
1 0.500689 0.488191 0.979507 0.349654
57 0.510453 0.489631 0.966228 0.347926
2 0.510062 0.494528 0.967009 0.340438
5 0.510062 0.494528 0.967009 0.340438
10 0.500689 0.488191 0.979507 0.349654
28 0.510062 0.494528 0.967009 0.340438
7 0.510453 0.489631 0.966228 0.347926
6 0.510453 0.489631 0.966228 0.347926
34 0.510062 0.494528 0.967009 0.340438
22 0.510062 0.494528 0.967009 0.340438
60 0.510062 0.494528 0.967009 0.340438
0 0.510453 0.489631 0.966228 0.347926
69 0.509672 0.490495 0.969353 0.345046
56 0.510453 0.489631 0.966228 0.347926
67 0.509672 0.490495 0.969353 0.345046
36 0.509672 0.490495 0.969353 0.345046
49 0.499127 0.495104 0.976382 0.34159
31 0.510453 0.490207 0.959979 0.347926
3 0.369463 0.511521 0.732677 0.299539
29 0.510453 0.489631 0.966228 0.347926
39 0.510062 0.494528 0.967009 0.340438
58 0.369463 0.511521 0.732677 0.299539
8 0.510453 0.489631 0.966228 0.347926
66 0.510062 0.494528 0.967009 0.340438
3 0.503813 0.487903 0.977945 0.332949
4 0.503813 0.487903 0.977945 0.332949
58 0.505376 0.488767 0.967009 0.330069
23 0.505376 0.488767 0.967009 0.330069
59 0.505376 0.488767 0.967009 0.330069
32 0.505376 0.488767 0.967009 0.330069
68 0.505376 0.488767 0.967009 0.330069
1 0.503813 0.487903 0.977945 0.332949
57 0.503813 0.487903 0.977945 0.332949
6 0.505376 0.488767 0.967009 0.330069
2 0.506157 0.491935 0.962323 0.327189
52 0.505376 0.488767 0.967009 0.330069
7 0.503813 0.487903 0.977945 0.332949
28 0.503423 0.493088 0.974039 0.330645
22 0.506157 0.491935 0.962323 0.327189
34 0.506157 0.491935 0.962323 0.327189
5 0.503423 0.493088 0.974039 0.330645
56 0.505376 0.488767 0.967009 0.330069
10 0.503813 0.487903 0.977945 0.332949
60 0.506157 0.491935 0.962323 0.327189
29 0.505376 0.488767 0.967009 0.330069
69 0.505376 0.488767 0.967009 0.330069
67 0.5085 0.491359 0.963885 0.323733
0 0.505376 0.488767 0.967009 0.330069
36 0.5085 0.491359 0.963885 0.323733
49 0.503423 0.493088 0.974039 0.330645
31 0.503423 0.487327 0.975601 0.332949
8 0.505376 0.488767 0.967009 0.330069
54 0.503813 0.487903 0.977945 0.332949
39 0.506157 0.491935 0.962323 0.327189
21 0.503813 0.487903 0.977945 0.332949
4 0.496002 0.489055 0.982631 0.330645
3 0.496002 0.489055 0.982631 0.330645
68 0.496002 0.489055 0.982631 0.330645
32 0.496002 0.489055 0.982631 0.330645
59 0.496002 0.489055 0.982631 0.330645
23 0.506157 0.489631 0.970134 0.329493
1 0.496002 0.489055 0.982631 0.330645
28 0.494831 0.49424 0.980288 0.332949
58 0.494831 0.49424 0.980288 0.332949
57 0.496002 0.489055 0.982631 0.330645
0 0.506157 0.489631 0.970134 0.329493
10 0.496002 0.489055 0.982631 0.330645
54 0.496002 0.489055 0.982631 0.330645
5 0.494831 0.49424 0.980288 0.332949
52 0.506157 0.489631 0.970134 0.329493
22 0.496002 0.489055 0.982631 0.330645
7 0.496002 0.489055 0.982631 0.330645
56 0.496002 0.489055 0.982631 0.330645
6 0.506157 0.489631 0.970134 0.329493
34 0.503813 0.492511 0.970134 0.331797
29 0.506157 0.489631 0.970134 0.329493
69 0.506157 0.489631 0.970134 0.329493
2 0.494831 0.49424 0.980288 0.332949
49 0.494831 0.49424 0.980288 0.332949
45 0.496002 0.489055 0.982631 0.330645
8 0.506157 0.489631 0.970134 0.329493
67 0.504595 0.488191 0.968571 0.336982
60 0.502251 0.491359 0.979507 0.323733
36 0.506157 0.489631 0.970134 0.329493
44 0.496002 0.489055 0.982631 0.330645
66 0.496002 0.489055 0.982631 0.330645
31 0.496783 0.486751 0.981069 0.33871
4 0.493268 0.485599 0.966228 0.332949
3 0.49444 0.488191 0.963885 0.334677
68 0.49444 0.488191 0.963885 0.334677
59 0.49444 0.488191 0.963885 0.334677
58 0.493268 0.485599 0.966228 0.332949
32 0.493659 0.489055 0.968571 0.328341
23 0.493268 0.485599 0.966228 0.332949
1 0.488972 0.487327 0.96076 0.329493
57 0.493659 0.489055 0.968571 0.328341
28 0.493659 0.489055 0.968571 0.328341
7 0.493268 0.485599 0.966228 0.332949
6 0.49444 0.488191 0.963885 0.334677
54 0.493268 0.485599 0.966228 0.332949
56 0.493268 0.485599 0.966228 0.332949
10 0.493659 0.489055 0.968571 0.328341
34 0.493659 0.489055 0.968571 0.328341
52 0.493268 0.485599 0.966228 0.332949
5 0.493659 0.489055 0.968571 0.328341
67 0.49444 0.488191 0.963885 0.334677
31 0.489753 0.487903 0.962323 0.334101
29 0.493268 0.485599 0.966228 0.332949
69 0.49444 0.488191 0.963885 0.334677
2 0.502251 0.489343 0.956074 0.325461
0 0.493268 0.485599 0.966228 0.332949
22 0.49444 0.488191 0.963885 0.334677
8 0.493268 0.485599 0.966228 0.332949
49 0.493268 0.485599 0.966228 0.332949
4 0.496783 0.49424 0.987318 0.321429
3 0.496783 0.49424 0.987318 0.321429
68 0.503032 0.498848 0.976382 0.312212
59 0.496783 0.49424 0.987318 0.321429
57 0.496783 0.49424 0.987318 0.321429
1 0.496783 0.49424 0.987318 0.321429
32 0.503423 0.501152 0.96779 0.313364
7 0.496783 0.49424 0.987318 0.321429
5 0.496783 0.49424 0.987318 0.321429
28 0.496783 0.49424 0.987318 0.321429
54 0.496783 0.49424 0.987318 0.321429
56 0.496783 0.49424 0.987318 0.321429
52 0.503032 0.498848 0.976382 0.312212
45 0.496783 0.49424 0.987318 0.321429
10 0.495221 0.499712 0.984194 0.3197
58 0.495221 0.499712 0.984194 0.3197
22 0.496783 0.49424 0.987318 0.321429
6 0.496783 0.49424 0.987318 0.321429
29 0.496783 0.49424 0.987318 0.321429
0 0.503032 0.498848 0.976382 0.312212
34 0.503423 0.501152 0.96779 0.313364
23 0.503423 0.501152 0.96779 0.313364
66 0.496783 0.49424 0.987318 0.321429
69 0.503423 0.501152 0.96779 0.313364
21 0.496783 0.502592 0.979507 0.307028
49 0.496783 0.49424 0.987318 0.321429
8 0.496783 0.49424 0.987318 0.321429
44 0.503032 0.498848 0.976382 0.312212
2 0.496783 0.502592 0.979507 0.307028
3 0.417111 0.520737 0.820161 0.27765
4 0.497174 0.487615 0.986537 0.331221
3 0.497174 0.487615 0.986537 0.331221
68 0.497174 0.487615 0.986537 0.331221
59 0.497174 0.487615 0.986537 0.331221
57 0.497174 0.487615 0.986537 0.331221
32 0.506938 0.491359 0.970134 0.324885
7 0.497174 0.487615 0.986537 0.331221
1 0.497174 0.487615 0.986537 0.331221
56 0.506938 0.491359 0.970134 0.324885
58 0.496783 0.490495 0.982631 0.328917
45 0.506157 0.487903 0.97482 0.330645
22 0.496783 0.489919 0.982631 0.328917
28 0.506157 0.487903 0.97482 0.330645
3 0.403832 0.512385 0.79829 0.275922
29 0.497174 0.487615 0.986537 0.331221
69 0.506938 0.491359 0.970134 0.324885
6 0.497174 0.487615 0.986537 0.331221
21 0.497174 0.487615 0.986537 0.331221
52 0.506157 0.487903 0.97482 0.330645
4 0.403832 0.512385 0.79829 0.275922
5 0.497174 0.487615 0.986537 0.331221
10 0.496783 0.490495 0.982631 0.328917
31 0.503813 0.489919 0.973258 0.327765
0 0.500689 0.489055 0.982631 0.329493
34 0.506938 0.491359 0.970134 0.324885
44 0.506157 0.487903 0.97482 0.330645
4 0.49444 0.485599 0.979507 0.330645
3 0.49444 0.485599 0.979507 0.330645
68 0.497955 0.488191 0.974039 0.326613
59 0.49444 0.485599 0.979507 0.330645
57 0.49444 0.485599 0.979507 0.330645
32 0.498346 0.495104 0.968571 0.322005
58 0.492878 0.496256 0.976382 0.320853
1 0.49444 0.485599 0.979507 0.330645
7 0.49444 0.485599 0.979507 0.330645
56 0.498346 0.495104 0.968571 0.322005
6 0.497955 0.488191 0.974039 0.326613
28 0.497955 0.488191 0.974039 0.326613
5 0.49444 0.485599 0.979507 0.330645
69 0.498346 0.495104 0.968571 0.322005
29 0.49444 0.485599 0.979507 0.330645
23 0.498346 0.495104 0.968571 0.322005
52 0.497955 0.488191 0.974039 0.326613
21 0.49444 0.485599 0.979507 0.330645
31 0.498346 0.487903 0.971696 0.334101
10 0.492878 0.496256 0.976382 0.320853
45 0.49444 0.485599 0.979507 0.330645
22 0.493659 0.487039 0.97482 0.335829
34 0.498346 0.495104 0.968571 0.322005
0 0.497955 0.488191 0.974039 0.326613
67 0.492878 0.496256 0.976382 0.320853
4 0.498346 0.486175 0.985756 0.331797
3 0.498346 0.486175 0.985756 0.331797
68 0.506547 0.491071 0.970915 0.322005
57 0.498346 0.486175 0.985756 0.331797
5 0.498346 0.486175 0.985756 0.331797
4 0.364191 0.512097 0.71354 0.27765
45 0.498346 0.486175 0.985756 0.331797
56 0.504595 0.49568 0.970134 0.317396
59 0.506547 0.491071 0.970915 0.322005
21 0.498346 0.486175 0.985756 0.331797
32 0.504595 0.49568 0.970134 0.317396
7 0.498346 0.486175 0.985756 0.331797
28 0.498346 0.486175 0.985756 0.331797
1 0.498346 0.486175 0.985756 0.331797
44 0.498346 0.486175 0.985756 0.331797
3 0.364191 0.512097 0.71354 0.27765
0 0.501861 0.49424 0.983413 0.313364
6 0.504595 0.49568 0.970134 0.317396
29 0.506547 0.491071 0.970915 0.322005
54 0.498346 0.486175 0.985756 0.331797
66 0.498346 0.486175 0.985756 0.331797
69 0.504595 0.49568 0.970134 0.317396
22 0.498346 0.486175 0.985756 0.331797
31 0.509281 0.496544 0.971696 0.309908
4 0.6284 0.493952 0.724085 0.315092
