62 0.492254 0.387228 0.951744 0.608696
57 0.492254 0.387228 0.951744 0.608696
22 0.549593 0.493207 0.838627 0.388587
2 0.492254 0.387228 0.951744 0.608696
4 0.517608 0.493886 0.899476 0.392663
72 0.492254 0.387228 0.951744 0.608696
22 0.483673 0.385785 0.931461 0.607507
4 0.499275 0.388587 0.959545 0.610054
57 0.584211 0.505435 0.780313 0.391304
46 0.517608 0.493886 0.899476 0.392663
60 0.477822 0.38519 0.919759 0.610054
66 0.499275 0.388587 0.959545 0.610054
72 0.511757 0.484035 0.906497 0.404212
60 0.548423 0.492188 0.831606 0.387908
41 0.301125 0.390965 0.571046 0.597147
10 0.502006 0.477921 0.974367 0.434103
64 0.493424 0.385275 0.950964 0.605808
35 0.473141 0.390625 0.910397 0.597826
40 0.499275 0.388587 0.959545 0.610054
34 0.502396 0.465353 0.976707 0.475543
71 0.499275 0.388587 0.959545 0.610054
41 0.503176 0.397079 0.972027 0.617527
39 0.549593 0.493207 0.838627 0.388587
44 0.560905 0.444633 0.805082 0.477582
44 0.496545 0.388587 0.954084 0.60462
29 0.499275 0.388587 0.959545 0.610054
40 0.548423 0.492188 0.831606 0.387908
49 0.549593 0.493207 0.838627 0.388587
8 0.511757 0.484035 0.906497 0.404212
20 0.483673 0.385785 0.931461 0.607507
22 0.301125 0.390965 0.571046 0.597147
70 0.473141 0.390625 0.910397 0.597826
69 0.481333 0.381199 0.934581 0.615319
26 0.500055 0.404552 0.973587 0.580842
62 0.511757 0.484035 0.906497 0.404212
67 0.493815 0.388247 0.959545 0.598505
67 0.59757 0.48913 0.72551 0.388587
71 0.548423 0.492188 0.831606 0.387908
41 0.502786 0.490404 0.968126 0.421365
45 0.493424 0.385275 0.950964 0.605808
3 0.502396 0.485054 0.973587 0.44837
2 0.511757 0.484035 0.906497 0.404212
1 0.473141 0.390625 0.910397 0.597826
57 0.301125 0.390965 0.571046 0.597147
46 0.483673 0.385785 0.931461 0.607507
1 0.502786 0.490404 0.968126 0.421365
17 0.473141 0.390625 0.910397 0.597826
20 0.549593 0.493207 0.838627 0.388587
36 0.549593 0.493207 0.838627 0.388587
8 0.499275 0.388587 0.959545 0.610054
52 0.502006 0.477921 0.974367 0.434103
49 0.680653 0.441576 0.559344 0.486413
70 0.680653 0.441576 0.559344 0.486413
33 0.483673 0.385785 0.931461 0.607507
62 0.744622 0.504076 0.432965 0.373641
70 0.301125 0.390965 0.571046 0.597147
52 0.495375 0.388927 0.957985 0.618886
4 0.710687 0.499321 0.502396 0.377717
30 0.499275 0.388587 0.959545 0.610054
72 0.301125 0.390965 0.571046 0.597147
70 0.549593 0.493207 0.838627 0.388587
23 0.505516 0.476902 0.965786 0.463315
32 0.493815 0.388247 0.959545 0.598505
7 0.502396 0.485054 0.973587 0.44837
66 0.301125 0.390965 0.571046 0.597147
5 0.502786 0.490404 0.968126 0.421365
36 0.481333 0.381199 0.934581 0.615319
65 0.502396 0.485054 0.973587 0.44837
49 0.424774 0.386634 0.819904 0.608526
57 0.680653 0.441576 0.559344 0.486413
12 0.499275 0.388587 0.959545 0.610054
67 0.680653 0.441576 0.559344 0.486413
33 0.548423 0.492188 0.831606 0.387908
67 0.744622 0.504076 0.432965 0.373641
56 0.502006 0.477921 0.974367 0.434103
4 0.301125 0.390965 0.571046 0.597147
65 0.495375 0.388927 0.957985 0.618886
32 0.560905 0.444633 0.805082 0.477582
56 0.483673 0.385785 0.931461 0.607507
5 0.478212 0.383832 0.918979 0.611413
7 0.490694 0.383237 0.943942 0.613961
1 0.301125 0.390965 0.571046 0.597147
11 0.492254 0.387228 0.951744 0.608696
49 0.301125 0.390965 0.571046 0.597147
58 0.500055 0.404552 0.973587 0.580842
17 0.549593 0.493207 0.838627 0.388587
44 0.680653 0.441576 0.559344 0.486413
71 0.744622 0.504076 0.432965 0.373641
57 0.744622 0.504076 0.432965 0.373641
2 0.744622 0.504076 0.432965 0.373641
66 0.548423 0.492188 0.831606 0.387908
54 0.492254 0.387228 0.951744 0.608696
14 0.502006 0.477921 0.974367 0.434103
2 0.502786 0.368546 0.957204 0.616168
67 0.503176 0.367612 0.959545 0.615319
33 0.481333 0.367612 0.92834 0.620754
57 0.481333 0.367612 0.92834 0.620754
62 0.502786 0.368546 0.957204 0.616168
66 0.502786 0.368546 0.957204 0.616168
44 0.502786 0.368546 0.957204 0.616168
20 0.502786 0.368546 0.957204 0.616168
8 0.502786 0.368546 0.957204 0.616168
36 0.503176 0.367612 0.959545 0.615319
35 0.503176 0.367612 0.959545 0.615319
60 0.502786 0.368546 0.957204 0.616168
10 0.467681 0.373641 0.899476 0.596467
29 0.495765 0.368291 0.965006 0.616678
6 0.503176 0.367612 0.959545 0.615319
40 0.502786 0.368546 0.957204 0.616168
4 0.502786 0.368546 0.957204 0.616168
69 0.481333 0.367612 0.92834 0.620754
72 0.502786 0.368546 0.957204 0.616168
65 0.481333 0.367612 0.92834 0.620754
3 0.470801 0.378397 0.908837 0.589674
45 0.497325 0.375 0.940042 0.597826
41 0.481333 0.367612 0.92834 0.620754
22 0.502786 0.368546 0.957204 0.616168
30 0.495765 0.368291 0.965006 0.616678
39 0.497325 0.375 0.940042 0.597826
32 0.481723 0.368207 0.935361 0.611413
33 0.512927 0.470024 0.905717 0.396909
58 0.470801 0.378397 0.908837 0.589674
8 0.512927 0.470024 0.905717 0.396909
5 0.480162 0.375679 0.915078 0.592391
7 0.470801 0.378397 0.908837 0.589674
34 0.496155 0.434443 0.970466 0.503397
54 0.503176 0.367612 0.959545 0.615319
46 0.480162 0.375679 0.915078 0.592391
67 0.512927 0.470024 0.905717 0.396909
1 0.467681 0.373641 0.899476 0.596467
26 0.495765 0.368291 0.965006 0.616678
57 0.512927 0.470024 0.905717 0.396909
60 0.542962 0.450408 0.839407 0.433424
2 0.512927 0.470024 0.905717 0.396909
56 0.480162 0.375679 0.915078 0.592391
70 0.469631 0.376953 0.908057 0.596637
10 0.505516 0.470448 0.954864 0.412364
22 0.505516 0.470448 0.954864 0.412364
33 0.451688 0.368886 0.881533 0.626359
67 0.489524 0.380095 0.958765 0.606658
62 0.489134 0.371264 0.959545 0.621603
2 0.489134 0.371264 0.959545 0.621603
44 0.451688 0.368886 0.881533 0.626359
65 0.489134 0.371264 0.959545 0.621603
35 0.489134 0.371264 0.959545 0.621603
36 0.489134 0.371264 0.959545 0.621603
6 0.489524 0.380095 0.958765 0.606658
66 0.489134 0.371264 0.959545 0.621603
20 0.489134 0.371264 0.959545 0.621603
29 0.489524 0.380095 0.958765 0.606658
8 0.489134 0.371264 0.959545 0.621603
54 0.489524 0.380095 0.958765 0.606658
30 0.489134 0.371264 0.959545 0.621603
69 0.451688 0.368886 0.881533 0.626359
57 0.489134 0.371264 0.959545 0.621603
60 0.489134 0.371264 0.959545 0.621603
39 0.485233 0.379671 0.954864 0.610224
45 0.485233 0.379671 0.954864 0.610224
40 0.489134 0.371264 0.959545 0.621603
32 0.451688 0.368886 0.881533 0.626359
10 0.416583 0.375679 0.812883 0.612772
4 0.489134 0.371264 0.959545 0.621603
61 0.460269 0.382133 0.894015 0.602582
23 0.460269 0.382133 0.894015 0.602582
41 0.489134 0.371264 0.959545 0.621603
58 0.46261 0.383237 0.904937 0.601732
5 0.460269 0.382133 0.894015 0.602582
0 0.489524 0.380095 0.958765 0.606658
22 0.485233 0.379671 0.954864 0.610224
7 0.451688 0.368886 0.881533 0.626359
1 0.444277 0.382133 0.868271 0.602582
56 0.451688 0.368886 0.881533 0.626359
28 0.46261 0.383237 0.904937 0.601732
72 0.489134 0.371264 0.959545 0.621603
67 0.346372 0.381454 0.669341 0.595788
31 0.489524 0.380095 0.958765 0.606658
3 0.372701 0.382812 0.723559 0.598505
21 0.485233 0.379671 0.954864 0.610224
62 0.346372 0.381454 0.669341 0.595788
33 0.568608 0.407524 0.788114 0.553159
34 0.368216 0.379755 0.710687 0.603261
26 0.489524 0.380095 0.958765 0.606658
65 0.356904 0.384426 0.688064 0.600713
33 0.472751 0.381114 0.912738 0.591033
67 0.484063 0.378057 0.961885 0.597147
36 0.472751 0.381114 0.912738 0.591033
2 0.486013 0.38052 0.964226 0.59358
57 0.46534 0.382388 0.876072 0.591202
35 0.486013 0.38052 0.964226 0.59358
44 0.46534 0.382388 0.876072 0.591202
8 0.46534 0.382388 0.876072 0.591202
6 0.484063 0.378057 0.961885 0.597147
66 0.472751 0.381114 0.912738 0.591033
29 0.484063 0.378057 0.961885 0.597147
62 0.486013 0.38052 0.964226 0.59358
30 0.471191 0.377632 0.92522 0.595279
65 0.486013 0.38052 0.964226 0.59358
45 0.485233 0.382133 0.956424 0.593071
20 0.471191 0.377632 0.92522 0.595279
54 0.484063 0.378057 0.961885 0.597147
61 0.46534 0.382388 0.876072 0.591202
69 0.472751 0.381114 0.912738 0.591033
60 0.486013 0.38052 0.964226 0.59358
39 0.46534 0.382388 0.876072 0.591202
34 0.374554 0.382133 0.720634 0.584918
33 0.514878 0.45856 0.898696 0.422554
23 0.46534 0.382388 0.876072 0.591202
32 0.46534 0.382388 0.876072 0.591202
10 0.429065 0.383067 0.805082 0.587126
7 0.472751 0.381114 0.912738 0.591033
31 0.484063 0.378057 0.961885 0.597147
0 0.486013 0.38052 0.964226 0.59358
22 0.486013 0.38052 0.964226 0.59358
36 0.514878 0.45856 0.898696 0.422554
58 0.429065 0.383067 0.805082 0.587126
57 0.522679 0.482677 0.881533 0.372962
1 0.438426 0.377717 0.850328 0.589674
61 0.506296 0.462296 0.937702 0.419158
44 0.506296 0.462296 0.937702 0.419158
57 0.315558 0.381454 0.591329 0.590353
35 0.514878 0.45856 0.898696 0.422554
21 0.485233 0.382133 0.956424 0.593071
2 0.514878 0.45856 0.898696 0.422554
56 0.472751 0.381114 0.912738 0.591033
2 0.315558 0.381454 0.591329 0.590353
40 0.485233 0.382133 0.956424 0.593071
67 0.506296 0.462296 0.937702 0.419158
33 0.315558 0.381454 0.591329 0.590353
4 0.486013 0.38052 0.964226 0.59358
72 0.471191 0.377632 0.92522 0.595279
8 0.522679 0.482677 0.881533 0.372962
3 0.438426 0.377717 0.850328 0.589674
28 0.429065 0.383067 0.805082 0.587126
14 0.391522 0.383067 0.744427 0.585768
5 0.46534 0.382388 0.876072 0.591202
32 0.522679 0.482677 0.881533 0.372962
51 0.374554 0.382133 0.720634 0.584918
60 0.506296 0.462296 0.937702 0.419158
41 0.484063 0.378057 0.961885 0.597147
0 0.514878 0.45856 0.898696 0.422554
33 0.630335 0.49966 0.658419 0.356658
71 0.391522 0.383067 0.744427 0.585768
66 0.507077 0.453125 0.914298 0.430707
67 0.630335 0.49966 0.658419 0.356658
54 0.507077 0.453125 0.914298 0.430707
30 0.514878 0.45856 0.898696 0.422554
57 0.630335 0.49966 0.658419 0.356658
33 0.487184 0.387568 0.966566 0.594429
33 0.33155 0.381114 0.617073 0.57337
2 0.487184 0.387568 0.966566 0.594429
35 0.499275 0.388587 0.975147 0.603261
57 0.496545 0.388247 0.944723 0.591712
36 0.487184 0.387568 0.966566 0.594429
66 0.496545 0.388247 0.944723 0.591712
62 0.487184 0.387568 0.966566 0.594429
8 0.500836 0.38519 0.942382 0.591033
44 0.488354 0.385785 0.964226 0.595279
67 0.487184 0.387568 0.966566 0.594429
2 0.326089 0.391984 0.607712 0.585598
33 0.516438 0.484715 0.894015 0.375679
54 0.481723 0.381029 0.958765 0.585768
57 0.33155 0.381114 0.617073 0.57337
65 0.487184 0.387568 0.966566 0.594429
45 0.488354 0.385785 0.964226 0.595279
60 0.487184 0.387568 0.966566 0.594429
69 0.487184 0.387568 0.966566 0.594429
7 0.487184 0.387568 0.966566 0.594429
35 0.33155 0.381114 0.617073 0.57337
6 0.498495 0.386549 0.975147 0.596467
36 0.33155 0.381114 0.617073 0.57337
39 0.488354 0.385785 0.964226 0.595279
66 0.33155 0.381114 0.617073 0.57337
61 0.488354 0.385785 0.964226 0.595279
20 0.487184 0.387568 0.966566 0.594429
30 0.481723 0.381029 0.958765 0.585768
54 0.33155 0.381114 0.617073 0.57337
33 0.704446 0.496943 0.513317 0.366168
31 0.498495 0.386549 0.975147 0.596467
29 0.487184 0.387568 0.966566 0.594429
34 0.436476 0.389606 0.816783 0.587636
22 0.487184 0.387568 0.966566 0.594429
10 0.500836 0.38519 0.942382 0.591033
57 0.516438 0.484715 0.894015 0.375679
36 0.516438 0.484715 0.894015 0.375679
8 0.33155 0.381114 0.617073 0.57337
0 0.507077 0.389606 0.962665 0.598505
67 0.33155 0.381114 0.617073 0.57337
35 0.592889 0.47962 0.739552 0.380435
33 0.628677 0.460258 0.671096 0.411005
2 0.592889 0.47962 0.739552 0.380435
14 0.468851 0.385954 0.872172 0.586787
65 0.33155 0.381114 0.617073 0.57337
56 0.487184 0.387568 0.966566 0.594429
62 0.33155 0.381114 0.617073 0.57337
58 0.477042 0.381114 0.911958 0.577446
33 0.217312 0.396399 0.393862 0.595788
2 0.217312 0.396399 0.393862 0.595788
8 0.516438 0.484715 0.894015 0.375679
31 0.33155 0.381114 0.617073 0.57337
23 0.500836 0.38519 0.942382 0.591033
66 0.506296 0.476902 0.914298 0.388587
34 0.258999 0.38519 0.478992 0.581522
7 0.33155 0.381114 0.617073 0.57337
44 0.516438 0.484715 0.894015 0.375679
40 0.507077 0.389606 0.962665 0.598505
57 0.217312 0.396399 0.393862 0.595788
54 0.506296 0.476902 0.914298 0.388587
36 0.704446 0.496943 0.513317 0.366168
58 0.326089 0.391984 0.607712 0.585598
21 0.499665 0.388247 0.969686 0.598505
61 0.516438 0.484715 0.894015 0.375679
34 0.513318 0.438859 0.901816 0.464674
71 0.411122 0.388587 0.766076 0.589674
32 0.488354 0.385785 0.964226 0.595279
60 0.33155 0.381114 0.617073 0.57337
33 0.499665 0.383492 0.944723 0.617527
36 0.499665 0.383492 0.944723 0.617527
2 0.499665 0.383492 0.944723 0.617527
35 0.496155 0.384511 0.951744 0.618207
34 0.496935 0.381029 0.950184 0.623811
57 0.499665 0.383492 0.944723 0.617527
33 0.349493 0.384171 0.681823 0.601223
66 0.500055 0.39071 0.945503 0.60445
62 0.499665 0.383492 0.944723 0.617527
8 0.499665 0.383492 0.944723 0.617527
67 0.499665 0.383492 0.944723 0.617527
60 0.499665 0.383492 0.944723 0.617527
31 0.496155 0.384511 0.951744 0.618207
33 0.554664 0.41644 0.816003 0.497283
7 0.496155 0.384511 0.951744 0.618207
65 0.496935 0.381029 0.950184 0.623811
14 0.498495 0.377038 0.957985 0.605978
44 0.502396 0.387823 0.948623 0.608865
2 0.349493 0.384171 0.681823 0.601223
61 0.498495 0.380774 0.951744 0.616168
6 0.500055 0.39071 0.945503 0.60445
39 0.500836 0.39054 0.957985 0.589844
54 0.496155 0.384511 0.951744 0.618207
57 0.349493 0.384171 0.681823 0.601223
34 0.349493 0.384171 0.681823 0.601223
69 0.499665 0.383492 0.944723 0.617527
0 0.499665 0.383492 0.944723 0.617527
58 0.496155 0.384511 0.951744 0.618207
45 0.502396 0.387823 0.948623 0.608865
36 0.349493 0.384171 0.681823 0.601223
23 0.498495 0.380774 0.951744 0.616168
33 0.246127 0.389946 0.453248 0.597826
22 0.499665 0.383492 0.944723 0.617527
33 0.684943 0.401155 0.558564 0.52106
36 0.551153 0.469429 0.821464 0.400815
33 0.681433 0.488111 0.559344 0.377038
35 0.349493 0.384171 0.681823 0.601223
30 0.500055 0.39071 0.945503 0.60445
35 0.554664 0.41644 0.816003 0.497283
66 0.349493 0.384171 0.681823 0.601223
29 0.496155 0.384511 0.951744 0.618207
57 0.554664 0.41644 0.816003 0.497283
47 0.498495 0.386634 0.948623 0.599015
21 0.498495 0.380774 0.951744 0.616168
34 0.554664 0.41644 0.816003 0.497283
2 0.554664 0.41644 0.816003 0.497283
68 0.496155 0.384511 0.951744 0.618207
33 0.497715 0.390965 0.957985 0.587636
36 0.497715 0.390965 0.957985 0.587636
35 0.497715 0.382812 0.962665 0.57269
2 0.490304 0.387568 0.954084 0.580842
34 0.490304 0.387568 0.954084 0.580842
57 0.497715 0.390965 0.957985 0.587636
60 0.497715 0.390965 0.957985 0.587636
66 0.497715 0.382812 0.962665 0.57269
67 0.497715 0.390965 0.957985 0.587636
58 0.497715 0.382812 0.962665 0.57269
31 0.497715 0.382812 0.962665 0.57269
6 0.497715 0.382812 0.962665 0.57269
7 0.497715 0.382812 0.962665 0.57269
8 0.497715 0.390965 0.957985 0.587636
61 0.498105 0.391644 0.957204 0.588995
54 0.497715 0.382812 0.962665 0.57269
33 0.376699 0.373981 0.716343 0.542799
65 0.486794 0.381878 0.957985 0.569124
62 0.490304 0.387568 0.954084 0.580842
0 0.497715 0.390965 0.957985 0.587636
44 0.490694 0.386889 0.947063 0.582201
39 0.498105 0.391644 0.957204 0.588995
69 0.497715 0.382812 0.962665 0.57269
33 0.542962 0.476902 0.840967 0.373641
14 0.490694 0.386889 0.947063 0.582201
33 0.269726 0.389266 0.505126 0.585598
36 0.542962 0.476902 0.840967 0.373641
57 0.376699 0.373981 0.716343 0.542799
22 0.497715 0.390965 0.957985 0.587636
45 0.490304 0.387568 0.954084 0.580842
23 0.490694 0.386889 0.947063 0.582201
29 0.497715 0.382812 0.962665 0.57269
30 0.497715 0.382812 0.962665 0.57269
68 0.497715 0.382812 0.962665 0.57269
33 0.502786 0.381454 0.950964 0.602582
36 0.502786 0.381454 0.950964 0.602582
35 0.502786 0.381454 0.950964 0.602582
34 0.502786 0.381454 0.950964 0.602582
60 0.502786 0.381454 0.950964 0.602582
67 0.502786 0.381454 0.950964 0.602582
2 0.504346 0.379416 0.930681 0.597147
61 0.503176 0.387313 0.947063 0.592221
57 0.502786 0.381454 0.950964 0.602582
7 0.501616 0.381793 0.931461 0.586957
8 0.503956 0.386889 0.951744 0.594429
66 0.503956 0.386889 0.951744 0.594429
31 0.503956 0.386889 0.951744 0.594429
6 0.503956 0.386889 0.951744 0.594429
65 0.503956 0.386889 0.951744 0.594429
62 0.499665 0.38519 0.950964 0.597826
33 0.342667 0.380095 0.648668 0.575408
58 0.503176 0.387313 0.947063 0.592221
54 0.503956 0.386889 0.951744 0.594429
29 0.503956 0.386889 0.951744 0.594429
39 0.503176 0.387313 0.947063 0.592221
33 0.551153 0.444293 0.815223 0.442935
33 0.498885 0.381454 0.940042 0.567255
34 0.498495 0.384171 0.942382 0.576766
36 0.498495 0.384171 0.942382 0.576766
35 0.498885 0.381454 0.940042 0.567255
61 0.498885 0.386889 0.941602 0.574049
8 0.498885 0.381454 0.940042 0.567255
57 0.498495 0.384171 0.942382 0.576766
67 0.498495 0.384171 0.942382 0.576766
7 0.495765 0.379755 0.946283 0.577446
34 0.525019 0.472147 0.875292 0.376359
60 0.498495 0.384171 0.942382 0.576766
31 0.498885 0.381454 0.940042 0.567255
2 0.495765 0.379755 0.946283 0.577446
66 0.498885 0.381454 0.940042 0.567255
33 0.525019 0.472147 0.875292 0.376359
68 0.498885 0.381454 0.940042 0.567255
58 0.498885 0.386889 0.941602 0.574049
33 0.411025 0.348505 0.721024 0.506793
45 0.495765 0.379755 0.946283 0.577446
65 0.495765 0.379755 0.946283 0.577446
29 0.498885 0.381454 0.940042 0.567255
36 0.525019 0.472147 0.875292 0.376359
61 0.504346 0.473505 0.932241 0.36413
62 0.498105 0.389946 0.946283 0.563859
21 0.498495 0.384171 0.942382 0.576766
39 0.498885 0.386889 0.941602 0.574049
34 0.426627 0.335513 0.781873 0.511039
28 0.499275 0.389351 0.945503 0.563689
57 0.525019 0.472147 0.875292 0.376359
23 0.498885 0.386889 0.941602 0.574049
14 0.499275 0.384511 0.945503 0.581522
33 0.498105 0.387568 0.954084 0.601223
36 0.505906 0.389946 0.936921 0.586957
34 0.498105 0.387568 0.954084 0.601223
61 0.497325 0.383832 0.952524 0.599185
35 0.498105 0.387568 0.954084 0.601223
67 0.498105 0.387568 0.954084 0.601223
60 0.505906 0.389946 0.936921 0.586957
8 0.505906 0.389946 0.936921 0.586957
58 0.497325 0.383832 0.952524 0.599185
2 0.498105 0.387568 0.954084 0.601223
57 0.498105 0.387568 0.954084 0.601223
33 0.682603 0.400051 0.558564 0.545007
62 0.506687 0.391984 0.936921 0.592391
65 0.490694 0.384851 0.957985 0.586277
33 0.324919 0.390965 0.610832 0.594429
66 0.505126 0.394701 0.936921 0.580163
28 0.497325 0.383832 0.952524 0.599185
14 0.500055 0.383747 0.940822 0.59392
54 0.506687 0.391984 0.936921 0.592391
36 0.682603 0.400051 0.558564 0.545007
39 0.497325 0.383832 0.952524 0.599185
7 0.490694 0.384851 0.957985 0.586277
31 0.497325 0.38587 0.955644 0.586957
23 0.497325 0.383832 0.952524 0.599185
33 0.489134 0.38587 0.965786 0.586957
36 0.494595 0.386889 0.967346 0.586277
35 0.489134 0.38587 0.965786 0.586957
34 0.489134 0.38587 0.965786 0.586957
8 0.489134 0.38587 0.965786 0.586957
67 0.489134 0.38587 0.965786 0.586957
61 0.494205 0.386464 0.965006 0.587126
2 0.489134 0.38587 0.965786 0.586957
60 0.494595 0.386889 0.967346 0.586277
66 0.489524 0.38587 0.965006 0.588315
33 0.409172 0.341033 0.790259 0.501359
31 0.485233 0.384171 0.956424 0.579484
58 0.494595 0.386889 0.967346 0.586277
57 0.486793 0.384171 0.961105 0.582201
68 0.486793 0.384171 0.961105 0.582201
7 0.486793 0.384171 0.961105 0.582201
6 0.485233 0.384171 0.956424 0.579484
65 0.485233 0.384171 0.956424 0.579484
39 0.494205 0.386464 0.965006 0.587126
45 0.485233 0.384171 0.956424 0.579484
33 0.495765 0.382812 0.952524 0.60394
36 0.499275 0.386209 0.954864 0.598505
35 0.495765 0.382812 0.952524 0.60394
34 0.495765 0.382812 0.952524 0.60394
2 0.495375 0.381793 0.951744 0.603261
8 0.495765 0.382812 0.952524 0.60394
60 0.499275 0.386209 0.954864 0.598505
67 0.499275 0.386209 0.954864 0.598505
31 0.491864 0.382812 0.949403 0.595788
57 0.495375 0.384171 0.953304 0.599864
7 0.495375 0.384171 0.953304 0.599864
61 0.498885 0.385954 0.952524 0.605808
66 0.487964 0.382473 0.952524 0.603261
33 0.310292 0.38519 0.599521 0.599185
68 0.495375 0.384171 0.953304 0.599864
6 0.499275 0.388927 0.954864 0.597147
58 0.498885 0.385954 0.952524 0.605808
65 0.495375 0.384171 0.953304 0.599864
39 0.498885 0.385954 0.952524 0.605808
54 0.495375 0.384171 0.953304 0.599864
28 0.498885 0.385954 0.952524 0.605808
29 0.495375 0.384171 0.953304 0.599864
45 0.491864 0.382812 0.949403 0.595788
33 0.492644 0.386549 0.952524 0.586957
35 0.492644 0.386549 0.952524 0.586957
36 0.491864 0.387313 0.950964 0.586787
34 0.492644 0.386549 0.952524 0.586957
67 0.493034 0.38587 0.957985 0.586957
60 0.492644 0.386549 0.952524 0.586957
2 0.493034 0.38587 0.957985 0.586957
6 0.492644 0.386549 0.952524 0.586957
31 0.488354 0.387568 0.954864 0.588995
66 0.495375 0.38587 0.964226 0.585598
8 0.492644 0.386549 0.952524 0.586957
57 0.491474 0.388587 0.950183 0.589674
65 0.491474 0.388587 0.950183 0.589674
68 0.488354 0.387568 0.954864 0.588995
7 0.488354 0.387568 0.954864 0.588995
29 0.488354 0.387568 0.954864 0.588995
58 0.492644 0.386549 0.952524 0.586957
39 0.491864 0.387313 0.950964 0.586787
69 0.495375 0.38587 0.964226 0.585598
33 0.348713 0.387313 0.668561 0.584069
45 0.488354 0.387568 0.954864 0.588995
30 0.493034 0.38587 0.957985 0.586957
0 0.492644 0.386549 0.952524 0.586957
54 0.491474 0.388587 0.950183 0.589674
33 0.492254 0.382473 0.964226 0.581522
33 0.36256 0.380774 0.674412 0.57269
35 0.492254 0.382473 0.964226 0.581522
34 0.492254 0.382473 0.964226 0.581522
36 0.497715 0.389351 0.953304 0.579993
8 0.492254 0.382473 0.964226 0.581522
66 0.449738 0.379416 0.872952 0.580842
2 0.484453 0.381793 0.953304 0.576087
67 0.492254 0.382473 0.964226 0.581522
31 0.484453 0.381793 0.953304 0.576087
60 0.496155 0.387143 0.954864 0.578974
68 0.491084 0.381793 0.963445 0.577446
6 0.496155 0.387143 0.954864 0.578974
57 0.491084 0.381793 0.963445 0.577446
33 0.615123 0.397079 0.695085 0.553668
36 0.36256 0.380774 0.674412 0.57269
45 0.413072 0.380095 0.802741 0.571332
58 0.491084 0.381793 0.963445 0.577446
61 0.497715 0.389351 0.953304 0.579993
29 0.491084 0.381793 0.963445 0.577446
7 0.492254 0.382473 0.964226 0.581522
8 0.36256 0.380774 0.674412 0.57269
34 0.615123 0.397079 0.695085 0.553668
