57 0.575675 0.47235 0.842032 0.419355
4 0.580752 0.471486 0.831878 0.421083
22 0.5085 0.474366 0.970134 0.446429
72 0.5085 0.474366 0.970134 0.446429
22 0.44523 0.537442 0.877963 0.335253
2 0.5085 0.474366 0.970134 0.446429
62 0.476865 0.53485 0.950606 0.333525
4 0.476865 0.53485 0.950606 0.333525
60 0.476865 0.53485 0.950606 0.333525
49 0.440934 0.519009 0.869371 0.374424
2 0.476865 0.53485 0.950606 0.333525
8 0.538182 0.478111 0.915456 0.440092
22 0.272801 0.542771 0.53701 0.326901
72 0.440934 0.519009 0.869371 0.374424
10 0.472179 0.474942 0.942795 0.454493
62 0.493268 0.466086 0.956855 0.458381
67 0.45929 0.471198 0.909207 0.473502
57 0.440934 0.519009 0.869371 0.374424
60 0.5085 0.474366 0.970134 0.446429
45 0.538182 0.478111 0.915456 0.440092
49 0.26499 0.506624 0.520607 0.407258
57 0.272801 0.542771 0.53701 0.326901
66 0.488972 0.515553 0.965447 0.369816
71 0.575675 0.47235 0.842032 0.419355
49 0.382351 0.472278 0.755329 0.481711
34 0.504204 0.475806 0.963104 0.440092
46 0.683565 0.461982 0.626252 0.403226
41 0.26499 0.506624 0.520607 0.407258
49 0.538182 0.478111 0.915456 0.440092
4 0.272801 0.542771 0.53701 0.326901
31 0.491316 0.498848 0.965447 0.396313
60 0.272801 0.542771 0.53701 0.326901
35 0.471788 0.529954 0.940452 0.339862
17 0.440934 0.519009 0.869371 0.374424
72 0.26499 0.506624 0.520607 0.407258
3 0.503813 0.474654 0.97482 0.4447
32 0.472179 0.474942 0.942795 0.454493
7 0.44523 0.537442 0.877963 0.335253
46 0.510453 0.477823 0.972477 0.448733
7 0.575675 0.47235 0.842032 0.419355
49 0.671361 0.464862 0.650661 0.400922
41 0.476865 0.53485 0.950606 0.333525
70 0.440934 0.519009 0.869371 0.374424
20 0.510453 0.477823 0.972477 0.448733
41 0.538182 0.478111 0.915456 0.440092
67 0.585439 0.46803 0.824067 0.418779
44 0.472179 0.474942 0.942795 0.454493
65 0.504985 0.478399 0.964666 0.434908
50 0.538182 0.478111 0.915456 0.440092
69 0.545212 0.472926 0.902959 0.43318
46 0.455775 0.541331 0.908426 0.315956
3 0.44523 0.537442 0.877963 0.335253
5 0.513187 0.477247 0.957636 0.44182
39 0.501079 0.478111 0.974039 0.447005
15 0.472179 0.474942 0.942795 0.454493
35 0.493268 0.466086 0.956855 0.458381
66 0.26499 0.506624 0.520607 0.407258
52 0.504204 0.475806 0.963104 0.440092
14 0.5085 0.474366 0.970134 0.446429
4 0.45929 0.471198 0.909207 0.473502
67 0.476865 0.53485 0.950606 0.333525
70 0.382351 0.472278 0.755329 0.481711
40 0.580752 0.471486 0.831878 0.421083
39 0.455775 0.541331 0.908426 0.315956
1 0.440934 0.519009 0.869371 0.374424
5 0.455775 0.541331 0.908426 0.315956
70 0.26499 0.506624 0.520607 0.407258
37 0.440934 0.519009 0.869371 0.374424
62 0.683565 0.461982 0.626252 0.403226
38 0.501079 0.478111 0.974039 0.447005
58 0.502642 0.473502 0.959979 0.4447
22 0.683565 0.461982 0.626252 0.403226
1 0.538182 0.478111 0.915456 0.440092
10 0.26499 0.506624 0.520607 0.407258
64 0.502251 0.479263 0.957636 0.434332
28 0.502251 0.479263 0.957636 0.434332
57 0.745175 0.460541 0.504595 0.40265
4 0.745175 0.460541 0.504595 0.40265
20 0.476865 0.53485 0.950606 0.333525
36 0.538182 0.478111 0.915456 0.440092
33 0.44523 0.537442 0.877963 0.335253
2 0.497955 0.47235 0.963104 0.447005
4 0.505468 0.466014 0.989065 0.457373
3 0.464758 0.470046 0.912332 0.445853
10 0.504594 0.482431 0.962323 0.431452
58 0.464758 0.470046 0.912332 0.445853
57 0.497955 0.47235 0.963104 0.447005
7 0.505468 0.466014 0.989065 0.457373
52 0.504594 0.479551 0.962323 0.432604
69 0.503423 0.478687 0.961541 0.434332
49 0.490535 0.466878 0.971696 0.453341
22 0.497565 0.476959 0.976382 0.436636
60 0.497565 0.476959 0.976382 0.436636
67 0.504296 0.460757 0.991408 0.463278
59 0.497565 0.46947 0.970134 0.450461
44 0.505468 0.466014 0.989065 0.457373
34 0.503423 0.478687 0.961541 0.434332
62 0.497955 0.47235 0.963104 0.447005
37 0.505468 0.466014 0.989065 0.457373
72 0.504594 0.479551 0.962323 0.432604
39 0.505376 0.472926 0.954512 0.43894
65 0.497955 0.47235 0.963104 0.447005
68 0.503423 0.483871 0.964666 0.430876
35 0.503423 0.478687 0.961541 0.434332
31 0.497955 0.47235 0.963104 0.447005
41 0.503423 0.478687 0.961541 0.434332
8 0.504296 0.460757 0.991408 0.463278
45 0.499908 0.471774 0.962323 0.43894
15 0.464758 0.470046 0.912332 0.445853
58 0.350326 0.487615 0.684249 0.391129
4 0.869463 0.494816 0.261074 0.237327
66 0.503423 0.478687 0.961541 0.434332
1 0.462415 0.443548 0.909207 0.497696
20 0.497565 0.46947 0.970134 0.450461
32 0.464758 0.470046 0.912332 0.445853
71 0.497955 0.474078 0.970915 0.437788
36 0.504296 0.460757 0.991408 0.463278
56 0.506157 0.479839 0.97482 0.43318
64 0.497565 0.46947 0.970134 0.450461
10 0.396802 0.435772 0.781106 0.506336
57 0.350326 0.487615 0.684249 0.391129
29 0.497565 0.46947 0.970134 0.450461
46 0.503813 0.46947 0.987318 0.443548
4 0.129566 0.504032 0.25093 0.225806
30 0.497565 0.46947 0.970134 0.450461
23 0.497955 0.474078 0.970915 0.437788
4 0.493659 0.460253 0.968571 0.475806
2 0.493659 0.460253 0.968571 0.475806
22 0.497174 0.442684 0.964666 0.510945
3 0.497174 0.442684 0.964666 0.510945
7 0.497174 0.442684 0.964666 0.510945
58 0.496002 0.448661 0.976382 0.49208
39 0.497565 0.46191 0.959198 0.469038
52 0.497174 0.442684 0.964666 0.510945
69 0.497174 0.442684 0.964666 0.510945
57 0.497565 0.44002 0.957636 0.511665
10 0.496783 0.448733 0.963885 0.503456
34 0.491316 0.439588 0.963885 0.513681
44 0.493659 0.460253 0.968571 0.475806
66 0.493659 0.460253 0.968571 0.475806
60 0.493659 0.460253 0.968571 0.475806
68 0.491706 0.444989 0.963104 0.505184
8 0.497565 0.46191 0.959198 0.469038
62 0.493659 0.460253 0.968571 0.475806
5 0.497565 0.44002 0.957636 0.511665
45 0.497565 0.46191 0.959198 0.469038
1 0.491316 0.441892 0.971696 0.510225
23 0.493659 0.440596 0.962323 0.509361
65 0.497174 0.442684 0.964666 0.510945
32 0.497565 0.44002 0.957636 0.511665
35 0.493659 0.460253 0.968571 0.475806
59 0.496783 0.448733 0.963885 0.503456
6 0.492097 0.459173 0.97482 0.481423
56 0.497565 0.44002 0.957636 0.511665
29 0.491706 0.444989 0.963104 0.505184
49 0.491316 0.439588 0.963885 0.513681
28 0.497565 0.44002 0.957636 0.511665
33 0.497565 0.46191 0.959198 0.469038
15 0.493659 0.460253 0.968571 0.475806
72 0.497174 0.442684 0.964666 0.510945
67 0.492097 0.459173 0.97482 0.481423
21 0.497565 0.44002 0.957636 0.511665
46 0.497565 0.46191 0.959198 0.469038
58 0.254641 0.47091 0.491316 0.432604
41 0.497174 0.442684 0.964666 0.510945
0 0.496002 0.470046 0.979507 0.453917
54 0.492097 0.459173 0.97482 0.481423
31 0.491706 0.444989 0.963104 0.505184
36 0.497565 0.46191 0.959198 0.469038
20 0.497565 0.44002 0.957636 0.511665
58 0.355013 0.456221 0.694403 0.479263
4 0.712369 0.468606 0.570207 0.416475
2 0.712369 0.468606 0.570207 0.416475
61 0.497565 0.44002 0.957636 0.511665
71 0.497565 0.46191 0.959198 0.469038
4 0.503423 0.473502 0.98185 0.445853
57 0.503813 0.47523 0.971696 0.443548
2 0.503423 0.473502 0.98185 0.445853
7 0.506938 0.476959 0.973258 0.441244
3 0.491706 0.476959 0.966228 0.435484
66 0.503423 0.473502 0.98185 0.445853
39 0.503813 0.474366 0.973258 0.444124
69 0.503423 0.473502 0.98185 0.445853
34 0.491706 0.476959 0.966228 0.435484
52 0.506938 0.476959 0.973258 0.441244
68 0.507328 0.478399 0.972477 0.438364
45 0.503813 0.474366 0.973258 0.444124
10 0.507328 0.478399 0.972477 0.438364
22 0.506938 0.476959 0.973258 0.441244
44 0.503813 0.47523 0.971696 0.443548
8 0.503813 0.474366 0.973258 0.444124
60 0.503423 0.473502 0.98185 0.445853
23 0.49405 0.478687 0.966228 0.434332
5 0.503813 0.47523 0.971696 0.443548
6 0.503032 0.476382 0.981069 0.440092
32 0.503813 0.47523 0.971696 0.443548
35 0.503423 0.473502 0.98185 0.445853
58 0.491706 0.476959 0.966228 0.435484
28 0.503813 0.47523 0.971696 0.443548
65 0.503423 0.473502 0.98185 0.445853
62 0.503423 0.473502 0.98185 0.445853
67 0.503032 0.476382 0.981069 0.440092
54 0.503423 0.473502 0.98185 0.445853
1 0.491706 0.476959 0.966228 0.435484
56 0.503813 0.474366 0.973258 0.444124
20 0.503813 0.474366 0.973258 0.444124
59 0.507328 0.478399 0.972477 0.438364
29 0.503423 0.473502 0.98185 0.445853
0 0.500689 0.471198 0.984194 0.447005
21 0.503813 0.474366 0.973258 0.444124
31 0.503032 0.476382 0.981069 0.440092
33 0.503813 0.474366 0.973258 0.444124
30 0.503032 0.476382 0.981069 0.440092
36 0.503032 0.476382 0.981069 0.440092
61 0.503813 0.47523 0.971696 0.443548
72 0.506938 0.476959 0.973258 0.441244
41 0.503423 0.473502 0.98185 0.445853
49 0.491706 0.476959 0.966228 0.435484
4 0.498736 0.497408 0.977164 0.411866
2 0.498346 0.494816 0.977945 0.406682
3 0.492878 0.504032 0.970134 0.395161
52 0.498736 0.497408 0.977164 0.411866
57 0.498346 0.494816 0.977945 0.406682
22 0.498346 0.494816 0.977945 0.406682
7 0.498736 0.497408 0.977164 0.411866
1 0.492878 0.504032 0.970134 0.395161
28 0.49444 0.501728 0.973258 0.390553
10 0.492878 0.504032 0.970134 0.395161
23 0.49444 0.501728 0.973258 0.390553
32 0.49444 0.501728 0.973258 0.390553
58 0.495221 0.507488 0.976382 0.385945
56 0.498346 0.494816 0.977945 0.406682
68 0.492878 0.504032 0.970134 0.395161
5 0.49444 0.501728 0.973258 0.390553
69 0.498346 0.494816 0.977945 0.406682
60 0.498346 0.494816 0.977945 0.406682
34 0.492878 0.504032 0.970134 0.395161
45 0.498346 0.494816 0.977945 0.406682
44 0.498346 0.494816 0.977945 0.406682
39 0.504985 0.487615 0.969353 0.419931
66 0.498346 0.494816 0.977945 0.406682
59 0.497955 0.496544 0.969353 0.420507
0 0.504985 0.485887 0.970915 0.431452
65 0.498736 0.497408 0.977164 0.411866
54 0.498736 0.497408 0.977164 0.411866
62 0.498736 0.497408 0.977164 0.411866
8 0.498346 0.494816 0.977945 0.406682
20 0.498346 0.494816 0.977945 0.406682
29 0.498736 0.497408 0.977164 0.411866
21 0.504985 0.487615 0.969353 0.419931
67 0.492878 0.504032 0.970134 0.395161
31 0.498736 0.497408 0.977164 0.411866
6 0.504985 0.485887 0.970915 0.431452
35 0.498736 0.497408 0.977164 0.411866
49 0.498736 0.497408 0.977164 0.411866
36 0.498736 0.497408 0.977164 0.411866
4 0.506938 0.477535 0.976382 0.445853
3 0.506938 0.477535 0.976382 0.445853
52 0.506938 0.477535 0.976382 0.445853
1 0.502251 0.479263 0.982631 0.428571
2 0.504595 0.476959 0.985756 0.449309
58 0.501861 0.479551 0.986537 0.437212
59 0.506157 0.476382 0.97482 0.43894
68 0.506157 0.476382 0.97482 0.43894
10 0.501861 0.479551 0.986537 0.437212
32 0.506938 0.477535 0.976382 0.445853
5 0.506547 0.47379 0.975601 0.448733
7 0.506938 0.477535 0.976382 0.445853
28 0.506547 0.47379 0.975601 0.448733
23 0.506547 0.47379 0.975601 0.448733
57 0.506938 0.477535 0.976382 0.445853
34 0.506938 0.477535 0.976382 0.445853
69 0.506938 0.477535 0.976382 0.445853
56 0.504595 0.476959 0.985756 0.449309
22 0.506938 0.477535 0.976382 0.445853
0 0.504595 0.476959 0.985756 0.449309
39 0.506547 0.47379 0.975601 0.448733
60 0.506547 0.47379 0.975601 0.448733
8 0.506547 0.47379 0.975601 0.448733
6 0.506157 0.476382 0.97482 0.43894
45 0.506547 0.47379 0.975601 0.448733
67 0.502251 0.479263 0.982631 0.428571
66 0.506938 0.477535 0.976382 0.445853
44 0.506938 0.477535 0.976382 0.445853
31 0.506157 0.476382 0.97482 0.43894
36 0.506157 0.476382 0.97482 0.43894
54 0.506938 0.477535 0.976382 0.445853
20 0.506547 0.47379 0.975601 0.448733
29 0.502251 0.479263 0.982631 0.428571
49 0.504595 0.476959 0.985756 0.449309
4 0.509281 0.486751 0.976382 0.422811
2 0.505376 0.484159 0.982631 0.426843
3 0.509281 0.486751 0.976382 0.422811
5 0.509281 0.482143 0.973258 0.427419
7 0.509281 0.486751 0.976382 0.422811
52 0.509281 0.486751 0.976382 0.422811
57 0.509281 0.486751 0.976382 0.422811
1 0.500689 0.486751 0.985756 0.423963
0 0.505376 0.484159 0.982631 0.426843
22 0.509281 0.482143 0.973258 0.427419
56 0.505376 0.484159 0.982631 0.426843
39 0.509281 0.482143 0.973258 0.427419
28 0.509281 0.482143 0.973258 0.427419
32 0.509281 0.486751 0.976382 0.422811
23 0.509281 0.482143 0.973258 0.427419
45 0.509281 0.482143 0.973258 0.427419
69 0.509281 0.482143 0.973258 0.427419
34 0.509281 0.486751 0.976382 0.422811
66 0.509281 0.482143 0.973258 0.427419
60 0.505376 0.484159 0.982631 0.426843
10 0.500689 0.486751 0.985756 0.423963
68 0.500689 0.486751 0.985756 0.423963
8 0.509281 0.482143 0.973258 0.427419
6 0.5085 0.485023 0.97482 0.429724
44 0.509281 0.482143 0.973258 0.427419
58 0.500689 0.486751 0.985756 0.423963
21 0.505376 0.484159 0.982631 0.426843
59 0.5085 0.485023 0.97482 0.429724
20 0.509281 0.482143 0.973258 0.427419
54 0.509281 0.486751 0.976382 0.422811
35 0.509281 0.486751 0.976382 0.422811
65 0.505376 0.484159 0.982631 0.426843
29 0.509281 0.486751 0.976382 0.422811
36 0.509281 0.486751 0.976382 0.422811
49 0.505376 0.484159 0.982631 0.426843
62 0.500689 0.486751 0.985756 0.423963
33 0.509281 0.482143 0.973258 0.427419
4 0.503423 0.482719 0.964666 0.429724
3 0.503423 0.482719 0.964666 0.429724
2 0.503813 0.481567 0.984194 0.430876
1 0.504595 0.481567 0.963885 0.435484
5 0.504204 0.476959 0.963104 0.43894
57 0.504204 0.476959 0.963104 0.43894
52 0.503423 0.482719 0.964666 0.429724
0 0.503813 0.481567 0.984194 0.430876
7 0.503423 0.482719 0.964666 0.429724
22 0.504204 0.476959 0.963104 0.43894
28 0.504204 0.476959 0.963104 0.43894
39 0.504204 0.476959 0.963104 0.43894
32 0.503423 0.482719 0.964666 0.429724
56 0.503813 0.481567 0.984194 0.430876
45 0.504204 0.476959 0.963104 0.43894
23 0.504204 0.476959 0.963104 0.43894
68 0.504595 0.481567 0.963885 0.435484
10 0.504595 0.481567 0.963885 0.435484
34 0.503423 0.482719 0.964666 0.429724
60 0.504204 0.476959 0.963104 0.43894
44 0.504204 0.476959 0.963104 0.43894
54 0.503423 0.482719 0.964666 0.429724
66 0.504204 0.476959 0.963104 0.43894
59 0.502251 0.483295 0.963885 0.429724
6 0.503423 0.482719 0.964666 0.429724
21 0.504204 0.476959 0.963104 0.43894
8 0.504204 0.476959 0.963104 0.43894
69 0.504204 0.476959 0.963104 0.43894
58 0.504595 0.481567 0.963885 0.435484
29 0.503423 0.482719 0.964666 0.429724
65 0.503813 0.481567 0.984194 0.430876
35 0.503813 0.481567 0.984194 0.430876
36 0.504204 0.476959 0.963104 0.43894
31 0.502251 0.483295 0.963885 0.429724
20 0.504204 0.476959 0.963104 0.43894
2 0.688154 0.478399 0.620198 0.421083
4 0.503813 0.475806 0.977945 0.443548
3 0.503032 0.482143 0.965447 0.435484
5 0.502251 0.476382 0.963885 0.4447
2 0.502251 0.476382 0.963885 0.4447
0 0.503813 0.475806 0.977945 0.443548
57 0.502251 0.476382 0.963885 0.4447
1 0.496393 0.476382 0.96779 0.441244
32 0.504985 0.476959 0.964666 0.442396
28 0.502251 0.476382 0.963885 0.4447
22 0.502251 0.476382 0.963885 0.4447
39 0.502251 0.476382 0.963885 0.4447
56 0.503813 0.475806 0.977945 0.443548
23 0.502251 0.476382 0.963885 0.4447
68 0.496393 0.476382 0.96779 0.441244
10 0.496393 0.476382 0.96779 0.441244
59 0.503032 0.482143 0.965447 0.435484
7 0.503032 0.482143 0.965447 0.435484
52 0.504985 0.476959 0.964666 0.442396
54 0.504985 0.476959 0.964666 0.442396
45 0.502251 0.476382 0.963885 0.4447
58 0.497565 0.482719 0.967009 0.435484
6 0.503032 0.482143 0.965447 0.435484
34 0.503813 0.475806 0.977945 0.443548
44 0.502251 0.476382 0.963885 0.4447
60 0.502251 0.476382 0.963885 0.4447
69 0.504985 0.476959 0.964666 0.442396
66 0.502251 0.476382 0.963885 0.4447
8 0.502251 0.476382 0.963885 0.4447
29 0.490144 0.477247 0.956855 0.437212
21 0.502251 0.476382 0.963885 0.4447
31 0.503032 0.482143 0.965447 0.435484
36 0.503032 0.482143 0.965447 0.435484
67 0.503032 0.482143 0.965447 0.435484
4 0.499908 0.483583 0.973258 0.431452
3 0.501861 0.484159 0.955293 0.425691
2 0.499908 0.483583 0.973258 0.431452
57 0.500298 0.486175 0.958417 0.428571
1 0.492487 0.484159 0.963104 0.423387
32 0.492487 0.484159 0.963104 0.423387
5 0.500689 0.480703 0.956074 0.432604
0 0.499908 0.483583 0.973258 0.431452
28 0.492487 0.484159 0.963104 0.423387
56 0.499908 0.483583 0.973258 0.431452
7 0.492487 0.484159 0.963104 0.423387
45 0.500298 0.486175 0.958417 0.428571
68 0.493268 0.485599 0.959979 0.427419
59 0.493268 0.485599 0.959979 0.427419
54 0.492487 0.484159 0.963104 0.423387
58 0.491316 0.499136 0.970134 0.387673
22 0.500689 0.480703 0.956074 0.432604
34 0.500689 0.480703 0.956074 0.432604
52 0.501861 0.484159 0.955293 0.425691
10 0.493268 0.485599 0.959979 0.427419
39 0.500689 0.480703 0.956074 0.432604
44 0.493268 0.485599 0.959979 0.427419
23 0.490535 0.479551 0.965447 0.432604
66 0.501861 0.484159 0.955293 0.425691
6 0.493268 0.485599 0.959979 0.427419
31 0.493268 0.485599 0.959979 0.427419
69 0.500689 0.480703 0.956074 0.432604
60 0.490535 0.479551 0.965447 0.432604
29 0.501861 0.484159 0.955293 0.425691
8 0.500689 0.480703 0.956074 0.432604
4 0.504594 0.482431 0.984194 0.43606
3 0.507719 0.483007 0.971696 0.433756
57 0.507719 0.483007 0.971696 0.433756
5 0.507719 0.483007 0.971696 0.433756
45 0.507719 0.483007 0.971696 0.433756
1 0.496783 0.482719 0.987318 0.434332
2 0.506157 0.479839 0.970134 0.434332
0 0.504594 0.482431 0.984194 0.43606
28 0.506157 0.479839 0.970134 0.434332
22 0.506157 0.479839 0.970134 0.434332
56 0.506157 0.479839 0.970134 0.434332
32 0.506157 0.479839 0.970134 0.434332
7 0.506157 0.479839 0.970134 0.434332
66 0.507719 0.483007 0.971696 0.433756
68 0.507719 0.483007 0.971696 0.433756
44 0.506157 0.479839 0.970134 0.434332
52 0.507719 0.483007 0.971696 0.433756
34 0.506157 0.479839 0.970134 0.434332
39 0.506157 0.479839 0.970134 0.434332
10 0.496783 0.482719 0.987318 0.434332
54 0.496783 0.482719 0.987318 0.434332
59 0.505376 0.480703 0.971696 0.427995
21 0.507719 0.483007 0.971696 0.433756
6 0.507719 0.483007 0.971696 0.433756
29 0.504594 0.482431 0.984194 0.43606
69 0.506157 0.479839 0.970134 0.434332
4 0.737364 0.480991 0.521779 0.418203
23 0.506157 0.479839 0.970134 0.434332
31 0.507719 0.483007 0.971696 0.433756
35 0.505376 0.480703 0.971696 0.427995
4 0.506157 0.477823 0.981069 0.440668
3 0.508891 0.476959 0.972477 0.440092
57 0.508891 0.47523 0.972477 0.442396
2 0.508891 0.47523 0.972477 0.442396
56 0.508891 0.47523 0.972477 0.442396
22 0.508891 0.47523 0.972477 0.442396
1 0.496783 0.477247 0.987318 0.439516
0 0.506157 0.477823 0.981069 0.440668
45 0.506157 0.477823 0.981069 0.440668
5 0.496783 0.477247 0.987318 0.439516
32 0.496783 0.477247 0.987318 0.439516
28 0.496783 0.477247 0.987318 0.439516
59 0.506547 0.479551 0.972477 0.439516
68 0.506157 0.477823 0.981069 0.440668
7 0.508891 0.47523 0.972477 0.442396
23 0.496783 0.477247 0.987318 0.439516
10 0.496783 0.477247 0.987318 0.439516
52 0.506157 0.477823 0.981069 0.440668
60 0.508891 0.47523 0.972477 0.442396
34 0.508891 0.47523 0.972477 0.442396
21 0.505766 0.480991 0.98185 0.440092
39 0.508891 0.47523 0.972477 0.442396
31 0.495221 0.478975 0.984194 0.438364
44 0.508891 0.47523 0.972477 0.442396
58 0.495221 0.478975 0.984194 0.438364
69 0.508891 0.47523 0.972477 0.442396
29 0.506157 0.477823 0.981069 0.440668
6 0.508891 0.476959 0.972477 0.440092
4 0.506157 0.481855 0.979507 0.44182
3 0.504595 0.480127 0.97482 0.438364
5 0.497565 0.481279 0.985756 0.445276
57 0.504595 0.480127 0.97482 0.438364
1 0.497565 0.481279 0.985756 0.445276
28 0.497565 0.481279 0.985756 0.445276
45 0.504595 0.480127 0.97482 0.438364
68 0.506157 0.482431 0.971696 0.442972
0 0.506157 0.481855 0.979507 0.44182
22 0.504595 0.480127 0.97482 0.438364
56 0.506157 0.476959 0.968571 0.445853
32 0.497565 0.481279 0.985756 0.445276
10 0.497565 0.481279 0.985756 0.445276
59 0.504595 0.480127 0.97482 0.438364
52 0.506157 0.481567 0.981069 0.435484
7 0.506157 0.481567 0.981069 0.435484
21 0.506157 0.481567 0.981069 0.435484
34 0.506157 0.476959 0.977945 0.4447
2 0.506157 0.476959 0.968571 0.445853
31 0.496783 0.479839 0.984194 0.443548
39 0.504595 0.480127 0.97482 0.438364
69 0.506157 0.476959 0.968571 0.445853
44 0.504595 0.480127 0.97482 0.438364
66 0.496783 0.479839 0.984194 0.443548
54 0.497565 0.481279 0.985756 0.445276
29 0.506157 0.481855 0.979507 0.44182
6 0.504595 0.480127 0.97482 0.438364
60 0.506157 0.481567 0.981069 0.435484
4 0.506157 0.482719 0.982631 0.436636
3 0.5085 0.486463 0.973258 0.431452
5 0.499127 0.487039 0.990442 0.433756
57 0.499127 0.487039 0.990442 0.433756
45 0.5085 0.486463 0.973258 0.431452
68 0.506157 0.482719 0.982631 0.436636
28 0.499127 0.487039 0.990442 0.433756
56 0.510062 0.483295 0.970134 0.432028
0 0.506157 0.482719 0.982631 0.436636
44 0.506157 0.480127 0.982631 0.437212
21 0.510062 0.483295 0.970134 0.432028
1 0.499127 0.487039 0.990442 0.433756
22 0.5085 0.486463 0.973258 0.431452
66 0.499127 0.487039 0.990442 0.433756
32 0.499127 0.487039 0.990442 0.433756
7 0.510062 0.483295 0.970134 0.432028
31 0.507719 0.485599 0.981069 0.432028
4 0.66228 0.47379 0.671946 0.416475
29 0.506157 0.482719 0.982631 0.436636
54 0.499127 0.487039 0.990442 0.433756
6 0.499127 0.487039 0.990442 0.433756
59 0.510062 0.486175 0.971696 0.432028
4 0.410081 0.514401 0.81235 0.361751
10 0.499127 0.487039 0.990442 0.433756
69 0.507719 0.485599 0.981069 0.432028
52 0.5085 0.486463 0.973258 0.431452
4 0.508109 0.479263 0.978726 0.441244
57 0.496002 0.477535 0.98888 0.450461
45 0.509281 0.480415 0.970134 0.440092
3 0.5085 0.47523 0.967009 0.4447
28 0.496002 0.477535 0.98888 0.450461
5 0.508109 0.479263 0.978726 0.441244
44 0.495221 0.478399 0.987318 0.447581
56 0.49444 0.472926 0.985756 0.452765
68 0.492878 0.474078 0.984194 0.455069
31 0.495221 0.478399 0.987318 0.447581
0 0.508109 0.479263 0.978726 0.441244
32 0.496002 0.477535 0.98888 0.450461
66 0.495221 0.478399 0.987318 0.447581
1 0.496002 0.477535 0.98888 0.450461
54 0.496002 0.477535 0.98888 0.450461
22 0.509281 0.480415 0.970134 0.440092
10 0.496002 0.477535 0.98888 0.450461
2 0.5085 0.47523 0.967009 0.4447
52 0.508109 0.479263 0.978726 0.441244
34 0.508109 0.479263 0.978726 0.441244
29 0.508109 0.479263 0.978726 0.441244
39 0.495221 0.478399 0.987318 0.447581
7 0.508109 0.479263 0.978726 0.441244
6 0.496002 0.477535 0.98888 0.450461
69 0.49444 0.472926 0.985756 0.452765
60 0.509281 0.481279 0.977945 0.433756
36 0.509281 0.480415 0.970134 0.440092
4 0.504595 0.483295 0.982631 0.434332
57 0.500689 0.485311 0.982631 0.4303
5 0.500689 0.485311 0.982631 0.4303
3 0.509281 0.482719 0.968571 0.434332
45 0.500689 0.485311 0.982631 0.4303
28 0.500689 0.485311 0.982631 0.4303
0 0.504595 0.483295 0.982631 0.434332
1 0.500689 0.485311 0.982631 0.4303
56 0.509281 0.482719 0.968571 0.434332
2 0.509281 0.482719 0.968571 0.434332
32 0.500689 0.485311 0.982631 0.4303
31 0.500298 0.487903 0.980288 0.422811
22 0.500689 0.485311 0.982631 0.4303
4 0.654469 0.478399 0.687569 0.418779
39 0.500298 0.487903 0.980288 0.422811
44 0.500298 0.487903 0.980288 0.422811
21 0.504595 0.483295 0.982631 0.434332
66 0.500298 0.487903 0.980288 0.422811
68 0.500689 0.485311 0.982631 0.4303
7 0.509281 0.482719 0.968571 0.434332
52 0.517873 0.483295 0.952949 0.430876
34 0.509281 0.482719 0.968571 0.434332
10 0.500689 0.485311 0.982631 0.4303
29 0.504595 0.483295 0.982631 0.434332
35 0.505376 0.481279 0.979507 0.437212
60 0.504595 0.486175 0.981069 0.427419
4 0.508891 0.482719 0.978726 0.435484
3 0.508891 0.480703 0.974039 0.438364
5 0.507328 0.480991 0.974039 0.437788
0 0.499127 0.479263 0.985756 0.442396
57 0.498736 0.478975 0.984975 0.44182
1 0.499127 0.479263 0.985756 0.442396
56 0.499127 0.479263 0.985756 0.442396
28 0.499127 0.479263 0.985756 0.442396
45 0.507328 0.480991 0.974039 0.437788
68 0.508891 0.480703 0.974039 0.438364
10 0.499127 0.479263 0.985756 0.442396
32 0.499127 0.479263 0.985756 0.442396
31 0.498736 0.478975 0.984975 0.44182
2 0.498736 0.478975 0.984975 0.44182
52 0.508891 0.482719 0.978726 0.435484
22 0.507328 0.480991 0.974039 0.437788
44 0.498736 0.478975 0.984975 0.44182
54 0.499127 0.479263 0.985756 0.442396
39 0.498736 0.478975 0.984975 0.44182
69 0.498736 0.478975 0.984975 0.44182
66 0.507328 0.480991 0.974039 0.437788
34 0.507719 0.478687 0.973258 0.43894
6 0.499127 0.479263 0.985756 0.442396
4 0.509281 0.47523 0.977945 0.452765
5 0.499908 0.47091 0.993567 0.46371
3 0.510453 0.47523 0.975601 0.449309
57 0.499908 0.47091 0.993567 0.46371
45 0.510453 0.479263 0.975601 0.441244
28 0.499908 0.47091 0.993567 0.46371
1 0.499908 0.47091 0.993567 0.46371
56 0.510453 0.47523 0.975601 0.449309
0 0.499908 0.47091 0.993567 0.46371
66 0.510453 0.479263 0.975601 0.441244
68 0.499908 0.47091 0.993567 0.46371
44 0.510453 0.479263 0.975601 0.441244
22 0.510453 0.479263 0.975601 0.441244
31 0.5085 0.481567 0.979507 0.435484
32 0.499908 0.47091 0.993567 0.46371
54 0.499908 0.47091 0.993567 0.46371
7 0.499908 0.47091 0.993567 0.46371
10 0.499908 0.47091 0.993567 0.46371
2 0.510453 0.47523 0.975601 0.449309
21 0.5085 0.481567 0.979507 0.435484
39 0.510453 0.479263 0.975601 0.441244
6 0.499908 0.47091 0.993567 0.46371
52 0.5085 0.481567 0.979507 0.435484
69 0.510453 0.479263 0.975601 0.441244
4 0.503813 0.482143 0.982631 0.4447
57 0.498736 0.479263 0.988099 0.451613
3 0.507719 0.481567 0.971696 0.443548
28 0.498736 0.479263 0.988099 0.451613
68 0.498736 0.479263 0.988099 0.451613
45 0.507328 0.485887 0.972477 0.438364
56 0.507719 0.481567 0.971696 0.443548
31 0.497565 0.483583 0.987318 0.44182
0 0.498736 0.479263 0.988099 0.451613
5 0.498736 0.479263 0.988099 0.451613
54 0.498736 0.479263 0.988099 0.451613
1 0.507719 0.481567 0.971696 0.443548
44 0.503032 0.480991 0.979507 0.442396
32 0.507719 0.481567 0.971696 0.443548
66 0.507328 0.485887 0.972477 0.438364
22 0.507328 0.485887 0.972477 0.438364
6 0.498736 0.479263 0.988099 0.451613
21 0.504204 0.487615 0.98185 0.438364
7 0.507719 0.481567 0.971696 0.443548
29 0.503813 0.482143 0.982631 0.4447
30 0.504204 0.487615 0.98185 0.438364
4 0.508592 0.483295 0.982816 0.429724
3 0.511624 0.478687 0.973258 0.441244
56 0.499908 0.478111 0.993567 0.442396
57 0.499908 0.478111 0.993567 0.442396
0 0.499908 0.478111 0.993567 0.442396
28 0.499908 0.478111 0.993567 0.442396
5 0.511624 0.481855 0.976382 0.433756
1 0.499908 0.478111 0.993567 0.442396
68 0.499908 0.478111 0.993567 0.442396
31 0.499517 0.480415 0.994348 0.437788
54 0.499908 0.478111 0.993567 0.442396
45 0.507719 0.478687 0.984194 0.440092
44 0.511624 0.481855 0.976382 0.433756
32 0.499908 0.478111 0.993567 0.442396
10 0.499908 0.478111 0.993567 0.442396
69 0.511624 0.481855 0.976382 0.433756
22 0.511624 0.481855 0.976382 0.433756
66 0.511624 0.481855 0.976382 0.433756
52 0.508592 0.483295 0.982816 0.429724
21 0.51553 0.479263 0.968571 0.435484
4 0.732379 0.474366 0.535242 0.424539
59 0.499908 0.478111 0.993567 0.442396
4 0.506938 0.479263 0.982631 0.447005
0 0.500689 0.475518 0.985756 0.456797
3 0.5085 0.476959 0.973258 0.449309
1 0.500689 0.475518 0.985756 0.456797
28 0.500689 0.475518 0.985756 0.456797
5 0.507719 0.476959 0.97482 0.451613
56 0.500689 0.475518 0.985756 0.456797
57 0.500298 0.476382 0.984975 0.455069
54 0.500689 0.475518 0.985756 0.456797
68 0.500689 0.475518 0.985756 0.456797
10 0.500689 0.475518 0.985756 0.456797
22 0.507719 0.476959 0.97482 0.451613
69 0.500298 0.476382 0.984975 0.455069
2 0.506938 0.479263 0.982631 0.447005
32 0.506938 0.479263 0.982631 0.447005
52 0.506938 0.479263 0.982631 0.447005
45 0.507719 0.476959 0.97482 0.451613
31 0.500298 0.476382 0.984975 0.455069
6 0.500298 0.476382 0.984975 0.455069
66 0.500298 0.476382 0.984975 0.455069
60 0.5085 0.476959 0.973258 0.449309
44 0.500298 0.476382 0.984975 0.455069
7 0.5085 0.476959 0.973258 0.449309
39 0.500298 0.476382 0.984975 0.455069
34 0.5085 0.476959 0.973258 0.449309
4 0.510062 0.478111 0.977945 0.443548
31 0.510062 0.479839 0.979507 0.442396
0 0.510154 0.476671 0.979691 0.445276
57 0.50147 0.478687 0.990442 0.448157
28 0.510062 0.478111 0.977945 0.443548
3 0.510062 0.478111 0.977945 0.443548
56 0.510062 0.478111 0.977945 0.443548
68 0.510062 0.478111 0.977945 0.443548
32 0.510062 0.479839 0.979507 0.442396
45 0.50147 0.478687 0.990442 0.448157
54 0.510062 0.478111 0.977945 0.443548
44 0.510062 0.478111 0.977945 0.443548
1 0.510062 0.478111 0.977945 0.443548
30 0.510154 0.479839 0.979691 0.43894
66 0.510154 0.479839 0.979691 0.43894
22 0.510062 0.479839 0.979507 0.442396
29 0.510154 0.476671 0.979691 0.445276
60 0.510062 0.479839 0.979507 0.442396
69 0.50147 0.476094 0.987318 0.451037
5 0.50147 0.478687 0.990442 0.448157
7 0.510062 0.478111 0.977945 0.443548
6 0.50147 0.478687 0.990442 0.448157
67 0.510062 0.478111 0.977945 0.443548
35 0.510154 0.479839 0.979691 0.43894
4 0.504204 0.485599 0.984975 0.436636
3 0.507719 0.482719 0.968571 0.441244
0 0.503813 0.485023 0.985756 0.437788
5 0.504595 0.484735 0.977945 0.437212
54 0.499127 0.485023 0.987318 0.440092
32 0.499127 0.485023 0.987318 0.440092
45 0.503813 0.485023 0.985756 0.437788
28 0.499127 0.485023 0.987318 0.440092
56 0.507719 0.482719 0.968571 0.441244
57 0.504595 0.484735 0.977945 0.437212
31 0.519045 0.485311 0.961542 0.440668
68 0.499127 0.485023 0.987318 0.440092
1 0.507719 0.482719 0.968571 0.441244
66 0.504595 0.484735 0.977945 0.437212
21 0.504204 0.485599 0.984975 0.436636
44 0.503032 0.482143 0.982631 0.43894
7 0.504204 0.485599 0.984975 0.436636
10 0.499127 0.485023 0.987318 0.440092
22 0.504595 0.484735 0.977945 0.437212
61 0.498736 0.481567 0.986537 0.442396
30 0.519045 0.485311 0.961542 0.440668
29 0.506547 0.486175 0.974039 0.436636
4 0.5085 0.483007 0.963885 0.437212
31 0.5085 0.483007 0.963885 0.437212
44 0.5085 0.483007 0.963885 0.437212
57 0.5085 0.483007 0.963885 0.437212
28 0.5085 0.483007 0.963885 0.437212
68 0.484676 0.483871 0.964666 0.436636
45 0.491316 0.485023 0.979507 0.43894
32 0.506157 0.486463 0.959198 0.434908
0 0.491316 0.480415 0.977945 0.443548
66 0.506157 0.486463 0.959198 0.434908
54 0.491316 0.480415 0.977945 0.443548
56 0.5085 0.483007 0.963885 0.437212
3 0.5085 0.483007 0.963885 0.437212
30 0.506547 0.488767 0.972477 0.43606
5 0.506157 0.486463 0.959198 0.434908
29 0.509281 0.485887 0.962323 0.43606
1 0.5085 0.483007 0.963885 0.437212
7 0.5085 0.483007 0.963885 0.437212
4 0.510062 0.478111 0.970134 0.449309
31 0.510453 0.480415 0.972477 0.443548
57 0.510062 0.478111 0.970134 0.449309
0 0.510935 0.478111 0.978129 0.451613
56 0.510062 0.478111 0.970134 0.449309
28 0.510062 0.478111 0.970134 0.449309
45 0.496002 0.478111 0.985756 0.453917
68 0.491316 0.478111 0.973258 0.449309
32 0.510453 0.480415 0.972477 0.443548
44 0.510062 0.478111 0.970134 0.449309
3 0.510062 0.478111 0.970134 0.449309
30 0.512498 0.481279 0.975005 0.44182
66 0.512498 0.481279 0.975005 0.44182
54 0.510935 0.478111 0.978129 0.451613
6 0.496002 0.478111 0.985756 0.453917
5 0.510935 0.478111 0.978129 0.451613
29 0.512015 0.479263 0.969353 0.450461
21 0.510062 0.478111 0.970134 0.449309
69 0.496783 0.475807 0.984194 0.453917
7 0.510062 0.478111 0.970134 0.449309
4 0.5085 0.482143 0.979507 0.437788
3 0.508109 0.480415 0.975601 0.435484
0 0.508109 0.480415 0.975601 0.435484
1 0.508109 0.480415 0.975601 0.435484
57 0.497955 0.480127 0.992786 0.446429
5 0.5085 0.482143 0.979507 0.437788
56 0.496783 0.476959 0.990442 0.4447
28 0.497955 0.480127 0.992786 0.446429
32 0.509281 0.481279 0.977945 0.437212
2 0.508109 0.480415 0.975601 0.435484
45 0.5085 0.482143 0.979507 0.437788
31 0.509281 0.483007 0.979507 0.433756
7 0.508109 0.480415 0.975601 0.435484
54 0.497955 0.480127 0.992786 0.446429
68 0.497955 0.480127 0.992786 0.446429
69 0.496783 0.476959 0.990442 0.4447
60 0.496783 0.476959 0.990442 0.4447
22 0.520699 0.484447 0.958601 0.43318
6 0.497955 0.480127 0.992786 0.446429
44 0.509281 0.481279 0.977945 0.437212
52 0.520699 0.484447 0.958601 0.43318
66 0.509281 0.483007 0.979507 0.433756
21 0.509281 0.483007 0.979507 0.433756
4 0.506938 0.480703 0.982631 0.437212
0 0.507719 0.479263 0.982631 0.449309
57 0.506157 0.480415 0.981069 0.442396
31 0.506157 0.480415 0.981069 0.442396
28 0.507719 0.479263 0.982631 0.449309
68 0.499127 0.477823 0.98888 0.452189
56 0.506157 0.480415 0.981069 0.442396
32 0.506938 0.480703 0.982631 0.437212
54 0.507719 0.481567 0.984194 0.435484
45 0.507719 0.479263 0.982631 0.449309
44 0.506157 0.480415 0.981069 0.442396
3 0.506157 0.480415 0.981069 0.442396
66 0.507719 0.481567 0.984194 0.435484
5 0.507719 0.481567 0.984194 0.435484
69 0.506938 0.480703 0.982631 0.437212
22 0.506938 0.480703 0.982631 0.437212
6 0.499127 0.477823 0.98888 0.452189
30 0.507719 0.481567 0.984194 0.435484
1 0.506157 0.480415 0.981069 0.442396
4 0.504594 0.481279 0.984194 0.442972
31 0.504594 0.481279 0.984194 0.442972
0 0.508592 0.481855 0.982816 0.444124
45 0.508592 0.481855 0.982816 0.444124
57 0.502642 0.482719 0.991224 0.440092
5 0.509373 0.485023 0.981254 0.437788
28 0.497565 0.479839 0.992005 0.452765
32 0.497565 0.479839 0.992005 0.452765
3 0.504594 0.481279 0.984194 0.442972
44 0.508891 0.481567 0.98185 0.440092
66 0.509373 0.485023 0.981254 0.437788
56 0.504594 0.481279 0.984194 0.442972
68 0.504594 0.481279 0.984194 0.442972
54 0.504594 0.481279 0.984194 0.442972
7 0.504594 0.481279 0.984194 0.442972
65 0.504594 0.481279 0.984194 0.442972
21 0.509373 0.485023 0.981254 0.437788
1 0.504594 0.481279 0.984194 0.442972
30 0.509373 0.485023 0.981254 0.437788
6 0.504594 0.481279 0.984194 0.442972
29 0.508592 0.481855 0.982816 0.444124
4 0.502642 0.478975 0.972477 0.434908
31 0.505766 0.479263 0.98185 0.430876
0 0.505376 0.481855 0.981069 0.43606
28 0.505376 0.481855 0.981069 0.43606
57 0.503813 0.482143 0.967009 0.434332
32 0.502642 0.478975 0.972477 0.434908
44 0.503813 0.482143 0.967009 0.434332
66 0.505766 0.479263 0.98185 0.430876
45 0.503813 0.482143 0.967009 0.434332
5 0.505376 0.481855 0.981069 0.43606
56 0.502642 0.478975 0.972477 0.434908
54 0.505766 0.479263 0.98185 0.430876
68 0.496783 0.477247 0.984194 0.438364
30 0.505766 0.479263 0.98185 0.430876
69 0.502642 0.478975 0.972477 0.434908
65 0.495221 0.479263 0.981069 0.442396
52 0.502642 0.478975 0.972477 0.434908
21 0.496783 0.481567 0.984194 0.442396
22 0.502642 0.478975 0.972477 0.434908
34 0.504595 0.481855 0.979507 0.431452
8 0.505766 0.479263 0.98185 0.430876
29 0.496783 0.481567 0.984194 0.442396
39 0.505766 0.479263 0.98185 0.430876
4 0.5085 0.481855 0.971696 0.440668
0 0.507719 0.479263 0.981069 0.443548
57 0.508109 0.479263 0.96779 0.442396
31 0.508109 0.479263 0.96779 0.442396
3 0.508109 0.479263 0.96779 0.442396
32 0.50147 0.480991 0.977945 0.447005
45 0.50147 0.480991 0.977945 0.447005
56 0.50147 0.480991 0.977945 0.447005
28 0.507719 0.479263 0.981069 0.443548
21 0.5085 0.481855 0.971696 0.440668
69 0.506938 0.481855 0.982631 0.438364
68 0.495221 0.480415 0.959198 0.4447
54 0.507719 0.479263 0.981069 0.443548
5 0.507719 0.479263 0.981069 0.443548
44 0.509281 0.480991 0.968571 0.443548
6 0.499908 0.478687 0.973258 0.447005
59 0.500689 0.479839 0.981069 0.443548
29 0.50147 0.480991 0.977945 0.447005
22 0.5085 0.481855 0.971696 0.440668
1 0.508109 0.479263 0.96779 0.442396
30 0.506938 0.481855 0.982631 0.438364
52 0.518746 0.480415 0.962507 0.437788
65 0.499908 0.478687 0.973258 0.447005
4 0.506157 0.481855 0.963885 0.442972
57 0.506157 0.481855 0.963885 0.442972
0 0.5085 0.482143 0.979507 0.4447
32 0.505376 0.485023 0.971696 0.442396
31 0.506157 0.481855 0.963885 0.442972
28 0.506157 0.481855 0.963885 0.442972
56 0.506157 0.481855 0.963885 0.442972
44 0.506157 0.481855 0.963885 0.442972
68 0.506157 0.481855 0.963885 0.442972
5 0.5085 0.482143 0.979507 0.4447
69 0.505376 0.485023 0.971696 0.442396
45 0.495221 0.483295 0.984194 0.445853
54 0.5085 0.482143 0.979507 0.4447
66 0.507719 0.485311 0.981069 0.442972
3 0.506157 0.481855 0.963885 0.442972
21 0.505376 0.485023 0.971696 0.442396
6 0.495221 0.483295 0.984194 0.445853
59 0.505376 0.485023 0.971696 0.442396
30 0.507719 0.485311 0.981069 0.442972
29 0.495221 0.483295 0.984194 0.445853
1 0.506157 0.481855 0.963885 0.442972
8 0.507719 0.485311 0.981069 0.442972
22 0.52148 0.482431 0.957039 0.439516
65 0.493659 0.480703 0.981069 0.447581
4 0.505766 0.476382 0.978726 0.441244
31 0.5085 0.476959 0.973258 0.441244
32 0.505766 0.476382 0.978726 0.441244
0 0.5085 0.476959 0.973258 0.441244
3 0.5085 0.476959 0.973258 0.441244
54 0.507719 0.478687 0.979507 0.437788
7 0.5085 0.476959 0.973258 0.441244
57 0.505766 0.476382 0.978726 0.441244
56 0.498736 0.478687 0.989661 0.443548
44 0.5085 0.476959 0.973258 0.441244
1 0.5085 0.476959 0.973258 0.441244
6 0.498736 0.478687 0.989661 0.443548
60 0.5085 0.476959 0.973258 0.441244
30 0.506157 0.476959 0.982631 0.43894
68 0.5085 0.476959 0.973258 0.441244
28 0.5085 0.476959 0.973258 0.441244
59 0.505766 0.476382 0.978726 0.441244
21 0.505766 0.476382 0.978726 0.441244
66 0.507719 0.478687 0.979507 0.437788
45 0.498736 0.478687 0.989661 0.443548
69 0.505766 0.476382 0.978726 0.441244
22 0.5085 0.476959 0.973258 0.441244
2 0.5085 0.476959 0.973258 0.441244
29 0.498736 0.478687 0.989661 0.443548
62 0.515139 0.479839 0.969353 0.432028
65 0.507719 0.477823 0.976382 0.43606
5 0.506157 0.476959 0.982631 0.43894
67 0.5085 0.476959 0.973258 0.441244
4 0.510062 0.480415 0.970134 0.43894
31 0.510062 0.480415 0.970134 0.43894
32 0.508109 0.481567 0.977164 0.441244
0 0.499127 0.479839 0.985756 0.441244
44 0.499127 0.479839 0.985756 0.441244
6 0.499127 0.479839 0.985756 0.441244
30 0.5085 0.481567 0.981069 0.443548
54 0.507719 0.479551 0.981069 0.442972
56 0.499127 0.479839 0.985756 0.441244
57 0.510062 0.480415 0.970134 0.43894
60 0.499127 0.479839 0.985756 0.441244
45 0.510062 0.480415 0.970134 0.43894
68 0.489753 0.482143 0.967009 0.436636
66 0.5085 0.481567 0.981069 0.443548
7 0.499127 0.479839 0.985756 0.441244
3 0.499127 0.479839 0.985756 0.441244
29 0.510453 0.481279 0.972477 0.439516
67 0.510453 0.481279 0.972477 0.439516
28 0.510062 0.480415 0.970134 0.43894
65 0.510062 0.480415 0.970134 0.43894
35 0.508109 0.481567 0.977164 0.441244
69 0.508109 0.481567 0.977164 0.441244
36 0.510062 0.480415 0.970134 0.43894
59 0.50147 0.481279 0.987318 0.440668
21 0.508109 0.481567 0.977164 0.441244
22 0.499127 0.479839 0.985756 0.441244
62 0.517873 0.480703 0.96076 0.438364
1 0.499127 0.479839 0.985756 0.441244
2 0.499127 0.479839 0.985756 0.441244
4 0.504594 0.476094 0.984194 0.448733
31 0.506547 0.479263 0.974039 0.447005
0 0.506547 0.478399 0.983413 0.452189
32 0.506938 0.476094 0.982631 0.449885
54 0.506547 0.479263 0.974039 0.447005
6 0.506547 0.479263 0.974039 0.447005
44 0.506547 0.479263 0.974039 0.447005
56 0.506547 0.479263 0.974039 0.447005
60 0.506157 0.477247 0.981069 0.448733
66 0.506547 0.479263 0.974039 0.447005
45 0.506547 0.479263 0.974039 0.447005
30 0.506938 0.476094 0.982631 0.449885
57 0.506547 0.479263 0.974039 0.447005
7 0.506547 0.479263 0.974039 0.447005
2 0.506547 0.479263 0.974039 0.447005
3 0.506547 0.479263 0.974039 0.447005
68 0.498736 0.479839 0.989661 0.452765
35 0.506547 0.479263 0.974039 0.447005
65 0.506547 0.479263 0.974039 0.447005
28 0.506547 0.479263 0.974039 0.447005
1 0.506547 0.479263 0.974039 0.447005
22 0.506547 0.479263 0.974039 0.447005
29 0.498736 0.479839 0.989661 0.452765
69 0.497565 0.478111 0.985756 0.451613
67 0.506547 0.478399 0.983413 0.452189
52 0.504594 0.476094 0.984194 0.448733
59 0.504594 0.476094 0.984194 0.448733
62 0.51406 0.479551 0.97188 0.447581
36 0.506157 0.477247 0.981069 0.448733
4 0.508891 0.477535 0.980288 0.443548
31 0.508891 0.477535 0.980288 0.443548
32 0.507719 0.477823 0.982631 0.444124
0 0.499127 0.476382 0.992005 0.447005
54 0.510843 0.477247 0.976382 0.44182
44 0.499127 0.476382 0.992005 0.447005
2 0.510843 0.477247 0.976382 0.44182
56 0.499127 0.476382 0.992005 0.447005
6 0.510843 0.477247 0.976382 0.44182
1 0.49444 0.479263 0.987318 0.447005
7 0.508891 0.477535 0.980288 0.443548
35 0.508891 0.477535 0.980288 0.443548
28 0.499127 0.476382 0.992005 0.447005
36 0.510843 0.477247 0.976382 0.44182
60 0.510843 0.477247 0.976382 0.44182
66 0.507719 0.479551 0.982631 0.439516
69 0.499127 0.476382 0.992005 0.447005
57 0.498346 0.477535 0.993567 0.443548
67 0.510843 0.477247 0.976382 0.44182
30 0.508891 0.477535 0.980288 0.443548
3 0.499127 0.476382 0.992005 0.447005
29 0.499127 0.477535 0.995129 0.450461
68 0.49444 0.479263 0.987318 0.447005
45 0.5085 0.477247 0.979507 0.439516
62 0.499127 0.476382 0.992005 0.447005
22 0.517575 0.481279 0.96485 0.43606
4 0.503032 0.483007 0.993567 0.444124
32 0.503032 0.483007 0.993567 0.444124
0 0.5085 0.480703 0.982631 0.445276
31 0.505766 0.481567 0.983412 0.437788
56 0.50147 0.485599 0.990442 0.440092
57 0.503032 0.483007 0.993567 0.444124
3 0.5085 0.480703 0.982631 0.445276
44 0.504595 0.484447 0.990442 0.441244
6 0.50147 0.485599 0.990442 0.440092
69 0.503032 0.483007 0.993567 0.444124
54 0.5085 0.480703 0.982631 0.445276
68 0.50147 0.485599 0.990442 0.440092
45 0.50147 0.485599 0.990442 0.440092
59 0.50147 0.483295 0.990442 0.441244
7 0.50147 0.485599 0.990442 0.440092
30 0.5085 0.481279 0.982631 0.445276
28 0.5085 0.481279 0.982631 0.445276
66 0.5085 0.481279 0.982631 0.445276
21 0.5085 0.481279 0.982631 0.445276
60 0.5085 0.478975 0.979507 0.440668
22 0.503032 0.483007 0.993567 0.444124
29 0.504595 0.484447 0.990442 0.441244
5 0.5085 0.481279 0.982631 0.445276
65 0.505766 0.481567 0.983412 0.437788
4 0.508109 0.479263 0.983413 0.441244
0 0.508109 0.479263 0.983413 0.441244
31 0.506157 0.480127 0.984194 0.439516
32 0.504595 0.478975 0.987318 0.440668
54 0.501079 0.479839 0.991224 0.445853
68 0.501079 0.479839 0.991224 0.445853
56 0.501079 0.479839 0.991224 0.445853
60 0.506157 0.480127 0.984194 0.439516
6 0.504595 0.478975 0.987318 0.440668
44 0.505766 0.481567 0.988099 0.442396
57 0.519435 0.481567 0.96076 0.43894
28 0.519435 0.481567 0.96076 0.43894
66 0.504595 0.478975 0.987318 0.440668
3 0.507719 0.480415 0.984194 0.443548
7 0.506157 0.480127 0.984194 0.439516
69 0.519435 0.481567 0.96076 0.43894
30 0.508109 0.479263 0.983413 0.441244
45 0.507719 0.480415 0.984194 0.443548
10 0.508109 0.479263 0.983413 0.441244
1 0.508109 0.479263 0.983413 0.441244
22 0.519435 0.481567 0.96076 0.43894
62 0.50147 0.477535 0.987318 0.4447
4 0.508109 0.475806 0.98185 0.443548
32 0.506157 0.478399 0.984194 0.438364
31 0.499908 0.480127 0.993567 0.442972
54 0.506157 0.478399 0.984194 0.438364
0 0.503032 0.476959 0.990442 0.442396
44 0.506157 0.478399 0.984194 0.438364
68 0.499908 0.480127 0.993567 0.442972
56 0.506157 0.478399 0.984194 0.438364
6 0.506157 0.478399 0.984194 0.438364
69 0.499908 0.478687 0.990442 0.43894
28 0.506157 0.478399 0.984194 0.438364
66 0.508109 0.475806 0.98185 0.443548
7 0.506157 0.478399 0.984194 0.438364
67 0.506157 0.478399 0.984194 0.438364
36 0.506157 0.478399 0.984194 0.438364
30 0.508109 0.475806 0.98185 0.443548
60 0.506157 0.478399 0.984194 0.438364
22 0.517184 0.478111 0.965631 0.442396
1 0.506157 0.478399 0.984194 0.438364
3 0.509281 0.476959 0.981069 0.448157
29 0.499908 0.480127 0.993567 0.442972
35 0.500689 0.478111 0.992005 0.437788
10 0.508109 0.475806 0.98185 0.443548
57 0.503032 0.476959 0.990442 0.442396
62 0.517184 0.478111 0.965631 0.442396
59 0.500689 0.478111 0.992005 0.437788
4 0.512015 0.479263 0.975601 0.440092
0 0.509281 0.478111 0.981069 0.437788
3 0.512015 0.479263 0.975601 0.440092
31 0.512015 0.479263 0.975601 0.440092
32 0.509281 0.478111 0.981069 0.437788
56 0.509281 0.478111 0.981069 0.437788
57 0.512015 0.479263 0.975601 0.440092
69 0.509281 0.478111 0.981069 0.437788
68 0.500689 0.481279 0.992005 0.439516
54 0.500689 0.481279 0.992005 0.439516
6 0.509281 0.478111 0.981069 0.437788
60 0.510154 0.477535 0.979691 0.442396
28 0.510545 0.478399 0.97891 0.442972
45 0.510154 0.477535 0.979691 0.442396
22 0.521871 0.479263 0.956258 0.437788
1 0.512015 0.479263 0.975601 0.440092
44 0.511234 0.480415 0.977164 0.440092
65 0.512015 0.479263 0.975601 0.440092
2 0.510154 0.477535 0.979691 0.442396
5 0.510154 0.477535 0.979691 0.442396
52 0.509281 0.478111 0.981069 0.437788
21 0.509281 0.478111 0.981069 0.437788
4 0.5085 0.476959 0.982631 0.449309
54 0.499908 0.478111 0.993567 0.449309
32 0.50147 0.478687 0.993567 0.445853
0 0.503813 0.477823 0.98888 0.445276
31 0.499908 0.478111 0.993567 0.449309
44 0.503813 0.477823 0.98888 0.445276
56 0.503813 0.477823 0.98888 0.445276
68 0.499908 0.478111 0.993567 0.449309
6 0.499908 0.478111 0.993567 0.449309
28 0.503813 0.477823 0.98888 0.445276
69 0.499908 0.476671 0.990442 0.447581
66 0.50147 0.478687 0.993567 0.445853
7 0.499908 0.476671 0.990442 0.447581
30 0.509373 0.478687 0.981254 0.4447
3 0.503813 0.477823 0.98888 0.445276
1 0.503813 0.477823 0.98888 0.445276
65 0.503813 0.477823 0.98888 0.445276
22 0.5085 0.476959 0.982631 0.449309
59 0.499908 0.477535 0.992005 0.445853
60 0.5085 0.476382 0.979507 0.447005
10 0.50147 0.478687 0.993567 0.445853
36 0.5085 0.476382 0.979507 0.447005
29 0.499908 0.478111 0.993567 0.449309
45 0.503032 0.478399 0.993567 0.448733
67 0.503813 0.477823 0.98888 0.445276
4 0.507719 0.480991 0.979507 0.436636
32 0.503423 0.480703 0.986537 0.438364
31 0.507719 0.480991 0.979507 0.436636
0 0.503423 0.480703 0.986537 0.438364
54 0.498736 0.480991 0.992786 0.43894
44 0.507719 0.480991 0.979507 0.436636
68 0.498736 0.480991 0.992786 0.43894
56 0.507719 0.480991 0.979507 0.436636
3 0.507719 0.480991 0.979507 0.436636
69 0.509281 0.480991 0.981069 0.43894
57 0.507719 0.480991 0.979507 0.436636
6 0.507719 0.480991 0.979507 0.436636
66 0.503423 0.480703 0.986537 0.438364
28 0.509672 0.480415 0.980288 0.437788
7 0.507719 0.480991 0.979507 0.436636
45 0.505376 0.481855 0.985756 0.437212
36 0.507719 0.480991 0.979507 0.436636
30 0.509281 0.480991 0.981069 0.43894
1 0.498736 0.480991 0.992786 0.43894
59 0.498736 0.480991 0.992786 0.43894
65 0.507719 0.480991 0.979507 0.436636
22 0.52256 0.480703 0.952949 0.43606
60 0.509672 0.480415 0.980288 0.437788
62 0.52256 0.480703 0.952949 0.43606
10 0.509281 0.480991 0.981069 0.43894
4 0.5085 0.478687 0.976382 0.440092
0 0.509281 0.481279 0.981069 0.440668
31 0.499908 0.476671 0.990442 0.451037
32 0.509281 0.480703 0.981069 0.438364
54 0.499908 0.476671 0.990442 0.451037
68 0.499908 0.476671 0.990442 0.451037
56 0.499908 0.476671 0.990442 0.451037
28 0.520998 0.482431 0.956074 0.43606
44 0.5085 0.478687 0.976382 0.440092
57 0.509281 0.478687 0.979507 0.43894
3 0.5085 0.478687 0.976382 0.440092
69 0.520998 0.482431 0.956074 0.43606
45 0.506938 0.480703 0.981069 0.442972
66 0.505376 0.479551 0.982631 0.439516
6 0.5085 0.478687 0.976382 0.440092
22 0.520998 0.482431 0.956074 0.43606
7 0.5085 0.478687 0.976382 0.440092
65 0.5085 0.478687 0.976382 0.440092
5 0.509281 0.480703 0.981069 0.438364
52 0.520998 0.482431 0.956074 0.43606
29 0.506938 0.480703 0.981069 0.442972
60 0.509281 0.478687 0.979507 0.43894
1 0.499908 0.476671 0.990442 0.451037
4 0.509373 0.480991 0.981254 0.43894
0 0.510935 0.480991 0.978129 0.43894
32 0.509373 0.480991 0.981254 0.43894
3 0.509373 0.480991 0.981254 0.43894
68 0.501079 0.479839 0.994348 0.448157
54 0.501079 0.479839 0.994348 0.448157
31 0.509373 0.480991 0.981254 0.43894
56 0.501079 0.479839 0.994348 0.448157
57 0.510935 0.480991 0.978129 0.43894
28 0.510935 0.480991 0.978129 0.43894
69 0.509373 0.480991 0.981254 0.43894
44 0.517092 0.483583 0.965447 0.44182
45 0.507811 0.483583 0.984378 0.442972
6 0.509373 0.480991 0.981254 0.43894
66 0.506249 0.482143 0.987502 0.441244
5 0.510935 0.483007 0.978129 0.442972
59 0.501079 0.479839 0.994348 0.448157
21 0.506249 0.482143 0.987502 0.441244
1 0.501079 0.479839 0.994348 0.448157
22 0.517092 0.483583 0.965447 0.44182
65 0.509373 0.480991 0.981254 0.43894
4 0.506157 0.479263 0.987318 0.43318
31 0.506157 0.479263 0.987318 0.43318
32 0.510545 0.483295 0.97891 0.434332
0 0.510154 0.480991 0.979691 0.435484
54 0.499908 0.480127 0.995129 0.440668
68 0.506157 0.479263 0.987318 0.43318
56 0.506157 0.479263 0.987318 0.43318
44 0.510154 0.479263 0.979691 0.432028
57 0.510154 0.479263 0.979691 0.432028
28 0.510154 0.479263 0.979691 0.432028
3 0.506157 0.479263 0.987318 0.43318
69 0.510545 0.483295 0.97891 0.434332
59 0.499908 0.480127 0.995129 0.440668
6 0.506157 0.479263 0.987318 0.43318
45 0.505077 0.481567 0.989846 0.435484
66 0.499908 0.480127 0.995129 0.440668
30 0.510545 0.483295 0.97891 0.434332
21 0.503906 0.482719 0.992189 0.436636
5 0.510545 0.483295 0.97891 0.434332
29 0.499908 0.480127 0.995129 0.440668
4 0.509764 0.478975 0.980472 0.445276
0 0.504204 0.479551 0.989661 0.442972
32 0.500298 0.479263 0.992786 0.445853
3 0.509764 0.478975 0.980472 0.445276
31 0.506547 0.480415 0.983413 0.43894
69 0.504204 0.479551 0.989661 0.442972
54 0.500298 0.479263 0.992786 0.445853
56 0.500298 0.479263 0.992786 0.445853
68 0.500298 0.479263 0.992786 0.445853
6 0.499908 0.479839 0.990442 0.442396
57 0.504204 0.479551 0.989661 0.442972
44 0.505376 0.479839 0.98888 0.443548
22 0.509764 0.478975 0.980472 0.445276
28 0.509281 0.479263 0.981069 0.440092
7 0.499908 0.479839 0.990442 0.442396
60 0.509281 0.479263 0.981069 0.440092
1 0.509764 0.479551 0.980472 0.445276
59 0.509764 0.479551 0.980472 0.445276
52 0.504204 0.479551 0.989661 0.442972
45 0.505376 0.479839 0.98888 0.443548
5 0.504204 0.479551 0.989661 0.442972
67 0.506547 0.480415 0.983413 0.43894
66 0.504204 0.479551 0.989661 0.442972
4 0.505766 0.481567 0.980288 0.436636
32 0.506938 0.481279 0.981069 0.43606
0 0.504985 0.481567 0.983412 0.436636
31 0.505766 0.481567 0.980288 0.436636
54 0.498736 0.480127 0.991224 0.440668
68 0.498736 0.480127 0.991224 0.440668
44 0.504985 0.481567 0.983412 0.436636
56 0.498736 0.480127 0.991224 0.440668
69 0.520217 0.480991 0.956074 0.435484
3 0.505766 0.481567 0.980288 0.436636
28 0.520217 0.480991 0.956074 0.435484
57 0.520217 0.480991 0.956074 0.435484
45 0.504594 0.481855 0.984194 0.43606
22 0.520217 0.480991 0.956074 0.435484
6 0.503032 0.481279 0.987318 0.43606
59 0.503032 0.481279 0.987318 0.43606
29 0.504594 0.481855 0.984194 0.43606
66 0.503032 0.481279 0.987318 0.43606
30 0.503032 0.481279 0.987318 0.43606
52 0.520217 0.480991 0.956074 0.435484
4 0.501079 0.481567 0.994348 0.441244
32 0.497565 0.479551 0.995129 0.445276
0 0.500689 0.480415 0.995129 0.440092
68 0.497565 0.479551 0.995129 0.445276
3 0.509764 0.480991 0.980472 0.441244
54 0.497565 0.479551 0.995129 0.445276
31 0.502251 0.478687 0.98888 0.440092
56 0.497565 0.479551 0.995129 0.445276
44 0.501079 0.481567 0.994348 0.441244
69 0.502251 0.478687 0.98888 0.440092
59 0.497565 0.479551 0.995129 0.445276
28 0.497565 0.479551 0.995129 0.445276
6 0.502251 0.478687 0.98888 0.440092
57 0.500689 0.480415 0.995129 0.440092
21 0.500689 0.480415 0.995129 0.440092
45 0.501079 0.481567 0.994348 0.441244
1 0.497565 0.479551 0.995129 0.445276
7 0.509281 0.480415 0.981069 0.441244
22 0.515622 0.480991 0.968756 0.43894
29 0.501079 0.481567 0.994348 0.441244
30 0.500689 0.480415 0.995129 0.440092
4 0.503032 0.480991 0.990442 0.436636
32 0.499127 0.484735 0.993567 0.43606
0 0.509764 0.482143 0.980472 0.440092
54 0.499127 0.484735 0.993567 0.43606
28 0.499127 0.484735 0.993567 0.43606
69 0.509764 0.482431 0.980472 0.438364
57 0.503032 0.480991 0.990442 0.436636
68 0.499127 0.484735 0.993567 0.43606
56 0.509764 0.482431 0.980472 0.438364
3 0.509764 0.482143 0.980472 0.440092
44 0.509764 0.482143 0.980472 0.440092
31 0.509764 0.482431 0.980472 0.438364
5 0.499127 0.484735 0.993567 0.43606
59 0.499127 0.484735 0.993567 0.43606
66 0.499127 0.484735 0.993567 0.43606
45 0.50147 0.484159 0.993567 0.437212
21 0.50147 0.483295 0.993567 0.436636
6 0.509764 0.482431 0.980472 0.438364
22 0.516013 0.481567 0.967975 0.437788
4 0.506157 0.478111 0.984194 0.442396
0 0.508891 0.478687 0.980288 0.443548
32 0.502251 0.477823 0.98888 0.448733
3 0.508891 0.478687 0.980288 0.443548
57 0.506157 0.478111 0.984194 0.442396
28 0.499908 0.476959 0.993567 0.449309
69 0.499908 0.475806 0.992005 0.449309
68 0.499908 0.476959 0.993567 0.449309
56 0.5085 0.477535 0.979507 0.445853
54 0.499908 0.476959 0.993567 0.449309
44 0.504595 0.478975 0.987318 0.445276
5 0.499908 0.476959 0.993567 0.449309
31 0.5085 0.477535 0.979507 0.445853
21 0.502251 0.477823 0.98888 0.448733
45 0.499908 0.476959 0.993567 0.449309
65 0.506157 0.478111 0.984194 0.442396
4 0.505376 0.482431 0.982631 0.434908
32 0.499127 0.482143 0.992005 0.435484
0 0.509764 0.480991 0.980472 0.436636
31 0.506157 0.480703 0.981069 0.433756
56 0.499127 0.482143 0.992005 0.435484
57 0.505376 0.482431 0.982631 0.434908
54 0.499127 0.482143 0.992005 0.435484
3 0.506157 0.480703 0.981069 0.433756
44 0.506157 0.481567 0.982631 0.435484
69 0.505376 0.482431 0.982631 0.434908
21 0.505376 0.482431 0.982631 0.434908
28 0.499127 0.482143 0.992005 0.435484
45 0.506157 0.481567 0.982631 0.435484
68 0.499127 0.482143 0.992005 0.435484
6 0.499127 0.482143 0.992005 0.435484
65 0.506157 0.480703 0.981069 0.433756
1 0.499127 0.482143 0.992005 0.435484
5 0.499127 0.482143 0.992005 0.435484
30 0.505376 0.482431 0.982631 0.434908
66 0.499127 0.482143 0.992005 0.435484
59 0.499127 0.482143 0.992005 0.435484
29 0.499127 0.482143 0.992005 0.435484
4 0.505766 0.482143 0.984975 0.432028
0 0.505766 0.482143 0.984975 0.432028
32 0.498346 0.481567 0.993567 0.440092
31 0.498346 0.481567 0.993567 0.440092
3 0.505766 0.482143 0.984975 0.432028
54 0.498346 0.481567 0.993567 0.440092
56 0.505766 0.482143 0.984975 0.432028
28 0.505766 0.482143 0.984975 0.432028
44 0.498346 0.481567 0.993567 0.440092
57 0.505766 0.482143 0.984975 0.432028
69 0.509764 0.483295 0.980472 0.43894
1 0.505766 0.482143 0.984975 0.432028
68 0.498346 0.481567 0.993567 0.440092
6 0.503423 0.483007 0.989661 0.439516
22 0.516794 0.482719 0.966412 0.435484
60 0.505766 0.482143 0.984975 0.432028
52 0.516794 0.482719 0.966412 0.435484
7 0.505766 0.482143 0.984975 0.432028
45 0.505766 0.482143 0.984975 0.432028
65 0.505766 0.482143 0.984975 0.432028
2 0.505766 0.482143 0.984975 0.432028
67 0.505766 0.482143 0.984975 0.432028
29 0.498346 0.481567 0.993567 0.440092
66 0.503423 0.483007 0.989661 0.439516
4 0.503032 0.480703 0.987318 0.440668
32 0.499127 0.480127 0.992005 0.440668
0 0.503032 0.480703 0.987318 0.440668
31 0.505766 0.480415 0.983412 0.434332
3 0.505766 0.480415 0.983412 0.434332
57 0.505766 0.480415 0.983412 0.434332
56 0.499127 0.480127 0.992005 0.440668
44 0.508891 0.479551 0.980288 0.434908
2 0.505766 0.480415 0.983412 0.434332
69 0.499127 0.480127 0.992005 0.440668
21 0.503032 0.480703 0.987318 0.440668
45 0.505766 0.480415 0.983412 0.434332
6 0.499127 0.480127 0.992005 0.440668
54 0.499127 0.480127 0.992005 0.440668
1 0.499127 0.480127 0.992005 0.440668
28 0.499127 0.480127 0.992005 0.440668
65 0.505766 0.480415 0.983412 0.434332
22 0.520309 0.480703 0.959383 0.434908
60 0.505766 0.480415 0.983412 0.434332
68 0.499127 0.480127 0.992005 0.440668
7 0.509281 0.480415 0.981069 0.440092
52 0.520309 0.480703 0.959383 0.434908
30 0.503032 0.480703 0.987318 0.440668
5 0.509281 0.480415 0.981069 0.440092
29 0.499127 0.480127 0.992005 0.440668
59 0.499908 0.478975 0.990442 0.440668
36 0.508891 0.479551 0.980288 0.434908
4 0.509764 0.481567 0.980472 0.434332
0 0.50147 0.482431 0.995129 0.432604
32 0.50147 0.482431 0.995129 0.432604
31 0.501861 0.481279 0.992786 0.431452
57 0.501861 0.481279 0.992786 0.431452
56 0.498736 0.480991 0.992786 0.434332
28 0.501861 0.481279 0.992786 0.431452
68 0.501861 0.481279 0.992786 0.431452
3 0.501861 0.481279 0.992786 0.431452
69 0.509672 0.481855 0.980288 0.431452
54 0.499127 0.482143 0.995129 0.436636
44 0.499127 0.482143 0.995129 0.436636
6 0.509672 0.481855 0.980288 0.431452
60 0.498736 0.480991 0.992786 0.434332
22 0.520217 0.482143 0.959198 0.432028
29 0.499908 0.480991 0.993567 0.434332
1 0.488191 0.482143 0.976382 0.434332
4 0.503423 0.478399 0.989661 0.438364
0 0.501079 0.480703 0.994348 0.439516
3 0.503423 0.478399 0.989661 0.438364
28 0.491316 0.477823 0.982631 0.440668
32 0.501079 0.480703 0.994348 0.439516
56 0.497565 0.478111 0.995129 0.441244
54 0.498346 0.478687 0.996691 0.442396
1 0.503423 0.478399 0.989661 0.438364
68 0.498346 0.478687 0.996691 0.442396
5 0.498346 0.478687 0.996691 0.442396
57 0.498346 0.479551 0.996691 0.439516
69 0.498346 0.479551 0.996691 0.439516
6 0.498346 0.479551 0.996691 0.439516
59 0.498346 0.479551 0.996691 0.439516
31 0.498346 0.479551 0.996691 0.439516
10 0.491316 0.477823 0.982631 0.440668
22 0.498346 0.479551 0.996691 0.439516
7 0.498346 0.479551 0.996691 0.439516
21 0.498346 0.479551 0.996691 0.439516
29 0.498346 0.479551 0.996691 0.439516
4 0.510843 0.479263 0.977945 0.442396
32 0.499908 0.479839 0.995129 0.441244
0 0.504594 0.480703 0.98888 0.439516
31 0.510453 0.480127 0.978726 0.440668
54 0.499908 0.479839 0.995129 0.441244
44 0.499908 0.479839 0.995129 0.441244
56 0.499908 0.479263 0.992005 0.435484
3 0.5085 0.479263 0.982631 0.435484
28 0.5085 0.479263 0.982631 0.435484
69 0.510843 0.479263 0.977945 0.442396
6 0.510453 0.480127 0.978726 0.440668
68 0.5085 0.479263 0.982631 0.435484
57 0.5085 0.479263 0.982631 0.435484
22 0.510843 0.479263 0.977945 0.442396
1 0.496002 0.479839 0.985756 0.435484
7 0.510453 0.480127 0.978726 0.440668
59 0.499908 0.479263 0.992005 0.435484
29 0.5085 0.479263 0.982631 0.435484
66 0.499517 0.480127 0.994348 0.437212
67 0.5085 0.479263 0.982631 0.435484
36 0.510062 0.478111 0.977945 0.43894
4 0.510154 0.480991 0.979691 0.436636
0 0.511326 0.480415 0.977348 0.443548
32 0.50147 0.481279 0.993567 0.44182
3 0.510154 0.480991 0.979691 0.436636
57 0.510154 0.480991 0.979691 0.436636
56 0.50147 0.480415 0.992005 0.437788
54 0.50147 0.481279 0.993567 0.44182
44 0.510154 0.480991 0.979691 0.436636
5 0.50147 0.480991 0.993567 0.43894
28 0.50147 0.481279 0.993567 0.44182
21 0.510154 0.480991 0.979691 0.436636
45 0.509373 0.481567 0.981254 0.441244
69 0.50147 0.480991 0.993567 0.43894
31 0.510154 0.480991 0.979691 0.436636
65 0.510154 0.480991 0.979691 0.436636
1 0.498736 0.479263 0.988099 0.440092
66 0.50147 0.480991 0.993567 0.43894
6 0.50147 0.480415 0.992005 0.437788
68 0.498736 0.479263 0.988099 0.440092
4 0.510843 0.479263 0.977945 0.437788
0 0.510935 0.480127 0.978129 0.44182
32 0.499908 0.479551 0.993567 0.44182
31 0.510843 0.479263 0.977945 0.437788
57 0.510843 0.479263 0.977945 0.437788
3 0.510843 0.479263 0.977945 0.437788
69 0.499908 0.479551 0.993567 0.44182
44 0.510935 0.478111 0.978129 0.440092
56 0.499908 0.479551 0.993567 0.44182
45 0.509672 0.480127 0.980288 0.440668
68 0.499908 0.479551 0.993567 0.44182
6 0.510843 0.479263 0.977945 0.437788
28 0.499908 0.479551 0.993567 0.44182
21 0.499908 0.479551 0.993567 0.44182
54 0.499908 0.479551 0.993567 0.44182
65 0.510843 0.479263 0.977945 0.437788
4 0.507719 0.480415 0.977945 0.434332
0 0.510545 0.479839 0.97891 0.443548
32 0.499908 0.481855 0.993567 0.439516
31 0.507719 0.480415 0.977945 0.434332
44 0.507719 0.480415 0.977945 0.434332
54 0.499908 0.481855 0.993567 0.439516
69 0.507719 0.480415 0.977945 0.434332
56 0.507719 0.480415 0.977945 0.434332
65 0.507719 0.480415 0.977945 0.434332
28 0.507719 0.480415 0.977945 0.434332
66 0.499517 0.480127 0.991224 0.437212
3 0.507719 0.480415 0.977945 0.434332
45 0.507328 0.481567 0.980288 0.440092
6 0.507719 0.480415 0.977945 0.434332
68 0.507719 0.480415 0.977945 0.434332
57 0.507719 0.480415 0.977945 0.434332
4 0.510935 0.479551 0.978129 0.438364
32 0.500298 0.481855 0.992786 0.43606
0 0.523043 0.478975 0.953915 0.434908
44 0.510935 0.478687 0.978129 0.436636
3 0.510062 0.480415 0.977945 0.434332
56 0.510935 0.478687 0.978129 0.436636
21 0.510062 0.480415 0.977945 0.434332
31 0.510062 0.480415 0.977945 0.434332
57 0.510062 0.480415 0.977945 0.434332
69 0.523043 0.478975 0.953915 0.434908
54 0.500298 0.481855 0.992786 0.43606
45 0.510935 0.479551 0.978129 0.438364
29 0.500298 0.481855 0.992786 0.43606
28 0.510062 0.480415 0.977945 0.434332
61 0.500298 0.481855 0.992786 0.43606
8 0.500298 0.481855 0.992786 0.43606
65 0.510062 0.480415 0.977945 0.434332
6 0.510062 0.480415 0.977945 0.434332
36 0.510062 0.480415 0.977945 0.434332
4 0.504595 0.480991 0.987318 0.43318
0 0.510935 0.481567 0.978129 0.43894
54 0.499908 0.480703 0.993567 0.439516
32 0.499908 0.480703 0.993567 0.439516
31 0.504595 0.480991 0.987318 0.43318
68 0.499908 0.480703 0.993567 0.439516
44 0.509281 0.480415 0.979507 0.43318
56 0.509281 0.480415 0.979507 0.43318
69 0.504595 0.480991 0.987318 0.43318
28 0.504595 0.480991 0.987318 0.43318
3 0.504595 0.480991 0.987318 0.43318
57 0.509281 0.480415 0.979507 0.43318
45 0.503032 0.481855 0.992005 0.437212
6 0.499908 0.480703 0.993567 0.439516
22 0.520699 0.481567 0.958601 0.436636
66 0.499908 0.480703 0.993567 0.439516
4 0.509672 0.480703 0.978726 0.43606
0 0.511326 0.480991 0.977348 0.441244
32 0.500298 0.480415 0.99591 0.441244
31 0.509672 0.480703 0.978726 0.43606
44 0.510453 0.479839 0.978726 0.437788
54 0.500298 0.480415 0.99591 0.441244
56 0.510935 0.482431 0.978129 0.440668
69 0.510935 0.482431 0.978129 0.440668
45 0.5085 0.481855 0.982631 0.439516
57 0.510453 0.479839 0.978726 0.437788
28 0.510453 0.479839 0.978726 0.437788
21 0.510453 0.479839 0.978726 0.437788
68 0.500298 0.479263 0.992786 0.440092
4 0.510062 0.482143 0.979507 0.440092
32 0.500298 0.482431 0.99591 0.437212
0 0.510062 0.482143 0.979507 0.440092
44 0.505766 0.482143 0.988099 0.434332
69 0.500298 0.482143 0.994348 0.432028
31 0.505766 0.482143 0.988099 0.434332
56 0.509281 0.482719 0.981069 0.436636
54 0.496783 0.482719 0.990442 0.432028
21 0.5085 0.481279 0.979507 0.43606
3 0.510062 0.482143 0.979507 0.440092
65 0.505766 0.482143 0.988099 0.434332
28 0.505766 0.482143 0.988099 0.434332
45 0.503813 0.483007 0.992005 0.437212
4 0.505468 0.479839 0.989065 0.437788
32 0.503813 0.484159 0.992005 0.439516
0 0.503906 0.482719 0.992189 0.440092
31 0.499908 0.478687 0.996691 0.440092
44 0.505468 0.479839 0.989065 0.437788
69 0.510154 0.481279 0.979691 0.440668
56 0.510154 0.481279 0.979691 0.440668
57 0.505468 0.479839 0.989065 0.437788
45 0.499908 0.481855 0.998253 0.44182
4 0.504296 0.481567 0.991408 0.436636
0 0.510935 0.481855 0.978129 0.44182
32 0.500689 0.484159 0.996691 0.43606
31 0.504296 0.481567 0.991408 0.436636
69 0.510935 0.483583 0.978129 0.437212
56 0.510935 0.483583 0.978129 0.437212
44 0.510545 0.480703 0.97891 0.438364
57 0.520309 0.480991 0.959383 0.440092
28 0.510545 0.480703 0.97891 0.438364
54 0.500689 0.484159 0.996691 0.43606
3 0.510935 0.483583 0.978129 0.437212
65 0.510545 0.480703 0.97891 0.438364
4 0.50703 0.479551 0.98594 0.437212
0 0.511717 0.479839 0.976567 0.436636
32 0.499908 0.479551 0.996691 0.440668
31 0.50703 0.479551 0.98594 0.437212
54 0.499908 0.479551 0.996691 0.440668
69 0.511717 0.480415 0.976567 0.43894
56 0.500298 0.478111 0.99591 0.440092
3 0.50703 0.479551 0.98594 0.437212
68 0.500298 0.478111 0.99591 0.440092
44 0.511717 0.479839 0.976567 0.436636
28 0.500298 0.478111 0.99591 0.440092
6 0.500298 0.478111 0.99591 0.440092
57 0.511717 0.479839 0.976567 0.436636
22 0.523433 0.480703 0.953134 0.437212
4 0.506249 0.479263 0.987502 0.437788
32 0.500689 0.480415 0.996691 0.437788
0 0.510935 0.479263 0.978129 0.43894
54 0.500689 0.480415 0.996691 0.437788
31 0.506249 0.479263 0.987502 0.437788
44 0.510935 0.479263 0.978129 0.43894
69 0.503906 0.480991 0.992189 0.437788
3 0.506249 0.479263 0.987502 0.437788
56 0.501079 0.478687 0.994348 0.43894
57 0.510935 0.479263 0.978129 0.43894
45 0.504687 0.480415 0.990627 0.441244
28 0.501079 0.478687 0.994348 0.43894
22 0.519137 0.480127 0.961726 0.438364
4 0.505077 0.478687 0.989846 0.441244
32 0.500298 0.479263 0.997472 0.442396
0 0.510935 0.479263 0.978129 0.440092
31 0.505077 0.478687 0.989846 0.441244
56 0.500298 0.479263 0.997472 0.442396
69 0.503124 0.479263 0.993751 0.440092
54 0.500298 0.479263 0.997472 0.442396
44 0.510935 0.479263 0.978129 0.440092
3 0.505077 0.478687 0.989846 0.441244
57 0.503124 0.479263 0.993751 0.440092
45 0.511717 0.480703 0.976567 0.44182
68 0.500298 0.479263 0.997472 0.442396
21 0.503124 0.479263 0.993751 0.440092
4 0.505468 0.479839 0.989065 0.43894
32 0.499908 0.480127 0.996691 0.44182
31 0.499908 0.480127 0.996691 0.44182
0 0.511326 0.479839 0.977348 0.43894
54 0.499908 0.480127 0.996691 0.44182
3 0.505468 0.479839 0.989065 0.43894
56 0.511326 0.479839 0.977348 0.43894
69 0.519137 0.481279 0.961726 0.438364
57 0.511326 0.479839 0.977348 0.43894
28 0.511326 0.479839 0.977348 0.43894
44 0.511326 0.479839 0.977348 0.43894
68 0.499908 0.480127 0.996691 0.44182
22 0.519137 0.481279 0.961726 0.438364
6 0.511326 0.481279 0.977348 0.439516
4 0.505468 0.481855 0.989065 0.438364
32 0.500689 0.482143 0.998253 0.441244
0 0.505468 0.481855 0.989065 0.438364
3 0.505468 0.481855 0.989065 0.438364
31 0.505468 0.481855 0.989065 0.438364
56 0.505468 0.481855 0.989065 0.438364
54 0.500689 0.482143 0.998253 0.441244
69 0.500689 0.482431 0.998253 0.43606
57 0.511326 0.482143 0.977348 0.437788
44 0.511326 0.482143 0.977348 0.437788
6 0.511717 0.484447 0.976567 0.436636
28 0.500689 0.480415 0.996691 0.441244
1 0.505468 0.481855 0.989065 0.438364
68 0.500689 0.482143 0.998253 0.441244
45 0.504296 0.483007 0.991408 0.440668
21 0.500689 0.482431 0.998253 0.43606
4 0.506249 0.478687 0.987502 0.441244
0 0.510935 0.478687 0.978129 0.441244
32 0.511326 0.479839 0.977348 0.43894
69 0.510935 0.478687 0.978129 0.441244
3 0.506249 0.478687 0.987502 0.441244
56 0.511326 0.479839 0.977348 0.43894
68 0.500689 0.476959 0.996691 0.445853
31 0.510935 0.478687 0.978129 0.441244
28 0.500689 0.476959 0.996691 0.445853
54 0.500689 0.479839 0.998253 0.440092
57 0.510935 0.478687 0.978129 0.441244
21 0.500689 0.479839 0.998253 0.440092
44 0.510935 0.478687 0.978129 0.441244
59 0.500689 0.479839 0.998253 0.440092
4 0.509281 0.480415 0.981069 0.437788
0 0.501079 0.479839 0.994348 0.440092
3 0.509281 0.480415 0.981069 0.437788
32 0.510935 0.482431 0.978129 0.438364
69 0.500689 0.482143 0.995129 0.436636
31 0.510545 0.480415 0.97891 0.437788
56 0.510545 0.480415 0.97891 0.437788
57 0.509281 0.480415 0.981069 0.437788
68 0.509281 0.480415 0.981069 0.437788
21 0.500689 0.482143 0.995129 0.436636
28 0.509281 0.480415 0.981069 0.437788
44 0.510935 0.482431 0.978129 0.438364
54 0.496002 0.480991 0.985756 0.436636
4 0.506157 0.479839 0.987318 0.43894
0 0.510545 0.480415 0.97891 0.43894
32 0.500689 0.480703 0.996691 0.434908
56 0.510545 0.480415 0.97891 0.43894
69 0.500689 0.480703 0.996691 0.434908
31 0.510545 0.480415 0.97891 0.43894
57 0.510545 0.480415 0.97891 0.43894
3 0.506157 0.479839 0.987318 0.43894
68 0.506157 0.479839 0.987318 0.43894
28 0.506157 0.479839 0.987318 0.43894
44 0.510545 0.482143 0.97891 0.440092
21 0.500689 0.480703 0.996691 0.434908
45 0.505858 0.481855 0.988283 0.439516
4 0.510935 0.481855 0.978129 0.44182
32 0.500298 0.480415 0.997472 0.4447
0 0.52109 0.481855 0.95782 0.438364
31 0.510935 0.481855 0.978129 0.44182
57 0.52109 0.481855 0.95782 0.438364
56 0.510935 0.481855 0.978129 0.44182
3 0.511326 0.481279 0.977348 0.440668
44 0.510935 0.481855 0.978129 0.44182
69 0.52109 0.481855 0.95782 0.438364
45 0.504687 0.481567 0.990627 0.443548
21 0.52109 0.481855 0.95782 0.438364
4 0.510935 0.479839 0.978129 0.440092
0 0.510935 0.479839 0.978129 0.440092
32 0.500689 0.481855 0.998253 0.440668
56 0.510935 0.479839 0.978129 0.440092
28 0.501079 0.483295 0.997472 0.43894
69 0.501079 0.483295 0.997472 0.43894
3 0.503515 0.480415 0.99297 0.43894
54 0.501079 0.483295 0.997472 0.43894
57 0.510935 0.479839 0.978129 0.440092
5 0.501079 0.483295 0.997472 0.43894
44 0.510935 0.479839 0.978129 0.440092
68 0.501079 0.483295 0.997472 0.43894
8 0.501079 0.483295 0.997472 0.43894
21 0.501079 0.483295 0.997472 0.43894
4 0.503515 0.479839 0.99297 0.441244
0 0.500298 0.478111 0.99591 0.4447
32 0.499908 0.478687 0.996691 0.4447
69 0.499908 0.479263 0.996691 0.440092
3 0.503515 0.479839 0.99297 0.441244
56 0.511326 0.480415 0.977348 0.440092
57 0.503515 0.479839 0.99297 0.441244
31 0.510935 0.479839 0.978129 0.440092
28 0.500298 0.478111 0.99591 0.4447
44 0.503515 0.479839 0.99297 0.441244
54 0.495221 0.478111 0.98888 0.442396
21 0.510935 0.479839 0.978129 0.440092
68 0.500298 0.478111 0.99591 0.4447
45 0.502734 0.480127 0.994532 0.44182
4 0.504687 0.480415 0.990627 0.441244
32 0.500689 0.480991 0.996691 0.443548
0 0.511326 0.481567 0.977348 0.4447
56 0.511326 0.481567 0.977348 0.441244
31 0.504687 0.480415 0.990627 0.441244
44 0.504687 0.480415 0.990627 0.441244
69 0.500689 0.480991 0.995129 0.437788
57 0.510935 0.479839 0.978129 0.442396
54 0.504687 0.480415 0.990627 0.441244
45 0.503906 0.481855 0.992189 0.442972
28 0.504687 0.480415 0.990627 0.441244
21 0.500689 0.480991 0.995129 0.437788
3 0.511326 0.481567 0.977348 0.441244
4 0.505858 0.479839 0.988283 0.43894
32 0.50147 0.481279 0.996691 0.438364
0 0.511717 0.481279 0.976567 0.440668
57 0.505858 0.479839 0.988283 0.43894
31 0.505858 0.479839 0.988283 0.43894
44 0.510935 0.479839 0.978129 0.43894
21 0.503515 0.480703 0.99297 0.434908
56 0.510935 0.479839 0.978129 0.43894
69 0.503515 0.480703 0.99297 0.434908
45 0.511717 0.481279 0.976567 0.440668
54 0.50147 0.481279 0.996691 0.438364
4 0.503906 0.479839 0.992189 0.43894
32 0.500689 0.480991 0.996691 0.436636
0 0.511717 0.480127 0.976567 0.439516
3 0.503906 0.479839 0.992189 0.43894
56 0.511717 0.480991 0.976567 0.436636
69 0.50147 0.479263 0.995129 0.440092
57 0.503906 0.479839 0.992189 0.43894
44 0.511717 0.479839 0.976567 0.437788
28 0.50147 0.479263 0.995129 0.440092
21 0.502734 0.480703 0.994532 0.43606
4 0.503124 0.479263 0.993751 0.437788
0 0.510453 0.479263 0.978726 0.437788
32 0.510545 0.484447 0.97891 0.434332
56 0.510545 0.484447 0.97891 0.434332
69 0.500689 0.483583 0.995129 0.432604
31 0.510453 0.479263 0.978726 0.437788
44 0.510453 0.479263 0.978726 0.437788
45 0.502734 0.480991 0.994532 0.437788
28 0.510453 0.479263 0.978726 0.437788
57 0.503124 0.479263 0.993751 0.437788
54 0.510453 0.479263 0.978726 0.437788
4 0.503032 0.479839 0.990442 0.436636
0 0.509672 0.479263 0.977164 0.436636
32 0.500298 0.479839 0.992786 0.436636
31 0.500298 0.479839 0.992786 0.436636
54 0.503032 0.479839 0.990442 0.436636
28 0.500298 0.479839 0.992786 0.436636
56 0.509672 0.479263 0.977164 0.436636
69 0.499908 0.482143 0.993567 0.435484
68 0.500298 0.479839 0.992786 0.436636
44 0.509672 0.479263 0.977164 0.436636
57 0.500298 0.479839 0.992786 0.436636
6 0.500298 0.479839 0.992786 0.436636
8 0.499908 0.482143 0.993567 0.435484
4 0.503423 0.480415 0.992786 0.437788
0 0.511326 0.481567 0.977348 0.436636
32 0.511326 0.483007 0.977348 0.434908
31 0.503423 0.480415 0.992786 0.437788
56 0.511326 0.483007 0.977348 0.434908
44 0.510843 0.480991 0.977945 0.436636
69 0.511326 0.483007 0.977348 0.434908
45 0.501953 0.480991 0.996094 0.436636
4 0.504595 0.479551 0.990442 0.437212
0 0.511326 0.480415 0.977348 0.437788
32 0.500689 0.480127 0.995129 0.437212
31 0.504595 0.479551 0.990442 0.437212
56 0.511717 0.481855 0.976567 0.434908
57 0.518356 0.479263 0.963288 0.436636
69 0.511717 0.481855 0.976567 0.434908
45 0.503124 0.480703 0.993751 0.437212
3 0.511717 0.481855 0.976567 0.434908
44 0.510843 0.479263 0.977945 0.437788
4 0.504985 0.480415 0.989661 0.435484
32 0.500689 0.481279 0.995129 0.43606
0 0.510545 0.480415 0.97891 0.437788
31 0.504985 0.480415 0.989661 0.435484
56 0.510545 0.481567 0.97891 0.43318
69 0.510545 0.481567 0.97891 0.43318
57 0.500689 0.479551 0.992005 0.437212
44 0.509672 0.479551 0.978726 0.43606
45 0.503032 0.480991 0.993567 0.436636
4 0.503032 0.480415 0.993567 0.43894
32 0.500298 0.480415 0.99591 0.440092
0 0.510453 0.479839 0.978726 0.43894
69 0.500689 0.480703 0.995129 0.433756
56 0.510935 0.480991 0.978129 0.435484
31 0.503032 0.480415 0.993567 0.43894
3 0.503032 0.480415 0.993567 0.43894
57 0.500689 0.480703 0.995129 0.433756
21 0.500689 0.480703 0.995129 0.433756
59 0.500689 0.480703 0.995129 0.433756
44 0.510453 0.479839 0.978726 0.43894
4 0.504204 0.480415 0.991224 0.43894
32 0.501079 0.479839 0.994348 0.4447
0 0.50147 0.479263 0.992005 0.441244
56 0.510843 0.480703 0.977945 0.439516
31 0.50147 0.480415 0.993567 0.437788
69 0.50147 0.480415 0.993567 0.437788
57 0.504204 0.480415 0.991224 0.43894
68 0.50147 0.480415 0.993567 0.437788
3 0.504204 0.480415 0.991224 0.43894
59 0.50147 0.480415 0.993567 0.437788
44 0.510843 0.480703 0.977945 0.439516
28 0.50147 0.479263 0.992005 0.441244
45 0.502642 0.481279 0.994348 0.442972
4 0.502251 0.479551 0.995129 0.439516
0 0.509281 0.479263 0.981069 0.43894
32 0.499908 0.479263 0.996691 0.443548
69 0.499908 0.479551 0.995129 0.434908
56 0.510154 0.479839 0.979691 0.434332
57 0.518356 0.479551 0.963288 0.439516
28 0.499517 0.477823 0.994348 0.442972
68 0.499908 0.479551 0.995129 0.434908
3 0.502251 0.479551 0.995129 0.439516
54 0.499908 0.479263 0.996691 0.443548
59 0.499908 0.479551 0.995129 0.434908
44 0.509281 0.479263 0.981069 0.43894
31 0.499908 0.479551 0.995129 0.434908
4 0.50147 0.478975 0.990442 0.43606
32 0.499127 0.480415 0.995129 0.437788
0 0.509281 0.478975 0.977945 0.43606
56 0.509281 0.478975 0.977945 0.43606
54 0.499127 0.480415 0.995129 0.437788
31 0.50147 0.478975 0.990442 0.43606
3 0.50147 0.478975 0.990442 0.43606
69 0.499127 0.480415 0.992005 0.435484
28 0.499127 0.478687 0.992005 0.43894
44 0.509281 0.478975 0.977945 0.43606
59 0.499127 0.480415 0.992005 0.435484
68 0.499127 0.480415 0.992005 0.435484
5 0.499127 0.480415 0.992005 0.435484
1 0.499127 0.480415 0.995129 0.437788
57 0.499127 0.480415 0.992005 0.435484
8 0.499127 0.480415 0.992005 0.435484
6 0.499127 0.480415 0.992005 0.435484
21 0.499127 0.480415 0.992005 0.435484
7 0.499127 0.480415 0.992005 0.435484
4 0.499908 0.478975 0.995129 0.437212
3 0.502251 0.477823 0.992005 0.437212
32 0.499908 0.478975 0.995129 0.437212
0 0.502251 0.477823 0.992005 0.437212
69 0.499908 0.479839 0.993567 0.435484
56 0.510062 0.477823 0.976382 0.43606
59 0.499908 0.479839 0.993567 0.435484
21 0.499908 0.479839 0.993567 0.435484
5 0.499908 0.479839 0.993567 0.435484
57 0.499908 0.479839 0.993567 0.435484
44 0.510062 0.477823 0.976382 0.43606
31 0.499908 0.478975 0.995129 0.437212
68 0.499908 0.479839 0.993567 0.435484
28 0.499908 0.478975 0.995129 0.437212
6 0.499908 0.479839 0.993567 0.435484
22 0.499908 0.479839 0.993567 0.435484
54 0.499908 0.478975 0.995129 0.437212
52 0.499908 0.479839 0.993567 0.435484
7 0.499908 0.479839 0.993567 0.435484
4 0.502251 0.480415 0.98888 0.436636
32 0.499908 0.482143 0.993567 0.43894
31 0.499517 0.480127 0.991224 0.438364
0 0.507719 0.479551 0.977945 0.438364
56 0.507719 0.479551 0.977945 0.438364
44 0.507719 0.479551 0.977945 0.438364
45 0.50147 0.481855 0.992005 0.439516
69 0.499127 0.482431 0.992005 0.434908
21 0.499127 0.482431 0.992005 0.434908
66 0.499127 0.482431 0.992005 0.434908
57 0.499127 0.482431 0.992005 0.434908
8 0.499127 0.482431 0.992005 0.434908
3 0.507719 0.482431 0.979507 0.43606
4 0.503032 0.479839 0.992005 0.436636
32 0.500689 0.480127 0.995129 0.438364
0 0.510062 0.479263 0.977945 0.435484
31 0.503032 0.479839 0.992005 0.436636
56 0.510062 0.479263 0.977945 0.435484
69 0.517965 0.479839 0.964069 0.434332
44 0.510062 0.479263 0.977945 0.435484
54 0.500689 0.480127 0.995129 0.438364
3 0.503032 0.479839 0.992005 0.436636
68 0.500298 0.480415 0.992786 0.434332
59 0.500298 0.480415 0.992786 0.434332
57 0.517965 0.479839 0.964069 0.434332
28 0.510062 0.479263 0.977945 0.435484
45 0.502251 0.480703 0.995129 0.437212
4 0.505376 0.480703 0.98888 0.433756
32 0.500298 0.482431 0.99591 0.43606
0 0.511717 0.481279 0.976567 0.437212
31 0.499908 0.479839 0.995129 0.436636
69 0.511326 0.482143 0.977348 0.432028
56 0.499908 0.479839 0.995129 0.436636
57 0.518746 0.480415 0.962507 0.434332
3 0.510453 0.479839 0.977164 0.434332
44 0.510453 0.479839 0.977164 0.434332
28 0.499908 0.479839 0.995129 0.436636
4 0.503813 0.479551 0.990442 0.43606
32 0.500689 0.480415 0.995129 0.437788
0 0.511717 0.480415 0.976567 0.437788
69 0.511717 0.481567 0.976567 0.434332
56 0.511717 0.481567 0.976567 0.434332
31 0.503813 0.479551 0.990442 0.43606
57 0.519137 0.480127 0.961726 0.43606
44 0.511234 0.478687 0.977164 0.436636
4 0.505376 0.479263 0.987318 0.441244
0 0.511717 0.481279 0.976567 0.439516
32 0.501861 0.479839 0.992786 0.441244
31 0.505376 0.479263 0.987318 0.441244
69 0.511717 0.480415 0.976567 0.436636
56 0.523043 0.480127 0.953915 0.439516
21 0.523043 0.480127 0.953915 0.439516
57 0.503813 0.479839 0.992005 0.437788
3 0.505376 0.479263 0.987318 0.441244
44 0.510843 0.479263 0.977945 0.440092
4 0.502251 0.480415 0.98888 0.437788
0 0.509672 0.481279 0.977164 0.439516
32 0.500298 0.480703 0.992786 0.440668
31 0.502251 0.480415 0.98888 0.437788
57 0.521388 0.481279 0.956855 0.43606
69 0.509281 0.481855 0.977945 0.43606
56 0.509281 0.481855 0.977945 0.43606
44 0.508891 0.480415 0.977164 0.437788
45 0.501861 0.480991 0.991224 0.440092
21 0.521779 0.480991 0.954511 0.436636
4 0.502251 0.480415 0.995129 0.442396
32 0.50147 0.480415 0.993567 0.442396
0 0.50147 0.479551 0.992005 0.440668
31 0.50147 0.479551 0.992005 0.440668
69 0.510545 0.480991 0.97891 0.440092
56 0.510545 0.480991 0.97891 0.440092
57 0.518746 0.479839 0.962507 0.440092
28 0.50147 0.479551 0.992005 0.440668
44 0.510062 0.479263 0.977945 0.440092
3 0.50147 0.479551 0.992005 0.440668
4 0.503032 0.480127 0.993567 0.439516
0 0.511717 0.480991 0.976567 0.442396
32 0.500689 0.480991 0.995129 0.441244
31 0.503032 0.480127 0.993567 0.439516
69 0.511717 0.483007 0.976567 0.438364
56 0.500689 0.479551 0.995129 0.44182
28 0.500689 0.479551 0.995129 0.44182
57 0.52109 0.481279 0.95782 0.438364
44 0.510843 0.479551 0.977945 0.439516
45 0.502343 0.480991 0.995313 0.442396
54 0.500689 0.480991 0.995129 0.441244
4 0.505858 0.479263 0.988283 0.436636
0 0.500689 0.478687 0.995129 0.43894
32 0.500689 0.478687 0.995129 0.43894
31 0.500689 0.478687 0.995129 0.43894
28 0.500689 0.478687 0.995129 0.43894
69 0.511717 0.482143 0.976567 0.436636
54 0.500689 0.480703 0.996691 0.439516
56 0.500689 0.478687 0.995129 0.43894
57 0.519137 0.479551 0.961726 0.437212
68 0.500689 0.478687 0.995129 0.43894
44 0.511326 0.478111 0.977348 0.437788
45 0.504687 0.480415 0.990627 0.440092
4 0.507719 0.479839 0.984194 0.437788
32 0.501079 0.480703 0.994348 0.438364
0 0.511326 0.480415 0.977348 0.440092
31 0.50147 0.479263 0.992005 0.440092
56 0.50147 0.479263 0.992005 0.440092
69 0.511326 0.481567 0.977348 0.436636
54 0.501079 0.480703 0.994348 0.438364
28 0.50147 0.479263 0.992005 0.440092
44 0.50147 0.479263 0.992005 0.440092
57 0.517184 0.479839 0.965631 0.436636
4 0.505468 0.480415 0.989065 0.435484
32 0.50147 0.481855 0.993567 0.43606
0 0.512107 0.480415 0.975786 0.440092
31 0.505468 0.480415 0.989065 0.435484
56 0.512107 0.481567 0.975786 0.437788
69 0.512107 0.481567 0.975786 0.437788
54 0.50147 0.481855 0.993567 0.43606
21 0.519137 0.479263 0.961726 0.437788
4 0.505468 0.480415 0.989065 0.436636
32 0.501079 0.480991 0.994348 0.43894
31 0.505468 0.480415 0.989065 0.436636
0 0.511717 0.480415 0.976567 0.441244
56 0.501861 0.480415 0.992786 0.437788
69 0.511326 0.481279 0.977348 0.437212
54 0.501079 0.480991 0.994348 0.43894
57 0.519918 0.479551 0.960164 0.439516
44 0.511326 0.479263 0.977348 0.43894
28 0.501861 0.480415 0.992786 0.437788
4 0.505376 0.479839 0.98888 0.437788
32 0.50147 0.480415 0.995129 0.440092
31 0.505376 0.479839 0.98888 0.437788
0 0.501861 0.479263 0.992786 0.43894
56 0.501861 0.479263 0.992786 0.43894
69 0.510935 0.480991 0.978129 0.436636
44 0.510935 0.478975 0.978129 0.438364
57 0.501861 0.479263 0.992786 0.43894
45 0.504296 0.480703 0.991408 0.439516
28 0.501861 0.479263 0.992786 0.43894
66 0.50147 0.480991 0.993567 0.435484
6 0.501861 0.479263 0.992786 0.43894
4 0.506157 0.479839 0.987318 0.435484
32 0.500689 0.479839 0.995129 0.43894
31 0.506157 0.479839 0.987318 0.435484
0 0.510843 0.479263 0.977945 0.435484
44 0.510843 0.479263 0.977945 0.435484
56 0.510843 0.481279 0.977945 0.433756
69 0.510843 0.481279 0.977945 0.433756
54 0.500689 0.479839 0.995129 0.43894
57 0.518746 0.480415 0.962507 0.435484
28 0.500298 0.478687 0.992786 0.43894
66 0.500689 0.480415 0.993567 0.435484
45 0.505376 0.480415 0.98888 0.437788
68 0.500689 0.480415 0.993567 0.435484
4 0.503813 0.479839 0.992005 0.436636
31 0.503813 0.479839 0.992005 0.436636
32 0.500689 0.480127 0.995129 0.440668
0 0.500689 0.478111 0.992005 0.440092
56 0.500689 0.478111 0.992005 0.440092
44 0.510062 0.479839 0.977945 0.436636
69 0.510843 0.481279 0.977945 0.434908
8 0.50147 0.480127 0.993567 0.43606
57 0.50147 0.480127 0.993567 0.43606
54 0.500689 0.480127 0.995129 0.440668
66 0.50147 0.480127 0.993567 0.43606
45 0.503032 0.480991 0.993567 0.43894
4 0.504595 0.480415 0.990442 0.436636
32 0.500689 0.480415 0.995129 0.440092
0 0.501079 0.478687 0.994348 0.440092
31 0.504595 0.480415 0.990442 0.436636
56 0.501079 0.478687 0.994348 0.440092
69 0.510935 0.482719 0.978129 0.435484
28 0.501079 0.478687 0.994348 0.440092
54 0.500689 0.480415 0.995129 0.440092
57 0.518746 0.481567 0.962507 0.435484
68 0.501079 0.478687 0.994348 0.440092
4 0.503813 0.479263 0.992005 0.437788
32 0.500298 0.479839 0.99591 0.441244
0 0.500689 0.478111 0.995129 0.440092
31 0.503813 0.479263 0.992005 0.437788
56 0.500689 0.478111 0.995129 0.440092
54 0.500298 0.479839 0.99591 0.441244
69 0.511717 0.480991 0.976567 0.437788
28 0.500689 0.478111 0.995129 0.440092
57 0.517575 0.480703 0.96485 0.438364
44 0.510843 0.478975 0.977945 0.438364
68 0.500689 0.479263 0.995129 0.437788
4 0.511717 0.482143 0.976567 0.440092
32 0.500689 0.480703 0.995129 0.440668
31 0.505376 0.479551 0.98888 0.438364
0 0.511717 0.481567 0.976567 0.440092
56 0.511717 0.482143 0.976567 0.440092
54 0.500689 0.480703 0.995129 0.440668
69 0.511717 0.482143 0.976567 0.440092
44 0.510843 0.480127 0.977945 0.438364
4 0.504595 0.480127 0.990442 0.43606
31 0.504595 0.480127 0.990442 0.43606
32 0.500689 0.480415 0.995129 0.437788
0 0.511624 0.481567 0.976382 0.437788
44 0.510843 0.480415 0.977945 0.435484
54 0.500689 0.480415 0.995129 0.437788
56 0.517575 0.480991 0.96485 0.435484
57 0.503423 0.480415 0.992786 0.436636
45 0.511624 0.481567 0.976382 0.437788
69 0.517575 0.480991 0.96485 0.435484
21 0.519918 0.480703 0.960164 0.434908
4 0.504595 0.479839 0.990442 0.436636
32 0.500689 0.480991 0.995129 0.436636
0 0.511717 0.481567 0.976567 0.437788
31 0.504595 0.479839 0.990442 0.436636
54 0.500689 0.480991 0.995129 0.436636
56 0.520309 0.480415 0.959383 0.434332
21 0.520309 0.480415 0.959383 0.434332
69 0.520309 0.480415 0.959383 0.434332
4 0.511326 0.482719 0.977348 0.437788
32 0.500689 0.482143 0.995129 0.437788
0 0.511717 0.481567 0.976567 0.440092
31 0.503813 0.479839 0.992005 0.437788
56 0.511326 0.482719 0.977348 0.437788
21 0.503032 0.482431 0.993567 0.438364
69 0.511326 0.482719 0.977348 0.437788
4 0.505077 0.478687 0.989846 0.436636
31 0.505077 0.478687 0.989846 0.436636
0 0.512107 0.480415 0.975786 0.437788
32 0.500689 0.479839 0.995129 0.436636
57 0.503906 0.480415 0.992189 0.436636
56 0.520309 0.479263 0.959383 0.435484
21 0.520309 0.479263 0.959383 0.435484
4 0.505376 0.479263 0.98888 0.436636
31 0.505376 0.479263 0.98888 0.436636
32 0.501079 0.479839 0.994348 0.43894
0 0.511717 0.480703 0.976567 0.439516
57 0.503813 0.480127 0.992005 0.438364
56 0.519137 0.479839 0.961726 0.435484
21 0.519137 0.479839 0.961726 0.435484
45 0.511717 0.480703 0.976567 0.439516
4 0.505376 0.479839 0.98888 0.437788
32 0.500689 0.480991 0.995129 0.43894
31 0.505376 0.479839 0.98888 0.437788
0 0.511326 0.481567 0.977348 0.43894
57 0.504595 0.481279 0.990442 0.438364
56 0.50147 0.478687 0.993567 0.440092
69 0.510843 0.481567 0.977945 0.43894
4 0.504595 0.479263 0.987318 0.436636
32 0.500689 0.480127 0.995129 0.438364
31 0.500689 0.478975 0.992005 0.438364
0 0.510843 0.480127 0.977945 0.438364
56 0.500689 0.478975 0.992005 0.438364
69 0.510062 0.480415 0.977945 0.436636
28 0.500689 0.478975 0.992005 0.438364
57 0.514841 0.479551 0.970318 0.43606
54 0.500689 0.480127 0.995129 0.438364
4 0.504595 0.478687 0.990442 0.436636
32 0.500689 0.479263 0.995129 0.437788
31 0.504595 0.478687 0.990442 0.436636
0 0.511234 0.479839 0.977164 0.437788
56 0.517575 0.479263 0.96485 0.434332
57 0.503032 0.480127 0.992005 0.438364
54 0.500689 0.479263 0.995129 0.437788
4 0.504594 0.479263 0.98888 0.435484
32 0.500689 0.480127 0.995129 0.43606
0 0.510843 0.480127 0.977945 0.437212
31 0.504594 0.479263 0.98888 0.435484
69 0.510453 0.480703 0.978726 0.43606
56 0.510453 0.480703 0.978726 0.43606
54 0.500689 0.480127 0.995129 0.43606
57 0.502642 0.480703 0.991224 0.43606
4 0.503032 0.479263 0.992005 0.436636
32 0.500689 0.480127 0.995129 0.438364
0 0.511234 0.480127 0.977164 0.438364
31 0.503032 0.479263 0.992005 0.436636
56 0.510062 0.480415 0.977945 0.436636
69 0.510062 0.480415 0.977945 0.436636
4 0.504204 0.479839 0.991224 0.436636
32 0.500689 0.480415 0.995129 0.437788
0 0.511326 0.480415 0.977348 0.437788
31 0.504204 0.479839 0.991224 0.436636
56 0.510843 0.481279 0.977945 0.43606
69 0.510843 0.481279 0.977945 0.43606
4 0.509672 0.480991 0.977164 0.434332
32 0.500298 0.480415 0.994348 0.435484
31 0.503032 0.479551 0.990442 0.433756
0 0.510843 0.480127 0.976382 0.43606
56 0.509672 0.480991 0.977164 0.434332
69 0.509672 0.480991 0.977164 0.434332
57 0.500689 0.478687 0.992005 0.435484
28 0.500689 0.478687 0.992005 0.435484
4 0.510062 0.482143 0.976382 0.436636
32 0.500689 0.481279 0.995129 0.438364
31 0.503032 0.480415 0.990442 0.436636
0 0.510843 0.481279 0.976382 0.438364
56 0.500689 0.479839 0.992005 0.437788
69 0.510062 0.482143 0.976382 0.436636
28 0.500689 0.479839 0.992005 0.437788
54 0.500689 0.481279 0.995129 0.438364
57 0.500689 0.479839 0.992005 0.437788
4 0.503813 0.480415 0.990442 0.435484
32 0.501079 0.481567 0.994348 0.437788
31 0.503813 0.480415 0.990442 0.435484
0 0.511624 0.480991 0.976382 0.43894
56 0.510843 0.482143 0.977945 0.437788
54 0.501079 0.481567 0.994348 0.437788
69 0.510843 0.482143 0.977945 0.437788
68 0.501079 0.481567 0.994348 0.437788
4 0.509672 0.482143 0.977164 0.436636
32 0.501079 0.481567 0.994348 0.437788
31 0.503032 0.480415 0.990442 0.436636
0 0.510062 0.480991 0.977945 0.43894
56 0.509672 0.482143 0.977164 0.436636
69 0.509672 0.482143 0.977164 0.436636
4 0.510843 0.482143 0.977945 0.436636
31 0.504594 0.480415 0.98888 0.436636
32 0.501079 0.481279 0.994348 0.438364
0 0.511234 0.480991 0.977164 0.43894
56 0.510843 0.482143 0.977945 0.436636
69 0.517965 0.480415 0.964069 0.436636
57 0.517965 0.480415 0.964069 0.436636
4 0.511326 0.481567 0.977348 0.437788
31 0.503813 0.479839 0.992005 0.437788
32 0.50147 0.480415 0.995129 0.43894
0 0.511717 0.480415 0.976567 0.440092
56 0.511326 0.481567 0.977348 0.437788
69 0.516403 0.479551 0.967194 0.437212
4 0.511717 0.482143 0.976567 0.43894
31 0.503813 0.479839 0.992005 0.436636
32 0.501079 0.480415 0.994348 0.437788
0 0.511717 0.480415 0.976567 0.440092
56 0.511717 0.482143 0.976567 0.43894
69 0.516403 0.479551 0.967194 0.437212
4 0.504204 0.479263 0.991224 0.436636
32 0.501079 0.480127 0.994348 0.438364
31 0.501079 0.480127 0.994348 0.438364
0 0.511717 0.479839 0.976567 0.43894
56 0.511326 0.481279 0.977348 0.438364
54 0.501079 0.480127 0.994348 0.438364
69 0.516794 0.478975 0.966412 0.437212
4 0.511326 0.481567 0.977348 0.436636
32 0.500689 0.480415 0.995129 0.437788
31 0.503813 0.479263 0.992005 0.436636
0 0.511717 0.480127 0.976567 0.438364
56 0.511326 0.481567 0.977348 0.436636
69 0.511326 0.481567 0.977348 0.436636
57 0.516794 0.479263 0.966412 0.436636
4 0.503813 0.478975 0.990442 0.437212
31 0.503813 0.478975 0.990442 0.437212
32 0.500689 0.480127 0.995129 0.438364
0 0.511234 0.479839 0.977164 0.43894
56 0.510843 0.480991 0.977945 0.43894
57 0.516403 0.478975 0.967194 0.437212
69 0.510843 0.480991 0.977945 0.43894
4 0.510843 0.480991 0.977945 0.437788
32 0.500689 0.480415 0.995129 0.437788
31 0.500689 0.480415 0.995129 0.437788
0 0.510843 0.479839 0.977945 0.43894
56 0.510843 0.480991 0.977945 0.437788
69 0.510843 0.480991 0.977945 0.437788
57 0.516013 0.479263 0.967975 0.437788
4 0.510062 0.481279 0.977945 0.437212
31 0.503423 0.479263 0.989661 0.436636
32 0.501079 0.480415 0.994348 0.436636
0 0.510843 0.480127 0.977945 0.438364
56 0.510062 0.481279 0.977945 0.437212
69 0.510062 0.481279 0.977945 0.437212
57 0.516311 0.479263 0.967009 0.436636
4 0.503032 0.479263 0.990442 0.437788
32 0.500689 0.480127 0.995129 0.438364
31 0.503032 0.479263 0.990442 0.437788
0 0.511234 0.480127 0.977164 0.439516
56 0.510062 0.481279 0.977945 0.439516
69 0.515622 0.479263 0.968756 0.437788
54 0.500689 0.480127 0.995129 0.438364
4 0.502251 0.479839 0.992005 0.436636
32 0.500689 0.480415 0.995129 0.437788
31 0.502251 0.479839 0.992005 0.436636
0 0.510843 0.480415 0.977945 0.43894
56 0.510062 0.481567 0.977945 0.437788
69 0.515232 0.479839 0.969537 0.436636
54 0.500689 0.480415 0.995129 0.437788
4 0.502251 0.479263 0.992005 0.436636
32 0.500689 0.479839 0.995129 0.437788
31 0.502251 0.479263 0.992005 0.436636
0 0.510843 0.479839 0.977945 0.43894
56 0.510062 0.481279 0.977945 0.438364
69 0.510062 0.481279 0.977945 0.438364
54 0.500689 0.479839 0.995129 0.437788
4 0.503813 0.479263 0.990442 0.436636
32 0.500689 0.480127 0.995129 0.437212
31 0.503813 0.479263 0.990442 0.436636
0 0.511234 0.479839 0.977164 0.43894
56 0.510843 0.480991 0.977945 0.437788
69 0.510843 0.480991 0.977945 0.437788
4 0.503032 0.479839 0.990442 0.436636
32 0.500689 0.480703 0.995129 0.438364
31 0.500689 0.478687 0.992005 0.43894
0 0.510843 0.480415 0.977945 0.440092
56 0.510062 0.481567 0.977945 0.437788
69 0.510062 0.481567 0.977945 0.437788
57 0.516311 0.479839 0.967009 0.437788
4 0.503032 0.479551 0.990442 0.437212
32 0.500689 0.479839 0.995129 0.43894
31 0.500689 0.478111 0.992005 0.440092
0 0.510843 0.480415 0.977945 0.440092
56 0.510453 0.481567 0.977164 0.437788
69 0.510453 0.481567 0.977164 0.437788
57 0.51553 0.479263 0.968571 0.437788
28 0.500689 0.478111 0.992005 0.440092
4 0.503032 0.479263 0.990442 0.436636
32 0.500689 0.479839 0.995129 0.43894
31 0.503032 0.479263 0.990442 0.436636
0 0.511234 0.480415 0.977164 0.440092
56 0.510062 0.481567 0.977945 0.43894
69 0.510062 0.481567 0.977945 0.43894
57 0.516013 0.479839 0.967975 0.437788
4 0.503032 0.479839 0.990442 0.436636
32 0.500689 0.480415 0.995129 0.43894
31 0.500689 0.478687 0.992005 0.43894
0 0.511234 0.480415 0.977164 0.440092
56 0.510453 0.481855 0.977164 0.438364
69 0.510453 0.481855 0.977164 0.438364
57 0.516403 0.479839 0.967194 0.437788
4 0.503813 0.479551 0.990442 0.437212
32 0.501079 0.479839 0.994348 0.43894
31 0.503813 0.479551 0.990442 0.437212
0 0.511234 0.480127 0.977164 0.439516
56 0.510062 0.481567 0.977945 0.43894
69 0.510062 0.481567 0.977945 0.43894
54 0.501079 0.479839 0.994348 0.43894
57 0.516794 0.479263 0.966412 0.437788
4 0.503032 0.479263 0.992005 0.436636
32 0.500689 0.479839 0.995129 0.43894
31 0.500689 0.478399 0.992005 0.439516
0 0.511234 0.480415 0.977164 0.440092
56 0.510843 0.481567 0.977945 0.43894
69 0.510843 0.481567 0.977945 0.43894
57 0.516013 0.479263 0.967975 0.437788
4 0.503423 0.479263 0.991224 0.436636
32 0.500689 0.480127 0.995129 0.438364
31 0.503423 0.479263 0.991224 0.436636
0 0.510843 0.480127 0.977945 0.439516
56 0.510453 0.481567 0.977164 0.437788
69 0.510453 0.481567 0.977164 0.437788
57 0.516013 0.479263 0.967975 0.437788
54 0.500689 0.480127 0.995129 0.438364
4 0.511717 0.479263 0.976567 0.43894
32 0.500689 0.479263 0.998253 0.442396
0 0.512498 0.480415 0.975005 0.441244
56 0.511717 0.481855 0.976567 0.44182
54 0.500689 0.479263 0.998253 0.442396
69 0.501079 0.479839 0.997472 0.440092
31 0.503124 0.478975 0.993751 0.439516
8 0.501079 0.479839 0.997472 0.440092
4 0.511717 0.479263 0.976567 0.43894
32 0.500689 0.479551 0.998253 0.44182
0 0.512498 0.480415 0.975005 0.441244
56 0.511717 0.482143 0.976567 0.441244
54 0.500689 0.479551 0.998253 0.44182
69 0.516794 0.479551 0.966412 0.439516
31 0.503124 0.479263 0.993751 0.43894
4 0.511717 0.479263 0.976567 0.43894
32 0.500689 0.479839 0.998253 0.441244
0 0.512498 0.480703 0.975005 0.440668
56 0.511717 0.482143 0.976567 0.441244
54 0.500689 0.479839 0.998253 0.441244
69 0.516013 0.479839 0.967975 0.43894
66 0.501079 0.480415 0.997472 0.43894
4 0.503124 0.479839 0.993751 0.43894
32 0.500689 0.479839 0.998253 0.441244
0 0.516013 0.479839 0.967975 0.43894
56 0.512107 0.482143 0.975786 0.441244
54 0.500689 0.479839 0.998253 0.441244
69 0.516013 0.479839 0.967975 0.43894
66 0.501079 0.480415 0.997472 0.440092
8 0.501079 0.480415 0.997472 0.440092
4 0.503124 0.479263 0.993751 0.43894
32 0.500689 0.479839 0.998253 0.441244
0 0.512498 0.480991 0.975005 0.441244
54 0.500689 0.479839 0.998253 0.441244
56 0.512107 0.481855 0.975786 0.440668
66 0.50147 0.480415 0.996691 0.43894
69 0.516013 0.479839 0.967975 0.43894
31 0.503124 0.479263 0.993751 0.43894
4 0.503124 0.479263 0.993751 0.43894
32 0.500689 0.480127 0.998253 0.440668
0 0.512498 0.480991 0.975005 0.441244
56 0.511717 0.482143 0.976567 0.441244
54 0.500689 0.480127 0.998253 0.440668
69 0.516013 0.479839 0.967975 0.43894
66 0.501079 0.480703 0.997472 0.439516
4 0.503124 0.479263 0.993751 0.43894
32 0.500689 0.480127 0.998253 0.440668
0 0.512498 0.480703 0.975005 0.440668
54 0.500689 0.480127 0.998253 0.440668
56 0.511717 0.482143 0.976567 0.441244
69 0.516013 0.479839 0.967975 0.43894
66 0.50147 0.480703 0.996691 0.439516
4 0.503124 0.479551 0.993751 0.438364
32 0.500689 0.480127 0.998253 0.440668
0 0.512498 0.480703 0.975005 0.440668
56 0.511717 0.482143 0.976567 0.440092
54 0.500689 0.480127 0.998253 0.440668
66 0.50147 0.480415 0.996691 0.43894
31 0.503124 0.479551 0.993751 0.438364
4 0.511326 0.479551 0.977348 0.438364
32 0.500689 0.480415 0.998253 0.440092
0 0.512498 0.480991 0.975005 0.441244
54 0.500689 0.480415 0.998253 0.440092
56 0.511717 0.482431 0.976567 0.440668
66 0.50147 0.480415 0.996691 0.43894
31 0.503124 0.479839 0.993751 0.437788
4 0.503515 0.479551 0.99297 0.438364
32 0.500689 0.480415 0.998253 0.440092
0 0.512498 0.480991 0.975005 0.441244
54 0.500689 0.480415 0.998253 0.440092
56 0.511717 0.482143 0.976567 0.440092
66 0.50147 0.480415 0.996691 0.43894
4 0.511326 0.481567 0.977348 0.436636
32 0.500689 0.480415 0.995129 0.437788
31 0.503813 0.479263 0.992005 0.436636
0 0.511717 0.480127 0.976567 0.438364
56 0.511326 0.481567 0.977348 0.436636
69 0.511326 0.481567 0.977348 0.436636
57 0.516794 0.479263 0.966412 0.436636
