2 0.30737 0.562644 0.61162 0.7
2 0.469247 0.558764 0.938493 0.712356
57 0.469247 0.558764 0.938493 0.712356
72 0.359249 0.565517 0.713817 0.694253
62 0.30737 0.562644 0.61162 0.7
4 0.30737 0.562644 0.61162 0.7
41 0.30737 0.562644 0.61162 0.7
62 0.4907 0.498851 0.9814 0.826437
60 0.469247 0.558764 0.938493 0.712356
8 0.575344 0.488506 0.843318 0.610345
44 0.48641 0.557615 0.972819 0.719253
22 0.30737 0.562644 0.61162 0.7
22 0.486019 0.552874 0.972039 0.71954
60 0.30737 0.562644 0.61162 0.7
0 0.469247 0.558764 0.938493 0.712356
2 0.613083 0.488218 0.76628 0.616667
4 0.575344 0.488506 0.843318 0.610345
67 0.461055 0.577012 0.91899 0.718391
4 0.486019 0.552874 0.972039 0.71954
66 0.486019 0.552874 0.972039 0.71954
57 0.55077 0.486207 0.894026 0.613793
41 0.48992 0.503736 0.97984 0.816667
49 0.359249 0.565517 0.713817 0.694253
46 0.507083 0.500287 0.97672 0.585632
72 0.49148 0.48592 0.982961 0.853448
64 0.49148 0.48592 0.982961 0.853448
66 0.30737 0.562644 0.61162 0.7
71 0.644288 0.48908 0.706991 0.617241
20 0.486019 0.552299 0.972039 0.71954
69 0.30737 0.562644 0.61162 0.7
2 0.493041 0.523276 0.986081 0.787931
67 0.493431 0.503736 0.986861 0.748851
57 0.49226 0.539655 0.984521 0.743678
44 0.49226 0.539655 0.984521 0.743678
60 0.493431 0.531609 0.986861 0.763218
62 0.493431 0.531609 0.986861 0.763218
36 0.494211 0.520115 0.988422 0.77931
58 0.441552 0.54023 0.879984 0.749425
69 0.494211 0.520115 0.988422 0.77931
33 0.500062 0.531609 0.993883 0.755172
66 0.494211 0.520115 0.988422 0.77931
35 0.500062 0.531609 0.993883 0.755172
10 0.49226 0.525575 0.984521 0.716667
72 0.493431 0.531609 0.986861 0.763218
4 0.494211 0.520115 0.988422 0.77931
8 0.494211 0.520115 0.988422 0.77931
3 0.441552 0.54023 0.879984 0.749425
40 0.503901 0.488506 0.992199 0.67931
65 0.493431 0.531609 0.986861 0.763218
20 0.493041 0.523276 0.986081 0.787931
56 0.49226 0.539655 0.984521 0.743678
58 0.290988 0.555172 0.579635 0.72069
32 0.49226 0.539655 0.984521 0.743678
2 0.555061 0.488506 0.888565 0.62069
7 0.482899 0.542529 0.961117 0.747126
6 0.493431 0.503736 0.986861 0.748851
22 0.493431 0.531609 0.986861 0.763218
45 0.493041 0.522988 0.986081 0.777012
29 0.500062 0.531609 0.993883 0.755172
41 0.500062 0.531609 0.993883 0.755172
1 0.482899 0.542529 0.961117 0.747126
49 0.482119 0.553017 0.961117 0.735345
30 0.493431 0.503736 0.986861 0.748851
52 0.493431 0.531609 0.986861 0.763218
39 0.493041 0.523276 0.986081 0.787931
10 0.284356 0.540086 0.564812 0.738218
0 0.500062 0.531609 0.993883 0.755172
34 0.493431 0.531609 0.986861 0.763218
46 0.493041 0.523276 0.986081 0.787931
8 0.555061 0.488506 0.888565 0.62069
2 0.49148 0.489368 0.982961 0.85
4 0.49148 0.489368 0.982961 0.85
67 0.48914 0.437644 0.97828 0.855747
2 0.353203 0.551149 0.706405 0.732184
58 0.475098 0.555172 0.950195 0.732184
62 0.49148 0.489368 0.982961 0.85
60 0.49148 0.489368 0.982961 0.85
44 0.49148 0.489368 0.982961 0.85
56 0.4907 0.492241 0.9814 0.85
57 0.49148 0.489368 0.982961 0.85
35 0.496161 0.421264 0.992322 0.81954
58 0.240669 0.523563 0.481339 0.775862
69 0.4907 0.492241 0.9814 0.85
39 0.49187 0.506897 0.982181 0.813793
8 0.49187 0.506897 0.982181 0.813793
1 0.49148 0.448851 0.982961 0.864368
32 0.475098 0.555172 0.950195 0.732184
45 0.49187 0.506897 0.982181 0.813793
3 0.49148 0.494828 0.982961 0.842529
36 0.49148 0.489368 0.982961 0.85
65 0.49148 0.489368 0.982961 0.85
66 0.496161 0.486207 0.992322 0.828736
10 0.48992 0.451149 0.97984 0.867816
22 0.49148 0.489368 0.982961 0.85
29 0.48914 0.437644 0.97828 0.855747
33 0.496161 0.486207 0.992322 0.828736
7 0.49148 0.489368 0.982961 0.85
34 0.49148 0.494828 0.982961 0.842529
6 0.496161 0.421264 0.992322 0.81954
23 0.4907 0.521839 0.9814 0.788506
0 0.49148 0.489368 0.982961 0.85
61 0.475098 0.555172 0.950195 0.732184
10 0.295668 0.502299 0.590557 0.809195
54 0.496161 0.421264 0.992322 0.81954
57 0.353203 0.551149 0.706405 0.732184
60 0.353203 0.551149 0.706405 0.732184
49 0.4907 0.548276 0.9814 0.741379
69 0.353203 0.551149 0.706405 0.732184
5 0.4907 0.521839 0.9814 0.788506
2 0.638534 0.47069 0.713817 0.66092
32 0.295668 0.502299 0.590557 0.809195
3 0.295668 0.502299 0.590557 0.809195
52 0.49148 0.489368 0.982961 0.85
21 0.49148 0.489368 0.982961 0.85
34 0.240669 0.523563 0.481339 0.775862
1 0.255102 0.461782 0.508643 0.766092
62 0.295668 0.502299 0.590557 0.809195
66 0.500062 0.527012 0.995443 0.741379
8 0.500062 0.527012 0.995443 0.741379
44 0.500062 0.527012 0.995443 0.741379
4 0.500062 0.527012 0.995443 0.741379
2 0.500062 0.527012 0.995443 0.741379
57 0.501232 0.533333 0.991542 0.777012
67 0.499672 0.491092 0.997783 0.675287
35 0.500062 0.527012 0.995443 0.741379
45 0.501232 0.533333 0.991542 0.777012
29 0.499672 0.491092 0.997783 0.675287
6 0.499672 0.491092 0.997783 0.675287
39 0.501232 0.533333 0.991542 0.777012
54 0.499672 0.491092 0.997783 0.675287
60 0.500062 0.527012 0.995443 0.741379
20 0.500062 0.527012 0.995443 0.741379
34 0.493821 0.530747 0.987641 0.76954
23 0.493041 0.546552 0.986081 0.741379
69 0.500062 0.527012 0.995443 0.741379
62 0.493821 0.530747 0.987641 0.76954
10 0.494601 0.535632 0.989202 0.766667
7 0.500062 0.527012 0.995443 0.741379
33 0.500062 0.527012 0.995443 0.741379
36 0.500062 0.527012 0.995443 0.741379
3 0.494601 0.535632 0.989202 0.766667
65 0.500062 0.527012 0.995443 0.741379
1 0.494601 0.535632 0.989202 0.766667
30 0.499672 0.491092 0.997783 0.675287
31 0.493821 0.514943 0.987641 0.747127
32 0.494601 0.540805 0.9814 0.75977
56 0.493821 0.530747 0.987641 0.76954
68 0.493821 0.514943 0.987641 0.747127
22 0.493821 0.530747 0.987641 0.76954
5 0.493041 0.546552 0.986081 0.741379
58 0.48836 0.556466 0.97672 0.726149
28 0.493041 0.546552 0.986081 0.741379
52 0.493821 0.530747 0.987641 0.76954
21 0.501232 0.533333 0.991542 0.777012
0 0.493821 0.530747 0.987641 0.76954
2 0.250811 0.568966 0.496941 0.696552
58 0.250811 0.568966 0.496941 0.696552
61 0.494601 0.540805 0.9814 0.75977
59 0.493821 0.514943 0.987641 0.747127
72 0.493821 0.514943 0.987641 0.747127
41 0.500062 0.527012 0.995443 0.741379
69 0.250811 0.568966 0.496941 0.696552
10 0.24691 0.564943 0.48914 0.695402
60 0.250811 0.568966 0.496941 0.696552
32 0.250811 0.568966 0.496941 0.696552
40 0.506631 0.500575 0.986738 0.636782
1 0.24691 0.564943 0.48914 0.695402
57 0.250811 0.568966 0.496941 0.696552
0 0.250811 0.568966 0.496941 0.696552
3 0.24691 0.564943 0.48914 0.695402
2 0.48953 0.554023 0.97906 0.728736
4 0.494601 0.542672 0.989202 0.737644
56 0.49109 0.549282 0.982181 0.733621
54 0.49109 0.549282 0.982181 0.733621
1 0.462616 0.572414 0.925231 0.685057
44 0.494601 0.542672 0.989202 0.737644
66 0.49109 0.549282 0.982181 0.733621
57 0.48953 0.554023 0.97906 0.728736
28 0.48836 0.563362 0.97672 0.714655
32 0.49109 0.549282 0.982181 0.733621
3 0.462616 0.572414 0.925231 0.685057
39 0.49226 0.551149 0.984521 0.734483
8 0.48953 0.554023 0.97906 0.728736
10 0.48953 0.565517 0.97906 0.703448
69 0.48836 0.563362 0.97672 0.714655
6 0.498502 0.491954 0.997003 0.662069
20 0.48953 0.554023 0.97906 0.728736
45 0.49226 0.551149 0.984521 0.734483
5 0.48836 0.563362 0.97672 0.714655
62 0.49109 0.549282 0.982181 0.733621
60 0.48953 0.554023 0.97906 0.728736
0 0.494601 0.542672 0.989202 0.737644
7 0.494601 0.542672 0.989202 0.737644
29 0.493821 0.514655 0.987641 0.704023
67 0.493821 0.514655 0.987641 0.704023
22 0.48836 0.563362 0.97672 0.714655
58 0.462616 0.572414 0.925231 0.685057
52 0.462616 0.572414 0.925231 0.685057
2 0.258417 0.572989 0.516834 0.690805
34 0.49109 0.549282 0.982181 0.733621
23 0.48953 0.554023 0.97906 0.728736
3 0.252176 0.56681 0.504352 0.670977
56 0.258417 0.572989 0.516834 0.690805
35 0.498502 0.491954 0.997003 0.662069
65 0.494601 0.542672 0.989202 0.737644
69 0.258417 0.572989 0.516834 0.690805
68 0.48953 0.565517 0.97906 0.703448
1 0.252176 0.56681 0.504352 0.670977
58 0.252176 0.56681 0.504352 0.670977
10 0.252176 0.56681 0.504352 0.670977
36 0.493821 0.514655 0.987641 0.704023
30 0.493821 0.514655 0.987641 0.704023
5 0.258417 0.572989 0.516834 0.690805
31 0.493821 0.514655 0.987641 0.704023
28 0.258417 0.572989 0.516834 0.690805
21 0.49226 0.551149 0.984521 0.734483
57 0.258417 0.572989 0.516834 0.690805
52 0.258417 0.572989 0.516834 0.690805
32 0.258417 0.572989 0.516834 0.690805
68 0.252176 0.56681 0.504352 0.670977
2 0.708684 0.497701 0.582632 0.613793
61 0.49226 0.551149 0.984521 0.734483
7 0.252176 0.56681 0.504352 0.670977
33 0.48953 0.554023 0.97906 0.728736
66 0.258417 0.572989 0.516834 0.690805
62 0.252176 0.56681 0.504352 0.670977
60 0.258417 0.572989 0.516834 0.690805
0 0.258417 0.572989 0.516834 0.690805
59 0.4907 0.536782 0.9814 0.709195
34 0.258417 0.572989 0.516834 0.690805
22 0.258417 0.572989 0.516834 0.690805
41 0.498892 0.528736 0.997783 0.691954
4 0.497721 0.475287 0.995443 0.775862
1 0.49226 0.487356 0.984521 0.774713
56 0.4907 0.503448 0.9814 0.813793
6 0.497331 0.444253 0.994663 0.722989
3 0.49226 0.487356 0.984521 0.774713
54 0.497331 0.444253 0.994663 0.722989
28 0.4907 0.503448 0.9814 0.813793
10 0.49226 0.487356 0.984521 0.774713
8 0.497721 0.475287 0.995443 0.775862
52 0.49148 0.516092 0.982961 0.804598
29 0.497331 0.444253 0.994663 0.722989
39 0.496941 0.507471 0.993882 0.752874
2 0.4907 0.503448 0.9814 0.813793
34 0.4907 0.503448 0.9814 0.813793
58 0.49226 0.487356 0.984521 0.774713
32 0.4907 0.503448 0.9814 0.813793
44 0.497721 0.475287 0.995443 0.775862
7 0.497721 0.475287 0.995443 0.775862
69 0.497721 0.475287 0.995443 0.775862
57 0.4907 0.503448 0.9814 0.813793
68 0.49226 0.487356 0.984521 0.774713
23 0.48797 0.536207 0.97594 0.762069
0 0.4907 0.503448 0.9814 0.813793
60 0.4907 0.503448 0.9814 0.813793
59 0.49148 0.507759 0.982961 0.802874
20 0.497331 0.444253 0.994663 0.722989
67 0.49226 0.487356 0.984521 0.774713
22 0.4907 0.503448 0.9814 0.813793
5 0.49148 0.516092 0.982961 0.804598
66 0.497721 0.475287 0.995443 0.775862
31 0.49226 0.487356 0.984521 0.774713
45 0.496941 0.507471 0.993882 0.752874
21 0.497721 0.475287 0.995443 0.775862
62 0.4907 0.503448 0.9814 0.813793
30 0.497331 0.444253 0.994663 0.722989
2 0.386163 0.55977 0.772326 0.714943
35 0.497331 0.444253 0.994663 0.722989
1 0.341696 0.493103 0.682612 0.850575
36 0.49226 0.487356 0.984521 0.774713
58 0.386163 0.55977 0.772326 0.714943
3 0.341696 0.493103 0.682612 0.850575
56 0.386163 0.55977 0.772326 0.714943
61 0.48797 0.536207 0.97594 0.762069
52 0.386163 0.55977 0.772326 0.714943
65 0.497721 0.475287 0.995443 0.775862
69 0.386163 0.55977 0.772326 0.714943
41 0.497721 0.475287 0.995443 0.775862
5 0.341696 0.493103 0.682612 0.850575
10 0.341696 0.493103 0.682612 0.850575
68 0.341696 0.493103 0.682612 0.850575
0 0.386163 0.55977 0.772326 0.714943
6 0.503182 0.458621 0.990762 0.705747
2 0.49031 0.519828 0.98062 0.794828
28 0.497721 0.518965 0.995443 0.775862
56 0.497721 0.518965 0.995443 0.775862
4 0.503962 0.475287 0.989202 0.677012
1 0.4907 0.516954 0.9814 0.75
54 0.503182 0.458621 0.990762 0.705747
8 0.503962 0.475287 0.989202 0.677012
0 0.48992 0.529885 0.97984 0.770115
58 0.48641 0.502299 0.972819 0.834483
57 0.497721 0.518965 0.995443 0.775862
52 0.49031 0.519828 0.98062 0.794828
69 0.503962 0.475287 0.989202 0.677012
29 0.497721 0.477011 0.995443 0.703448
60 0.497721 0.518965 0.995443 0.775862
23 0.48875 0.531609 0.9775 0.771264
67 0.503182 0.458621 0.990762 0.705747
39 0.497721 0.522414 0.995443 0.78046
32 0.497721 0.518965 0.995443 0.775862
10 0.497721 0.477011 0.995443 0.703448
30 0.503182 0.458621 0.990762 0.705747
44 0.497721 0.518965 0.995443 0.775862
2 0.255687 0.522414 0.511374 0.787356
20 0.503182 0.458621 0.990762 0.705747
7 0.503962 0.475287 0.989202 0.677012
31 0.503182 0.458621 0.990762 0.705747
68 0.497721 0.477011 0.995443 0.703448
3 0.4907 0.516954 0.9814 0.75
34 0.48992 0.529885 0.97984 0.770115
35 0.503182 0.458621 0.990762 0.705747
45 0.497721 0.522414 0.995443 0.78046
66 0.503182 0.458621 0.990762 0.705747
22 0.48758 0.533046 0.975159 0.768391
5 0.48758 0.533046 0.975159 0.768391
58 0.255687 0.522414 0.511374 0.787356
21 0.503962 0.475287 0.989202 0.677012
52 0.255687 0.522414 0.511374 0.787356
69 0.255687 0.522414 0.511374 0.787356
1 0.257832 0.456897 0.515664 0.913793
36 0.503182 0.458621 0.990762 0.705747
10 0.468077 0.458621 0.936153 0.917241
62 0.49031 0.519828 0.98062 0.794828
1 0.369975 0.452586 0.739171 0.905172
61 0.508643 0.482759 0.97984 0.682759
3 0.369975 0.452586 0.739171 0.905172
56 0.255687 0.522414 0.511374 0.787356
59 0.4907 0.516954 0.9814 0.75
5 0.257832 0.456897 0.515664 0.913793
0 0.255687 0.522414 0.511374 0.787356
2 0.568651 0.474713 0.862698 0.637931
58 0.369975 0.452586 0.739171 0.905172
69 0.468077 0.458621 0.936153 0.917241
23 0.329214 0.553448 0.658428 0.733333
7 0.468077 0.458621 0.936153 0.917241
60 0.255687 0.522414 0.511374 0.787356
3 0.257832 0.456897 0.515664 0.913793
57 0.255687 0.522414 0.511374 0.787356
67 0.468077 0.458621 0.936153 0.917241
68 0.468077 0.458621 0.936153 0.917241
10 0.255687 0.522414 0.511374 0.787356
28 0.255687 0.522414 0.511374 0.787356
23 0.257832 0.456897 0.515664 0.913793
32 0.255687 0.522414 0.511374 0.787356
4 0.468077 0.458621 0.936153 0.917241
2 0.369975 0.452586 0.739171 0.905172
56 0.627551 0.449425 0.744898 0.682759
33 0.48758 0.533046 0.975159 0.768391
52 0.493041 0.528736 0.986081 0.788506
0 0.497721 0.535632 0.986081 0.788506
56 0.497721 0.535632 0.986081 0.788506
58 0.493041 0.528736 0.986081 0.788506
2 0.493041 0.528736 0.986081 0.788506
4 0.498502 0.528448 0.993882 0.80977
3 0.497721 0.535632 0.986081 0.788506
28 0.497721 0.535632 0.986081 0.788506
60 0.497721 0.535632 0.986081 0.788506
1 0.496941 0.502586 0.987642 0.786782
6 0.498111 0.456897 0.994663 0.750575
23 0.498501 0.545833 0.97828 0.761207
57 0.497721 0.535632 0.986081 0.788506
69 0.498502 0.528448 0.993882 0.80977
39 0.501232 0.53592 0.991542 0.76954
7 0.498502 0.528448 0.993882 0.80977
34 0.497721 0.535632 0.986081 0.788506
8 0.498111 0.456897 0.994663 0.750575
10 0.493041 0.528736 0.986081 0.788506
22 0.497721 0.535632 0.986081 0.788506
68 0.498111 0.456897 0.994663 0.750575
31 0.496941 0.502586 0.987642 0.786782
54 0.498111 0.456897 0.994663 0.750575
67 0.496941 0.502586 0.987642 0.786782
32 0.497721 0.535632 0.986081 0.788506
5 0.493041 0.528736 0.986081 0.788506
29 0.498111 0.456897 0.994663 0.750575
62 0.493041 0.528736 0.986081 0.788506
59 0.496941 0.502586 0.987642 0.786782
44 0.501232 0.53592 0.991542 0.76954
52 0.311856 0.562069 0.621372 0.732184
21 0.504352 0.473563 0.988422 0.702299
58 0.311856 0.562069 0.621372 0.732184
61 0.498501 0.545833 0.97828 0.761207
45 0.501232 0.53592 0.991542 0.76954
20 0.502402 0.433333 0.989202 0.751724
35 0.498111 0.456897 0.994663 0.750575
30 0.502402 0.433333 0.989202 0.751724
66 0.502402 0.433333 0.989202 0.751724
36 0.496941 0.502586 0.987642 0.786782
2 0.311856 0.562069 0.621372 0.732184
3 0.311856 0.562069 0.621372 0.732184
7 0.504743 0.405172 0.97828 0.810345
3 0.504743 0.405172 0.97828 0.810345
1 0.332334 0.468391 0.662328 0.902299
10 0.311856 0.562069 0.621372 0.732184
52 0.493821 0.531609 0.987641 0.778161
23 0.49109 0.533333 0.9775 0.771264
0 0.49109 0.533333 0.9775 0.771264
28 0.500062 0.52931 0.987641 0.795402
4 0.500062 0.52931 0.987641 0.795402
69 0.49109 0.533333 0.9775 0.771264
56 0.49109 0.533333 0.9775 0.771264
8 0.497721 0.488506 0.990762 0.74023
10 0.493821 0.531609 0.987641 0.778161
58 0.48992 0.519253 0.97984 0.754598
57 0.49109 0.533333 0.9775 0.771264
2 0.493821 0.531609 0.987641 0.778161
3 0.49109 0.533333 0.9775 0.771264
60 0.49109 0.533333 0.9775 0.771264
22 0.49109 0.533333 0.9775 0.771264
68 0.48992 0.519253 0.97984 0.754598
1 0.48992 0.519253 0.97984 0.754598
32 0.500062 0.52931 0.987641 0.795402
6 0.497721 0.488506 0.990762 0.74023
31 0.48992 0.519253 0.97984 0.754598
54 0.497721 0.488506 0.990762 0.74023
29 0.497721 0.488506 0.990762 0.74023
67 0.48992 0.519253 0.97984 0.754598
7 0.497721 0.488506 0.990762 0.74023
34 0.49109 0.533333 0.9775 0.771264
39 0.502402 0.543678 0.9814 0.763218
59 0.493821 0.522701 0.987641 0.767241
5 0.493821 0.531609 0.987641 0.778161
30 0.498892 0.452874 0.989982 0.731035
44 0.500062 0.52931 0.987641 0.795402
52 0.347547 0.459195 0.693533 0.918391
62 0.48992 0.519253 0.97984 0.754598
20 0.498892 0.452874 0.989982 0.731035
61 0.49226 0.543678 0.970479 0.754023
21 0.500842 0.504598 0.986081 0.74023
45 0.502402 0.543678 0.9814 0.763218
35 0.497721 0.488506 0.990762 0.74023
66 0.498892 0.452874 0.989982 0.731035
10 0.347547 0.459195 0.693533 0.918391
52 0.235013 0.493103 0.467686 0.850575
58 0.325508 0.525575 0.648676 0.791379
36 0.48992 0.519253 0.97984 0.754598
23 0.347547 0.459195 0.693533 0.918391
68 0.347547 0.459195 0.693533 0.918391
52 0.493821 0.483333 0.987641 0.897701
58 0.493821 0.483333 0.987641 0.897701
23 0.493821 0.483333 0.987641 0.897701
2 0.493821 0.483333 0.987641 0.897701
69 0.493821 0.483333 0.987641 0.897701
0 0.4907 0.50977 0.9814 0.852874
60 0.4907 0.50977 0.9814 0.852874
3 0.493821 0.483333 0.987641 0.897701
56 0.4907 0.50977 0.9814 0.852874
10 0.493821 0.483333 0.987641 0.897701
7 0.498501 0.486782 0.990762 0.775862
4 0.4907 0.516092 0.9814 0.825287
22 0.493821 0.483333 0.987641 0.897701
57 0.493821 0.483333 0.987641 0.897701
59 0.494601 0.488793 0.989202 0.886782
6 0.498501 0.486782 0.990762 0.775862
8 0.498501 0.486782 0.990762 0.775862
32 0.4907 0.50977 0.9814 0.852874
28 0.4907 0.50977 0.9814 0.852874
1 0.494601 0.488793 0.989202 0.886782
67 0.4868 0.485345 0.973599 0.879885
68 0.494601 0.488793 0.989202 0.886782
34 0.4907 0.50977 0.9814 0.852874
52 0.319072 0.464655 0.638144 0.922414
31 0.4907 0.516092 0.9814 0.825287
39 0.498502 0.521552 0.989202 0.824713
5 0.494601 0.488793 0.989202 0.886782
2 0.510142 0.485057 0.979717 0.631034
58 0.510142 0.485057 0.979717 0.631034
58 0.319072 0.464655 0.638144 0.922414
35 0.498501 0.486782 0.990762 0.775862
23 0.319072 0.464655 0.638144 0.922414
62 0.493821 0.483333 0.987641 0.897701
54 0.498501 0.486782 0.990762 0.775862
29 0.498501 0.486782 0.990762 0.775862
21 0.498502 0.521552 0.989202 0.824713
61 0.4907 0.507471 0.9814 0.835632
33 0.498501 0.486782 0.990762 0.775862
30 0.498502 0.521552 0.989202 0.824713
20 0.498501 0.486782 0.990762 0.775862
67 0.319072 0.464655 0.638144 0.922414
3 0.510142 0.485057 0.979717 0.631034
57 0.510142 0.485057 0.979717 0.631034
60 0.514104 0.496839 0.968918 0.594828
69 0.319072 0.464655 0.638144 0.922414
69 0.510142 0.485057 0.979717 0.631034
68 0.317317 0.461782 0.634634 0.923563
59 0.317317 0.461782 0.634634 0.923563
10 0.319072 0.464655 0.638144 0.922414
32 0.319072 0.464655 0.638144 0.922414
2 0.375241 0.50977 0.749703 0.824138
66 0.498501 0.486782 0.990762 0.775862
39 0.514104 0.496839 0.968918 0.594828
3 0.319072 0.464655 0.638144 0.922414
60 0.319072 0.464655 0.638144 0.922414
2 0.493821 0.526149 0.987641 0.798276
1 0.495381 0.497989 0.990762 0.833908
69 0.493821 0.526149 0.987641 0.798276
0 0.49031 0.510632 0.974379 0.799425
56 0.49031 0.510632 0.974379 0.799425
39 0.49148 0.531609 0.973599 0.785058
58 0.493821 0.526149 0.987641 0.798276
28 0.500452 0.517241 0.986861 0.787356
8 0.500452 0.517241 0.986861 0.787356
4 0.495381 0.497989 0.990762 0.833908
6 0.500062 0.44569 0.987641 0.800575
60 0.493821 0.526149 0.987641 0.798276
23 0.49148 0.531609 0.973599 0.785058
3 0.495381 0.497989 0.990762 0.833908
57 0.493821 0.526149 0.987641 0.798276
20 0.500062 0.44569 0.987641 0.800575
52 0.495381 0.497989 0.990762 0.833908
54 0.500452 0.517241 0.986861 0.787356
10 0.495381 0.497989 0.990762 0.833908
32 0.493821 0.526149 0.987641 0.798276
5 0.495381 0.497989 0.990762 0.833908
31 0.48992 0.478448 0.973599 0.847701
7 0.500062 0.44569 0.987641 0.800575
30 0.500452 0.517241 0.986861 0.787356
22 0.493821 0.526149 0.987641 0.798276
29 0.507863 0.493103 0.975159 0.681609
67 0.48914 0.541954 0.97828 0.766667
66 0.500452 0.517241 0.986861 0.787356
68 0.495381 0.497989 0.990762 0.833908
34 0.49031 0.510632 0.974379 0.799425
45 0.500452 0.533046 0.982181 0.778736
21 0.49148 0.531609 0.973599 0.785058
44 0.500452 0.533046 0.982181 0.778736
59 0.495381 0.497989 0.990762 0.833908
35 0.500452 0.517241 0.986861 0.787356
61 0.493821 0.526149 0.987641 0.798276
62 0.495381 0.497989 0.990762 0.833908
2 0.729357 0.49023 0.541285 0.614943
2 0.544919 0.488793 0.907288 0.620115
36 0.48992 0.478448 0.973599 0.847701
39 0.563252 0.497414 0.872183 0.593678
1 0.544919 0.488793 0.907288 0.620115
33 0.500452 0.517241 0.986861 0.787356
41 0.507863 0.493103 0.975159 0.681609
60 0.563252 0.497414 0.872183 0.593678
7 0.581585 0.472989 0.830836 0.656322
39 0.706344 0.495977 0.587313 0.594253
20 0.581585 0.472989 0.830836 0.656322
5 0.544919 0.488793 0.907288 0.620115
57 0.563252 0.497414 0.872183 0.593678
65 0.48992 0.478448 0.973599 0.847701
3 0.544919 0.488793 0.907288 0.620115
28 0.563252 0.497414 0.872183 0.593678
28 0.500062 0.491954 0.997003 0.818391
7 0.500452 0.429598 0.997783 0.806322
8 0.506241 0.477011 0.987518 0.714943
6 0.504681 0.424713 0.990638 0.768965
56 0.500062 0.491954 0.997003 0.818391
69 0.500452 0.429598 0.997783 0.806322
0 0.500062 0.491954 0.997003 0.818391
20 0.500452 0.429598 0.997783 0.806322
4 0.506241 0.477011 0.987518 0.714943
57 0.500062 0.491954 0.997003 0.818391
39 0.500062 0.491954 0.997003 0.818391
31 0.500452 0.429598 0.997783 0.806322
3 0.506241 0.477011 0.987518 0.714943
54 0.500452 0.429598 0.997783 0.806322
68 0.500452 0.429598 0.997783 0.806322
10 0.500452 0.429598 0.997783 0.806322
5 0.506241 0.477011 0.987518 0.714943
23 0.493821 0.494828 0.987641 0.822988
1 0.500452 0.429598 0.997783 0.806322
2 0.500452 0.429598 0.997783 0.806322
60 0.500062 0.491954 0.997003 0.818391
22 0.493821 0.494828 0.987641 0.822988
58 0.500452 0.429598 0.997783 0.806322
32 0.506241 0.477011 0.987518 0.714943
29 0.500452 0.429598 0.997783 0.806322
34 0.500062 0.491954 0.997003 0.818391
52 0.48836 0.495977 0.97672 0.826437
21 0.506241 0.477011 0.987518 0.714943
66 0.500062 0.491954 0.997003 0.818391
30 0.500062 0.491954 0.997003 0.818391
35 0.500452 0.429598 0.997783 0.806322
67 0.493821 0.494828 0.987641 0.822988
23 0.524574 0.486782 0.950852 0.616092
39 0.567481 0.49023 0.865038 0.606897
28 0.537836 0.485632 0.924328 0.622988
59 0.500452 0.429598 0.997783 0.806322
2 0.595956 0.488218 0.808089 0.618966
44 0.500062 0.491954 0.997003 0.818391
45 0.506241 0.477011 0.987518 0.714943
32 0.436091 0.565661 0.872183 0.712356
57 0.537836 0.485632 0.924328 0.622988
23 0.342086 0.568391 0.682612 0.709195
62 0.493821 0.454023 0.987641 0.84023
2 0.468077 0.563793 0.936153 0.709195
22 0.524574 0.486782 0.950852 0.616092
58 0.436091 0.565661 0.872183 0.712356
60 0.537836 0.485632 0.924328 0.622988
58 0.595956 0.488218 0.808089 0.618966
56 0.537836 0.485632 0.924328 0.622988
67 0.342086 0.568391 0.682612 0.709195
60 0.342086 0.568391 0.682612 0.709195
69 0.468077 0.563793 0.936153 0.709195
33 0.500062 0.491954 0.997003 0.818391
0 0.537836 0.485632 0.924328 0.622988
1 0.595956 0.488218 0.808089 0.618966
69 0.595956 0.488218 0.808089 0.618966
34 0.537836 0.485632 0.924328 0.622988
2 0.384603 0.643822 0.758284 0.549138
7 0.496941 0.413793 0.993882 0.827586
69 0.496941 0.413793 0.993882 0.827586
4 0.496941 0.413793 0.993882 0.827586
6 0.496941 0.413793 0.993882 0.827586
3 0.500842 0.425862 0.993882 0.81954
58 0.500842 0.425862 0.993882 0.81954
28 0.496941 0.461207 0.990762 0.912069
56 0.496941 0.413793 0.993882 0.827586
31 0.496941 0.413793 0.993882 0.827586
2 0.496941 0.413793 0.993882 0.827586
68 0.496941 0.413793 0.993882 0.827586
0 0.496941 0.413793 0.993882 0.827586
8 0.496941 0.413793 0.993882 0.827586
57 0.496941 0.413793 0.993882 0.827586
1 0.496941 0.413793 0.993882 0.827586
54 0.496941 0.413793 0.993882 0.827586
22 0.496941 0.413793 0.993882 0.827586
23 0.496941 0.461207 0.990762 0.912069
5 0.500842 0.425862 0.993882 0.81954
60 0.496941 0.413793 0.993882 0.827586
10 0.496941 0.413793 0.993882 0.827586
52 0.496941 0.413793 0.993882 0.827586
20 0.496941 0.413793 0.993882 0.827586
39 0.496941 0.461207 0.990762 0.912069
32 0.500842 0.425862 0.993882 0.81954
59 0.496941 0.413793 0.993882 0.827586
58 0.395525 0.52069 0.791049 0.808046
66 0.496941 0.413793 0.993882 0.827586
29 0.496941 0.413793 0.993882 0.827586
2 0.720776 0.474138 0.558448 0.647126
58 0.695032 0.444828 0.609936 0.705747
23 0.371536 0.523563 0.743071 0.803448
35 0.496941 0.413793 0.993882 0.827586
34 0.499282 0.407471 0.998563 0.814943
32 0.395525 0.52069 0.791049 0.808046
67 0.49148 0.427299 0.982961 0.854598
3 0.68528 0.399138 0.629439 0.798276
23 0.499282 0.405172 0.998563 0.810345
58 0.564751 0.471839 0.870499 0.651724
30 0.496941 0.413793 0.993882 0.827586
3 0.371536 0.523563 0.743071 0.803448
28 0.499282 0.405172 0.998563 0.810345
21 0.500842 0.425862 0.993882 0.81954
2 0.775385 0.408046 0.44923 0.793103
3 0.74496 0.471839 0.51008 0.654023
60 0.371536 0.523563 0.743071 0.803448
57 0.371536 0.523563 0.743071 0.803448
69 0.395525 0.52069 0.791049 0.808046
67 0.371536 0.523563 0.743071 0.803448
56 0.68528 0.399138 0.629439 0.798276
1 0.68528 0.399138 0.629439 0.798276
44 0.496941 0.413793 0.993882 0.827586
58 0.285722 0.532759 0.569103 0.787356
69 0.695032 0.444828 0.609936 0.705747
59 0.371536 0.523563 0.743071 0.803448
57 0.68528 0.399138 0.629439 0.798276
10 0.36861 0.462644 0.73566 0.925287
62 0.49148 0.427299 0.982961 0.854598
7 0.68528 0.399138 0.629439 0.798276
