62 0.492836 0.470414 0.980992 0.545284
22 0.494395 0.471933 0.979433 0.543403
2 0.495175 0.449074 0.965396 0.586806
72 0.494395 0.471933 0.979433 0.543403
4 0.499074 0.470486 0.982552 0.548611
57 0.490106 0.475767 0.953699 0.542679
41 0.494395 0.471933 0.979433 0.543403
66 0.492836 0.470414 0.980992 0.545284
20 0.494395 0.471933 0.979433 0.543403
67 0.497514 0.471354 0.979433 0.545718
71 0.499074 0.470486 0.982552 0.548611
60 0.494395 0.471933 0.979433 0.543403
40 0.492836 0.470414 0.980992 0.545284
41 0.241349 0.476852 0.451506 0.537037
22 0.241349 0.476852 0.451506 0.537037
1 0.494395 0.471933 0.979433 0.543403
17 0.494395 0.471933 0.979433 0.543403
64 0.492836 0.470414 0.980992 0.545284
66 0.260064 0.475188 0.492056 0.542679
49 0.494395 0.471933 0.979433 0.543403
44 0.492836 0.470414 0.980992 0.545284
4 0.241349 0.476852 0.451506 0.537037
46 0.485817 0.447338 0.968516 0.596065
69 0.496735 0.464048 0.960718 0.5557
2 0.500244 0.532407 0.961497 0.40625
35 0.499854 0.474248 0.984112 0.54456
70 0.494395 0.471933 0.979433 0.543403
57 0.51545 0.548611 0.931085 0.384259
32 0.498294 0.473958 0.980992 0.545139
49 0.260064 0.475188 0.492056 0.542679
72 0.260064 0.475188 0.492056 0.542679
60 0.241349 0.476852 0.451506 0.537037
29 0.499854 0.474248 0.984112 0.54456
52 0.495955 0.466146 0.960718 0.553819
8 0.499074 0.470486 0.982552 0.548611
68 0.415635 0.477431 0.800078 0.540509
10 0.494395 0.471933 0.979433 0.543403
5 0.485817 0.447338 0.968516 0.596065
4 0.534165 0.546296 0.879618 0.380787
33 0.496735 0.45204 0.959158 0.579716
14 0.494395 0.471933 0.979433 0.543403
3 0.485817 0.474031 0.943562 0.544994
56 0.485817 0.447338 0.968516 0.596065
6 0.496735 0.464048 0.960718 0.5557
46 0.502193 0.546296 0.960718 0.394676
12 0.499074 0.470486 0.982552 0.548611
30 0.499074 0.470486 0.982552 0.548611
57 0.260064 0.475188 0.492056 0.542679
2 0.260064 0.475188 0.492056 0.542679
22 0.51545 0.548611 0.931085 0.384259
37 0.494395 0.477358 0.954479 0.538339
31 0.499074 0.470486 0.982552 0.548611
36 0.499074 0.470486 0.982552 0.548611
5 0.260064 0.475188 0.492056 0.542679
0 0.500244 0.532407 0.961497 0.40625
65 0.494395 0.471933 0.979433 0.543403
57 0.589921 0.506655 0.774345 0.425347
11 0.492836 0.470414 0.980992 0.545284
70 0.241349 0.476852 0.451506 0.537037
22 0.362609 0.479456 0.697144 0.541088
4 0.591091 0.484086 0.773565 0.470486
49 0.51545 0.548611 0.931085 0.384259
7 0.260064 0.475188 0.492056 0.542679
17 0.260064 0.475188 0.492056 0.542679
55 0.498294 0.473958 0.980992 0.545139
60 0.544693 0.526042 0.861683 0.409722
10 0.241349 0.476852 0.451506 0.537037
72 0.362609 0.479456 0.697144 0.541088
41 0.362609 0.479456 0.697144 0.541088
58 0.492056 0.475767 0.954479 0.541522
1 0.241349 0.476852 0.451506 0.537037
62 0.260064 0.475188 0.492056 0.542679
45 0.492836 0.470414 0.980992 0.545284
46 0.260064 0.475188 0.492056 0.542679
26 0.498294 0.473958 0.980992 0.545139
54 0.494395 0.477358 0.954479 0.538339
4 0.362609 0.479456 0.697144 0.541088
37 0.241349 0.476852 0.451506 0.537037
2 0.362609 0.479456 0.697144 0.541088
39 0.502193 0.546296 0.960718 0.394676
39 0.495955 0.45081 0.960718 0.591435
7 0.490106 0.475767 0.953699 0.542679
54 0.241349 0.476852 0.451506 0.537037
49 0.589921 0.506655 0.774345 0.425347
3 0.260064 0.475188 0.492056 0.542679
34 0.499854 0.482133 0.9498 0.517216
68 0.195341 0.472222 0.35715 0.530093
36 0.534165 0.546296 0.879618 0.380787
15 0.260064 0.475188 0.492056 0.542679
62 0.544693 0.526042 0.861683 0.409722
8 0.534165 0.546296 0.879618 0.380787
71 0.215616 0.47215 0.400039 0.531395
2 0.499074 0.471571 0.973194 0.540654
57 0.499074 0.471571 0.973194 0.540654
4 0.499074 0.470197 0.973194 0.538773
66 0.499074 0.471571 0.973194 0.540654
67 0.500634 0.47338 0.979433 0.549769
62 0.499074 0.470197 0.973194 0.538773
44 0.499074 0.471571 0.973194 0.540654
8 0.499074 0.470197 0.973194 0.538773
20 0.499074 0.471571 0.973194 0.540654
35 0.499074 0.470197 0.973194 0.538773
60 0.498684 0.473307 0.967736 0.533709
3 0.485038 0.474826 0.938883 0.527199
69 0.500634 0.47338 0.979433 0.549769
33 0.499074 0.471571 0.973194 0.540654
36 0.499074 0.470197 0.973194 0.538773
65 0.499074 0.470197 0.973194 0.538773
58 0.488937 0.475043 0.943562 0.530237
41 0.493226 0.47309 0.964617 0.532986
6 0.500634 0.47338 0.979433 0.549769
10 0.493226 0.47309 0.964617 0.532986
29 0.499074 0.470197 0.973194 0.538773
40 0.499074 0.471571 0.973194 0.540654
72 0.499074 0.470197 0.973194 0.538773
7 0.498684 0.473307 0.967736 0.533709
30 0.499074 0.470197 0.973194 0.538773
22 0.498684 0.473307 0.967736 0.533709
31 0.499074 0.470197 0.973194 0.538773
54 0.493226 0.47309 0.964617 0.532986
56 0.498684 0.473307 0.967736 0.533709
45 0.499074 0.471571 0.973194 0.540654
68 0.492056 0.476273 0.965396 0.542824
5 0.498684 0.473307 0.967736 0.533709
39 0.494005 0.461878 0.959938 0.554253
32 0.500634 0.47338 0.979433 0.549769
17 0.498684 0.473307 0.967736 0.533709
1 0.485038 0.474826 0.938883 0.527199
49 0.498684 0.473307 0.967736 0.533709
15 0.499074 0.471571 0.973194 0.540654
64 0.495955 0.463035 0.959158 0.555411
18 0.492056 0.476273 0.965396 0.542824
48 0.499074 0.471571 0.973194 0.540654
52 0.499074 0.470197 0.973194 0.538773
28 0.497125 0.465929 0.958378 0.541522
71 0.499074 0.471571 0.973194 0.540654
26 0.500634 0.47338 0.979433 0.549769
46 0.494005 0.461878 0.959938 0.554253
2 0.490496 0.472873 0.971635 0.535735
4 0.495175 0.473958 0.974754 0.538194
66 0.490496 0.472873 0.971635 0.535735
44 0.490496 0.472873 0.971635 0.535735
65 0.495175 0.473958 0.974754 0.538194
57 0.490496 0.472873 0.971635 0.535735
5 0.495955 0.472801 0.979433 0.532407
33 0.490496 0.472873 0.971635 0.535735
62 0.495175 0.473958 0.974754 0.538194
29 0.495175 0.473958 0.974754 0.538194
10 0.495955 0.472801 0.979433 0.532407
20 0.495175 0.473958 0.974754 0.538194
69 0.490496 0.472873 0.971635 0.535735
6 0.489327 0.471354 0.963057 0.543403
67 0.489327 0.471354 0.963057 0.543403
8 0.495175 0.473958 0.974754 0.538194
35 0.495175 0.473958 0.974754 0.538194
58 0.485428 0.474537 0.947461 0.537037
22 0.490496 0.472873 0.971635 0.535735
7 0.490496 0.472873 0.971635 0.535735
45 0.490496 0.472873 0.971635 0.535735
3 0.495955 0.472801 0.979433 0.532407
39 0.488157 0.464988 0.963837 0.550347
54 0.495175 0.473958 0.974754 0.538194
60 0.490496 0.472873 0.971635 0.535735
36 0.495175 0.473958 0.974754 0.538194
23 0.495955 0.472801 0.979433 0.532407
30 0.495175 0.473958 0.974754 0.538194
1 0.494785 0.475405 0.978653 0.535301
32 0.495955 0.472801 0.979433 0.532407
41 0.495175 0.473958 0.974754 0.538194
31 0.495175 0.473958 0.974754 0.538194
28 0.495955 0.472801 0.979433 0.532407
56 0.490496 0.472873 0.971635 0.535735
68 0.493615 0.474031 0.974754 0.531105
52 0.492836 0.457465 0.963837 0.568866
72 0.495175 0.473958 0.974754 0.538194
61 0.495175 0.468461 0.977873 0.541088
40 0.489716 0.467014 0.963837 0.552083
34 0.494785 0.475405 0.978653 0.535301
0 0.489327 0.471354 0.963057 0.543403
21 0.490496 0.472873 0.971635 0.535735
15 0.490496 0.472873 0.971635 0.535735
46 0.488157 0.464988 0.963837 0.550347
58 0.271761 0.471933 0.51389 0.532986
18 0.493615 0.474031 0.974754 0.531105
6 0.489716 0.473958 0.960718 0.545139
67 0.489716 0.473958 0.960718 0.545139
2 0.488547 0.473669 0.963057 0.539931
29 0.489716 0.473958 0.960718 0.545139
66 0.492836 0.472222 0.973194 0.537037
8 0.492836 0.472222 0.973194 0.537037
57 0.488547 0.473669 0.963057 0.539931
44 0.492836 0.472222 0.973194 0.537037
33 0.492836 0.472222 0.973194 0.537037
35 0.489716 0.473958 0.960718 0.545139
20 0.492836 0.472222 0.973194 0.537037
54 0.492056 0.472873 0.974754 0.542679
4 0.488547 0.473669 0.963057 0.539931
45 0.488547 0.473669 0.963057 0.539931
23 0.492836 0.472222 0.973194 0.537037
31 0.489716 0.473958 0.960718 0.545139
60 0.488547 0.473669 0.963057 0.539931
30 0.489716 0.473958 0.960718 0.545139
69 0.492836 0.472222 0.973194 0.537037
10 0.494005 0.471933 0.972415 0.534144
65 0.489716 0.473958 0.960718 0.545139
5 0.492836 0.472222 0.973194 0.537037
34 0.488937 0.472801 0.965396 0.541667
7 0.492836 0.472222 0.973194 0.537037
36 0.492056 0.472873 0.974754 0.542679
28 0.494005 0.471933 0.972415 0.534144
22 0.488547 0.473669 0.963057 0.539931
1 0.488937 0.472801 0.965396 0.541667
62 0.489716 0.473958 0.960718 0.545139
68 0.488937 0.472801 0.965396 0.541667
58 0.494005 0.471933 0.972415 0.534144
39 0.491276 0.468171 0.960718 0.548611
56 0.492836 0.472222 0.973194 0.537037
3 0.488937 0.472801 0.965396 0.541667
32 0.492836 0.472222 0.973194 0.537037
61 0.493615 0.466507 0.965396 0.547309
21 0.491276 0.468171 0.960718 0.548611
52 0.494395 0.475694 0.960718 0.53588
41 0.492056 0.472873 0.974754 0.542679
59 0.492056 0.472873 0.974754 0.542679
0 0.494395 0.475694 0.960718 0.53588
72 0.492056 0.472873 0.974754 0.542679
2 0.488157 0.479673 0.966956 0.534867
4 0.490886 0.478009 0.973974 0.534722
66 0.490886 0.478009 0.973974 0.534722
57 0.490886 0.478009 0.973974 0.534722
10 0.490886 0.478009 0.973974 0.534722
5 0.490886 0.478009 0.973974 0.534722
69 0.490886 0.478009 0.973974 0.534722
6 0.489327 0.480613 0.964617 0.539931
54 0.490886 0.479167 0.967736 0.538194
22 0.488157 0.479673 0.966956 0.534867
7 0.490886 0.478009 0.973974 0.534722
44 0.488157 0.479673 0.966956 0.534867
67 0.489327 0.480613 0.964617 0.539931
3 0.490886 0.478009 0.973974 0.534722
52 0.490496 0.481192 0.965396 0.530671
56 0.490886 0.478009 0.973974 0.534722
39 0.488157 0.481771 0.970075 0.526042
60 0.488157 0.479673 0.966956 0.534867
45 0.488157 0.479673 0.966956 0.534867
28 0.490886 0.478009 0.973974 0.534722
23 0.490886 0.476852 0.973974 0.532407
1 0.489716 0.478877 0.966956 0.541088
29 0.489327 0.480613 0.964617 0.539931
68 0.490886 0.479167 0.967736 0.538194
8 0.490886 0.478009 0.973974 0.534722
0 0.488157 0.479673 0.966956 0.534867
32 0.490886 0.478009 0.973974 0.534722
62 0.488157 0.479673 0.966956 0.534867
31 0.489327 0.480613 0.964617 0.539931
35 0.489327 0.480613 0.964617 0.539931
20 0.488157 0.479673 0.966956 0.534867
58 0.494395 0.478299 0.976314 0.538773
65 0.488157 0.479673 0.966956 0.534867
34 0.489716 0.478877 0.966956 0.541088
36 0.489327 0.480613 0.964617 0.539931
33 0.490886 0.478009 0.973974 0.534722
21 0.488157 0.481771 0.970075 0.526042
61 0.490886 0.476852 0.973974 0.532407
59 0.490886 0.479167 0.967736 0.538194
30 0.489327 0.480613 0.964617 0.539931
52 0.492056 0.475188 0.965396 0.53805
68 0.492836 0.476562 0.965396 0.528357
10 0.493226 0.473307 0.980213 0.536024
4 0.488157 0.474609 0.965396 0.536892
5 0.493226 0.473307 0.980213 0.536024
31 0.492836 0.476562 0.965396 0.528357
22 0.488157 0.474609 0.965396 0.536892
58 0.492056 0.475188 0.965396 0.53805
3 0.492056 0.47309 0.977873 0.527199
69 0.492056 0.475188 0.965396 0.53805
2 0.492056 0.475188 0.965396 0.53805
23 0.488157 0.474609 0.965396 0.536892
29 0.488157 0.473886 0.963837 0.530237
28 0.493226 0.473307 0.980213 0.536024
6 0.492836 0.476562 0.965396 0.528357
67 0.488157 0.473886 0.963837 0.530237
54 0.488157 0.473886 0.963837 0.530237
8 0.493226 0.473307 0.980213 0.536024
57 0.488157 0.474609 0.965396 0.536892
56 0.488157 0.474609 0.965396 0.536892
59 0.497514 0.491319 0.95136 0.498843
7 0.488157 0.473886 0.963837 0.530237
66 0.493226 0.473307 0.980213 0.536024
1 0.492056 0.47309 0.977873 0.527199
60 0.488157 0.474609 0.965396 0.536892
20 0.493226 0.473307 0.980213 0.536024
32 0.497125 0.480396 0.955259 0.525318
45 0.488157 0.474609 0.965396 0.536892
34 0.489327 0.473886 0.970855 0.52445
0 0.497125 0.480396 0.955259 0.525318
39 0.488157 0.47215 0.963837 0.542969
44 0.488157 0.474609 0.965396 0.536892
62 0.488157 0.474609 0.965396 0.536892
36 0.492836 0.476562 0.965396 0.528357
65 0.488157 0.473886 0.963837 0.530237
30 0.488157 0.473886 0.963837 0.530237
21 0.488157 0.474609 0.965396 0.536892
35 0.488157 0.473886 0.963837 0.530237
33 0.493226 0.473307 0.980213 0.536024
52 0.489716 0.476852 0.957598 0.538194
2 0.489716 0.476852 0.957598 0.538194
69 0.489327 0.478009 0.955259 0.533565
10 0.486987 0.474609 0.970855 0.53805
22 0.489716 0.476852 0.957598 0.538194
0 0.489716 0.476852 0.957598 0.538194
60 0.489716 0.476852 0.957598 0.538194
58 0.489716 0.476852 0.957598 0.538194
23 0.489327 0.478009 0.955259 0.533565
5 0.486987 0.474609 0.970855 0.53805
28 0.486987 0.474609 0.970855 0.53805
62 0.489327 0.478009 0.955259 0.533565
68 0.491276 0.474826 0.954479 0.538773
56 0.489327 0.478009 0.955259 0.533565
57 0.489716 0.476852 0.957598 0.538194
4 0.489716 0.476852 0.957598 0.538194
31 0.491276 0.474826 0.954479 0.538773
3 0.489716 0.476852 0.957598 0.538194
67 0.489716 0.478516 0.954479 0.530237
6 0.491276 0.474826 0.954479 0.538773
1 0.488157 0.475694 0.970075 0.532407
32 0.486987 0.474609 0.970855 0.53805
39 0.488937 0.471644 0.95292 0.543981
44 0.489327 0.478009 0.955259 0.533565
7 0.489327 0.478009 0.955259 0.533565
20 0.488157 0.475694 0.970075 0.532407
34 0.489327 0.478009 0.955259 0.533565
66 0.486987 0.474609 0.970855 0.53805
65 0.489327 0.478009 0.955259 0.533565
8 0.489327 0.478009 0.955259 0.533565
33 0.489716 0.476852 0.957598 0.538194
54 0.488157 0.475694 0.970075 0.532407
61 0.486987 0.474609 0.970855 0.53805
35 0.489716 0.476852 0.957598 0.538194
59 0.489716 0.478516 0.954479 0.530237
45 0.490496 0.467882 0.959158 0.551505
36 0.488157 0.475694 0.970075 0.532407
52 0.495175 0.472222 0.962277 0.545139
10 0.499854 0.472801 0.960718 0.545139
58 0.495175 0.472222 0.962277 0.545139
69 0.503753 0.471137 0.982552 0.546152
22 0.499854 0.472801 0.960718 0.545139
68 0.501024 0.474248 0.956819 0.539931
23 0.499854 0.472801 0.960718 0.545139
28 0.499854 0.472801 0.960718 0.545139
2 0.495175 0.472222 0.962277 0.545139
60 0.499854 0.472801 0.960718 0.545139
57 0.499854 0.472801 0.960718 0.545139
31 0.501024 0.474248 0.956819 0.539931
67 0.499854 0.472801 0.960718 0.545139
62 0.503753 0.471137 0.982552 0.546152
0 0.499854 0.472801 0.960718 0.545139
4 0.499854 0.472801 0.960718 0.545139
56 0.503753 0.471137 0.982552 0.546152
3 0.503753 0.471137 0.982552 0.546152
34 0.499854 0.472801 0.960718 0.545139
1 0.502973 0.472512 0.984112 0.542245
32 0.503753 0.471137 0.982552 0.546152
59 0.501024 0.474248 0.956819 0.539931
65 0.495175 0.472222 0.962277 0.545139
5 0.503753 0.471137 0.982552 0.546152
39 0.497125 0.47215 0.958378 0.539497
61 0.503753 0.471137 0.982552 0.546152
8 0.499854 0.472801 0.960718 0.545139
7 0.501024 0.474248 0.956819 0.539931
44 0.503753 0.471137 0.982552 0.546152
20 0.502973 0.472512 0.984112 0.542245
6 0.501024 0.474248 0.956819 0.539931
35 0.495175 0.472222 0.962277 0.545139
45 0.499854 0.472801 0.960718 0.545139
54 0.502973 0.472512 0.984112 0.542245
52 0.496735 0.472295 0.95292 0.540365
10 0.497125 0.47309 0.963057 0.537616
69 0.496735 0.472295 0.95292 0.540365
22 0.496735 0.472295 0.95292 0.540365
2 0.496735 0.472295 0.95292 0.540365
23 0.497125 0.47309 0.963057 0.537616
58 0.496735 0.472295 0.95292 0.540365
60 0.496735 0.472295 0.95292 0.540365
28 0.497125 0.47309 0.963057 0.537616
57 0.497125 0.47309 0.963057 0.537616
62 0.496735 0.472295 0.95292 0.540365
67 0.497125 0.47309 0.963057 0.537616
31 0.496735 0.474031 0.959158 0.535735
68 0.496735 0.47215 0.9498 0.540654
4 0.496735 0.472295 0.95292 0.540365
56 0.496735 0.472295 0.95292 0.540365
0 0.497125 0.47309 0.963057 0.537616
34 0.496735 0.472295 0.95292 0.540365
32 0.497125 0.47309 0.963057 0.537616
3 0.496735 0.472295 0.95292 0.540365
39 0.496345 0.473669 0.953699 0.542245
59 0.496735 0.474031 0.959158 0.535735
44 0.496735 0.472295 0.95292 0.540365
5 0.497125 0.47309 0.963057 0.537616
61 0.504923 0.471644 0.984891 0.538194
8 0.497125 0.47309 0.963057 0.537616
65 0.496735 0.472295 0.95292 0.540365
1 0.496735 0.474031 0.959158 0.535735
45 0.497125 0.47309 0.963057 0.537616
35 0.496735 0.472295 0.95292 0.540365
21 0.496735 0.472295 0.95292 0.540365
20 0.504533 0.473307 0.987231 0.536024
7 0.496735 0.472295 0.95292 0.540365
54 0.499074 0.475405 0.976314 0.532986
30 0.496735 0.474031 0.959158 0.535735
33 0.496735 0.472295 0.95292 0.540365
66 0.504533 0.473307 0.987231 0.536024
52 0.495955 0.468244 0.956039 0.536892
10 0.491276 0.468822 0.957598 0.534578
67 0.491276 0.468822 0.957598 0.534578
69 0.495955 0.468244 0.956039 0.536892
23 0.491276 0.468822 0.957598 0.534578
62 0.493615 0.46998 0.970075 0.531105
22 0.495955 0.468244 0.956039 0.536892
58 0.495955 0.468244 0.956039 0.536892
61 0.493615 0.46998 0.970075 0.531105
60 0.491276 0.468822 0.957598 0.534578
28 0.491276 0.468822 0.957598 0.534578
68 0.495175 0.472512 0.959158 0.536458
31 0.490496 0.47309 0.956039 0.535301
57 0.491276 0.468822 0.957598 0.534578
34 0.491276 0.468822 0.957598 0.534578
56 0.491276 0.468822 0.957598 0.534578
2 0.495955 0.468244 0.956039 0.536892
44 0.491276 0.468822 0.957598 0.534578
8 0.493615 0.46998 0.970075 0.531105
32 0.493615 0.46998 0.970075 0.531105
21 0.491276 0.468822 0.957598 0.534578
4 0.491276 0.468822 0.957598 0.534578
20 0.491276 0.468822 0.957598 0.534578
39 0.493615 0.46998 0.970075 0.531105
1 0.495175 0.472512 0.959158 0.536458
3 0.495955 0.468244 0.956039 0.536892
65 0.494785 0.472295 0.975534 0.53342
0 0.491276 0.468822 0.957598 0.534578
30 0.494785 0.472295 0.975534 0.53342
45 0.491276 0.468822 0.957598 0.534578
5 0.495955 0.468244 0.956039 0.536892
36 0.494785 0.472295 0.975534 0.53342
33 0.495955 0.468244 0.956039 0.536892
52 0.488937 0.473669 0.968516 0.528356
10 0.494005 0.473669 0.986451 0.534144
67 0.494005 0.473669 0.986451 0.534144
58 0.494005 0.47338 0.983332 0.525463
60 0.494005 0.473669 0.986451 0.534144
61 0.494005 0.473669 0.986451 0.534144
69 0.494005 0.473669 0.986451 0.534144
62 0.494005 0.473669 0.986451 0.534144
23 0.490106 0.472801 0.973974 0.537037
31 0.488937 0.473669 0.968516 0.528356
57 0.494005 0.473669 0.986451 0.534144
22 0.490106 0.472801 0.973974 0.537037
68 0.488937 0.473669 0.968516 0.528356
34 0.494005 0.47338 0.983332 0.525463
28 0.494005 0.473669 0.986451 0.534144
2 0.494005 0.47338 0.983332 0.525463
8 0.494005 0.473669 0.986451 0.534144
39 0.494005 0.473669 0.986451 0.534144
44 0.494005 0.473669 0.986451 0.534144
21 0.492056 0.470775 0.974754 0.538773
32 0.494005 0.475622 0.977094 0.522135
1 0.488937 0.473669 0.968516 0.528356
33 0.492056 0.470775 0.974754 0.538773
36 0.494005 0.475622 0.977094 0.522135
56 0.490106 0.472801 0.973974 0.537037
35 0.492056 0.470775 0.974754 0.538773
3 0.488937 0.473669 0.968516 0.528356
4 0.488937 0.473669 0.968516 0.528356
45 0.490106 0.472801 0.973974 0.537037
0 0.494005 0.475622 0.977094 0.522135
5 0.488937 0.473669 0.968516 0.528356
30 0.494005 0.475622 0.977094 0.522135
20 0.492056 0.470775 0.974754 0.538773
65 0.494005 0.47338 0.983332 0.525463
29 0.494005 0.473669 0.986451 0.534144
66 0.492056 0.470775 0.974754 0.538773
52 0.490496 0.466363 0.962277 0.552228
10 0.497125 0.46752 0.983332 0.546441
67 0.492056 0.463542 0.963837 0.555556
69 0.497125 0.46752 0.983332 0.546441
58 0.496735 0.467882 0.984112 0.54456
23 0.490496 0.466363 0.962277 0.552228
68 0.491666 0.471933 0.969295 0.535301
22 0.492056 0.463542 0.963837 0.555556
60 0.497125 0.46752 0.983332 0.546441
57 0.497125 0.46752 0.983332 0.546441
31 0.490496 0.466363 0.962277 0.552228
28 0.491666 0.471933 0.969295 0.535301
56 0.497125 0.46752 0.983332 0.546441
61 0.497125 0.46752 0.983332 0.546441
62 0.497125 0.46752 0.983332 0.546441
2 0.490496 0.466363 0.962277 0.552228
44 0.497125 0.46752 0.983332 0.546441
34 0.492056 0.463542 0.963837 0.555556
21 0.497904 0.463831 0.973974 0.556134
3 0.497125 0.46752 0.983332 0.546441
5 0.490496 0.466363 0.962277 0.552228
1 0.490496 0.466363 0.962277 0.552228
39 0.497125 0.46752 0.983332 0.546441
59 0.497125 0.46752 0.983332 0.546441
32 0.491666 0.471933 0.969295 0.535301
0 0.496735 0.467882 0.984112 0.54456
20 0.492056 0.463542 0.963837 0.555556
4 0.490496 0.466363 0.962277 0.552228
54 0.491666 0.471933 0.969295 0.535301
8 0.492836 0.473669 0.966956 0.534144
45 0.492056 0.463542 0.963837 0.555556
65 0.497904 0.463831 0.973974 0.556134
29 0.491666 0.471933 0.969295 0.535301
66 0.503753 0.465856 0.960718 0.549769
33 0.497125 0.46752 0.983332 0.546441
52 0.492836 0.475767 0.966956 0.539207
10 0.492836 0.475767 0.966956 0.539207
69 0.492836 0.475767 0.966956 0.539207
67 0.496735 0.476201 0.982552 0.538339
23 0.490886 0.477358 0.969295 0.537182
31 0.495955 0.476273 0.984112 0.541667
68 0.491276 0.477431 0.966956 0.540509
58 0.492836 0.475767 0.966956 0.539207
57 0.491276 0.477431 0.966956 0.540509
22 0.492836 0.475767 0.966956 0.539207
60 0.488937 0.479239 0.965396 0.539207
44 0.490886 0.477358 0.969295 0.537182
21 0.492836 0.475767 0.966956 0.539207
28 0.491276 0.477431 0.966956 0.540509
5 0.492836 0.475767 0.966956 0.539207
62 0.495955 0.476273 0.984112 0.541667
59 0.496735 0.476201 0.982552 0.538339
56 0.488937 0.479239 0.965396 0.539207
2 0.488937 0.479239 0.965396 0.539207
61 0.496735 0.476201 0.982552 0.538339
3 0.491276 0.477431 0.966956 0.540509
34 0.490886 0.477358 0.969295 0.537182
20 0.490886 0.477358 0.969295 0.537182
66 0.492836 0.475767 0.966956 0.539207
32 0.495955 0.476273 0.984112 0.541667
39 0.492836 0.475767 0.966956 0.539207
1 0.488937 0.479239 0.965396 0.539207
4 0.491276 0.477431 0.966956 0.540509
0 0.495955 0.476273 0.984112 0.541667
54 0.497514 0.480252 0.979433 0.537182
29 0.497514 0.480252 0.979433 0.537182
10 0.494005 0.469256 0.961497 0.548756
69 0.494005 0.469256 0.961497 0.548756
52 0.494005 0.469256 0.961497 0.548756
60 0.494005 0.469256 0.961497 0.548756
67 0.498294 0.471716 0.968516 0.542679
58 0.494005 0.469256 0.961497 0.548756
22 0.494005 0.469256 0.961497 0.548756
23 0.494005 0.469256 0.961497 0.548756
39 0.494005 0.469256 0.961497 0.548756
61 0.494005 0.469256 0.961497 0.548756
28 0.493226 0.470775 0.963057 0.537616
62 0.494005 0.469256 0.961497 0.548756
21 0.494005 0.469256 0.961497 0.548756
57 0.494005 0.469256 0.961497 0.548756
8 0.500634 0.475043 0.982552 0.53371
32 0.500634 0.475043 0.982552 0.53371
68 0.493226 0.470775 0.963057 0.537616
3 0.494005 0.469256 0.961497 0.548756
34 0.494005 0.469256 0.961497 0.548756
44 0.500634 0.475043 0.982552 0.53371
35 0.494005 0.469256 0.961497 0.548756
7 0.493226 0.470775 0.963057 0.537616
31 0.493226 0.470775 0.963057 0.537616
59 0.494005 0.469256 0.961497 0.548756
56 0.500634 0.475043 0.982552 0.53371
5 0.494005 0.469256 0.961497 0.548756
33 0.494005 0.469256 0.961497 0.548756
30 0.500634 0.475043 0.982552 0.53371
0 0.493226 0.470775 0.963057 0.537616
4 0.494005 0.469256 0.961497 0.548756
66 0.494005 0.469256 0.961497 0.548756
54 0.497514 0.474537 0.977873 0.530093
20 0.494005 0.469256 0.961497 0.548756
1 0.493226 0.470775 0.963057 0.537616
6 0.497514 0.474537 0.977873 0.530093
29 0.497125 0.478009 0.964617 0.527778
2 0.494005 0.469256 0.961497 0.548756
45 0.493226 0.470775 0.963057 0.537616
10 0.489327 0.474609 0.973974 0.544994
52 0.489327 0.474609 0.973974 0.544994
69 0.495565 0.476201 0.984892 0.541811
67 0.495565 0.476201 0.984892 0.541811
61 0.489327 0.474609 0.973974 0.544994
58 0.488157 0.477431 0.973194 0.540509
60 0.489716 0.472729 0.970075 0.545284
34 0.489327 0.474609 0.973974 0.544994
62 0.491276 0.480613 0.971635 0.536458
21 0.489716 0.472729 0.970075 0.545284
23 0.493615 0.476852 0.982552 0.539352
22 0.489327 0.474609 0.973974 0.544994
28 0.489327 0.474609 0.973974 0.544994
68 0.489327 0.474609 0.973974 0.544994
44 0.495565 0.476201 0.984892 0.541811
57 0.495565 0.476201 0.984892 0.541811
8 0.491276 0.480613 0.971635 0.536458
32 0.491276 0.480613 0.971635 0.536458
4 0.491276 0.480613 0.971635 0.536458
5 0.489716 0.472729 0.970075 0.545284
29 0.495565 0.476201 0.984892 0.541811
3 0.489716 0.472729 0.970075 0.545284
39 0.489716 0.472729 0.970075 0.545284
56 0.488157 0.477431 0.973194 0.540509
31 0.493615 0.476852 0.982552 0.539352
36 0.491276 0.480613 0.971635 0.536458
59 0.495565 0.476201 0.984892 0.541811
7 0.489716 0.472729 0.970075 0.545284
0 0.488157 0.477431 0.973194 0.540509
33 0.490496 0.472801 0.968516 0.547454
10 0.501803 0.47678 0.981772 0.52908
69 0.501803 0.47678 0.981772 0.52908
52 0.494395 0.479167 0.960718 0.52662
60 0.501803 0.47678 0.981772 0.52908
67 0.501803 0.47678 0.981772 0.52908
61 0.501803 0.47678 0.981772 0.52908
22 0.501803 0.47678 0.981772 0.52908
58 0.492836 0.478009 0.959158 0.521991
39 0.501803 0.47678 0.981772 0.52908
23 0.501803 0.47678 0.981772 0.52908
62 0.501803 0.47678 0.981772 0.52908
57 0.501803 0.47678 0.981772 0.52908
28 0.494395 0.47772 0.959158 0.526042
5 0.495565 0.47772 0.955259 0.529514
21 0.501803 0.47678 0.981772 0.52908
32 0.501803 0.47678 0.981772 0.52908
44 0.501803 0.47678 0.981772 0.52908
68 0.499074 0.476273 0.977873 0.519676
3 0.492836 0.478009 0.959158 0.521991
7 0.494395 0.47772 0.959158 0.526042
56 0.501803 0.47678 0.981772 0.52908
8 0.501024 0.47772 0.973974 0.528356
34 0.499074 0.476273 0.977873 0.519676
59 0.501803 0.47678 0.981772 0.52908
66 0.501414 0.475116 0.980992 0.524306
54 0.499074 0.476273 0.977873 0.519676
4 0.501024 0.47772 0.973974 0.528356
31 0.501414 0.475116 0.980992 0.524306
1 0.494395 0.47772 0.959158 0.526042
35 0.495565 0.47772 0.955259 0.529514
33 0.494395 0.47772 0.959158 0.526042
30 0.501803 0.47678 0.981772 0.52908
0 0.499074 0.476273 0.977873 0.519676
10 0.491276 0.473452 0.966956 0.536892
61 0.496345 0.473958 0.981772 0.538194
60 0.490496 0.47338 0.966956 0.53588
69 0.490496 0.47338 0.966956 0.53588
67 0.492056 0.47309 0.971635 0.538773
58 0.491276 0.473452 0.966956 0.536892
8 0.496345 0.473958 0.981772 0.538194
21 0.492056 0.47309 0.971635 0.538773
52 0.491276 0.473452 0.966956 0.536892
34 0.492056 0.47309 0.971635 0.538773
28 0.490496 0.47338 0.966956 0.53588
62 0.491276 0.473452 0.966956 0.536892
39 0.491276 0.473452 0.966956 0.536892
32 0.497125 0.476201 0.980213 0.53371
29 0.496345 0.473958 0.981772 0.538194
44 0.497125 0.473669 0.984892 0.536458
57 0.491276 0.473452 0.966956 0.536892
23 0.489716 0.474826 0.966956 0.534144
7 0.491276 0.473452 0.966956 0.536892
22 0.491276 0.473452 0.966956 0.536892
5 0.491276 0.473452 0.966956 0.536892
3 0.491276 0.473452 0.966956 0.536892
59 0.491276 0.473452 0.966956 0.536892
35 0.491276 0.473452 0.966956 0.536892
33 0.490496 0.47338 0.966956 0.53588
36 0.496345 0.474537 0.983332 0.538194
68 0.490496 0.47338 0.966956 0.53588
66 0.497125 0.473669 0.984892 0.536458
0 0.497125 0.476201 0.980213 0.53371
54 0.496345 0.473958 0.981772 0.538194
45 0.489716 0.474826 0.966956 0.534144
4 0.496345 0.473958 0.981772 0.538194
1 0.491276 0.473452 0.966956 0.536892
10 0.488937 0.472295 0.974754 0.544994
69 0.492056 0.474609 0.980992 0.53805
61 0.488937 0.472295 0.974754 0.544994
60 0.488157 0.471933 0.970075 0.539931
39 0.488937 0.472295 0.974754 0.544994
8 0.492056 0.474609 0.980992 0.53805
28 0.488157 0.471933 0.970075 0.539931
58 0.488157 0.471933 0.970075 0.539931
21 0.488937 0.472295 0.974754 0.544994
23 0.488937 0.472295 0.974754 0.544994
22 0.488157 0.471933 0.970075 0.539931
67 0.488937 0.472295 0.974754 0.544994
62 0.492056 0.474609 0.980992 0.53805
52 0.488937 0.472295 0.974754 0.544994
34 0.488937 0.472295 0.974754 0.544994
7 0.488937 0.468171 0.973194 0.553241
44 0.492446 0.471644 0.981772 0.539352
4 0.492056 0.474609 0.980992 0.53805
32 0.488937 0.472295 0.974754 0.544994
57 0.488937 0.472295 0.974754 0.544994
5 0.488937 0.468171 0.973194 0.553241
3 0.488157 0.471933 0.970075 0.539931
59 0.492056 0.474609 0.980992 0.53805
29 0.492056 0.474609 0.980992 0.53805
54 0.492056 0.474609 0.980992 0.53805
66 0.496735 0.478516 0.980992 0.531395
30 0.492056 0.474609 0.980992 0.53805
56 0.492056 0.474609 0.980992 0.53805
68 0.488937 0.472295 0.974754 0.544994
45 0.488937 0.472295 0.974754 0.544994
10 0.492836 0.480324 0.974754 0.52662
61 0.495175 0.476562 0.980992 0.532986
69 0.495175 0.479673 0.980992 0.526765
52 0.492836 0.480324 0.974754 0.52662
58 0.492056 0.477141 0.966956 0.534144
67 0.492836 0.480324 0.974754 0.52662
28 0.492056 0.47866 0.971635 0.531105
34 0.492056 0.47866 0.971635 0.531105
4 0.495175 0.479673 0.980992 0.526765
5 0.492056 0.477141 0.966956 0.534144
21 0.492836 0.480324 0.974754 0.52662
8 0.492056 0.475984 0.965396 0.537616
60 0.492056 0.475984 0.965396 0.537616
54 0.492056 0.478082 0.968516 0.529948
22 0.492056 0.47866 0.971635 0.531105
62 0.493226 0.480035 0.975534 0.528356
39 0.492056 0.477141 0.966956 0.534144
68 0.492836 0.480324 0.974754 0.52662
23 0.493226 0.480035 0.975534 0.528356
44 0.495175 0.476562 0.980992 0.532986
32 0.492056 0.477141 0.966956 0.534144
29 0.495175 0.479673 0.980992 0.526765
7 0.492056 0.477141 0.966956 0.534144
66 0.491666 0.480903 0.966176 0.52662
3 0.492056 0.477141 0.966956 0.534144
59 0.492056 0.477141 0.966956 0.534144
1 0.492056 0.478082 0.968516 0.529948
10 0.494395 0.475043 0.979433 0.536024
69 0.494395 0.475043 0.979433 0.536024
61 0.490106 0.474248 0.970855 0.538773
52 0.491276 0.473307 0.973194 0.539497
67 0.491276 0.473307 0.973194 0.539497
58 0.494395 0.475043 0.979433 0.536024
8 0.494395 0.475043 0.979433 0.536024
62 0.494395 0.475043 0.979433 0.536024
4 0.494395 0.475043 0.979433 0.536024
60 0.491276 0.470414 0.973194 0.545284
39 0.492446 0.467882 0.973974 0.54919
54 0.494395 0.475043 0.979433 0.536024
34 0.492446 0.467882 0.973974 0.54919
5 0.494395 0.475043 0.979433 0.536024
28 0.491276 0.470414 0.973194 0.545284
22 0.492446 0.467882 0.973974 0.54919
21 0.491276 0.473307 0.973194 0.539497
32 0.492446 0.467882 0.973974 0.54919
23 0.492446 0.467882 0.973974 0.54919
68 0.494395 0.475984 0.970075 0.534144
44 0.491276 0.473307 0.973194 0.539497
66 0.494395 0.475043 0.979433 0.536024
59 0.494395 0.475043 0.979433 0.536024
7 0.492446 0.467882 0.973974 0.54919
29 0.491276 0.473307 0.973194 0.539497
30 0.491276 0.470414 0.973194 0.545284
10 0.492836 0.47338 0.965396 0.547454
61 0.492056 0.476562 0.965396 0.539931
69 0.492836 0.47338 0.965396 0.547454
28 0.492056 0.476562 0.965396 0.539931
22 0.492056 0.476562 0.965396 0.539931
8 0.497904 0.475043 0.981772 0.540654
58 0.492836 0.47338 0.965396 0.547454
39 0.492056 0.476562 0.965396 0.539931
52 0.493615 0.47772 0.968516 0.532986
34 0.492056 0.476562 0.965396 0.539931
67 0.492056 0.477141 0.962277 0.538773
60 0.492836 0.47338 0.965396 0.547454
62 0.493615 0.474537 0.965396 0.541667
23 0.497904 0.475043 0.981772 0.540654
32 0.497904 0.475043 0.981772 0.540654
4 0.496735 0.477937 0.979433 0.532552
54 0.497904 0.475043 0.981772 0.540654
5 0.493615 0.474537 0.965396 0.541667
59 0.493615 0.47772 0.968516 0.532986
21 0.493615 0.47772 0.968516 0.532986
7 0.492836 0.47338 0.965396 0.547454
44 0.497904 0.475043 0.981772 0.540654
3 0.493615 0.474537 0.965396 0.541667
66 0.496735 0.477937 0.979433 0.532552
30 0.493615 0.47772 0.968516 0.532986
29 0.493615 0.47772 0.968516 0.532986
57 0.493615 0.47772 0.968516 0.532986
68 0.493615 0.47772 0.968516 0.532986
10 0.496345 0.475043 0.981772 0.536024
61 0.497125 0.47338 0.983332 0.539352
69 0.497125 0.47338 0.983332 0.539352
39 0.494395 0.475043 0.970075 0.536024
60 0.494395 0.475043 0.970075 0.536024
21 0.495565 0.475043 0.970855 0.536024
67 0.496345 0.475043 0.981772 0.536024
52 0.496345 0.475043 0.981772 0.536024
22 0.494395 0.475043 0.970075 0.536024
8 0.494395 0.475043 0.970075 0.536024
58 0.495955 0.474537 0.968516 0.537037
28 0.494395 0.475043 0.970075 0.536024
34 0.495955 0.474537 0.968516 0.537037
62 0.496345 0.475043 0.981772 0.536024
23 0.495955 0.474537 0.968516 0.537037
32 0.495955 0.474537 0.968516 0.537037
7 0.494395 0.475043 0.970075 0.536024
66 0.497125 0.47338 0.983332 0.539352
29 0.496345 0.475043 0.981772 0.536024
5 0.495565 0.475043 0.970855 0.536024
59 0.496345 0.475043 0.981772 0.536024
4 0.496345 0.475043 0.981772 0.536024
44 0.497125 0.47338 0.983332 0.539352
35 0.495955 0.472512 0.970075 0.539931
45 0.494395 0.475043 0.970075 0.536024
57 0.496345 0.475043 0.981772 0.536024
30 0.496345 0.475043 0.981772 0.536024
54 0.496345 0.475043 0.981772 0.536024
3 0.495565 0.475043 0.970855 0.536024
10 0.494395 0.47772 0.966956 0.530671
61 0.494395 0.47772 0.966956 0.530671
52 0.495175 0.474826 0.970075 0.535301
69 0.497514 0.475116 0.980992 0.53125
21 0.494395 0.47772 0.966956 0.530671
67 0.492056 0.474465 0.966956 0.539497
29 0.495175 0.474826 0.970075 0.535301
60 0.492056 0.474465 0.966956 0.539497
58 0.492836 0.46998 0.966956 0.543837
34 0.494395 0.47772 0.966956 0.530671
8 0.497514 0.475116 0.980992 0.53125
23 0.494395 0.47772 0.966956 0.530671
39 0.492056 0.474465 0.966956 0.539497
28 0.492056 0.474465 0.966956 0.539497
62 0.492836 0.46998 0.966956 0.543837
59 0.496735 0.476201 0.979433 0.531395
4 0.496735 0.476201 0.979433 0.531395
5 0.496735 0.476201 0.979433 0.531395
54 0.496735 0.476201 0.979433 0.531395
22 0.492056 0.474465 0.966956 0.539497
66 0.497514 0.475116 0.980992 0.53125
68 0.492836 0.46998 0.966956 0.543837
45 0.494395 0.47772 0.966956 0.530671
7 0.492056 0.474465 0.966956 0.539497
30 0.496735 0.476201 0.979433 0.531395
44 0.494395 0.47772 0.966956 0.530671
10 0.489327 0.479094 0.970855 0.530237
61 0.489327 0.479094 0.970855 0.530237
39 0.489327 0.479094 0.970855 0.530237
69 0.489327 0.479094 0.970855 0.530237
60 0.490496 0.47772 0.976314 0.532986
8 0.489327 0.479094 0.970855 0.530237
21 0.489327 0.479094 0.970855 0.530237
62 0.490496 0.476852 0.974754 0.533565
67 0.489327 0.479094 0.970855 0.530237
28 0.489327 0.479094 0.970855 0.530237
52 0.490106 0.475188 0.977094 0.534578
22 0.489327 0.479094 0.970855 0.530237
34 0.489327 0.479094 0.970855 0.530237
66 0.492056 0.475984 0.977873 0.534144
58 0.490496 0.476852 0.974754 0.533565
54 0.492056 0.475984 0.977873 0.534144
59 0.489716 0.471354 0.971635 0.541088
23 0.492056 0.475984 0.977873 0.534144
30 0.490106 0.475188 0.977094 0.534578
7 0.489327 0.479094 0.970855 0.530237
4 0.490106 0.475188 0.977094 0.534578
32 0.489327 0.479094 0.970855 0.530237
44 0.489327 0.479094 0.970855 0.530237
29 0.489716 0.476562 0.973194 0.532986
5 0.480749 0.477937 0.95058 0.531395
35 0.490496 0.47772 0.976314 0.532986
45 0.489327 0.479094 0.970855 0.530237
10 0.494395 0.474465 0.968516 0.544126
61 0.493226 0.477141 0.966176 0.536458
69 0.497904 0.475116 0.980213 0.539352
58 0.493226 0.471354 0.963057 0.54919
67 0.493226 0.477141 0.966176 0.536458
39 0.493226 0.477141 0.966176 0.536458
62 0.493226 0.471354 0.963057 0.54919
59 0.494395 0.474465 0.968516 0.544126
52 0.494395 0.474465 0.968516 0.544126
8 0.493226 0.477141 0.966176 0.536458
54 0.497904 0.475116 0.980213 0.539352
29 0.493226 0.477141 0.966176 0.536458
60 0.492056 0.472512 0.962277 0.545718
28 0.493226 0.477141 0.966176 0.536458
34 0.493226 0.477141 0.966176 0.536458
30 0.494395 0.474465 0.968516 0.544126
32 0.493226 0.471354 0.963057 0.54919
22 0.493226 0.477141 0.966176 0.536458
21 0.493226 0.477141 0.966176 0.536458
5 0.497904 0.475116 0.980213 0.539352
7 0.493226 0.471354 0.963057 0.54919
4 0.497904 0.475116 0.980213 0.539352
66 0.497904 0.475116 0.980213 0.539352
23 0.494395 0.474465 0.968516 0.544126
68 0.494395 0.474465 0.968516 0.544126
3 0.493226 0.471354 0.963057 0.54919
1 0.497904 0.475116 0.980213 0.539352
10 0.497514 0.477431 0.982552 0.542824
61 0.492446 0.478299 0.967736 0.538773
39 0.492446 0.478299 0.967736 0.538773
28 0.492446 0.478299 0.967736 0.538773
34 0.492446 0.478299 0.967736 0.538773
69 0.494395 0.475622 0.979433 0.540654
8 0.492446 0.478299 0.967736 0.538773
32 0.497514 0.477431 0.982552 0.542824
22 0.497514 0.477431 0.982552 0.542824
58 0.494395 0.475622 0.979433 0.540654
5 0.494395 0.475622 0.979433 0.540654
21 0.492446 0.478299 0.967736 0.538773
54 0.497514 0.477431 0.982552 0.542824
62 0.494005 0.472512 0.973974 0.545718
59 0.494395 0.475622 0.979433 0.540654
60 0.493615 0.475116 0.973194 0.543981
52 0.494395 0.475622 0.979433 0.540654
23 0.497514 0.477431 0.982552 0.542824
4 0.494395 0.475622 0.979433 0.540654
67 0.496345 0.47772 0.977094 0.543403
29 0.492056 0.474031 0.968516 0.542679
66 0.497514 0.477431 0.982552 0.542824
7 0.494005 0.472512 0.973974 0.545718
30 0.492056 0.474031 0.968516 0.542679
44 0.492446 0.478299 0.967736 0.538773
1 0.494395 0.475622 0.979433 0.540654
10 0.492056 0.476852 0.962277 0.534722
61 0.491276 0.476852 0.960718 0.530093
39 0.491276 0.476852 0.960718 0.530093
62 0.492056 0.476852 0.962277 0.534722
52 0.492056 0.476852 0.962277 0.534722
69 0.492056 0.477358 0.959158 0.532552
34 0.491276 0.476852 0.960718 0.530093
58 0.492056 0.475188 0.962277 0.53805
21 0.492056 0.476852 0.962277 0.534722
60 0.491276 0.476852 0.960718 0.530093
22 0.494005 0.47309 0.970855 0.536458
8 0.491276 0.476852 0.960718 0.530093
28 0.491276 0.476852 0.960718 0.530093
67 0.492056 0.476852 0.962277 0.534722
29 0.492056 0.475188 0.962277 0.53805
59 0.492836 0.475694 0.970075 0.534722
5 0.492836 0.475694 0.970075 0.534722
4 0.492836 0.475694 0.970075 0.534722
23 0.492056 0.476852 0.962277 0.534722
54 0.494005 0.47309 0.970855 0.536458
30 0.492056 0.476852 0.962277 0.534722
7 0.492056 0.475188 0.962277 0.53805
32 0.492056 0.477358 0.959158 0.532552
66 0.494005 0.47309 0.970855 0.536458
10 0.490496 0.474609 0.968516 0.541522
61 0.489716 0.475767 0.966956 0.543837
39 0.489716 0.475767 0.966956 0.543837
62 0.488937 0.470775 0.966956 0.550347
5 0.494395 0.477431 0.979433 0.534722
28 0.489716 0.475767 0.966956 0.543837
60 0.489716 0.475767 0.966956 0.543837
22 0.489716 0.475767 0.966956 0.543837
69 0.494395 0.477431 0.979433 0.534722
58 0.494395 0.477431 0.979433 0.534722
34 0.489716 0.475767 0.966956 0.543837
52 0.490496 0.474609 0.968516 0.541522
8 0.489716 0.475767 0.966956 0.543837
67 0.489716 0.475767 0.966956 0.543837
54 0.490496 0.474609 0.968516 0.541522
21 0.490496 0.474609 0.968516 0.541522
32 0.494395 0.477431 0.979433 0.534722
59 0.490496 0.474609 0.968516 0.541522
23 0.490496 0.474609 0.968516 0.541522
4 0.494395 0.477431 0.979433 0.534722
29 0.490496 0.474609 0.968516 0.541522
7 0.489716 0.475767 0.966956 0.543837
10 0.650356 0.492477 0.648796 0.501157
66 0.494395 0.477431 0.979433 0.534722
1 0.494395 0.477431 0.979433 0.534722
10 0.493615 0.55353 0.95136 0.377894
30 0.495955 0.476852 0.982552 0.542824
10 0.489716 0.470775 0.968516 0.537616
39 0.489716 0.472801 0.968516 0.527778
61 0.493615 0.473669 0.979433 0.527199
69 0.492056 0.473452 0.974754 0.532263
60 0.491276 0.47309 0.970075 0.532986
8 0.493615 0.473669 0.979433 0.527199
28 0.489716 0.472801 0.968516 0.527778
62 0.488937 0.467086 0.968516 0.544994
22 0.491276 0.47309 0.970075 0.532986
5 0.492056 0.473452 0.974754 0.532263
58 0.488937 0.467086 0.968516 0.544994
21 0.489716 0.470775 0.968516 0.537616
34 0.489716 0.472801 0.968516 0.527778
7 0.489716 0.472801 0.968516 0.527778
67 0.491276 0.47309 0.970075 0.532986
32 0.491276 0.47309 0.970075 0.532986
52 0.489716 0.470775 0.968516 0.537616
66 0.493615 0.473669 0.979433 0.527199
23 0.492056 0.473452 0.974754 0.532263
59 0.489716 0.470775 0.968516 0.537616
4 0.492056 0.473452 0.974754 0.532263
30 0.489716 0.470775 0.968516 0.537616
54 0.493615 0.473669 0.979433 0.527199
29 0.489716 0.470775 0.968516 0.537616
1 0.488937 0.467086 0.968516 0.544994
20 0.491276 0.47309 0.970075 0.532986
10 0.497514 0.474031 0.963837 0.539207
61 0.496345 0.475694 0.963057 0.538194
39 0.496345 0.475694 0.963057 0.538194
52 0.496735 0.475622 0.974754 0.534867
58 0.494005 0.468678 0.961497 0.548756
22 0.497125 0.475984 0.961497 0.538773
62 0.497514 0.474031 0.963837 0.539207
60 0.499074 0.47678 0.977873 0.538339
5 0.496735 0.475622 0.974754 0.534867
28 0.496345 0.475694 0.963057 0.538194
59 0.496735 0.475622 0.974754 0.534867
69 0.496735 0.475622 0.974754 0.534867
54 0.497514 0.474031 0.963837 0.539207
67 0.499074 0.47678 0.977873 0.538339
66 0.496735 0.475622 0.974754 0.534867
34 0.496345 0.475694 0.963057 0.538194
23 0.499074 0.47678 0.977873 0.538339
21 0.496735 0.475622 0.974754 0.534867
8 0.497514 0.475116 0.979433 0.538194
1 0.496735 0.475622 0.974754 0.534867
4 0.496735 0.475622 0.974754 0.534867
7 0.493615 0.470993 0.963837 0.546441
29 0.497514 0.474031 0.963837 0.539207
32 0.499074 0.47678 0.977873 0.538339
30 0.496735 0.475622 0.974754 0.534867
68 0.494005 0.468678 0.961497 0.548756
10 0.491666 0.474465 0.959938 0.539497
61 0.491276 0.474031 0.960718 0.540365
69 0.491666 0.474826 0.969295 0.541088
58 0.492836 0.471137 0.960718 0.548466
54 0.491666 0.474465 0.959938 0.539497
39 0.491276 0.474031 0.960718 0.540365
62 0.492836 0.471137 0.960718 0.548466
32 0.492836 0.471137 0.960718 0.548466
28 0.491276 0.474031 0.960718 0.540365
34 0.491276 0.474031 0.960718 0.540365
23 0.491666 0.474826 0.969295 0.541088
8 0.491666 0.474826 0.969295 0.541088
52 0.489716 0.475043 0.963837 0.537182
22 0.491276 0.474031 0.960718 0.540365
5 0.489716 0.475043 0.963837 0.537182
66 0.491666 0.474826 0.969295 0.541088
67 0.492836 0.475405 0.959158 0.535301
4 0.489716 0.475043 0.963837 0.537182
44 0.491276 0.474031 0.960718 0.540365
29 0.491666 0.474465 0.959938 0.539497
59 0.492836 0.471137 0.960718 0.548466
10 0.489716 0.471933 0.963837 0.542245
61 0.489716 0.471933 0.963837 0.542245
39 0.489716 0.471933 0.963837 0.542245
52 0.489716 0.470775 0.966956 0.542245
28 0.489716 0.471933 0.963837 0.542245
60 0.490886 0.472222 0.967736 0.541667
62 0.490496 0.471137 0.966956 0.541522
22 0.489716 0.471933 0.963837 0.542245
58 0.494785 0.471933 0.959938 0.536458
69 0.490886 0.472222 0.967736 0.541667
5 0.494785 0.471644 0.978653 0.539352
21 0.489716 0.470775 0.966956 0.542245
8 0.489716 0.471933 0.963837 0.542245
23 0.489716 0.471933 0.963837 0.542245
34 0.489716 0.471933 0.963837 0.542245
67 0.490886 0.472222 0.967736 0.541667
1 0.494395 0.47309 0.979433 0.543403
59 0.490496 0.471137 0.966956 0.541522
54 0.489716 0.471933 0.963837 0.542245
7 0.490886 0.472222 0.967736 0.541667
32 0.494395 0.47309 0.979433 0.543403
4 0.494785 0.471644 0.978653 0.539352
66 0.494785 0.471644 0.978653 0.539352
29 0.490496 0.471137 0.966956 0.541522
10 0.488937 0.480613 0.965396 0.531829
61 0.488937 0.480613 0.965396 0.531829
28 0.488937 0.480613 0.965396 0.531829
39 0.489716 0.478009 0.968516 0.53588
22 0.489716 0.478009 0.968516 0.53588
34 0.488937 0.480613 0.965396 0.531829
54 0.492446 0.477937 0.977094 0.537182
52 0.487377 0.47866 0.962277 0.531105
62 0.488937 0.476345 0.968516 0.535735
60 0.489716 0.478009 0.968516 0.53588
23 0.492446 0.477937 0.977094 0.537182
58 0.488937 0.476345 0.968516 0.535735
29 0.487377 0.47866 0.962277 0.531105
8 0.492446 0.477937 0.977094 0.537182
66 0.492446 0.477937 0.977094 0.537182
5 0.490886 0.47772 0.973974 0.530671
68 0.488937 0.476345 0.968516 0.535735
10 0.490496 0.476562 0.962277 0.534144
39 0.490106 0.473958 0.966176 0.539352
61 0.490496 0.476562 0.962277 0.534144
60 0.490106 0.473958 0.966176 0.539352
52 0.490496 0.474465 0.965396 0.541811
28 0.490106 0.473958 0.966176 0.539352
22 0.490106 0.473958 0.966176 0.539352
62 0.490496 0.474465 0.965396 0.541811
23 0.490496 0.476562 0.962277 0.534144
58 0.490496 0.474465 0.965396 0.541811
8 0.490496 0.476562 0.962277 0.534144
21 0.490106 0.473958 0.966176 0.539352
59 0.490496 0.474465 0.965396 0.541811
34 0.490496 0.476562 0.962277 0.534144
5 0.494395 0.475767 0.957598 0.53805
54 0.492056 0.475694 0.962277 0.539352
1 0.490496 0.474465 0.965396 0.541811
30 0.491666 0.47338 0.963057 0.542824
10 0.490106 0.47678 0.966176 0.530237
39 0.490106 0.47678 0.966176 0.530237
8 0.490106 0.47678 0.966176 0.530237
61 0.490106 0.47678 0.966176 0.530237
69 0.496735 0.473307 0.980992 0.537182
28 0.490106 0.47678 0.966176 0.530237
62 0.490886 0.474248 0.967736 0.535301
54 0.492056 0.477937 0.965396 0.530237
52 0.492056 0.475116 0.968516 0.533565
21 0.492056 0.475116 0.968516 0.533565
34 0.490106 0.47678 0.966176 0.530237
23 0.495175 0.474248 0.979433 0.535301
30 0.490886 0.474248 0.967736 0.535301
59 0.490886 0.474248 0.967736 0.535301
22 0.492056 0.477937 0.965396 0.530237
5 0.496735 0.473307 0.980992 0.537182
66 0.492056 0.475116 0.968516 0.533565
60 0.490496 0.474248 0.968516 0.536458
58 0.499854 0.47678 0.9498 0.525608
29 0.490886 0.474248 0.967736 0.535301
10 0.490496 0.47772 0.965396 0.531829
39 0.490886 0.474537 0.970855 0.537037
22 0.492836 0.478516 0.963837 0.531395
28 0.490496 0.47772 0.965396 0.531829
60 0.490106 0.476562 0.969295 0.535301
61 0.492836 0.478516 0.963837 0.531395
62 0.492836 0.478516 0.963837 0.531395
69 0.491666 0.471933 0.972415 0.542245
23 0.492836 0.478516 0.963837 0.531395
54 0.492836 0.478516 0.963837 0.531395
58 0.490496 0.473307 0.968516 0.539497
8 0.490886 0.474537 0.970855 0.537037
32 0.492836 0.478516 0.963837 0.531395
52 0.491666 0.471933 0.972415 0.542245
5 0.490496 0.473307 0.968516 0.539497
66 0.490886 0.474537 0.970855 0.537037
68 0.490496 0.473307 0.968516 0.539497
1 0.490496 0.473307 0.968516 0.539497
59 0.491666 0.471933 0.972415 0.542245
21 0.492836 0.478516 0.963837 0.531395
67 0.492836 0.478516 0.963837 0.531395
10 0.491666 0.478877 0.959938 0.523727
39 0.491666 0.478877 0.959938 0.523727
8 0.491666 0.478877 0.959938 0.523727
60 0.496735 0.48235 0.956039 0.515625
28 0.491666 0.478877 0.959938 0.523727
62 0.490496 0.476201 0.960718 0.531395
61 0.491666 0.481481 0.959938 0.518519
54 0.491666 0.481481 0.959938 0.518519
69 0.491666 0.475984 0.959938 0.530671
10 0.492836 0.475116 0.965396 0.53588
61 0.494395 0.476562 0.962277 0.530671
39 0.492836 0.475116 0.965396 0.53588
69 0.494005 0.476201 0.967736 0.53371
54 0.494395 0.476562 0.962277 0.530671
66 0.494005 0.476201 0.967736 0.53371
8 0.494005 0.476201 0.967736 0.53371
62 0.491276 0.476924 0.966956 0.532263
32 0.494395 0.476562 0.962277 0.530671
10 0.491276 0.47866 0.954479 0.531105
69 0.489327 0.477141 0.964617 0.534144
39 0.491276 0.47866 0.954479 0.531105
61 0.492836 0.479456 0.95292 0.524884
60 0.492446 0.476273 0.961497 0.537037
54 0.489327 0.477141 0.964617 0.534144
28 0.492446 0.476273 0.961497 0.537037
8 0.489327 0.477141 0.964617 0.534144
66 0.489327 0.477141 0.964617 0.534144
22 0.492836 0.479456 0.95292 0.524884
62 0.492056 0.475767 0.960718 0.536892
32 0.492836 0.479456 0.95292 0.524884
10 0.490886 0.475188 0.958378 0.544994
61 0.493615 0.472512 0.959158 0.534144
54 0.488157 0.474248 0.959158 0.541088
69 0.493615 0.472512 0.959158 0.534144
8 0.488157 0.474826 0.960718 0.543403
39 0.488157 0.474826 0.960718 0.543403
28 0.488937 0.475043 0.963837 0.545284
32 0.493615 0.472512 0.959158 0.534144
22 0.493615 0.472512 0.959158 0.534144
60 0.488937 0.475043 0.963837 0.545284
23 0.488157 0.474826 0.960718 0.543403
62 0.493615 0.472512 0.959158 0.534144
67 0.493615 0.472512 0.959158 0.534144
68 0.488157 0.474465 0.963837 0.541811
58 0.488157 0.474465 0.963837 0.541811
66 0.488157 0.474248 0.959158 0.541088
44 0.493615 0.472512 0.959158 0.534144
10 0.491276 0.476924 0.962277 0.532263
39 0.491276 0.476924 0.962277 0.532263
61 0.491276 0.478082 0.965396 0.525318
62 0.488937 0.476562 0.965396 0.531829
22 0.495175 0.477431 0.962277 0.52662
60 0.489716 0.476273 0.966956 0.53588
28 0.489716 0.476273 0.966956 0.53588
8 0.492836 0.475405 0.976314 0.532986
69 0.488937 0.476562 0.965396 0.531829
54 0.488937 0.476562 0.965396 0.531829
32 0.491276 0.478082 0.965396 0.525318
52 0.492056 0.476924 0.965396 0.529948
58 0.495175 0.479673 0.956039 0.526765
10 0.490496 0.478082 0.956039 0.536892
52 0.491276 0.475405 0.962277 0.539931
39 0.490496 0.478082 0.956039 0.536892
61 0.490496 0.478082 0.956039 0.536892
60 0.490496 0.478082 0.956039 0.536892
62 0.491276 0.475405 0.962277 0.539931
28 0.490496 0.478082 0.956039 0.536892
8 0.490496 0.478082 0.956039 0.536892
54 0.492056 0.476924 0.959158 0.539207
68 0.491276 0.475405 0.962277 0.539931
1 0.491276 0.475405 0.962277 0.539931
69 0.491276 0.475405 0.962277 0.539931
67 0.491276 0.475405 0.962277 0.539931
10 0.490496 0.47338 0.963837 0.545139
61 0.492056 0.472222 0.965396 0.541667
8 0.490496 0.47338 0.963837 0.545139
54 0.490496 0.475405 0.965396 0.543403
39 0.490496 0.47338 0.963837 0.545139
28 0.490496 0.47338 0.963837 0.545139
52 0.490496 0.475405 0.965396 0.543403
62 0.489716 0.471644 0.966956 0.542824
69 0.492056 0.472222 0.965396 0.541667
10 0.489716 0.480613 0.95292 0.524884
39 0.489716 0.480613 0.95292 0.524884
61 0.492056 0.480396 0.95292 0.520689
28 0.489716 0.480613 0.95292 0.524884
8 0.489716 0.480613 0.95292 0.524884
22 0.492056 0.480396 0.95292 0.520689
54 0.492056 0.480396 0.95292 0.520689
60 0.489716 0.480613 0.95292 0.524884
52 0.486207 0.478516 0.961497 0.52908
10 0.495955 0.47678 0.954479 0.532552
61 0.496735 0.476345 0.95136 0.528791
39 0.495175 0.476562 0.95292 0.532986
54 0.495175 0.472222 0.954479 0.538194
8 0.496735 0.476345 0.95136 0.528791
10 0.490106 0.480975 0.95058 0.519531
39 0.490106 0.480975 0.95058 0.519531
52 0.482698 0.477431 0.9498 0.528935
8 0.490106 0.480975 0.95058 0.519531
22 0.490106 0.480975 0.95058 0.519531
61 0.490106 0.480975 0.95058 0.519531
23 0.490106 0.480975 0.95058 0.519531
60 0.490106 0.480975 0.95058 0.519531
10 0.490106 0.478009 0.963057 0.527778
22 0.490496 0.474031 0.965396 0.532263
61 0.490496 0.474031 0.965396 0.532263
60 0.495955 0.475405 0.957598 0.530671
28 0.495955 0.475405 0.957598 0.530671
39 0.490496 0.474031 0.965396 0.532263
8 0.490106 0.478009 0.963057 0.527778
54 0.495955 0.475984 0.954479 0.531829
10 0.492056 0.478082 0.959158 0.517216
39 0.492056 0.478082 0.959158 0.517216
8 0.494395 0.475984 0.974754 0.522569
22 0.495175 0.477141 0.959158 0.510995
28 0.492056 0.478082 0.959158 0.517216
61 0.495175 0.477141 0.959158 0.510995
10 0.490496 0.478299 0.960718 0.530671
8 0.495175 0.475984 0.977873 0.534144
61 0.493226 0.476562 0.959938 0.523727
28 0.490496 0.478299 0.960718 0.530671
39 0.493226 0.476562 0.959938 0.523727
23 0.493226 0.476562 0.959938 0.523727
54 0.491276 0.472729 0.966956 0.538339
34 0.493226 0.476562 0.959938 0.523727
10 0.490106 0.47678 0.959938 0.527923
8 0.490106 0.47678 0.959938 0.527923
61 0.490106 0.47678 0.959938 0.527923
39 0.490106 0.47678 0.959938 0.527923
28 0.490106 0.47678 0.959938 0.527923
52 0.494785 0.471933 0.953699 0.529514
10 0.490496 0.476273 0.962277 0.533565
39 0.490496 0.476273 0.962277 0.533565
8 0.490496 0.476273 0.962277 0.533565
52 0.490496 0.476201 0.971635 0.52908
60 0.490496 0.470775 0.963837 0.532986
28 0.490496 0.476273 0.962277 0.533565
22 0.492056 0.473669 0.963837 0.529514
10 0.487377 0.475694 0.966956 0.53125
60 0.488937 0.471933 0.968516 0.526042
39 0.488937 0.471933 0.968516 0.526042
8 0.488937 0.471933 0.968516 0.526042
61 0.488937 0.471933 0.968516 0.526042
22 0.488937 0.471933 0.968516 0.526042
10 0.492836 0.475767 0.962277 0.532263
60 0.494395 0.473958 0.960718 0.52662
61 0.494395 0.473958 0.960718 0.52662
54 0.495955 0.477141 0.957598 0.527199
28 0.495955 0.477141 0.957598 0.527199
8 0.492056 0.477358 0.968516 0.52908
10 0.492056 0.473958 0.962277 0.53125
8 0.488937 0.475405 0.965396 0.528356
54 0.492056 0.473958 0.962277 0.53125
10 0.491276 0.474248 0.957598 0.531829
39 0.491276 0.474248 0.957598 0.531829
60 0.492836 0.472512 0.960718 0.530671
22 0.494005 0.473669 0.958378 0.531829
8 0.494005 0.473669 0.958378 0.531829
54 0.492836 0.473669 0.960718 0.531829
62 0.492836 0.472512 0.960718 0.530671
10 0.494395 0.475043 0.954479 0.530237
61 0.495175 0.471933 0.954479 0.521412
8 0.495175 0.471933 0.954479 0.521412
54 0.493615 0.473307 0.956039 0.534867
32 0.495175 0.471933 0.954479 0.521412
39 0.495175 0.471933 0.954479 0.521412
60 0.495175 0.471933 0.954479 0.521412
23 0.495175 0.471933 0.954479 0.521412
62 0.493615 0.468822 0.957598 0.527633
22 0.495175 0.471933 0.954479 0.521412
10 0.490496 0.475984 0.956039 0.531829
8 0.490496 0.475984 0.956039 0.531829
61 0.492836 0.470197 0.957598 0.534144
28 0.490496 0.475984 0.956039 0.531829
23 0.490496 0.475984 0.956039 0.531829
54 0.490496 0.473669 0.957598 0.530671
39 0.490496 0.475984 0.956039 0.531829
32 0.492836 0.470197 0.957598 0.534144
60 0.496735 0.470558 0.95292 0.53805
10 0.491276 0.478299 0.960718 0.527199
8 0.491276 0.478299 0.960718 0.527199
39 0.491276 0.478299 0.960718 0.527199
28 0.491276 0.478299 0.960718 0.527199
61 0.493615 0.475984 0.966956 0.531829
22 0.491276 0.471933 0.962277 0.532986
60 0.491276 0.478299 0.960718 0.527199
54 0.492056 0.477358 0.962277 0.52908
62 0.496735 0.473958 0.95292 0.533565
10 0.488937 0.480324 0.959158 0.527778
8 0.488937 0.480324 0.959158 0.527778
52 0.488937 0.479745 0.959158 0.530093
39 0.488937 0.480324 0.959158 0.527778
61 0.491666 0.473886 0.963057 0.530237
28 0.488937 0.480324 0.959158 0.527778
23 0.488937 0.480324 0.959158 0.527778
60 0.488937 0.480324 0.959158 0.527778
10 0.491276 0.47772 0.960718 0.526042
22 0.493615 0.47772 0.959158 0.526042
39 0.493615 0.47772 0.959158 0.526042
8 0.493615 0.47772 0.959158 0.526042
60 0.493615 0.47772 0.959158 0.526042
10 0.490496 0.479673 0.962277 0.52445
39 0.492056 0.478877 0.960718 0.526042
8 0.492056 0.480035 0.974754 0.527199
52 0.491276 0.478516 0.959158 0.531395
61 0.490496 0.47309 0.965396 0.535301
10 0.491276 0.47772 0.962277 0.526042
39 0.494395 0.476345 0.960718 0.527633
8 0.492056 0.477141 0.971635 0.528356
61 0.494395 0.476345 0.960718 0.527633
22 0.494395 0.476345 0.960718 0.527633
60 0.494395 0.476345 0.960718 0.527633
23 0.494395 0.476345 0.960718 0.527633
10 0.489716 0.477358 0.973194 0.53371
60 0.490886 0.476345 0.967736 0.526476
61 0.490886 0.476345 0.967736 0.526476
10 0.490886 0.47866 0.967736 0.531105
39 0.493226 0.478009 0.966176 0.53125
60 0.493226 0.478009 0.966176 0.53125
22 0.493226 0.478009 0.966176 0.53125
8 0.493226 0.478009 0.966176 0.53125
10 0.488157 0.478516 0.968516 0.52908
39 0.490496 0.475984 0.968516 0.528356
8 0.490496 0.475984 0.968516 0.528356
60 0.490496 0.475984 0.968516 0.528356
61 0.490496 0.475984 0.968516 0.528356
54 0.488547 0.472295 0.970855 0.540365
10 0.488157 0.479167 0.963837 0.528935
8 0.489327 0.476273 0.967736 0.533565
39 0.494395 0.471933 0.959158 0.539931
62 0.495175 0.471644 0.957598 0.539352
60 0.488937 0.471354 0.968516 0.541088
22 0.488937 0.476924 0.962277 0.527633
61 0.495175 0.471644 0.957598 0.539352
1 0.495175 0.471644 0.957598 0.539352
10 0.488547 0.479094 0.966176 0.525608
8 0.491276 0.476345 0.973194 0.528791
39 0.494395 0.472222 0.960718 0.53588
62 0.495565 0.471137 0.958378 0.535735
60 0.494395 0.472222 0.960718 0.53588
22 0.488937 0.476345 0.965396 0.521846
61 0.495565 0.471137 0.958378 0.535735
54 0.495565 0.471137 0.958378 0.535735
1 0.495565 0.471137 0.958378 0.535735
28 0.495565 0.471137 0.958378 0.535735
10 0.488937 0.479745 0.962277 0.52662
8 0.489327 0.479094 0.970855 0.527923
39 0.489716 0.478082 0.963837 0.526476
22 0.489716 0.478082 0.963837 0.526476
54 0.489716 0.474031 0.966956 0.535735
1 0.496735 0.475694 0.956039 0.530093
10 0.488937 0.478009 0.962277 0.530093
39 0.492056 0.474031 0.966956 0.53342
8 0.488937 0.478009 0.962277 0.530093
22 0.490496 0.476562 0.962277 0.527199
60 0.492056 0.474031 0.966956 0.53342
62 0.499854 0.475188 0.95292 0.531105
61 0.492056 0.474031 0.966956 0.53342
28 0.499854 0.475188 0.95292 0.531105
1 0.498294 0.476273 0.956039 0.53125
32 0.499854 0.475188 0.95292 0.531105
54 0.499854 0.475188 0.95292 0.531105
10 0.486597 0.479167 0.959158 0.53125
39 0.490106 0.471933 0.966176 0.535301
22 0.488547 0.475694 0.963057 0.527778
8 0.488547 0.475694 0.963057 0.527778
60 0.490106 0.471933 0.966176 0.535301
61 0.490106 0.471933 0.966176 0.535301
10 0.489327 0.481481 0.958378 0.528935
60 0.491276 0.47338 0.963837 0.537037
8 0.492836 0.47772 0.960718 0.528356
61 0.491276 0.47338 0.963837 0.537037
39 0.492836 0.47772 0.960718 0.528356
10 0.491276 0.480324 0.960718 0.527778
60 0.496735 0.477431 0.956039 0.53125
61 0.492056 0.475694 0.963837 0.533565
10 0.489716 0.478877 0.960718 0.531829
10 0.490886 0.480252 0.964617 0.530237
8 0.491276 0.478009 0.963837 0.52662
10 0.486597 0.478299 0.960718 0.529514
60 0.488937 0.472222 0.968516 0.53588
8 0.488157 0.476562 0.960718 0.528357
10 0.488157 0.477358 0.963837 0.534867
8 0.490106 0.476562 0.963057 0.530671
10 0.490496 0.477503 0.960718 0.532263
8 0.488937 0.477141 0.966956 0.534144
60 0.492056 0.471065 0.962277 0.537037
10 0.492056 0.479456 0.965396 0.528356
8 0.492056 0.477937 0.971635 0.532552
60 0.492056 0.474609 0.962277 0.53342
10 0.494395 0.479745 0.957598 0.515046
8 0.494395 0.479745 0.957598 0.515046
60 0.494005 0.474248 0.961497 0.532986
10 0.493615 0.480613 0.95292 0.528356
8 0.495175 0.478877 0.954479 0.521412
22 0.495175 0.478877 0.954479 0.521412
10 0.491276 0.479456 0.957598 0.528356
60 0.498294 0.476562 0.95292 0.524884
28 0.498294 0.476273 0.9498 0.52662
10 0.491276 0.478516 0.962277 0.530237
60 0.492446 0.474826 0.964617 0.534144
28 0.492446 0.474826 0.964617 0.534144
10 0.490496 0.478299 0.959158 0.529514
60 0.492056 0.47772 0.959158 0.526042
10 0.490496 0.476345 0.962277 0.529948
60 0.491276 0.476562 0.963837 0.526042
22 0.491276 0.476562 0.963837 0.526042
28 0.491276 0.475043 0.965396 0.530237
10 0.494785 0.477141 0.959938 0.531829
60 0.492836 0.47309 0.959158 0.539931
10 0.492836 0.477503 0.960718 0.524161
8 0.492836 0.477503 0.960718 0.524161
60 0.492836 0.477503 0.960718 0.524161
61 0.491666 0.472729 0.963057 0.533709
10 0.490496 0.478877 0.959158 0.529514
60 0.491276 0.475188 0.963837 0.534578
8 0.491666 0.478009 0.959938 0.52662
39 0.491666 0.478009 0.959938 0.52662
10 0.492836 0.478009 0.960718 0.523148
60 0.492056 0.472295 0.960718 0.534577
8 0.492836 0.478009 0.960718 0.523148
39 0.492056 0.472801 0.962277 0.53125
1 0.494395 0.474537 0.959158 0.527778
10 0.491276 0.478588 0.960718 0.524306
60 0.491276 0.475188 0.962277 0.531105
8 0.492836 0.478299 0.960718 0.51794
10 0.490886 0.477503 0.961497 0.521846
60 0.490106 0.474465 0.963057 0.532552
8 0.489327 0.478588 0.964617 0.524306
10 0.491276 0.476273 0.963837 0.519676
60 0.490106 0.473669 0.966176 0.534144
8 0.491276 0.476273 0.963837 0.519676
10 0.488547 0.479167 0.963057 0.52662
60 0.489716 0.476562 0.963837 0.519097
8 0.489716 0.476562 0.963837 0.519097
10 0.491666 0.476273 0.959938 0.521991
60 0.497125 0.474609 0.953699 0.531105
8 0.491666 0.476273 0.959938 0.521991
10 0.487767 0.479167 0.961497 0.528935
60 0.490106 0.473886 0.964617 0.536024
8 0.489327 0.476852 0.963057 0.523148
10 0.490496 0.476562 0.962277 0.523727
8 0.490496 0.476562 0.962277 0.523727
60 0.490496 0.476562 0.962277 0.523727
61 0.490106 0.471933 0.964617 0.532986
10 0.490496 0.47215 0.965396 0.534867
60 0.495955 0.475188 0.960718 0.534578
8 0.491276 0.476852 0.963837 0.52662
10 0.487377 0.480613 0.965396 0.528356
60 0.490496 0.478877 0.962277 0.521412
8 0.490496 0.478877 0.962277 0.521412
10 0.491276 0.479745 0.959158 0.530093
8 0.492836 0.47772 0.957598 0.524884
10 0.491276 0.479167 0.960718 0.527778
60 0.492836 0.476562 0.960718 0.521412
10 0.490496 0.478877 0.962277 0.530671
60 0.490886 0.476273 0.964617 0.534722
10 0.491276 0.479167 0.962277 0.533565
60 0.491276 0.475694 0.963837 0.539352
10 0.488937 0.478877 0.965396 0.529514
60 0.488937 0.476345 0.965396 0.53342
10 0.489716 0.477431 0.963837 0.53125
60 0.490496 0.474465 0.965396 0.534867
10 0.489716 0.47772 0.963837 0.529514
10 0.489716 0.477431 0.963837 0.530093
60 0.490106 0.47309 0.966176 0.534144
10 0.490496 0.478877 0.962277 0.532986
60 0.490886 0.473886 0.964617 0.538339
10 0.490886 0.47772 0.959938 0.530671
60 0.494395 0.474537 0.960718 0.532407
10 0.490106 0.478299 0.959938 0.531829
60 0.495175 0.476273 0.962277 0.53125
10 0.491276 0.479456 0.963837 0.531829
60 0.490496 0.475043 0.965396 0.534867
10 0.491276 0.478299 0.963837 0.530671
60 0.494395 0.473958 0.963837 0.533565
10 0.491276 0.47772 0.960718 0.534144
60 0.494395 0.475043 0.963837 0.536024
10 0.489716 0.478299 0.963837 0.532986
60 0.490106 0.47309 0.966176 0.539931
10 0.490496 0.478299 0.963837 0.531829
60 0.490496 0.47338 0.965396 0.537037
10 0.490496 0.473307 0.965396 0.534867
60 0.494005 0.474031 0.963057 0.53342
10 0.490886 0.478299 0.959938 0.530671
60 0.491276 0.473958 0.962277 0.53588
10 0.491276 0.478299 0.959158 0.531829
60 0.492056 0.473669 0.962277 0.536458
10 0.490496 0.478588 0.960718 0.53125
60 0.494785 0.474248 0.963057 0.534144
10 0.490886 0.478588 0.961497 0.53125
60 0.491276 0.472873 0.963837 0.536892
10 0.490496 0.479167 0.960718 0.532407
60 0.491276 0.474031 0.963837 0.53805
10 0.491276 0.479239 0.960718 0.532263
60 0.491276 0.474465 0.962277 0.537182
10 0.491276 0.478588 0.960718 0.53125
60 0.492056 0.475043 0.962277 0.534867
10 0.491276 0.478299 0.962277 0.531829
60 0.491276 0.473958 0.963837 0.537037
10 0.490886 0.478009 0.961497 0.532407
60 0.495955 0.472801 0.960718 0.533565
10 0.490106 0.47866 0.961497 0.532263
60 0.491276 0.473669 0.963837 0.536458
8 0.491666 0.476852 0.961497 0.527778
10 0.490496 0.478877 0.962277 0.531829
60 0.490886 0.474031 0.964617 0.535735
10 0.489716 0.478877 0.960718 0.530671
60 0.490886 0.474465 0.964617 0.534867
8 0.491276 0.476562 0.960718 0.526042
10 0.489716 0.478516 0.962277 0.531395
60 0.490886 0.473958 0.964617 0.53588
10 0.489716 0.478009 0.963837 0.53125
60 0.490496 0.473886 0.965396 0.536024
10 0.489716 0.478877 0.960718 0.529514
60 0.495955 0.474248 0.957598 0.531829
10 0.490496 0.478299 0.962277 0.531829
60 0.496735 0.474248 0.959158 0.532986
10 0.489716 0.478299 0.962277 0.531829
60 0.490496 0.473958 0.965396 0.53588
10 0.489327 0.478299 0.963057 0.530671
60 0.490106 0.474031 0.966176 0.535735
10 0.490496 0.478299 0.962277 0.530671
60 0.490496 0.474537 0.965396 0.534722
8 0.492056 0.476562 0.962277 0.527199
10 0.490496 0.478299 0.962277 0.530671
60 0.497125 0.474826 0.958378 0.531829
8 0.492446 0.476562 0.961497 0.527199
10 0.490496 0.478009 0.962277 0.53125
60 0.490496 0.474465 0.965396 0.534867
8 0.492446 0.475984 0.961497 0.527199
10 0.490496 0.478299 0.962277 0.530671
60 0.490496 0.474537 0.965396 0.534722
10 0.490496 0.478877 0.962277 0.530671
60 0.490886 0.475116 0.964617 0.534722
10 0.490886 0.478588 0.961497 0.53125
60 0.491276 0.474609 0.963837 0.534578
10 0.490496 0.478588 0.962277 0.53125
60 0.490886 0.474826 0.964617 0.534144
10 0.490496 0.478588 0.962277 0.530093
60 0.496345 0.475116 0.959938 0.532407
8 0.492446 0.47678 0.961497 0.526765
10 0.491276 0.478877 0.960718 0.531829
60 0.493615 0.47772 0.960718 0.526042
10 0.491276 0.479167 0.960718 0.53125
60 0.493615 0.478009 0.959158 0.52662
10 0.491276 0.479167 0.960718 0.53125
60 0.493615 0.478009 0.959158 0.52662
10 0.491276 0.479167 0.960718 0.53125
60 0.493615 0.478588 0.959158 0.52662
10 0.491276 0.479456 0.960718 0.530671
60 0.493615 0.478009 0.959158 0.525463
10 0.491276 0.479239 0.960718 0.531105
60 0.493615 0.478082 0.959158 0.526476
10 0.490886 0.479167 0.959938 0.53125
60 0.493615 0.478299 0.959158 0.526042
10 0.490886 0.479167 0.959938 0.53125
60 0.493615 0.478082 0.959158 0.526476
10 0.491276 0.479167 0.960718 0.53125
60 0.493615 0.478082 0.959158 0.526476
10 0.491276 0.479239 0.960718 0.531105
60 0.493615 0.478082 0.959158 0.526476
10 0.489716 0.478877 0.960718 0.530671
60 0.490886 0.474465 0.964617 0.534867
8 0.491276 0.476562 0.960718 0.526042
