66 0.4863 0.459002 0.9726 0.774656
22 0.4863 0.459002 0.9726 0.774656
2 0.492545 0.47133 0.975723 0.770642
44 0.493325 0.474771 0.986651 0.768349
20 0.4863 0.459002 0.9726 0.774656
57 0.494496 0.461869 0.988992 0.773509
62 0.4863 0.459002 0.9726 0.774656
60 0.4863 0.459002 0.9726 0.774656
41 0.489422 0.458716 0.978845 0.766055
72 0.496448 0.493693 0.967917 0.780963
41 0.259152 0.459862 0.515182 0.770642
66 0.259152 0.459862 0.515182 0.770642
4 0.490984 0.459862 0.981967 0.78211
10 0.488642 0.471617 0.977284 0.782683
40 0.493325 0.474771 0.986651 0.768349
22 0.240418 0.461583 0.477714 0.768349
67 0.493325 0.474771 0.986651 0.768349
72 0.259152 0.459862 0.515182 0.770642
26 0.488642 0.471617 0.977284 0.782683
6 0.488642 0.471617 0.977284 0.782683
56 0.466005 0.456995 0.93201 0.767202
4 0.71501 0.529817 0.5667 0.627294
4 0.259152 0.459862 0.515182 0.770642
4 0.569041 0.528956 0.857075 0.627867
64 0.493325 0.474771 0.986651 0.768349
54 0.466005 0.456995 0.93201 0.767202
5 0.214854 0.463876 0.424244 0.762615
49 0.488642 0.471617 0.977284 0.782683
32 0.493325 0.474771 0.986651 0.768349
1 0.489422 0.458716 0.978845 0.766055
57 0.693544 0.524656 0.60807 0.623853
65 0.488642 0.471617 0.977284 0.782683
71 0.492545 0.47133 0.975723 0.770642
46 0.490984 0.459862 0.981967 0.78211
17 0.4863 0.459002 0.9726 0.774656
15 0.29018 0.463303 0.578018 0.751147
29 0.494496 0.461869 0.988992 0.773509
60 0.29018 0.463303 0.578018 0.751147
36 0.493325 0.474771 0.986651 0.768349
0 0.489422 0.458716 0.978845 0.766055
57 0.29018 0.463303 0.578018 0.751147
2 0.29018 0.463303 0.578018 0.751147
8 0.490984 0.459862 0.981967 0.78211
49 0.752477 0.529817 0.490203 0.625
62 0.285887 0.467317 0.567871 0.783257
7 0.240418 0.461583 0.477714 0.768349
71 0.240418 0.461583 0.477714 0.768349
8 0.71501 0.529817 0.5667 0.627294
68 0.495667 0.459289 0.969478 0.748853
49 0.234759 0.444094 0.462493 0.728784
3 0.240418 0.461583 0.477714 0.768349
71 0.71501 0.529817 0.5667 0.627294
5 0.481617 0.462156 0.963233 0.763761
7 0.402778 0.460436 0.805557 0.770642
28 0.214854 0.463876 0.424244 0.762615
2 0.504253 0.474771 0.978845 0.752294
57 0.504253 0.474771 0.978845 0.752294
69 0.502692 0.46789 0.983528 0.755734
10 0.488252 0.460436 0.974942 0.762615
44 0.502692 0.46789 0.983528 0.755734
60 0.504253 0.474771 0.978845 0.752294
4 0.504253 0.474771 0.978845 0.752294
3 0.488642 0.464736 0.977284 0.759748
67 0.502692 0.46789 0.983528 0.755734
58 0.476933 0.461869 0.950744 0.759748
66 0.487081 0.459862 0.974161 0.763761
36 0.502692 0.46789 0.983528 0.755734
62 0.491764 0.482511 0.974161 0.741399
20 0.503473 0.46617 0.975723 0.762615
33 0.491764 0.482511 0.974161 0.741399
8 0.502692 0.46789 0.983528 0.755734
49 0.488642 0.464736 0.977284 0.759748
65 0.502692 0.46789 0.983528 0.755734
40 0.504253 0.474771 0.978845 0.752294
7 0.488642 0.464736 0.977284 0.759748
56 0.488642 0.464736 0.977284 0.759748
45 0.494886 0.476491 0.966356 0.75
72 0.496448 0.479358 0.971039 0.745413
35 0.504253 0.474771 0.978845 0.752294
22 0.491764 0.482511 0.974161 0.741399
32 0.504253 0.474771 0.978845 0.752294
6 0.500351 0.462443 0.966356 0.743693
30 0.505034 0.458142 0.981967 0.741973
41 0.488642 0.464736 0.977284 0.759748
52 0.498009 0.505734 0.971039 0.698394
34 0.494886 0.526089 0.978845 0.647362
68 0.483958 0.442087 0.967917 0.723624
5 0.487081 0.459862 0.974161 0.763761
38 0.487081 0.459862 0.974161 0.763761
31 0.496448 0.479358 0.971039 0.745413
29 0.502692 0.46789 0.983528 0.755734
39 0.496838 0.52867 0.979625 0.65367
17 0.487081 0.459862 0.974161 0.763761
46 0.503473 0.46617 0.975723 0.762615
1 0.488252 0.460436 0.974942 0.762615
0 0.494886 0.526089 0.978845 0.647362
18 0.477324 0.461583 0.949964 0.760321
71 0.47303 0.460436 0.942938 0.758027
15 0.504253 0.474771 0.978845 0.752294
2 0.490203 0.457569 0.980406 0.779817
4 0.495277 0.461009 0.990554 0.770642
58 0.492154 0.458716 0.984309 0.772936
3 0.492154 0.458716 0.984309 0.772936
7 0.495277 0.461009 0.990554 0.770642
10 0.491764 0.465596 0.983528 0.791284
34 0.492154 0.458716 0.984309 0.772936
69 0.495277 0.461009 0.990554 0.770642
22 0.490203 0.457569 0.980406 0.779817
52 0.491764 0.468463 0.974161 0.767202
57 0.495277 0.461009 0.990554 0.770642
5 0.492154 0.458716 0.984309 0.772936
60 0.495277 0.461009 0.990554 0.770642
1 0.491764 0.465596 0.983528 0.791284
39 0.496057 0.461869 0.987431 0.775803
62 0.490203 0.457569 0.980406 0.779817
44 0.495277 0.461009 0.990554 0.770642
56 0.495277 0.461009 0.990554 0.770642
23 0.492154 0.458716 0.984309 0.772936
8 0.496057 0.461869 0.987431 0.775803
49 0.495277 0.461009 0.990554 0.770642
45 0.493325 0.460436 0.977284 0.780963
65 0.495277 0.461009 0.990554 0.770642
32 0.492154 0.458716 0.984309 0.772936
58 0.345796 0.462156 0.690812 0.774083
21 0.495277 0.461009 0.990554 0.770642
36 0.495667 0.46789 0.988212 0.78211
67 0.488642 0.465596 0.977284 0.795872
68 0.491764 0.465596 0.983528 0.791284
46 0.496057 0.461869 0.987431 0.775803
6 0.491764 0.481078 0.974161 0.847477
0 0.490203 0.457569 0.980406 0.779817
28 0.488642 0.461869 0.977284 0.773509
15 0.490203 0.457569 0.980406 0.779817
31 0.488642 0.465596 0.977284 0.795872
35 0.490203 0.457569 0.980406 0.779817
66 0.490203 0.457569 0.980406 0.779817
3 0.345796 0.462156 0.690812 0.774083
59 0.495667 0.46789 0.988212 0.78211
2 0.488642 0.46789 0.974161 0.770642
58 0.490593 0.458142 0.981187 0.779817
3 0.492935 0.473624 0.98587 0.775229
4 0.488642 0.46789 0.974161 0.770642
52 0.494886 0.493119 0.971039 0.716743
34 0.493325 0.463876 0.986651 0.774083
69 0.488642 0.46789 0.974161 0.770642
7 0.488642 0.46789 0.974161 0.770642
57 0.489422 0.466456 0.974161 0.772362
22 0.488642 0.46789 0.974161 0.770642
23 0.489422 0.466456 0.974161 0.772362
1 0.492935 0.473624 0.98587 0.775229
56 0.488642 0.46789 0.974161 0.770642
10 0.492935 0.473624 0.98587 0.775229
60 0.488642 0.46789 0.974161 0.770642
68 0.492935 0.473624 0.98587 0.775229
31 0.491764 0.483658 0.967917 0.759748
62 0.488642 0.46789 0.974161 0.770642
5 0.490593 0.458142 0.981187 0.779817
67 0.491764 0.483658 0.967917 0.759748
59 0.492935 0.473624 0.98587 0.775229
28 0.494496 0.465023 0.988992 0.771789
44 0.488642 0.46789 0.974161 0.770642
0 0.488642 0.46789 0.974161 0.770642
65 0.488642 0.46789 0.974161 0.770642
8 0.489422 0.466456 0.974161 0.772362
45 0.489422 0.466456 0.974161 0.772362
32 0.494496 0.465023 0.988992 0.771789
66 0.495277 0.475344 0.970259 0.758027
36 0.491764 0.483658 0.967917 0.759748
35 0.494886 0.493119 0.971039 0.716743
20 0.489422 0.466456 0.974161 0.772362
39 0.489422 0.466456 0.974161 0.772362
49 0.493325 0.463876 0.986651 0.774083
6 0.491764 0.483658 0.967917 0.759748
29 0.488642 0.46789 0.974161 0.770642
21 0.489422 0.466456 0.974161 0.772362
54 0.493325 0.463876 0.986651 0.774083
2 0.488252 0.474771 0.976503 0.775229
52 0.491764 0.47219 0.983528 0.775803
58 0.488252 0.468177 0.976503 0.779243
3 0.488252 0.468177 0.976503 0.779243
0 0.488252 0.474771 0.976503 0.775229
4 0.488252 0.474771 0.976503 0.775229
69 0.488252 0.474771 0.976503 0.775229
56 0.491764 0.47219 0.983528 0.775803
10 0.488252 0.468177 0.976503 0.779243
23 0.490984 0.477064 0.981967 0.768349
57 0.488252 0.474771 0.976503 0.775229
28 0.490984 0.477064 0.981967 0.768349
5 0.488252 0.468177 0.976503 0.779243
34 0.491764 0.47219 0.983528 0.775803
1 0.490984 0.474771 0.981967 0.766055
22 0.488252 0.474771 0.976503 0.775229
62 0.488252 0.474771 0.976503 0.775229
60 0.488252 0.474771 0.976503 0.775229
32 0.491764 0.47219 0.983528 0.775803
59 0.490984 0.474771 0.981967 0.766055
68 0.488252 0.468177 0.976503 0.779243
7 0.488252 0.474771 0.976503 0.775229
8 0.490984 0.477064 0.981967 0.768349
65 0.488252 0.474771 0.976503 0.775229
67 0.490984 0.474771 0.981967 0.766055
45 0.489032 0.478498 0.978064 0.768922
44 0.488252 0.474771 0.976503 0.775229
6 0.487861 0.477924 0.975723 0.766628
39 0.489032 0.478498 0.978064 0.768922
54 0.491764 0.47219 0.983528 0.775803
36 0.490984 0.474771 0.981967 0.766055
31 0.487861 0.477924 0.975723 0.766628
29 0.488252 0.474771 0.976503 0.775229
66 0.488252 0.474771 0.976503 0.775229
61 0.490984 0.477064 0.981967 0.768349
49 0.490984 0.474771 0.981967 0.766055
21 0.489032 0.478498 0.978064 0.768922
2 0.490203 0.47133 0.969478 0.763762
3 0.48552 0.472764 0.967917 0.760895
52 0.490203 0.47133 0.969478 0.763762
4 0.483958 0.465596 0.967917 0.772936
1 0.488642 0.466743 0.977284 0.761468
56 0.490203 0.47133 0.969478 0.763762
69 0.490203 0.47133 0.969478 0.763762
0 0.490203 0.47133 0.969478 0.763762
58 0.492545 0.481365 0.963233 0.750573
68 0.492545 0.481365 0.963233 0.750573
34 0.490203 0.47133 0.969478 0.763762
10 0.48552 0.472764 0.967917 0.760895
7 0.48552 0.472764 0.967917 0.760895
23 0.484739 0.468463 0.969478 0.754587
22 0.490203 0.47133 0.969478 0.763762
5 0.4863 0.461583 0.9726 0.767202
57 0.488642 0.466743 0.977284 0.761468
32 0.490203 0.47133 0.969478 0.763762
60 0.490203 0.47133 0.969478 0.763762
28 0.484739 0.468463 0.969478 0.754587
59 0.492545 0.481365 0.963233 0.750573
6 0.495667 0.518349 0.956989 0.683486
62 0.490203 0.47133 0.969478 0.763762
8 0.484739 0.468463 0.969478 0.754587
39 0.496448 0.482225 0.956989 0.732798
31 0.492545 0.481365 0.963233 0.750573
36 0.48552 0.472764 0.967917 0.760895
65 0.490203 0.47133 0.969478 0.763762
67 0.492545 0.481365 0.963233 0.750573
45 0.484739 0.468463 0.969478 0.754587
58 0.335649 0.464163 0.671297 0.755161
3 0.335649 0.464163 0.671297 0.755161
2 0.335649 0.464163 0.671297 0.755161
54 0.490203 0.47133 0.969478 0.763762
44 0.490203 0.47133 0.969478 0.763762
66 0.490203 0.47133 0.969478 0.763762
61 0.490984 0.474771 0.971039 0.743119
21 0.496448 0.482225 0.956989 0.732798
29 0.492545 0.481365 0.963233 0.750573
49 0.48552 0.472764 0.967917 0.760895
2 0.491764 0.46789 0.974161 0.763762
0 0.491764 0.46789 0.974161 0.763762
69 0.491764 0.46789 0.974161 0.763762
56 0.491764 0.46789 0.974161 0.763762
52 0.491764 0.46789 0.974161 0.763762
60 0.491764 0.46789 0.974161 0.763762
3 0.489422 0.474197 0.963233 0.760321
1 0.489422 0.474197 0.963233 0.760321
22 0.491764 0.46789 0.974161 0.763762
5 0.490984 0.458716 0.981967 0.768349
7 0.491764 0.46789 0.974161 0.763762
58 0.493716 0.482798 0.968697 0.748853
57 0.491764 0.46789 0.974161 0.763762
4 0.491764 0.46789 0.974161 0.763762
62 0.491764 0.46789 0.974161 0.763762
6 0.493716 0.482798 0.968697 0.748853
23 0.490203 0.478211 0.974161 0.738532
39 0.500741 0.482225 0.95933 0.731651
32 0.491764 0.46789 0.974161 0.763762
10 0.491764 0.46789 0.974161 0.763762
36 0.489422 0.474197 0.963233 0.760321
33 0.491764 0.46789 0.974161 0.763762
28 0.490203 0.478211 0.974161 0.738532
34 0.491764 0.46789 0.974161 0.763762
44 0.491764 0.46789 0.974161 0.763762
31 0.493716 0.482798 0.968697 0.748853
65 0.491764 0.46789 0.974161 0.763762
45 0.500741 0.482225 0.95933 0.731651
67 0.493716 0.482798 0.968697 0.748853
8 0.490203 0.478211 0.974161 0.738532
35 0.489422 0.474197 0.963233 0.760321
68 0.501131 0.515768 0.961672 0.685206
66 0.491764 0.46789 0.974161 0.763762
2 0.258176 0.457569 0.516352 0.768349
21 0.500741 0.482225 0.95933 0.731651
54 0.491764 0.46789 0.974161 0.763762
61 0.490203 0.478211 0.974161 0.738532
20 0.490203 0.478211 0.974161 0.738532
5 0.258176 0.457569 0.516352 0.768349
3 0.258176 0.457569 0.516352 0.768349
58 0.258176 0.457569 0.516352 0.768349
59 0.501131 0.515768 0.961672 0.685206
2 0.502692 0.46445 0.953866 0.786697
52 0.500351 0.467317 0.963233 0.783257
3 0.504253 0.471904 0.946061 0.77867
0 0.500351 0.467317 0.963233 0.783257
1 0.504253 0.471904 0.946061 0.77867
56 0.502692 0.46445 0.953866 0.786697
7 0.504253 0.471904 0.946061 0.77867
5 0.49918 0.464163 0.984309 0.78039
4 0.500351 0.467317 0.963233 0.783257
69 0.500351 0.467317 0.963233 0.783257
22 0.500351 0.467317 0.963233 0.783257
58 0.501521 0.476491 0.960892 0.780963
60 0.500351 0.467317 0.963233 0.783257
57 0.502692 0.46445 0.953866 0.786697
23 0.504253 0.468463 0.955428 0.774083
6 0.504253 0.471904 0.946061 0.77867
39 0.504253 0.468463 0.955428 0.774083
62 0.500351 0.467317 0.963233 0.783257
10 0.504253 0.471904 0.946061 0.77867
28 0.502302 0.471904 0.956208 0.766055
34 0.502302 0.471904 0.956208 0.766055
68 0.500351 0.467317 0.963233 0.783257
32 0.500351 0.467317 0.963233 0.783257
36 0.504253 0.471904 0.946061 0.77867
2 0.359846 0.463016 0.719693 0.773509
31 0.501521 0.476491 0.960892 0.780963
8 0.504253 0.468463 0.955428 0.774083
35 0.504253 0.471904 0.946061 0.77867
65 0.500351 0.467317 0.963233 0.783257
3 0.359846 0.463016 0.719693 0.773509
45 0.504253 0.468463 0.955428 0.774083
21 0.502302 0.471904 0.956208 0.766055
1 0.359846 0.463016 0.719693 0.773509
66 0.502692 0.46703 0.98509 0.781537
33 0.500351 0.467317 0.963233 0.783257
20 0.504253 0.471904 0.946061 0.77867
54 0.500351 0.467317 0.963233 0.783257
59 0.504253 0.471904 0.946061 0.77867
67 0.501521 0.476491 0.960892 0.780963
57 0.359846 0.463016 0.719693 0.773509
2 0.495667 0.465023 0.964794 0.774083
52 0.495667 0.46789 0.956989 0.775229
0 0.495667 0.46789 0.956989 0.775229
1 0.495667 0.472477 0.956989 0.770642
3 0.495667 0.472477 0.956989 0.770642
4 0.495667 0.46789 0.956989 0.775229
56 0.495667 0.46789 0.956989 0.775229
69 0.495667 0.46789 0.956989 0.775229
5 0.498789 0.466743 0.981967 0.763761
58 0.496448 0.475057 0.952305 0.770069
22 0.495667 0.46789 0.956989 0.775229
57 0.495667 0.46789 0.956989 0.775229
10 0.496448 0.475057 0.952305 0.770069
60 0.495667 0.46789 0.956989 0.775229
23 0.495667 0.46789 0.956989 0.775229
32 0.495667 0.46789 0.956989 0.775229
28 0.495667 0.46789 0.956989 0.775229
7 0.495667 0.472477 0.956989 0.770642
68 0.496448 0.475057 0.952305 0.770069
34 0.495667 0.46789 0.956989 0.775229
6 0.495667 0.472477 0.956989 0.770642
59 0.495667 0.472477 0.956989 0.770642
31 0.496448 0.475057 0.952305 0.770069
62 0.495667 0.46789 0.956989 0.775229
54 0.495667 0.465023 0.964794 0.774083
39 0.498009 0.470757 0.953866 0.762615
67 0.496448 0.475057 0.952305 0.770069
61 0.498009 0.470757 0.953866 0.762615
36 0.496448 0.475057 0.952305 0.770069
8 0.498789 0.465596 0.964795 0.772936
45 0.495667 0.46789 0.956989 0.775229
29 0.496448 0.475057 0.952305 0.770069
21 0.498009 0.470757 0.953866 0.762615
44 0.495667 0.46789 0.956989 0.775229
65 0.495667 0.46789 0.956989 0.775229
2 0.496838 0.43578 0.956208 0.844037
3 0.496838 0.43578 0.956208 0.844037
52 0.496838 0.43578 0.956208 0.844037
0 0.496838 0.43578 0.956208 0.844037
58 0.496838 0.43578 0.956208 0.844037
56 0.496838 0.43578 0.956208 0.844037
23 0.496838 0.43578 0.956208 0.844037
4 0.496838 0.43578 0.956208 0.844037
1 0.493325 0.47219 0.952305 0.798739
69 0.496838 0.43578 0.956208 0.844037
57 0.496838 0.43578 0.956208 0.844037
10 0.498399 0.465023 0.951525 0.816514
32 0.496838 0.43578 0.956208 0.844037
5 0.493325 0.436353 0.95855 0.84633
22 0.496838 0.43578 0.956208 0.844037
60 0.496838 0.43578 0.956208 0.844037
28 0.496838 0.43578 0.956208 0.844037
68 0.498399 0.465023 0.951525 0.816514
34 0.496838 0.43578 0.956208 0.844037
59 0.498399 0.465023 0.951525 0.816514
7 0.498399 0.465023 0.951525 0.816514
31 0.498399 0.465023 0.951525 0.816514
6 0.507376 0.490826 0.939816 0.766055
67 0.505424 0.488532 0.943719 0.740826
61 0.496448 0.442374 0.956989 0.821674
8 0.496448 0.442374 0.956989 0.821674
39 0.496838 0.43578 0.956208 0.844037
45 0.496838 0.43578 0.956208 0.844037
36 0.505424 0.488532 0.943719 0.740826
29 0.498399 0.465023 0.951525 0.816514
62 0.498399 0.465023 0.951525 0.816514
21 0.496448 0.442374 0.956989 0.821674
54 0.498399 0.465023 0.951525 0.816514
2 0.489422 0.46789 0.966356 0.786697
3 0.498009 0.463876 0.983528 0.797018
0 0.498009 0.463876 0.983528 0.797018
1 0.489422 0.474771 0.964795 0.768349
58 0.498009 0.463876 0.983528 0.797018
5 0.49957 0.46961 0.977284 0.775229
56 0.498009 0.463876 0.983528 0.797018
10 0.498009 0.463876 0.983528 0.797018
69 0.498009 0.463876 0.983528 0.797018
52 0.498009 0.463876 0.983528 0.797018
23 0.49957 0.46961 0.977284 0.775229
4 0.49957 0.46961 0.977284 0.775229
57 0.498009 0.463876 0.983528 0.797018
7 0.489422 0.474771 0.964795 0.768349
32 0.498009 0.463876 0.983528 0.797018
28 0.49957 0.46961 0.977284 0.775229
6 0.489422 0.474771 0.964795 0.768349
60 0.498009 0.463876 0.983528 0.797018
22 0.498009 0.463876 0.983528 0.797018
61 0.49957 0.46961 0.977284 0.775229
39 0.506595 0.487385 0.969478 0.740826
34 0.49957 0.46961 0.977284 0.775229
21 0.49957 0.46961 0.977284 0.775229
36 0.498009 0.475917 0.980406 0.775229
54 0.498009 0.463876 0.983528 0.797018
8 0.49957 0.46961 0.977284 0.775229
45 0.49957 0.46961 0.977284 0.775229
68 0.498009 0.475917 0.980406 0.775229
31 0.498009 0.475917 0.980406 0.775229
67 0.498009 0.475917 0.980406 0.775229
2 0.631097 0.529243 0.720474 0.647936
29 0.506595 0.497133 0.969478 0.730505
33 0.498009 0.475917 0.980406 0.775229
62 0.498009 0.463876 0.983528 0.797018
20 0.494886 0.470183 0.986651 0.771789
44 0.498009 0.463876 0.983528 0.797018
35 0.489422 0.474771 0.964795 0.768349
66 0.498009 0.475917 0.980406 0.775229
59 0.506595 0.497133 0.969478 0.730505
0 0.497619 0.461583 0.968697 0.790138
3 0.497619 0.461583 0.968697 0.790138
56 0.497619 0.461583 0.968697 0.790138
2 0.492545 0.463876 0.95855 0.777523
58 0.497228 0.471904 0.966356 0.783257
57 0.497619 0.461583 0.968697 0.790138
28 0.497619 0.461583 0.968697 0.790138
10 0.497619 0.461583 0.968697 0.790138
4 0.503473 0.47305 0.960111 0.766055
1 0.497619 0.461583 0.968697 0.790138
23 0.497228 0.465596 0.966356 0.776376
69 0.497619 0.461583 0.968697 0.790138
22 0.497619 0.461583 0.968697 0.790138
5 0.497619 0.461583 0.968697 0.790138
52 0.502692 0.465023 0.961672 0.786697
32 0.497619 0.461583 0.968697 0.790138
7 0.491764 0.468463 0.95855 0.77867
60 0.497619 0.461583 0.968697 0.790138
39 0.503473 0.47305 0.960111 0.766055
68 0.501912 0.474197 0.960111 0.790138
21 0.503473 0.47305 0.960111 0.766055
6 0.497228 0.471904 0.966356 0.783257
34 0.502692 0.465023 0.961672 0.786697
31 0.501912 0.474197 0.960111 0.790138
61 0.497228 0.465596 0.966356 0.776376
54 0.497228 0.471904 0.966356 0.783257
8 0.497228 0.471904 0.966356 0.783257
29 0.497228 0.471904 0.966356 0.783257
67 0.501912 0.474197 0.960111 0.790138
59 0.501912 0.474197 0.960111 0.790138
45 0.503473 0.47305 0.960111 0.766055
44 0.497228 0.471904 0.966356 0.783257
36 0.497228 0.471904 0.966356 0.783257
62 0.497228 0.471904 0.966356 0.783257
20 0.497228 0.471904 0.966356 0.783257
66 0.497228 0.471904 0.966356 0.783257
65 0.497228 0.471904 0.966356 0.783257
35 0.503473 0.47305 0.960111 0.766055
2 0.491764 0.474197 0.964795 0.774083
0 0.491764 0.453555 0.964795 0.805046
3 0.494106 0.454989 0.960111 0.805619
1 0.491764 0.474197 0.964795 0.774083
58 0.491764 0.474197 0.964795 0.774083
56 0.491764 0.453555 0.964795 0.805046
57 0.491764 0.474197 0.964795 0.774083
52 0.494106 0.454989 0.960111 0.805619
10 0.491764 0.474197 0.964795 0.774083
69 0.491764 0.453555 0.964795 0.805046
28 0.491764 0.453555 0.964795 0.805046
5 0.491764 0.453555 0.964795 0.805046
23 0.493325 0.455849 0.961672 0.799312
32 0.491764 0.453555 0.964795 0.805046
4 0.491764 0.474197 0.964795 0.774083
22 0.491764 0.453555 0.964795 0.805046
60 0.491764 0.474197 0.964795 0.774083
7 0.491764 0.474197 0.964795 0.774083
68 0.491764 0.453555 0.964795 0.805046
6 0.491764 0.474197 0.964795 0.774083
31 0.491764 0.474197 0.964795 0.774083
39 0.491764 0.453555 0.964795 0.805046
34 0.493325 0.455849 0.961672 0.799312
54 0.488252 0.468463 0.962453 0.771789
59 0.492545 0.46961 0.963233 0.792431
61 0.491764 0.453555 0.964795 0.805046
67 0.493325 0.455849 0.961672 0.799312
2 0.682616 0.52695 0.603387 0.66055
62 0.491764 0.474197 0.964795 0.774083
44 0.491764 0.474197 0.964795 0.774083
36 0.491764 0.474197 0.964795 0.774083
8 0.493325 0.455849 0.961672 0.799312
0 0.488252 0.456422 0.965575 0.800459
2 0.488252 0.456422 0.965575 0.800459
56 0.488252 0.456422 0.965575 0.800459
1 0.489422 0.47305 0.963233 0.787844
3 0.488252 0.456422 0.965575 0.800459
52 0.497619 0.462156 0.953086 0.786697
28 0.488252 0.456422 0.965575 0.800459
57 0.489422 0.47305 0.963233 0.787844
5 0.48669 0.472477 0.965575 0.779817
23 0.490593 0.46617 0.964014 0.766055
58 0.489422 0.47305 0.963233 0.787844
69 0.497619 0.462156 0.953086 0.786697
10 0.489422 0.47305 0.963233 0.787844
4 0.489422 0.47305 0.963233 0.787844
32 0.488252 0.456422 0.965575 0.800459
68 0.489422 0.47305 0.963233 0.787844
54 0.487081 0.465023 0.966356 0.779817
22 0.497619 0.462156 0.953086 0.786697
34 0.490593 0.46617 0.964014 0.766055
7 0.489422 0.47305 0.963233 0.787844
60 0.497619 0.462156 0.953086 0.786697
2 0.244711 0.465596 0.487081 0.764908
6 0.489422 0.47305 0.963233 0.787844
61 0.490593 0.46617 0.964014 0.766055
39 0.490593 0.46617 0.964014 0.766055
59 0.490593 0.46617 0.964014 0.766055
31 0.489422 0.47305 0.963233 0.787844
8 0.490593 0.46617 0.964014 0.766055
3 0.244711 0.465596 0.487081 0.764908
1 0.244711 0.465596 0.487081 0.764908
44 0.489422 0.47305 0.963233 0.787844
5 0.244711 0.465596 0.487081 0.764908
67 0.497619 0.462156 0.953086 0.786697
45 0.490593 0.46617 0.964014 0.766055
58 0.244711 0.465596 0.487081 0.764908
2 0.487471 0.478784 0.974942 0.797018
0 0.491764 0.469037 0.977284 0.779817
3 0.491764 0.469037 0.977284 0.779817
1 0.487471 0.478784 0.974942 0.797018
56 0.491764 0.469037 0.977284 0.779817
57 0.487471 0.478784 0.974942 0.797018
52 0.491764 0.469037 0.977284 0.779817
58 0.492154 0.481078 0.976503 0.795872
23 0.491764 0.469037 0.977284 0.779817
4 0.491764 0.469037 0.977284 0.779817
5 0.487471 0.478784 0.974942 0.797018
22 0.491764 0.469037 0.977284 0.779817
69 0.491764 0.469037 0.977284 0.779817
10 0.492154 0.481078 0.976503 0.795872
28 0.491764 0.469037 0.977284 0.779817
60 0.491764 0.469037 0.977284 0.779817
32 0.492154 0.481078 0.976503 0.795872
34 0.491764 0.469037 0.977284 0.779817
7 0.492154 0.481078 0.976503 0.795872
39 0.491764 0.469037 0.977284 0.779817
61 0.491764 0.469037 0.977284 0.779817
54 0.488642 0.470183 0.977284 0.775229
36 0.492154 0.481078 0.976503 0.795872
31 0.492154 0.481078 0.976503 0.795872
62 0.491764 0.469037 0.977284 0.779817
6 0.492154 0.481078 0.976503 0.795872
68 0.491764 0.469037 0.977284 0.779817
45 0.491764 0.469037 0.977284 0.779817
67 0.492154 0.481078 0.976503 0.795872
21 0.491764 0.469037 0.977284 0.779817
29 0.491764 0.469037 0.977284 0.779817
65 0.491764 0.469037 0.977284 0.779817
44 0.492154 0.481078 0.976503 0.795872
8 0.492154 0.481078 0.976503 0.795872
2 0.489422 0.477638 0.960111 0.786697
1 0.489422 0.477638 0.960111 0.786697
57 0.489422 0.477638 0.960111 0.786697
0 0.494886 0.467317 0.964794 0.767202
3 0.494886 0.467317 0.964794 0.767202
58 0.494886 0.467317 0.964794 0.767202
56 0.489422 0.477638 0.960111 0.786697
5 0.489422 0.477638 0.960111 0.786697
60 0.489422 0.477638 0.960111 0.786697
52 0.494886 0.467317 0.964794 0.767202
69 0.494886 0.467317 0.964794 0.767202
23 0.497228 0.46789 0.960111 0.760321
22 0.494886 0.467317 0.964794 0.767202
10 0.495667 0.480218 0.960111 0.779243
7 0.489422 0.477638 0.960111 0.786697
39 0.493716 0.464736 0.987431 0.778096
32 0.489422 0.477638 0.960111 0.786697
33 0.494886 0.467317 0.964794 0.767202
34 0.497228 0.46789 0.960111 0.760321
28 0.494886 0.467317 0.964794 0.767202
61 0.494886 0.467317 0.964794 0.767202
62 0.494886 0.467317 0.964794 0.767202
6 0.489422 0.477638 0.960111 0.786697
2 0.48591 0.476778 0.97182 0.789564
3 0.488642 0.481078 0.971039 0.783257
1 0.488642 0.481078 0.971039 0.783257
0 0.488642 0.467317 0.971039 0.763761
57 0.488642 0.481078 0.971039 0.783257
58 0.488642 0.481078 0.971039 0.783257
56 0.488642 0.467317 0.971039 0.763761
5 0.488642 0.481078 0.971039 0.783257
23 0.488642 0.481078 0.971039 0.783257
52 0.494106 0.470183 0.956989 0.754587
28 0.488642 0.481078 0.971039 0.783257
32 0.488642 0.481078 0.971039 0.783257
60 0.488642 0.481078 0.971039 0.783257
10 0.488642 0.481078 0.971039 0.783257
4 0.488642 0.467317 0.971039 0.763761
7 0.488642 0.481078 0.971039 0.783257
34 0.490203 0.46617 0.967917 0.766055
69 0.488642 0.481078 0.971039 0.783257
68 0.490203 0.46617 0.967917 0.766055
22 0.488642 0.481078 0.971039 0.783257
36 0.488642 0.481078 0.971039 0.783257
39 0.488642 0.481078 0.971039 0.783257
61 0.488642 0.481078 0.971039 0.783257
54 0.487081 0.46617 0.974161 0.767202
45 0.48591 0.476778 0.97182 0.789564
2 0.487861 0.462729 0.975723 0.777523
1 0.4863 0.470757 0.9726 0.797018
57 0.4863 0.470757 0.9726 0.797018
3 0.488252 0.46445 0.974942 0.772936
0 0.488252 0.46445 0.974942 0.772936
56 0.488252 0.46445 0.974942 0.772936
58 0.488642 0.465883 0.974161 0.767775
23 0.488642 0.465883 0.974161 0.767775
52 0.488642 0.465883 0.974161 0.767775
69 0.488252 0.46445 0.974942 0.772936
5 0.4863 0.470757 0.9726 0.797018
22 0.488252 0.46445 0.974942 0.772936
60 0.488252 0.46445 0.974942 0.772936
28 0.488642 0.465883 0.974161 0.767775
39 0.488252 0.46445 0.974942 0.772936
10 0.488642 0.473337 0.974161 0.784977
33 0.488252 0.46445 0.974942 0.772936
34 0.488642 0.465883 0.974161 0.767775
68 0.488642 0.465883 0.974161 0.767775
45 0.487861 0.462729 0.975723 0.777523
32 0.488252 0.46445 0.974942 0.772936
31 0.488642 0.465883 0.974161 0.767775
7 0.4863 0.470757 0.9726 0.797018
2 0.492545 0.474197 0.963233 0.774083
56 0.494106 0.477924 0.963233 0.759748
1 0.492545 0.474197 0.963233 0.774083
57 0.494106 0.477924 0.963233 0.759748
0 0.494106 0.477924 0.963233 0.759748
58 0.494106 0.484805 0.963233 0.742546
3 0.494106 0.484805 0.963233 0.742546
5 0.492545 0.474197 0.963233 0.774083
39 0.494106 0.477924 0.963233 0.759748
28 0.494106 0.477924 0.963233 0.759748
69 0.494106 0.477924 0.963233 0.759748
23 0.494106 0.484805 0.963233 0.742546
60 0.494106 0.477924 0.963233 0.759748
32 0.494106 0.477924 0.963233 0.759748
52 0.494106 0.484805 0.963233 0.742546
22 0.494106 0.477924 0.963233 0.759748
61 0.494106 0.477924 0.963233 0.759748
4 0.494106 0.484805 0.963233 0.742546
34 0.494106 0.484805 0.963233 0.742546
45 0.493325 0.470757 0.9726 0.770642
31 0.490203 0.466743 0.980406 0.774083
2 0.483958 0.473624 0.964794 0.792431
0 0.489422 0.465023 0.966356 0.772936
56 0.489422 0.465023 0.966356 0.772936
1 0.483958 0.473624 0.964794 0.792431
57 0.489422 0.465023 0.966356 0.772936
3 0.489422 0.465023 0.966356 0.772936
28 0.489422 0.465023 0.966356 0.772936
69 0.489422 0.465023 0.966356 0.772936
4 0.483958 0.473624 0.964794 0.792431
5 0.483958 0.473624 0.964794 0.792431
32 0.489422 0.465023 0.966356 0.772936
58 0.489813 0.469323 0.965575 0.763188
23 0.489813 0.469323 0.965575 0.763188
60 0.489422 0.465023 0.966356 0.772936
52 0.489813 0.469323 0.965575 0.763188
10 0.489813 0.475917 0.965575 0.788991
39 0.489422 0.465023 0.966356 0.772936
22 0.489422 0.465023 0.966356 0.772936
34 0.489813 0.469323 0.965575 0.763188
59 0.485129 0.461583 0.968697 0.77867
61 0.489422 0.465023 0.966356 0.772936
68 0.489813 0.469323 0.965575 0.763188
67 0.489422 0.465023 0.966356 0.772936
44 0.489422 0.465023 0.966356 0.772936
8 0.489813 0.475917 0.965575 0.788991
31 0.483958 0.473624 0.964794 0.792431
45 0.489813 0.469323 0.965575 0.763188
7 0.483958 0.473624 0.964794 0.792431
54 0.489813 0.475917 0.965575 0.788991
6 0.489813 0.475917 0.965575 0.788991
2 0.488642 0.464163 0.961672 0.768922
1 0.488642 0.464163 0.961672 0.768922
0 0.492935 0.464163 0.960892 0.772362
56 0.488642 0.464163 0.961672 0.768922
5 0.484349 0.46445 0.968697 0.762615
57 0.488642 0.464163 0.961672 0.768922
3 0.492935 0.464163 0.960892 0.772362
28 0.484349 0.46445 0.968697 0.762615
23 0.489032 0.461009 0.960892 0.777523
58 0.492935 0.464163 0.960892 0.772362
69 0.493325 0.465596 0.961672 0.768349
54 0.493325 0.465596 0.961672 0.768349
39 0.492935 0.464163 0.960892 0.772362
52 0.492935 0.464163 0.960892 0.772362
44 0.487081 0.465023 0.974161 0.758028
60 0.492935 0.464163 0.960892 0.772362
10 0.488642 0.464163 0.961672 0.768922
68 0.489032 0.461009 0.960892 0.777523
4 0.492935 0.464163 0.960892 0.772362
2 0.494886 0.47305 0.964794 0.792431
1 0.494886 0.47305 0.964794 0.792431
0 0.492935 0.46617 0.970259 0.776376
56 0.494886 0.47305 0.964794 0.792431
57 0.493716 0.474197 0.98587 0.786697
3 0.493325 0.464736 0.969478 0.773509
5 0.493716 0.474197 0.98587 0.786697
28 0.492154 0.46445 0.982748 0.770642
60 0.494886 0.47305 0.964794 0.792431
7 0.494886 0.47305 0.964794 0.792431
39 0.493716 0.474197 0.98587 0.786697
23 0.493325 0.464736 0.969478 0.773509
58 0.493325 0.464736 0.969478 0.773509
69 0.493716 0.474197 0.98587 0.786697
4 0.496448 0.46961 0.967917 0.769495
45 0.494886 0.47305 0.964794 0.792431
52 0.495667 0.470757 0.963233 0.761468
6 0.494886 0.47305 0.964794 0.792431
32 0.494886 0.47305 0.964794 0.792431
34 0.493325 0.464736 0.969478 0.773509
44 0.494886 0.47305 0.964794 0.792431
36 0.494886 0.47305 0.964794 0.792431
61 0.494886 0.47305 0.964794 0.792431
59 0.493325 0.464736 0.969478 0.773509
31 0.493325 0.464736 0.969478 0.773509
33 0.493716 0.474197 0.98587 0.786697
54 0.496448 0.46961 0.967917 0.769495
2 0.489032 0.466743 0.967136 0.777523
1 0.487471 0.470757 0.967136 0.783257
3 0.489032 0.466743 0.967136 0.777523
57 0.489032 0.466743 0.967136 0.777523
0 0.489422 0.473337 0.964795 0.760894
56 0.489032 0.466743 0.967136 0.777523
58 0.489422 0.473337 0.964795 0.760894
23 0.489422 0.473337 0.964795 0.760894
5 0.487471 0.470757 0.967136 0.783257
52 0.489422 0.473337 0.964795 0.760894
28 0.489422 0.473337 0.964795 0.760894
4 0.489422 0.473337 0.964795 0.760894
59 0.489422 0.473337 0.964795 0.760894
60 0.489422 0.473337 0.964795 0.760894
34 0.489422 0.473337 0.964795 0.760894
45 0.489422 0.473337 0.964795 0.760894
69 0.489813 0.473624 0.964014 0.779817
7 0.489813 0.473624 0.964014 0.779817
32 0.489422 0.473337 0.964795 0.760894
10 0.489813 0.473624 0.964014 0.779817
39 0.489813 0.473624 0.964014 0.779817
31 0.489422 0.473337 0.964795 0.760894
61 0.489813 0.473624 0.964014 0.779817
2 0.574505 0.524656 0.82429 0.647936
2 0.483178 0.475344 0.960111 0.78555
1 0.483178 0.475344 0.960111 0.78555
56 0.483178 0.475344 0.960111 0.78555
57 0.483178 0.475344 0.960111 0.78555
0 0.483178 0.475344 0.960111 0.78555
5 0.483178 0.475344 0.960111 0.78555
3 0.483178 0.475344 0.960111 0.78555
28 0.483178 0.475344 0.960111 0.78555
52 0.488642 0.479358 0.964795 0.75
4 0.488642 0.479358 0.964795 0.75
39 0.483178 0.475344 0.960111 0.78555
69 0.489032 0.478211 0.964014 0.779817
58 0.488642 0.479358 0.964795 0.75
23 0.488642 0.479358 0.964795 0.75
60 0.489032 0.478211 0.964014 0.779817
34 0.488642 0.479358 0.964795 0.75
31 0.488642 0.479358 0.964795 0.75
10 0.483178 0.475344 0.960111 0.78555
32 0.482397 0.46531 0.964794 0.78039
45 0.488642 0.479358 0.964795 0.75
7 0.483178 0.475344 0.960111 0.78555
61 0.483178 0.475344 0.960111 0.78555
6 0.483178 0.475344 0.960111 0.78555
59 0.488642 0.479358 0.964795 0.75
20 0.481617 0.471904 0.963233 0.786697
2 0.487081 0.47133 0.964794 0.788991
56 0.491764 0.47305 0.963233 0.771789
0 0.487471 0.471904 0.97182 0.774083
1 0.487081 0.47133 0.964794 0.788991
57 0.487081 0.47133 0.964794 0.788991
28 0.491764 0.47219 0.95855 0.784977
3 0.487081 0.47133 0.964794 0.788991
69 0.491764 0.47219 0.95855 0.784977
32 0.491764 0.47219 0.95855 0.784977
58 0.490984 0.470183 0.963233 0.766055
4 0.49996 0.488532 0.948402 0.729358
60 0.491764 0.47219 0.95855 0.784977
10 0.491764 0.47219 0.95855 0.784977
59 0.490984 0.470183 0.963233 0.766055
39 0.491764 0.47219 0.95855 0.784977
52 0.490984 0.470183 0.963233 0.766055
5 0.487081 0.47133 0.964794 0.788991
61 0.49996 0.488532 0.948402 0.729358
23 0.490984 0.470183 0.963233 0.766055
44 0.491764 0.47219 0.95855 0.784977
67 0.490984 0.470183 0.963233 0.766055
31 0.487081 0.47133 0.964794 0.788991
68 0.490984 0.470183 0.963233 0.766055
8 0.491764 0.47219 0.95855 0.784977
45 0.49996 0.488532 0.948402 0.729358
34 0.490984 0.470183 0.963233 0.766055
54 0.491764 0.47219 0.95855 0.784977
2 0.493325 0.469323 0.971039 0.774656
1 0.495277 0.471044 0.988992 0.778096
3 0.493325 0.469323 0.971039 0.774656
56 0.494886 0.469323 0.974161 0.782683
0 0.493325 0.469323 0.971039 0.774656
57 0.493716 0.477638 0.973381 0.795872
58 0.493325 0.469323 0.971039 0.774656
28 0.493716 0.477638 0.973381 0.795872
5 0.493716 0.477638 0.973381 0.795872
52 0.493325 0.469323 0.971039 0.774656
23 0.493325 0.469323 0.971039 0.774656
4 0.49957 0.480505 0.955428 0.748853
69 0.494886 0.481078 0.983528 0.792431
32 0.493325 0.469323 0.971039 0.774656
59 0.490984 0.466456 0.977284 0.782683
39 0.495277 0.471044 0.988992 0.778096
45 0.493325 0.469323 0.971039 0.774656
7 0.493716 0.477638 0.973381 0.795872
60 0.493325 0.469323 0.971039 0.774656
31 0.493325 0.469323 0.971039 0.774656
44 0.495667 0.474771 0.967917 0.792431
34 0.493325 0.469323 0.971039 0.774656
1 0.487081 0.475631 0.964794 0.773509
2 0.4863 0.46445 0.969478 0.766055
0 0.487081 0.475631 0.964794 0.773509
3 0.491764 0.475917 0.95855 0.770642
56 0.487081 0.475631 0.964794 0.773509
28 0.487081 0.475631 0.964794 0.773509
5 0.487081 0.475631 0.964794 0.773509
57 0.487081 0.475631 0.964794 0.773509
69 0.491764 0.475917 0.95855 0.770642
4 0.487081 0.475631 0.964794 0.773509
54 0.491764 0.475917 0.95855 0.770642
10 0.491764 0.475917 0.95855 0.770642
58 0.491374 0.473624 0.962453 0.761468
52 0.490984 0.469037 0.960111 0.759174
32 0.491764 0.475917 0.95855 0.770642
60 0.491764 0.475917 0.95855 0.770642
7 0.491764 0.475917 0.95855 0.770642
6 0.4863 0.474771 0.969478 0.775229
59 0.490984 0.469037 0.960111 0.759174
20 0.4863 0.474771 0.969478 0.775229
23 0.490984 0.469037 0.960111 0.759174
34 0.490984 0.469037 0.960111 0.759174
8 0.491764 0.475917 0.95855 0.770642
2 0.491764 0.467317 0.964795 0.787844
1 0.491764 0.467317 0.964795 0.787844
56 0.491764 0.467317 0.964795 0.787844
0 0.492545 0.466456 0.964795 0.773509
3 0.492545 0.466456 0.964795 0.773509
4 0.501912 0.472477 0.953866 0.764908
57 0.492545 0.466456 0.964795 0.773509
58 0.492545 0.466456 0.964795 0.773509
5 0.492545 0.466456 0.964795 0.773509
23 0.492545 0.466456 0.964795 0.773509
52 0.492545 0.466456 0.964795 0.773509
7 0.492545 0.466456 0.964795 0.773509
31 0.492545 0.466456 0.964795 0.773509
59 0.492545 0.466456 0.964795 0.773509
28 0.492545 0.466456 0.964795 0.773509
45 0.492545 0.466456 0.964795 0.773509
60 0.492545 0.466456 0.964795 0.773509
61 0.501912 0.472477 0.953866 0.764908
32 0.492545 0.466456 0.964795 0.773509
2 0.490203 0.464163 0.967917 0.77695
1 0.490203 0.464163 0.967917 0.77695
0 0.498009 0.456995 0.952305 0.78211
56 0.490203 0.464163 0.967917 0.77695
3 0.490203 0.464163 0.967917 0.77695
57 0.490203 0.464163 0.967917 0.77695
4 0.498789 0.474771 0.950744 0.736239
52 0.490203 0.465883 0.967917 0.754014
7 0.490203 0.464163 0.967917 0.77695
28 0.490203 0.464163 0.967917 0.77695
23 0.490203 0.465883 0.967917 0.754014
60 0.490203 0.464163 0.967917 0.77695
58 0.498789 0.474771 0.950744 0.736239
31 0.498789 0.474771 0.950744 0.736239
59 0.490203 0.465883 0.967917 0.754014
21 0.498789 0.474771 0.950744 0.736239
6 0.498009 0.456995 0.952305 0.78211
45 0.490203 0.465883 0.967917 0.754014
39 0.490203 0.464163 0.967917 0.77695
32 0.490203 0.464163 0.967917 0.77695
5 0.490203 0.464163 0.967917 0.77695
20 0.490203 0.465596 0.980406 0.775229
2 0.491764 0.470183 0.961672 0.78211
1 0.485129 0.479358 0.949964 0.793578
58 0.491764 0.463589 0.960111 0.78383
3 0.491764 0.463589 0.960111 0.78383
56 0.485129 0.479358 0.949964 0.793578
57 0.485129 0.479358 0.949964 0.793578
23 0.491764 0.463589 0.960111 0.78383
52 0.491764 0.463589 0.960111 0.78383
0 0.491764 0.463589 0.960111 0.78383
59 0.491764 0.463589 0.960111 0.78383
5 0.491764 0.479931 0.95855 0.790138
7 0.491764 0.479931 0.95855 0.790138
4 0.49957 0.469037 0.949183 0.770642
31 0.4863 0.463303 0.956989 0.784404
39 0.491764 0.479931 0.95855 0.790138
2 0.477324 0.47047 0.949964 0.770069
1 0.483568 0.475057 0.942158 0.781537
56 0.483568 0.475057 0.942158 0.781537
58 0.483568 0.475057 0.942158 0.781537
69 0.483568 0.475057 0.942158 0.781537
28 0.480836 0.473624 0.944499 0.78211
57 0.483568 0.475057 0.942158 0.781537
59 0.482007 0.472477 0.942158 0.762615
3 0.483568 0.475057 0.942158 0.781537
5 0.483568 0.475057 0.942158 0.781537
32 0.483568 0.475057 0.942158 0.781537
0 0.482397 0.473624 0.942938 0.770642
23 0.482007 0.472477 0.942158 0.762615
10 0.483568 0.475057 0.942158 0.781537
4 0.483568 0.475057 0.942158 0.781537
39 0.483568 0.475057 0.942158 0.781537
52 0.489032 0.476778 0.932791 0.764335
8 0.483568 0.475057 0.942158 0.781537
68 0.483568 0.475057 0.942158 0.781537
7 0.483568 0.475057 0.942158 0.781537
6 0.478494 0.473337 0.946061 0.78039
61 0.482007 0.472477 0.942158 0.762615
29 0.482007 0.472477 0.942158 0.762615
54 0.483568 0.475057 0.942158 0.781537
2 0.484739 0.477064 0.95855 0.784404
1 0.4863 0.478211 0.953866 0.775229
56 0.4863 0.478211 0.953866 0.775229
57 0.4863 0.478211 0.953866 0.775229
0 0.4863 0.478211 0.953866 0.775229
3 0.4863 0.478211 0.953866 0.775229
58 0.48552 0.47219 0.95855 0.758601
23 0.48552 0.47219 0.95855 0.758601
60 0.4863 0.478211 0.953866 0.775229
28 0.4863 0.478211 0.953866 0.775229
39 0.4863 0.478211 0.953866 0.775229
59 0.48552 0.47219 0.95855 0.758601
32 0.48552 0.47219 0.95855 0.758601
44 0.483568 0.477064 0.95933 0.788991
7 0.4863 0.478211 0.953866 0.775229
52 0.487081 0.479931 0.956989 0.74656
31 0.487081 0.479931 0.956989 0.74656
2 0.489422 0.479645 0.961672 0.760894
1 0.483958 0.481651 0.95855 0.788991
3 0.488642 0.481651 0.961672 0.78555
57 0.488642 0.481651 0.961672 0.78555
0 0.483958 0.481651 0.95855 0.788991
58 0.489422 0.479645 0.961672 0.760894
52 0.490203 0.50172 0.963233 0.725917
56 0.488642 0.481651 0.961672 0.78555
5 0.488642 0.481651 0.961672 0.78555
28 0.488642 0.481651 0.961672 0.78555
23 0.489422 0.479645 0.961672 0.760894
60 0.488642 0.481651 0.961672 0.78555
31 0.490203 0.50172 0.963233 0.725917
4 0.488642 0.481651 0.961672 0.78555
39 0.488642 0.481651 0.961672 0.78555
7 0.488642 0.481651 0.961672 0.78555
45 0.490203 0.50172 0.963233 0.725917
10 0.488642 0.481651 0.961672 0.78555
2 0.487861 0.46961 0.966356 0.792431
1 0.487861 0.46961 0.966356 0.792431
56 0.487861 0.46961 0.966356 0.792431
57 0.487861 0.46961 0.966356 0.792431
0 0.487861 0.46961 0.966356 0.792431
3 0.487861 0.46961 0.966356 0.792431
58 0.490203 0.458716 0.964795 0.787844
23 0.490203 0.458716 0.964795 0.787844
28 0.487861 0.46961 0.966356 0.792431
2 0.48552 0.474771 0.967917 0.791284
1 0.48552 0.474771 0.967917 0.791284
56 0.48552 0.474771 0.967917 0.791284
0 0.48552 0.474771 0.967917 0.791284
57 0.493325 0.476491 0.971039 0.787844
3 0.493325 0.476491 0.971039 0.787844
28 0.48552 0.474771 0.967917 0.791284
5 0.48552 0.474771 0.967917 0.791284
23 0.492545 0.471044 0.967917 0.768922
58 0.493325 0.476491 0.971039 0.787844
39 0.490203 0.471904 0.980406 0.772936
52 0.492545 0.471044 0.967917 0.768922
54 0.487471 0.475057 0.974942 0.790711
44 0.487471 0.475057 0.974942 0.790711
60 0.493325 0.476491 0.971039 0.787844
31 0.492545 0.471044 0.967917 0.768922
45 0.48669 0.468463 0.973381 0.775229
4 0.48552 0.474771 0.967917 0.791284
69 0.493325 0.476491 0.971039 0.787844
6 0.487471 0.475057 0.974942 0.790711
32 0.493325 0.476491 0.971039 0.787844
20 0.487471 0.475057 0.974942 0.790711
2 0.488642 0.46789 0.95855 0.786697
1 0.488642 0.46789 0.95855 0.786697
56 0.488642 0.46789 0.95855 0.786697
0 0.488642 0.46789 0.95855 0.786697
57 0.488642 0.46789 0.95855 0.786697
58 0.494496 0.467317 0.965575 0.771789
3 0.494106 0.471617 0.963233 0.782683
2 0.491764 0.465596 0.961672 0.771789
1 0.493716 0.473624 0.957769 0.786697
56 0.493716 0.473624 0.957769 0.786697
57 0.498009 0.47133 0.95855 0.762615
0 0.493716 0.473624 0.957769 0.786697
58 0.498009 0.47133 0.95855 0.762615
3 0.498009 0.47133 0.95855 0.762615
4 0.498009 0.47133 0.95855 0.762615
28 0.493716 0.473624 0.957769 0.786697
59 0.491764 0.465596 0.961672 0.771789
32 0.491764 0.465596 0.961672 0.771789
23 0.491764 0.465596 0.961672 0.771789
61 0.498009 0.47133 0.95855 0.762615
45 0.491764 0.465596 0.961672 0.771789
52 0.491764 0.465596 0.961672 0.771789
31 0.491764 0.465596 0.961672 0.771789
60 0.491764 0.465596 0.961672 0.771789
2 0.493325 0.467317 0.971039 0.787844
1 0.493325 0.467317 0.971039 0.787844
56 0.493325 0.467317 0.971039 0.787844
57 0.493325 0.467317 0.971039 0.787844
0 0.493325 0.467317 0.971039 0.787844
44 0.495667 0.467317 0.985089 0.78555
36 0.495667 0.467317 0.985089 0.78555
4 0.493325 0.467317 0.971039 0.787844
39 0.483958 0.465883 0.967917 0.779243
32 0.495667 0.467317 0.985089 0.78555
28 0.483958 0.465883 0.967917 0.779243
60 0.493325 0.467317 0.971039 0.787844
58 0.497228 0.463876 0.975723 0.777523
3 0.493325 0.467317 0.971039 0.787844
31 0.495667 0.467317 0.985089 0.78555
61 0.498009 0.46531 0.980406 0.782683
45 0.483958 0.465883 0.967917 0.779243
23 0.497228 0.463876 0.975723 0.777523
35 0.493325 0.467317 0.971039 0.787844
6 0.495667 0.467317 0.985089 0.78555
5 0.493325 0.467317 0.971039 0.787844
20 0.48669 0.46789 0.973381 0.78211
2 0.48552 0.466743 0.961672 0.777523
1 0.48552 0.466743 0.961672 0.777523
56 0.48552 0.466743 0.961672 0.777523
3 0.48552 0.466743 0.961672 0.777523
0 0.48552 0.466743 0.961672 0.777523
57 0.48552 0.466743 0.961672 0.777523
32 0.483568 0.471044 0.967136 0.771216
58 0.487861 0.481078 0.966356 0.745413
28 0.478494 0.472477 0.956989 0.767202
23 0.487861 0.481078 0.966356 0.745413
39 0.483568 0.471044 0.967136 0.771216
60 0.48552 0.466743 0.961672 0.777523
4 0.48552 0.466743 0.961672 0.777523
44 0.481617 0.467317 0.963233 0.772936
69 0.488252 0.46961 0.962453 0.771789
59 0.48591 0.478784 0.968697 0.752294
2 0.487081 0.473624 0.967917 0.763761
1 0.483958 0.46961 0.966356 0.78555
56 0.483958 0.46961 0.966356 0.78555
0 0.483958 0.46961 0.966356 0.78555
28 0.482397 0.472477 0.964794 0.764908
57 0.487081 0.473624 0.967917 0.763761
32 0.482397 0.469897 0.964794 0.768922
58 0.487081 0.473624 0.967917 0.763761
44 0.481617 0.47047 0.963233 0.781537
2 0.495277 0.469037 0.979626 0.763762
1 0.495277 0.472764 0.982748 0.789564
56 0.495277 0.472764 0.982748 0.789564
57 0.495277 0.472764 0.982748 0.789564
0 0.495277 0.472764 0.982748 0.789564
32 0.492545 0.46875 0.98509 0.771216
58 0.495277 0.469037 0.979626 0.763762
28 0.495277 0.472764 0.982748 0.789564
23 0.495277 0.469037 0.979626 0.763762
3 0.495277 0.472764 0.982748 0.789564
52 0.495277 0.469037 0.979626 0.763762
59 0.493325 0.469037 0.983528 0.766055
2 0.488642 0.46961 0.975723 0.78555
1 0.488642 0.46961 0.975723 0.78555
56 0.488642 0.46961 0.975723 0.78555
0 0.488642 0.46961 0.975723 0.78555
28 0.488642 0.46961 0.975723 0.78555
57 0.488642 0.46961 0.975723 0.78555
3 0.489422 0.47305 0.966356 0.776376
58 0.488642 0.477638 0.969478 0.751147
32 0.488642 0.465596 0.977284 0.775229
2 0.498009 0.467603 0.986651 0.781537
1 0.498009 0.467603 0.986651 0.781537
0 0.498009 0.467603 0.986651 0.781537
56 0.498009 0.467603 0.986651 0.781537
57 0.498009 0.467603 0.986651 0.781537
4 0.504644 0.469897 0.978064 0.767775
3 0.504644 0.469897 0.978064 0.767775
32 0.492545 0.463303 0.98509 0.783257
45 0.497619 0.465883 0.987431 0.774656
28 0.498009 0.467603 0.986651 0.781537
58 0.504644 0.469897 0.978064 0.767775
31 0.504644 0.469897 0.978064 0.767775
2 0.498009 0.47133 0.981967 0.772936
1 0.498009 0.47133 0.981967 0.772936
56 0.498009 0.47133 0.981967 0.772936
57 0.498009 0.47133 0.981967 0.772936
0 0.49957 0.473911 0.977284 0.767775
3 0.49957 0.473911 0.977284 0.767775
58 0.49957 0.473911 0.977284 0.767775
2 0.490984 0.47133 0.964795 0.788991
1 0.490984 0.47133 0.964795 0.788991
56 0.490984 0.47133 0.964795 0.788991
58 0.487081 0.467603 0.964794 0.767775
0 0.490984 0.47133 0.964795 0.788991
57 0.490984 0.47133 0.964795 0.788991
3 0.487081 0.467603 0.964794 0.767775
32 0.482788 0.465883 0.965575 0.782683
23 0.487081 0.467603 0.964794 0.767775
59 0.484739 0.46789 0.967917 0.769495
52 0.487081 0.467603 0.964794 0.767775
2 0.476153 0.477064 0.949183 0.791284
1 0.476153 0.477064 0.949183 0.791284
3 0.476153 0.477064 0.949183 0.791284
0 0.47303 0.475344 0.946061 0.786697
56 0.47303 0.475344 0.946061 0.786697
57 0.47303 0.475344 0.946061 0.786697
58 0.474591 0.46961 0.949183 0.766055
28 0.478494 0.469037 0.956989 0.777523
32 0.471469 0.47047 0.942938 0.774656
31 0.480446 0.474197 0.960892 0.783257
4 0.47303 0.475344 0.946061 0.786697
5 0.476153 0.477064 0.949183 0.791284
2 0.487471 0.468463 0.973381 0.760321
56 0.48552 0.468463 0.971039 0.783257
1 0.488642 0.473337 0.969478 0.773509
0 0.48552 0.468463 0.971039 0.783257
32 0.483958 0.467317 0.967917 0.774083
58 0.487471 0.468463 0.973381 0.760321
57 0.488642 0.473337 0.969478 0.773509
28 0.488642 0.473337 0.969478 0.773509
3 0.488642 0.473337 0.969478 0.773509
59 0.487471 0.468463 0.973381 0.760321
23 0.487471 0.468463 0.973381 0.760321
44 0.484349 0.46617 0.968697 0.779817
4 0.48552 0.468463 0.971039 0.783257
2 0.484739 0.46789 0.969478 0.775229
1 0.484739 0.46789 0.969478 0.775229
56 0.484739 0.46789 0.969478 0.775229
58 0.485129 0.46617 0.970259 0.767202
28 0.483958 0.46789 0.967917 0.768349
32 0.483958 0.46789 0.967917 0.768349
57 0.484739 0.46789 0.969478 0.775229
5 0.484739 0.46789 0.969478 0.775229
23 0.490593 0.470183 0.974942 0.756881
39 0.484739 0.46789 0.969478 0.775229
3 0.485129 0.46617 0.970259 0.767202
0 0.483958 0.46789 0.967917 0.766055
2 0.490203 0.46617 0.9726 0.783257
1 0.490203 0.46617 0.9726 0.783257
56 0.490203 0.46617 0.9726 0.783257
32 0.487081 0.46445 0.974161 0.771789
0 0.48669 0.466743 0.97182 0.77867
28 0.487081 0.46445 0.974161 0.771789
58 0.492545 0.46961 0.975723 0.762615
44 0.48669 0.466743 0.97182 0.77867
2 0.491764 0.471617 0.980406 0.790711
1 0.491764 0.471617 0.980406 0.790711
56 0.491764 0.471617 0.980406 0.790711
58 0.487861 0.458716 0.975723 0.784404
2 0.489032 0.467317 0.976503 0.776376
1 0.489032 0.467317 0.976503 0.776376
58 0.487081 0.462156 0.974161 0.777523
56 0.489032 0.467317 0.976503 0.776376
0 0.489032 0.467317 0.976503 0.776376
32 0.4863 0.46445 0.9726 0.777523
57 0.489032 0.467317 0.976503 0.776376
2 0.483958 0.465596 0.967917 0.78211
1 0.483958 0.465596 0.967917 0.78211
56 0.483958 0.465596 0.967917 0.78211
58 0.490984 0.459002 0.978845 0.779243
0 0.483958 0.465596 0.967917 0.78211
57 0.483958 0.465596 0.967917 0.78211
52 0.490984 0.459002 0.978845 0.779243
28 0.481617 0.465023 0.963233 0.774083
32 0.481617 0.465023 0.963233 0.774083
3 0.490984 0.459002 0.978845 0.779243
23 0.490984 0.459002 0.978845 0.779243
31 0.481617 0.465023 0.963233 0.774083
5 0.490984 0.468463 0.975723 0.775229
44 0.482397 0.466456 0.964794 0.778096
2 0.493716 0.467317 0.976503 0.764908
1 0.484739 0.465883 0.969478 0.78039
56 0.484739 0.465883 0.969478 0.78039
0 0.493325 0.466743 0.9726 0.774083
32 0.480836 0.464736 0.961672 0.770069
28 0.479275 0.465023 0.95855 0.767202
58 0.493716 0.467317 0.976503 0.764908
44 0.482007 0.466456 0.964014 0.775803
57 0.493325 0.466743 0.9726 0.774083
61 0.493325 0.466743 0.9726 0.774083
3 0.493716 0.467317 0.976503 0.764908
6 0.493325 0.466743 0.9726 0.774083
60 0.493325 0.466743 0.9726 0.774083
39 0.493325 0.466743 0.9726 0.774083
2 0.483958 0.472477 0.967917 0.78211
1 0.483958 0.472477 0.967917 0.78211
56 0.482007 0.47133 0.964014 0.779817
28 0.483958 0.472477 0.967917 0.78211
0 0.482007 0.47133 0.964014 0.779817
58 0.480836 0.462729 0.961672 0.779817
57 0.483958 0.472477 0.967917 0.78211
32 0.480836 0.469037 0.961672 0.768349
2 0.487081 0.466743 0.974161 0.784404
1 0.487081 0.466743 0.974161 0.784404
56 0.483178 0.46617 0.966356 0.78211
57 0.487081 0.466743 0.974161 0.784404
0 0.483178 0.46617 0.966356 0.78211
28 0.487081 0.466743 0.974161 0.784404
58 0.483178 0.457856 0.966356 0.778096
44 0.483178 0.46617 0.966356 0.78211
32 0.482007 0.46617 0.964014 0.776376
1 0.496838 0.465883 0.982748 0.774656
2 0.498009 0.465023 0.98509 0.774083
56 0.490984 0.465596 0.978845 0.770642
0 0.490984 0.465596 0.978845 0.770642
28 0.484739 0.466743 0.969478 0.767202
3 0.498009 0.465023 0.98509 0.774083
58 0.498009 0.465023 0.98509 0.774083
32 0.484739 0.466743 0.969478 0.767202
2 0.488642 0.46875 0.975723 0.791858
1 0.483178 0.465596 0.966356 0.775229
58 0.497228 0.469897 0.980406 0.78039
56 0.488642 0.46875 0.975723 0.791858
3 0.494886 0.465023 0.981967 0.776376
32 0.483178 0.465596 0.966356 0.775229
28 0.483178 0.465596 0.966356 0.775229
57 0.497228 0.469897 0.980406 0.78039
0 0.488642 0.46875 0.975723 0.791858
5 0.497228 0.469897 0.980406 0.78039
2 0.4863 0.46789 0.9726 0.788991
1 0.4863 0.46789 0.9726 0.788991
56 0.483178 0.47133 0.966356 0.78211
28 0.4863 0.46789 0.9726 0.788991
0 0.483178 0.47133 0.966356 0.78211
57 0.4863 0.46789 0.9726 0.788991
58 0.494496 0.464736 0.987431 0.787271
3 0.494496 0.464736 0.987431 0.787271
32 0.483178 0.47133 0.966356 0.78211
2 0.489813 0.467317 0.979625 0.776376
1 0.489813 0.467317 0.979625 0.776376
58 0.484739 0.465023 0.969478 0.777523
56 0.484739 0.470183 0.969478 0.772936
0 0.484739 0.470183 0.969478 0.772936
2 0.74233 0.406537 0.480836 0.813073
3 0.494886 0.465596 0.986651 0.777523
2 0.498009 0.469037 0.986651 0.779817
1 0.496448 0.470757 0.989773 0.779817
56 0.490984 0.471904 0.981967 0.777523
28 0.490203 0.470183 0.980406 0.774083
0 0.490984 0.471904 0.981967 0.777523
58 0.495667 0.46961 0.988212 0.770642
2 0.734524 0.414564 0.501131 0.829128
57 0.498009 0.469037 0.986651 0.779817
32 0.490203 0.470183 0.980406 0.774083
2 0.500351 0.46789 0.956989 0.779817
1 0.490593 0.469037 0.97182 0.78211
58 0.482397 0.463876 0.964794 0.78211
3 0.490593 0.469037 0.97182 0.78211
57 0.490593 0.469037 0.97182 0.78211
32 0.481617 0.467603 0.963233 0.775803
56 0.490593 0.469037 0.97182 0.78211
28 0.481617 0.467603 0.963233 0.775803
52 0.500351 0.46789 0.956989 0.779817
5 0.490593 0.469037 0.97182 0.78211
23 0.489422 0.467317 0.9726 0.775229
0 0.490593 0.469037 0.97182 0.78211
7 0.490593 0.469037 0.97182 0.78211
2 0.49957 0.47133 0.988212 0.771789
1 0.483958 0.469037 0.967917 0.774083
3 0.487861 0.47133 0.975723 0.780963
58 0.483958 0.469037 0.967917 0.774083
56 0.482397 0.465596 0.964794 0.772936
32 0.483958 0.469037 0.967917 0.774083
0 0.483958 0.469037 0.967917 0.774083
28 0.482397 0.465596 0.964794 0.772936
57 0.487861 0.47133 0.975723 0.780963
2 0.741549 0.387041 0.462102 0.774083
2 0.483178 0.465596 0.966356 0.779817
1 0.483178 0.466743 0.966356 0.770642
56 0.483178 0.465596 0.966356 0.779817
58 0.483178 0.465596 0.966356 0.779817
3 0.487471 0.467317 0.974942 0.783257
0 0.497228 0.468463 0.991334 0.77867
32 0.483178 0.465596 0.966356 0.779817
28 0.48552 0.469037 0.971039 0.770642
2 0.494496 0.472477 0.988992 0.791284
1 0.494496 0.472477 0.988992 0.791284
3 0.489813 0.473624 0.979625 0.78555
0 0.489813 0.473624 0.979625 0.78555
56 0.489813 0.473624 0.979625 0.78555
58 0.488642 0.46961 0.977284 0.776376
32 0.483178 0.470757 0.966356 0.774083
7 0.483178 0.470757 0.966356 0.774083
28 0.483178 0.470757 0.966356 0.774083
2 0.490984 0.472477 0.981967 0.795872
1 0.490984 0.472477 0.981967 0.795872
56 0.487861 0.473624 0.975723 0.793578
3 0.490984 0.472477 0.981967 0.795872
58 0.48552 0.469037 0.971039 0.779817
0 0.487861 0.473624 0.975723 0.793578
32 0.48552 0.469037 0.971039 0.779817
28 0.48552 0.469037 0.971039 0.779817
2 0.490984 0.468463 0.981967 0.78555
1 0.490984 0.468463 0.981967 0.78555
56 0.490984 0.468463 0.981967 0.78555
32 0.483958 0.470183 0.967917 0.776376
58 0.483958 0.470183 0.967917 0.776376
28 0.483958 0.470183 0.967917 0.776376
0 0.4863 0.46961 0.9726 0.784404
2 0.491764 0.470183 0.983528 0.786697
1 0.487081 0.47047 0.974161 0.781537
56 0.487081 0.47047 0.974161 0.781537
58 0.481617 0.46617 0.963233 0.774083
28 0.489422 0.463876 0.978845 0.779817
32 0.487471 0.46617 0.974942 0.77867
0 0.487081 0.47047 0.974161 0.781537
2 0.49996 0.467317 0.988992 0.77867
1 0.481617 0.465023 0.963233 0.776376
56 0.483568 0.468463 0.967136 0.77867
58 0.480836 0.465596 0.961672 0.772936
0 0.480836 0.465596 0.961672 0.772936
28 0.480836 0.465596 0.961672 0.772936
2 0.505034 0.473911 0.983528 0.768922
1 0.491764 0.468463 0.981967 0.783257
56 0.491764 0.468463 0.981967 0.783257
0 0.491764 0.468463 0.981967 0.783257
28 0.489422 0.463303 0.978845 0.78211
32 0.489422 0.463303 0.978845 0.78211
58 0.489422 0.463303 0.978845 0.78211
3 0.504253 0.490252 0.981967 0.732798
1 0.483958 0.463589 0.967917 0.779243
2 0.497228 0.466743 0.989773 0.77867
56 0.4863 0.465596 0.9726 0.780963
28 0.482397 0.462729 0.964794 0.77867
3 0.497228 0.466743 0.989773 0.77867
0 0.497228 0.466743 0.989773 0.77867
32 0.482397 0.462729 0.964794 0.77867
58 0.495667 0.467317 0.988212 0.775229
5 0.482397 0.462729 0.964794 0.77867
2 0.483178 0.46875 0.966356 0.791858
1 0.483178 0.46875 0.966356 0.791858
56 0.480446 0.468463 0.960892 0.786697
0 0.480446 0.468463 0.960892 0.786697
3 0.48591 0.465023 0.967136 0.779817
58 0.48591 0.465023 0.967136 0.779817
32 0.480056 0.463303 0.960111 0.779817
28 0.480056 0.463303 0.960111 0.779817
57 0.48591 0.465023 0.967136 0.779817
2 0.492545 0.47133 0.978845 0.786697
1 0.483178 0.463876 0.966356 0.776376
3 0.490203 0.469037 0.975723 0.766055
0 0.487471 0.470757 0.974942 0.790138
56 0.487471 0.470757 0.974942 0.790138
28 0.483178 0.463876 0.966356 0.776376
58 0.490203 0.469037 0.975723 0.766055
32 0.483178 0.463876 0.966356 0.776376
57 0.490203 0.469037 0.975723 0.766055
2 0.501912 0.467603 0.980406 0.77695
1 0.4863 0.46617 0.9726 0.780963
3 0.505034 0.470757 0.975723 0.783257
0 0.484739 0.474771 0.969478 0.777523
58 0.501912 0.467603 0.980406 0.77695
28 0.484349 0.467317 0.968697 0.776376
56 0.484739 0.474771 0.969478 0.777523
57 0.494106 0.46961 0.985089 0.767202
32 0.484349 0.467317 0.968697 0.776376
1 0.494106 0.463876 0.988212 0.787844
2 0.49957 0.472764 0.992895 0.790711
56 0.487471 0.472477 0.974942 0.784404
0 0.487471 0.472477 0.974942 0.784404
28 0.487081 0.464163 0.974161 0.784977
3 0.49957 0.472764 0.992895 0.790711
32 0.487081 0.464163 0.974161 0.784977
58 0.487471 0.472477 0.974942 0.784404
2 0.49918 0.477638 0.993676 0.788991
1 0.4863 0.469037 0.9726 0.78211
0 0.4863 0.478498 0.9726 0.788417
3 0.49918 0.477638 0.993676 0.788991
56 0.488642 0.466743 0.977284 0.779817
58 0.4863 0.478498 0.9726 0.788417
2 0.491764 0.474197 0.983528 0.786697
1 0.484349 0.474197 0.968697 0.784404
56 0.484349 0.474197 0.968697 0.784404
0 0.484349 0.474197 0.968697 0.784404
28 0.480836 0.47133 0.961672 0.779817
2 0.500351 0.465883 0.991334 0.774656
1 0.491764 0.465023 0.983528 0.783257
56 0.493716 0.46617 0.987431 0.77867
0 0.484739 0.467317 0.969478 0.774083
32 0.48552 0.465596 0.971039 0.779817
28 0.48552 0.465596 0.971039 0.779817
57 0.497228 0.476491 0.991334 0.755734
2 0.760673 0.387615 0.44571 0.775229
3 0.500351 0.465883 0.991334 0.774656
4 0.484739 0.467317 0.969478 0.774083
58 0.48552 0.465596 0.971039 0.779817
44 0.484739 0.467317 0.969478 0.774083
1 0.495667 0.472764 0.991334 0.790711
2 0.498009 0.470757 0.992895 0.772936
56 0.4863 0.471904 0.9726 0.784404
28 0.4863 0.465596 0.9726 0.779817
0 0.4863 0.471904 0.9726 0.784404
32 0.4863 0.465596 0.9726 0.779817
2 0.7556 0.362672 0.449613 0.725344
3 0.49957 0.474197 0.992895 0.786697
2 0.865076 0.389335 0.258762 0.77867
2 0.498399 0.469037 0.987431 0.779817
1 0.483958 0.466743 0.967917 0.774083
56 0.483958 0.46875 0.967917 0.775803
28 0.483958 0.466743 0.967917 0.774083
58 0.483958 0.46875 0.967917 0.775803
0 0.483958 0.46875 0.967917 0.775803
32 0.483958 0.466743 0.967917 0.774083
2 0.49996 0.46961 0.988992 0.783257
1 0.483568 0.464736 0.967136 0.779243
58 0.483958 0.469037 0.967917 0.776376
56 0.483958 0.469037 0.967917 0.776376
28 0.483568 0.464736 0.967136 0.779243
32 0.483568 0.464736 0.967136 0.779243
0 0.483958 0.469037 0.967917 0.776376
3 0.483568 0.464736 0.967136 0.779243
2 0.504253 0.466743 0.980406 0.780963
1 0.491764 0.462729 0.983528 0.787844
56 0.498789 0.468463 0.991334 0.790138
0 0.498789 0.468463 0.991334 0.790138
3 0.498789 0.468463 0.991334 0.790138
32 0.48552 0.463016 0.971039 0.782683
28 0.48552 0.463016 0.971039 0.782683
58 0.496448 0.47133 0.989773 0.766055
57 0.501912 0.480505 0.981967 0.748853
2 0.835999 0.386468 0.299742 0.772936
2 0.753258 0.367833 0.448052 0.735665
2 0.488252 0.47133 0.976503 0.800459
1 0.481617 0.465023 0.963233 0.784404
56 0.481617 0.469037 0.963233 0.791284
28 0.481617 0.465023 0.963233 0.784404
57 0.492154 0.472477 0.984309 0.772936
0 0.481617 0.469037 0.963233 0.791284
58 0.492154 0.472477 0.984309 0.772936
3 0.492154 0.472477 0.984309 0.772936
32 0.481617 0.465023 0.963233 0.784404
2 0.490984 0.46789 0.978845 0.788991
1 0.490984 0.46789 0.978845 0.788991
58 0.479275 0.467317 0.95855 0.780963
56 0.479275 0.467317 0.95855 0.780963
28 0.478885 0.465023 0.957769 0.78555
57 0.490984 0.46789 0.978845 0.788991
32 0.478885 0.465023 0.957769 0.78555
0 0.479275 0.467317 0.95855 0.780963
2 0.494886 0.470757 0.989773 0.780963
1 0.479275 0.471044 0.95855 0.782683
3 0.479275 0.471044 0.95855 0.782683
56 0.479275 0.471044 0.95855 0.782683
0 0.479275 0.471044 0.95855 0.782683
58 0.480056 0.470757 0.960111 0.77867
2 0.478885 0.465883 0.957769 0.784977
1 0.478885 0.465883 0.957769 0.784977
56 0.479275 0.469897 0.95855 0.784977
0 0.480056 0.466743 0.960111 0.780963
58 0.480056 0.466743 0.960111 0.780963
3 0.480056 0.466743 0.960111 0.780963
1 0.487861 0.46789 0.975723 0.777523
2 0.496448 0.47133 0.989773 0.78211
0 0.483958 0.46789 0.967917 0.777523
56 0.483958 0.46789 0.967917 0.777523
28 0.483958 0.46703 0.967917 0.774656
3 0.496448 0.47133 0.989773 0.78211
32 0.483958 0.46703 0.967917 0.774656
2 0.84439 0.37156 0.303255 0.743119
57 0.496448 0.47133 0.989773 0.78211
2 0.785066 0.364392 0.412535 0.728784
58 0.4863 0.468463 0.9726 0.770642
2 0.906251 0.400229 0.185778 0.779817
2 0.496448 0.466743 0.989773 0.78211
1 0.4863 0.465596 0.9726 0.777523
56 0.4863 0.465596 0.9726 0.777523
0 0.4863 0.465596 0.9726 0.777523
28 0.48552 0.462729 0.971039 0.783257
2 0.497228 0.467317 0.994456 0.792431
1 0.485129 0.467317 0.970259 0.779817
0 0.485129 0.467317 0.970259 0.779817
56 0.485129 0.467317 0.970259 0.779817
3 0.485129 0.467317 0.970259 0.779817
58 0.485129 0.467317 0.970259 0.779817
28 0.484739 0.465023 0.969478 0.780963
32 0.484739 0.465023 0.969478 0.780963
5 0.484739 0.465023 0.969478 0.780963
4 0.485129 0.467317 0.970259 0.779817
57 0.485129 0.467317 0.970259 0.779817
2 0.496448 0.46789 0.991334 0.786697
1 0.4863 0.46703 0.9726 0.77695
56 0.4863 0.46703 0.9726 0.77695
0 0.4863 0.46703 0.9726 0.77695
28 0.485129 0.464736 0.970259 0.78039
32 0.485129 0.464736 0.970259 0.78039
5 0.487081 0.46617 0.974161 0.776376
58 0.483178 0.466456 0.966356 0.773509
3 0.485129 0.464736 0.970259 0.78039
2 0.496838 0.470183 0.992115 0.78555
1 0.483958 0.470183 0.967917 0.777523
56 0.483958 0.470183 0.967917 0.777523
0 0.483958 0.470183 0.967917 0.777523
58 0.483958 0.470183 0.967917 0.777523
28 0.483568 0.466743 0.967136 0.78211
32 0.483568 0.466743 0.967136 0.78211
5 0.48669 0.468463 0.973381 0.77867
1 0.490984 0.464736 0.981967 0.781537
2 0.49918 0.466743 0.987431 0.779817
56 0.484739 0.46789 0.969478 0.779817
0 0.484739 0.46789 0.969478 0.779817
28 0.484349 0.465023 0.968697 0.77867
32 0.484349 0.465023 0.968697 0.77867
3 0.484739 0.46789 0.969478 0.779817
4 0.484739 0.46789 0.969478 0.779817
5 0.488642 0.465883 0.977284 0.779243
1 0.490203 0.463876 0.980406 0.784404
2 0.497228 0.469037 0.991334 0.788991
0 0.4863 0.469037 0.9726 0.784404
56 0.4863 0.469037 0.9726 0.784404
28 0.48552 0.46445 0.971039 0.78211
3 0.497228 0.469037 0.991334 0.788991
32 0.48552 0.46445 0.971039 0.78211
58 0.4863 0.469037 0.9726 0.784404
4 0.4863 0.469037 0.9726 0.784404
57 0.497228 0.469037 0.991334 0.788991
2 0.498009 0.46789 0.988212 0.787844
1 0.489422 0.46445 0.977284 0.788991
0 0.483958 0.46789 0.967917 0.779817
56 0.483958 0.46789 0.967917 0.779817
28 0.483178 0.466743 0.966356 0.78555
58 0.483958 0.46789 0.967917 0.779817
32 0.483178 0.466743 0.966356 0.78555
3 0.483178 0.466743 0.966356 0.78555
2 0.497228 0.470757 0.989773 0.787844
1 0.483958 0.465883 0.967917 0.78383
56 0.484739 0.46789 0.969478 0.78211
0 0.484739 0.46789 0.969478 0.78211
58 0.484739 0.46789 0.969478 0.78211
3 0.497228 0.470757 0.989773 0.787844
28 0.483958 0.465883 0.967917 0.78383
57 0.497228 0.470757 0.989773 0.787844
32 0.483958 0.465883 0.967917 0.78383
1 0.482788 0.46789 0.965575 0.779817
2 0.497228 0.472477 0.991334 0.786697
56 0.483178 0.47133 0.966356 0.780963
0 0.483178 0.47133 0.966356 0.780963
28 0.483178 0.47133 0.966356 0.775229
32 0.483178 0.47133 0.966356 0.775229
3 0.497228 0.472477 0.991334 0.786697
58 0.483178 0.47133 0.966356 0.775229
2 0.498789 0.470757 0.989773 0.774083
1 0.497228 0.470757 0.991334 0.780963
56 0.482397 0.467317 0.964794 0.776376
28 0.481617 0.466743 0.963233 0.779817
0 0.482397 0.467317 0.964794 0.776376
32 0.481617 0.466743 0.963233 0.779817
58 0.482397 0.467317 0.964794 0.776376
1 0.497228 0.47305 0.991334 0.786697
2 0.497228 0.47305 0.991334 0.786697
56 0.482397 0.470757 0.964794 0.783257
28 0.481226 0.466743 0.962453 0.779817
32 0.481226 0.466743 0.962453 0.779817
0 0.482397 0.470757 0.964794 0.783257
3 0.493716 0.470757 0.987431 0.775229
58 0.482397 0.470757 0.964794 0.783257
1 0.491764 0.468463 0.983528 0.790138
2 0.498009 0.46961 0.989773 0.78555
56 0.483958 0.46875 0.967917 0.784977
28 0.483568 0.466743 0.967136 0.783257
32 0.483568 0.466743 0.967136 0.783257
0 0.483958 0.46875 0.967917 0.784977
3 0.494886 0.470183 0.988212 0.775229
58 0.483958 0.46961 0.967917 0.779817
39 0.483958 0.46789 0.967917 0.78211
5 0.483958 0.46789 0.967917 0.78211
1 0.491764 0.469323 0.983528 0.784977
2 0.491764 0.469323 0.983528 0.784977
56 0.483568 0.469037 0.967136 0.779817
28 0.479665 0.470757 0.95933 0.777523
32 0.479665 0.470757 0.95933 0.777523
58 0.479665 0.470757 0.95933 0.777523
0 0.483568 0.469037 0.967136 0.779817
5 0.479665 0.470757 0.95933 0.777523
3 0.479665 0.470757 0.95933 0.777523
39 0.479665 0.470757 0.95933 0.777523
2 0.492545 0.47047 0.98509 0.786124
1 0.492545 0.47047 0.98509 0.786124
56 0.483178 0.46961 0.966356 0.780963
32 0.483178 0.47133 0.966356 0.787844
0 0.483178 0.46961 0.966356 0.780963
28 0.478885 0.473337 0.957769 0.782683
58 0.478885 0.473337 0.957769 0.782683
3 0.496838 0.47305 0.992115 0.774083
5 0.483178 0.472477 0.966356 0.78211
39 0.483178 0.472477 0.966356 0.78211
57 0.496838 0.47305 0.992115 0.774083
6 0.483178 0.46961 0.966356 0.780963
4 0.483178 0.46961 0.966356 0.780963
2 0.495277 0.469897 0.988992 0.789564
1 0.48552 0.470183 0.971039 0.784404
58 0.479275 0.47305 0.95855 0.787844
56 0.48552 0.470183 0.971039 0.784404
3 0.479275 0.47305 0.95855 0.787844
32 0.479275 0.47305 0.95855 0.787844
0 0.479275 0.47305 0.95855 0.787844
28 0.479275 0.47305 0.95855 0.787844
5 0.48591 0.471617 0.97182 0.784977
2 0.498009 0.46961 0.992895 0.78211
1 0.498009 0.46961 0.992895 0.78211
56 0.484739 0.471044 0.969478 0.782683
3 0.498009 0.46961 0.992895 0.78211
0 0.484739 0.471044 0.969478 0.782683
58 0.490984 0.467317 0.981967 0.783257
32 0.484739 0.46875 0.969478 0.787271
28 0.480836 0.471904 0.961672 0.783257
5 0.490984 0.467317 0.981967 0.783257
57 0.498009 0.46961 0.992895 0.78211
6 0.498009 0.46961 0.992895 0.78211
2 0.497619 0.469897 0.993676 0.782683
1 0.497619 0.469897 0.993676 0.782683
56 0.48552 0.47133 0.971039 0.784404
0 0.48552 0.47133 0.971039 0.784404
32 0.48552 0.46789 0.971039 0.786697
58 0.48552 0.46789 0.971039 0.786697
3 0.497619 0.469897 0.993676 0.782683
28 0.48552 0.46789 0.971039 0.786697
57 0.496057 0.46703 0.992115 0.77695
5 0.484739 0.46789 0.969478 0.783257
1 0.494106 0.465023 0.988212 0.783257
2 0.498789 0.46789 0.994456 0.779817
56 0.48591 0.469037 0.97182 0.78211
32 0.48552 0.465596 0.971039 0.78211
28 0.48552 0.465596 0.971039 0.78211
0 0.48591 0.469037 0.97182 0.78211
3 0.498789 0.46789 0.994456 0.779817
58 0.492154 0.46789 0.984309 0.776376
4 0.48591 0.469037 0.97182 0.78211
5 0.492154 0.46789 0.984309 0.776376
57 0.498789 0.46789 0.994456 0.779817
39 0.48552 0.468463 0.971039 0.776376
6 0.48591 0.469037 0.97182 0.78211
2 0.496448 0.469037 0.992895 0.777523
1 0.492935 0.46875 0.98587 0.784977
56 0.483958 0.469037 0.967917 0.783257
0 0.483958 0.469037 0.967917 0.783257
28 0.480836 0.469037 0.961672 0.78211
32 0.483178 0.465596 0.966356 0.784404
58 0.480836 0.469037 0.961672 0.78211
3 0.496448 0.469037 0.992895 0.777523
5 0.483178 0.466743 0.966356 0.779817
2 0.497619 0.469897 0.993676 0.784977
1 0.492935 0.468463 0.98587 0.791284
56 0.483958 0.469323 0.967917 0.788417
0 0.483958 0.469323 0.967917 0.788417
28 0.482397 0.46961 0.964794 0.786697
32 0.483178 0.465883 0.966356 0.788417
58 0.482397 0.46961 0.964794 0.786697
3 0.497619 0.469897 0.993676 0.784977
5 0.482397 0.468463 0.964794 0.783257
39 0.482397 0.468463 0.964794 0.783257
1 0.484739 0.470183 0.969478 0.78211
2 0.498789 0.47047 0.994456 0.781537
56 0.484739 0.470183 0.969478 0.78211
28 0.484739 0.465023 0.969478 0.780963
32 0.484739 0.465023 0.969478 0.780963
0 0.484739 0.470183 0.969478 0.78211
58 0.484739 0.465023 0.969478 0.780963
3 0.484739 0.465023 0.969478 0.780963
4 0.484739 0.470183 0.969478 0.78211
5 0.487861 0.46445 0.975723 0.780963
6 0.484739 0.470183 0.969478 0.78211
2 0.501131 0.468177 0.992895 0.77695
1 0.491764 0.46531 0.983528 0.78383
56 0.485129 0.469897 0.970259 0.78039
28 0.485129 0.465596 0.970259 0.78211
32 0.485129 0.465596 0.970259 0.78211
0 0.485129 0.469897 0.970259 0.78039
58 0.485129 0.465596 0.970259 0.78211
3 0.496838 0.470183 0.993676 0.770642
4 0.485129 0.469897 0.970259 0.78039
5 0.489422 0.468463 0.978845 0.776376
39 0.485129 0.465596 0.970259 0.78211
1 0.484739 0.470757 0.969478 0.783257
2 0.498789 0.470757 0.994456 0.780963
56 0.484739 0.470757 0.969478 0.783257
32 0.484739 0.46617 0.969478 0.783257
0 0.484739 0.470757 0.969478 0.783257
28 0.484739 0.46617 0.969478 0.783257
3 0.498789 0.470757 0.994456 0.780963
58 0.482788 0.46961 0.965575 0.780963
5 0.482788 0.46961 0.965575 0.780963
4 0.484739 0.470757 0.969478 0.783257
6 0.484739 0.470757 0.969478 0.783257
39 0.483568 0.468177 0.967136 0.781537
2 0.502302 0.465596 0.993676 0.779817
1 0.500351 0.470183 0.994456 0.784404
56 0.4863 0.469897 0.9726 0.784977
58 0.487081 0.463589 0.974161 0.781537
32 0.487081 0.463589 0.974161 0.781537
28 0.487081 0.463589 0.974161 0.781537
0 0.4863 0.469897 0.9726 0.784977
3 0.497228 0.469037 0.994456 0.769495
57 0.4863 0.469897 0.9726 0.784977
5 0.490593 0.467317 0.981187 0.776376
2 0.500351 0.470757 0.994456 0.790138
1 0.500351 0.470757 0.994456 0.790138
56 0.484739 0.469897 0.969478 0.787271
0 0.484739 0.469897 0.969478 0.787271
32 0.485129 0.46617 0.970259 0.790138
58 0.484739 0.469897 0.969478 0.787271
28 0.485129 0.46617 0.970259 0.790138
3 0.485129 0.46617 0.970259 0.790138
4 0.484739 0.469897 0.969478 0.787271
2 0.49957 0.46961 0.994456 0.790138
1 0.48552 0.465023 0.971039 0.784404
56 0.48552 0.46961 0.971039 0.787844
32 0.48552 0.465023 0.971039 0.784404
3 0.49957 0.46961 0.994456 0.790138
28 0.48552 0.465023 0.971039 0.784404
58 0.48552 0.465023 0.971039 0.784404
0 0.48552 0.46961 0.971039 0.787844
4 0.48552 0.46961 0.971039 0.787844
57 0.49957 0.46961 0.994456 0.790138
5 0.490984 0.46617 0.981967 0.783257
2 0.49957 0.46875 0.992895 0.784977
1 0.484739 0.469037 0.969478 0.784404
56 0.484739 0.469037 0.969478 0.784404
32 0.484739 0.465023 0.969478 0.783257
28 0.484739 0.465023 0.969478 0.783257
58 0.484739 0.469037 0.969478 0.784404
0 0.484739 0.469037 0.969478 0.784404
4 0.484739 0.469037 0.969478 0.784404
3 0.496448 0.46789 0.991334 0.776376
5 0.483958 0.467603 0.967917 0.78039
39 0.483958 0.467603 0.967917 0.78039
2 0.501912 0.466743 0.991334 0.779817
1 0.49918 0.46961 0.993676 0.78555
56 0.48552 0.46961 0.971039 0.783257
32 0.48552 0.46617 0.971039 0.78211
28 0.48552 0.46617 0.971039 0.78211
58 0.48552 0.46617 0.971039 0.78211
3 0.496448 0.468463 0.992895 0.774083
0 0.48552 0.46961 0.971039 0.783257
4 0.48552 0.46961 0.971039 0.783257
5 0.48552 0.46617 0.971039 0.78211
2 0.498789 0.46961 0.992895 0.78555
1 0.483178 0.468463 0.966356 0.78555
56 0.483178 0.468463 0.966356 0.78555
32 0.483178 0.465883 0.966356 0.78383
28 0.483178 0.465883 0.966356 0.78383
0 0.483178 0.468463 0.966356 0.78555
58 0.483178 0.468463 0.966356 0.78555
3 0.495667 0.470183 0.991334 0.772936
4 0.483178 0.468463 0.966356 0.78555
5 0.482397 0.468463 0.964794 0.780963
2 0.498789 0.469897 0.991334 0.784977
1 0.483568 0.46617 0.967136 0.78211
56 0.483958 0.469037 0.967917 0.784404
32 0.483568 0.46617 0.967136 0.78211
58 0.483958 0.469037 0.967917 0.784404
0 0.483958 0.469037 0.967917 0.784404
28 0.483568 0.46617 0.967136 0.78211
3 0.495667 0.470183 0.991334 0.772936
57 0.495667 0.470183 0.991334 0.772936
4 0.483958 0.469037 0.967917 0.784404
2 0.501131 0.467317 0.992895 0.77867
1 0.498789 0.46961 0.994456 0.787844
56 0.484739 0.468463 0.969478 0.78555
32 0.485129 0.465596 0.970259 0.78211
58 0.485129 0.465596 0.970259 0.78211
28 0.485129 0.465596 0.970259 0.78211
0 0.484739 0.468463 0.969478 0.78555
3 0.496838 0.46961 0.993676 0.774083
4 0.484739 0.468463 0.969478 0.78555
2 0.498789 0.470757 0.994456 0.788991
1 0.48552 0.469323 0.971039 0.788417
56 0.48552 0.469323 0.971039 0.788417
58 0.48552 0.469323 0.971039 0.788417
32 0.485129 0.466743 0.970259 0.786697
0 0.48552 0.469323 0.971039 0.788417
28 0.485129 0.466743 0.970259 0.786697
3 0.485129 0.466743 0.970259 0.786697
57 0.48552 0.469323 0.971039 0.788417
2 0.49957 0.46961 0.992895 0.784404
1 0.49957 0.46961 0.992895 0.784404
56 0.484739 0.468463 0.969478 0.784404
58 0.484739 0.468463 0.969478 0.784404
32 0.484739 0.465596 0.969478 0.78211
0 0.484739 0.468463 0.969478 0.784404
28 0.484739 0.465596 0.969478 0.78211
3 0.49957 0.46961 0.992895 0.784404
2 0.49957 0.469323 0.992895 0.786124
1 0.49957 0.469323 0.992895 0.786124
56 0.484739 0.46875 0.969478 0.784977
32 0.484739 0.465023 0.969478 0.783257
28 0.484739 0.465023 0.969478 0.783257
58 0.484739 0.46875 0.969478 0.784977
0 0.484739 0.46875 0.969478 0.784977
3 0.496448 0.468463 0.991334 0.776376
4 0.484739 0.46875 0.969478 0.784977
2 0.49918 0.469897 0.993676 0.784977
1 0.49918 0.469897 0.993676 0.784977
56 0.485129 0.46961 0.970259 0.78555
58 0.485129 0.465023 0.970259 0.78211
32 0.485129 0.465023 0.970259 0.78211
0 0.485129 0.46961 0.970259 0.78555
28 0.485129 0.465023 0.970259 0.78211
3 0.496448 0.46961 0.992895 0.772936
4 0.485129 0.46961 0.970259 0.78555
2 0.49918 0.469037 0.993676 0.78555
1 0.48591 0.468463 0.97182 0.78555
56 0.48591 0.468463 0.97182 0.78555
32 0.48552 0.465596 0.971039 0.783257
58 0.48552 0.465596 0.971039 0.783257
0 0.48591 0.468463 0.97182 0.78555
28 0.48552 0.465596 0.971039 0.783257
3 0.496448 0.469037 0.992895 0.775229
2 0.49957 0.46875 0.992895 0.782683
1 0.49957 0.46875 0.992895 0.782683
56 0.48552 0.468177 0.971039 0.78383
58 0.484739 0.465596 0.969478 0.78211
32 0.484739 0.465596 0.969478 0.78211
0 0.48552 0.468177 0.971039 0.78383
3 0.497228 0.468463 0.992895 0.774083
28 0.484739 0.465596 0.969478 0.78211
4 0.48552 0.468177 0.971039 0.78383
57 0.501521 0.466743 0.992115 0.777523
2 0.49957 0.46789 0.992895 0.78211
1 0.49957 0.46789 0.992895 0.78211
56 0.484739 0.467317 0.969478 0.783257
0 0.484739 0.467317 0.969478 0.783257
32 0.483958 0.465023 0.967917 0.783257
58 0.483958 0.465023 0.967917 0.783257
3 0.49957 0.46789 0.992895 0.78211
28 0.483958 0.465023 0.967917 0.783257
4 0.484739 0.467317 0.969478 0.783257
2 0.498789 0.468463 0.992895 0.783257
1 0.483958 0.46789 0.967917 0.784404
56 0.483958 0.46789 0.967917 0.784404
0 0.483958 0.46789 0.967917 0.784404
32 0.483958 0.465596 0.967917 0.784404
58 0.483958 0.465596 0.967917 0.784404
3 0.498789 0.468463 0.992895 0.783257
28 0.483958 0.465596 0.967917 0.784404
4 0.483958 0.46789 0.967917 0.784404
57 0.496057 0.46875 0.992115 0.774656
2 0.498009 0.468463 0.992895 0.783257
1 0.483958 0.46789 0.967917 0.784404
56 0.483958 0.46789 0.967917 0.784404
32 0.483958 0.465596 0.967917 0.784404
0 0.483958 0.46789 0.967917 0.784404
58 0.483958 0.465596 0.967917 0.784404
3 0.498009 0.468463 0.992895 0.783257
28 0.483958 0.465596 0.967917 0.784404
4 0.483958 0.46789 0.967917 0.784404
2 0.498009 0.469037 0.992895 0.784404
1 0.483958 0.46445 0.967917 0.784404
56 0.484349 0.46789 0.968697 0.784404
0 0.484349 0.46789 0.968697 0.784404
32 0.483958 0.46445 0.967917 0.784404
58 0.483958 0.46445 0.967917 0.784404
28 0.483958 0.46445 0.967917 0.784404
3 0.498009 0.469037 0.992895 0.784404
4 0.484349 0.46789 0.968697 0.784404
2 0.498009 0.46961 0.992895 0.784404
1 0.483958 0.469037 0.967917 0.784404
56 0.483958 0.469037 0.967917 0.784404
0 0.483958 0.469037 0.967917 0.784404
58 0.483568 0.465596 0.967136 0.784404
32 0.483568 0.465596 0.967136 0.784404
3 0.498009 0.46961 0.992895 0.784404
28 0.483568 0.465596 0.967136 0.784404
4 0.483958 0.469037 0.967917 0.784404
2 0.498009 0.46961 0.992895 0.783257
1 0.498009 0.46961 0.992895 0.783257
56 0.483958 0.46961 0.967917 0.783257
0 0.483958 0.46961 0.967917 0.783257
32 0.483568 0.466743 0.967136 0.784404
58 0.483568 0.466743 0.967136 0.784404
28 0.483568 0.466743 0.967136 0.784404
3 0.498009 0.46961 0.992895 0.783257
4 0.483958 0.46961 0.967917 0.783257
57 0.501912 0.466456 0.988212 0.78039
2 0.501912 0.466456 0.988212 0.779243
1 0.498399 0.46875 0.992115 0.782683
56 0.484739 0.468463 0.969478 0.783257
0 0.484739 0.468463 0.969478 0.783257
32 0.484349 0.465596 0.968697 0.784404
58 0.484349 0.465596 0.968697 0.784404
28 0.484349 0.465596 0.968697 0.784404
3 0.484349 0.465596 0.968697 0.784404
4 0.484739 0.468463 0.969478 0.783257
2 0.498009 0.468463 0.994456 0.78211
1 0.484349 0.468463 0.968697 0.783257
56 0.484349 0.468463 0.968697 0.783257
0 0.484349 0.468463 0.968697 0.783257
32 0.483958 0.465883 0.967917 0.78383
58 0.483958 0.465883 0.967917 0.78383
28 0.483958 0.465883 0.967917 0.78383
3 0.483958 0.465883 0.967917 0.78383
4 0.484349 0.468463 0.968697 0.783257
2 0.497619 0.469037 0.993676 0.783257
1 0.484349 0.468463 0.968697 0.783257
56 0.484349 0.468463 0.968697 0.783257
0 0.484349 0.468463 0.968697 0.783257
32 0.483958 0.465883 0.967917 0.78383
28 0.483958 0.465883 0.967917 0.78383
58 0.483958 0.465883 0.967917 0.78383
3 0.483958 0.465883 0.967917 0.78383
4 0.484349 0.468463 0.968697 0.783257
2 0.501912 0.466456 0.988212 0.779243
1 0.483958 0.469037 0.967917 0.783257
56 0.483958 0.469037 0.967917 0.783257
32 0.483568 0.466456 0.967136 0.782683
0 0.483958 0.469037 0.967917 0.783257
28 0.483568 0.466456 0.967136 0.782683
58 0.483568 0.466456 0.967136 0.782683
3 0.483568 0.466456 0.967136 0.782683
4 0.483958 0.469037 0.967917 0.783257
2 0.501912 0.467317 0.988212 0.77867
1 0.483958 0.46961 0.967917 0.783257
56 0.483958 0.46961 0.967917 0.783257
32 0.483568 0.46703 0.967136 0.78383
58 0.483568 0.46703 0.967136 0.78383
0 0.483958 0.46961 0.967917 0.783257
28 0.483568 0.46703 0.967136 0.78383
3 0.495667 0.46875 0.991334 0.775803
4 0.483958 0.46961 0.967917 0.783257
2 0.501912 0.46789 0.988212 0.777523
1 0.483958 0.46961 0.967917 0.784404
56 0.483958 0.46961 0.967917 0.784404
32 0.483958 0.466456 0.967917 0.782683
58 0.483958 0.466456 0.967917 0.782683
0 0.483958 0.46961 0.967917 0.784404
28 0.483958 0.466456 0.967917 0.782683
3 0.483958 0.466456 0.967917 0.782683
4 0.483958 0.46961 0.967917 0.784404
2 0.501521 0.467603 0.988992 0.778096
1 0.484349 0.469897 0.968697 0.784977
56 0.484349 0.469897 0.968697 0.784977
32 0.483958 0.466743 0.967917 0.783257
58 0.483958 0.466743 0.967917 0.783257
0 0.484349 0.469897 0.968697 0.784977
28 0.483958 0.466743 0.967917 0.783257
3 0.495667 0.46875 0.991334 0.775803
4 0.484349 0.469897 0.968697 0.784977
2 0.501521 0.46789 0.988992 0.777523
1 0.483958 0.46961 0.967917 0.783257
56 0.483958 0.46961 0.967917 0.783257
32 0.483958 0.466743 0.967917 0.78211
58 0.483958 0.46961 0.967917 0.783257
0 0.483958 0.46961 0.967917 0.783257
28 0.483958 0.466743 0.967917 0.78211
3 0.495667 0.468463 0.991334 0.776376
4 0.483958 0.46961 0.967917 0.783257
2 0.502302 0.467603 0.987431 0.778096
1 0.484349 0.46961 0.968697 0.78211
56 0.484349 0.46961 0.968697 0.78211
32 0.483958 0.46703 0.967917 0.781537
0 0.484349 0.46961 0.968697 0.78211
28 0.483958 0.46703 0.967917 0.781537
58 0.483958 0.46703 0.967917 0.781537
3 0.483958 0.46703 0.967917 0.781537
4 0.484349 0.46961 0.968697 0.78211
2 0.501912 0.467603 0.989773 0.778096
1 0.484739 0.46961 0.969478 0.783257
56 0.484739 0.46961 0.969478 0.783257
32 0.483958 0.46703 0.967917 0.781537
0 0.484739 0.46961 0.969478 0.783257
28 0.483958 0.46703 0.967917 0.781537
58 0.483958 0.46703 0.967917 0.781537
3 0.483958 0.46703 0.967917 0.781537
4 0.484739 0.46961 0.969478 0.783257
2 0.502692 0.46789 0.989773 0.777523
1 0.498789 0.470757 0.994456 0.783257
56 0.484739 0.46961 0.969478 0.783257
32 0.484739 0.467317 0.969478 0.78211
0 0.484739 0.46961 0.969478 0.783257
58 0.484739 0.467317 0.969478 0.78211
28 0.484739 0.467317 0.969478 0.78211
3 0.496448 0.46875 0.992895 0.775803
4 0.484739 0.46961 0.969478 0.783257
2 0.498789 0.465023 0.988212 0.784404
1 0.498009 0.46789 0.989773 0.78555
56 0.4863 0.469323 0.9726 0.781537
32 0.48552 0.46789 0.971039 0.786697
0 0.4863 0.469323 0.9726 0.781537
58 0.4863 0.469323 0.9726 0.781537
3 0.494106 0.467317 0.988212 0.779817
28 0.48552 0.46789 0.971039 0.786697
2 0.498789 0.465596 0.988212 0.78555
1 0.498009 0.468463 0.989773 0.787844
56 0.48669 0.47047 0.973381 0.78383
58 0.4863 0.469323 0.9726 0.789564
32 0.4863 0.469323 0.9726 0.789564
0 0.48669 0.47047 0.973381 0.78383
3 0.494106 0.467317 0.988212 0.78211
28 0.4863 0.469323 0.9726 0.789564
2 0.498789 0.465596 0.988212 0.784404
1 0.498009 0.468463 0.989773 0.786697
56 0.4863 0.470183 0.9726 0.783257
58 0.487861 0.466456 0.975723 0.786124
0 0.4863 0.470183 0.9726 0.783257
32 0.48591 0.46875 0.97182 0.788417
3 0.494106 0.466743 0.988212 0.78211
28 0.48591 0.46875 0.97182 0.788417
2 0.498789 0.465596 0.988212 0.784404
1 0.498009 0.46875 0.989773 0.787271
56 0.4863 0.470757 0.9726 0.783257
58 0.487861 0.46703 0.975723 0.787271
0 0.4863 0.470757 0.9726 0.783257
32 0.48552 0.46961 0.971039 0.788991
3 0.493716 0.466456 0.987431 0.782683
28 0.48552 0.46961 0.971039 0.788991
2 0.498789 0.465596 0.989773 0.784404
1 0.498009 0.469037 0.989773 0.786697
56 0.48591 0.470757 0.97182 0.783257
0 0.48591 0.470757 0.97182 0.783257
32 0.48552 0.469037 0.971039 0.788991
58 0.48552 0.469037 0.971039 0.788991
3 0.494106 0.466456 0.988212 0.782683
28 0.48552 0.469037 0.971039 0.788991
2 0.498789 0.465596 0.988212 0.784404
1 0.498009 0.469037 0.989773 0.788991
56 0.4863 0.470757 0.9726 0.784404
58 0.48552 0.469037 0.971039 0.788991
0 0.4863 0.470757 0.9726 0.784404
32 0.48552 0.469037 0.971039 0.788991
3 0.494106 0.46617 0.988212 0.783257
28 0.48552 0.469037 0.971039 0.788991
2 0.498789 0.465596 0.988212 0.784404
1 0.497619 0.469323 0.988992 0.788417
56 0.4863 0.470757 0.9726 0.78555
0 0.4863 0.470757 0.9726 0.78555
58 0.487861 0.466743 0.975723 0.787844
32 0.48552 0.46961 0.971039 0.790138
3 0.493716 0.466743 0.987431 0.783257
28 0.48552 0.46961 0.971039 0.790138
2 0.498789 0.465596 0.988212 0.784404
1 0.498009 0.469037 0.989773 0.787844
56 0.48591 0.470183 0.97182 0.784404
0 0.48591 0.470183 0.97182 0.784404
58 0.487861 0.466456 0.975723 0.786124
32 0.48552 0.469037 0.971039 0.788991
3 0.494106 0.466456 0.988212 0.782683
28 0.48552 0.469037 0.971039 0.788991
2 0.498789 0.465596 0.988212 0.784404
1 0.498009 0.469323 0.989773 0.788417
56 0.4863 0.470757 0.9726 0.78555
0 0.4863 0.470757 0.9726 0.78555
58 0.487861 0.466743 0.975723 0.786697
32 0.48552 0.469323 0.971039 0.789564
3 0.494106 0.466456 0.988212 0.782683
28 0.48552 0.469323 0.971039 0.789564
2 0.498789 0.465596 0.988212 0.784404
1 0.497619 0.469323 0.988992 0.788417
56 0.4863 0.470757 0.9726 0.78555
0 0.4863 0.470757 0.9726 0.78555
58 0.487861 0.466456 0.975723 0.787271
32 0.48552 0.46961 0.971039 0.790138
3 0.493716 0.46617 0.987431 0.783257
28 0.48552 0.46961 0.971039 0.790138
2 0.498009 0.468463 0.992895 0.783257
1 0.483958 0.46789 0.967917 0.784404
56 0.483958 0.46789 0.967917 0.784404
32 0.483958 0.465596 0.967917 0.784404
0 0.483958 0.46789 0.967917 0.784404
58 0.483958 0.465596 0.967917 0.784404
3 0.498009 0.468463 0.992895 0.783257
28 0.483958 0.465596 0.967917 0.784404
4 0.483958 0.46789 0.967917 0.784404
