22 0.498649 0.399258 0.927065 0.321347
4 0.538057 0.399615 0.877903 0.324058
60 0.538057 0.399615 0.877903 0.324058
41 0.498649 0.399258 0.927065 0.321347
2 0.498649 0.399543 0.930187 0.323059
57 0.498649 0.399543 0.930187 0.323059
62 0.498649 0.399258 0.927065 0.321347
49 0.535716 0.40097 0.891949 0.319064
10 0.535716 0.40097 0.891949 0.319064
5 0.498649 0.399258 0.927065 0.321347
44 0.497478 0.399829 0.940332 0.316781
72 0.535716 0.40097 0.891949 0.319064
67 0.497868 0.399543 0.927065 0.318493
32 0.535716 0.40097 0.891949 0.319064
1 0.519719 0.400685 0.919262 0.321918
20 0.498649 0.399258 0.927065 0.321347
64 0.497088 0.399829 0.93799 0.315639
40 0.498649 0.399543 0.930187 0.323059
39 0.498649 0.399258 0.927065 0.321347
35 0.498649 0.399543 0.930187 0.323059
17 0.535716 0.40097 0.891949 0.319064
66 0.498649 0.399258 0.927065 0.321347
36 0.535716 0.40097 0.891949 0.319064
59 0.535716 0.40097 0.891949 0.319064
46 0.519719 0.400685 0.919262 0.321918
70 0.535716 0.40097 0.891949 0.319064
3 0.504502 0.401256 0.852931 0.323059
0 0.538057 0.399615 0.877903 0.324058
58 0.509964 0.399829 0.843567 0.32363
11 0.535716 0.40097 0.891949 0.319064
37 0.509964 0.399829 0.843567 0.32363
7 0.519719 0.400685 0.919262 0.321918
28 0.519719 0.400685 0.919262 0.321918
29 0.498649 0.399543 0.930187 0.323059
52 0.497868 0.399543 0.927065 0.318493
69 0.497478 0.399829 0.940332 0.316781
57 0.396422 0.430651 0.628969 0.381849
34 0.538057 0.399615 0.877903 0.324058
65 0.538057 0.399615 0.877903 0.324058
6 0.50021 0.399829 0.919262 0.312215
54 0.538057 0.399615 0.877903 0.324058
15 0.535716 0.40097 0.891949 0.319064
4 0.527522 0.46347 0.841226 0.236301
2 0.485383 0.39669 0.917701 0.325342
10 0.492406 0.400043 0.897412 0.318636
4 0.492406 0.399543 0.888048 0.317352
58 0.492406 0.400043 0.897412 0.318636
60 0.492406 0.399543 0.888048 0.317352
57 0.485383 0.39669 0.917701 0.325342
69 0.492406 0.399543 0.888048 0.317352
67 0.482652 0.399543 0.926285 0.320776
20 0.492406 0.400043 0.897412 0.318636
3 0.536496 0.400185 0.896631 0.313784
44 0.482652 0.399543 0.926285 0.320776
34 0.536496 0.400185 0.896631 0.313784
6 0.482652 0.399543 0.926285 0.320776
62 0.485383 0.39669 0.917701 0.325342
22 0.492406 0.399543 0.888048 0.317352
36 0.482652 0.399543 0.926285 0.320776
39 0.489675 0.399829 0.873221 0.32363
8 0.485383 0.39669 0.917701 0.325342
41 0.492406 0.399543 0.888048 0.317352
52 0.492406 0.399543 0.888048 0.317352
0 0.485383 0.39669 0.917701 0.325342
5 0.489675 0.399829 0.873221 0.32363
59 0.492406 0.400043 0.897412 0.318636
68 0.539227 0.399829 0.908337 0.314498
72 0.485383 0.39669 0.917701 0.325342
29 0.485383 0.39669 0.917701 0.325342
31 0.492406 0.400043 0.897412 0.318636
35 0.485383 0.39669 0.917701 0.325342
2 0.0201918 0.724886 0.0383351 0.0593607
30 0.496308 0.397831 0.881805 0.313927
32 0.482652 0.399543 0.926285 0.320776
23 0.492406 0.400043 0.897412 0.318636
7 0.536496 0.400185 0.896631 0.313784
56 0.485383 0.39669 0.917701 0.325342
1 0.539227 0.399829 0.908337 0.314498
18 0.539227 0.399829 0.908337 0.314498
2 0.024435 0.465468 0.0454559 0.111301
28 0.536496 0.400185 0.896631 0.313784
49 0.517377 0.402112 0.89273 0.319064
40 0.485383 0.39669 0.917701 0.325342
45 0.484602 0.39833 0.909898 0.327768
70 0.539227 0.399829 0.908337 0.314498
2 0.0275198 0.690639 0.050894 0.127854
54 0.496308 0.397831 0.881805 0.313927
66 0.489675 0.399829 0.873221 0.32363
4 0.489285 0.392979 0.909898 0.332763
2 0.489285 0.392979 0.909898 0.332763
58 0.491235 0.399472 0.898192 0.317494
52 0.489285 0.392979 0.909898 0.332763
10 0.491235 0.399472 0.898192 0.317494
60 0.489285 0.392979 0.909898 0.332763
69 0.489285 0.392979 0.909898 0.332763
68 0.491235 0.399472 0.898192 0.317494
67 0.486163 0.398973 0.91614 0.321918
44 0.490065 0.398402 0.911458 0.336758
57 0.489285 0.392979 0.909898 0.332763
31 0.486163 0.398973 0.91614 0.321918
6 0.486163 0.398973 0.91614 0.321918
22 0.489285 0.392979 0.909898 0.332763
39 0.490065 0.398402 0.911458 0.336758
62 0.489285 0.392979 0.909898 0.332763
5 0.495527 0.399543 0.898973 0.333333
59 0.486163 0.398973 0.91614 0.321918
23 0.491235 0.399472 0.898192 0.317494
34 0.536677 0.399258 0.926646 0.320205
20 0.491235 0.399472 0.898192 0.317494
3 0.536677 0.399258 0.926646 0.320205
65 0.489285 0.392979 0.909898 0.332763
35 0.489285 0.392979 0.909898 0.332763
29 0.489285 0.392979 0.909898 0.332763
0 0.489285 0.392979 0.909898 0.332763
8 0.489285 0.392979 0.909898 0.332763
36 0.490065 0.398402 0.911458 0.336758
45 0.490065 0.398402 0.911458 0.336758
1 0.491235 0.399472 0.898192 0.317494
32 0.495527 0.399543 0.898973 0.333333
30 0.486163 0.398973 0.91614 0.321918
28 0.536677 0.399258 0.926646 0.320205
66 0.495527 0.399543 0.898973 0.333333
56 0.489285 0.392979 0.909898 0.332763
7 0.489285 0.392979 0.909898 0.332763
33 0.490065 0.398402 0.911458 0.336758
61 0.495527 0.399543 0.898973 0.333333
72 0.491235 0.399472 0.898192 0.317494
34 0.443634 0.376142 0.887267 0.394977
21 0.450267 0.384204 0.883365 0.379994
41 0.489285 0.392979 0.909898 0.332763
54 0.476409 0.387628 0.932528 0.351455
29 0.487724 0.403824 0.919262 0.319064
67 0.506062 0.402397 0.874781 0.315068
23 0.516207 0.401826 0.862296 0.315069
4 0.506062 0.402397 0.874781 0.315068
34 0.510354 0.40411 0.852151 0.309361
57 0.510744 0.400043 0.860735 0.320919
44 0.510744 0.400043 0.860735 0.320919
68 0.508013 0.407534 0.85059 0.309361
60 0.506062 0.402397 0.874781 0.315068
31 0.50138 0.406963 0.882585 0.311644
8 0.506062 0.402397 0.874781 0.315068
10 0.516207 0.401826 0.862296 0.315069
6 0.487724 0.403824 0.919262 0.319064
32 0.510744 0.400043 0.860735 0.320919
28 0.516207 0.401826 0.862296 0.315069
52 0.506062 0.402397 0.874781 0.315068
30 0.50138 0.406963 0.882585 0.311644
67 0.445585 0.445491 0.891169 0.247146
59 0.471726 0.418094 0.907557 0.298516
62 0.506062 0.402397 0.874781 0.315068
36 0.510744 0.400043 0.860735 0.320919
20 0.50138 0.406963 0.882585 0.311644
5 0.516207 0.401826 0.862296 0.315069
58 0.508013 0.407534 0.85059 0.309361
54 0.506062 0.402397 0.874781 0.315068
4 0.445585 0.445491 0.891169 0.247146
0 0.506062 0.402397 0.874781 0.315068
61 0.516207 0.401826 0.862296 0.315069
39 0.510744 0.400043 0.860735 0.320919
29 0.445585 0.445491 0.891169 0.247146
45 0.510744 0.400043 0.860735 0.320919
2 0.506062 0.402397 0.874781 0.315068
69 0.506062 0.402397 0.874781 0.315068
35 0.487724 0.403824 0.919262 0.319064
8 0.445585 0.445491 0.891169 0.247146
65 0.506062 0.402397 0.874781 0.315068
1 0.508013 0.407534 0.85059 0.309361
22 0.510744 0.400043 0.860735 0.320919
60 0.445585 0.445491 0.891169 0.247146
3 0.508013 0.407534 0.85059 0.309361
56 0.510744 0.400043 0.860735 0.320919
23 0.445585 0.445491 0.891169 0.247146
30 0.445585 0.445491 0.891169 0.247146
69 0.445585 0.445491 0.891169 0.247146
57 0.445585 0.445491 0.891169 0.247146
21 0.510744 0.400043 0.860735 0.320919
52 0.445585 0.445491 0.891169 0.247146
33 0.510744 0.400043 0.860735 0.320919
31 0.445585 0.445491 0.891169 0.247146
66 0.510744 0.400043 0.860735 0.320919
62 0.445585 0.445491 0.891169 0.247146
35 0.445585 0.445491 0.891169 0.247146
6 0.445585 0.445491 0.891169 0.247146
58 0.445585 0.445491 0.891169 0.247146
7 0.506062 0.402397 0.874781 0.315068
36 0.445585 0.445491 0.891169 0.247146
34 0.445585 0.445491 0.891169 0.247146
68 0.445585 0.445491 0.891169 0.247146
10 0.445585 0.445491 0.891169 0.247146
32 0.461972 0.444635 0.861515 0.25
0 0.445585 0.445491 0.891169 0.247146
22 0.445585 0.445491 0.891169 0.247146
44 0.445585 0.445491 0.891169 0.247146
41 0.487724 0.403824 0.919262 0.319064
72 0.508013 0.407534 0.85059 0.309361
67 0.496698 0.400114 0.890389 0.310502
23 0.499039 0.401256 0.89351 0.31621
58 0.462362 0.434932 0.848249 0.268265
4 0.496698 0.400114 0.890389 0.310502
59 0.467044 0.414954 0.876342 0.302511
52 0.496698 0.400114 0.890389 0.310502
32 0.499039 0.401256 0.89351 0.31621
29 0.496698 0.400114 0.890389 0.310502
60 0.496698 0.400114 0.890389 0.310502
6 0.475238 0.40411 0.925505 0.313927
67 0.460802 0.444064 0.857614 0.253425
57 0.496698 0.400114 0.890389 0.310502
68 0.505672 0.400685 0.877123 0.308219
34 0.505672 0.400685 0.877123 0.308219
10 0.507623 0.400685 0.888828 0.313927
44 0.499039 0.401256 0.89351 0.31621
8 0.496698 0.400114 0.890389 0.310502
31 0.493186 0.403539 0.889608 0.310502
0 0.496698 0.400114 0.890389 0.310502
22 0.499039 0.401256 0.89351 0.31621
28 0.507623 0.400685 0.888828 0.313927
58 0.530644 0.402683 0.905215 0.313356
30 0.493186 0.403539 0.889608 0.310502
23 0.460802 0.444064 0.857614 0.253425
56 0.499039 0.401256 0.89351 0.31621
2 0.496698 0.400114 0.890389 0.310502
69 0.475238 0.40411 0.925505 0.313927
62 0.496698 0.400114 0.890389 0.310502
3 0.507623 0.400685 0.888828 0.313927
5 0.507623 0.400685 0.888828 0.313927
54 0.496698 0.400114 0.890389 0.310502
36 0.499039 0.401256 0.89351 0.31621
1 0.504892 0.402968 0.866198 0.310502
4 0.460802 0.444064 0.857614 0.253425
8 0.460802 0.444064 0.857614 0.253425
31 0.460802 0.444064 0.857614 0.253425
35 0.475238 0.40411 0.925505 0.313927
61 0.507623 0.400685 0.888828 0.313927
52 0.460802 0.444064 0.857614 0.253425
30 0.460802 0.444064 0.857614 0.253425
10 0.4569 0.438071 0.862296 0.261986
57 0.460802 0.444064 0.857614 0.253425
29 0.460802 0.444064 0.857614 0.253425
32 0.460802 0.444064 0.857614 0.253425
68 0.4569 0.438071 0.862296 0.261986
20 0.499039 0.401256 0.89351 0.31621
60 0.460802 0.444064 0.857614 0.253425
3 0.461192 0.438356 0.861515 0.26484
6 0.460802 0.444064 0.857614 0.253425
34 0.4569 0.438071 0.862296 0.261986
39 0.507623 0.400685 0.888828 0.313927
36 0.460802 0.444064 0.857614 0.253425
45 0.499039 0.401256 0.89351 0.31621
69 0.460802 0.444064 0.857614 0.253425
66 0.499039 0.401256 0.89351 0.31621
21 0.499039 0.401256 0.89351 0.31621
7 0.496698 0.400114 0.890389 0.310502
1 0.460802 0.444064 0.857614 0.253425
2 0.460802 0.444064 0.857614 0.253425
35 0.460802 0.444064 0.857614 0.253425
67 0.468995 0.412671 0.928626 0.304795
23 0.468995 0.412671 0.928626 0.304795
52 0.486943 0.406107 0.898973 0.304224
59 0.468995 0.412671 0.928626 0.304795
58 0.468995 0.412671 0.928626 0.304795
31 0.486553 0.406963 0.89351 0.302511
4 0.468995 0.412671 0.928626 0.304795
68 0.486553 0.406963 0.89351 0.302511
29 0.468995 0.412671 0.928626 0.304795
8 0.468995 0.412671 0.928626 0.304795
30 0.468995 0.412671 0.928626 0.304795
60 0.486943 0.406107 0.898973 0.304224
57 0.486943 0.406107 0.898973 0.304224
32 0.468995 0.409817 0.928626 0.305936
10 0.486943 0.406107 0.898973 0.304224
6 0.468995 0.412671 0.928626 0.304795
34 0.509184 0.40468 0.857614 0.304795
69 0.486943 0.406107 0.898973 0.304224
28 0.486943 0.406393 0.89429 0.305936
22 0.486943 0.406393 0.89429 0.305936
0 0.509184 0.40468 0.857614 0.304795
44 0.468995 0.409817 0.928626 0.305936
36 0.468995 0.412671 0.928626 0.304795
3 0.509184 0.40468 0.857614 0.304795
1 0.506062 0.405822 0.851371 0.303653
21 0.468995 0.409817 0.928626 0.305936
35 0.466264 0.419235 0.891949 0.303082
56 0.468995 0.409817 0.928626 0.305936
2 0.486943 0.406107 0.898973 0.304224
61 0.468995 0.409817 0.928626 0.305936
20 0.486553 0.406963 0.89351 0.302511
62 0.486943 0.406107 0.898973 0.304224
39 0.486943 0.406393 0.89429 0.305936
54 0.486943 0.406107 0.898973 0.304224
45 0.468995 0.409817 0.928626 0.305936
5 0.507233 0.404395 0.864637 0.306507
7 0.468995 0.412671 0.928626 0.304795
58 0.511232 0.438356 0.748949 0.275114
67 0.511232 0.438356 0.748949 0.275114
32 0.511232 0.438356 0.748949 0.275114
30 0.511232 0.438356 0.748949 0.275114
23 0.511232 0.438356 0.748949 0.275114
4 0.511232 0.438356 0.748949 0.275114
58 0.484602 0.409247 0.89429 0.320776
23 0.484602 0.409247 0.89429 0.320776
67 0.484602 0.409247 0.89429 0.320776
59 0.484602 0.409247 0.89429 0.320776
68 0.50099 0.414098 0.863076 0.32363
52 0.490845 0.404966 0.878683 0.316781
31 0.50099 0.414098 0.863076 0.32363
57 0.484602 0.409247 0.89429 0.320776
4 0.484602 0.409247 0.89429 0.320776
60 0.490845 0.404966 0.878683 0.316781
32 0.484602 0.409247 0.89429 0.320776
10 0.490845 0.404966 0.878683 0.316781
8 0.484602 0.409247 0.89429 0.320776
69 0.484602 0.409247 0.89429 0.320776
29 0.484602 0.409247 0.89429 0.320776
22 0.490065 0.402112 0.867758 0.313356
30 0.50099 0.414098 0.863076 0.32363
6 0.484602 0.409247 0.89429 0.320776
0 0.511135 0.403824 0.859955 0.313356
28 0.490065 0.402112 0.867758 0.313356
3 0.490845 0.404966 0.878683 0.316781
34 0.511135 0.403824 0.859955 0.313356
56 0.490845 0.404966 0.878683 0.316781
44 0.490065 0.402112 0.867758 0.313356
20 0.494747 0.409817 0.87088 0.319635
39 0.490065 0.402112 0.867758 0.313356
61 0.507233 0.401541 0.858394 0.311073
1 0.507623 0.406963 0.863856 0.313927
36 0.484602 0.409247 0.89429 0.320776
2 0.490845 0.404966 0.878683 0.316781
35 0.472897 0.414384 0.855273 0.319635
5 0.490065 0.402112 0.867758 0.313356
54 0.511135 0.403824 0.859955 0.313356
21 0.481481 0.40411 0.884926 0.317352
7 0.484602 0.409247 0.89429 0.320776
45 0.490065 0.402112 0.867758 0.313356
67 0.508013 0.401898 0.863076 0.330908
58 0.508013 0.401898 0.863076 0.330908
23 0.467825 0.407534 0.873221 0.329909
31 0.506062 0.403253 0.859174 0.316781
60 0.508013 0.401898 0.863076 0.330908
68 0.504111 0.406678 0.87088 0.332763
59 0.467825 0.407534 0.873221 0.329909
30 0.508013 0.401898 0.863076 0.330908
52 0.508403 0.400114 0.860735 0.319635
4 0.508013 0.401898 0.863076 0.330908
69 0.508013 0.401898 0.863076 0.330908
8 0.508013 0.401898 0.863076 0.330908
29 0.508013 0.401898 0.863076 0.330908
57 0.504892 0.399543 0.861515 0.318493
32 0.507233 0.399829 0.855273 0.328196
10 0.504892 0.399543 0.861515 0.318493
22 0.504892 0.399543 0.861515 0.318493
28 0.504892 0.399543 0.861515 0.318493
0 0.508403 0.400114 0.860735 0.319635
6 0.508013 0.401898 0.863076 0.330908
39 0.504892 0.399543 0.861515 0.318493
44 0.504892 0.399543 0.861515 0.318493
56 0.504892 0.399543 0.861515 0.318493
20 0.504892 0.399543 0.861515 0.318493
3 0.515427 0.402968 0.860735 0.311644
2 0.508403 0.400114 0.860735 0.319635
34 0.508403 0.400114 0.860735 0.319635
36 0.508013 0.401898 0.863076 0.330908
35 0.507233 0.399829 0.855273 0.328196
1 0.515427 0.402968 0.860735 0.311644
7 0.508013 0.401898 0.863076 0.330908
62 0.508013 0.401898 0.863076 0.330908
54 0.508403 0.400114 0.860735 0.319635
45 0.504892 0.399543 0.861515 0.318493
21 0.504892 0.399543 0.861515 0.318493
5 0.504892 0.399543 0.861515 0.318493
61 0.518548 0.401256 0.866978 0.311644
32 0.483822 0.442922 0.800647 0.257991
67 0.498259 0.400043 0.851371 0.320919
23 0.499819 0.399044 0.845128 0.311501
31 0.493967 0.397831 0.869319 0.313927
60 0.498259 0.400043 0.851371 0.320919
58 0.493967 0.397831 0.869319 0.313927
32 0.498259 0.400043 0.851371 0.320919
57 0.499819 0.399044 0.845128 0.311501
30 0.498259 0.400043 0.851371 0.320919
4 0.498649 0.4004 0.859955 0.315639
39 0.499819 0.399044 0.845128 0.311501
22 0.499819 0.399044 0.845128 0.311501
68 0.494747 0.398116 0.861515 0.322489
59 0.498259 0.400043 0.851371 0.320919
69 0.498259 0.400043 0.851371 0.320919
8 0.498259 0.400043 0.851371 0.320919
56 0.499819 0.399044 0.845128 0.311501
44 0.499819 0.399044 0.845128 0.311501
29 0.498259 0.400043 0.851371 0.320919
28 0.499819 0.399044 0.845128 0.311501
10 0.493967 0.397831 0.869319 0.313927
52 0.498649 0.4004 0.859955 0.315639
20 0.499819 0.399044 0.845128 0.311501
3 0.515036 0.398402 0.855273 0.310502
0 0.517768 0.40097 0.851371 0.312215
6 0.498259 0.400043 0.851371 0.320919
2 0.498649 0.4004 0.859955 0.315639
7 0.498259 0.400043 0.851371 0.320919
35 0.498259 0.400043 0.851371 0.320919
45 0.499819 0.399044 0.845128 0.311501
36 0.498259 0.400043 0.851371 0.320919
54 0.498649 0.4004 0.859955 0.315639
5 0.499819 0.399044 0.845128 0.311501
21 0.499819 0.399044 0.845128 0.311501
1 0.515036 0.398402 0.855273 0.310502
34 0.517768 0.40097 0.851371 0.312215
62 0.498259 0.400043 0.851371 0.320919
66 0.5006 0.398973 0.837324 0.313927
61 0.511135 0.400114 0.844348 0.310502
67 0.518548 0.401541 0.788942 0.313356
31 0.515817 0.402968 0.789722 0.309361
30 0.518548 0.401541 0.788942 0.313356
23 0.518548 0.401541 0.788942 0.313356
68 0.515817 0.402968 0.789722 0.309361
60 0.506843 0.401541 0.785821 0.306507
58 0.507233 0.404038 0.80533 0.32206
57 0.518548 0.401541 0.788942 0.313356
59 0.508794 0.402397 0.792844 0.305936
32 0.513866 0.401826 0.792064 0.310502
20 0.515817 0.402968 0.789722 0.309361
8 0.518548 0.401541 0.788942 0.313356
39 0.513866 0.401826 0.792064 0.310502
69 0.506843 0.401541 0.785821 0.306507
44 0.513866 0.401826 0.792064 0.310502
22 0.513866 0.401826 0.792064 0.310502
4 0.515817 0.402968 0.789722 0.309361
10 0.508794 0.402397 0.792844 0.305936
56 0.513866 0.401826 0.792064 0.310502
29 0.518548 0.401541 0.788942 0.313356
23 0.481091 0.442637 0.807671 0.255137
28 0.513866 0.401826 0.792064 0.310502
6 0.508794 0.402397 0.792844 0.305936
36 0.506843 0.401541 0.785821 0.306507
52 0.506843 0.401541 0.785821 0.306507
45 0.518548 0.401541 0.788942 0.313356
67 0.481091 0.442637 0.807671 0.255137
54 0.518548 0.401541 0.788942 0.313356
2 0.506843 0.401541 0.785821 0.306507
21 0.497478 0.401826 0.771774 0.307078
3 0.513866 0.401826 0.792064 0.310502
32 0.481091 0.442637 0.807671 0.255137
62 0.515817 0.402968 0.789722 0.309361
0 0.506843 0.401541 0.785821 0.306507
35 0.506843 0.401541 0.785821 0.306507
61 0.497478 0.401826 0.771774 0.307078
66 0.508794 0.402397 0.792844 0.305936
7 0.515817 0.402968 0.789722 0.309361
67 0.614922 0.433505 0.543129 0.277968
30 0.481091 0.442637 0.807671 0.255137
1 0.508794 0.402397 0.792844 0.305936
59 0.492504 0.447203 0.783284 0.247146
67 0.471336 0.40411 0.852151 0.31621
30 0.471336 0.40411 0.852151 0.31621
31 0.474458 0.403824 0.855273 0.316781
60 0.471336 0.40411 0.852151 0.31621
68 0.474458 0.403824 0.855273 0.316781
57 0.471336 0.40411 0.852151 0.31621
32 0.471336 0.40411 0.852151 0.31621
8 0.471336 0.40411 0.852151 0.31621
39 0.487724 0.404966 0.816255 0.307648
4 0.471336 0.40411 0.852151 0.31621
23 0.470946 0.40468 0.846689 0.309361
69 0.489675 0.405537 0.809231 0.313356
58 0.489285 0.404966 0.813133 0.314498
59 0.489285 0.404966 0.813133 0.314498
29 0.471336 0.40411 0.852151 0.31621
44 0.487724 0.404966 0.816255 0.307648
56 0.487724 0.404966 0.816255 0.307648
22 0.470946 0.40468 0.846689 0.309361
28 0.487724 0.404966 0.816255 0.307648
36 0.470946 0.40468 0.846689 0.309361
35 0.470946 0.40468 0.846689 0.309361
10 0.489285 0.404966 0.813133 0.314498
20 0.489285 0.404966 0.813133 0.314498
67 0.521182 0.434361 0.719685 0.276256
52 0.489675 0.405537 0.809231 0.313356
0 0.499527 0.406393 0.787967 0.311644
2 0.471336 0.40411 0.852151 0.31621
21 0.487724 0.404966 0.816255 0.307648
6 0.489285 0.404966 0.813133 0.314498
54 0.489675 0.405537 0.809231 0.313356
61 0.487724 0.404966 0.816255 0.307648
45 0.471336 0.40411 0.852151 0.31621
62 0.489675 0.405537 0.809231 0.313356
30 0.521182 0.434361 0.719685 0.276256
1 0.489285 0.404966 0.813133 0.314498
7 0.487724 0.404966 0.816255 0.307648
66 0.489675 0.405537 0.809231 0.313356
32 0.521182 0.434361 0.719685 0.276256
23 0.521182 0.434361 0.719685 0.276256
8 0.521182 0.434361 0.719685 0.276256
67 0.649258 0.438642 0.468215 0.264269
60 0.521182 0.434361 0.719685 0.276256
34 0.487724 0.404966 0.816255 0.307648
31 0.521182 0.434361 0.719685 0.276256
3 0.487724 0.404966 0.816255 0.307648
31 0.481481 0.407463 0.813133 0.334618
67 0.476799 0.404752 0.824058 0.336615
23 0.491626 0.405822 0.817815 0.325342
68 0.481481 0.407463 0.813133 0.334618
57 0.485383 0.404752 0.822497 0.327483
58 0.491626 0.405822 0.817815 0.325342
60 0.485383 0.404752 0.822497 0.327483
30 0.476799 0.404752 0.824058 0.336615
4 0.485383 0.404752 0.822497 0.327483
32 0.47992 0.403253 0.816255 0.332763
59 0.491626 0.405822 0.817815 0.325342
39 0.47992 0.403253 0.816255 0.332763
22 0.485383 0.404752 0.822497 0.327483
69 0.481481 0.407463 0.813133 0.334618
8 0.476799 0.404752 0.824058 0.336615
56 0.481481 0.401826 0.813133 0.325342
52 0.485383 0.404752 0.822497 0.327483
20 0.481481 0.407463 0.813133 0.334618
29 0.485383 0.404752 0.822497 0.327483
0 0.482261 0.40411 0.778797 0.320776
10 0.491626 0.405822 0.817815 0.325342
36 0.485383 0.404752 0.822497 0.327483
6 0.491626 0.405822 0.817815 0.325342
2 0.481481 0.407463 0.813133 0.334618
44 0.47992 0.403253 0.816255 0.332763
3 0.491626 0.405822 0.817815 0.325342
28 0.485383 0.404752 0.822497 0.327483
35 0.47992 0.403253 0.816255 0.332763
21 0.481481 0.401826 0.813133 0.325342
45 0.491626 0.405822 0.817815 0.325342
7 0.481481 0.407463 0.813133 0.334618
62 0.481481 0.407463 0.813133 0.334618
31 0.487724 0.404038 0.80689 0.324344
67 0.468995 0.403539 0.859955 0.334475
68 0.468995 0.403539 0.859955 0.334475
32 0.487334 0.404395 0.804549 0.322489
57 0.498746 0.402968 0.797331 0.319635
58 0.468995 0.403539 0.859955 0.334475
4 0.487724 0.404038 0.80689 0.324344
30 0.487724 0.404038 0.80689 0.324344
60 0.498746 0.402968 0.797331 0.319635
59 0.486943 0.403253 0.803769 0.324772
69 0.498746 0.402968 0.797331 0.319635
6 0.468995 0.403539 0.859955 0.334475
0 0.498746 0.402968 0.797331 0.319635
8 0.468995 0.403539 0.859955 0.334475
23 0.499527 0.403539 0.79577 0.318493
56 0.487334 0.404395 0.804549 0.322489
67 0.606338 0.419235 0.554054 0.309932
29 0.498746 0.402968 0.797331 0.319635
52 0.468995 0.403539 0.859955 0.334475
44 0.487334 0.404395 0.804549 0.322489
28 0.498746 0.402968 0.797331 0.319635
20 0.487724 0.404038 0.80689 0.324344
36 0.499527 0.403539 0.79577 0.318493
2 0.498746 0.402968 0.797331 0.319635
39 0.493869 0.404966 0.7946 0.319064
68 0.606338 0.419235 0.554054 0.309932
54 0.486943 0.403253 0.803769 0.324772
58 0.606338 0.419235 0.554054 0.309932
66 0.468995 0.403539 0.859955 0.334475
10 0.499527 0.403539 0.79577 0.318493
22 0.498746 0.402968 0.797331 0.319635
31 0.606338 0.419235 0.554054 0.309932
3 0.499527 0.403539 0.79577 0.318493
35 0.487724 0.404038 0.80689 0.324344
67 0.691007 0.419521 0.384717 0.309361
23 0.606338 0.419235 0.554054 0.309932
30 0.606338 0.419235 0.554054 0.309932
60 0.606338 0.419235 0.554054 0.309932
61 0.493869 0.404966 0.7946 0.319064
32 0.606338 0.419235 0.554054 0.309932
7 0.487724 0.404038 0.80689 0.324344
8 0.606338 0.419235 0.554054 0.309932
1 0.499527 0.403539 0.79577 0.318493
59 0.606338 0.419235 0.554054 0.309932
