2 0.505039 0.445507 0.969487 0.488804
62 0.505429 0.449617 0.940606 0.497591
72 0.505039 0.44494 0.941386 0.497874
22 0.578804 0.423469 0.757949 0.371882
4 0.505039 0.445507 0.969487 0.488804
4 0.578804 0.423469 0.757949 0.371882
57 0.578804 0.423469 0.757949 0.371882
57 0.521041 0.443807 0.928116 0.486536
72 0.578804 0.423469 0.757949 0.371882
22 0.505429 0.449617 0.940606 0.497591
40 0.505039 0.445507 0.969487 0.488804
60 0.521041 0.443807 0.928116 0.486536
36 0.499575 0.456845 0.949192 0.471797
8 0.578804 0.423469 0.757949 0.371882
35 0.523383 0.440972 0.935922 0.484269
39 0.578804 0.423469 0.757949 0.371882
34 0.501917 0.442815 0.950753 0.505527
41 0.496062 0.443311 0.968707 0.493197
66 0.505039 0.445507 0.969487 0.488804
67 0.5066 0.442744 0.938264 0.495465
20 0.505039 0.450043 0.941386 0.499008
65 0.505429 0.449617 0.940606 0.497591
60 0.565534 0.421769 0.781366 0.367347
59 0.508942 0.453231 0.930458 0.469955
10 0.508942 0.453231 0.930458 0.469955
50 0.523383 0.453515 0.870353 0.439909
18 0.496062 0.443311 0.968707 0.493197
49 0.523383 0.453515 0.870353 0.439909
46 0.578804 0.423469 0.757949 0.371882
62 0.690818 0.413549 0.530798 0.348639
44 0.578804 0.423469 0.757949 0.371882
23 0.499575 0.456845 0.949192 0.471797
56 0.499575 0.456845 0.949192 0.471797
70 0.515187 0.431973 0.921091 0.492063
71 0.5066 0.442744 0.938264 0.495465
58 0.498794 0.437642 0.956998 0.489796
33 0.521041 0.443807 0.928116 0.486536
46 0.505039 0.445507 0.969487 0.488804
44 0.499575 0.456845 0.949192 0.471797
4 0.690818 0.413549 0.530798 0.348639
64 0.505039 0.44494 0.941386 0.497874
52 0.690818 0.413549 0.530798 0.348639
57 0.704088 0.485261 0.522992 0.494331
21 0.527676 0.445011 0.861767 0.421769
57 0.690818 0.413549 0.530798 0.348639
1 0.515967 0.447279 0.924213 0.481859
36 0.636177 0.451318 0.651008 0.422761
3 0.578804 0.423469 0.757949 0.371882
29 0.523383 0.440972 0.935922 0.484269
3 0.499575 0.456845 0.949192 0.471797
10 0.579292 0.422903 0.752289 0.371882
49 0.662815 0.415462 0.588366 0.353883
67 0.690818 0.413549 0.530798 0.348639
45 0.5066 0.447279 0.939825 0.497732
41 0.578804 0.423469 0.757949 0.371882
2 0.690818 0.413549 0.530798 0.348639
52 0.508942 0.453231 0.930458 0.469955
33 0.690818 0.413549 0.530798 0.348639
20 0.578804 0.423469 0.757949 0.371882
7 0.527676 0.445011 0.861767 0.421769
17 0.521041 0.443807 0.928116 0.486536
8 0.5066 0.442744 0.938264 0.495465
49 0.338189 0.443382 0.567876 0.474915
60 0.690818 0.413549 0.530798 0.348639
22 0.690818 0.413549 0.530798 0.348639
2 0.578804 0.423469 0.757949 0.371882
5 0.501917 0.448342 0.952315 0.494473
32 0.507381 0.443594 0.969487 0.485828
2 0.515187 0.441893 0.927336 0.486961
67 0.514406 0.44076 0.932019 0.48356
66 0.510503 0.441043 0.952315 0.485261
20 0.515187 0.441893 0.927336 0.486961
57 0.515187 0.441893 0.927336 0.486961
8 0.514406 0.44076 0.932019 0.48356
44 0.514406 0.44076 0.932019 0.48356
33 0.510503 0.441043 0.952315 0.485261
62 0.515187 0.441893 0.927336 0.486961
4 0.514406 0.44076 0.932019 0.48356
29 0.508942 0.443311 0.94607 0.494331
10 0.508942 0.439909 0.917969 0.480726
69 0.510503 0.441043 0.952315 0.485261
60 0.515187 0.441893 0.927336 0.486961
36 0.514406 0.44076 0.932019 0.48356
41 0.508942 0.439909 0.917969 0.480726
35 0.515187 0.441893 0.927336 0.486961
72 0.515187 0.441893 0.927336 0.486961
65 0.510893 0.440476 0.954656 0.481859
22 0.515187 0.441893 0.927336 0.486961
3 0.512845 0.44076 0.924213 0.481293
58 0.508942 0.443878 0.949192 0.471655
45 0.512845 0.441539 0.925775 0.48767
54 0.508942 0.439909 0.917969 0.480726
34 0.508161 0.439059 0.941386 0.493764
32 0.510893 0.440476 0.954656 0.481859
40 0.515187 0.441893 0.927336 0.486961
6 0.514406 0.44076 0.932019 0.48356
4 0.407466 0.594671 0.162362 0.188209
56 0.510503 0.441043 0.952315 0.485261
7 0.510503 0.441043 0.952315 0.485261
30 0.510893 0.446145 0.951534 0.484127
39 0.512845 0.441539 0.925775 0.48767
28 0.501526 0.443027 0.960901 0.484694
23 0.514406 0.446216 0.932019 0.468112
31 0.514406 0.44076 0.932019 0.48356
2 0.542507 0.421769 0.835227 0.375283
5 0.510503 0.441043 0.952315 0.485261
49 0.5066 0.44898 0.942948 0.460317
1 0.508942 0.439909 0.917969 0.480726
59 0.507771 0.453798 0.94685 0.468821
67 0.501136 0.436224 0.952314 0.517574
33 0.509722 0.43587 0.966365 0.504677
29 0.501136 0.436224 0.952314 0.517574
65 0.501136 0.436224 0.952314 0.517574
44 0.509722 0.43587 0.966365 0.504677
20 0.502697 0.436508 0.953876 0.507937
8 0.502697 0.436508 0.953876 0.507937
62 0.501136 0.436224 0.952314 0.517574
36 0.511284 0.429776 0.966365 0.523668
35 0.501136 0.436224 0.952314 0.517574
30 0.501136 0.436224 0.952314 0.517574
66 0.502697 0.436508 0.953876 0.507937
2 0.502697 0.436508 0.953876 0.507937
57 0.502697 0.436508 0.953876 0.507937
54 0.501136 0.436224 0.952314 0.517574
45 0.502697 0.436508 0.953876 0.507937
6 0.501136 0.436224 0.952314 0.517574
4 0.501136 0.436224 0.952314 0.517574
69 0.501136 0.436224 0.952314 0.517574
32 0.509722 0.43587 0.966365 0.504677
60 0.502697 0.436508 0.953876 0.507937
39 0.503478 0.438209 0.947631 0.506803
10 0.509722 0.43587 0.966365 0.504677
40 0.501136 0.436224 0.952314 0.517574
5 0.509722 0.43587 0.966365 0.504677
23 0.509722 0.43587 0.966365 0.504677
41 0.501136 0.436224 0.952314 0.517574
61 0.505819 0.436791 0.96012 0.503968
1 0.502697 0.429989 0.917969 0.515306
22 0.502697 0.436508 0.953876 0.507937
0 0.503478 0.445649 0.950753 0.502126
72 0.511284 0.429776 0.966365 0.523668
58 0.498794 0.444374 0.956998 0.483135
56 0.509722 0.43587 0.966365 0.504677
31 0.501136 0.436224 0.952314 0.517574
28 0.504649 0.436508 0.926555 0.5
21 0.505039 0.446145 0.942948 0.494331
33 0.503478 0.450609 0.94607 0.484269
67 0.504258 0.446995 0.942948 0.496032
8 0.5066 0.445011 0.938264 0.49093
29 0.505039 0.449546 0.944509 0.494331
30 0.505039 0.449546 0.944509 0.494331
36 0.504258 0.446995 0.942948 0.496032
35 0.503478 0.450609 0.94607 0.484269
44 0.5066 0.445011 0.938264 0.49093
6 0.505039 0.449546 0.944509 0.494331
45 0.503478 0.450609 0.94607 0.484269
54 0.505039 0.449546 0.944509 0.494331
66 0.503478 0.450609 0.94607 0.484269
20 0.5066 0.445011 0.938264 0.49093
57 0.503478 0.450609 0.94607 0.484269
61 0.51987 0.455711 0.942948 0.468396
65 0.505039 0.449546 0.944509 0.494331
62 0.504258 0.446995 0.942948 0.496032
2 0.503478 0.450609 0.94607 0.484269
23 0.5066 0.445011 0.938264 0.49093
60 0.503478 0.450609 0.94607 0.484269
1 0.514406 0.445011 0.944509 0.488662
4 0.503478 0.450609 0.94607 0.484269
39 0.505039 0.456278 0.941386 0.472931
32 0.5066 0.445011 0.938264 0.49093
31 0.505039 0.449546 0.944509 0.494331
10 0.5066 0.445011 0.938264 0.49093
21 0.505039 0.456278 0.941386 0.472931
34 0.514406 0.445011 0.944509 0.488662
69 0.503478 0.450609 0.94607 0.484269
28 0.51987 0.446429 0.949192 0.482426
7 0.503478 0.450609 0.94607 0.484269
22 0.503478 0.450609 0.94607 0.484269
56 0.5066 0.445011 0.938264 0.49093
58 0.497623 0.445011 0.900015 0.477324
5 0.5066 0.445011 0.938264 0.49093
41 0.504258 0.446995 0.942948 0.496032
68 0.502697 0.44324 0.94607 0.49674
72 0.504258 0.446995 0.942948 0.496032
0 0.503478 0.448129 0.944509 0.491497
3 0.504258 0.446995 0.942948 0.496032
40 0.503478 0.450609 0.94607 0.484269
33 0.507381 0.456916 0.949192 0.485261
35 0.507381 0.456916 0.949192 0.485261
36 0.515187 0.447846 0.917969 0.505669
30 0.507381 0.453586 0.94607 0.491922
66 0.507381 0.453586 0.94607 0.491922
54 0.507381 0.453586 0.94607 0.491922
67 0.507381 0.453586 0.94607 0.491922
8 0.507381 0.456916 0.949192 0.485261
29 0.507381 0.453586 0.94607 0.491922
45 0.507381 0.456916 0.949192 0.485261
57 0.507381 0.456916 0.949192 0.485261
61 0.517919 0.453019 0.943728 0.481718
44 0.507381 0.453586 0.94607 0.491922
6 0.507381 0.453586 0.94607 0.491922
62 0.512845 0.444728 0.938264 0.505102
65 0.507381 0.453586 0.94607 0.491922
2 0.507381 0.456916 0.949192 0.485261
21 0.508552 0.460247 0.94685 0.470663
20 0.507381 0.456916 0.949192 0.485261
39 0.508552 0.460247 0.94685 0.470663
60 0.507381 0.456916 0.949192 0.485261
10 0.516748 0.44983 0.916408 0.497166
32 0.507381 0.453586 0.94607 0.491922
31 0.507381 0.453586 0.94607 0.491922
34 0.512845 0.444728 0.938264 0.505102
69 0.507381 0.456916 0.949192 0.485261
7 0.507381 0.456916 0.949192 0.485261
4 0.507381 0.456916 0.949192 0.485261
23 0.517138 0.452948 0.914066 0.484127
61 0.401611 0.480726 0.693941 0.42517
1 0.515187 0.447846 0.917969 0.505669
28 0.517138 0.452948 0.914066 0.484127
33 0.672865 0.454153 0.579195 0.440901
22 0.507381 0.456916 0.949192 0.485261
58 0.497233 0.452098 0.894551 0.485828
14 0.512845 0.444728 0.938264 0.505102
0 0.512455 0.457412 0.935922 0.477466
35 0.672865 0.454153 0.579195 0.440901
67 0.672865 0.454153 0.579195 0.440901
54 0.617541 0.4589 0.696087 0.466553
62 0.387073 0.447279 0.676182 0.484127
58 0.335652 0.462302 0.562022 0.463152
56 0.516748 0.44983 0.916408 0.497166
40 0.507381 0.456916 0.949192 0.485261
57 0.335652 0.462302 0.562022 0.463152
33 0.509722 0.448342 0.932019 0.491071
35 0.513625 0.451531 0.921091 0.486961
8 0.509722 0.448342 0.932019 0.491071
21 0.509722 0.448342 0.932019 0.491071
65 0.509722 0.449476 0.932019 0.486536
45 0.509722 0.448342 0.932019 0.491071
29 0.514406 0.454932 0.91953 0.482426
34 0.509332 0.444728 0.929678 0.49263
30 0.509722 0.449476 0.932019 0.486536
67 0.514406 0.454932 0.91953 0.482426
36 0.509332 0.444728 0.929678 0.49263
57 0.513625 0.451531 0.921091 0.486961
61 0.511674 0.448413 0.940606 0.485261
62 0.505039 0.445011 0.925775 0.486395
54 0.514406 0.454932 0.91953 0.482426
66 0.509722 0.449476 0.932019 0.486536
44 0.509722 0.448342 0.932019 0.491071
6 0.514406 0.454932 0.91953 0.482426
31 0.509722 0.449476 0.932019 0.486536
60 0.513625 0.451531 0.921091 0.486961
39 0.510113 0.454719 0.931239 0.473781
20 0.509722 0.449476 0.932019 0.486536
4 0.509722 0.449476 0.932019 0.486536
7 0.513625 0.451531 0.921091 0.486961
10 0.509722 0.443948 0.928897 0.496457
34 0.348532 0.441327 0.592465 0.480159
2 0.513625 0.451531 0.921091 0.486961
61 0.377706 0.456916 0.652765 0.465986
28 0.509722 0.443948 0.928897 0.496457
23 0.509722 0.443948 0.928897 0.496457
32 0.509722 0.449476 0.932019 0.486536
69 0.514406 0.454932 0.91953 0.482426
57 0.348532 0.441327 0.592465 0.480159
62 0.336432 0.443311 0.570608 0.487528
14 0.505039 0.445011 0.925775 0.486395
58 0.489818 0.443948 0.881281 0.48852
33 0.509722 0.449476 0.925775 0.488804
35 0.508942 0.450113 0.927336 0.49093
65 0.508942 0.450113 0.927336 0.49093
36 0.509332 0.445295 0.920311 0.497166
30 0.508942 0.450113 0.927336 0.49093
45 0.509722 0.449476 0.925775 0.488804
61 0.510503 0.443948 0.924213 0.494189
29 0.516748 0.453586 0.917969 0.486253
66 0.508942 0.450113 0.927336 0.49093
44 0.508942 0.445507 0.921091 0.494473
8 0.509722 0.449476 0.925775 0.488804
6 0.516748 0.453586 0.917969 0.486253
67 0.516748 0.453586 0.917969 0.486253
54 0.516748 0.453586 0.917969 0.486253
21 0.509722 0.449476 0.925775 0.488804
62 0.509332 0.445295 0.920311 0.497166
34 0.509332 0.445295 0.920311 0.497166
60 0.516748 0.453586 0.917969 0.486253
7 0.508942 0.450113 0.927336 0.49093
57 0.516748 0.453586 0.917969 0.486253
39 0.509722 0.449476 0.925775 0.488804
20 0.508942 0.450113 0.927336 0.49093
31 0.508942 0.450113 0.927336 0.49093
32 0.508942 0.450113 0.927336 0.49093
2 0.516748 0.453586 0.917969 0.486253
10 0.508942 0.445507 0.921091 0.494473
69 0.516748 0.453586 0.917969 0.486253
61 0.303648 0.449546 0.499575 0.473923
4 0.508942 0.450113 0.927336 0.49093
28 0.508942 0.445507 0.921091 0.494473
0 0.516748 0.453586 0.917969 0.486253
22 0.509722 0.449476 0.925775 0.488804
23 0.508942 0.445507 0.921091 0.494473
58 0.590025 0.4572 0.744874 0.45068
5 0.509722 0.449476 0.925775 0.488804
34 0.311844 0.442673 0.515967 0.479734
56 0.508942 0.450113 0.927336 0.49093
58 0.697844 0.45068 0.524554 0.418367
33 0.722822 0.437642 0.474596 0.391156
33 0.513235 0.456987 0.918749 0.486253
35 0.513235 0.456987 0.918749 0.486253
29 0.513235 0.456987 0.918749 0.486253
67 0.513235 0.456987 0.918749 0.486253
8 0.511284 0.449546 0.925775 0.494331
61 0.523773 0.443807 0.947631 0.480867
36 0.514406 0.446641 0.916408 0.493339
45 0.511284 0.449546 0.925775 0.494331
30 0.511674 0.453515 0.924994 0.489796
60 0.513235 0.456987 0.918749 0.486253
6 0.513235 0.456987 0.918749 0.486253
21 0.511284 0.449546 0.925775 0.494331
7 0.513235 0.456987 0.918749 0.486253
65 0.511674 0.453515 0.924994 0.489796
44 0.514796 0.445507 0.915627 0.49674
57 0.513235 0.456987 0.918749 0.486253
34 0.514406 0.446641 0.916408 0.493339
66 0.513235 0.456987 0.918749 0.486253
54 0.513235 0.456987 0.918749 0.486253
31 0.511674 0.453515 0.924994 0.489796
39 0.511284 0.449546 0.925775 0.494331
32 0.514796 0.445507 0.915627 0.49674
69 0.513235 0.456987 0.918749 0.486253
62 0.514406 0.446641 0.916408 0.493339
2 0.513235 0.456987 0.918749 0.486253
10 0.511284 0.449546 0.925775 0.494331
20 0.511284 0.449546 0.925775 0.494331
0 0.513235 0.456987 0.918749 0.486253
4 0.513235 0.456987 0.918749 0.486253
61 0.281011 0.448909 0.45274 0.437783
33 0.66701 0.442248 0.576853 0.403486
58 0.512064 0.450184 0.921091 0.491922
33 0.513625 0.459821 0.917969 0.474915
61 0.508161 0.450113 0.921091 0.47619
36 0.509332 0.452948 0.920311 0.473923
35 0.510503 0.45805 0.917969 0.472789
8 0.514406 0.456349 0.917969 0.475057
67 0.513625 0.459821 0.917969 0.474915
34 0.509332 0.452948 0.920311 0.473923
45 0.510503 0.456916 0.917969 0.469388
21 0.510503 0.456916 0.917969 0.469388
29 0.513625 0.459821 0.917969 0.474915
30 0.514406 0.456349 0.917969 0.475057
57 0.513625 0.459821 0.917969 0.474915
44 0.508161 0.450113 0.921091 0.47619
60 0.513625 0.459821 0.917969 0.474915
62 0.508552 0.447562 0.924994 0.463152
65 0.510503 0.45805 0.917969 0.472789
39 0.515967 0.459113 0.916408 0.474065
10 0.510503 0.456916 0.917969 0.469388
31 0.513625 0.459821 0.917969 0.474915
7 0.514406 0.456349 0.917969 0.475057
66 0.510503 0.45805 0.917969 0.472789
54 0.513625 0.459821 0.917969 0.474915
6 0.513625 0.459821 0.917969 0.474915
23 0.508161 0.450113 0.921091 0.47619
4 0.514406 0.456349 0.917969 0.475057
32 0.508161 0.450113 0.921091 0.47619
2 0.513625 0.459821 0.917969 0.474915
28 0.507771 0.449263 0.923433 0.467687
58 0.512845 0.46542 0.913285 0.465986
33 0.628762 0.446145 0.661156 0.40703
61 0.513625 0.441893 0.917969 0.489229
36 0.514016 0.455215 0.92031 0.475057
33 0.518309 0.459184 0.911724 0.470522
35 0.514016 0.455215 0.92031 0.475057
67 0.518309 0.459184 0.911724 0.470522
44 0.513625 0.441893 0.917969 0.489229
62 0.514016 0.449547 0.917188 0.482993
8 0.518309 0.459184 0.911724 0.470522
30 0.518309 0.459184 0.911724 0.470522
60 0.518309 0.459184 0.911724 0.470522
45 0.513625 0.449476 0.921091 0.4786
66 0.514016 0.455215 0.92031 0.475057
39 0.517528 0.454719 0.911724 0.472647
32 0.517528 0.454719 0.911724 0.472647
57 0.518309 0.459184 0.911724 0.470522
10 0.513625 0.449476 0.921091 0.4786
34 0.514016 0.455215 0.92031 0.475057
54 0.518309 0.459184 0.911724 0.470522
31 0.518309 0.459184 0.911724 0.470522
6 0.518309 0.459184 0.911724 0.470522
21 0.514016 0.455215 0.92031 0.475057
28 0.513625 0.441893 0.917969 0.489229
29 0.518309 0.459184 0.911724 0.470522
65 0.512845 0.450043 0.91953 0.4786
58 0.517528 0.454719 0.911724 0.472647
2 0.517528 0.454719 0.911724 0.472647
69 0.518309 0.459184 0.911724 0.470522
7 0.518309 0.459184 0.911724 0.470522
23 0.513625 0.441893 0.917969 0.489229
36 0.681842 0.462018 0.550313 0.442177
1 0.513625 0.449476 0.921091 0.4786
4 0.518309 0.459184 0.911724 0.470522
33 0.681842 0.462018 0.550313 0.442177
35 0.509722 0.453231 0.928897 0.462018
33 0.509722 0.453231 0.928897 0.462018
36 0.505039 0.450751 0.928897 0.465845
45 0.509332 0.454932 0.929678 0.462018
30 0.514406 0.454082 0.916408 0.463719
8 0.514406 0.454082 0.916408 0.463719
21 0.509332 0.454932 0.929678 0.462018
61 0.505039 0.450751 0.928897 0.465845
66 0.509332 0.454932 0.929678 0.462018
39 0.514406 0.454082 0.916408 0.463719
44 0.507381 0.450751 0.93358 0.468112
6 0.514796 0.454082 0.917188 0.463719
60 0.514796 0.454082 0.917188 0.463719
67 0.514796 0.454082 0.917188 0.463719
29 0.514796 0.454082 0.917188 0.463719
34 0.505039 0.450751 0.928897 0.465845
31 0.514796 0.454082 0.917188 0.463719
20 0.514406 0.454082 0.916408 0.463719
57 0.514796 0.454082 0.917188 0.463719
7 0.514796 0.454082 0.917188 0.463719
4 0.514406 0.454082 0.916408 0.463719
65 0.514796 0.454082 0.917188 0.463719
32 0.514406 0.454082 0.916408 0.463719
10 0.509332 0.454932 0.929678 0.462018
2 0.514796 0.454082 0.917188 0.463719
54 0.514796 0.454082 0.917188 0.463719
69 0.514406 0.454082 0.916408 0.463719
22 0.514406 0.454082 0.916408 0.463719
62 0.503478 0.446641 0.925775 0.467262
28 0.507381 0.450751 0.93358 0.468112
35 0.515967 0.453798 0.922652 0.472222
67 0.515967 0.453798 0.922652 0.472222
33 0.514406 0.447562 0.922652 0.477891
30 0.515577 0.453515 0.921872 0.468254
39 0.515577 0.453515 0.921872 0.468254
36 0.512845 0.442744 0.916408 0.482993
61 0.514016 0.441893 0.917188 0.48356
60 0.515967 0.453798 0.922652 0.472222
8 0.515967 0.453798 0.922652 0.472222
45 0.514406 0.447562 0.922652 0.477891
21 0.515577 0.453515 0.921872 0.468254
57 0.515967 0.453798 0.922652 0.472222
44 0.514406 0.447562 0.922652 0.477891
31 0.515967 0.453798 0.922652 0.472222
29 0.515967 0.453798 0.922652 0.472222
10 0.514406 0.447562 0.922652 0.477891
66 0.515577 0.453515 0.921872 0.468254
7 0.515967 0.453798 0.922652 0.472222
32 0.515577 0.453515 0.921872 0.468254
6 0.515967 0.453798 0.922652 0.472222
69 0.515577 0.453515 0.921872 0.468254
20 0.515577 0.453515 0.921872 0.468254
4 0.515967 0.453798 0.922652 0.472222
2 0.515967 0.453798 0.922652 0.472222
23 0.514406 0.447562 0.922652 0.477891
58 0.514406 0.447562 0.922652 0.477891
22 0.515577 0.453515 0.921872 0.468254
34 0.515967 0.453798 0.922652 0.472222
65 0.515967 0.453798 0.922652 0.472222
62 0.515967 0.453798 0.922652 0.472222
28 0.515967 0.453798 0.922652 0.472222
54 0.515967 0.453798 0.922652 0.472222
59 0.515577 0.453515 0.921872 0.468254
1 0.514406 0.447562 0.922652 0.477891
3 0.514406 0.447562 0.922652 0.477891
52 0.515577 0.453515 0.921872 0.468254
56 0.515577 0.453515 0.921872 0.468254
68 0.515967 0.453798 0.922652 0.472222
30 0.515187 0.455782 0.914846 0.470522
35 0.516748 0.455711 0.911724 0.474065
39 0.515187 0.455782 0.914846 0.470522
36 0.514016 0.449263 0.918749 0.477891
60 0.516748 0.455711 0.911724 0.474065
31 0.516748 0.455711 0.911724 0.474065
67 0.516748 0.455711 0.911724 0.474065
66 0.515187 0.455782 0.914846 0.470522
8 0.516748 0.455711 0.911724 0.474065
33 0.512064 0.453798 0.927336 0.471088
45 0.512455 0.452948 0.926555 0.473923
44 0.512064 0.453798 0.927336 0.471088
61 0.515187 0.448129 0.921091 0.476757
62 0.514016 0.449263 0.918749 0.477891
32 0.516748 0.455711 0.911724 0.474065
57 0.516748 0.455711 0.911724 0.474065
20 0.512064 0.453798 0.927336 0.471088
2 0.512455 0.452948 0.926555 0.473923
4 0.516748 0.455711 0.911724 0.474065
29 0.516748 0.455711 0.911724 0.474065
6 0.516748 0.455711 0.911724 0.474065
69 0.516748 0.455711 0.911724 0.474065
65 0.512455 0.452948 0.926555 0.473923
21 0.515187 0.455782 0.914846 0.470522
10 0.515187 0.455782 0.914846 0.470522
22 0.515187 0.455782 0.914846 0.470522
7 0.516748 0.455711 0.911724 0.474065
54 0.516748 0.455711 0.911724 0.474065
28 0.516748 0.455711 0.911724 0.474065
23 0.512064 0.453798 0.927336 0.471088
56 0.512455 0.452948 0.926555 0.473923
1 0.512064 0.453798 0.927336 0.471088
0 0.512455 0.452948 0.926555 0.473923
58 0.527676 0.455782 0.903918 0.472789
34 0.514016 0.449263 0.918749 0.477891
52 0.516748 0.455711 0.911724 0.474065
