57 0.48992 0.509483 0.97984 0.50977
4 0.500452 0.507759 0.989982 0.513218
22 0.48758 0.512069 0.975159 0.512644
72 0.498892 0.510345 0.989982 0.510345
2 0.482119 0.510632 0.957997 0.500575
41 0.4907 0.512069 0.9814 0.509195
62 0.498892 0.510345 0.989982 0.510345
60 0.4907 0.512069 0.9814 0.509195
49 0.485239 0.513793 0.957997 0.501149
44 0.4907 0.512069 0.9814 0.509195
67 0.48992 0.509483 0.97984 0.50977
70 0.485239 0.513793 0.957997 0.501149
20 0.49148 0.484411 0.982961 0.56796
66 0.48758 0.512069 0.975159 0.512644
40 0.4907 0.512069 0.9814 0.509195
35 0.500452 0.507759 0.989982 0.513218
37 0.452474 0.515517 0.895586 0.496552
52 0.493821 0.532759 0.97672 0.465517
7 0.452474 0.515517 0.895586 0.496552
10 0.498892 0.512069 0.98062 0.501149
1 0.49148 0.484411 0.982961 0.56796
59 0.498892 0.512069 0.98062 0.501149
64 0.493821 0.528161 0.97984 0.471264
57 0.557791 0.591954 0.862821 0.341379
46 0.48758 0.512069 0.975159 0.512644
65 0.498892 0.510345 0.989982 0.510345
32 0.4868 0.512356 0.964238 0.499425
33 0.4907 0.512069 0.9814 0.509195
14 0.439212 0.516092 0.869062 0.5
2 0.554671 0.56681 0.878424 0.395115
5 0.474318 0.513218 0.942394 0.509195
4 0.583535 0.61092 0.817574 0.301149
45 0.493821 0.528161 0.97984 0.471264
17 0.4907 0.512069 0.9814 0.509195
69 0.493821 0.531034 0.968918 0.465517
71 0.493821 0.532759 0.97672 0.465517
49 0.651016 0.601149 0.684172 0.313793
46 0.651016 0.601149 0.684172 0.313793
39 0.498892 0.510345 0.989982 0.510345
36 0.485239 0.513793 0.957997 0.501149
6 0.498892 0.512069 0.98062 0.501149
8 0.583535 0.61092 0.817574 0.301149
54 0.482119 0.510632 0.957997 0.500575
56 0.474318 0.513218 0.942394 0.509195
68 0.457935 0.514368 0.903388 0.498851
8 0.495771 0.516667 0.98062 0.501149
72 0.554671 0.56681 0.878424 0.395115
3 0.452474 0.515517 0.895586 0.496552
31 0.498892 0.512069 0.98062 0.501149
29 0.48992 0.509483 0.97984 0.50977
26 0.498892 0.512069 0.98062 0.501149
58 0.498892 0.512069 0.98062 0.501149
55 0.498892 0.512069 0.98062 0.501149
22 0.651016 0.601149 0.684172 0.313793
22 0.19196 0.502874 0.367343 0.470115
35 0.651016 0.601149 0.684172 0.313793
48 0.583535 0.61092 0.817574 0.301149
57 0.236574 0.504598 0.459105 0.48046
60 0.554671 0.56681 0.878424 0.395115
22 0.554671 0.56681 0.878424 0.395115
35 0.554671 0.56681 0.878424 0.395115
37 0.263488 0.495402 0.507473 0.478161
71 0.592897 0.585201 0.801971 0.358333
41 0.236574 0.504598 0.459105 0.48046
2 0.493821 0.513793 0.968918 0.493104
4 0.49226 0.511207 0.968918 0.493678
69 0.497331 0.50977 0.971259 0.496552
57 0.500452 0.513218 0.98062 0.493103
3 0.494601 0.51092 0.973599 0.5
44 0.497331 0.50977 0.971259 0.496552
67 0.504743 0.522126 0.964238 0.472989
52 0.49226 0.511207 0.968918 0.493678
22 0.493821 0.513793 0.968918 0.493104
10 0.499282 0.518391 0.973599 0.501149
8 0.49226 0.511207 0.968918 0.493678
41 0.49148 0.51092 0.97672 0.496552
7 0.500452 0.513218 0.98062 0.493103
60 0.493821 0.513793 0.968918 0.493104
58 0.494601 0.51092 0.973599 0.5
6 0.499282 0.518391 0.973599 0.501149
62 0.49226 0.511207 0.968918 0.493678
65 0.497331 0.50977 0.971259 0.496552
66 0.500452 0.513218 0.98062 0.493103
56 0.493821 0.513793 0.968918 0.493104
59 0.493821 0.522126 0.970479 0.492529
20 0.493821 0.522126 0.970479 0.492529
5 0.500452 0.513218 0.98062 0.493103
68 0.499282 0.518391 0.973599 0.501149
34 0.504743 0.518391 0.957997 0.485058
72 0.497331 0.50977 0.971259 0.496552
49 0.500452 0.513218 0.98062 0.493103
15 0.493821 0.513793 0.968918 0.493104
31 0.497331 0.50977 0.971259 0.496552
45 0.493821 0.513793 0.968918 0.493104
29 0.49226 0.511207 0.968918 0.493678
54 0.49148 0.51092 0.97672 0.496552
30 0.493821 0.522126 0.970479 0.492529
4 0.872183 0.563362 0.248081 0.270977
1 0.504743 0.519253 0.961117 0.492529
36 0.504743 0.522126 0.964238 0.472989
4 0.823815 0.579167 0.351057 0.239368
39 0.493821 0.506897 0.972039 0.503448
37 0.497331 0.50977 0.971259 0.496552
35 0.493821 0.513793 0.968918 0.493104
71 0.493821 0.513793 0.968918 0.493104
32 0.49226 0.511207 0.968918 0.493678
2 0.49226 0.50977 0.975159 0.498851
4 0.48992 0.514368 0.972039 0.491954
58 0.503572 0.509483 0.989982 0.501724
3 0.503572 0.509483 0.989982 0.501724
52 0.48992 0.514368 0.972039 0.491954
5 0.503572 0.509483 0.989982 0.501724
57 0.49226 0.50977 0.975159 0.498851
22 0.495381 0.524713 0.970479 0.470115
69 0.48992 0.514368 0.972039 0.491954
10 0.498111 0.51092 0.985301 0.505747
7 0.495381 0.524713 0.970479 0.470115
23 0.503572 0.509483 0.989982 0.501724
68 0.501622 0.51092 0.984521 0.5
6 0.501622 0.514081 0.984521 0.493678
60 0.49226 0.50977 0.975159 0.498851
34 0.49226 0.50977 0.975159 0.498851
59 0.501622 0.514081 0.984521 0.493678
28 0.498111 0.51092 0.985301 0.505747
56 0.49226 0.50977 0.975159 0.498851
67 0.493821 0.525862 0.975159 0.465517
44 0.49226 0.50977 0.975159 0.498851
66 0.49226 0.50977 0.975159 0.498851
8 0.49226 0.50977 0.975159 0.498851
45 0.495381 0.524713 0.970479 0.470115
29 0.493821 0.525862 0.975159 0.465517
39 0.500062 0.517816 0.956436 0.482759
1 0.496551 0.514943 0.986861 0.503448
58 0.257052 0.51092 0.507083 0.485057
32 0.498111 0.51092 0.985301 0.505747
62 0.493821 0.525862 0.975159 0.465517
49 0.495381 0.524713 0.970479 0.470115
15 0.495381 0.524713 0.970479 0.470115
31 0.493821 0.525862 0.975159 0.465517
20 0.48992 0.518103 0.972039 0.483333
65 0.48992 0.514368 0.972039 0.491954
30 0.48992 0.518103 0.972039 0.483333
21 0.495381 0.524713 0.970479 0.470115
35 0.493821 0.525862 0.975159 0.465517
61 0.498111 0.51092 0.985301 0.505747
41 0.501622 0.51092 0.984521 0.5
36 0.48992 0.518103 0.972039 0.483333
4 0.500452 0.531034 0.98062 0.45977
58 0.501622 0.509195 0.993882 0.503448
2 0.500452 0.531034 0.98062 0.45977
57 0.49148 0.509483 0.973599 0.500575
52 0.500452 0.531034 0.98062 0.45977
68 0.494211 0.510632 0.982181 0.507471
67 0.500062 0.531609 0.984521 0.462069
3 0.501622 0.509195 0.993882 0.503448
23 0.501622 0.509195 0.993882 0.503448
34 0.494211 0.510632 0.982181 0.507471
22 0.500452 0.531034 0.98062 0.45977
7 0.500452 0.531034 0.98062 0.45977
5 0.501622 0.509195 0.993882 0.503448
69 0.500452 0.531034 0.98062 0.45977
6 0.500062 0.531609 0.984521 0.462069
10 0.501622 0.509195 0.993882 0.503448
31 0.500062 0.531609 0.984521 0.462069
60 0.500452 0.531034 0.98062 0.45977
29 0.500062 0.531609 0.984521 0.462069
56 0.49148 0.509483 0.973599 0.500575
59 0.49109 0.515517 0.9775 0.496552
8 0.500062 0.531609 0.984521 0.462069
28 0.501622 0.509195 0.993882 0.503448
32 0.49148 0.509483 0.973599 0.500575
1 0.49148 0.512069 0.982961 0.508046
44 0.49148 0.509483 0.973599 0.500575
0 0.497721 0.526437 0.989202 0.470115
66 0.500452 0.531034 0.98062 0.45977
36 0.500062 0.531609 0.984521 0.462069
30 0.48914 0.518965 0.972039 0.481609
39 0.503182 0.531609 0.968918 0.45977
62 0.500062 0.531609 0.984521 0.462069
35 0.500062 0.531609 0.984521 0.462069
20 0.48914 0.518965 0.972039 0.481609
45 0.500452 0.531034 0.98062 0.45977
65 0.500452 0.531034 0.98062 0.45977
61 0.503182 0.531609 0.968918 0.45977
54 0.49031 0.515517 0.971259 0.495402
49 0.501622 0.509195 0.993882 0.503448
21 0.500062 0.532759 0.97828 0.456322
52 0.500062 0.533908 0.987641 0.451724
4 0.500062 0.533908 0.987641 0.451724
58 0.496941 0.51523 0.986081 0.499425
3 0.496941 0.51523 0.986081 0.499425
2 0.495381 0.524138 0.972039 0.473563
23 0.495381 0.524138 0.972039 0.473563
57 0.495381 0.524138 0.972039 0.473563
32 0.495381 0.524138 0.972039 0.473563
68 0.493431 0.528736 0.966578 0.47931
67 0.496941 0.534483 0.987642 0.46092
5 0.496941 0.51523 0.986081 0.499425
10 0.496941 0.51523 0.986081 0.499425
60 0.500062 0.533908 0.987641 0.451724
22 0.495381 0.524138 0.972039 0.473563
69 0.500062 0.533908 0.987641 0.451724
6 0.496941 0.534483 0.987642 0.46092
0 0.500062 0.533908 0.987641 0.451724
59 0.493431 0.528736 0.966578 0.47931
28 0.495771 0.525287 0.97594 0.468966
34 0.500062 0.533908 0.987641 0.451724
1 0.49109 0.517241 0.969699 0.511494
56 0.495381 0.524138 0.972039 0.473563
66 0.496941 0.51523 0.986081 0.499425
7 0.500062 0.533908 0.987641 0.451724
8 0.496941 0.534483 0.987642 0.46092
44 0.495381 0.524138 0.972039 0.473563
39 0.495771 0.525287 0.97594 0.468966
29 0.496941 0.534483 0.987642 0.46092
36 0.493431 0.528736 0.966578 0.47931
45 0.495381 0.524138 0.972039 0.473563
31 0.493431 0.528736 0.966578 0.47931
54 0.49109 0.517241 0.969699 0.511494
68 0.48836 0.519253 0.973599 0.481034
58 0.500062 0.531034 0.987641 0.45977
52 0.48836 0.519253 0.973599 0.481034
67 0.498111 0.532759 0.988422 0.455172
59 0.504743 0.536207 0.972039 0.449425
23 0.48914 0.512644 0.973599 0.495402
32 0.507083 0.53592 0.970479 0.453448
10 0.48914 0.512644 0.973599 0.495402
6 0.498111 0.532759 0.988422 0.455172
57 0.498111 0.532759 0.988422 0.455172
31 0.498111 0.532759 0.988422 0.455172
69 0.507083 0.53592 0.970479 0.453448
4 0.498111 0.532759 0.988422 0.455172
29 0.498111 0.532759 0.988422 0.455172
28 0.500062 0.531034 0.987641 0.45977
3 0.48836 0.519253 0.973599 0.481034
22 0.500062 0.531034 0.987641 0.45977
8 0.498111 0.532759 0.988422 0.455172
1 0.48836 0.519253 0.973599 0.481034
56 0.500062 0.531034 0.987641 0.45977
34 0.500062 0.531034 0.987641 0.45977
60 0.500062 0.531034 0.987641 0.45977
0 0.507083 0.53592 0.970479 0.453448
36 0.504743 0.536207 0.972039 0.449425
61 0.507083 0.533046 0.970479 0.458046
30 0.48797 0.520115 0.971259 0.483908
2 0.500062 0.531034 0.987641 0.45977
5 0.499672 0.507759 0.988422 0.507471
44 0.500062 0.531034 0.987641 0.45977
62 0.498111 0.532759 0.988422 0.455172
54 0.48836 0.519253 0.973599 0.481034
39 0.507083 0.533046 0.970479 0.458046
58 0.493431 0.513218 0.966578 0.504598
69 0.500842 0.526437 0.97672 0.481609
52 0.500842 0.526437 0.97672 0.481609
22 0.500842 0.526437 0.97672 0.481609
10 0.493431 0.513218 0.966578 0.504598
68 0.49226 0.51523 0.965798 0.500575
67 0.499672 0.529598 0.97594 0.475287
60 0.500842 0.526437 0.97672 0.481609
2 0.500842 0.526437 0.97672 0.481609
0 0.500842 0.526437 0.97672 0.481609
23 0.500842 0.526437 0.97672 0.481609
32 0.500842 0.526437 0.97672 0.481609
6 0.499672 0.529598 0.97594 0.475287
28 0.500842 0.526437 0.97672 0.481609
56 0.500842 0.526437 0.97672 0.481609
31 0.499672 0.529598 0.97594 0.475287
57 0.500842 0.526437 0.97672 0.481609
3 0.493431 0.513218 0.966578 0.504598
44 0.500842 0.526437 0.97672 0.481609
62 0.500842 0.526437 0.97672 0.481609
61 0.493431 0.513218 0.966578 0.504598
5 0.500842 0.526437 0.97672 0.481609
36 0.499672 0.529598 0.97594 0.475287
1 0.499672 0.529598 0.97594 0.475287
4 0.507863 0.523563 0.968918 0.487356
59 0.499672 0.529598 0.97594 0.475287
33 0.500842 0.526437 0.97672 0.481609
39 0.500842 0.52069 0.973599 0.488506
8 0.499672 0.529598 0.97594 0.475287
54 0.49226 0.51523 0.965798 0.500575
34 0.500842 0.526437 0.97672 0.481609
7 0.499672 0.529598 0.97594 0.475287
35 0.499672 0.529598 0.97594 0.475287
30 0.49187 0.519828 0.960337 0.48908
66 0.500842 0.526437 0.97672 0.481609
20 0.500842 0.526437 0.97672 0.481609
58 0.511374 0.516667 0.965018 0.489655
60 0.511374 0.516667 0.965018 0.489655
22 0.511374 0.516667 0.965018 0.489655
2 0.511374 0.516667 0.965018 0.489655
69 0.511374 0.516667 0.965018 0.489655
52 0.511374 0.516667 0.965018 0.489655
67 0.512544 0.522414 0.961117 0.47931
10 0.509813 0.507471 0.946295 0.506897
6 0.512544 0.522414 0.961117 0.47931
68 0.507863 0.510345 0.951756 0.501149
3 0.511374 0.516667 0.965018 0.489655
0 0.511374 0.516667 0.965018 0.489655
23 0.511764 0.518965 0.961117 0.485058
32 0.509813 0.507471 0.946295 0.506897
56 0.511374 0.516667 0.965018 0.489655
57 0.511764 0.518965 0.961117 0.485058
39 0.511764 0.518965 0.961117 0.485058
31 0.512544 0.522414 0.961117 0.47931
7 0.512544 0.522414 0.961117 0.47931
1 0.505523 0.526437 0.968918 0.473563
44 0.511764 0.518965 0.961117 0.485058
28 0.511374 0.516667 0.965018 0.489655
62 0.511374 0.516667 0.965018 0.489655
59 0.505523 0.526437 0.968918 0.473563
5 0.509813 0.507471 0.946295 0.506897
33 0.511374 0.516667 0.965018 0.489655
36 0.512544 0.522414 0.961117 0.47931
4 0.511374 0.516667 0.965018 0.489655
61 0.509813 0.507471 0.946295 0.506897
35 0.512544 0.522414 0.961117 0.47931
20 0.511764 0.518965 0.961117 0.485058
8 0.512544 0.522414 0.961117 0.47931
66 0.511764 0.518965 0.961117 0.485058
34 0.511374 0.516667 0.965018 0.489655
45 0.511764 0.518965 0.961117 0.485058
54 0.506303 0.515517 0.968918 0.494253
30 0.507863 0.510345 0.951756 0.501149
58 0.507473 0.533046 0.971259 0.458046
32 0.507863 0.53046 0.968918 0.462069
67 0.507473 0.533046 0.971259 0.458046
69 0.507473 0.533046 0.971259 0.458046
60 0.507083 0.531034 0.972039 0.456322
23 0.498501 0.513793 0.957997 0.487356
10 0.498501 0.513793 0.957997 0.487356
22 0.507083 0.531034 0.972039 0.456322
6 0.507473 0.533046 0.971259 0.458046
57 0.507083 0.531034 0.970479 0.464368
2 0.507083 0.531034 0.970479 0.464368
7 0.507473 0.533046 0.971259 0.458046
39 0.507863 0.527586 0.967358 0.473563
56 0.507083 0.531034 0.972039 0.456322
68 0.507473 0.533046 0.971259 0.458046
28 0.507083 0.531034 0.972039 0.456322
8 0.507473 0.533046 0.971259 0.458046
3 0.507473 0.533046 0.971259 0.458046
0 0.507863 0.53046 0.968918 0.462069
44 0.498501 0.513793 0.957997 0.487356
31 0.507473 0.533046 0.971259 0.458046
59 0.507473 0.533046 0.971259 0.458046
61 0.498501 0.513793 0.957997 0.487356
1 0.507473 0.533046 0.971259 0.458046
36 0.507473 0.533046 0.971259 0.458046
52 0.507473 0.533046 0.971259 0.458046
30 0.500062 0.517529 0.961117 0.486782
54 0.500062 0.517529 0.961117 0.486782
35 0.507473 0.533046 0.971259 0.458046
4 0.507863 0.53046 0.968918 0.462069
5 0.507863 0.527586 0.967358 0.473563
20 0.507083 0.531034 0.970479 0.464368
34 0.507863 0.53046 0.968918 0.462069
29 0.507473 0.533046 0.971259 0.458046
33 0.498501 0.513793 0.957997 0.487356
66 0.507863 0.527586 0.967358 0.473563
45 0.507083 0.531034 0.970479 0.464368
62 0.507083 0.531034 0.970479 0.464368
67 0.503182 0.531609 0.972039 0.458621
58 0.503182 0.531609 0.972039 0.458621
10 0.502792 0.512644 0.935373 0.491954
69 0.505913 0.527012 0.966578 0.462069
60 0.502792 0.512644 0.935373 0.491954
23 0.502792 0.512644 0.935373 0.491954
22 0.505913 0.527012 0.966578 0.462069
32 0.515274 0.529023 0.947855 0.460345
68 0.503182 0.531609 0.972039 0.458621
28 0.505913 0.527012 0.966578 0.462069
61 0.509033 0.528736 0.960337 0.464368
39 0.509033 0.528736 0.960337 0.464368
31 0.503182 0.531609 0.972039 0.458621
57 0.502792 0.512644 0.935373 0.491954
52 0.505913 0.527012 0.966578 0.462069
44 0.502792 0.512644 0.935373 0.491954
36 0.503182 0.531609 0.972039 0.458621
30 0.503182 0.531609 0.972039 0.458621
8 0.503182 0.531609 0.972039 0.458621
56 0.505913 0.527012 0.966578 0.462069
59 0.503182 0.531609 0.972039 0.458621
6 0.515664 0.533333 0.945515 0.458621
3 0.502792 0.512644 0.935373 0.491954
33 0.505913 0.527012 0.966578 0.462069
62 0.505913 0.527012 0.966578 0.462069
1 0.503182 0.531609 0.972039 0.458621
2 0.509033 0.528736 0.960337 0.464368
34 0.505913 0.527012 0.966578 0.462069
20 0.509033 0.528736 0.960337 0.464368
66 0.513714 0.529885 0.950975 0.464368
7 0.503182 0.531609 0.972039 0.458621
0 0.505913 0.527012 0.966578 0.462069
35 0.515274 0.529023 0.947855 0.460345
45 0.509033 0.528736 0.960337 0.464368
5 0.509033 0.528736 0.960337 0.464368
67 0.496941 0.532759 0.987642 0.450575
10 0.48953 0.516379 0.971259 0.487931
58 0.496941 0.532759 0.987642 0.450575
60 0.496941 0.532759 0.987642 0.450575
69 0.496941 0.532759 0.987642 0.450575
52 0.496941 0.532759 0.987642 0.450575
68 0.48797 0.51954 0.968138 0.478161
28 0.497331 0.532471 0.986861 0.454598
32 0.503182 0.531034 0.975159 0.46092
39 0.496941 0.533908 0.9814 0.456322
57 0.48953 0.516379 0.971259 0.487931
22 0.497331 0.532471 0.986861 0.454598
61 0.48953 0.516379 0.971259 0.487931
31 0.496941 0.532759 0.987642 0.450575
23 0.48797 0.51954 0.968138 0.478161
2 0.496941 0.532759 0.987642 0.450575
8 0.497331 0.532471 0.986861 0.454598
1 0.496941 0.532759 0.987642 0.450575
56 0.496941 0.533908 0.9814 0.456322
33 0.496941 0.532759 0.987642 0.450575
0 0.503182 0.531034 0.975159 0.46092
3 0.503182 0.53046 0.970479 0.464368
44 0.496941 0.533908 0.9814 0.456322
62 0.496941 0.532759 0.987642 0.450575
30 0.497331 0.532471 0.986861 0.454598
36 0.496941 0.532759 0.987642 0.450575
66 0.496941 0.533908 0.9814 0.456322
35 0.48719 0.516667 0.971259 0.485057
45 0.496941 0.533908 0.9814 0.456322
34 0.48953 0.516379 0.971259 0.487931
5 0.503182 0.53046 0.970479 0.464368
20 0.496941 0.533908 0.9814 0.456322
6 0.496941 0.532759 0.987642 0.450575
54 0.503182 0.531034 0.975159 0.46092
4 0.503182 0.53046 0.970479 0.464368
7 0.496941 0.532759 0.987642 0.450575
59 0.496941 0.532759 0.987642 0.450575
67 0.501622 0.531609 0.975159 0.456322
58 0.501622 0.531609 0.975159 0.456322
10 0.501622 0.531609 0.975159 0.456322
60 0.501622 0.531609 0.975159 0.456322
23 0.501622 0.531609 0.975159 0.456322
22 0.503962 0.528736 0.972039 0.46092
69 0.501622 0.531609 0.975159 0.456322
52 0.501622 0.531609 0.975159 0.456322
57 0.501622 0.531609 0.975159 0.456322
68 0.501622 0.531609 0.975159 0.456322
39 0.503962 0.528736 0.972039 0.46092
31 0.501622 0.531609 0.975159 0.456322
28 0.503962 0.528736 0.972039 0.46092
32 0.509813 0.529885 0.963458 0.46092
56 0.503962 0.528736 0.972039 0.46092
2 0.501622 0.531609 0.975159 0.456322
61 0.494601 0.506897 0.948635 0.503448
0 0.509813 0.529885 0.963458 0.46092
30 0.503962 0.528736 0.972039 0.46092
8 0.501622 0.531609 0.975159 0.456322
44 0.494601 0.506897 0.948635 0.503448
3 0.494601 0.506897 0.948635 0.503448
33 0.494601 0.506897 0.948635 0.503448
59 0.501622 0.531609 0.975159 0.456322
62 0.501622 0.531609 0.975159 0.456322
20 0.503962 0.528736 0.972039 0.46092
35 0.503962 0.528736 0.972039 0.46092
1 0.503962 0.528736 0.972039 0.46092
34 0.503962 0.528736 0.972039 0.46092
4 0.509423 0.531897 0.962677 0.460345
21 0.506303 0.533908 0.965798 0.456322
45 0.506303 0.533908 0.965798 0.456322
7 0.501622 0.531609 0.975159 0.456322
36 0.501622 0.531609 0.975159 0.456322
5 0.509423 0.531897 0.962677 0.460345
6 0.508253 0.530747 0.963457 0.459195
66 0.509423 0.531897 0.962677 0.460345
29 0.508253 0.530747 0.963457 0.459195
69 0.500842 0.528161 0.968918 0.463218
67 0.493041 0.516092 0.959557 0.489655
58 0.506303 0.532759 0.959557 0.460919
10 0.500842 0.528161 0.968918 0.463218
32 0.506303 0.532759 0.959557 0.460919
60 0.493431 0.514368 0.960337 0.491954
68 0.500842 0.528161 0.968918 0.463218
22 0.502402 0.529023 0.967358 0.466092
23 0.493431 0.514368 0.960337 0.491954
39 0.501622 0.529885 0.968918 0.466667
28 0.502402 0.529023 0.967358 0.466092
57 0.493431 0.514368 0.960337 0.491954
31 0.500842 0.528161 0.968918 0.463218
52 0.500842 0.528161 0.968918 0.463218
56 0.493431 0.514368 0.960337 0.491954
44 0.493431 0.514368 0.960337 0.491954
59 0.500842 0.528161 0.968918 0.463218
8 0.500842 0.528161 0.968918 0.463218
0 0.506303 0.532759 0.959557 0.460919
6 0.505133 0.531034 0.960337 0.462069
20 0.493041 0.516092 0.959557 0.489655
3 0.501622 0.529885 0.968918 0.466667
61 0.507863 0.533333 0.959557 0.45977
2 0.500842 0.528161 0.968918 0.463218
7 0.500842 0.528161 0.968918 0.463218
1 0.502402 0.529023 0.967358 0.466092
62 0.493431 0.514368 0.960337 0.491954
66 0.502402 0.529023 0.967358 0.466092
54 0.506303 0.532759 0.959557 0.460919
33 0.493431 0.514368 0.960337 0.491954
5 0.507863 0.533333 0.959557 0.45977
30 0.502402 0.529023 0.967358 0.466092
4 0.500842 0.528161 0.968918 0.463218
36 0.506303 0.532759 0.959557 0.460919
35 0.500842 0.528161 0.968918 0.463218
