62 0.505399 0.490761 0.951476 0.41413
2 0.502667 0.489674 0.949135 0.41087
4 0.491739 0.488859 0.952257 0.413587
22 0.505399 0.490761 0.951476 0.41413
57 0.508911 0.48913 0.936646 0.41087
72 0.505399 0.490761 0.949915 0.415217
34 0.508911 0.48913 0.936646 0.41087
20 0.491739 0.488859 0.952257 0.413587
60 0.508911 0.48913 0.936646 0.41087
36 0.501886 0.502717 0.91323 0.38587
41 0.508911 0.486685 0.955379 0.411413
8 0.526863 0.508967 0.900741 0.370109
3 0.522961 0.504891 0.853909 0.375
66 0.500325 0.489402 0.966306 0.410326
46 0.491739 0.488859 0.952257 0.413587
39 0.501886 0.502717 0.91323 0.38587
26 0.50735 0.486413 0.952257 0.411956
22 0.374268 0.489674 0.661896 0.407609
52 0.502667 0.489674 0.949135 0.41087
65 0.505399 0.490761 0.951476 0.41413
2 0.374268 0.489674 0.661896 0.407609
35 0.508911 0.48913 0.936646 0.41087
10 0.500325 0.48913 0.941329 0.413043
49 0.494471 0.490217 0.918694 0.413044
1 0.486666 0.488587 0.906205 0.41087
56 0.501886 0.502717 0.91323 0.38587
0 0.508911 0.48913 0.936646 0.41087
67 0.494471 0.490217 0.918694 0.413044
64 0.505399 0.490761 0.951476 0.41413
71 0.503447 0.489674 0.952257 0.41087
29 0.508911 0.48913 0.936646 0.41087
40 0.503837 0.489946 0.953037 0.408152
44 0.50735 0.486413 0.952257 0.411956
31 0.502667 0.489674 0.949135 0.41087
33 0.499154 0.49375 0.932743 0.396196
57 0.648627 0.507065 0.668141 0.367391
4 0.374268 0.489674 0.661896 0.407609
67 0.631065 0.507337 0.71107 0.367935
2 0.491739 0.48587 0.933524 0.418478
4 0.491739 0.48587 0.933524 0.418478
57 0.491739 0.48587 0.933524 0.418478
62 0.491739 0.48587 0.933524 0.418478
10 0.4933 0.4875 0.94289 0.411956
60 0.491739 0.48587 0.933524 0.418478
67 0.4933 0.488587 0.935085 0.413043
44 0.499935 0.487772 0.948354 0.415761
52 0.491739 0.48587 0.933524 0.418478
20 0.501106 0.484783 0.94289 0.413043
41 0.491739 0.48587 0.933524 0.418478
8 0.494471 0.483696 0.937426 0.416304
35 0.492129 0.48587 0.924938 0.416304
72 0.491739 0.48587 0.933524 0.418478
6 0.494081 0.486956 0.925718 0.415217
0 0.492129 0.48587 0.924938 0.416304
66 0.501106 0.484783 0.94289 0.413043
65 0.499935 0.487772 0.948354 0.415761
69 0.499935 0.487772 0.948354 0.415761
39 0.494471 0.483696 0.937426 0.416304
22 0.492129 0.48587 0.924938 0.416304
36 0.494081 0.486956 0.925718 0.415217
34 0.491739 0.48587 0.933524 0.418478
7 0.494081 0.486413 0.941329 0.407609
40 0.492129 0.48587 0.924938 0.416304
3 0.501106 0.484783 0.94289 0.413043
30 0.4933 0.488587 0.935085 0.413043
33 0.492129 0.48587 0.924938 0.416304
58 0.500325 0.485054 0.931963 0.405978
29 0.497203 0.489674 0.950696 0.408696
5 0.490959 0.484783 0.938207 0.408696
45 0.494471 0.483696 0.937426 0.416304
32 0.4933 0.488587 0.935085 0.413043
54 0.491739 0.48587 0.933524 0.418478
56 0.494471 0.483696 0.937426 0.416304
68 0.4933 0.4875 0.94289 0.411956
28 0.491739 0.48587 0.933524 0.418478
26 0.4933 0.488587 0.935085 0.413043
46 0.501106 0.484783 0.94289 0.413043
4 0.494861 0.488859 0.949135 0.416848
2 0.496032 0.48913 0.937426 0.415217
62 0.496032 0.48913 0.937426 0.415217
65 0.494861 0.488859 0.949135 0.416848
44 0.494861 0.488859 0.949135 0.416848
39 0.494861 0.485326 0.936646 0.420652
8 0.494471 0.485326 0.946793 0.420652
67 0.496032 0.488315 0.938987 0.421196
6 0.496032 0.488315 0.938987 0.421196
35 0.496032 0.48913 0.937426 0.415217
57 0.494471 0.485326 0.946793 0.420652
5 0.494471 0.485326 0.946793 0.420652
66 0.496032 0.48913 0.937426 0.415217
45 0.494861 0.485326 0.936646 0.420652
60 0.496032 0.48913 0.937426 0.415217
29 0.495642 0.489402 0.950696 0.419022
54 0.496032 0.48913 0.937426 0.415217
10 0.487836 0.48587 0.938207 0.417391
22 0.494861 0.488859 0.949135 0.416848
0 0.498764 0.488043 0.931963 0.415217
32 0.494471 0.485326 0.946793 0.420652
36 0.494861 0.485326 0.936646 0.420652
33 0.494861 0.485326 0.936646 0.420652
69 0.494861 0.488859 0.949135 0.416848
20 0.494471 0.485326 0.946793 0.420652
7 0.494861 0.488859 0.949135 0.416848
52 0.496032 0.48913 0.937426 0.415217
23 0.494471 0.485326 0.946793 0.420652
30 0.496032 0.488315 0.938987 0.421196
28 0.484324 0.484783 0.935865 0.418478
41 0.496032 0.48913 0.937426 0.415217
31 0.496032 0.488315 0.938987 0.421196
56 0.494471 0.485326 0.946793 0.420652
61 0.484324 0.484783 0.935865 0.418478
3 0.487836 0.48587 0.938207 0.417391
1 0.488617 0.485326 0.94289 0.425
40 0.496032 0.48913 0.937426 0.415217
72 0.494861 0.488859 0.949135 0.416848
21 0.494861 0.485326 0.936646 0.420652
34 0.487836 0.48587 0.938207 0.417391
58 0.495642 0.485598 0.94289 0.411413
46 0.494471 0.485326 0.946793 0.420652
18 0.488617 0.485326 0.94289 0.425
66 0.502276 0.488043 0.948354 0.417391
54 0.502276 0.488043 0.948354 0.417391
4 0.502276 0.488043 0.948354 0.417391
8 0.499935 0.485054 0.948354 0.414674
67 0.503447 0.488043 0.949135 0.419565
44 0.496422 0.486141 0.95694 0.417935
29 0.496032 0.486685 0.956159 0.420109
65 0.502276 0.488043 0.948354 0.417391
45 0.499935 0.485054 0.948354 0.414674
57 0.499935 0.485054 0.948354 0.414674
39 0.499935 0.485054 0.948354 0.414674
6 0.503447 0.488043 0.949135 0.419565
35 0.502276 0.488043 0.948354 0.417391
62 0.502276 0.488043 0.948354 0.417391
30 0.503447 0.488043 0.949135 0.419565
20 0.503447 0.488043 0.949135 0.419565
2 0.498764 0.488587 0.944451 0.41413
33 0.499935 0.485054 0.948354 0.414674
36 0.503447 0.488043 0.949135 0.419565
31 0.503447 0.488043 0.949135 0.419565
32 0.499935 0.485054 0.948354 0.414674
28 0.496422 0.486141 0.95694 0.417935
7 0.502276 0.488043 0.948354 0.417391
61 0.497203 0.483696 0.95694 0.416304
22 0.496422 0.486141 0.95694 0.417935
0 0.498764 0.488587 0.944451 0.41413
23 0.497203 0.483696 0.95694 0.416304
10 0.497203 0.483696 0.95694 0.416304
60 0.502276 0.488043 0.948354 0.417391
5 0.499935 0.485054 0.948354 0.414674
21 0.499935 0.485054 0.948354 0.414674
69 0.502276 0.488043 0.948354 0.417391
34 0.496422 0.486141 0.95694 0.417935
1 0.496032 0.486685 0.956159 0.420109
56 0.499935 0.485054 0.948354 0.414674
52 0.502276 0.488043 0.948354 0.417391
3 0.496422 0.486141 0.95694 0.417935
68 0.496032 0.486685 0.956159 0.420109
40 0.498764 0.488587 0.944451 0.41413
41 0.502276 0.488043 0.948354 0.417391
72 0.496032 0.486685 0.956159 0.420109
58 0.497203 0.483696 0.95694 0.416304
59 0.496032 0.486685 0.956159 0.420109
54 0.499545 0.488315 0.955379 0.42337
66 0.499545 0.488315 0.955379 0.42337
44 0.499545 0.488315 0.955379 0.42337
65 0.499545 0.488315 0.955379 0.42337
45 0.499935 0.484239 0.959282 0.415217
8 0.499935 0.484239 0.959282 0.415217
4 0.499545 0.488315 0.955379 0.42337
20 0.499935 0.484239 0.959282 0.415217
35 0.499545 0.488315 0.955379 0.42337
39 0.499935 0.484239 0.959282 0.415217
2 0.499935 0.484239 0.959282 0.415217
62 0.499545 0.488315 0.955379 0.42337
29 0.499545 0.488315 0.955379 0.42337
57 0.499935 0.484239 0.959282 0.415217
32 0.499935 0.484239 0.959282 0.415217
28 0.498764 0.484239 0.966306 0.413043
5 0.498764 0.484239 0.966306 0.413043
10 0.498764 0.484239 0.966306 0.413043
21 0.499935 0.484239 0.959282 0.415217
7 0.499545 0.488315 0.955379 0.42337
36 0.499545 0.488315 0.955379 0.42337
6 0.505008 0.488315 0.947573 0.421196
56 0.499935 0.484239 0.959282 0.415217
0 0.505008 0.488315 0.947573 0.421196
33 0.499935 0.484239 0.959282 0.415217
30 0.498764 0.492391 0.953818 0.421739
22 0.499545 0.486956 0.963184 0.421739
1 0.499545 0.486956 0.963184 0.421739
60 0.499935 0.484239 0.959282 0.415217
34 0.499545 0.486956 0.963184 0.421739
69 0.505008 0.488315 0.947573 0.421196
61 0.499935 0.484239 0.959282 0.415217
67 0.498764 0.492391 0.953818 0.421739
23 0.498764 0.484239 0.966306 0.413043
40 0.505008 0.488315 0.947573 0.421196
31 0.498764 0.492391 0.953818 0.421739
3 0.499545 0.486956 0.963184 0.421739
41 0.505008 0.488315 0.947573 0.421196
54 0.502667 0.494022 0.952257 0.413043
66 0.502667 0.494022 0.952257 0.413043
44 0.497593 0.491033 0.95772 0.417935
45 0.503837 0.490761 0.954598 0.411957
4 0.497593 0.491033 0.95772 0.417935
8 0.497983 0.486413 0.958501 0.417391
20 0.503837 0.490761 0.954598 0.411957
65 0.498764 0.490489 0.95694 0.419022
39 0.503837 0.490761 0.954598 0.411957
35 0.502667 0.494022 0.952257 0.413043
7 0.497593 0.491033 0.95772 0.417935
29 0.502667 0.494022 0.952257 0.413043
28 0.497593 0.491033 0.95772 0.417935
2 0.503837 0.490761 0.954598 0.411957
5 0.497983 0.486413 0.958501 0.417391
6 0.502667 0.494022 0.952257 0.413043
32 0.503837 0.490761 0.954598 0.411957
30 0.498764 0.490489 0.95694 0.419022
21 0.503837 0.490761 0.954598 0.411957
10 0.497593 0.491033 0.95772 0.417935
56 0.503837 0.490761 0.954598 0.411957
57 0.503837 0.490761 0.954598 0.411957
62 0.502667 0.494022 0.952257 0.413043
1 0.497593 0.491033 0.95772 0.417935
36 0.497593 0.491033 0.95772 0.417935
34 0.49252 0.4875 0.961623 0.419565
0 0.502667 0.494022 0.952257 0.413043
60 0.502667 0.494022 0.952257 0.413043
31 0.501106 0.493206 0.949134 0.417935
33 0.503837 0.490761 0.954598 0.411957
22 0.497593 0.491033 0.95772 0.417935
61 0.497983 0.486413 0.958501 0.417391
69 0.502667 0.494022 0.952257 0.413043
67 0.498764 0.490489 0.95694 0.419022
23 0.497983 0.486413 0.958501 0.417391
3 0.497593 0.491033 0.95772 0.417935
44 0.494471 0.489946 0.95772 0.413587
66 0.494471 0.489946 0.95772 0.413587
54 0.503447 0.491576 0.95694 0.411413
45 0.504228 0.488043 0.955379 0.415217
20 0.494471 0.489946 0.95772 0.413587
4 0.494471 0.489946 0.95772 0.413587
8 0.495252 0.486413 0.95772 0.417391
65 0.494471 0.488587 0.959282 0.415217
2 0.504228 0.488043 0.955379 0.415217
39 0.504228 0.488043 0.955379 0.415217
28 0.494471 0.489946 0.95772 0.413587
35 0.503447 0.491576 0.95694 0.411413
32 0.494471 0.489946 0.95772 0.413587
36 0.503447 0.491576 0.95694 0.411413
6 0.503447 0.491576 0.95694 0.411413
30 0.503447 0.491576 0.95694 0.411413
62 0.503447 0.491576 0.95694 0.411413
29 0.503447 0.491576 0.95694 0.411413
56 0.503447 0.491576 0.95694 0.411413
5 0.495252 0.486413 0.95772 0.417391
1 0.494471 0.489946 0.95772 0.413587
57 0.504228 0.488043 0.955379 0.415217
7 0.503447 0.491576 0.95694 0.411413
10 0.494471 0.489946 0.95772 0.413587
33 0.503447 0.491576 0.95694 0.411413
0 0.503447 0.491576 0.95694 0.411413
21 0.504228 0.488043 0.955379 0.415217
60 0.503447 0.491576 0.95694 0.411413
34 0.49252 0.488587 0.963184 0.413043
31 0.494471 0.488587 0.959282 0.415217
61 0.495252 0.486413 0.95772 0.417391
23 0.495252 0.486413 0.95772 0.417391
69 0.503447 0.491576 0.95694 0.411413
22 0.494471 0.489946 0.95772 0.413587
67 0.502667 0.489402 0.952257 0.414674
66 0.501886 0.4875 0.950696 0.417391
44 0.501496 0.483967 0.948354 0.42337
45 0.503447 0.486685 0.949135 0.414674
4 0.501496 0.483967 0.948354 0.42337
54 0.501886 0.4875 0.950696 0.417391
2 0.501886 0.4875 0.950696 0.417391
57 0.501496 0.483967 0.948354 0.42337
8 0.501106 0.483152 0.949134 0.420652
20 0.503447 0.486685 0.949135 0.414674
28 0.501496 0.483967 0.948354 0.42337
39 0.501106 0.483152 0.949134 0.420652
32 0.501496 0.483967 0.948354 0.42337
5 0.501106 0.483152 0.949134 0.420652
65 0.501886 0.4875 0.950696 0.417391
35 0.501886 0.4875 0.950696 0.417391
6 0.501886 0.4875 0.950696 0.417391
36 0.501886 0.4875 0.950696 0.417391
33 0.501106 0.483152 0.949134 0.420652
1 0.501496 0.483967 0.948354 0.42337
56 0.501886 0.4875 0.950696 0.417391
7 0.501886 0.4875 0.950696 0.417391
30 0.503447 0.486685 0.949135 0.414674
29 0.501886 0.4875 0.950696 0.417391
23 0.503447 0.486685 0.949135 0.414674
31 0.502276 0.491033 0.945232 0.414674
62 0.502276 0.491033 0.945232 0.414674
68 0.506569 0.479891 0.960062 0.431522
22 0.501886 0.4875 0.950696 0.417391
10 0.501496 0.483967 0.948354 0.42337
34 0.504228 0.477989 0.955379 0.441848
21 0.503447 0.486685 0.949135 0.414674
4 0.8703 0.183152 0.143619 0.0690217
0 0.501886 0.4875 0.950696 0.417391
66 0.498374 0.490217 0.948354 0.404348
44 0.498374 0.490217 0.948354 0.404348
45 0.499935 0.49212 0.951476 0.405978
54 0.497983 0.493478 0.955379 0.402174
57 0.498374 0.490217 0.948354 0.404348
2 0.499935 0.49212 0.951476 0.405978
4 0.499935 0.49212 0.951476 0.405978
20 0.499935 0.49212 0.951476 0.405978
8 0.499935 0.49212 0.951476 0.405978
36 0.497983 0.493478 0.955379 0.402174
28 0.497983 0.486956 0.955379 0.405435
33 0.499935 0.49212 0.951476 0.405978
5 0.496032 0.489674 0.951476 0.408696
32 0.498374 0.490217 0.948354 0.404348
39 0.496032 0.489674 0.951476 0.408696
35 0.498374 0.490217 0.948354 0.404348
65 0.497983 0.493478 0.955379 0.402174
1 0.496032 0.489674 0.951476 0.408696
23 0.499935 0.49212 0.951476 0.405978
6 0.497983 0.493478 0.955379 0.402174
56 0.497983 0.493478 0.955379 0.402174
22 0.497983 0.493478 0.955379 0.402174
68 0.497983 0.486956 0.955379 0.405435
7 0.496032 0.489674 0.951476 0.408696
62 0.497203 0.492391 0.953818 0.4
31 0.497983 0.493478 0.955379 0.402174
30 0.498374 0.490217 0.948354 0.404348
10 0.499935 0.49212 0.951476 0.405978
4 0.862495 0.178125 0.160791 0.0663043
44 0.502667 0.490217 0.947573 0.407609
66 0.502667 0.490217 0.947573 0.407609
45 0.496422 0.48587 0.946012 0.41413
4 0.496422 0.48587 0.946012 0.41413
57 0.502667 0.490217 0.947573 0.407609
36 0.502667 0.490217 0.947573 0.407609
54 0.502667 0.490217 0.947573 0.407609
65 0.502667 0.490217 0.947573 0.407609
68 0.496813 0.485598 0.949915 0.411413
22 0.502667 0.490217 0.947573 0.407609
31 0.502667 0.490217 0.947573 0.407609
20 0.501886 0.488043 0.94289 0.41087
28 0.498764 0.488043 0.947573 0.409783
32 0.501886 0.488043 0.94289 0.41087
2 0.501886 0.488043 0.94289 0.41087
35 0.500715 0.488315 0.951476 0.413587
1 0.496422 0.48587 0.946012 0.41413
10 0.501886 0.488043 0.94289 0.41087
62 0.521009 0.492391 0.910888 0.402174
33 0.501886 0.488043 0.94289 0.41087
23 0.521009 0.492391 0.910888 0.402174
8 0.496422 0.48587 0.946012 0.41413
56 0.5214 0.491304 0.910108 0.403261
5 0.498764 0.488043 0.947573 0.409783
44 0.504228 0.491304 0.967867 0.409783
66 0.506569 0.493207 0.963184 0.407065
45 0.503447 0.490217 0.963184 0.41087
57 0.504228 0.491304 0.967867 0.409783
4 0.503447 0.490217 0.963184 0.41087
36 0.503447 0.490217 0.963184 0.41087
33 0.506569 0.493207 0.963184 0.407065
65 0.503447 0.490217 0.963184 0.41087
68 0.504228 0.491304 0.967867 0.409783
20 0.50735 0.492391 0.961623 0.405435
54 0.50735 0.492391 0.961623 0.405435
22 0.506569 0.493207 0.963184 0.407065
31 0.506569 0.493207 0.963184 0.407065
35 0.504228 0.491304 0.967867 0.409783
28 0.504228 0.491304 0.967867 0.409783
23 0.50735 0.492391 0.961623 0.405435
5 0.504228 0.491304 0.967867 0.409783
8 0.503447 0.490217 0.963184 0.41087
2 0.506569 0.493207 0.963184 0.407065
1 0.503447 0.490217 0.963184 0.41087
32 0.50735 0.492391 0.961623 0.405435
10 0.50735 0.492391 0.961623 0.405435
3 0.50735 0.492391 0.961623 0.405435
39 0.506569 0.493207 0.963184 0.407065
56 0.505008 0.49837 0.94289 0.390217
29 0.49252 0.48913 0.950696 0.411956
44 0.502667 0.486413 0.955379 0.420652
45 0.506179 0.488859 0.959282 0.416848
66 0.502667 0.486413 0.955379 0.420652
36 0.506179 0.488859 0.959282 0.416848
57 0.502667 0.486413 0.955379 0.420652
4 0.506179 0.488859 0.959282 0.416848
65 0.500325 0.487772 0.952257 0.419022
35 0.502667 0.486413 0.955379 0.420652
62 0.506179 0.488859 0.959282 0.416848
31 0.506179 0.488859 0.959282 0.416848
32 0.505008 0.48913 0.958501 0.415217
22 0.506179 0.488859 0.959282 0.416848
61 0.500325 0.487772 0.952257 0.419022
56 0.506179 0.488859 0.959282 0.416848
2 0.505008 0.48913 0.958501 0.415217
54 0.506179 0.488859 0.959282 0.416848
68 0.495642 0.483967 0.944451 0.424457
28 0.502667 0.486413 0.955379 0.420652
1 0.505008 0.48913 0.958501 0.415217
23 0.506179 0.488859 0.959282 0.416848
33 0.506179 0.488859 0.959282 0.416848
20 0.505008 0.48913 0.958501 0.415217
10 0.506179 0.488859 0.959282 0.416848
8 0.500325 0.487772 0.952257 0.419022
39 0.506179 0.488859 0.959282 0.416848
44 0.501886 0.4875 0.958501 0.423913
66 0.503447 0.489674 0.953818 0.419565
45 0.503447 0.489674 0.953818 0.419565
57 0.503447 0.489674 0.953818 0.419565
4 0.504228 0.48913 0.955379 0.416304
54 0.504228 0.48913 0.955379 0.416304
36 0.504228 0.48913 0.955379 0.416304
62 0.501886 0.483424 0.953818 0.42337
31 0.503447 0.489674 0.953818 0.419565
65 0.504228 0.48913 0.955379 0.416304
28 0.501886 0.4875 0.958501 0.423913
35 0.501886 0.483424 0.953818 0.42337
10 0.503447 0.489674 0.953818 0.419565
2 0.501106 0.483152 0.955379 0.425
68 0.505008 0.492391 0.953818 0.41087
22 0.503447 0.489674 0.953818 0.419565
20 0.504228 0.48913 0.955379 0.416304
23 0.504228 0.48913 0.955379 0.416304
32 0.504228 0.48913 0.955379 0.416304
1 0.504228 0.48913 0.955379 0.416304
56 0.504228 0.48913 0.955379 0.416304
61 0.505008 0.491848 0.953818 0.406522
33 0.504228 0.48913 0.955379 0.416304
5 0.504228 0.48913 0.955379 0.416304
30 0.501886 0.483424 0.953818 0.42337
39 0.501106 0.483152 0.955379 0.425
44 0.505008 0.491576 0.960062 0.407065
45 0.505008 0.491576 0.960062 0.407065
66 0.505789 0.490761 0.960062 0.407609
4 0.501106 0.490217 0.964745 0.408696
57 0.505008 0.491576 0.960062 0.407065
68 0.501106 0.490217 0.964745 0.408696
33 0.501106 0.490217 0.964745 0.408696
36 0.501106 0.490217 0.964745 0.408696
54 0.501106 0.490217 0.964745 0.408696
65 0.501106 0.490217 0.964745 0.408696
31 0.505789 0.490761 0.960062 0.407609
35 0.504228 0.4875 0.960062 0.407609
28 0.500325 0.490217 0.961623 0.408696
5 0.501496 0.491033 0.965526 0.408152
20 0.505789 0.490761 0.960062 0.407609
3 0.505789 0.490761 0.960062 0.407609
10 0.505789 0.490761 0.960062 0.407609
23 0.505789 0.490761 0.960062 0.407609
29 0.501886 0.486685 0.963184 0.408152
1 0.501106 0.490217 0.964745 0.408696
61 0.505008 0.491576 0.960062 0.407065
22 0.505789 0.490761 0.960062 0.407609
8 0.501106 0.490217 0.964745 0.408696
67 0.510472 0.491848 0.958501 0.402174
44 0.501106 0.488315 0.964745 0.414674
45 0.503837 0.490217 0.949915 0.408696
66 0.498764 0.489674 0.953818 0.411957
54 0.498764 0.489674 0.953818 0.411957
4 0.504228 0.490489 0.946012 0.410326
57 0.499544 0.489946 0.952257 0.411413
68 0.501106 0.488315 0.964745 0.414674
65 0.497983 0.484783 0.952257 0.415217
31 0.504228 0.490489 0.946012 0.410326
36 0.500325 0.487772 0.960062 0.415761
29 0.504228 0.490489 0.946012 0.410326
61 0.501106 0.488315 0.964745 0.414674
20 0.500325 0.487772 0.960062 0.415761
35 0.497983 0.484783 0.952257 0.415217
23 0.500325 0.487772 0.960062 0.415761
56 0.504228 0.490489 0.946012 0.410326
10 0.504228 0.490489 0.946012 0.410326
28 0.499544 0.489946 0.952257 0.411413
5 0.503837 0.490217 0.949915 0.408696
1 0.503837 0.490217 0.949915 0.408696
33 0.503837 0.490217 0.949915 0.408696
67 0.501106 0.494293 0.952257 0.396196
44 0.499545 0.488315 0.94289 0.407065
45 0.505008 0.489946 0.938207 0.405978
66 0.499545 0.488315 0.94289 0.407065
57 0.499545 0.488315 0.94289 0.407065
36 0.500715 0.486957 0.953037 0.409783
2 0.500715 0.486957 0.953037 0.409783
61 0.505008 0.489946 0.938207 0.405978
31 0.500715 0.486957 0.953037 0.409783
65 0.498764 0.489674 0.944451 0.407609
4 0.498764 0.489674 0.944451 0.407609
56 0.500715 0.486957 0.953037 0.409783
54 0.498764 0.489674 0.944451 0.407609
23 0.499545 0.488315 0.94289 0.407065
33 0.499545 0.488315 0.94289 0.407065
35 0.499154 0.485326 0.943671 0.407609
62 0.499545 0.488587 0.950696 0.409783
39 0.499154 0.485326 0.943671 0.407609
1 0.498764 0.489674 0.944451 0.407609
21 0.511253 0.492391 0.914791 0.401087
67 0.511253 0.492391 0.914791 0.401087
5 0.499154 0.485326 0.943671 0.407609
32 0.499545 0.488587 0.950696 0.409783
44 0.512814 0.490489 0.950696 0.407065
45 0.512814 0.490489 0.950696 0.407065
66 0.511253 0.4875 0.949135 0.41413
57 0.512814 0.490489 0.950696 0.407065
33 0.50696 0.487772 0.959282 0.414674
4 0.50696 0.487772 0.959282 0.414674
65 0.511253 0.4875 0.949135 0.41413
36 0.510082 0.488859 0.95772 0.409239
31 0.511253 0.4875 0.949135 0.41413
68 0.502667 0.488043 0.947573 0.411956
61 0.519838 0.490761 0.94289 0.404348
35 0.511253 0.4875 0.949135 0.41413
23 0.50696 0.487772 0.959282 0.414674
29 0.50696 0.487772 0.959282 0.414674
5 0.50696 0.487772 0.959282 0.414674
20 0.511253 0.4875 0.949135 0.41413
28 0.50696 0.487772 0.959282 0.414674
54 0.506569 0.488043 0.960062 0.411956
3 0.50696 0.487772 0.959282 0.414674
21 0.519838 0.490761 0.94289 0.404348
56 0.511253 0.4875 0.949135 0.41413
45 0.503837 0.489674 0.946793 0.416304
44 0.501496 0.488587 0.949915 0.418478
66 0.501886 0.48913 0.947573 0.417391
57 0.501886 0.48913 0.947573 0.417391
35 0.500715 0.48913 0.951476 0.41413
33 0.500715 0.48913 0.951476 0.41413
4 0.503837 0.489674 0.946793 0.416304
61 0.503837 0.489674 0.946793 0.416304
2 0.500715 0.48913 0.951476 0.41413
28 0.501496 0.488587 0.949915 0.418478
23 0.500715 0.488587 0.948354 0.415217
5 0.503837 0.489674 0.946793 0.416304
21 0.502667 0.488587 0.952257 0.41413
31 0.503837 0.489674 0.946793 0.416304
36 0.499545 0.4875 0.949135 0.417391
39 0.500715 0.48913 0.951476 0.41413
30 0.500715 0.48913 0.951476 0.41413
54 0.500715 0.488587 0.948354 0.415217
29 0.503837 0.489674 0.946793 0.416304
3 0.500715 0.48913 0.951476 0.41413
56 0.500715 0.48913 0.951476 0.41413
65 0.500715 0.48913 0.951476 0.41413
44 0.50696 0.490217 0.937426 0.41087
45 0.506179 0.491848 0.940549 0.409783
66 0.50696 0.490217 0.937426 0.41087
61 0.503447 0.491848 0.946012 0.408696
57 0.506179 0.491848 0.940549 0.409783
21 0.503447 0.491848 0.946012 0.408696
35 0.505399 0.488859 0.937426 0.4125
29 0.506179 0.491848 0.940549 0.409783
30 0.505399 0.488859 0.937426 0.4125
4 0.506179 0.491848 0.940549 0.409783
65 0.505399 0.488859 0.937426 0.4125
36 0.503447 0.491848 0.946012 0.408696
56 0.505789 0.488043 0.949135 0.41413
67 0.505008 0.490489 0.938207 0.410326
54 0.505008 0.490489 0.938207 0.410326
31 0.505399 0.488859 0.937426 0.4125
28 0.506179 0.491848 0.940549 0.409783
39 0.505399 0.488859 0.937426 0.4125
32 0.503447 0.491848 0.946012 0.408696
1 0.503447 0.491848 0.946012 0.408696
20 0.502667 0.488043 0.946012 0.41413
44 0.503837 0.489402 0.953037 0.405978
45 0.50813 0.490217 0.950696 0.405435
66 0.503837 0.489402 0.953037 0.405978
61 0.516716 0.493206 0.94289 0.399456
4 0.504228 0.487772 0.952257 0.407065
21 0.516716 0.493206 0.94289 0.399456
57 0.508911 0.490217 0.946012 0.404348
35 0.517107 0.492935 0.938988 0.398913
29 0.50813 0.490217 0.950696 0.405435
30 0.504228 0.487772 0.952257 0.407065
36 0.503447 0.489674 0.955379 0.407609
65 0.503447 0.489674 0.955379 0.407609
31 0.504228 0.487772 0.952257 0.407065
56 0.498374 0.487772 0.948354 0.409239
67 0.50813 0.490217 0.950696 0.405435
54 0.503447 0.489674 0.955379 0.407609
20 0.503447 0.489674 0.955379 0.407609
44 0.502276 0.488587 0.937426 0.408696
45 0.499545 0.48913 0.946012 0.407609
66 0.502276 0.488587 0.937426 0.408696
61 0.499154 0.489674 0.940549 0.407609
57 0.499154 0.489674 0.940549 0.407609
35 0.505008 0.492119 0.935085 0.400543
28 0.501106 0.4875 0.933524 0.409783
21 0.50735 0.491304 0.941329 0.402174
54 0.501106 0.4875 0.933524 0.409783
56 0.501106 0.4875 0.933524 0.409783
29 0.499545 0.48913 0.946012 0.407609
30 0.501106 0.4875 0.933524 0.409783
33 0.500325 0.486413 0.936646 0.413043
10 0.495252 0.488587 0.935865 0.405435
4 0.499545 0.48913 0.946012 0.407609
5 0.501106 0.4875 0.933524 0.409783
8 0.499545 0.48913 0.946012 0.407609
32 0.505008 0.492119 0.935085 0.400543
67 0.499545 0.48913 0.946012 0.407609
39 0.501106 0.4875 0.933524 0.409783
20 0.502667 0.488587 0.94289 0.409783
1 0.499545 0.48913 0.946012 0.407609
36 0.502667 0.488587 0.94289 0.409783
45 0.505008 0.49212 0.947573 0.402717
44 0.505008 0.49212 0.947573 0.402717
21 0.50735 0.491848 0.955379 0.404348
29 0.50735 0.491848 0.955379 0.404348
4 0.50735 0.491848 0.955379 0.404348
57 0.50735 0.491848 0.955379 0.404348
66 0.50696 0.490761 0.943671 0.406522
35 0.50735 0.491848 0.955379 0.404348
65 0.505008 0.49212 0.947573 0.402717
61 0.50735 0.491848 0.955379 0.404348
67 0.50735 0.491848 0.955379 0.404348
36 0.50735 0.491848 0.955379 0.404348
31 0.505008 0.49212 0.947573 0.402717
33 0.503837 0.488587 0.943671 0.41087
3 0.509691 0.489674 0.949135 0.409783
2 0.503837 0.488587 0.943671 0.41087
28 0.50735 0.491848 0.955379 0.404348
8 0.50735 0.491848 0.955379 0.404348
56 0.50735 0.491848 0.955379 0.404348
30 0.504228 0.4875 0.939768 0.411956
32 0.50735 0.491848 0.955379 0.404348
1 0.50735 0.491848 0.955379 0.404348
60 0.50735 0.491848 0.955379 0.404348
54 0.509691 0.489674 0.949135 0.409783
45 0.506179 0.495924 0.948354 0.39837
44 0.503837 0.491848 0.956159 0.405435
21 0.508911 0.500543 0.963184 0.386956
66 0.503837 0.491848 0.956159 0.405435
61 0.508911 0.500543 0.963184 0.386956
29 0.506569 0.497011 0.953818 0.396196
57 0.506179 0.495924 0.948354 0.39837
35 0.508911 0.499457 0.963184 0.388043
4 0.506179 0.495924 0.948354 0.39837
28 0.503837 0.491848 0.956159 0.405435
67 0.508911 0.500543 0.963184 0.386956
33 0.503837 0.491848 0.956159 0.405435
3 0.503837 0.491848 0.956159 0.405435
65 0.504228 0.490761 0.946012 0.403261
30 0.504228 0.490761 0.946012 0.403261
1 0.506569 0.497011 0.953818 0.396196
54 0.503837 0.492391 0.959282 0.405435
34 0.498764 0.488315 0.952257 0.410326
5 0.501106 0.4875 0.952257 0.409783
8 0.503837 0.492391 0.959282 0.405435
36 0.503837 0.492391 0.959282 0.405435
56 0.508911 0.500543 0.963184 0.386956
32 0.508911 0.500543 0.963184 0.386956
45 0.50735 0.490489 0.955379 0.404891
44 0.502667 0.489674 0.946012 0.409783
21 0.515155 0.493207 0.950696 0.397283
61 0.515155 0.493207 0.950696 0.397283
29 0.520229 0.492391 0.940549 0.401087
4 0.515155 0.493207 0.950696 0.397283
57 0.509691 0.490761 0.947573 0.405435
35 0.520229 0.492391 0.940549 0.401087
28 0.50735 0.490489 0.955379 0.404891
32 0.515155 0.493207 0.950696 0.397283
3 0.502667 0.489674 0.946012 0.409783
30 0.520229 0.492391 0.940549 0.401087
65 0.520229 0.492391 0.940549 0.401087
67 0.515155 0.493207 0.950696 0.397283
2 0.515155 0.493207 0.950696 0.397283
36 0.515155 0.493207 0.950696 0.397283
56 0.515155 0.493207 0.950696 0.397283
1 0.508911 0.490761 0.955379 0.403261
8 0.515155 0.493207 0.950696 0.397283
60 0.515155 0.493207 0.950696 0.397283
10 0.515155 0.493207 0.950696 0.397283
34 0.515155 0.493207 0.950696 0.397283
66 0.502667 0.489674 0.946012 0.409783
23 0.515155 0.493207 0.950696 0.397283
31 0.520229 0.492391 0.940549 0.401087
59 0.515155 0.493207 0.950696 0.397283
45 0.501886 0.494022 0.947573 0.402174
44 0.501106 0.49212 0.947573 0.407065
21 0.515936 0.496196 0.938207 0.396739
57 0.501106 0.49212 0.947573 0.407065
61 0.515936 0.496196 0.938207 0.396739
4 0.520229 0.495924 0.929621 0.397283
66 0.520229 0.495924 0.929621 0.397283
35 0.520229 0.495924 0.929621 0.397283
29 0.501886 0.490217 0.946012 0.404348
28 0.501106 0.49212 0.947573 0.407065
67 0.520229 0.495924 0.929621 0.397283
33 0.501106 0.49212 0.947573 0.407065
30 0.501886 0.490217 0.946012 0.404348
3 0.520229 0.495924 0.929621 0.397283
65 0.501886 0.490217 0.946012 0.404348
10 0.515936 0.496196 0.938207 0.396739
45 0.497983 0.493478 0.950696 0.405435
44 0.501106 0.492935 0.946012 0.409783
21 0.506179 0.497283 0.948354 0.393478
4 0.497983 0.493478 0.950696 0.405435
61 0.506179 0.497283 0.948354 0.393478
57 0.497983 0.493478 0.950696 0.405435
35 0.50774 0.49538 0.94211 0.39837
29 0.497983 0.493478 0.955379 0.402174
66 0.50774 0.49538 0.94211 0.39837
28 0.501106 0.492935 0.946012 0.409783
3 0.498764 0.492935 0.947573 0.407609
2 0.506179 0.497283 0.948354 0.393478
56 0.506179 0.497283 0.948354 0.393478
36 0.498764 0.492935 0.947573 0.407609
1 0.498764 0.492935 0.947573 0.407609
30 0.497203 0.489946 0.950696 0.404891
32 0.506179 0.497283 0.948354 0.393478
65 0.50774 0.49538 0.94211 0.39837
67 0.506179 0.497283 0.948354 0.393478
45 0.508521 0.493206 0.960843 0.40163
44 0.505398 0.490761 0.953037 0.409783
57 0.501886 0.491848 0.958501 0.406522
61 0.506179 0.494837 0.967087 0.399456
21 0.506179 0.494837 0.967087 0.399456
28 0.505398 0.490761 0.953037 0.409783
4 0.508521 0.493206 0.960843 0.40163
29 0.503057 0.492391 0.963965 0.405435
35 0.508521 0.493206 0.960843 0.40163
66 0.500325 0.4875 0.95694 0.404348
67 0.503057 0.492391 0.963965 0.405435
36 0.503057 0.492391 0.963965 0.405435
3 0.503057 0.492391 0.963965 0.405435
65 0.500325 0.4875 0.95694 0.404348
56 0.506179 0.494837 0.967087 0.399456
32 0.503057 0.492391 0.963965 0.405435
31 0.508521 0.493206 0.960843 0.40163
2 0.506179 0.494837 0.967087 0.399456
23 0.506179 0.494837 0.967087 0.399456
45 0.513594 0.494837 0.955379 0.400543
44 0.50735 0.491304 0.952257 0.411956
61 0.510862 0.495109 0.960843 0.398913
21 0.510862 0.495109 0.960843 0.398913
57 0.50735 0.491304 0.952257 0.411956
28 0.50735 0.491304 0.952257 0.411956
4 0.513594 0.494837 0.955379 0.400543
66 0.50735 0.491304 0.952257 0.411956
35 0.510862 0.495109 0.960843 0.398913
29 0.513594 0.494837 0.955379 0.400543
3 0.506569 0.490761 0.958501 0.41087
67 0.506569 0.490761 0.958501 0.41087
5 0.510862 0.495109 0.960843 0.398913
36 0.506569 0.490761 0.958501 0.41087
45 0.510862 0.49538 0.95772 0.392935
44 0.506569 0.490217 0.953818 0.404348
61 0.511253 0.496196 0.960062 0.390217
57 0.503837 0.492119 0.954598 0.400543
21 0.511253 0.496196 0.960062 0.390217
35 0.511253 0.496196 0.960062 0.390217
66 0.506569 0.490217 0.953818 0.404348
29 0.504228 0.488315 0.952257 0.40163
67 0.511253 0.496196 0.960062 0.390217
4 0.510862 0.49538 0.95772 0.392935
28 0.505789 0.490217 0.955379 0.404348
30 0.504228 0.488315 0.952257 0.40163
33 0.511253 0.496196 0.960062 0.390217
45 0.505008 0.491848 0.966306 0.4
44 0.508911 0.489674 0.952257 0.409783
57 0.503837 0.490217 0.960843 0.406522
61 0.503837 0.492391 0.968648 0.397826
21 0.503837 0.492391 0.968648 0.397826
66 0.508911 0.489674 0.952257 0.409783
35 0.503837 0.492391 0.968648 0.397826
67 0.505008 0.491848 0.966306 0.4
29 0.504618 0.488043 0.956159 0.406522
4 0.505008 0.491848 0.966306 0.4
28 0.505008 0.491848 0.966306 0.4
3 0.504228 0.489674 0.963184 0.406522
36 0.50813 0.489402 0.953818 0.409239
45 0.520619 0.493478 0.944451 0.4
44 0.50813 0.490761 0.953818 0.407609
57 0.520619 0.493478 0.944451 0.4
21 0.518277 0.495652 0.949135 0.395652
61 0.518277 0.495652 0.949135 0.395652
66 0.518277 0.495652 0.949135 0.395652
35 0.518277 0.495652 0.949135 0.395652
67 0.518277 0.495652 0.949135 0.395652
29 0.506569 0.488859 0.950696 0.405978
4 0.520619 0.493478 0.944451 0.4
28 0.520619 0.493478 0.944451 0.4
3 0.50813 0.491848 0.95694 0.406522
45 0.512423 0.496467 0.949915 0.391848
44 0.510472 0.490217 0.946012 0.406522
66 0.510472 0.490217 0.946012 0.406522
57 0.512423 0.496467 0.949915 0.391848
61 0.510472 0.497554 0.952257 0.389674
21 0.510472 0.497554 0.952257 0.389674
67 0.510472 0.497554 0.952257 0.389674
29 0.504618 0.489674 0.954598 0.405435
35 0.510472 0.497554 0.952257 0.389674
28 0.510472 0.491304 0.949135 0.405435
36 0.510472 0.491304 0.949135 0.405435
3 0.510472 0.491304 0.949135 0.405435
45 0.509691 0.493207 0.960062 0.405978
21 0.50735 0.494293 0.967867 0.405978
44 0.502667 0.490489 0.936646 0.411413
57 0.509691 0.493207 0.960062 0.405978
61 0.50735 0.494293 0.967867 0.405978
4 0.509691 0.493207 0.960062 0.405978
29 0.50735 0.494293 0.967867 0.405978
35 0.502667 0.490489 0.936646 0.411413
66 0.502667 0.490489 0.936646 0.411413
3 0.512423 0.492935 0.951476 0.409783
30 0.515155 0.490489 0.94289 0.414674
28 0.509691 0.493207 0.960062 0.405978
67 0.50735 0.494293 0.967867 0.405978
36 0.500325 0.49212 0.938207 0.411413
65 0.513594 0.497554 0.952257 0.396196
2 0.511253 0.499728 0.95694 0.394022
45 0.503057 0.494293 0.954598 0.405978
44 0.510472 0.493206 0.939768 0.408152
66 0.504228 0.491848 0.94289 0.409783
57 0.503057 0.494293 0.954598 0.405978
21 0.502667 0.494293 0.960062 0.405978
35 0.502667 0.494293 0.960062 0.405978
29 0.502667 0.494293 0.960062 0.405978
61 0.502667 0.494293 0.960062 0.405978
33 0.512814 0.490761 0.936646 0.41087
67 0.502667 0.494293 0.960062 0.405978
3 0.50813 0.492935 0.946012 0.407609
4 0.502667 0.494293 0.960062 0.405978
31 0.502667 0.494293 0.960062 0.405978
2 0.502667 0.494293 0.960062 0.405978
28 0.503057 0.494293 0.954598 0.405978
23 0.505008 0.970652 0.938207 0.0586957
65 0.505789 0.496739 0.950696 0.401087
44 0.510472 0.492391 0.955379 0.403261
45 0.511643 0.494565 0.953037 0.397826
66 0.503057 0.489674 0.945232 0.409783
61 0.511643 0.497826 0.949915 0.390217
57 0.510082 0.494022 0.960843 0.397826
21 0.511643 0.497826 0.949915 0.390217
35 0.510082 0.494022 0.960843 0.397826
29 0.510082 0.494022 0.960843 0.397826
2 0.504228 0.973913 0.947573 0.052174
22 0.504228 0.973913 0.947573 0.052174
60 0.504228 0.973913 0.947573 0.052174
67 0.510082 0.494022 0.960843 0.397826
23 0.504228 0.973913 0.947573 0.052174
52 0.504228 0.973913 0.947573 0.052174
31 0.501106 0.971739 0.94289 0.0565218
3 0.504228 0.973913 0.947573 0.052174
58 0.504228 0.973913 0.947573 0.052174
4 0.504228 0.973913 0.947573 0.052174
60 0.498374 0.92663 0.938987 0.146739
22 0.498374 0.92663 0.938987 0.146739
45 0.508911 0.494022 0.958501 0.404348
44 0.510082 0.491848 0.953037 0.407609
57 0.508911 0.494022 0.958501 0.404348
21 0.509692 0.49837 0.955379 0.393478
61 0.509692 0.49837 0.955379 0.393478
35 0.510082 0.488859 0.948354 0.411413
4 0.508911 0.494022 0.958501 0.404348
29 0.50813 0.495109 0.963184 0.401087
66 0.510082 0.488859 0.948354 0.411413
3 0.509691 0.491848 0.95694 0.406522
33 0.506569 0.490217 0.955379 0.408696
67 0.509692 0.49837 0.955379 0.393478
28 0.510082 0.491848 0.953037 0.407609
30 0.501886 0.489946 0.944451 0.410326
2 0.509692 0.49837 0.955379 0.393478
45 0.511253 0.498913 0.950696 0.386956
44 0.50735 0.493478 0.949134 0.4
57 0.50735 0.493478 0.949134 0.4
21 0.50813 0.500543 0.95694 0.386956
61 0.50813 0.500543 0.95694 0.386956
4 0.511253 0.498913 0.950696 0.386956
35 0.50813 0.500543 0.95694 0.386956
29 0.504228 0.493206 0.952257 0.394022
67 0.511253 0.498913 0.950696 0.386956
28 0.511253 0.498913 0.950696 0.386956
66 0.503837 0.490217 0.943671 0.404348
3 0.506569 0.495109 0.950696 0.397826
45 0.505008 0.492935 0.953818 0.407609
44 0.509691 0.492391 0.946012 0.408696
61 0.508911 0.49538 0.955379 0.400543
66 0.508911 0.490761 0.941329 0.411957
21 0.508911 0.49538 0.955379 0.400543
29 0.503447 0.492935 0.960062 0.406522
35 0.512033 0.489946 0.94289 0.4125
57 0.505008 0.492935 0.953818 0.407609
67 0.512033 0.494293 0.949135 0.402717
4 0.512033 0.494293 0.949135 0.402717
30 0.512033 0.489946 0.94289 0.4125
36 0.506569 0.491304 0.938207 0.41087
44 0.515155 0.494293 0.939768 0.40163
45 0.52218 0.497826 0.939768 0.38913
57 0.509692 0.495924 0.950696 0.397283
66 0.52218 0.497826 0.939768 0.38913
21 0.518277 0.5 0.949135 0.386956
3 0.514375 0.495652 0.944451 0.398913
61 0.518277 0.5 0.949135 0.386956
35 0.518277 0.5 0.949135 0.386956
67 0.52218 0.497826 0.939768 0.38913
4 0.518277 0.5 0.949135 0.386956
28 0.52218 0.497826 0.939768 0.38913
2 0.518277 0.5 0.949135 0.386956
33 0.515155 0.494293 0.939768 0.40163
56 0.518277 0.5 0.949135 0.386956
29 0.518277 0.5 0.949135 0.386956
45 0.510862 0.498913 0.956159 0.38913
44 0.508911 0.494293 0.947573 0.402717
61 0.508911 0.502446 0.958501 0.386413
21 0.508911 0.502446 0.958501 0.386413
57 0.501886 0.495109 0.960062 0.4
29 0.501886 0.498913 0.964745 0.393478
35 0.508911 0.502446 0.958501 0.386413
66 0.510862 0.498913 0.956159 0.38913
4 0.508911 0.502446 0.958501 0.386413
67 0.510862 0.498913 0.956159 0.38913
3 0.508911 0.494293 0.947573 0.402717
28 0.503837 0.489946 0.940549 0.411413
2 0.508911 0.502446 0.958501 0.386413
36 0.50813 0.488587 0.946012 0.41087
33 0.502276 0.490489 0.956159 0.404891
22 0.504618 0.93288 0.948354 0.134239
60 0.511253 0.929891 0.941329 0.140217
45 0.515936 0.5 0.939768 0.382609
44 0.512033 0.495652 0.927279 0.397826
21 0.512814 0.502717 0.947573 0.381522
61 0.512814 0.502717 0.947573 0.381522
57 0.502276 0.499457 0.946793 0.38913
35 0.512814 0.502717 0.947573 0.381522
29 0.512033 0.495652 0.927279 0.397826
4 0.512814 0.502717 0.947573 0.381522
28 0.512033 0.495652 0.927279 0.397826
33 0.512033 0.493206 0.925718 0.398369
3 0.512033 0.495652 0.927279 0.397826
2 0.512814 0.502717 0.947573 0.381522
66 0.512814 0.502717 0.947573 0.381522
67 0.512814 0.502717 0.947573 0.381522
36 0.512033 0.493206 0.925718 0.398369
30 0.512814 0.502717 0.947573 0.381522
45 0.521399 0.494565 0.933524 0.4
44 0.505789 0.491848 0.933524 0.406522
57 0.505789 0.492391 0.94289 0.404348
21 0.516716 0.495924 0.941329 0.397283
61 0.516716 0.495924 0.941329 0.397283
29 0.505789 0.492391 0.94289 0.404348
4 0.516716 0.495924 0.941329 0.397283
3 0.505789 0.491848 0.933524 0.406522
35 0.516716 0.495924 0.941329 0.397283
33 0.50774 0.48913 0.935865 0.405435
2 0.516716 0.495924 0.941329 0.397283
66 0.503447 0.48913 0.933524 0.413043
67 0.516716 0.495924 0.941329 0.397283
28 0.505789 0.491848 0.933524 0.406522
31 0.516716 0.495924 0.941329 0.397283
23 0.50735 0.964946 0.938207 0.0701087
45 0.516716 0.498913 0.94289 0.393478
44 0.510472 0.491848 0.949135 0.407609
61 0.515155 0.500272 0.946012 0.391848
21 0.515155 0.500272 0.946012 0.391848
29 0.510082 0.493478 0.953037 0.407609
57 0.510082 0.493478 0.953037 0.407609
3 0.510082 0.493478 0.953037 0.407609
67 0.515155 0.500272 0.946012 0.391848
4 0.515155 0.500272 0.946012 0.391848
36 0.510082 0.493478 0.953037 0.407609
33 0.510472 0.491848 0.949135 0.407609
35 0.510082 0.493478 0.953037 0.407609
66 0.510472 0.491848 0.949135 0.407609
28 0.510082 0.493478 0.953037 0.407609
45 0.516716 0.49538 0.941329 0.40163
44 0.514765 0.496467 0.943671 0.400544
29 0.514765 0.496467 0.943671 0.400544
57 0.50696 0.496739 0.960843 0.397826
21 0.510472 0.500543 0.961623 0.390217
61 0.510472 0.500543 0.961623 0.390217
66 0.50813 0.494837 0.936646 0.403804
4 0.510472 0.500543 0.961623 0.390217
3 0.514765 0.496467 0.943671 0.400544
67 0.510472 0.500543 0.961623 0.390217
35 0.50735 0.496196 0.933524 0.403261
33 0.516716 0.49538 0.941329 0.40163
45 0.505008 0.497011 0.953818 0.395109
44 0.506569 0.491576 0.938207 0.411413
21 0.510862 0.502989 0.956159 0.386413
29 0.503057 0.498913 0.959281 0.394565
61 0.510862 0.502989 0.956159 0.386413
57 0.510472 0.495109 0.938207 0.403261
33 0.510472 0.491576 0.94289 0.408152
66 0.506569 0.491576 0.938207 0.411413
4 0.510862 0.502989 0.956159 0.386413
35 0.505399 0.492391 0.937426 0.409783
2 0.506569 0.491576 0.938207 0.411413
3 0.510472 0.495109 0.938207 0.403261
67 0.512814 0.500815 0.952257 0.386413
30 0.505399 0.492391 0.937426 0.409783
36 0.505399 0.492391 0.937426 0.409783
28 0.505399 0.492391 0.937426 0.409783
31 0.510862 0.502989 0.956159 0.386413
45 0.510472 0.498913 0.950696 0.38913
44 0.502667 0.493207 0.952257 0.397283
2 0.508911 0.501902 0.953818 0.389674
29 0.500715 0.497826 0.959282 0.395652
21 0.508911 0.501902 0.953818 0.389674
57 0.50696 0.494293 0.940549 0.402717
61 0.508911 0.501902 0.953818 0.389674
3 0.50696 0.494293 0.940549 0.402717
4 0.508911 0.501902 0.953818 0.389674
67 0.508911 0.501902 0.953818 0.389674
31 0.500715 0.497826 0.959282 0.395652
33 0.506569 0.489946 0.944451 0.404891
36 0.503057 0.489946 0.938987 0.409239
65 0.502667 0.493207 0.952257 0.397283
60 0.508911 0.501902 0.953818 0.389674
66 0.503057 0.489946 0.938987 0.409239
35 0.503057 0.489946 0.938987 0.409239
28 0.50696 0.494293 0.940549 0.402717
45 0.512814 0.498641 0.95694 0.3875
44 0.509301 0.500815 0.962404 0.3875
21 0.509301 0.500815 0.962404 0.3875
61 0.509301 0.500815 0.962404 0.3875
29 0.508521 0.494837 0.948354 0.399456
33 0.508521 0.492935 0.945232 0.401087
57 0.508521 0.494837 0.948354 0.399456
3 0.508521 0.494837 0.948354 0.399456
67 0.509301 0.500815 0.962404 0.3875
2 0.508521 0.492935 0.945232 0.401087
66 0.508521 0.492935 0.945232 0.401087
35 0.508521 0.494837 0.948354 0.399456
4 0.509301 0.500815 0.962404 0.3875
60 0.509692 0.913587 0.953818 0.172826
31 0.509692 0.913587 0.953818 0.172826
36 0.508521 0.494837 0.948354 0.399456
0 0.505399 0.916848 0.956159 0.166304
62 0.509692 0.913587 0.953818 0.172826
45 0.514375 0.502446 0.955379 0.388587
44 0.511253 0.505435 0.960062 0.383696
66 0.514375 0.496739 0.935085 0.398913
61 0.511253 0.505435 0.960062 0.383696
21 0.511253 0.505435 0.960062 0.383696
57 0.513594 0.498641 0.939768 0.396196
33 0.514375 0.496739 0.935085 0.398913
67 0.514375 0.502446 0.955379 0.388587
29 0.513594 0.498641 0.939768 0.396196
35 0.513594 0.498641 0.939768 0.396196
45 0.510082 0.493207 0.949915 0.407065
44 0.517497 0.496739 0.941329 0.397826
21 0.514375 0.499728 0.947573 0.394022
57 0.510082 0.493207 0.949915 0.407065
61 0.514375 0.499728 0.947573 0.394022
29 0.510082 0.493207 0.949915 0.407065
3 0.510082 0.493207 0.949915 0.407065
67 0.517497 0.496739 0.941329 0.397826
2 0.517497 0.496739 0.941329 0.397826
66 0.506569 0.48913 0.950696 0.415217
35 0.510082 0.493207 0.949915 0.407065
33 0.508911 0.491033 0.946012 0.410326
28 0.510082 0.493207 0.949915 0.407065
45 0.50774 0.497826 0.954598 0.393478
44 0.50813 0.495652 0.950696 0.395652
21 0.512033 0.505978 0.955379 0.377174
61 0.512033 0.505978 0.955379 0.377174
29 0.50774 0.497826 0.954598 0.393478
57 0.50774 0.497826 0.954598 0.393478
3 0.50774 0.497826 0.954598 0.393478
67 0.512033 0.505978 0.955379 0.377174
4 0.514375 0.503804 0.950696 0.379348
35 0.50774 0.497826 0.954598 0.393478
45 0.514765 0.493478 0.953037 0.402174
21 0.511253 0.495652 0.958501 0.397826
44 0.50735 0.493478 0.967867 0.403261
61 0.511253 0.495652 0.958501 0.397826
29 0.50735 0.493478 0.967867 0.403261
57 0.508911 0.491576 0.961623 0.408152
33 0.508911 0.489674 0.958501 0.408696
67 0.503447 0.489674 0.944451 0.41413
3 0.512033 0.492391 0.953818 0.406522
4 0.511253 0.495652 0.958501 0.397826
65 0.508911 0.489674 0.958501 0.408696
35 0.503447 0.489674 0.944451 0.41413
2 0.503447 0.489674 0.944451 0.41413
66 0.503447 0.489674 0.944451 0.41413
28 0.512033 0.492391 0.953818 0.406522
30 0.501886 0.490761 0.944451 0.409783
60 0.503447 0.489674 0.944451 0.41413
23 0.503447 0.489674 0.944451 0.41413
45 0.510082 0.496196 0.960843 0.390217
21 0.50735 0.497826 0.964745 0.388043
61 0.50735 0.497826 0.964745 0.388043
44 0.50696 0.489674 0.951476 0.41087
57 0.508911 0.491848 0.952257 0.403261
29 0.502276 0.494837 0.968648 0.395109
2 0.510082 0.496196 0.960843 0.390217
4 0.50735 0.497826 0.964745 0.388043
36 0.50735 0.497826 0.964745 0.388043
3 0.508911 0.491848 0.952257 0.403261
33 0.503447 0.490761 0.960062 0.404348
35 0.50696 0.489674 0.951476 0.41087
67 0.50735 0.497826 0.964745 0.388043
45 0.513984 0.498913 0.954598 0.386956
44 0.512033 0.49375 0.944451 0.40163
61 0.511253 0.500272 0.960062 0.385326
21 0.511253 0.500272 0.960062 0.385326
29 0.505008 0.493478 0.95694 0.395652
57 0.510862 0.495652 0.948354 0.396739
67 0.511253 0.500272 0.960062 0.385326
31 0.510862 0.495652 0.948354 0.396739
3 0.510862 0.495652 0.948354 0.396739
36 0.511253 0.500272 0.960062 0.385326
2 0.505008 0.493478 0.95694 0.395652
45 0.504228 0.498098 0.97099 0.390761
44 0.50696 0.492935 0.949915 0.402174
61 0.501106 0.500272 0.974112 0.3875
21 0.501106 0.500272 0.974112 0.3875
29 0.505789 0.495109 0.952257 0.398913
67 0.501106 0.500272 0.974112 0.3875
57 0.505789 0.495109 0.952257 0.398913
31 0.505789 0.495109 0.952257 0.398913
36 0.501106 0.500272 0.974112 0.3875
2 0.499545 0.491848 0.961623 0.401087
45 0.515936 0.497826 0.944451 0.391304
44 0.512423 0.493206 0.94211 0.40163
61 0.510082 0.499185 0.954598 0.389674
29 0.510082 0.499185 0.954598 0.389674
36 0.511253 0.494565 0.94289 0.397826
67 0.510082 0.499185 0.954598 0.389674
2 0.511253 0.494565 0.94289 0.397826
31 0.511253 0.494565 0.94289 0.397826
21 0.510082 0.499185 0.954598 0.389674
57 0.511253 0.494565 0.94289 0.397826
3 0.511253 0.494565 0.94289 0.397826
66 0.511253 0.494565 0.94289 0.397826
65 0.506179 0.491848 0.948354 0.4
33 0.506179 0.491848 0.948354 0.4
44 0.504228 0.495109 0.952257 0.4
45 0.512033 0.500815 0.949135 0.388587
61 0.50735 0.50163 0.95694 0.386956
57 0.504228 0.497826 0.952257 0.396739
21 0.50735 0.50163 0.95694 0.386956
67 0.50735 0.50163 0.95694 0.386956
66 0.50735 0.50163 0.95694 0.386956
36 0.50735 0.50163 0.95694 0.386956
29 0.499935 0.492935 0.945232 0.404348
28 0.512033 0.500815 0.949135 0.388587
45 0.515936 0.495109 0.94289 0.394565
44 0.50696 0.490489 0.949915 0.403804
57 0.505008 0.489402 0.950696 0.404891
36 0.505008 0.491576 0.950696 0.400544
29 0.505008 0.491576 0.950696 0.400544
21 0.530376 0.496467 0.918693 0.388587
67 0.530376 0.496467 0.918693 0.388587
61 0.530376 0.496467 0.918693 0.388587
2 0.530376 0.496467 0.918693 0.388587
3 0.505008 0.491576 0.950696 0.400544
45 0.515936 0.502446 0.949135 0.384239
44 0.511643 0.503261 0.95772 0.380435
29 0.50813 0.496739 0.953818 0.393478
21 0.511643 0.503261 0.95772 0.380435
66 0.50735 0.496739 0.952257 0.391304
67 0.511643 0.503261 0.95772 0.380435
57 0.50813 0.496739 0.953818 0.393478
3 0.50813 0.496739 0.953818 0.393478
61 0.511643 0.503261 0.95772 0.380435
31 0.50813 0.496739 0.953818 0.393478
36 0.50813 0.496739 0.953818 0.393478
65 0.50735 0.496739 0.952257 0.391304
45 0.514375 0.494022 0.944451 0.398913
44 0.511643 0.491033 0.948354 0.404891
29 0.510472 0.49212 0.949135 0.404891
36 0.510472 0.49212 0.949135 0.404891
21 0.510472 0.49212 0.949135 0.404891
3 0.510472 0.49212 0.949135 0.404891
57 0.510472 0.49212 0.949135 0.404891
31 0.510472 0.49212 0.949135 0.404891
67 0.512814 0.496196 0.949135 0.396739
61 0.50735 0.489946 0.952257 0.404891
4 0.510472 0.49212 0.949135 0.404891
66 0.510472 0.49212 0.949135 0.404891
65 0.50735 0.489946 0.952257 0.404891
2 0.510472 0.49212 0.949135 0.404891
45 0.512033 0.497554 0.949135 0.394022
44 0.501886 0.497283 0.95694 0.392391
66 0.50696 0.49375 0.946793 0.399456
21 0.510472 0.499457 0.953818 0.388043
57 0.505789 0.491304 0.953818 0.397826
29 0.505789 0.491304 0.953818 0.397826
2 0.505789 0.491304 0.953818 0.397826
61 0.510472 0.499457 0.953818 0.388043
31 0.50696 0.49375 0.946793 0.399456
67 0.510472 0.499457 0.953818 0.388043
4 0.505789 0.491304 0.953818 0.397826
65 0.505789 0.491304 0.953818 0.397826
3 0.50696 0.49375 0.946793 0.399456
56 0.505789 0.491304 0.953818 0.397826
30 0.505789 0.491304 0.953818 0.397826
20 0.510472 0.499457 0.953818 0.388043
36 0.50696 0.49375 0.946793 0.399456
35 0.505789 0.491304 0.953818 0.397826
33 0.510472 0.499457 0.953818 0.388043
45 0.516716 0.497826 0.939768 0.393478
44 0.505789 0.494837 0.949135 0.399456
29 0.505789 0.494837 0.949135 0.399456
21 0.514765 0.500272 0.946793 0.388587
66 0.505789 0.494837 0.949135 0.399456
2 0.505789 0.491576 0.949135 0.40163
57 0.505789 0.494837 0.949135 0.399456
61 0.514765 0.500272 0.946793 0.388587
3 0.505789 0.494837 0.949135 0.399456
33 0.50813 0.492935 0.947573 0.403261
65 0.505789 0.491576 0.949135 0.40163
31 0.505789 0.494837 0.949135 0.399456
67 0.514765 0.500272 0.946793 0.388587
35 0.505789 0.494837 0.949135 0.399456
30 0.505789 0.491576 0.949135 0.40163
4 0.505789 0.491576 0.949135 0.40163
36 0.505789 0.494837 0.949135 0.399456
45 0.512033 0.495109 0.946012 0.398913
44 0.510472 0.497826 0.952257 0.393478
29 0.505008 0.488587 0.947573 0.403261
21 0.510472 0.497826 0.952257 0.393478
61 0.510472 0.497826 0.952257 0.393478
67 0.510472 0.497826 0.952257 0.393478
57 0.506569 0.491576 0.944451 0.405978
36 0.497983 0.489946 0.94289 0.409239
66 0.505008 0.488587 0.947573 0.403261
65 0.505008 0.488587 0.947573 0.403261
30 0.505008 0.488587 0.947573 0.403261
35 0.497983 0.489946 0.94289 0.409239
45 0.510472 0.491848 0.960062 0.402174
44 0.510472 0.491848 0.960062 0.402174
29 0.503057 0.488043 0.953037 0.407609
61 0.50735 0.494293 0.966306 0.398369
67 0.50735 0.494293 0.966306 0.398369
21 0.50735 0.494293 0.966306 0.398369
57 0.509691 0.48913 0.944451 0.408696
36 0.497593 0.4875 0.949915 0.411956
66 0.510472 0.491848 0.960062 0.402174
35 0.497593 0.4875 0.949915 0.411956
44 0.503447 0.489402 0.947573 0.409239
45 0.503447 0.489674 0.950696 0.408696
29 0.503447 0.489674 0.950696 0.408696
36 0.503447 0.489674 0.950696 0.408696
66 0.501496 0.488587 0.954598 0.407609
31 0.503447 0.489674 0.950696 0.408696
3 0.503447 0.489674 0.950696 0.408696
67 0.505789 0.494837 0.955379 0.399456
57 0.503447 0.489674 0.950696 0.408696
65 0.512423 0.490761 0.935865 0.403261
2 0.503447 0.489674 0.950696 0.408696
45 0.514375 0.493478 0.947573 0.402174
44 0.514375 0.493478 0.947573 0.402174
66 0.506569 0.48913 0.950696 0.406522
29 0.506569 0.48913 0.950696 0.406522
67 0.512423 0.496739 0.953037 0.396739
61 0.512423 0.496739 0.953037 0.396739
36 0.512423 0.496739 0.953037 0.396739
57 0.503837 0.489674 0.95772 0.409783
21 0.506569 0.48913 0.950696 0.406522
3 0.503837 0.489674 0.95772 0.409783
65 0.506569 0.48913 0.950696 0.406522
33 0.506569 0.48913 0.950696 0.406522
2 0.512423 0.496739 0.953037 0.396739
45 0.512814 0.497554 0.947573 0.391848
44 0.511643 0.499185 0.951476 0.388587
29 0.505789 0.491576 0.952257 0.400544
57 0.505789 0.491576 0.952257 0.400544
67 0.511643 0.499185 0.951476 0.388587
21 0.505789 0.491576 0.952257 0.400544
36 0.506179 0.492391 0.948354 0.403261
66 0.505789 0.491576 0.952257 0.400544
3 0.506179 0.492391 0.948354 0.403261
61 0.511643 0.499185 0.951476 0.388587
45 0.516716 0.495109 0.952257 0.397826
44 0.515546 0.496739 0.954598 0.395652
29 0.511253 0.491304 0.944451 0.406522
66 0.529205 0.498641 0.930402 0.390761
21 0.529205 0.498641 0.930402 0.390761
2 0.529205 0.498641 0.930402 0.390761
57 0.511253 0.491304 0.944451 0.406522
67 0.529205 0.498641 0.930402 0.390761
3 0.511253 0.491304 0.944451 0.406522
36 0.511253 0.491304 0.944451 0.406522
33 0.508911 0.490489 0.950696 0.405978
61 0.529205 0.498641 0.930402 0.390761
65 0.519058 0.492391 0.94289 0.4
45 0.513594 0.49375 0.955379 0.399456
44 0.512033 0.496196 0.958501 0.395652
29 0.512814 0.491576 0.94289 0.404891
3 0.512814 0.491576 0.94289 0.404891
57 0.512814 0.491576 0.94289 0.404891
2 0.526083 0.497283 0.933524 0.391304
67 0.512033 0.496196 0.958501 0.395652
36 0.512814 0.491576 0.94289 0.404891
61 0.512033 0.496196 0.958501 0.395652
21 0.512033 0.496196 0.958501 0.395652
66 0.512033 0.496196 0.958501 0.395652
60 0.526083 0.497283 0.933524 0.391304
65 0.526083 0.497283 0.933524 0.391304
20 0.526083 0.497283 0.933524 0.391304
31 0.512814 0.491576 0.94289 0.404891
44 0.512814 0.49837 0.960062 0.391304
45 0.513594 0.496739 0.95694 0.395652
67 0.527644 0.498641 0.928841 0.390761
36 0.50813 0.493478 0.95694 0.401087
29 0.50813 0.493478 0.95694 0.401087
66 0.527644 0.498641 0.928841 0.390761
2 0.527644 0.498641 0.928841 0.390761
57 0.506179 0.491304 0.960843 0.402174
3 0.50813 0.493478 0.95694 0.401087
61 0.527644 0.5 0.928841 0.38913
65 0.527644 0.498641 0.928841 0.390761
45 0.512814 0.49212 0.958501 0.404891
44 0.511253 0.492935 0.958501 0.402174
66 0.512033 0.488587 0.958501 0.409783
21 0.511253 0.492935 0.958501 0.402174
29 0.512033 0.488587 0.958501 0.409783
57 0.512033 0.487772 0.95694 0.411413
67 0.511253 0.492935 0.958501 0.402174
61 0.511253 0.492935 0.958501 0.402174
3 0.50813 0.48913 0.95694 0.408696
36 0.511253 0.492935 0.958501 0.402174
65 0.512033 0.488587 0.958501 0.409783
2 0.511253 0.492935 0.958501 0.402174
35 0.511253 0.492935 0.958501 0.402174
33 0.511253 0.489674 0.95694 0.408696
20 0.511253 0.492935 0.958501 0.402174
31 0.511253 0.492935 0.958501 0.402174
4 0.511253 0.492935 0.958501 0.402174
30 0.511253 0.492935 0.958501 0.402174
45 0.511253 0.494565 0.960062 0.401087
44 0.508911 0.496467 0.961623 0.397283
66 0.509301 0.490217 0.954598 0.408696
21 0.508911 0.496467 0.961623 0.397283
29 0.508911 0.496467 0.961623 0.397283
61 0.508911 0.496467 0.961623 0.397283
3 0.508911 0.491304 0.949135 0.407609
57 0.512423 0.489402 0.948354 0.410326
67 0.508911 0.496467 0.961623 0.397283
36 0.508911 0.496467 0.961623 0.397283
33 0.511253 0.491576 0.947573 0.408152
35 0.508911 0.496467 0.961623 0.397283
31 0.508911 0.496467 0.961623 0.397283
2 0.508911 0.496467 0.961623 0.397283
45 0.50735 0.490761 0.967867 0.404348
44 0.505789 0.491848 0.967867 0.402174
21 0.505789 0.491848 0.967867 0.402174
57 0.510082 0.489674 0.951476 0.407609
61 0.505789 0.491848 0.967867 0.402174
29 0.510082 0.489674 0.951476 0.407609
3 0.510082 0.489674 0.951476 0.407609
66 0.50735 0.488043 0.961623 0.406522
4 0.505789 0.491848 0.967867 0.402174
33 0.512423 0.489402 0.948354 0.407065
67 0.505789 0.491848 0.967867 0.402174
36 0.510082 0.489674 0.951476 0.407609
31 0.510082 0.489674 0.951476 0.407609
65 0.50735 0.488043 0.961623 0.406522
2 0.505789 0.491848 0.967867 0.402174
45 0.511253 0.49538 0.963184 0.399457
44 0.512423 0.491576 0.95772 0.407065
2 0.524131 0.496467 0.937426 0.395109
21 0.524131 0.496467 0.937426 0.395109
61 0.524131 0.496467 0.937426 0.395109
36 0.511253 0.493207 0.960062 0.407065
3 0.511253 0.493207 0.960062 0.407065
29 0.511253 0.493207 0.960062 0.407065
65 0.514375 0.491848 0.953818 0.401087
57 0.50735 0.489674 0.966306 0.406522
67 0.524131 0.496467 0.937426 0.395109
60 0.524131 0.496467 0.937426 0.395109
31 0.524131 0.496467 0.937426 0.395109
4 0.524131 0.496467 0.937426 0.395109
20 0.524131 0.496467 0.937426 0.395109
33 0.512423 0.491576 0.95772 0.407065
30 0.524131 0.496467 0.937426 0.395109
66 0.524131 0.496467 0.937426 0.395109
44 0.511253 0.490489 0.961623 0.408152
45 0.512814 0.493478 0.963184 0.401087
66 0.508911 0.489402 0.964745 0.408152
36 0.509691 0.490761 0.961623 0.406522
2 0.526473 0.494565 0.932743 0.396739
67 0.526473 0.494565 0.932743 0.396739
20 0.526473 0.494565 0.932743 0.396739
29 0.509691 0.490761 0.961623 0.406522
65 0.526473 0.494565 0.932743 0.396739
3 0.509691 0.490761 0.961623 0.406522
57 0.509691 0.490761 0.961623 0.406522
61 0.526473 0.494565 0.932743 0.396739
60 0.526473 0.494565 0.932743 0.396739
31 0.509691 0.490761 0.961623 0.406522
30 0.526473 0.494565 0.932743 0.396739
45 0.513204 0.492935 0.960843 0.401087
44 0.509692 0.489674 0.963184 0.407609
29 0.508911 0.491304 0.961623 0.406522
61 0.510472 0.495109 0.964745 0.397826
21 0.510472 0.495109 0.964745 0.397826
2 0.508911 0.491304 0.961623 0.406522
3 0.508911 0.491304 0.961623 0.406522
66 0.509692 0.489674 0.963184 0.407609
57 0.508911 0.491304 0.961623 0.406522
36 0.508911 0.491304 0.961623 0.406522
67 0.510472 0.495109 0.964745 0.397826
33 0.511253 0.490761 0.960062 0.406522
31 0.508911 0.491304 0.961623 0.406522
45 0.511253 0.493206 0.955379 0.403804
44 0.508521 0.489402 0.959281 0.408152
21 0.50813 0.49538 0.960062 0.400543
61 0.50813 0.49538 0.960062 0.400543
29 0.506569 0.491304 0.95694 0.408696
66 0.508521 0.489402 0.959281 0.408152
3 0.506569 0.491304 0.95694 0.408696
36 0.506569 0.491304 0.95694 0.408696
2 0.50813 0.49538 0.960062 0.400543
33 0.508521 0.490761 0.956159 0.409783
67 0.50813 0.49538 0.960062 0.400543
57 0.506569 0.491304 0.95694 0.408696
31 0.506569 0.491304 0.95694 0.408696
35 0.50813 0.49538 0.960062 0.400543
45 0.510472 0.493478 0.955379 0.4
44 0.512814 0.490217 0.947573 0.406522
29 0.510082 0.490217 0.949915 0.406522
21 0.525302 0.494565 0.928841 0.397826
61 0.508911 0.494565 0.958501 0.397826
36 0.510082 0.490217 0.949915 0.406522
2 0.525302 0.494565 0.928841 0.397826
3 0.510082 0.490217 0.949915 0.406522
30 0.525302 0.494565 0.928841 0.397826
67 0.525302 0.494565 0.928841 0.397826
57 0.510082 0.490217 0.949915 0.406522
66 0.525302 0.494565 0.928841 0.397826
65 0.514765 0.490217 0.943671 0.4
60 0.525302 0.494565 0.928841 0.397826
4 0.525302 0.494565 0.928841 0.397826
45 0.50735 0.492391 0.967867 0.397826
44 0.504618 0.490489 0.970209 0.402717
61 0.50735 0.49375 0.967867 0.395109
36 0.50735 0.49375 0.967867 0.395109
21 0.50735 0.49375 0.967867 0.395109
66 0.505789 0.488587 0.967867 0.404348
29 0.50813 0.490217 0.960062 0.404348
67 0.50735 0.49375 0.967867 0.395109
3 0.50813 0.490217 0.960062 0.404348
2 0.50735 0.49375 0.967867 0.395109
57 0.50813 0.490217 0.960062 0.404348
65 0.505789 0.488587 0.967867 0.404348
45 0.505008 0.493206 0.967867 0.399456
44 0.504228 0.491304 0.966306 0.404348
36 0.504228 0.49375 0.967867 0.398369
2 0.504228 0.49375 0.967867 0.398369
61 0.504228 0.49375 0.967867 0.398369
66 0.504228 0.491304 0.966306 0.404348
29 0.506569 0.490217 0.95694 0.405435
21 0.504228 0.49375 0.967867 0.398369
67 0.504228 0.49375 0.967867 0.398369
31 0.504228 0.49375 0.967867 0.398369
65 0.504228 0.491304 0.966306 0.404348
57 0.500715 0.490489 0.953037 0.408152
3 0.506569 0.490217 0.95694 0.405435
33 0.500715 0.490489 0.953037 0.408152
45 0.510082 0.495109 0.959282 0.393478
44 0.501886 0.493478 0.969429 0.397826
2 0.50735 0.496739 0.961623 0.391304
61 0.50735 0.496739 0.961623 0.391304
21 0.50735 0.496739 0.961623 0.391304
36 0.50735 0.496739 0.961623 0.391304
29 0.510472 0.491848 0.949135 0.401087
57 0.510472 0.489674 0.952257 0.406522
67 0.50735 0.496739 0.961623 0.391304
31 0.50735 0.496739 0.961623 0.391304
66 0.506569 0.490761 0.960062 0.404348
3 0.510472 0.491848 0.949135 0.401087
33 0.499935 0.489946 0.945232 0.404891
65 0.506569 0.490761 0.960062 0.404348
23 0.499935 0.489946 0.945232 0.404891
35 0.50735 0.496739 0.961623 0.391304
4 0.50735 0.496739 0.961623 0.391304
30 0.50735 0.496739 0.961623 0.391304
60 0.50735 0.496739 0.961623 0.391304
45 0.510472 0.494565 0.958501 0.395652
44 0.506179 0.491033 0.95772 0.402717
61 0.50813 0.496467 0.963184 0.394022
21 0.50813 0.496467 0.963184 0.394022
29 0.50813 0.492391 0.950696 0.402174
36 0.50813 0.492391 0.950696 0.402174
66 0.50813 0.492391 0.950696 0.402174
67 0.50813 0.496467 0.963184 0.394022
33 0.509301 0.491304 0.951476 0.403261
3 0.50813 0.492391 0.950696 0.402174
65 0.506179 0.491033 0.95772 0.402717
57 0.50813 0.492391 0.950696 0.402174
2 0.50813 0.496467 0.963184 0.394022
35 0.50813 0.496467 0.963184 0.394022
60 0.525302 0.49837 0.928841 0.390217
45 0.510472 0.490761 0.964745 0.403261
44 0.510472 0.490761 0.964745 0.403261
61 0.510472 0.490761 0.964745 0.403261
21 0.508911 0.492391 0.964745 0.403261
67 0.508911 0.492391 0.964745 0.403261
29 0.510472 0.489402 0.952257 0.409239
66 0.506569 0.488859 0.966306 0.407065
2 0.508911 0.492391 0.964745 0.403261
57 0.510472 0.489402 0.952257 0.409239
31 0.508911 0.492391 0.964745 0.403261
3 0.510472 0.489402 0.952257 0.409239
36 0.508911 0.492391 0.964745 0.403261
33 0.512033 0.48913 0.952257 0.407609
65 0.506569 0.488859 0.966306 0.407065
4 0.508911 0.492391 0.964745 0.403261
45 0.509691 0.492391 0.958501 0.4
44 0.505399 0.490489 0.962404 0.403804
21 0.506569 0.49375 0.960062 0.398369
61 0.509691 0.492391 0.958501 0.4
66 0.505399 0.490489 0.962404 0.403804
29 0.508911 0.490217 0.952257 0.405435
2 0.506569 0.49375 0.960062 0.398369
57 0.508911 0.490217 0.952257 0.405435
36 0.506569 0.49375 0.960062 0.398369
67 0.506569 0.49375 0.960062 0.398369
33 0.497983 0.490217 0.944451 0.406522
3 0.505789 0.491304 0.949135 0.404348
65 0.505399 0.490489 0.962404 0.403804
31 0.506569 0.49375 0.960062 0.398369
45 0.511253 0.493478 0.960062 0.398913
44 0.505008 0.492935 0.963184 0.403261
66 0.510862 0.490489 0.954598 0.403804
2 0.508911 0.495652 0.961623 0.396739
29 0.515546 0.490761 0.94211 0.405435
21 0.508911 0.495652 0.961623 0.396739
3 0.512814 0.492935 0.94289 0.404348
61 0.508911 0.495652 0.961623 0.396739
36 0.512814 0.492935 0.94289 0.404348
67 0.508911 0.495652 0.961623 0.396739
57 0.515546 0.490761 0.94211 0.405435
33 0.515155 0.49212 0.941329 0.404891
31 0.512814 0.492935 0.94289 0.404348
65 0.510862 0.490489 0.954598 0.403804
45 0.510472 0.490217 0.952257 0.407609
44 0.510472 0.488587 0.95694 0.408696
29 0.511253 0.488859 0.950696 0.410326
61 0.511253 0.488859 0.950696 0.410326
21 0.509692 0.491576 0.963184 0.403804
2 0.509692 0.491576 0.963184 0.403804
57 0.511253 0.488859 0.950696 0.410326
3 0.510472 0.490217 0.952257 0.407609
36 0.511253 0.488859 0.950696 0.410326
31 0.510472 0.490217 0.952257 0.407609
67 0.509692 0.491576 0.963184 0.403804
33 0.511253 0.488859 0.950696 0.410326
66 0.510472 0.488587 0.95694 0.408696
45 0.509692 0.492391 0.955379 0.405435
44 0.508911 0.489946 0.963184 0.402717
21 0.508911 0.489946 0.963184 0.402717
29 0.509692 0.492391 0.955379 0.405435
61 0.508911 0.489946 0.963184 0.402717
36 0.509692 0.492391 0.955379 0.405435
2 0.509692 0.492391 0.955379 0.405435
3 0.509692 0.492391 0.955379 0.405435
31 0.509692 0.492391 0.955379 0.405435
67 0.509692 0.496196 0.963184 0.396739
65 0.515546 0.490761 0.951476 0.396739
66 0.508911 0.489946 0.963184 0.402717
60 0.528424 0.496467 0.928841 0.395109
57 0.509692 0.492391 0.955379 0.405435
4 0.508911 0.489946 0.963184 0.402717
30 0.528424 0.496467 0.928841 0.395109
45 0.50696 0.489946 0.956159 0.405978
44 0.506569 0.488859 0.961623 0.404891
29 0.50696 0.489946 0.956159 0.405978
2 0.50813 0.491304 0.963184 0.402174
21 0.50813 0.491304 0.963184 0.402174
61 0.50813 0.491304 0.963184 0.402174
36 0.50813 0.491304 0.963184 0.402174
31 0.50696 0.489946 0.956159 0.405978
3 0.50696 0.489946 0.956159 0.405978
65 0.515936 0.489402 0.947573 0.399456
66 0.506569 0.488859 0.961623 0.404891
67 0.50813 0.491304 0.963184 0.402174
33 0.50774 0.489674 0.954598 0.405435
57 0.508521 0.48913 0.953037 0.406522
4 0.50813 0.491304 0.963184 0.402174
35 0.50813 0.491304 0.963184 0.402174
45 0.508911 0.489674 0.953818 0.405435
44 0.514375 0.489674 0.950696 0.398913
29 0.50735 0.48913 0.955379 0.406522
61 0.508521 0.489402 0.953037 0.405978
21 0.50774 0.491848 0.963965 0.401087
2 0.50735 0.48913 0.955379 0.406522
3 0.50735 0.48913 0.955379 0.406522
36 0.50735 0.48913 0.955379 0.406522
31 0.50735 0.48913 0.955379 0.406522
65 0.514375 0.489674 0.950696 0.398913
66 0.506569 0.48913 0.963184 0.404348
33 0.508911 0.489674 0.953818 0.405435
4 0.50735 0.48913 0.955379 0.406522
67 0.50774 0.491848 0.963965 0.401087
57 0.508521 0.489402 0.953037 0.405978
35 0.508521 0.489402 0.953037 0.405978
60 0.528034 0.492391 0.926499 0.397826
39 0.508521 0.489402 0.953037 0.405978
45 0.505789 0.490761 0.95694 0.405435
44 0.506569 0.489674 0.960062 0.405435
61 0.50813 0.489674 0.953818 0.406522
21 0.509301 0.494293 0.960843 0.397283
29 0.50813 0.489674 0.953818 0.406522
36 0.509301 0.494293 0.960843 0.397283
2 0.509301 0.494293 0.960843 0.397283
66 0.506569 0.489674 0.960062 0.405435
65 0.506569 0.489674 0.960062 0.405435
3 0.505789 0.490761 0.95694 0.405435
35 0.50813 0.489674 0.953818 0.406522
67 0.509301 0.494293 0.960843 0.397283
33 0.498764 0.489674 0.944451 0.408696
57 0.50813 0.489674 0.953818 0.406522
31 0.505789 0.490761 0.95694 0.405435
4 0.50813 0.489674 0.953818 0.406522
23 0.498764 0.489674 0.944451 0.408696
30 0.50813 0.489674 0.953818 0.406522
45 0.513594 0.491848 0.952257 0.401087
44 0.509691 0.489402 0.95694 0.404891
66 0.509691 0.489402 0.95694 0.404891
29 0.512033 0.489402 0.949135 0.405978
21 0.510472 0.49375 0.955379 0.400543
61 0.510472 0.49375 0.955379 0.400543
36 0.510472 0.49375 0.955379 0.400543
2 0.510472 0.49375 0.955379 0.400543
57 0.512033 0.489402 0.949135 0.405978
67 0.510472 0.49375 0.955379 0.400543
35 0.512033 0.489402 0.949135 0.405978
3 0.509301 0.491576 0.948354 0.405978
31 0.509301 0.491576 0.948354 0.405978
65 0.509691 0.489402 0.95694 0.404891
45 0.50813 0.490489 0.950696 0.405978
44 0.511253 0.493206 0.953818 0.399456
21 0.511253 0.493206 0.953818 0.399456
29 0.50813 0.490489 0.950696 0.405978
61 0.511253 0.493206 0.953818 0.399456
2 0.511253 0.493206 0.953818 0.399456
3 0.50813 0.490489 0.950696 0.405978
36 0.511253 0.493206 0.953818 0.399456
57 0.50813 0.490489 0.950696 0.405978
4 0.511253 0.493206 0.953818 0.399456
31 0.50813 0.490489 0.950696 0.405978
65 0.510082 0.489402 0.953037 0.405978
67 0.511253 0.493206 0.953818 0.399456
66 0.510082 0.489402 0.953037 0.405978
45 0.506569 0.490489 0.947573 0.405978
44 0.508911 0.488587 0.955379 0.405435
21 0.508911 0.488587 0.955379 0.405435
61 0.508911 0.488587 0.955379 0.405435
29 0.506569 0.490489 0.947573 0.405978
36 0.506569 0.490489 0.947573 0.405978
3 0.506569 0.490489 0.947573 0.405978
4 0.508911 0.488587 0.955379 0.405435
2 0.511253 0.492391 0.953818 0.402174
57 0.508911 0.488587 0.955379 0.405435
65 0.508911 0.488587 0.955379 0.405435
66 0.508911 0.488587 0.955379 0.405435
35 0.509301 0.48913 0.948354 0.407609
31 0.506569 0.490489 0.947573 0.405978
67 0.511253 0.492391 0.953818 0.402174
45 0.509691 0.48913 0.958501 0.406522
44 0.511253 0.494837 0.95694 0.402717
21 0.529205 0.495109 0.927279 0.401087
29 0.509692 0.491848 0.950696 0.408696
2 0.529205 0.495109 0.927279 0.401087
61 0.509691 0.48913 0.958501 0.406522
36 0.509692 0.491848 0.950696 0.408696
65 0.518277 0.489946 0.94289 0.402717
3 0.509692 0.491848 0.950696 0.408696
66 0.509691 0.48913 0.958501 0.406522
31 0.509692 0.491848 0.950696 0.408696
60 0.529205 0.495109 0.927279 0.401087
30 0.529205 0.495109 0.927279 0.401087
57 0.509691 0.48913 0.958501 0.406522
67 0.529205 0.495109 0.927279 0.401087
33 0.518277 0.489946 0.94289 0.402717
39 0.529205 0.495109 0.927279 0.401087
35 0.529205 0.495109 0.927279 0.401087
4 0.529205 0.495109 0.927279 0.401087
45 0.505008 0.491033 0.949135 0.410326
44 0.509301 0.492663 0.954598 0.407065
29 0.505008 0.491033 0.949135 0.410326
21 0.50813 0.488859 0.955379 0.410326
36 0.505008 0.491033 0.949135 0.410326
61 0.509301 0.492663 0.954598 0.407065
2 0.505008 0.491033 0.949135 0.410326
3 0.505008 0.491033 0.949135 0.410326
31 0.505008 0.491033 0.949135 0.410326
57 0.508911 0.489674 0.950696 0.411957
67 0.509301 0.492663 0.954598 0.407065
65 0.50813 0.488859 0.955379 0.410326
4 0.509301 0.492663 0.954598 0.407065
45 0.50813 0.491304 0.950696 0.408696
44 0.505789 0.492391 0.961623 0.405435
21 0.506569 0.488587 0.963184 0.409783
29 0.50813 0.491304 0.950696 0.408696
61 0.506569 0.488587 0.963184 0.409783
36 0.50813 0.491304 0.950696 0.408696
2 0.50813 0.491304 0.950696 0.408696
3 0.50813 0.491304 0.950696 0.408696
65 0.506569 0.488587 0.963184 0.409783
31 0.50813 0.491304 0.950696 0.408696
4 0.506569 0.488587 0.963184 0.409783
66 0.525302 0.491576 0.930402 0.405978
57 0.506569 0.488587 0.963184 0.409783
60 0.525302 0.491576 0.930402 0.405978
30 0.525302 0.491576 0.930402 0.405978
67 0.505789 0.492391 0.961623 0.405435
45 0.514375 0.492391 0.947573 0.404348
44 0.50696 0.495109 0.962404 0.398913
21 0.526083 0.494565 0.930402 0.398913
29 0.512814 0.492391 0.947573 0.404348
2 0.526083 0.494565 0.930402 0.398913
36 0.512814 0.492391 0.947573 0.404348
61 0.526083 0.494565 0.930402 0.398913
3 0.512814 0.492391 0.947573 0.404348
65 0.513984 0.490489 0.949915 0.40163
60 0.526083 0.494565 0.930402 0.398913
31 0.512814 0.492391 0.947573 0.404348
67 0.526083 0.494565 0.930402 0.398913
66 0.526083 0.494565 0.930402 0.398913
4 0.526083 0.494565 0.930402 0.398913
30 0.526083 0.494565 0.930402 0.398913
35 0.526083 0.494565 0.930402 0.398913
39 0.526083 0.494565 0.930402 0.398913
57 0.512814 0.492391 0.947573 0.404348
0 0.512814 0.492391 0.947573 0.404348
33 0.513984 0.490489 0.949915 0.40163
45 0.508911 0.492663 0.955379 0.403804
44 0.508911 0.493478 0.961623 0.401087
21 0.510472 0.489674 0.961623 0.406522
2 0.510472 0.489674 0.961623 0.406522
61 0.510472 0.489674 0.961623 0.406522
29 0.508911 0.492663 0.955379 0.403804
36 0.510472 0.489674 0.961623 0.406522
33 0.511253 0.492391 0.955379 0.405435
3 0.508911 0.492663 0.955379 0.403804
65 0.510472 0.489674 0.961623 0.406522
60 0.510472 0.489674 0.961623 0.406522
66 0.508911 0.493478 0.961623 0.401087
31 0.508911 0.492663 0.955379 0.403804
4 0.510472 0.489674 0.961623 0.406522
57 0.510472 0.489674 0.961623 0.406522
67 0.510472 0.489674 0.961623 0.406522
30 0.510472 0.489674 0.961623 0.406522
35 0.508911 0.493478 0.961623 0.401087
45 0.50735 0.492391 0.955379 0.406522
44 0.50813 0.495109 0.960062 0.398913
21 0.509691 0.489674 0.961623 0.405435
61 0.509691 0.489674 0.961623 0.405435
29 0.50735 0.492391 0.955379 0.406522
36 0.50813 0.495109 0.960062 0.398913
66 0.509691 0.489674 0.961623 0.405435
65 0.509691 0.489674 0.961623 0.405435
3 0.50735 0.492391 0.955379 0.406522
2 0.509691 0.489674 0.961623 0.405435
4 0.509691 0.489674 0.961623 0.405435
31 0.50735 0.492391 0.955379 0.406522
30 0.509691 0.489674 0.961623 0.405435
35 0.509691 0.489674 0.961623 0.405435
67 0.50813 0.495109 0.960062 0.398913
33 0.512033 0.490761 0.955379 0.406522
45 0.509692 0.492663 0.950696 0.402717
44 0.508911 0.496196 0.961623 0.395652
21 0.510472 0.490761 0.960062 0.403261
61 0.510472 0.490761 0.960062 0.403261
29 0.509692 0.492663 0.950696 0.402717
2 0.510472 0.490761 0.960062 0.403261
36 0.510472 0.490761 0.960062 0.403261
65 0.510472 0.490761 0.960062 0.403261
3 0.509692 0.492663 0.950696 0.402717
66 0.510472 0.490761 0.960062 0.403261
33 0.512033 0.492391 0.950696 0.403261
31 0.509692 0.492663 0.950696 0.402717
4 0.510472 0.490761 0.960062 0.403261
60 0.510472 0.490761 0.960062 0.403261
67 0.510472 0.490761 0.960062 0.403261
57 0.510472 0.490761 0.960062 0.403261
45 0.510082 0.493478 0.953037 0.404348
44 0.510472 0.491033 0.961623 0.404891
21 0.510472 0.491033 0.961623 0.404891
61 0.510472 0.491033 0.961623 0.404891
29 0.510082 0.493478 0.953037 0.404348
36 0.510082 0.493478 0.953037 0.404348
66 0.510472 0.491033 0.961623 0.404891
3 0.510082 0.493478 0.953037 0.404348
2 0.510472 0.496467 0.960062 0.397283
65 0.510472 0.491033 0.961623 0.404891
57 0.510082 0.493478 0.953037 0.404348
4 0.510472 0.491033 0.961623 0.404891
33 0.512033 0.492935 0.952257 0.405435
67 0.510472 0.496467 0.960062 0.397283
35 0.510472 0.491033 0.961623 0.404891
45 0.512033 0.492935 0.946012 0.405435
44 0.509301 0.491848 0.960843 0.405435
21 0.509301 0.491848 0.960843 0.405435
61 0.509301 0.491848 0.960843 0.405435
29 0.512033 0.492935 0.946012 0.405435
66 0.509301 0.491848 0.960843 0.405435
36 0.501106 0.492935 0.946012 0.409783
2 0.509691 0.497283 0.961623 0.396739
3 0.501106 0.492935 0.946012 0.409783
67 0.509691 0.497283 0.961623 0.396739
65 0.509301 0.491848 0.960843 0.405435
33 0.501106 0.492935 0.946012 0.409783
31 0.501106 0.492935 0.946012 0.409783
57 0.501106 0.492935 0.946012 0.409783
35 0.509691 0.497283 0.961623 0.396739
4 0.509301 0.491848 0.960843 0.405435
45 0.50813 0.492663 0.947573 0.40163
44 0.510082 0.496467 0.954598 0.394022
29 0.50813 0.492663 0.947573 0.40163
61 0.508911 0.491304 0.955379 0.401087
36 0.50813 0.492663 0.947573 0.40163
21 0.508911 0.491304 0.955379 0.401087
2 0.510082 0.496467 0.954598 0.394022
67 0.510082 0.496467 0.954598 0.394022
3 0.50813 0.492663 0.947573 0.40163
31 0.50813 0.492663 0.947573 0.40163
66 0.508911 0.491304 0.955379 0.401087
57 0.510472 0.490761 0.949135 0.403261
65 0.508911 0.491304 0.955379 0.401087
35 0.510082 0.496467 0.954598 0.394022
45 0.511253 0.491848 0.944451 0.404348
44 0.508521 0.490761 0.962404 0.404348
29 0.513985 0.490489 0.946793 0.405978
36 0.50735 0.496196 0.964745 0.394565
21 0.508521 0.490761 0.962404 0.404348
61 0.508521 0.490761 0.962404 0.404348
2 0.50735 0.496196 0.964745 0.394565
66 0.508521 0.490761 0.962404 0.404348
31 0.511253 0.491848 0.944451 0.404348
3 0.500715 0.491033 0.94211 0.408152
65 0.508521 0.490761 0.962404 0.404348
67 0.50735 0.496196 0.964745 0.394565
57 0.500715 0.491033 0.94211 0.408152
45 0.512033 0.492391 0.947573 0.404348
44 0.510082 0.490489 0.960843 0.405978
21 0.510082 0.490489 0.960843 0.405978
61 0.510082 0.490489 0.960843 0.405978
29 0.514765 0.490489 0.948354 0.407065
36 0.508911 0.49538 0.963184 0.39837
2 0.508911 0.49538 0.963184 0.39837
35 0.514765 0.490489 0.948354 0.407065
66 0.510082 0.490489 0.960843 0.405978
65 0.510082 0.490489 0.960843 0.405978
3 0.500325 0.490761 0.94289 0.407609
67 0.500325 0.490761 0.94289 0.407609
57 0.514765 0.490489 0.948354 0.407065
4 0.510082 0.490489 0.960843 0.405978
33 0.500325 0.490761 0.94289 0.407609
30 0.514765 0.490489 0.948354 0.407065
23 0.500325 0.490761 0.94289 0.407609
31 0.512033 0.492391 0.947573 0.404348
45 0.509692 0.490761 0.950696 0.404348
44 0.511643 0.48913 0.959282 0.405435
21 0.510472 0.494022 0.961623 0.397826
29 0.511253 0.48913 0.953818 0.406522
61 0.511253 0.48913 0.953818 0.406522
2 0.510472 0.494022 0.961623 0.397826
36 0.510472 0.494022 0.961623 0.397826
66 0.511643 0.48913 0.959282 0.405435
3 0.499935 0.489946 0.945232 0.407065
67 0.510472 0.494022 0.961623 0.397826
57 0.499935 0.489946 0.945232 0.407065
31 0.509692 0.490761 0.950696 0.404348
65 0.511643 0.48913 0.959282 0.405435
35 0.511253 0.48913 0.953818 0.406522
4 0.510472 0.494022 0.961623 0.397826
45 0.508911 0.491304 0.952257 0.405435
44 0.511253 0.490217 0.95694 0.406522
21 0.511253 0.490217 0.95694 0.406522
61 0.511253 0.490217 0.95694 0.406522
29 0.508911 0.491304 0.952257 0.405435
2 0.511253 0.493478 0.958501 0.4
36 0.510472 0.490217 0.953818 0.407609
3 0.508911 0.491304 0.952257 0.405435
67 0.511253 0.493478 0.958501 0.4
66 0.511253 0.490217 0.95694 0.406522
31 0.508911 0.491304 0.952257 0.405435
57 0.508911 0.491304 0.952257 0.405435
4 0.511253 0.490217 0.95694 0.406522
65 0.511253 0.490217 0.95694 0.406522
35 0.510472 0.490217 0.953818 0.407609
45 0.510472 0.491848 0.949135 0.404348
44 0.508911 0.493478 0.960062 0.4
29 0.510472 0.491848 0.949135 0.404348
21 0.508911 0.493478 0.960062 0.4
61 0.509691 0.490217 0.960062 0.405435
36 0.510472 0.491848 0.949135 0.404348
2 0.510472 0.491848 0.949135 0.404348
3 0.510472 0.491848 0.949135 0.404348
31 0.510472 0.491848 0.949135 0.404348
66 0.508911 0.493478 0.960062 0.4
67 0.508911 0.493478 0.960062 0.4
57 0.510472 0.491848 0.949135 0.404348
65 0.515155 0.489946 0.946012 0.402717
4 0.510472 0.491848 0.949135 0.404348
45 0.510472 0.491576 0.952257 0.405978
44 0.512033 0.493478 0.958501 0.402174
29 0.510472 0.491576 0.952257 0.405978
2 0.510472 0.491576 0.952257 0.405978
36 0.510472 0.491576 0.952257 0.405978
21 0.529985 0.491848 0.931963 0.404348
61 0.511253 0.489946 0.960062 0.407065
31 0.510472 0.491576 0.952257 0.405978
3 0.510472 0.491576 0.952257 0.405978
65 0.516716 0.489674 0.947573 0.404348
66 0.512033 0.493478 0.958501 0.402174
60 0.529985 0.491848 0.931963 0.404348
67 0.529985 0.491848 0.931963 0.404348
57 0.510472 0.491576 0.952257 0.405978
4 0.510472 0.491576 0.952257 0.405978
33 0.516716 0.489674 0.947573 0.404348
30 0.529985 0.491848 0.931963 0.404348
35 0.510472 0.491576 0.952257 0.405978
45 0.510472 0.492663 0.960062 0.40163
44 0.508911 0.491033 0.963184 0.405978
21 0.508911 0.491033 0.963184 0.405978
61 0.509691 0.491304 0.95694 0.406522
29 0.50735 0.492391 0.955379 0.404348
2 0.508911 0.494022 0.961623 0.4
36 0.499154 0.491848 0.945232 0.406522
3 0.499154 0.491848 0.945232 0.406522
4 0.508911 0.494022 0.961623 0.4
57 0.509691 0.491304 0.95694 0.406522
67 0.499154 0.491848 0.945232 0.406522
31 0.508911 0.494022 0.961623 0.4
33 0.509691 0.491304 0.95694 0.406522
65 0.508911 0.491033 0.963184 0.405978
66 0.508911 0.491033 0.963184 0.405978
45 0.509692 0.49212 0.953818 0.403804
44 0.510472 0.494022 0.961623 0.398913
29 0.509692 0.49212 0.953818 0.403804
21 0.510472 0.494022 0.961623 0.398913
61 0.512814 0.490761 0.953818 0.405435
2 0.510472 0.494022 0.961623 0.398913
36 0.510472 0.494022 0.961623 0.398913
31 0.509692 0.49212 0.953818 0.403804
3 0.509692 0.49212 0.953818 0.403804
67 0.510472 0.494022 0.961623 0.398913
57 0.509692 0.49212 0.953818 0.403804
66 0.510472 0.494022 0.961623 0.398913
45 0.511253 0.492391 0.949135 0.404348
44 0.511253 0.494565 0.958501 0.4
61 0.514375 0.490761 0.949134 0.405435
29 0.511253 0.492391 0.949135 0.404348
21 0.516326 0.491033 0.948354 0.402717
36 0.511253 0.492391 0.949135 0.404348
2 0.511253 0.494565 0.958501 0.4
65 0.516326 0.491033 0.948354 0.402717
31 0.511253 0.492391 0.949135 0.404348
66 0.516326 0.491033 0.948354 0.402717
3 0.511253 0.492391 0.949135 0.404348
67 0.511253 0.494565 0.958501 0.4
35 0.514375 0.490761 0.949134 0.405435
45 0.512814 0.492391 0.95694 0.403261
44 0.510862 0.49375 0.959282 0.40163
21 0.510862 0.490761 0.960843 0.406522
61 0.510862 0.491033 0.956159 0.407065
29 0.50774 0.492391 0.954598 0.406522
36 0.510862 0.49375 0.959282 0.40163
2 0.510862 0.49375 0.959282 0.40163
66 0.510862 0.490761 0.960843 0.406522
67 0.510862 0.49375 0.959282 0.40163
31 0.510862 0.49375 0.959282 0.40163
57 0.510862 0.491033 0.956159 0.407065
3 0.499154 0.491848 0.94211 0.408696
45 0.511643 0.490761 0.95772 0.403261
44 0.505399 0.491033 0.959282 0.405978
21 0.509691 0.48913 0.958501 0.407609
61 0.512033 0.489674 0.950696 0.408696
29 0.512033 0.489674 0.950696 0.408696
36 0.500325 0.490217 0.941329 0.408696
2 0.509691 0.492935 0.960062 0.401087
66 0.509691 0.48913 0.958501 0.407609
67 0.509691 0.492935 0.960062 0.401087
35 0.512033 0.489674 0.950696 0.408696
57 0.500325 0.490217 0.941329 0.408696
65 0.509691 0.48913 0.958501 0.407609
3 0.500325 0.490217 0.941329 0.408696
31 0.509691 0.492935 0.960062 0.401087
45 0.510862 0.491033 0.959282 0.402717
44 0.505008 0.490217 0.963184 0.405435
29 0.510472 0.48913 0.955379 0.408696
21 0.512814 0.489402 0.952257 0.403804
61 0.510472 0.48913 0.955379 0.408696
36 0.508911 0.493206 0.961623 0.399456
2 0.508911 0.493206 0.961623 0.399456
65 0.512814 0.489402 0.952257 0.403804
66 0.508521 0.48913 0.962404 0.407609
35 0.510472 0.48913 0.955379 0.408696
31 0.50774 0.489946 0.951476 0.405978
57 0.510472 0.48913 0.955379 0.408696
67 0.508911 0.493206 0.961623 0.399456
3 0.50774 0.489946 0.951476 0.405978
4 0.508911 0.493206 0.961623 0.399456
45 0.512033 0.490217 0.95694 0.406522
44 0.508911 0.488587 0.958501 0.408696
61 0.512033 0.490217 0.95694 0.406522
21 0.508911 0.488587 0.958501 0.408696
29 0.510472 0.48913 0.952257 0.409783
2 0.509691 0.492391 0.960062 0.404348
36 0.499545 0.490217 0.939768 0.41087
66 0.508911 0.488587 0.958501 0.408696
35 0.510472 0.48913 0.952257 0.409783
57 0.510472 0.48913 0.952257 0.409783
67 0.509691 0.492391 0.960062 0.404348
65 0.508911 0.488587 0.958501 0.408696
3 0.499545 0.490217 0.939768 0.41087
31 0.509691 0.492391 0.960062 0.404348
4 0.509691 0.492391 0.960062 0.404348
45 0.510472 0.491304 0.958501 0.405435
44 0.510472 0.491304 0.958501 0.405435
61 0.511253 0.489674 0.949135 0.408696
21 0.50774 0.493478 0.960843 0.402174
29 0.511253 0.489674 0.949135 0.408696
2 0.50774 0.493478 0.960843 0.402174
36 0.499935 0.490489 0.94211 0.410326
66 0.50813 0.489402 0.95694 0.408152
57 0.499935 0.490489 0.94211 0.410326
67 0.50774 0.493478 0.960843 0.402174
3 0.499935 0.490489 0.94211 0.410326
31 0.50774 0.493478 0.960843 0.402174
35 0.511253 0.489674 0.949135 0.408696
45 0.512033 0.491848 0.95694 0.403261
44 0.510082 0.489674 0.959282 0.407609
29 0.512033 0.490489 0.952257 0.408152
2 0.509691 0.494293 0.960062 0.40163
21 0.509691 0.494293 0.960062 0.40163
61 0.512033 0.491848 0.95694 0.403261
66 0.510082 0.489674 0.959282 0.407609
36 0.509691 0.494293 0.960062 0.40163
67 0.509691 0.494293 0.960062 0.40163
31 0.509691 0.494293 0.960062 0.40163
57 0.498764 0.491304 0.941329 0.408696
3 0.498764 0.491304 0.941329 0.408696
35 0.512033 0.490489 0.952257 0.408152
65 0.510082 0.489674 0.959282 0.407609
45 0.512033 0.491033 0.955379 0.40163
44 0.509692 0.48913 0.955379 0.405435
61 0.512033 0.491033 0.955379 0.40163
21 0.512033 0.491033 0.955379 0.40163
66 0.509692 0.48913 0.955379 0.405435
29 0.512033 0.489946 0.946012 0.405978
36 0.499545 0.490217 0.939768 0.406522
2 0.508911 0.493206 0.958501 0.399456
35 0.512033 0.489946 0.946012 0.405978
67 0.499545 0.490217 0.939768 0.406522
57 0.499545 0.490217 0.939768 0.406522
65 0.509692 0.48913 0.955379 0.405435
3 0.499545 0.490217 0.939768 0.406522
31 0.508911 0.493206 0.958501 0.399456
45 0.511253 0.49212 0.955379 0.402717
44 0.509301 0.490217 0.95772 0.406522
21 0.509301 0.490217 0.95772 0.406522
61 0.511253 0.49212 0.955379 0.402717
29 0.498374 0.491848 0.94211 0.407609
66 0.509301 0.490217 0.95772 0.406522
2 0.508911 0.494565 0.958501 0.401087
36 0.500325 0.491304 0.94289 0.408696
65 0.509301 0.490217 0.95772 0.406522
35 0.512423 0.490761 0.948354 0.407609
67 0.500325 0.491304 0.94289 0.408696
57 0.512423 0.490761 0.948354 0.407609
3 0.500325 0.491304 0.94289 0.408696
31 0.508911 0.494565 0.958501 0.401087
4 0.508911 0.494565 0.958501 0.401087
45 0.511643 0.49212 0.956159 0.402717
44 0.510082 0.490217 0.959282 0.406522
61 0.513594 0.490761 0.949134 0.407609
21 0.510082 0.490217 0.959282 0.406522
2 0.509691 0.494293 0.958501 0.400543
29 0.497983 0.491848 0.94289 0.407609
36 0.509691 0.494293 0.958501 0.400543
66 0.510082 0.490217 0.959282 0.406522
31 0.509691 0.494293 0.958501 0.400543
67 0.509691 0.494293 0.958501 0.400543
3 0.499545 0.491576 0.94289 0.408152
57 0.513594 0.490761 0.949134 0.407609
65 0.510082 0.490217 0.959282 0.406522
4 0.509691 0.494293 0.958501 0.400543
35 0.513594 0.490761 0.949134 0.407609
45 0.511253 0.491848 0.95694 0.403261
44 0.508911 0.489674 0.960062 0.406522
61 0.511253 0.491848 0.95694 0.403261
29 0.496422 0.491848 0.941329 0.407609
21 0.508911 0.489674 0.960062 0.406522
36 0.499154 0.491576 0.943671 0.408152
2 0.508911 0.494022 0.960062 0.401087
66 0.508911 0.489674 0.960062 0.406522
31 0.508911 0.494022 0.960062 0.401087
67 0.499154 0.491576 0.943671 0.408152
65 0.508911 0.489674 0.960062 0.406522
3 0.499154 0.491576 0.943671 0.408152
4 0.508911 0.494022 0.960062 0.401087
57 0.499154 0.491576 0.943671 0.408152
35 0.512033 0.490489 0.950696 0.407065
45 0.513594 0.491848 0.953818 0.404348
44 0.511253 0.489946 0.95694 0.407065
2 0.511253 0.494022 0.95694 0.403261
36 0.511253 0.494022 0.95694 0.403261
61 0.513594 0.491848 0.953818 0.404348
29 0.497983 0.492391 0.94289 0.408696
21 0.511253 0.494022 0.95694 0.403261
31 0.511253 0.494022 0.95694 0.403261
57 0.500325 0.491848 0.944451 0.409783
67 0.511253 0.494022 0.95694 0.403261
66 0.511253 0.489946 0.95694 0.407065
65 0.511253 0.489946 0.95694 0.407065
3 0.500325 0.491848 0.944451 0.409783
4 0.511253 0.494022 0.95694 0.403261
35 0.512423 0.490761 0.951476 0.408696
45 0.511643 0.492663 0.956159 0.402717
44 0.510472 0.490217 0.960062 0.406522
2 0.510082 0.494837 0.959282 0.400543
29 0.498764 0.491848 0.944451 0.408696
36 0.510082 0.494837 0.959282 0.400543
21 0.510082 0.494837 0.959282 0.400543
61 0.511643 0.492663 0.956159 0.402717
31 0.510082 0.494837 0.959282 0.400543
3 0.501106 0.491576 0.946012 0.409239
65 0.510472 0.490217 0.960062 0.406522
67 0.501106 0.491576 0.946012 0.409239
57 0.501106 0.491576 0.946012 0.409239
4 0.510082 0.494837 0.959282 0.400543
66 0.510472 0.490217 0.960062 0.406522
45 0.511253 0.492391 0.958501 0.402174
44 0.509691 0.489946 0.961623 0.407065
21 0.509691 0.494565 0.960062 0.4
29 0.498764 0.491848 0.947573 0.407609
2 0.509691 0.494565 0.960062 0.4
61 0.511253 0.492391 0.958501 0.402174
36 0.509691 0.494565 0.960062 0.4
66 0.509691 0.489946 0.961623 0.407065
3 0.500325 0.491304 0.947573 0.408696
57 0.500325 0.491304 0.947573 0.408696
31 0.509691 0.494565 0.960062 0.4
67 0.500325 0.491304 0.947573 0.408696
65 0.509691 0.489946 0.961623 0.407065
4 0.509691 0.494565 0.960062 0.4
35 0.512033 0.490489 0.953818 0.408152
45 0.510472 0.491304 0.958501 0.403261
44 0.508521 0.489402 0.962404 0.408152
29 0.498764 0.490761 0.947573 0.409783
36 0.508911 0.493478 0.961623 0.401087
61 0.510472 0.491304 0.958501 0.403261
21 0.508911 0.493478 0.961623 0.401087
2 0.508911 0.493478 0.961623 0.401087
66 0.508521 0.489402 0.962404 0.408152
65 0.508521 0.489402 0.962404 0.408152
31 0.508911 0.493478 0.961623 0.401087
67 0.508911 0.493478 0.961623 0.401087
3 0.500325 0.490761 0.947573 0.409783
57 0.500325 0.490761 0.947573 0.409783
4 0.508911 0.493478 0.961623 0.401087
35 0.510862 0.489946 0.954598 0.409239
45 0.510472 0.491848 0.958501 0.404348
44 0.508521 0.489946 0.962404 0.407065
29 0.498764 0.491576 0.946012 0.409239
61 0.510472 0.491848 0.958501 0.404348
36 0.509301 0.494022 0.960843 0.402174
21 0.508521 0.489946 0.962404 0.407065
2 0.509301 0.494022 0.960843 0.402174
66 0.508521 0.489946 0.962404 0.407065
67 0.509301 0.494022 0.960843 0.402174
3 0.499545 0.491848 0.946012 0.409783
57 0.499545 0.491848 0.946012 0.409783
65 0.508521 0.489946 0.962404 0.407065
31 0.509301 0.494022 0.960843 0.402174
4 0.509301 0.494022 0.960843 0.402174
35 0.510862 0.490489 0.954598 0.408152
45 0.510472 0.491304 0.958501 0.404348
44 0.510472 0.491304 0.958501 0.404348
21 0.508911 0.493206 0.961623 0.402717
61 0.510472 0.491304 0.958501 0.404348
29 0.497983 0.491033 0.946012 0.409239
36 0.508911 0.493206 0.961623 0.402717
2 0.508911 0.493206 0.961623 0.402717
66 0.50813 0.489402 0.960062 0.408152
57 0.499935 0.490761 0.945232 0.409783
65 0.50813 0.489402 0.960062 0.408152
4 0.508911 0.493206 0.961623 0.402717
3 0.499935 0.490761 0.945232 0.409783
67 0.508911 0.493206 0.961623 0.402717
31 0.508911 0.493206 0.961623 0.402717
35 0.510472 0.490217 0.952257 0.408696
45 0.510862 0.491848 0.95772 0.403261
44 0.50813 0.489402 0.960062 0.407065
61 0.510862 0.491848 0.95772 0.403261
21 0.50813 0.489402 0.960062 0.407065
29 0.497203 0.491304 0.944451 0.407609
36 0.508911 0.49375 0.960062 0.400543
2 0.508911 0.49375 0.960062 0.400543
66 0.50813 0.489402 0.960062 0.407065
65 0.50813 0.489402 0.960062 0.407065
3 0.499935 0.491033 0.945232 0.408152
4 0.508911 0.49375 0.960062 0.400543
57 0.499935 0.491033 0.945232 0.408152
67 0.499935 0.491033 0.945232 0.408152
31 0.508911 0.49375 0.960062 0.400543
35 0.510862 0.490217 0.951476 0.407609
45 0.510472 0.492391 0.95694 0.402174
44 0.508911 0.489946 0.958501 0.405978
29 0.497983 0.49212 0.94289 0.405978
61 0.510472 0.492391 0.95694 0.402174
21 0.508911 0.489946 0.958501 0.405978
36 0.508911 0.494293 0.960062 0.399456
2 0.508911 0.494293 0.960062 0.399456
3 0.500325 0.491576 0.94289 0.407065
65 0.508911 0.489946 0.958501 0.405978
66 0.508911 0.489946 0.958501 0.405978
57 0.500325 0.491576 0.94289 0.407065
4 0.508911 0.494293 0.960062 0.399456
31 0.508911 0.494293 0.960062 0.399456
67 0.508911 0.494293 0.960062 0.399456
35 0.512033 0.490761 0.949135 0.406522
45 0.511253 0.491848 0.95694 0.403261
44 0.509691 0.489674 0.960062 0.407609
36 0.500325 0.491304 0.944451 0.408696
29 0.498374 0.491848 0.943671 0.407609
61 0.511253 0.491848 0.95694 0.403261
2 0.509301 0.494022 0.959281 0.401087
21 0.509301 0.494022 0.959281 0.401087
3 0.500325 0.491304 0.944451 0.408696
57 0.500325 0.491304 0.944451 0.408696
66 0.509691 0.489674 0.960062 0.407609
67 0.500325 0.491304 0.944451 0.408696
31 0.509301 0.494022 0.959281 0.401087
65 0.509691 0.489674 0.960062 0.407609
4 0.509301 0.494022 0.959281 0.401087
35 0.512814 0.490489 0.949135 0.408152
45 0.509691 0.491033 0.958501 0.404891
44 0.509691 0.491033 0.958501 0.404891
29 0.497593 0.490761 0.943671 0.409783
61 0.509691 0.491033 0.958501 0.404891
21 0.509691 0.491033 0.958501 0.404891
36 0.499935 0.490761 0.945232 0.409783
2 0.50774 0.492935 0.960843 0.403261
66 0.50813 0.48913 0.961623 0.408696
57 0.499935 0.490761 0.945232 0.409783
67 0.50774 0.492935 0.960843 0.403261
3 0.499935 0.490761 0.945232 0.409783
65 0.50813 0.48913 0.961623 0.408696
35 0.511253 0.489946 0.950696 0.409239
4 0.50774 0.492935 0.960843 0.403261
31 0.50774 0.492935 0.960843 0.403261
45 0.509691 0.491304 0.958501 0.404348
44 0.50735 0.48913 0.961623 0.408696
61 0.509691 0.491304 0.958501 0.404348
29 0.497203 0.490761 0.944451 0.408696
21 0.509691 0.491304 0.958501 0.404348
36 0.499545 0.490489 0.944451 0.409239
2 0.50735 0.493206 0.961623 0.402717
66 0.50735 0.48913 0.961623 0.408696
65 0.50735 0.48913 0.961623 0.408696
57 0.499545 0.490489 0.944451 0.409239
67 0.499545 0.490489 0.944451 0.409239
3 0.499545 0.490489 0.944451 0.409239
31 0.50735 0.493206 0.961623 0.402717
35 0.510472 0.489674 0.952257 0.408696
4 0.50735 0.493206 0.961623 0.402717
45 0.511643 0.491848 0.956159 0.403261
44 0.511643 0.491848 0.956159 0.403261
61 0.511643 0.491848 0.956159 0.403261
29 0.497593 0.491848 0.943671 0.406522
21 0.511643 0.491848 0.956159 0.403261
36 0.500325 0.491033 0.944451 0.407065
2 0.509691 0.49375 0.958501 0.40163
66 0.509301 0.489674 0.959281 0.406522
57 0.500325 0.491033 0.944451 0.407065
67 0.500325 0.491033 0.944451 0.407065
65 0.509301 0.489674 0.959281 0.406522
3 0.500325 0.491033 0.944451 0.407065
35 0.511643 0.490217 0.949915 0.407609
31 0.509691 0.49375 0.958501 0.40163
4 0.509691 0.49375 0.958501 0.40163
45 0.511253 0.491304 0.95694 0.405435
44 0.509301 0.489674 0.960843 0.407609
61 0.511253 0.491304 0.95694 0.405435
29 0.498374 0.491304 0.945232 0.408696
21 0.509301 0.489674 0.960843 0.407609
36 0.499935 0.491304 0.945232 0.408696
2 0.509301 0.493206 0.959281 0.403804
66 0.509301 0.489674 0.960843 0.407609
3 0.499935 0.491304 0.945232 0.408696
67 0.499935 0.491304 0.945232 0.408696
65 0.509301 0.489674 0.960843 0.407609
57 0.499935 0.491304 0.945232 0.408696
31 0.509301 0.493206 0.959281 0.403804
4 0.509301 0.493206 0.959281 0.403804
35 0.512033 0.490217 0.952257 0.408696
45 0.511253 0.491033 0.95694 0.404891
44 0.508911 0.489402 0.960062 0.408152
61 0.511253 0.491033 0.95694 0.404891
21 0.511253 0.491033 0.95694 0.404891
29 0.498764 0.491304 0.946012 0.408696
36 0.500715 0.490761 0.946793 0.408696
2 0.509301 0.493206 0.959281 0.402717
57 0.500715 0.490761 0.946793 0.408696
66 0.508911 0.489402 0.960062 0.408152
3 0.500715 0.490761 0.946793 0.408696
67 0.500715 0.490761 0.946793 0.408696
65 0.508911 0.489402 0.960062 0.408152
4 0.509301 0.493206 0.959281 0.402717
31 0.509301 0.493206 0.959281 0.402717
35 0.511643 0.489946 0.951476 0.408152
45 0.511253 0.491304 0.95694 0.404348
44 0.509301 0.489674 0.959281 0.407609
61 0.511253 0.491304 0.95694 0.404348
21 0.509301 0.489674 0.959281 0.407609
29 0.499545 0.491304 0.946012 0.408696
36 0.500325 0.490761 0.946012 0.408696
2 0.509691 0.493206 0.960062 0.402717
67 0.500325 0.490761 0.946012 0.408696
3 0.500325 0.490761 0.946012 0.408696
57 0.511253 0.489946 0.952257 0.408152
31 0.509691 0.493206 0.960062 0.402717
66 0.509301 0.489674 0.959281 0.407609
65 0.509301 0.489674 0.959281 0.407609
4 0.509691 0.493206 0.960062 0.402717
35 0.511253 0.489946 0.952257 0.408152
45 0.511253 0.491576 0.95694 0.404891
44 0.511253 0.491576 0.95694 0.404891
61 0.511253 0.491576 0.95694 0.404891
21 0.512033 0.490217 0.952257 0.408696
29 0.498764 0.491848 0.946012 0.408696
36 0.501106 0.491304 0.946012 0.408696
2 0.508911 0.493478 0.960062 0.403261
67 0.501106 0.491304 0.946012 0.408696
57 0.501106 0.491304 0.946012 0.408696
66 0.508911 0.489946 0.960062 0.408152
3 0.501106 0.491304 0.946012 0.408696
4 0.508911 0.493478 0.960062 0.403261
31 0.508911 0.493478 0.960062 0.403261
35 0.512033 0.490217 0.952257 0.408696
65 0.508911 0.489946 0.960062 0.408152
45 0.510862 0.491304 0.954598 0.404348
44 0.510862 0.491304 0.954598 0.404348
61 0.510862 0.491304 0.954598 0.404348
29 0.498764 0.491304 0.946012 0.408696
36 0.501106 0.491304 0.946012 0.408696
21 0.511253 0.490217 0.950696 0.408696
2 0.509301 0.493478 0.95772 0.402174
66 0.508911 0.489674 0.958501 0.407609
57 0.501106 0.491304 0.946012 0.408696
67 0.509301 0.493478 0.95772 0.402174
3 0.501106 0.491304 0.946012 0.408696
31 0.509301 0.493478 0.95772 0.402174
65 0.508911 0.489674 0.958501 0.407609
35 0.511253 0.490217 0.950696 0.408696
4 0.509301 0.493478 0.95772 0.402174
45 0.511253 0.491576 0.955379 0.403804
44 0.511253 0.491576 0.955379 0.403804
61 0.511253 0.491576 0.955379 0.403804
29 0.499545 0.491848 0.946012 0.407609
21 0.508911 0.489674 0.958501 0.407609
36 0.501106 0.491304 0.946012 0.408696
2 0.509301 0.493478 0.959281 0.402174
66 0.508911 0.489674 0.958501 0.407609
57 0.501106 0.491304 0.946012 0.408696
67 0.509301 0.493478 0.959281 0.402174
3 0.501106 0.491304 0.946012 0.408696
65 0.508911 0.489674 0.958501 0.407609
31 0.509301 0.493478 0.959281 0.402174
35 0.511253 0.490489 0.952257 0.408152
4 0.509301 0.493478 0.959281 0.402174
45 0.510862 0.491304 0.956159 0.404348
44 0.508911 0.489674 0.960062 0.407609
61 0.510862 0.491304 0.956159 0.404348
29 0.512033 0.489946 0.952257 0.408152
21 0.512033 0.489946 0.952257 0.408152
36 0.501106 0.491304 0.946012 0.408696
2 0.508911 0.493478 0.958501 0.402174
66 0.508911 0.489674 0.960062 0.407609
57 0.501106 0.491304 0.946012 0.408696
67 0.508911 0.493478 0.958501 0.402174
3 0.501106 0.491304 0.946012 0.408696
65 0.508911 0.489674 0.960062 0.407609
35 0.512033 0.489946 0.952257 0.408152
31 0.508911 0.493478 0.958501 0.402174
4 0.508911 0.493478 0.958501 0.402174
45 0.50735 0.490489 0.967867 0.405978
44 0.506179 0.488587 0.970209 0.409783
2 0.506569 0.492935 0.967867 0.403261
36 0.512814 0.489402 0.955379 0.410326
61 0.512814 0.489402 0.955379 0.410326
29 0.512814 0.489402 0.955379 0.410326
21 0.512814 0.489402 0.955379 0.410326
67 0.499544 0.490217 0.952257 0.41087
3 0.499544 0.490217 0.952257 0.41087
31 0.506569 0.492935 0.967867 0.403261
57 0.499544 0.490217 0.952257 0.41087
65 0.506179 0.488587 0.970209 0.409783
4 0.506569 0.492935 0.967867 0.403261
60 0.512814 0.489402 0.955379 0.410326
23 0.499544 0.490217 0.952257 0.41087
45 0.50735 0.490489 0.967867 0.405978
44 0.505789 0.488859 0.97099 0.409239
36 0.511643 0.489402 0.95772 0.410326
2 0.506569 0.492935 0.967867 0.403261
61 0.511643 0.489402 0.95772 0.410326
21 0.511643 0.489402 0.95772 0.410326
29 0.511643 0.489402 0.95772 0.410326
67 0.498764 0.490217 0.953818 0.41087
31 0.506569 0.492935 0.967867 0.403261
57 0.511643 0.489402 0.95772 0.410326
3 0.498764 0.490217 0.953818 0.41087
65 0.511643 0.489402 0.95772 0.410326
4 0.506569 0.492935 0.967867 0.403261
60 0.511643 0.489402 0.95772 0.410326
23 0.498764 0.490217 0.953818 0.41087
33 0.511643 0.489402 0.95772 0.410326
45 0.50813 0.490217 0.955379 0.408696
44 0.505789 0.488859 0.97099 0.409239
36 0.511253 0.489674 0.958501 0.409783
61 0.511253 0.489674 0.958501 0.409783
2 0.506179 0.492935 0.968648 0.403261
21 0.511253 0.489674 0.958501 0.409783
29 0.511253 0.489674 0.958501 0.409783
67 0.499154 0.490217 0.953037 0.41087
31 0.506179 0.492935 0.968648 0.403261
57 0.499154 0.490217 0.953037 0.41087
3 0.499154 0.490217 0.953037 0.41087
65 0.511253 0.489674 0.958501 0.409783
4 0.506179 0.492935 0.968648 0.403261
60 0.511253 0.489674 0.958501 0.409783
33 0.511253 0.489674 0.958501 0.409783
45 0.506569 0.490761 0.969429 0.406522
44 0.505789 0.48913 0.97099 0.409783
36 0.510472 0.489674 0.958501 0.409783
61 0.510472 0.489674 0.958501 0.409783
2 0.505789 0.492935 0.969429 0.403261
21 0.510472 0.489674 0.958501 0.409783
29 0.510472 0.489674 0.958501 0.409783
67 0.498764 0.490217 0.952257 0.41087
31 0.505789 0.492935 0.969429 0.403261
57 0.510472 0.489674 0.958501 0.409783
65 0.510472 0.489674 0.958501 0.409783
3 0.498764 0.490217 0.952257 0.41087
60 0.510472 0.489674 0.958501 0.409783
4 0.505789 0.492935 0.969429 0.403261
33 0.510472 0.489674 0.958501 0.409783
45 0.50774 0.490761 0.956159 0.407609
44 0.506179 0.48913 0.970209 0.409783
36 0.510862 0.489674 0.959282 0.409783
61 0.510862 0.489674 0.959282 0.409783
2 0.506569 0.493206 0.967867 0.402717
29 0.510862 0.489674 0.959282 0.409783
21 0.510862 0.489674 0.959282 0.409783
67 0.499154 0.490489 0.953037 0.410326
31 0.506569 0.493206 0.967867 0.402717
57 0.499154 0.490489 0.953037 0.410326
65 0.510862 0.489674 0.959282 0.409783
3 0.499154 0.490489 0.953037 0.410326
4 0.506569 0.493206 0.967867 0.402717
60 0.510862 0.489674 0.959282 0.409783
33 0.510862 0.489674 0.959282 0.409783
66 0.506179 0.48913 0.970209 0.409783
45 0.508911 0.490761 0.955379 0.407609
44 0.506179 0.48913 0.970209 0.409783
61 0.511643 0.489674 0.959282 0.409783
36 0.511643 0.489674 0.959282 0.409783
2 0.505789 0.492935 0.969429 0.403261
21 0.511643 0.489674 0.959282 0.409783
29 0.511643 0.489674 0.959282 0.409783
67 0.499544 0.490489 0.952257 0.410326
31 0.505789 0.492935 0.969429 0.403261
57 0.511643 0.489674 0.959282 0.409783
65 0.506179 0.48913 0.970209 0.409783
3 0.499544 0.490489 0.952257 0.410326
4 0.505789 0.492935 0.969429 0.403261
33 0.511643 0.489674 0.959282 0.409783
45 0.508521 0.490761 0.956159 0.407609
44 0.506569 0.48913 0.969429 0.408696
2 0.506569 0.493206 0.967867 0.402717
61 0.511253 0.489674 0.958501 0.409783
36 0.511253 0.489674 0.958501 0.409783
21 0.511253 0.489674 0.958501 0.409783
29 0.511253 0.489674 0.958501 0.409783
67 0.499544 0.490489 0.952257 0.410326
31 0.506569 0.493206 0.967867 0.402717
57 0.511253 0.489674 0.958501 0.409783
65 0.506569 0.48913 0.969429 0.408696
3 0.499544 0.490489 0.952257 0.410326
4 0.506569 0.493206 0.967867 0.402717
60 0.511253 0.489674 0.958501 0.409783
33 0.511253 0.489674 0.958501 0.409783
45 0.50813 0.490489 0.955379 0.408152
44 0.506179 0.488859 0.970209 0.409239
36 0.510472 0.489674 0.958501 0.409783
2 0.506569 0.492935 0.967867 0.403261
61 0.510472 0.489674 0.958501 0.409783
29 0.510472 0.489674 0.958501 0.409783
21 0.510472 0.489674 0.958501 0.409783
67 0.498764 0.490489 0.952257 0.410326
31 0.506569 0.492935 0.967867 0.403261
65 0.506179 0.488859 0.970209 0.409239
3 0.498764 0.490489 0.952257 0.410326
57 0.510472 0.489674 0.958501 0.409783
60 0.510472 0.489674 0.958501 0.409783
4 0.506569 0.492935 0.967867 0.403261
33 0.510472 0.489674 0.958501 0.409783
45 0.50813 0.490761 0.955379 0.407609
44 0.506569 0.48913 0.969429 0.408696
61 0.510472 0.489946 0.958501 0.409239
36 0.510472 0.489946 0.958501 0.409239
2 0.506569 0.492935 0.967867 0.403261
21 0.510472 0.489946 0.958501 0.409239
29 0.510472 0.489946 0.958501 0.409239
67 0.506569 0.492935 0.967867 0.403261
31 0.506569 0.492935 0.967867 0.403261
57 0.499544 0.490761 0.952257 0.409783
3 0.499544 0.490761 0.952257 0.409783
65 0.510472 0.489946 0.958501 0.409239
45 0.508521 0.490761 0.956159 0.407609
44 0.506569 0.48913 0.969429 0.408696
61 0.511253 0.489674 0.958501 0.409783
36 0.511253 0.489674 0.958501 0.409783
2 0.506569 0.492935 0.967867 0.403261
21 0.511253 0.489674 0.958501 0.409783
29 0.511253 0.489674 0.958501 0.409783
67 0.499544 0.490489 0.952257 0.410326
31 0.506569 0.492935 0.967867 0.403261
65 0.506569 0.48913 0.969429 0.408696
57 0.511253 0.489674 0.958501 0.409783
3 0.499544 0.490489 0.952257 0.410326
4 0.506569 0.492935 0.967867 0.403261
60 0.511253 0.489674 0.958501 0.409783
33 0.511253 0.489674 0.958501 0.409783
45 0.510472 0.491848 0.958501 0.404348
44 0.508521 0.489946 0.962404 0.407065
29 0.498764 0.491576 0.946012 0.409239
61 0.510472 0.491848 0.958501 0.404348
36 0.509301 0.494022 0.960843 0.402174
21 0.508521 0.489946 0.962404 0.407065
2 0.509301 0.494022 0.960843 0.402174
66 0.508521 0.489946 0.962404 0.407065
67 0.509301 0.494022 0.960843 0.402174
3 0.499545 0.491848 0.946012 0.409783
57 0.499545 0.491848 0.946012 0.409783
65 0.508521 0.489946 0.962404 0.407065
31 0.509301 0.494022 0.960843 0.402174
4 0.509301 0.494022 0.960843 0.402174
35 0.510862 0.490489 0.954598 0.408152
