2 0.499127 0.486463 0.976382 0.378456
22 0.499517 0.488479 0.977164 0.382489
22 0.461243 0.544787 0.922486 0.292915
57 0.499517 0.488479 0.977164 0.382489
4 0.610141 0.481567 0.762164 0.37788
62 0.499127 0.486463 0.976382 0.378456
72 0.493659 0.491647 0.987318 0.387673
49 0.401488 0.501728 0.790479 0.379032
57 0.660132 0.502304 0.665307 0.415899
60 0.496783 0.488479 0.977945 0.383641
49 0.368682 0.563364 0.722523 0.252304
7 0.535839 0.483871 0.907645 0.380184
2 0.41633 0.541475 0.823286 0.300691
4 0.461243 0.544787 0.922486 0.292915
22 0.368682 0.563364 0.722523 0.252304
3 0.498346 0.488767 0.971696 0.399194
72 0.41633 0.541475 0.823286 0.300691
62 0.467101 0.559908 0.921705 0.259217
60 0.414377 0.565092 0.814694 0.243088
8 0.535839 0.483871 0.907645 0.380184
10 0.496002 0.484447 0.97482 0.376728
41 0.368682 0.563364 0.722523 0.252304
35 0.458509 0.53053 0.917018 0.324885
39 0.499517 0.488479 0.977164 0.382489
67 0.401488 0.501728 0.790479 0.379032
57 0.41633 0.541475 0.823286 0.300691
41 0.496783 0.488479 0.977945 0.383641
65 0.41633 0.541475 0.823286 0.300691
31 0.488972 0.469182 0.967009 0.434908
69 0.467101 0.559908 0.921705 0.259217
41 0.461243 0.544787 0.922486 0.292915
17 0.401488 0.501728 0.790479 0.379032
1 0.41633 0.541475 0.823286 0.300691
14 0.368682 0.563364 0.722523 0.252304
44 0.499517 0.488479 0.977164 0.382489
46 0.461243 0.544787 0.922486 0.292915
52 0.499127 0.486463 0.976382 0.378456
0 0.414377 0.565092 0.814694 0.243088
49 0.535839 0.483871 0.907645 0.380184
4 0.491316 0.483295 0.973258 0.412442
48 0.535839 0.483871 0.907645 0.380184
5 0.368682 0.563364 0.722523 0.252304
34 0.499127 0.482143 0.967009 0.406682
22 0.655738 0.481279 0.675657 0.378456
46 0.493659 0.491647 0.987318 0.387673
32 0.401488 0.501728 0.790479 0.379032
33 0.467101 0.559908 0.921705 0.259217
20 0.493659 0.491647 0.987318 0.387673
66 0.561615 0.481855 0.860779 0.373848
10 0.342515 0.543635 0.671751 0.292915
66 0.414377 0.565092 0.814694 0.243088
33 0.496783 0.488479 0.977945 0.383641
70 0.368682 0.563364 0.722523 0.252304
58 0.499127 0.482143 0.967009 0.406682
35 0.545212 0.483583 0.892023 0.376152
2 0.655738 0.481279 0.675657 0.378456
5 0.496002 0.484447 0.97482 0.376728
65 0.488972 0.469182 0.967009 0.434908
49 0.674192 0.483007 0.638749 0.385369
40 0.625568 0.482431 0.737559 0.375
17 0.368682 0.563364 0.722523 0.252304
67 0.655738 0.481279 0.675657 0.378456
36 0.599889 0.482431 0.787355 0.377304
38 0.493659 0.491647 0.987318 0.387673
15 0.499127 0.486463 0.976382 0.378456
45 0.535839 0.483871 0.907645 0.380184
4 0.341929 0.565668 0.665112 0.246544
37 0.498346 0.488767 0.971696 0.399194
69 0.599889 0.482431 0.787355 0.377304
71 0.561615 0.481855 0.860779 0.373848
3 0.41633 0.541475 0.823286 0.300691
8 0.660132 0.502304 0.665307 0.415899
20 0.461243 0.544787 0.922486 0.292915
32 0.646658 0.485599 0.693817 0.379032
26 0.469054 0.482431 0.930297 0.422235
58 0.368682 0.563364 0.722523 0.252304
39 0.660132 0.502304 0.665307 0.415899
64 0.561615 0.481855 0.860779 0.373848
46 0.655738 0.481279 0.675657 0.378456
11 0.496002 0.484447 0.97482 0.376728
62 0.680343 0.479839 0.628009 0.382488
36 0.458509 0.53053 0.917018 0.324885
10 0.290376 0.565668 0.562787 0.243088
64 0.482724 0.524194 0.9467 0.332949
46 0.368682 0.563364 0.722523 0.252304
2 0.496002 0.486175 0.967009 0.392857
4 0.505766 0.504608 0.972477 0.362903
3 0.477256 0.512673 0.937327 0.339862
58 0.477256 0.512673 0.937327 0.339862
69 0.492487 0.473502 0.984975 0.392857
10 0.502251 0.510369 0.970134 0.34447
52 0.498736 0.473502 0.977164 0.398618
57 0.499908 0.478687 0.965447 0.395161
22 0.492487 0.476671 0.98185 0.393433
60 0.499908 0.478687 0.965447 0.395161
7 0.480771 0.507488 0.950606 0.357143
68 0.492878 0.472926 0.985756 0.392857
4 0.856092 0.408986 0.278074 0.248272
34 0.492487 0.473502 0.984975 0.392857
49 0.480771 0.507488 0.950606 0.357143
67 0.492487 0.473502 0.984975 0.392857
44 0.498736 0.473502 0.977164 0.398618
59 0.492878 0.472926 0.985756 0.392857
8 0.496783 0.473214 0.977945 0.392281
37 0.480771 0.507488 0.950606 0.357143
72 0.496002 0.486175 0.967009 0.392857
1 0.475694 0.516705 0.934203 0.323733
36 0.492487 0.473502 0.984975 0.392857
32 0.477256 0.512673 0.937327 0.339862
45 0.496002 0.486175 0.967009 0.392857
41 0.492878 0.472926 0.985756 0.392857
62 0.496783 0.473214 0.977945 0.392281
56 0.492878 0.472926 0.985756 0.392857
31 0.493659 0.479839 0.967009 0.403226
4 0.874643 0.373848 0.240971 0.260369
58 0.329822 0.53053 0.640116 0.296083
39 0.492487 0.476671 0.98185 0.393433
57 0.433123 0.540179 0.842813 0.288306
4 0.798095 0.418203 0.397192 0.259217
50 0.492487 0.473502 0.984975 0.392857
4 0.892804 0.401498 0.207774 0.220622
58 0.874839 0.403226 0.240581 0.240783
35 0.496002 0.486175 0.967009 0.392857
15 0.496002 0.486175 0.967009 0.392857
30 0.494831 0.504896 0.956855 0.348502
23 0.502251 0.472638 0.970134 0.40841
71 0.498346 0.475806 0.968571 0.389401
6 0.491316 0.476671 0.963885 0.404954
65 0.502251 0.472638 0.970134 0.40841
4 0.143724 0.560052 0.285104 0.239343
58 0.483895 0.490207 0.944357 0.380184
2 0.488972 0.468894 0.965447 0.422811
4 0.49444 0.471198 0.973258 0.417051
3 0.495221 0.471774 0.970134 0.412442
52 0.492878 0.47523 0.981069 0.398618
69 0.492878 0.474078 0.982631 0.404378
34 0.495221 0.471774 0.970134 0.412442
22 0.49444 0.471198 0.973258 0.417051
68 0.490535 0.472638 0.981069 0.401498
10 0.493268 0.488767 0.966228 0.384217
57 0.49444 0.471198 0.973258 0.417051
59 0.493268 0.488767 0.966228 0.384217
7 0.49444 0.471198 0.973258 0.417051
60 0.495221 0.471774 0.970134 0.412442
1 0.481942 0.499424 0.943576 0.362903
23 0.495612 0.483295 0.964666 0.396313
8 0.492878 0.47523 0.981069 0.398618
49 0.488972 0.468894 0.965447 0.422811
56 0.495612 0.483295 0.964666 0.396313
32 0.495612 0.483295 0.964666 0.396313
58 0.406566 0.532546 0.788136 0.287442
39 0.491316 0.454565 0.962323 0.451469
28 0.495221 0.471774 0.970134 0.412442
21 0.492878 0.474078 0.97482 0.404378
67 0.492878 0.47523 0.981069 0.398618
50 0.492878 0.47523 0.981069 0.398618
45 0.495221 0.471774 0.970134 0.412442
2 0.671068 0.478111 0.649685 0.387097
4 0.671068 0.478111 0.649685 0.387097
44 0.49444 0.471198 0.973258 0.417051
5 0.49444 0.471198 0.973258 0.417051
31 0.496002 0.474366 0.977945 0.406106
6 0.499127 0.473502 0.962323 0.396313
29 0.493659 0.472062 0.984194 0.40841
3 0.406566 0.532546 0.788136 0.287442
37 0.49444 0.471198 0.973258 0.417051
66 0.49444 0.471198 0.973258 0.417051
4 0.50147 0.486751 0.987318 0.390553
68 0.488972 0.493664 0.977945 0.375576
58 0.502251 0.485887 0.98888 0.392281
57 0.50147 0.486751 0.987318 0.390553
3 0.502251 0.485887 0.98888 0.392281
34 0.491316 0.491647 0.982631 0.38076
52 0.50147 0.486751 0.987318 0.390553
10 0.488972 0.493664 0.977945 0.375576
59 0.49444 0.504608 0.985756 0.352535
23 0.500298 0.5 0.984975 0.365207
2 0.50147 0.486751 0.987318 0.390553
7 0.501079 0.483583 0.991224 0.394585
69 0.499908 0.484735 0.982631 0.394585
22 0.50147 0.486751 0.987318 0.390553
60 0.50147 0.486751 0.987318 0.390553
1 0.49444 0.504608 0.985756 0.352535
67 0.502251 0.485887 0.98888 0.392281
32 0.501079 0.483583 0.991224 0.394585
31 0.502251 0.485887 0.98888 0.392281
29 0.488972 0.493664 0.977945 0.375576
56 0.491316 0.491647 0.982631 0.38076
28 0.50147 0.486751 0.987318 0.390553
8 0.500689 0.483871 0.995129 0.398618
58 0.472179 0.535714 0.919362 0.294931
39 0.499908 0.480991 0.977945 0.403226
44 0.50147 0.486751 0.987318 0.390553
6 0.500689 0.483871 0.995129 0.398618
0 0.491316 0.491647 0.982631 0.38076
66 0.501079 0.483583 0.991224 0.394585
45 0.501079 0.483583 0.991224 0.394585
49 0.50147 0.486751 0.987318 0.390553
5 0.50147 0.486751 0.987318 0.390553
21 0.497174 0.483871 0.980288 0.390553
36 0.502251 0.485887 0.98888 0.392281
62 0.502251 0.485887 0.98888 0.392281
30 0.50147 0.479263 0.990442 0.408986
61 0.492878 0.484159 0.976382 0.399193
35 0.501079 0.483583 0.991224 0.394585
57 0.472179 0.535714 0.919362 0.294931
3 0.472179 0.535714 0.919362 0.294931
20 0.488972 0.493664 0.977945 0.375576
54 0.502251 0.485887 0.98888 0.392281
4 0.5085 0.490783 0.976382 0.375576
58 0.501861 0.495104 0.986537 0.36924
59 0.501861 0.495104 0.986537 0.36924
52 0.502251 0.496544 0.985756 0.366359
23 0.496002 0.501728 0.97482 0.357143
3 0.496002 0.501728 0.97482 0.357143
32 0.496002 0.501728 0.97482 0.357143
68 0.5085 0.487903 0.97482 0.380184
34 0.502251 0.496544 0.985756 0.366359
57 0.502251 0.496544 0.985756 0.366359
1 0.493268 0.505184 0.970915 0.346774
10 0.501861 0.495104 0.986537 0.36924
58 0.484286 0.551987 0.962323 0.269297
67 0.5085 0.487903 0.97482 0.380184
69 0.5085 0.490783 0.976382 0.375576
28 0.502251 0.496544 0.985756 0.366359
2 0.5085 0.490783 0.976382 0.375576
22 0.502251 0.496544 0.985756 0.366359
68 0.482333 0.539171 0.959979 0.282258
60 0.502251 0.496544 0.985756 0.366359
56 0.502251 0.496544 0.985756 0.366359
0 0.5085 0.490783 0.976382 0.375576
8 0.503813 0.484447 0.976382 0.380184
6 0.501861 0.495104 0.986537 0.36924
29 0.493268 0.505184 0.970915 0.346774
57 0.484286 0.551987 0.962323 0.269297
31 0.501861 0.495104 0.986537 0.36924
3 0.468273 0.551843 0.922486 0.251152
7 0.5085 0.490783 0.976382 0.375576
5 0.502251 0.496544 0.985756 0.366359
2 0.484286 0.551987 0.962323 0.269297
49 0.496002 0.501728 0.97482 0.357143
23 0.468273 0.551843 0.922486 0.251152
36 0.501861 0.495104 0.986537 0.36924
1 0.468273 0.551843 0.922486 0.251152
44 0.502251 0.496544 0.985756 0.366359
34 0.484286 0.551987 0.962323 0.269297
60 0.484286 0.551987 0.962323 0.269297
10 0.468273 0.551843 0.922486 0.251152
32 0.468273 0.551843 0.922486 0.251152
28 0.484286 0.551987 0.962323 0.269297
59 0.468273 0.551843 0.922486 0.251152
67 0.482333 0.539171 0.959979 0.282258
39 0.501079 0.495968 0.98185 0.374424
58 0.5085 0.476671 0.979507 0.396889
23 0.5085 0.476671 0.979507 0.396889
59 0.5085 0.476671 0.979507 0.396889
3 0.5085 0.476671 0.979507 0.396889
68 0.5085 0.476671 0.979507 0.396889
52 0.5085 0.476671 0.979507 0.396889
32 0.5085 0.476671 0.979507 0.396889
4 0.505766 0.478687 0.98185 0.392857
1 0.503813 0.475806 0.990442 0.398618
10 0.5085 0.476671 0.979507 0.396889
57 0.5085 0.476671 0.979507 0.396889
67 0.505766 0.478687 0.98185 0.392857
34 0.5085 0.471198 0.979507 0.403226
28 0.5085 0.471198 0.979507 0.403226
2 0.505766 0.478687 0.98185 0.392857
69 0.505766 0.478687 0.98185 0.392857
56 0.505766 0.478687 0.98185 0.392857
6 0.505766 0.478687 0.98185 0.392857
58 0.481552 0.539747 0.952168 0.275346
22 0.503813 0.476959 0.982631 0.389401
8 0.505766 0.478687 0.98185 0.392857
60 0.505766 0.478687 0.98185 0.392857
36 0.505766 0.478687 0.98185 0.392857
5 0.5085 0.471198 0.979507 0.403226
3 0.460853 0.529954 0.906083 0.292627
7 0.5085 0.476671 0.979507 0.396889
31 0.5085 0.476671 0.979507 0.396889
29 0.508891 0.477247 0.975601 0.403802
23 0.481552 0.539747 0.952168 0.275346
49 0.5085 0.476671 0.979507 0.396889
0 0.511234 0.477823 0.970915 0.388825
68 0.460853 0.529954 0.906083 0.292627
44 0.5085 0.476671 0.979507 0.396889
1 0.460853 0.529954 0.906083 0.292627
3 0.510062 0.488191 0.976382 0.381912
58 0.510062 0.488191 0.976382 0.381912
52 0.510062 0.488191 0.976382 0.381912
59 0.510062 0.488191 0.976382 0.381912
4 0.504985 0.487903 0.980288 0.385945
23 0.510062 0.488191 0.976382 0.381912
57 0.510062 0.488191 0.976382 0.381912
68 0.510062 0.488191 0.976382 0.381912
1 0.503423 0.491359 0.986537 0.375576
32 0.504985 0.487903 0.980288 0.385945
2 0.504985 0.487903 0.980288 0.385945
28 0.510062 0.493664 0.97482 0.368664
34 0.510062 0.493664 0.97482 0.368664
10 0.510062 0.488191 0.976382 0.381912
3 0.379618 0.536578 0.750643 0.294355
5 0.510062 0.493664 0.97482 0.368664
58 0.379618 0.536578 0.750643 0.294355
22 0.510062 0.493664 0.97482 0.368664
6 0.504985 0.487903 0.980288 0.385945
56 0.504985 0.487903 0.980288 0.385945
0 0.510062 0.493664 0.97482 0.368664
60 0.504985 0.487903 0.980288 0.385945
69 0.504985 0.487903 0.980288 0.385945
67 0.510062 0.488191 0.976382 0.381912
7 0.503423 0.491359 0.986537 0.375576
36 0.510062 0.488191 0.976382 0.381912
1 0.379618 0.536578 0.750643 0.294355
57 0.379618 0.536578 0.750643 0.294355
7 0.379618 0.536578 0.750643 0.294355
23 0.379618 0.536578 0.750643 0.294355
49 0.504985 0.487903 0.980288 0.385945
31 0.503423 0.491359 0.986537 0.375576
32 0.379618 0.536578 0.750643 0.294355
2 0.379618 0.536578 0.750643 0.294355
8 0.504985 0.487903 0.980288 0.385945
68 0.379618 0.536578 0.750643 0.294355
59 0.379618 0.536578 0.750643 0.294355
29 0.503423 0.491359 0.986537 0.375576
58 0.507719 0.487327 0.973258 0.370968
23 0.507719 0.487327 0.973258 0.370968
59 0.507719 0.487327 0.973258 0.370968
3 0.506547 0.49712 0.980288 0.354839
68 0.507719 0.487327 0.973258 0.370968
4 0.5085 0.488767 0.968571 0.372696
32 0.5085 0.488767 0.968571 0.372696
52 0.507719 0.487327 0.973258 0.370968
57 0.506547 0.49712 0.980288 0.354839
58 0.48038 0.540467 0.956074 0.27621
1 0.500298 0.497984 0.96779 0.356567
67 0.507719 0.487327 0.973258 0.370968
22 0.5085 0.488767 0.968571 0.372696
28 0.5085 0.488767 0.968571 0.372696
23 0.48038 0.540467 0.956074 0.27621
10 0.506547 0.49712 0.980288 0.354839
59 0.48038 0.540467 0.956074 0.27621
34 0.5085 0.488767 0.968571 0.372696
6 0.507719 0.487327 0.973258 0.370968
2 0.501861 0.483007 0.984975 0.377304
60 0.501861 0.483007 0.984975 0.377304
69 0.507719 0.487327 0.973258 0.370968
32 0.48038 0.540467 0.956074 0.27621
56 0.507719 0.487327 0.973258 0.370968
4 0.48038 0.540467 0.956074 0.27621
3 0.509764 0.550547 0.980472 0.262961
0 0.5085 0.488767 0.968571 0.372696
68 0.48038 0.540467 0.956074 0.27621
31 0.506547 0.49712 0.980288 0.354839
8 0.501861 0.483007 0.984975 0.377304
29 0.506547 0.49712 0.980288 0.354839
7 0.506547 0.49712 0.980288 0.354839
2 0.509764 0.550547 0.980472 0.262961
5 0.5085 0.488767 0.968571 0.372696
57 0.482724 0.557028 0.959198 0.252304
36 0.501861 0.483007 0.984975 0.377304
6 0.48038 0.540467 0.956074 0.27621
60 0.482724 0.557028 0.959198 0.252304
23 0.510062 0.484159 0.970134 0.381912
58 0.510062 0.484159 0.970134 0.381912
59 0.510062 0.484159 0.970134 0.381912
32 0.510062 0.484159 0.970134 0.381912
68 0.503032 0.487615 0.981069 0.373848
3 0.503032 0.487615 0.981069 0.373848
4 0.503032 0.487615 0.981069 0.373848
28 0.503032 0.487615 0.981069 0.373848
59 0.490144 0.540323 0.966228 0.282258
57 0.503032 0.487615 0.981069 0.373848
58 0.490144 0.540323 0.966228 0.282258
23 0.490144 0.540323 0.966228 0.282258
10 0.503032 0.487615 0.981069 0.373848
1 0.503032 0.487615 0.981069 0.373848
52 0.510062 0.484159 0.970134 0.381912
34 0.510062 0.484159 0.970134 0.381912
32 0.490144 0.540323 0.966228 0.282258
67 0.501861 0.483295 0.988099 0.383641
22 0.507719 0.485023 0.971696 0.381336
6 0.505766 0.500288 0.984975 0.360023
8 0.510062 0.484159 0.970134 0.381912
60 0.501861 0.483295 0.988099 0.383641
29 0.492487 0.495968 0.964666 0.358295
0 0.501861 0.483295 0.988099 0.383641
2 0.501861 0.483295 0.988099 0.383641
56 0.507719 0.485023 0.971696 0.381336
69 0.510062 0.484159 0.970134 0.381912
3 0.507811 0.549395 0.984378 0.258353
5 0.507719 0.485023 0.971696 0.381336
7 0.502251 0.485023 0.98888 0.396313
54 0.493659 0.494816 0.967009 0.366359
68 0.477646 0.549395 0.938108 0.262961
57 0.492487 0.560484 0.964666 0.237327
44 0.510062 0.484159 0.970134 0.381912
36 0.507719 0.485023 0.971696 0.381336
6 0.492487 0.560484 0.964666 0.237327
49 0.503032 0.487615 0.981069 0.373848
58 0.500298 0.486751 0.96779 0.376728
59 0.492878 0.497408 0.963885 0.357719
68 0.500298 0.486751 0.96779 0.376728
23 0.500298 0.486751 0.96779 0.376728
32 0.497565 0.488191 0.970134 0.376152
3 0.495221 0.496544 0.968571 0.360599
67 0.504204 0.483871 0.961542 0.383641
6 0.506157 0.50288 0.984194 0.352535
69 0.504204 0.483871 0.961542 0.383641
57 0.495221 0.496544 0.968571 0.360599
28 0.500298 0.486751 0.96779 0.376728
4 0.495221 0.496544 0.968571 0.360599
8 0.500298 0.486751 0.96779 0.376728
10 0.497565 0.488191 0.970134 0.376152
1 0.492878 0.497408 0.963885 0.357719
56 0.500298 0.486751 0.96779 0.376728
60 0.497565 0.488191 0.970134 0.376152
52 0.504204 0.483871 0.961542 0.383641
31 0.500298 0.486751 0.96779 0.376728
58 0.42375 0.535426 0.828753 0.287442
2 0.495221 0.483583 0.984194 0.385369
7 0.504204 0.483871 0.961542 0.383641
32 0.42375 0.535426 0.828753 0.287442
44 0.497565 0.488191 0.970134 0.376152
34 0.503032 0.485311 0.96076 0.384217
54 0.500298 0.486751 0.96779 0.376728
22 0.503032 0.485311 0.96076 0.384217
59 0.414767 0.535138 0.810788 0.292627
29 0.503813 0.506336 0.985756 0.345622
3 0.42375 0.535426 0.828753 0.287442
30 0.49444 0.498848 0.962323 0.368664
4 0.499127 0.4928 0.981069 0.38076
68 0.50147 0.492224 0.982631 0.384217
59 0.50147 0.492224 0.982631 0.384217
3 0.499127 0.4928 0.981069 0.38076
32 0.499127 0.4928 0.981069 0.38076
58 0.506157 0.487327 0.971696 0.392857
23 0.506157 0.487327 0.971696 0.392857
57 0.499127 0.4928 0.981069 0.38076
1 0.489753 0.497696 0.963885 0.37212
28 0.505766 0.486463 0.969353 0.388825
6 0.497565 0.503168 0.982631 0.360023
58 0.421016 0.542627 0.832659 0.276498
56 0.499127 0.4928 0.981069 0.38076
7 0.492487 0.497696 0.969353 0.370968
67 0.506157 0.487327 0.971696 0.392857
10 0.505766 0.486463 0.969353 0.388825
69 0.506157 0.487327 0.971696 0.392857
52 0.505766 0.486463 0.969353 0.388825
22 0.505766 0.486463 0.969353 0.388825
8 0.506157 0.487327 0.971696 0.392857
54 0.492487 0.497696 0.969353 0.370968
3 0.421016 0.542627 0.832659 0.276498
31 0.50147 0.492224 0.982631 0.384217
0 0.505766 0.486463 0.969353 0.388825
5 0.505766 0.486463 0.969353 0.388825
34 0.505766 0.486463 0.969353 0.388825
32 0.421016 0.542627 0.832659 0.276498
57 0.421016 0.542627 0.832659 0.276498
29 0.497565 0.484447 0.984194 0.394009
59 0.421016 0.542627 0.832659 0.276498
2 0.496002 0.483871 0.982631 0.389401
6 0.421016 0.542627 0.832659 0.276498
45 0.50147 0.492224 0.982631 0.384217
59 0.50147 0.484447 0.984194 0.389401
58 0.507719 0.482143 0.973258 0.394009
3 0.499908 0.486463 0.984194 0.386521
23 0.507719 0.482143 0.973258 0.394009
68 0.50147 0.484447 0.984194 0.389401
32 0.506938 0.484447 0.973258 0.388249
4 0.499908 0.486463 0.984194 0.386521
57 0.499908 0.486463 0.984194 0.386521
22 0.506938 0.484447 0.973258 0.388249
28 0.50147 0.484447 0.984194 0.389401
67 0.507719 0.482143 0.973258 0.394009
56 0.506938 0.484447 0.973258 0.388249
10 0.506938 0.484447 0.973258 0.388249
7 0.506938 0.484447 0.973258 0.388249
1 0.499908 0.486463 0.984194 0.386521
6 0.499908 0.4928 0.977945 0.373848
31 0.50147 0.484447 0.984194 0.389401
69 0.506938 0.484447 0.973258 0.388249
2 0.500689 0.483007 0.979507 0.388825
29 0.491706 0.487615 0.963104 0.381912
52 0.50147 0.484447 0.984194 0.389401
8 0.50147 0.484447 0.984194 0.389401
60 0.499908 0.486463 0.984194 0.386521
34 0.506938 0.484447 0.973258 0.388249
58 0.448745 0.553571 0.883431 0.247696
39 0.506938 0.484447 0.973258 0.388249
5 0.506938 0.484447 0.973258 0.388249
58 0.50147 0.486175 0.968571 0.387097
59 0.50147 0.483007 0.971696 0.396889
3 0.497565 0.489055 0.979507 0.383641
68 0.499908 0.484447 0.977945 0.392857
23 0.50147 0.486175 0.968571 0.387097
32 0.50147 0.486175 0.968571 0.387097
4 0.492097 0.489631 0.971696 0.380184
57 0.499908 0.484447 0.977945 0.392857
7 0.499127 0.483007 0.982631 0.394585
2 0.499127 0.484447 0.977945 0.388249
1 0.497565 0.489055 0.979507 0.383641
6 0.499127 0.483007 0.982631 0.394585
67 0.50147 0.483007 0.971696 0.396889
56 0.50147 0.486175 0.968571 0.387097
10 0.50147 0.486175 0.968571 0.387097
28 0.499908 0.484447 0.977945 0.392857
58 0.464758 0.539171 0.918581 0.286866
31 0.499127 0.483007 0.982631 0.394585
69 0.50147 0.486175 0.968571 0.387097
60 0.499127 0.484447 0.977945 0.388249
29 0.492097 0.489631 0.971696 0.380184
3 0.464758 0.539171 0.918581 0.286866
22 0.50147 0.486175 0.968571 0.387097
59 0.456947 0.529378 0.898272 0.301843
52 0.50147 0.483007 0.971696 0.396889
32 0.464758 0.539171 0.918581 0.286866
8 0.499127 0.483007 0.982631 0.394585
4 0.501861 0.493664 0.96779 0.368664
3 0.503813 0.489919 0.979507 0.377304
68 0.508891 0.485023 0.972477 0.387097
59 0.508891 0.485023 0.972477 0.387097
58 0.5085 0.485023 0.970134 0.387097
32 0.5085 0.485023 0.970134 0.387097
23 0.501079 0.483871 0.984975 0.387097
57 0.507328 0.489055 0.975601 0.379032
56 0.5085 0.485023 0.970134 0.387097
28 0.507328 0.489055 0.975601 0.379032
1 0.507328 0.489055 0.975601 0.379032
6 0.501079 0.483871 0.984975 0.387097
7 0.508983 0.50288 0.982035 0.351382
4 0.341734 0.531106 0.664721 0.294931
5 0.507328 0.489055 0.975601 0.379032
3 0.341734 0.531106 0.664721 0.294931
69 0.5085 0.485023 0.970134 0.387097
45 0.501861 0.493664 0.96779 0.368664
67 0.5085 0.486751 0.971696 0.390553
31 0.501079 0.483871 0.984975 0.387097
21 0.510545 0.501728 0.97891 0.355991
10 0.5085 0.485023 0.970134 0.387097
22 0.506547 0.490207 0.977164 0.379032
52 0.508891 0.485023 0.972477 0.387097
