2 0.481902 0.474138 0.954447 0.574354
22 0.439794 0.475754 0.829683 0.575431
4 0.45305 0.475754 0.851516 0.573276
66 0.439794 0.475754 0.829683 0.575431
41 0.439794 0.475754 0.829683 0.575431
57 0.479563 0.472522 0.949768 0.582974
72 0.490869 0.474946 0.930274 0.578125
60 0.490869 0.474946 0.930274 0.578125
49 0.439794 0.475754 0.829683 0.575431
44 0.481902 0.474138 0.954447 0.574354
62 0.439794 0.475754 0.829683 0.575431
41 0.245435 0.476293 0.433946 0.572198
4 0.530248 0.519935 0.867112 0.414871
36 0.481902 0.474138 0.954447 0.574354
4 0.245435 0.476293 0.433946 0.572198
22 0.52401 0.523842 0.901422 0.42861
32 0.481902 0.474138 0.954447 0.574354
22 0.245435 0.476293 0.433946 0.572198
67 0.436675 0.479256 0.825004 0.578125
70 0.490869 0.474946 0.930274 0.578125
72 0.52401 0.523842 0.901422 0.42861
40 0.479563 0.472522 0.949768 0.582974
41 0.503736 0.528017 0.959125 0.449354
57 0.581616 0.55819 0.762817 0.332974
64 0.481902 0.474138 0.954447 0.574354
54 0.439794 0.475754 0.829683 0.575431
71 0.52557 0.514009 0.87491 0.421336
10 0.45305 0.475754 0.851516 0.573276
62 0.52401 0.523842 0.901422 0.42861
17 0.490869 0.474946 0.930274 0.578125
46 0.439794 0.475754 0.829683 0.575431
22 0.581616 0.55819 0.762817 0.332974
0 0.439794 0.475754 0.829683 0.575431
39 0.581616 0.55819 0.762817 0.332974
57 0.245435 0.476293 0.433946 0.572198
1 0.490869 0.474946 0.930274 0.578125
60 0.245435 0.476293 0.433946 0.572198
46 0.581616 0.55819 0.762817 0.332974
66 0.245435 0.476293 0.433946 0.572198
72 0.239002 0.475754 0.422639 0.571121
20 0.490869 0.474946 0.930274 0.578125
33 0.479563 0.472522 0.949768 0.582974
1 0.239002 0.475754 0.422639 0.571121
10 0.239002 0.475754 0.422639 0.571121
65 0.520891 0.523707 0.90922 0.4375
62 0.245435 0.476293 0.433946 0.572198
14 0.439794 0.475754 0.829683 0.575431
35 0.491259 0.475216 0.935732 0.574354
36 0.582591 0.531789 0.754629 0.385776
49 0.239002 0.475754 0.422639 0.571121
29 0.479563 0.472522 0.949768 0.582974
49 0.52401 0.523842 0.901422 0.42861
57 0.52401 0.523842 0.901422 0.42861
71 0.495548 0.470636 0.989537 0.578125
56 0.52401 0.523842 0.901422 0.42861
65 0.45305 0.475754 0.851516 0.573276
26 0.52479 0.520339 0.898303 0.439925
2 0.52557 0.514009 0.87491 0.421336
10 0.52401 0.523842 0.901422 0.42861
49 0.581616 0.55819 0.762817 0.332974
69 0.459289 0.483836 0.892065 0.590517
8 0.52557 0.514009 0.87491 0.421336
8 0.491259 0.475216 0.935732 0.574354
56 0.479563 0.472522 0.949768 0.582974
37 0.239586 0.476832 0.426928 0.572198
67 0.626551 0.516703 0.66515 0.41056
5 0.52401 0.523842 0.901422 0.42861
60 0.581616 0.55819 0.762817 0.332974
6 0.467086 0.484914 0.927934 0.601293
33 0.582591 0.531789 0.754629 0.385776
34 0.503736 0.527883 0.948209 0.465787
69 0.245435 0.476293 0.433946 0.572198
7 0.439794 0.475754 0.829683 0.575431
4 0.629182 0.5625 0.664565 0.323276
31 0.491259 0.479526 0.97784 0.565733
5 0.239002 0.475754 0.422639 0.571121
5 0.48814 0.474138 0.921696 0.577586
23 0.52479 0.520339 0.898303 0.439925
52 0.520891 0.523707 0.90922 0.4375
3 0.581616 0.55819 0.762817 0.332974
12 0.481902 0.474138 0.954447 0.574354
8 0.629182 0.5625 0.664565 0.323276
59 0.49048 0.482489 0.97784 0.555496
57 0.709597 0.592672 0.52557 0.368535
18 0.52401 0.523842 0.901422 0.42861
52 0.495548 0.470636 0.989537 0.578125
46 0.52401 0.523842 0.901422 0.42861
44 0.626551 0.516703 0.66515 0.41056
2 0.494378 0.47306 0.957566 0.578664
33 0.494378 0.47306 0.957566 0.578664
57 0.494378 0.47306 0.957566 0.578664
36 0.495548 0.473599 0.964584 0.585129
66 0.494378 0.47306 0.957566 0.578664
44 0.495548 0.473599 0.964584 0.585129
8 0.501786 0.470366 0.97862 0.592672
62 0.498667 0.46875 0.973941 0.584052
67 0.495548 0.473599 0.964584 0.585129
60 0.494378 0.47306 0.957566 0.578664
69 0.495548 0.473599 0.964584 0.585129
10 0.499447 0.476832 0.94275 0.582974
65 0.498667 0.46875 0.973941 0.584052
20 0.498667 0.46875 0.973941 0.584052
35 0.495548 0.473599 0.964584 0.585129
4 0.501786 0.470366 0.97862 0.592672
40 0.494378 0.47306 0.957566 0.578664
29 0.501786 0.470366 0.97862 0.592672
72 0.498667 0.46875 0.973941 0.584052
32 0.494378 0.47306 0.957566 0.578664
22 0.494378 0.47306 0.957566 0.578664
6 0.493209 0.474677 0.966143 0.580819
41 0.497498 0.474138 0.94197 0.577586
30 0.501786 0.470366 0.97862 0.592672
3 0.499447 0.476832 0.94275 0.582974
7 0.497498 0.474138 0.94197 0.577586
58 0.499447 0.476832 0.94275 0.582974
56 0.494378 0.47306 0.957566 0.578664
45 0.497887 0.470636 0.972382 0.570582
39 0.497887 0.470636 0.972382 0.570582
31 0.501786 0.470366 0.97862 0.592672
17 0.497498 0.474138 0.94197 0.577586
5 0.492039 0.471444 0.946649 0.572198
54 0.497498 0.474138 0.94197 0.577586
49 0.497498 0.474138 0.94197 0.577586
34 0.465527 0.476293 0.862433 0.577586
1 0.499057 0.476293 0.94353 0.578664
68 0.499057 0.476293 0.94353 0.578664
64 0.501786 0.470366 0.97862 0.592672
18 0.499447 0.476832 0.94275 0.582974
33 0.493209 0.472252 0.975501 0.585668
62 0.493209 0.472252 0.975501 0.585668
44 0.493209 0.472252 0.975501 0.585668
36 0.493209 0.472252 0.975501 0.585668
65 0.493209 0.472252 0.975501 0.585668
67 0.497498 0.464978 0.9794 0.590517
2 0.493209 0.472252 0.975501 0.585668
66 0.493209 0.472252 0.975501 0.585668
20 0.493209 0.472252 0.975501 0.585668
35 0.493209 0.472252 0.975501 0.585668
29 0.497498 0.464978 0.9794 0.590517
8 0.497498 0.464978 0.9794 0.590517
30 0.497498 0.464978 0.9794 0.590517
6 0.497498 0.464978 0.9794 0.590517
69 0.497498 0.464978 0.9794 0.590517
39 0.492429 0.478448 0.97706 0.56681
57 0.493209 0.472252 0.975501 0.585668
40 0.493209 0.472252 0.975501 0.585668
54 0.499057 0.469289 0.966923 0.580819
60 0.493209 0.472252 0.975501 0.585668
32 0.493209 0.472252 0.975501 0.585668
45 0.492429 0.478448 0.97706 0.56681
4 0.490869 0.477909 0.973941 0.574353
61 0.48892 0.481142 0.949768 0.564655
23 0.48892 0.481142 0.949768 0.564655
22 0.495158 0.478987 0.960685 0.572198
10 0.499837 0.480065 0.932613 0.572198
5 0.48892 0.481142 0.949768 0.564655
56 0.495158 0.478987 0.960685 0.572198
31 0.497498 0.464978 0.9794 0.590517
28 0.48892 0.481142 0.949768 0.564655
41 0.493209 0.472252 0.975501 0.585668
1 0.495158 0.478987 0.960685 0.572198
0 0.495158 0.509564 0.965364 0.50889
34 0.430047 0.478448 0.788354 0.568966
72 0.497498 0.464978 0.9794 0.590517
7 0.495158 0.478987 0.960685 0.572198
58 0.495158 0.481142 0.921696 0.567888
33 0.485021 0.480065 0.951328 0.551724
36 0.485021 0.480065 0.951328 0.551724
67 0.494378 0.489494 0.966923 0.538254
35 0.492819 0.491312 0.966923 0.538928
30 0.494378 0.489494 0.966923 0.538254
44 0.48853 0.471983 0.950548 0.573276
2 0.492819 0.491312 0.966923 0.538928
8 0.491649 0.480334 0.966143 0.552263
57 0.492819 0.491312 0.966923 0.538928
61 0.48853 0.471983 0.950548 0.573276
66 0.492819 0.491312 0.966923 0.538928
62 0.49009 0.477909 0.959905 0.557112
65 0.49009 0.477909 0.959905 0.557112
29 0.494378 0.489494 0.966923 0.538254
6 0.494378 0.489494 0.966923 0.538254
20 0.49009 0.477909 0.959905 0.557112
45 0.491649 0.480334 0.966143 0.552263
23 0.48853 0.471983 0.950548 0.573276
54 0.500617 0.516029 0.954447 0.491649
60 0.492819 0.491312 0.966923 0.538928
34 0.48892 0.477101 0.94197 0.556573
32 0.491649 0.480334 0.966143 0.552263
39 0.491649 0.480334 0.966143 0.552263
69 0.492819 0.491312 0.966923 0.538928
31 0.494378 0.489494 0.966923 0.538254
0 0.499057 0.522629 0.954447 0.482759
10 0.48853 0.471983 0.950548 0.573276
28 0.48892 0.477101 0.94197 0.556573
22 0.485021 0.480065 0.951328 0.551724
21 0.491649 0.480334 0.966143 0.552263
4 0.492819 0.491312 0.966923 0.538928
1 0.485021 0.480065 0.951328 0.551724
40 0.499057 0.522629 0.954447 0.482759
7 0.492819 0.491312 0.966923 0.538928
56 0.485021 0.480065 0.951328 0.551724
5 0.48853 0.471983 0.950548 0.573276
58 0.499837 0.530172 0.957566 0.452586
34 0.351289 0.477371 0.630839 0.5625
72 0.49009 0.477909 0.959905 0.557112
41 0.494378 0.489494 0.966923 0.538254
61 0.48814 0.557651 0.94353 0.376078
68 0.49009 0.477909 0.959905 0.557112
33 0.499057 0.482153 0.970042 0.550781
36 0.499057 0.482153 0.970042 0.550781
35 0.499057 0.482153 0.970042 0.550781
65 0.504126 0.477371 0.975501 0.561422
66 0.499057 0.482153 0.970042 0.550781
2 0.499057 0.482153 0.970042 0.550781
44 0.499057 0.482153 0.970042 0.550781
62 0.499057 0.482153 0.970042 0.550781
57 0.499057 0.482153 0.970042 0.550781
8 0.496328 0.483365 0.966143 0.541891
34 0.501786 0.480873 0.948988 0.557651
61 0.496328 0.483365 0.966143 0.541891
45 0.496328 0.483365 0.966143 0.541891
54 0.504126 0.477371 0.975501 0.561422
20 0.504126 0.477371 0.975501 0.561422
30 0.497498 0.484375 0.962245 0.548491
67 0.495158 0.489696 0.962245 0.53785
39 0.496328 0.483365 0.966143 0.541891
6 0.497498 0.484375 0.962245 0.548491
29 0.504126 0.477371 0.975501 0.561422
7 0.499057 0.482153 0.970042 0.550781
60 0.495158 0.489696 0.962245 0.53785
21 0.496328 0.483365 0.966143 0.541891
69 0.499057 0.482153 0.970042 0.550781
22 0.499057 0.482153 0.970042 0.550781
28 0.501786 0.480873 0.948988 0.557651
10 0.496328 0.483365 0.966143 0.541891
0 0.497108 0.515625 0.958346 0.487069
56 0.499057 0.482153 0.970042 0.550781
23 0.496328 0.483365 0.966143 0.541891
32 0.492819 0.488214 0.963804 0.53327
31 0.504126 0.477371 0.975501 0.561422
4 0.501786 0.480873 0.948988 0.557651
5 0.496328 0.483365 0.966143 0.541891
40 0.495158 0.489696 0.962245 0.53785
33 0.495158 0.487338 0.963804 0.54472
34 0.499447 0.47791 0.953667 0.563578
65 0.506238 0.47791 0.987524 0.5625
36 0.495158 0.487338 0.963804 0.54472
8 0.506238 0.47791 0.987524 0.5625
35 0.495158 0.487338 0.963804 0.54472
21 0.501786 0.48323 0.97706 0.548626
57 0.506238 0.47791 0.987524 0.5625
44 0.506238 0.47791 0.987524 0.5625
45 0.493599 0.488147 0.962245 0.538793
66 0.495158 0.487338 0.963804 0.54472
28 0.499447 0.47791 0.953667 0.563578
39 0.493599 0.488147 0.962245 0.538793
7 0.506238 0.47791 0.987524 0.5625
61 0.493599 0.488147 0.962245 0.538793
54 0.497498 0.487608 0.965364 0.552802
29 0.507798 0.479526 0.984404 0.56681
62 0.506238 0.47791 0.987524 0.5625
30 0.497498 0.487608 0.965364 0.552802
67 0.497498 0.487608 0.965364 0.552802
2 0.506238 0.47791 0.987524 0.5625
20 0.507798 0.479526 0.984404 0.56681
4 0.506238 0.47791 0.987524 0.5625
31 0.497498 0.487608 0.965364 0.552802
10 0.501786 0.48323 0.97706 0.548626
60 0.495158 0.487338 0.963804 0.54472
0 0.499057 0.514143 0.962245 0.49111
34 0.28033 0.481142 0.48736 0.565733
23 0.501786 0.48323 0.97706 0.548626
22 0.506238 0.47791 0.987524 0.5625
6 0.497498 0.487608 0.965364 0.552802
14 0.499057 0.525323 0.954447 0.46444
5 0.499447 0.47791 0.953667 0.563578
65 0.28033 0.481142 0.48736 0.565733
33 0.493989 0.491312 0.955227 0.538928
34 0.498667 0.475216 0.930274 0.568966
65 0.500227 0.480065 0.964584 0.557112
36 0.500227 0.480065 0.964584 0.557112
35 0.493989 0.491312 0.955227 0.538928
8 0.500227 0.480065 0.964584 0.557112
57 0.500227 0.480065 0.964584 0.557112
21 0.500227 0.480065 0.964584 0.557112
44 0.500227 0.480065 0.964584 0.557112
61 0.495158 0.509159 0.951328 0.503233
29 0.505295 0.475485 0.968483 0.557651
45 0.494378 0.479526 0.951328 0.561422
54 0.495158 0.48121 0.956006 0.550512
28 0.498667 0.475216 0.930274 0.568966
7 0.500227 0.480065 0.964584 0.557112
62 0.500227 0.480065 0.964584 0.557112
39 0.494378 0.479526 0.951328 0.561422
66 0.495938 0.501616 0.956006 0.515086
4 0.500227 0.480065 0.964584 0.557112
2 0.493989 0.491312 0.955227 0.538928
60 0.493989 0.491312 0.955227 0.538928
30 0.495158 0.48121 0.956006 0.550512
34 0.307427 0.477371 0.531418 0.56681
31 0.495158 0.48121 0.956006 0.550512
0 0.495938 0.510776 0.951328 0.502155
10 0.495158 0.472522 0.951328 0.576509
65 0.307427 0.477371 0.531418 0.56681
67 0.495158 0.48121 0.956006 0.550512
5 0.498667 0.475216 0.930274 0.568966
23 0.494378 0.479526 0.951328 0.561422
6 0.495938 0.501616 0.956006 0.515086
14 0.495158 0.509159 0.951328 0.503233
20 0.505295 0.475485 0.968483 0.557651
34 0.493209 0.475216 0.94275 0.56681
33 0.505295 0.48121 0.94197 0.546202
65 0.512703 0.475754 0.973941 0.55819
29 0.512703 0.475754 0.973941 0.55819
35 0.505295 0.48121 0.94197 0.546202
8 0.512703 0.475754 0.973941 0.55819
36 0.505295 0.48121 0.94197 0.546202
61 0.506075 0.47306 0.937292 0.564655
21 0.512703 0.475754 0.973941 0.55819
57 0.512703 0.475754 0.973941 0.55819
28 0.493209 0.475216 0.94275 0.56681
45 0.512703 0.475754 0.973941 0.55819
44 0.506075 0.47306 0.937292 0.564655
62 0.512703 0.475754 0.973941 0.55819
60 0.505295 0.48121 0.94197 0.546202
30 0.505685 0.472522 0.94431 0.568966
54 0.505685 0.472522 0.94431 0.568966
66 0.513483 0.472791 0.972382 0.565194
67 0.505295 0.48121 0.94197 0.546202
34 0.505295 0.477371 0.970042 0.559267
33 0.499837 0.486598 0.951328 0.542969
65 0.505295 0.477371 0.970042 0.559267
21 0.505295 0.477371 0.970042 0.559267
35 0.499837 0.486598 0.951328 0.542969
36 0.506075 0.474677 0.965364 0.559267
29 0.505295 0.477371 0.970042 0.559267
57 0.505295 0.477371 0.970042 0.559267
61 0.497498 0.50916 0.94197 0.488147
45 0.499837 0.486598 0.951328 0.542969
28 0.504126 0.475216 0.950548 0.56681
8 0.505295 0.477371 0.970042 0.559267
4 0.505295 0.477371 0.970042 0.559267
62 0.498277 0.478448 0.952887 0.553879
23 0.498667 0.48222 0.947429 0.546336
65 0.529079 0.578529 0.866332 0.295528
34 0.508804 0.572064 0.90844 0.3257
54 0.504126 0.475216 0.950548 0.56681
18 0.505295 0.477371 0.970042 0.559267
7 0.505295 0.477371 0.970042 0.559267
34 0.512703 0.46875 0.973941 0.575431
65 0.512703 0.46875 0.973941 0.575431
33 0.502956 0.464978 0.945089 0.580819
36 0.502956 0.480334 0.94353 0.556573
21 0.512703 0.46875 0.973941 0.575431
35 0.502956 0.464978 0.945089 0.580819
29 0.512703 0.46875 0.973941 0.575431
61 0.501396 0.478381 0.94353 0.547548
34 0.315615 0.469558 0.55949 0.565194
45 0.502956 0.471444 0.94353 0.573276
4 0.512703 0.46875 0.973941 0.575431
28 0.512703 0.46875 0.973941 0.575431
57 0.502956 0.471444 0.94353 0.573276
8 0.502956 0.480334 0.94353 0.556573
65 0.315615 0.469558 0.55949 0.565194
62 0.502566 0.464978 0.947429 0.576509
54 0.502956 0.464978 0.945089 0.580819
18 0.512703 0.46875 0.973941 0.575431
44 0.512476 0.468481 0.975047 0.569504
68 0.507245 0.468211 0.963024 0.580819
34 0.494378 0.473599 0.954447 0.559267
65 0.494378 0.473599 0.954447 0.559267
33 0.497498 0.477842 0.971602 0.548626
21 0.497498 0.477842 0.971602 0.548626
29 0.494378 0.473599 0.954447 0.559267
35 0.497498 0.477842 0.971602 0.548626
36 0.497498 0.477842 0.971602 0.548626
45 0.497498 0.477842 0.971602 0.548626
28 0.494378 0.473599 0.954447 0.559267
8 0.497498 0.477842 0.971602 0.548626
57 0.497498 0.477842 0.971602 0.548626
4 0.494378 0.473599 0.954447 0.559267
61 0.496718 0.50229 0.954447 0.501886
5 0.497887 0.478718 0.969263 0.551185
34 0.492039 0.469289 0.960685 0.574353
33 0.495158 0.488955 0.946649 0.538254
65 0.48892 0.473599 0.927934 0.570043
35 0.496718 0.47306 0.948209 0.577586
36 0.495158 0.488955 0.946649 0.538254
29 0.492039 0.469289 0.960685 0.574353
21 0.492039 0.469289 0.960685 0.574353
57 0.496718 0.48653 0.949768 0.546336
34 0.355188 0.470366 0.640977 0.561422
61 0.495158 0.488955 0.946649 0.538254
28 0.486581 0.469019 0.929494 0.574892
8 0.492039 0.469289 0.960685 0.574353
60 0.495158 0.488955 0.946649 0.538254
4 0.48892 0.473599 0.927934 0.570043
45 0.492039 0.469289 0.960685 0.574353
65 0.355188 0.470366 0.640977 0.561422
34 0.249724 0.469019 0.431606 0.572737
54 0.496718 0.48653 0.949768 0.546336
2 0.496718 0.47306 0.948209 0.577586
5 0.48892 0.473599 0.927934 0.570043
67 0.495158 0.488955 0.946649 0.538254
62 0.492039 0.469289 0.960685 0.574353
7 0.496718 0.48653 0.949768 0.546336
31 0.496718 0.47306 0.948209 0.577586
34 0.509194 0.475754 0.954447 0.567888
65 0.515432 0.47791 0.949768 0.56681
33 0.499837 0.482759 0.946649 0.556034
35 0.500227 0.478987 0.947429 0.565733
29 0.509194 0.475754 0.954447 0.567888
36 0.511144 0.478448 0.958346 0.564655
4 0.515432 0.47791 0.949768 0.56681
28 0.512703 0.47306 0.948988 0.572198
21 0.509194 0.475754 0.954447 0.567888
45 0.500227 0.478987 0.947429 0.565733
54 0.512703 0.47306 0.948988 0.572198
60 0.500227 0.478987 0.947429 0.565733
8 0.511144 0.478448 0.958346 0.564655
2 0.500227 0.478987 0.947429 0.565733
61 0.509194 0.475754 0.954447 0.567888
62 0.515432 0.47791 0.949768 0.56681
5 0.511144 0.478448 0.958346 0.564655
57 0.500227 0.478987 0.947429 0.565733
66 0.499057 0.48222 0.951328 0.557112
0 0.500227 0.478987 0.947429 0.565733
7 0.512703 0.47306 0.948988 0.572198
68 0.497887 0.490032 0.950548 0.535022
31 0.500227 0.478987 0.947429 0.565733
