57 0.721875 0.669971 0.540625 0.331322
4 0.692578 0.666092 0.602344 0.348276
2 0.489844 0.498851 0.979688 0.802299
57 0.493359 0.501149 0.986719 0.810345
49 0.48125 0.531034 0.953125 0.73908
57 0.628906 0.654598 0.729688 0.38046
72 0.467578 0.504598 0.930469 0.797701
46 0.692578 0.666092 0.602344 0.348276
67 0.730859 0.650431 0.527344 0.370402
60 0.48125 0.531034 0.953125 0.73908
4 0.572656 0.524138 0.846875 0.637931
49 0.628906 0.654598 0.729688 0.38046
2 0.240625 0.532759 0.464063 0.733333
67 0.647266 0.485632 0.692969 0.716092
4 0.495313 0.50977 0.990625 0.778161
22 0.486719 0.516954 0.973437 0.763793
57 0.517188 0.598276 0.953125 0.521839
57 0.572656 0.524138 0.846875 0.637931
35 0.493359 0.501149 0.986719 0.810345
62 0.214453 0.53477 0.4125 0.732759
62 0.492969 0.514368 0.979688 0.762069
44 0.435156 0.517241 0.867188 0.801149
57 0.240625 0.532759 0.464063 0.733333
2 0.673828 0.650575 0.641406 0.37931
44 0.692578 0.666092 0.602344 0.348276
33 0.482812 0.510632 0.9625 0.81092
72 0.240625 0.532759 0.464063 0.733333
71 0.493359 0.501149 0.986719 0.810345
15 0.572656 0.524138 0.846875 0.637931
40 0.673828 0.650575 0.641406 0.37931
49 0.721875 0.669971 0.540625 0.331322
60 0.730859 0.650431 0.527344 0.370402
5 0.572656 0.524138 0.846875 0.637931
71 0.673828 0.650575 0.641406 0.37931
36 0.652246 0.503161 0.683008 0.681035
41 0.48125 0.525287 0.95625 0.747127
69 0.482812 0.510632 0.9625 0.81092
46 0.486719 0.516954 0.973437 0.763793
2 0.339453 0.543678 0.661719 0.714943
57 0.339453 0.543678 0.661719 0.714943
60 0.290234 0.531034 0.564062 0.733333
60 0.528906 0.632184 0.925 0.434483
67 0.435156 0.517241 0.867188 0.801149
64 0.489844 0.498851 0.979688 0.802299
72 0.692578 0.666092 0.602344 0.348276
49 0.214453 0.53477 0.4125 0.732759
34 0.493359 0.501149 0.986719 0.810345
70 0.48125 0.525287 0.95625 0.747127
59 0.730859 0.650431 0.527344 0.370402
8 0.719531 0.675718 0.55 0.326724
44 0.78457 0.625862 0.418359 0.421839
71 0.572656 0.524138 0.846875 0.637931
57 0.79375 0.664368 0.4 0.314943
34 0.692578 0.666092 0.602344 0.348276
10 0.482812 0.510632 0.9625 0.81092
22 0.673828 0.650575 0.641406 0.37931
20 0.485547 0.518966 0.971094 0.756322
41 0.240625 0.532759 0.464063 0.733333
8 0.48125 0.525287 0.95625 0.747127
8 0.652246 0.503161 0.683008 0.681035
45 0.486719 0.516954 0.973437 0.763793
18 0.50625 0.5 0.903125 0.782759
10 0.572656 0.524138 0.846875 0.637931
40 0.48125 0.531034 0.953125 0.73908
10 0.78457 0.625862 0.418359 0.421839
49 0.528906 0.632184 0.925 0.434483
36 0.719531 0.675718 0.55 0.326724
35 0.730859 0.650431 0.527344 0.370402
2 0.5 0.525862 0.9875 0.755172
66 0.5 0.525862 0.9875 0.755172
57 0.5 0.525862 0.9875 0.755172
10 0.489063 0.528736 0.970313 0.744828
44 0.501172 0.52069 0.982031 0.770115
69 0.501172 0.52069 0.982031 0.770115
65 0.501172 0.52069 0.982031 0.770115
62 0.501172 0.52069 0.982031 0.770115
33 0.5 0.525862 0.9875 0.755172
20 0.501172 0.52069 0.982031 0.770115
4 0.492969 0.516667 0.978125 0.76092
8 0.497656 0.513218 0.970313 0.745977
36 0.501172 0.52069 0.982031 0.770115
35 0.491016 0.517241 0.982031 0.778161
72 0.501172 0.52069 0.982031 0.770115
67 0.491016 0.517241 0.982031 0.778161
60 0.492578 0.533908 0.974219 0.74023
3 0.492578 0.533908 0.974219 0.74023
41 0.489063 0.528736 0.970313 0.744828
45 0.492969 0.516667 0.978125 0.76092
29 0.491016 0.517241 0.982031 0.778161
58 0.483984 0.535057 0.944531 0.732184
7 0.5 0.525862 0.9875 0.755172
40 0.492969 0.516667 0.978125 0.76092
6 0.491016 0.517241 0.982031 0.778161
22 0.492969 0.516667 0.978125 0.76092
4 0.829492 0.655747 0.331641 0.281609
32 0.491016 0.517241 0.982031 0.778161
5 0.495312 0.527299 0.971875 0.745402
49 0.492578 0.533908 0.974219 0.74023
4 0.889844 0.643822 0.210938 0.236494
30 0.490234 0.498276 0.977344 0.749425
56 0.5 0.525862 0.9875 0.755172
71 0.492969 0.516667 0.978125 0.76092
54 0.489063 0.528736 0.970313 0.744828
64 0.491016 0.517241 0.982031 0.778161
48 0.492969 0.516667 0.978125 0.76092
58 0.503125 0.625287 0.976562 0.433333
68 0.498437 0.501437 0.978125 0.744253
26 0.490234 0.498276 0.977344 0.749425
2 0.489063 0.52069 0.971875 0.804598
4 0.489063 0.52069 0.971875 0.804598
57 0.491406 0.514368 0.973438 0.773563
45 0.491406 0.514368 0.973438 0.773563
65 0.489063 0.52069 0.971875 0.804598
8 0.491406 0.514368 0.973438 0.773563
44 0.491406 0.514368 0.973438 0.773563
35 0.489063 0.52069 0.971875 0.804598
62 0.489063 0.52069 0.971875 0.804598
10 0.491016 0.513793 0.961719 0.808046
39 0.491406 0.514368 0.973438 0.773563
5 0.491016 0.517241 0.960156 0.770115
66 0.489063 0.520115 0.957812 0.803448
33 0.489063 0.520115 0.957812 0.803448
69 0.490625 0.510345 0.975 0.804598
7 0.489063 0.52069 0.971875 0.804598
3 0.473437 0.52069 0.929688 0.789655
67 0.490625 0.510345 0.975 0.804598
20 0.489063 0.52069 0.971875 0.804598
32 0.491016 0.517241 0.960156 0.770115
21 0.491406 0.514368 0.973438 0.773563
60 0.491016 0.517241 0.960156 0.770115
58 0.473437 0.52069 0.929688 0.789655
36 0.489063 0.52069 0.971875 0.804598
22 0.491406 0.514368 0.973438 0.773563
23 0.491016 0.517241 0.960156 0.770115
56 0.489063 0.52069 0.971875 0.804598
58 0.525781 0.572557 0.93125 0.539943
6 0.490625 0.510345 0.975 0.804598
29 0.490625 0.510345 0.975 0.804598
1 0.473047 0.518391 0.932031 0.812644
52 0.503125 0.511494 0.982813 0.788506
41 0.489063 0.52069 0.971875 0.804598
28 0.484766 0.524138 0.946094 0.758621
61 0.484766 0.524138 0.946094 0.758621
0 0.503125 0.511494 0.982813 0.788506
34 0.519922 0.494253 0.944531 0.71954
54 0.490625 0.510345 0.975 0.804598
4 0.525 0.495977 0.95 0.785057
57 0.499219 0.503448 0.957813 0.785057
8 0.525 0.495977 0.95 0.785057
23 0.499219 0.503448 0.957813 0.785057
7 0.525 0.495977 0.95 0.785057
44 0.525 0.495977 0.95 0.785057
29 0.518359 0.502874 0.961719 0.797701
67 0.518359 0.502874 0.961719 0.797701
35 0.518359 0.502874 0.961719 0.797701
2 0.499219 0.503448 0.957813 0.785057
58 0.495313 0.510632 0.965625 0.778736
45 0.525 0.495977 0.95 0.785057
10 0.495313 0.510632 0.965625 0.778736
3 0.494531 0.50977 0.967188 0.808046
20 0.525 0.495977 0.95 0.785057
6 0.518359 0.502874 0.961719 0.797701
60 0.525 0.495977 0.95 0.785057
66 0.525 0.495977 0.95 0.785057
31 0.518359 0.502874 0.961719 0.797701
56 0.499219 0.503448 0.957813 0.785057
68 0.492188 0.50977 0.959375 0.801149
34 0.496094 0.507471 0.960938 0.810345
22 0.525 0.495977 0.95 0.785057
52 0.518359 0.502874 0.961719 0.797701
30 0.518359 0.502874 0.961719 0.797701
65 0.518359 0.502874 0.961719 0.797701
69 0.525 0.495977 0.95 0.785057
21 0.525 0.495977 0.95 0.785057
33 0.499219 0.503448 0.957813 0.785057
54 0.518359 0.502874 0.961719 0.797701
5 0.499219 0.503448 0.957813 0.785057
32 0.499219 0.503448 0.957813 0.785057
59 0.492188 0.50977 0.959375 0.801149
1 0.496094 0.507471 0.960938 0.810345
62 0.496094 0.507471 0.960938 0.810345
36 0.518359 0.502874 0.961719 0.797701
39 0.534766 0.495402 0.930469 0.762069
28 0.499219 0.503448 0.957813 0.785057
72 0.496094 0.507471 0.960938 0.810345
41 0.518359 0.502874 0.961719 0.797701
0 0.53125 0.489655 0.9375 0.770115
58 0.517969 0.649569 0.953125 0.381322
4 0.507031 0.506322 0.973438 0.782759
52 0.507031 0.506322 0.973438 0.782759
3 0.499219 0.508621 0.95 0.787356
57 0.503906 0.506322 0.945312 0.772414
10 0.499219 0.508621 0.95 0.787356
23 0.503906 0.506322 0.945312 0.772414
2 0.517187 0.501149 0.957812 0.772414
58 0.499219 0.508621 0.95 0.787356
59 0.507031 0.506322 0.973438 0.782759
29 0.507031 0.506322 0.973438 0.782759
67 0.503906 0.500575 0.973438 0.778161
1 0.499219 0.508621 0.95 0.787356
8 0.517187 0.501149 0.957812 0.772414
28 0.503906 0.506322 0.945312 0.772414
34 0.499219 0.508621 0.95 0.787356
5 0.503906 0.506322 0.945312 0.772414
7 0.517187 0.501149 0.957812 0.772414
56 0.503906 0.506322 0.945312 0.772414
68 0.499219 0.508621 0.95 0.787356
32 0.507031 0.506322 0.973438 0.782759
6 0.507031 0.506322 0.973438 0.782759
31 0.507031 0.506322 0.973438 0.782759
44 0.507031 0.506322 0.973438 0.782759
45 0.517187 0.501149 0.957812 0.772414
22 0.517187 0.501149 0.957812 0.772414
54 0.507031 0.506322 0.973438 0.782759
21 0.517187 0.501149 0.957812 0.772414
60 0.517187 0.501149 0.957812 0.772414
69 0.516016 0.500575 0.958594 0.771264
35 0.507031 0.506322 0.973438 0.782759
39 0.528125 0.502874 0.9375 0.752874
30 0.503906 0.500575 0.973438 0.778161
58 0.530469 0.575287 0.923437 0.541379
0 0.516016 0.500575 0.958594 0.771264
66 0.507031 0.506322 0.973438 0.782759
20 0.507031 0.506322 0.973438 0.782759
36 0.507031 0.506322 0.973438 0.782759
62 0.507031 0.506322 0.973438 0.782759
65 0.507031 0.506322 0.973438 0.782759
58 0.528125 0.659914 0.928125 0.367529
23 0.530469 0.575287 0.923437 0.541379
58 0.383594 0.447126 0.725 0.648276
3 0.507812 0.5 0.98125 0.786207
52 0.507812 0.5 0.98125 0.786207
4 0.507812 0.5 0.98125 0.786207
58 0.50625 0.494253 0.982813 0.777012
59 0.50625 0.494253 0.982813 0.777012
1 0.50625 0.494253 0.982813 0.777012
10 0.490625 0.502011 0.96875 0.791379
68 0.50625 0.494253 0.982813 0.777012
23 0.490625 0.502011 0.96875 0.791379
34 0.490625 0.502011 0.96875 0.791379
7 0.507812 0.5 0.98125 0.786207
5 0.490625 0.505747 0.965625 0.786207
69 0.523047 0.493391 0.953906 0.774138
2 0.507812 0.5 0.98125 0.786207
28 0.510156 0.502874 0.976562 0.789655
57 0.510156 0.502874 0.976562 0.789655
56 0.507812 0.5 0.98125 0.786207
22 0.507812 0.5 0.98125 0.786207
32 0.507812 0.5 0.98125 0.786207
31 0.50625 0.494253 0.982813 0.777012
8 0.510156 0.502874 0.976562 0.789655
6 0.50625 0.494253 0.982813 0.777012
67 0.50625 0.494253 0.982813 0.777012
21 0.510156 0.502874 0.976562 0.789655
0 0.523047 0.493391 0.953906 0.774138
39 0.510156 0.502874 0.976562 0.789655
29 0.50625 0.494253 0.982813 0.777012
45 0.510156 0.502874 0.976562 0.789655
60 0.507812 0.5 0.98125 0.786207
36 0.50625 0.494253 0.982813 0.777012
44 0.510156 0.502874 0.976562 0.789655
54 0.523047 0.493391 0.953906 0.774138
66 0.523047 0.493391 0.953906 0.774138
3 0.475 0.367529 0.93125 0.506322
20 0.50625 0.494253 0.982813 0.777012
3 0.319922 0.495115 0.632813 0.739655
59 0.496875 0.375287 0.965625 0.527586
52 0.502344 0.507184 0.990625 0.806322
3 0.502344 0.507184 0.990625 0.806322
4 0.502344 0.507184 0.990625 0.806322
57 0.502344 0.507184 0.990625 0.806322
58 0.502344 0.499138 0.989062 0.776437
2 0.502344 0.507184 0.990625 0.806322
10 0.502344 0.507184 0.990625 0.806322
68 0.502344 0.499138 0.989062 0.776437
5 0.492969 0.508046 0.964063 0.781609
7 0.50625 0.505747 0.982813 0.785057
69 0.502344 0.499138 0.989062 0.776437
23 0.50625 0.505747 0.982813 0.785057
1 0.491406 0.506322 0.964063 0.804598
67 0.502344 0.499138 0.989062 0.776437
31 0.489063 0.506897 0.9625 0.790805
6 0.502344 0.499138 0.989062 0.776437
56 0.502344 0.507184 0.990625 0.806322
59 0.502344 0.499138 0.989062 0.776437
28 0.50625 0.505747 0.982813 0.785057
22 0.502344 0.507184 0.990625 0.806322
21 0.50625 0.505747 0.982813 0.785057
60 0.502344 0.507184 0.990625 0.806322
0 0.502344 0.507184 0.990625 0.806322
8 0.50625 0.505747 0.982813 0.785057
29 0.502344 0.507184 0.990625 0.806322
39 0.50625 0.505747 0.982813 0.785057
35 0.502344 0.507184 0.990625 0.806322
45 0.50625 0.505747 0.982813 0.785057
32 0.502344 0.507184 0.990625 0.806322
20 0.502344 0.499138 0.989062 0.776437
34 0.50625 0.505747 0.982813 0.785057
44 0.50625 0.505747 0.982813 0.785057
54 0.502344 0.507184 0.990625 0.806322
66 0.519141 0.505747 0.961719 0.806897
30 0.502344 0.499138 0.989062 0.776437
33 0.517187 0.488506 0.965625 0.758621
36 0.502344 0.499138 0.989062 0.776437
62 0.502344 0.499138 0.989062 0.776437
3 0.430859 0.342816 0.811719 0.456897
4 0.51875 0.506322 0.95625 0.789655
52 0.51875 0.506322 0.95625 0.789655
3 0.51875 0.506322 0.95625 0.789655
57 0.525391 0.505747 0.942969 0.772414
7 0.51875 0.506322 0.95625 0.789655
5 0.525391 0.505747 0.942969 0.772414
2 0.51875 0.506322 0.95625 0.789655
10 0.51875 0.506322 0.95625 0.789655
28 0.525391 0.505747 0.942969 0.772414
6 0.513281 0.495115 0.964063 0.768391
39 0.525391 0.505747 0.942969 0.772414
31 0.513281 0.495115 0.964063 0.768391
68 0.513281 0.495115 0.964063 0.768391
56 0.51875 0.506322 0.95625 0.789655
45 0.51875 0.506322 0.95625 0.789655
69 0.522656 0.499425 0.951563 0.782759
1 0.504688 0.506322 0.946875 0.793103
23 0.507812 0.506897 0.935938 0.772414
21 0.525391 0.505747 0.942969 0.772414
58 0.51875 0.506322 0.95625 0.789655
22 0.51875 0.506322 0.95625 0.789655
54 0.522656 0.499425 0.951563 0.782759
8 0.525391 0.505747 0.942969 0.772414
60 0.51875 0.506322 0.95625 0.789655
35 0.51875 0.506322 0.95625 0.789655
20 0.513281 0.495115 0.964063 0.768391
66 0.522656 0.499425 0.951563 0.782759
29 0.51875 0.506322 0.95625 0.789655
59 0.513281 0.495115 0.964063 0.768391
0 0.51875 0.506322 0.95625 0.789655
67 0.513281 0.495115 0.964063 0.768391
44 0.525391 0.505747 0.942969 0.772414
32 0.51875 0.506322 0.95625 0.789655
34 0.51875 0.506322 0.95625 0.789655
33 0.519531 0.485632 0.95625 0.750575
30 0.513281 0.495115 0.964063 0.768391
65 0.51875 0.506322 0.95625 0.789655
41 0.51875 0.506322 0.95625 0.789655
3 0.338867 0.510057 0.671484 0.775287
62 0.513281 0.495115 0.964063 0.768391
52 0.509766 0.508333 0.969531 0.783333
4 0.509766 0.508333 0.969531 0.783333
10 0.509766 0.508333 0.969531 0.783333
23 0.497656 0.507759 0.957812 0.767241
31 0.496484 0.506034 0.958594 0.794828
57 0.509766 0.508333 0.969531 0.783333
2 0.509766 0.508333 0.969531 0.783333
3 0.509766 0.508333 0.969531 0.783333
28 0.509766 0.508333 0.969531 0.783333
45 0.510156 0.505172 0.964063 0.771264
68 0.509766 0.508333 0.969531 0.783333
5 0.510156 0.505172 0.964063 0.771264
69 0.509766 0.508333 0.969531 0.783333
22 0.509766 0.508333 0.969531 0.783333
39 0.510156 0.505172 0.964063 0.771264
59 0.496484 0.506034 0.958594 0.794828
8 0.497656 0.507759 0.957812 0.767241
56 0.509766 0.508333 0.969531 0.783333
54 0.509766 0.508333 0.969531 0.783333
21 0.510156 0.505172 0.964063 0.771264
7 0.509766 0.508333 0.969531 0.783333
58 0.507812 0.495977 0.971875 0.78046
20 0.496484 0.509483 0.960156 0.784483
1 0.496484 0.509483 0.960156 0.784483
29 0.509766 0.508333 0.969531 0.783333
6 0.507812 0.495977 0.971875 0.78046
0 0.509766 0.508333 0.969531 0.783333
60 0.509766 0.508333 0.969531 0.783333
30 0.496484 0.509483 0.960156 0.784483
67 0.496484 0.506034 0.958594 0.794828
44 0.509766 0.508333 0.969531 0.783333
32 0.509766 0.508333 0.969531 0.783333
35 0.509766 0.508333 0.969531 0.783333
66 0.516797 0.498276 0.957031 0.767816
34 0.497656 0.507759 0.957812 0.767241
65 0.509766 0.508333 0.969531 0.783333
62 0.507812 0.495977 0.971875 0.78046
41 0.509766 0.508333 0.969531 0.783333
52 0.502344 0.339655 0.954688 0.456322
33 0.510156 0.505172 0.964063 0.771264
3 0.514063 0.518678 0.959375 0.817816
52 0.514063 0.518678 0.959375 0.817816
69 0.527734 0.506609 0.935156 0.797126
10 0.514063 0.518678 0.959375 0.817816
7 0.51875 0.507759 0.948438 0.784483
2 0.527734 0.506609 0.935156 0.797126
57 0.527734 0.506609 0.935156 0.797126
4 0.527734 0.506609 0.935156 0.797126
21 0.51875 0.507759 0.948438 0.784483
58 0.514063 0.518678 0.959375 0.817816
23 0.503906 0.509195 0.946875 0.785057
5 0.51875 0.507759 0.948438 0.784483
28 0.51875 0.507759 0.948438 0.784483
8 0.51875 0.507759 0.948438 0.784483
45 0.514063 0.518678 0.959375 0.817816
56 0.527734 0.506609 0.935156 0.797126
6 0.527734 0.506609 0.935156 0.797126
39 0.51875 0.507759 0.948438 0.784483
31 0.527734 0.506609 0.935156 0.797126
0 0.527734 0.506609 0.935156 0.797126
1 0.512891 0.518103 0.961719 0.814368
60 0.514063 0.518678 0.959375 0.817816
35 0.527734 0.506609 0.935156 0.797126
22 0.527734 0.506609 0.935156 0.797126
68 0.527734 0.506609 0.935156 0.797126
29 0.514063 0.518678 0.959375 0.817816
59 0.514063 0.518678 0.959375 0.817816
54 0.527734 0.506609 0.935156 0.797126
20 0.51875 0.507759 0.948438 0.784483
33 0.527734 0.506609 0.935156 0.797126
67 0.527734 0.506609 0.935156 0.797126
34 0.51875 0.507759 0.948438 0.784483
32 0.527344 0.502874 0.93125 0.77931
66 0.527734 0.506609 0.935156 0.797126
44 0.51875 0.507759 0.948438 0.784483
30 0.5 0.522414 0.95 0.826437
65 0.512891 0.518103 0.961719 0.814368
61 0.51875 0.507759 0.948438 0.784483
10 0.505469 0.503161 0.982812 0.775287
3 0.505469 0.503161 0.982812 0.775287
5 0.508203 0.499425 0.977344 0.78046
52 0.505469 0.503161 0.982812 0.775287
28 0.505469 0.503161 0.982812 0.775287
69 0.517187 0.499713 0.965625 0.772988
1 0.504687 0.503448 0.98125 0.787356
58 0.505469 0.503161 0.982812 0.775287
68 0.505469 0.503161 0.982812 0.775287
4 0.505469 0.503161 0.982812 0.775287
57 0.505469 0.503161 0.982812 0.775287
7 0.508203 0.499425 0.977344 0.78046
54 0.517187 0.499713 0.965625 0.772988
45 0.505469 0.503161 0.982812 0.775287
8 0.508203 0.499425 0.977344 0.78046
23 0.505469 0.503161 0.982812 0.775287
2 0.505469 0.503161 0.982812 0.775287
6 0.517187 0.499713 0.965625 0.772988
31 0.504687 0.503448 0.98125 0.787356
20 0.504687 0.503448 0.98125 0.787356
59 0.504687 0.503448 0.98125 0.787356
66 0.517187 0.499713 0.965625 0.772988
56 0.505469 0.503161 0.982812 0.775287
29 0.505469 0.503161 0.982812 0.775287
39 0.508203 0.499425 0.977344 0.78046
33 0.517187 0.499713 0.965625 0.772988
35 0.517187 0.499713 0.965625 0.772988
21 0.508203 0.499425 0.977344 0.78046
0 0.517187 0.499713 0.965625 0.772988
67 0.504687 0.503448 0.98125 0.787356
22 0.508203 0.499425 0.977344 0.78046
44 0.517187 0.499713 0.965625 0.772988
32 0.505469 0.503161 0.982812 0.775287
60 0.505469 0.503161 0.982812 0.775287
30 0.494922 0.503448 0.966406 0.778161
41 0.517187 0.499713 0.965625 0.772988
34 0.508203 0.499425 0.977344 0.78046
10 0.523828 0.491954 0.952344 0.768966
52 0.523828 0.491954 0.952344 0.768966
3 0.523828 0.491954 0.952344 0.768966
57 0.523828 0.491954 0.952344 0.768966
68 0.523438 0.489655 0.953125 0.765517
69 0.523828 0.491954 0.952344 0.768966
5 0.524219 0.495402 0.951563 0.757471
58 0.523828 0.491954 0.952344 0.768966
28 0.523828 0.491954 0.952344 0.768966
23 0.523828 0.491954 0.952344 0.768966
31 0.523438 0.489655 0.953125 0.765517
4 0.524219 0.495402 0.951563 0.757471
7 0.524219 0.495402 0.951563 0.757471
54 0.523828 0.491954 0.952344 0.768966
56 0.523828 0.491954 0.952344 0.768966
2 0.523828 0.491954 0.952344 0.768966
22 0.524219 0.495402 0.951563 0.757471
6 0.515625 0.479598 0.959375 0.744253
1 0.523828 0.491954 0.952344 0.768966
20 0.523438 0.489655 0.953125 0.765517
8 0.524219 0.495402 0.951563 0.757471
59 0.515625 0.494253 0.96875 0.773563
45 0.516406 0.499425 0.967188 0.778161
21 0.524219 0.495402 0.951563 0.757471
66 0.515625 0.479598 0.959375 0.744253
39 0.524219 0.495402 0.951563 0.757471
67 0.515625 0.494253 0.96875 0.773563
0 0.523828 0.491954 0.952344 0.768966
35 0.523828 0.491954 0.952344 0.768966
33 0.523828 0.491954 0.952344 0.768966
44 0.523828 0.491954 0.952344 0.768966
29 0.516406 0.499425 0.967188 0.778161
60 0.524219 0.495402 0.951563 0.757471
52 0.416406 0.350862 0.776563 0.477586
32 0.517969 0.481609 0.954688 0.74023
10 0.416406 0.350862 0.776563 0.477586
23 0.416406 0.350862 0.776563 0.477586
34 0.524219 0.495402 0.951563 0.757471
3 0.416406 0.350862 0.776563 0.477586
30 0.499219 0.5 0.951563 0.783908
68 0.416406 0.350862 0.776563 0.477586
5 0.416406 0.350862 0.776563 0.477586
58 0.416406 0.350862 0.776563 0.477586
31 0.416406 0.350862 0.776563 0.477586
52 0.519531 0.497126 0.951563 0.778161
10 0.522266 0.498563 0.946094 0.761494
23 0.5125 0.502874 0.965625 0.782759
57 0.5125 0.502874 0.965625 0.782759
58 0.522266 0.498563 0.946094 0.761494
69 0.522266 0.498563 0.946094 0.761494
31 0.519531 0.497126 0.951563 0.778161
3 0.522266 0.498563 0.946094 0.761494
59 0.519531 0.497126 0.951563 0.778161
68 0.519531 0.497126 0.951563 0.778161
5 0.522266 0.498563 0.946094 0.761494
2 0.5125 0.502874 0.965625 0.782759
4 0.522266 0.498563 0.946094 0.761494
21 0.516406 0.503448 0.957812 0.763218
28 0.519531 0.497126 0.951563 0.778161
22 0.510547 0.486782 0.963281 0.757471
6 0.519531 0.497126 0.951563 0.778161
56 0.519531 0.497126 0.951563 0.778161
45 0.5125 0.502874 0.965625 0.782759
29 0.522266 0.498563 0.946094 0.761494
20 0.516406 0.495977 0.957812 0.771264
7 0.522266 0.498563 0.946094 0.761494
1 0.516406 0.495977 0.957812 0.771264
67 0.5125 0.502874 0.965625 0.782759
60 0.5125 0.502874 0.965625 0.782759
66 0.522266 0.498563 0.946094 0.761494
0 0.519531 0.497126 0.951563 0.778161
35 0.519531 0.497126 0.951563 0.778161
54 0.522266 0.498563 0.946094 0.761494
39 0.522266 0.498563 0.946094 0.761494
33 0.516406 0.503448 0.957812 0.763218
8 0.522266 0.498563 0.946094 0.761494
30 0.516406 0.495977 0.957812 0.771264
32 0.5125 0.502874 0.965625 0.782759
44 0.519531 0.497126 0.951563 0.778161
52 0.478906 0.348922 0.9 0.479167
52 0.460938 0.594109 0.779688 0.59569
58 0.460938 0.594109 0.779688 0.59569
