57 0.493683 0.483724 0.981122 0.457321
22 0.491732 0.486618 0.974097 0.434172
4 0.491732 0.486618 0.974097 0.434172
72 0.495634 0.483796 0.97878 0.44213
62 0.495634 0.483796 0.97878 0.44213
2 0.484317 0.485822 0.953023 0.453125
41 0.48861 0.482928 0.972536 0.457755
67 0.497195 0.485822 0.981902 0.441551
0 0.484317 0.485822 0.953023 0.453125
60 0.493683 0.483724 0.981122 0.457321
49 0.485488 0.485243 0.950681 0.45081
66 0.497195 0.485822 0.981902 0.441551
64 0.495634 0.483796 0.97878 0.44213
44 0.485488 0.485243 0.950681 0.45081
32 0.492903 0.481482 0.976439 0.453704
4 0.522953 0.562211 0.93351 0.281829
20 0.488219 0.486618 0.968633 0.443432
70 0.485488 0.485243 0.950681 0.45081
35 0.485488 0.485243 0.950681 0.45081
40 0.493683 0.483724 0.981122 0.457321
29 0.493683 0.483724 0.981122 0.457321
1 0.488219 0.486618 0.968633 0.443432
41 0.522953 0.562211 0.93351 0.281829
52 0.492512 0.487558 0.977219 0.438079
46 0.475731 0.484375 0.946779 0.453704
69 0.497195 0.485822 0.981902 0.441551
10 0.497976 0.480252 0.977219 0.439959
36 0.492903 0.481482 0.976439 0.453704
22 0.497976 0.560185 0.975658 0.290509
71 0.492512 0.487558 0.977219 0.438079
56 0.48861 0.482928 0.972536 0.457755
22 0.209181 0.468678 0.393385 0.412182
6 0.497976 0.480252 0.977219 0.439959
37 0.484317 0.485822 0.953023 0.453125
7 0.488219 0.486618 0.968633 0.443432
59 0.497976 0.480252 0.977219 0.439959
5 0.495634 0.483796 0.97878 0.44213
2 0.525294 0.561921 0.930388 0.28125
3 0.475731 0.484375 0.946779 0.453704
57 0.304405 0.485822 0.590078 0.442708
22 0.633105 0.563079 0.716328 0.280093
65 0.494464 0.482639 0.974878 0.434028
57 0.219718 0.475984 0.419143 0.420718
57 0.538563 0.569444 0.892922 0.293981
17 0.48861 0.482928 0.972536 0.457755
11 0.497195 0.485822 0.981902 0.441551
33 0.494854 0.492766 0.975658 0.431134
55 0.497976 0.480252 0.977219 0.439959
54 0.420704 0.485532 0.822675 0.450231
14 0.496805 0.554688 0.978 0.295718
8 0.569784 0.563368 0.841408 0.279514
72 0.574077 0.561053 0.834383 0.280671
26 0.487439 0.485532 0.965512 0.450231
2 0.304405 0.485822 0.590078 0.442708
72 0.304405 0.485822 0.590078 0.442708
31 0.497976 0.480252 0.977219 0.439959
39 0.50383 0.524306 0.957706 0.381944
10 0.213864 0.469256 0.39963 0.412182
58 0.497976 0.480252 0.977219 0.439959
23 0.494464 0.482639 0.974878 0.434028
49 0.574077 0.561053 0.834383 0.280671
4 0.209181 0.468678 0.393385 0.412182
8 0.48861 0.482928 0.972536 0.457755
60 0.209181 0.468678 0.393385 0.412182
68 0.420704 0.485532 0.822675 0.450231
38 0.497976 0.480252 0.977219 0.439959
2 0.492512 0.488426 0.966292 0.420139
69 0.490171 0.485532 0.970975 0.424768
4 0.492512 0.488426 0.966292 0.420139
57 0.492512 0.488426 0.966292 0.420139
67 0.498756 0.48546 0.97878 0.423756
3 0.497976 0.485243 0.974097 0.434607
58 0.498756 0.48546 0.97878 0.423756
22 0.492512 0.488426 0.966292 0.420139
44 0.490171 0.485532 0.970975 0.424768
62 0.492512 0.488426 0.966292 0.420139
10 0.498756 0.48546 0.97878 0.423756
52 0.492512 0.488426 0.966292 0.420139
60 0.492512 0.48669 0.972536 0.425926
7 0.492512 0.488426 0.966292 0.420139
8 0.490171 0.485532 0.970975 0.424768
6 0.493293 0.485605 0.970975 0.430411
32 0.490171 0.485532 0.970975 0.424768
65 0.492512 0.488426 0.966292 0.420139
41 0.492512 0.488426 0.966292 0.420139
68 0.498756 0.48546 0.97878 0.423756
59 0.501098 0.487847 0.975658 0.424768
56 0.492512 0.488426 0.966292 0.420139
35 0.492512 0.488426 0.966292 0.420139
36 0.490171 0.485532 0.970975 0.424768
72 0.492512 0.488426 0.966292 0.420139
31 0.492512 0.48669 0.972536 0.425926
20 0.501098 0.487847 0.975658 0.424768
39 0.493683 0.490451 0.960828 0.421875
34 0.501098 0.4864 0.977219 0.423032
49 0.501098 0.4864 0.977219 0.423032
66 0.492512 0.488426 0.966292 0.420139
5 0.501098 0.4864 0.977219 0.423032
45 0.492512 0.488426 0.966292 0.420139
15 0.492512 0.488426 0.966292 0.420139
37 0.498756 0.48546 0.97878 0.423756
1 0.501098 0.487847 0.975658 0.424768
4 0.128201 0.376736 0.243134 0.25463
4 0.858774 0.536458 0.268111 0.226852
0 0.492512 0.488426 0.966292 0.420139
33 0.493293 0.485605 0.970975 0.430411
29 0.490171 0.485532 0.970975 0.424768
2 0.490951 0.486039 0.969414 0.437645
4 0.491342 0.49103 0.974878 0.428819
58 0.50344 0.483796 0.97878 0.456019
52 0.491342 0.49103 0.974878 0.428819
3 0.502269 0.484086 0.978 0.445023
68 0.499927 0.48669 0.976439 0.440972
57 0.490951 0.486039 0.969414 0.437645
22 0.491342 0.49103 0.974878 0.428819
10 0.502269 0.484086 0.978 0.445023
34 0.502269 0.484086 0.978 0.445023
69 0.489 0.487196 0.970195 0.438802
5 0.502269 0.484086 0.978 0.445023
7 0.490951 0.486039 0.969414 0.437645
23 0.502269 0.484086 0.978 0.445023
60 0.491342 0.49103 0.974878 0.428819
67 0.489 0.487196 0.970195 0.438802
39 0.496415 0.492477 0.961609 0.422454
28 0.50344 0.483796 0.97878 0.456019
59 0.501488 0.487558 0.981122 0.436921
6 0.48978 0.489005 0.967073 0.429398
56 0.490951 0.486039 0.969414 0.437645
44 0.490951 0.486039 0.969414 0.437645
49 0.502269 0.484086 0.978 0.445023
8 0.496415 0.492477 0.961609 0.422454
58 0.264403 0.474826 0.507733 0.436921
1 0.501098 0.483218 0.980341 0.453704
31 0.489 0.487196 0.970195 0.438802
45 0.490951 0.486039 0.969414 0.437645
32 0.489 0.487196 0.970195 0.438802
62 0.491342 0.49103 0.974878 0.428819
21 0.490951 0.486039 0.969414 0.437645
65 0.491342 0.49103 0.974878 0.428819
66 0.490951 0.486039 0.969414 0.437645
35 0.490951 0.486039 0.969414 0.437645
20 0.501488 0.487558 0.981122 0.436921
29 0.489 0.487196 0.970195 0.438802
0 0.491342 0.49103 0.974878 0.428819
30 0.501488 0.487558 0.981122 0.436921
36 0.489 0.487196 0.970195 0.438802
61 0.50422 0.490162 0.974097 0.422454
28 0.264403 0.474826 0.507733 0.436921
37 0.491342 0.49103 0.974878 0.428819
15 0.499537 0.475116 0.94912 0.450231
10 0.264403 0.474826 0.507733 0.436921
58 0.500318 0.481771 0.988147 0.434606
4 0.494073 0.491319 0.988147 0.414352
68 0.492122 0.477141 0.978 0.434606
52 0.494073 0.491319 0.988147 0.414352
34 0.48861 0.484664 0.975658 0.425347
2 0.48861 0.484664 0.975658 0.425347
3 0.500318 0.481771 0.988147 0.434606
23 0.500318 0.481771 0.988147 0.434606
57 0.48861 0.484664 0.975658 0.425347
67 0.487829 0.480613 0.975658 0.429977
10 0.500318 0.481771 0.988147 0.434606
59 0.487829 0.480613 0.975658 0.429977
22 0.494073 0.491319 0.988147 0.414352
60 0.494073 0.491319 0.988147 0.414352
31 0.487829 0.480613 0.975658 0.429977
69 0.494073 0.491319 0.988147 0.414352
6 0.494854 0.492188 0.988147 0.414931
5 0.500318 0.481771 0.988147 0.434606
7 0.494073 0.491319 0.988147 0.414352
56 0.48861 0.484664 0.975658 0.425347
28 0.500318 0.481771 0.988147 0.434606
1 0.492122 0.477141 0.978 0.434606
32 0.494073 0.491319 0.988147 0.414352
8 0.494854 0.492188 0.988147 0.414931
0 0.494073 0.491319 0.988147 0.414352
36 0.487829 0.480613 0.975658 0.429977
29 0.494854 0.492188 0.988147 0.414931
49 0.500318 0.481771 0.988147 0.434606
44 0.48861 0.484664 0.975658 0.425347
65 0.494073 0.491319 0.988147 0.414352
62 0.48861 0.484664 0.975658 0.425347
20 0.487829 0.480613 0.975658 0.429977
58 0.344602 0.476273 0.660325 0.43287
30 0.487829 0.484954 0.974097 0.435185
39 0.491732 0.490162 0.970975 0.422454
45 0.494073 0.491319 0.988147 0.414352
61 0.491732 0.490162 0.970975 0.422454
35 0.494073 0.491319 0.988147 0.414352
66 0.494073 0.491319 0.988147 0.414352
52 0.490951 0.486762 0.969414 0.424624
58 0.495634 0.484086 0.974097 0.427662
23 0.490951 0.486762 0.969414 0.424624
59 0.48939 0.486979 0.966292 0.42419
68 0.490171 0.485532 0.964731 0.430556
4 0.493293 0.489583 0.980341 0.416667
3 0.495634 0.484086 0.974097 0.427662
34 0.490951 0.486762 0.969414 0.424624
10 0.490951 0.486762 0.969414 0.424624
67 0.48939 0.486979 0.966292 0.42419
32 0.493293 0.489583 0.980341 0.416667
57 0.490951 0.486762 0.969414 0.424624
2 0.493293 0.489583 0.980341 0.416667
28 0.490951 0.486762 0.969414 0.424624
69 0.493293 0.489583 0.980341 0.416667
1 0.48939 0.486979 0.966292 0.42419
22 0.490951 0.486762 0.969414 0.424624
0 0.493293 0.489583 0.980341 0.416667
6 0.48939 0.486979 0.966292 0.42419
60 0.493293 0.489583 0.980341 0.416667
5 0.495634 0.484086 0.974097 0.427662
36 0.48939 0.486979 0.966292 0.42419
56 0.490951 0.486762 0.969414 0.424624
31 0.493293 0.489583 0.980341 0.416667
8 0.492122 0.489583 0.976439 0.413194
7 0.490951 0.486762 0.969414 0.424624
68 0.323138 0.485532 0.626763 0.449074
61 0.492903 0.485605 0.965511 0.423466
44 0.493293 0.489583 0.980341 0.416667
62 0.493293 0.489583 0.980341 0.416667
49 0.48939 0.486979 0.966292 0.42419
29 0.48939 0.486979 0.966292 0.42419
52 0.496025 0.490741 0.987366 0.421296
58 0.487439 0.484954 0.973317 0.43287
68 0.487049 0.48669 0.974097 0.429398
23 0.487049 0.48669 0.974097 0.429398
59 0.487049 0.48669 0.974097 0.429398
10 0.495634 0.491319 0.985025 0.418981
69 0.506172 0.486039 0.967073 0.433015
4 0.487049 0.48669 0.974097 0.429398
3 0.490171 0.484303 0.974097 0.436487
67 0.487049 0.48669 0.974097 0.429398
32 0.496025 0.490741 0.987366 0.421296
31 0.495634 0.491319 0.985025 0.418981
34 0.487439 0.484954 0.973317 0.43287
28 0.496025 0.490741 0.987366 0.421296
22 0.496025 0.490741 0.987366 0.421296
1 0.495634 0.491319 0.985025 0.418981
57 0.487049 0.48669 0.974097 0.429398
6 0.487049 0.48669 0.974097 0.429398
36 0.487049 0.48669 0.974097 0.429398
56 0.496025 0.490741 0.987366 0.421296
2 0.496025 0.490741 0.987366 0.421296
0 0.496025 0.490741 0.987366 0.421296
60 0.496025 0.490741 0.987366 0.421296
5 0.487439 0.484954 0.973317 0.43287
8 0.495634 0.491319 0.985025 0.418981
29 0.490171 0.484303 0.974097 0.436487
61 0.496025 0.482711 0.979561 0.438513
65 0.496025 0.490741 0.987366 0.421296
30 0.487829 0.488137 0.967853 0.425347
68 0.350847 0.484086 0.6814 0.442708
58 0.350847 0.484086 0.6814 0.442708
62 0.506562 0.491898 0.975658 0.422454
52 0.500318 0.491319 0.97878 0.43287
58 0.493683 0.484664 0.960828 0.445023
10 0.493683 0.484664 0.960828 0.445023
22 0.500318 0.491319 0.97878 0.43287
69 0.507342 0.486183 0.970975 0.445457
68 0.494073 0.489294 0.96317 0.438079
23 0.493683 0.484664 0.960828 0.445023
0 0.500318 0.491319 0.97878 0.43287
28 0.500318 0.491319 0.97878 0.43287
2 0.500318 0.491319 0.97878 0.43287
4 0.501098 0.493345 0.975658 0.427662
57 0.501098 0.493345 0.975658 0.427662
67 0.500318 0.491319 0.97878 0.43287
60 0.500318 0.491319 0.97878 0.43287
34 0.493683 0.484664 0.960828 0.445023
31 0.494073 0.489294 0.96317 0.438079
32 0.493683 0.484664 0.960828 0.445023
61 0.500318 0.491319 0.97878 0.43287
62 0.500318 0.491319 0.97878 0.43287
3 0.500318 0.491319 0.97878 0.43287
56 0.500318 0.491319 0.97878 0.43287
59 0.494073 0.489294 0.96317 0.438079
1 0.501098 0.493345 0.975658 0.427662
58 0.295429 0.48669 0.573687 0.445602
65 0.493683 0.484664 0.960828 0.445023
5 0.500318 0.491319 0.97878 0.43287
44 0.493683 0.484664 0.960828 0.445023
36 0.494073 0.489294 0.96317 0.438079
52 0.295429 0.48669 0.573687 0.445602
7 0.507342 0.486183 0.970975 0.445457
10 0.295429 0.48669 0.573687 0.445602
6 0.494854 0.489873 0.952242 0.427662
8 0.500318 0.491319 0.97878 0.43287
3 0.295429 0.48669 0.573687 0.445602
68 0.295429 0.48669 0.573687 0.445602
23 0.295429 0.48669 0.573687 0.445602
20 0.494073 0.489294 0.96317 0.438079
57 0.295429 0.48669 0.573687 0.445602
52 0.505001 0.489077 0.975658 0.426939
10 0.505001 0.475622 0.977219 0.453848
58 0.505001 0.475622 0.977219 0.453848
22 0.499927 0.470558 0.979561 0.463976
68 0.50344 0.466435 0.960048 0.472222
23 0.505001 0.475622 0.977219 0.453848
69 0.499927 0.470558 0.979561 0.463976
28 0.505001 0.475622 0.977219 0.453848
4 0.505001 0.489077 0.975658 0.426939
57 0.505001 0.489077 0.975658 0.426939
34 0.505001 0.475622 0.977219 0.453848
2 0.505001 0.489077 0.975658 0.426939
31 0.50344 0.466435 0.960048 0.472222
0 0.505001 0.475622 0.977219 0.453848
62 0.499927 0.470558 0.979561 0.463976
67 0.505001 0.475622 0.977219 0.453848
5 0.501879 0.480613 0.975658 0.443866
59 0.505001 0.489077 0.975658 0.426939
1 0.505001 0.489077 0.975658 0.426939
60 0.505001 0.475622 0.977219 0.453848
3 0.505781 0.48083 0.977219 0.439959
56 0.505001 0.475622 0.977219 0.453848
61 0.505001 0.475622 0.977219 0.453848
65 0.505001 0.475622 0.977219 0.453848
32 0.50344 0.465205 0.956926 0.474682
7 0.499927 0.470558 0.979561 0.463976
10 0.604811 0.488137 0.776039 0.397569
44 0.50344 0.465205 0.956926 0.474682
52 0.775063 0.480903 0.432412 0.390046
21 0.499927 0.470558 0.979561 0.463976
8 0.505001 0.475622 0.977219 0.453848
45 0.50344 0.466435 0.960048 0.472222
39 0.50344 0.465205 0.956926 0.474682
52 0.495634 0.490162 0.967853 0.422454
10 0.495634 0.490162 0.967853 0.422454
57 0.495634 0.490162 0.967853 0.422454
68 0.495634 0.490162 0.967853 0.422454
69 0.494464 0.485243 0.971756 0.429977
58 0.494464 0.485243 0.971756 0.429977
4 0.495634 0.490162 0.967853 0.422454
23 0.494464 0.472512 0.970195 0.460069
22 0.495634 0.490162 0.967853 0.422454
2 0.495634 0.490162 0.967853 0.422454
31 0.495634 0.490162 0.967853 0.422454
28 0.494464 0.485243 0.971756 0.429977
34 0.495634 0.490162 0.967853 0.422454
67 0.494464 0.485243 0.971756 0.429977
5 0.495634 0.490162 0.967853 0.422454
59 0.494464 0.472512 0.970195 0.460069
0 0.494464 0.485243 0.971756 0.429977
60 0.494464 0.485243 0.971756 0.429977
62 0.501879 0.477937 0.956926 0.446904
3 0.495634 0.490162 0.967853 0.422454
1 0.495634 0.490162 0.967853 0.422454
56 0.494464 0.485243 0.971756 0.429977
21 0.495634 0.490162 0.967853 0.422454
65 0.495634 0.490162 0.967853 0.422454
52 0.728231 0.49103 0.530758 0.406829
61 0.494464 0.485243 0.971756 0.429977
44 0.494464 0.485243 0.971756 0.429977
7 0.501879 0.477937 0.956926 0.446904
35 0.495634 0.490162 0.967853 0.422454
45 0.494464 0.472512 0.970195 0.460069
32 0.494854 0.472512 0.972536 0.45544
39 0.494854 0.472512 0.972536 0.45544
54 0.495634 0.48669 0.966292 0.436343
52 0.497976 0.496238 0.977219 0.41956
10 0.497976 0.496238 0.977219 0.41956
68 0.497976 0.496238 0.977219 0.41956
69 0.497976 0.496238 0.977219 0.41956
67 0.491732 0.482928 0.96317 0.441551
57 0.497976 0.496238 0.977219 0.41956
4 0.497976 0.496238 0.977219 0.41956
58 0.496415 0.491609 0.97878 0.418403
22 0.497976 0.496238 0.977219 0.41956
34 0.497976 0.496238 0.977219 0.41956
23 0.491732 0.482928 0.96317 0.441551
2 0.497976 0.496238 0.977219 0.41956
31 0.491732 0.482928 0.96317 0.441551
28 0.496415 0.491609 0.97878 0.418403
5 0.497976 0.496238 0.977219 0.41956
61 0.496415 0.491609 0.97878 0.418403
56 0.497976 0.496238 0.977219 0.41956
60 0.491732 0.482928 0.96317 0.441551
44 0.491732 0.482928 0.96317 0.441551
21 0.497976 0.496238 0.977219 0.41956
1 0.497976 0.496238 0.977219 0.41956
3 0.508123 0.49103 0.964731 0.434606
0 0.497976 0.496238 0.977219 0.41956
59 0.491732 0.482928 0.96317 0.441551
62 0.497976 0.496238 0.977219 0.41956
65 0.491732 0.482928 0.96317 0.441551
52 0.731353 0.477431 0.524514 0.416667
52 0.490171 0.490451 0.967853 0.420718
68 0.490171 0.490451 0.967853 0.420718
57 0.498757 0.495081 0.985025 0.414931
10 0.490951 0.490162 0.975658 0.420139
67 0.497195 0.48546 0.988147 0.424913
5 0.498757 0.495081 0.985025 0.414931
4 0.490171 0.490451 0.967853 0.420718
31 0.490171 0.490451 0.967853 0.420718
69 0.497195 0.48546 0.988147 0.424913
58 0.490951 0.490162 0.975658 0.420139
34 0.498757 0.495081 0.985025 0.414931
22 0.497195 0.48546 0.988147 0.424913
52 0.701693 0.480324 0.585395 0.37037
2 0.490171 0.490451 0.967853 0.420718
3 0.498757 0.495081 0.985025 0.414931
44 0.490951 0.490162 0.975658 0.420139
60 0.497195 0.48546 0.988147 0.424913
21 0.490171 0.490451 0.967853 0.420718
1 0.490171 0.490451 0.967853 0.420718
23 0.499537 0.48546 0.991269 0.428385
56 0.490171 0.490451 0.967853 0.420718
61 0.490951 0.490162 0.975658 0.420139
28 0.497195 0.48546 0.988147 0.424913
59 0.490171 0.490451 0.967853 0.420718
52 0.501488 0.491898 0.985805 0.415509
10 0.492512 0.484086 0.966292 0.426505
57 0.501488 0.491898 0.985805 0.415509
68 0.501488 0.491898 0.985805 0.415509
67 0.495634 0.478299 0.981902 0.431134
5 0.501488 0.491898 0.985805 0.415509
31 0.492512 0.484086 0.966292 0.426505
69 0.495634 0.478299 0.981902 0.431134
23 0.492512 0.484086 0.966292 0.426505
58 0.492512 0.484086 0.966292 0.426505
44 0.492512 0.484086 0.966292 0.426505
3 0.492512 0.484086 0.966292 0.426505
22 0.495634 0.478299 0.981902 0.431134
2 0.501488 0.491898 0.985805 0.415509
4 0.501488 0.491898 0.985805 0.415509
21 0.492512 0.484086 0.966292 0.426505
56 0.500318 0.489873 0.988147 0.416088
60 0.495634 0.478299 0.981902 0.431134
1 0.492512 0.484086 0.966292 0.426505
59 0.492512 0.484086 0.966292 0.426505
34 0.501488 0.491898 0.985805 0.415509
52 0.75555 0.486111 0.477682 0.37963
28 0.495634 0.478299 0.981902 0.431134
52 0.636032 0.481771 0.716719 0.394097
52 0.288795 0.478588 0.557296 0.435185
52 0.496415 0.488426 0.980341 0.417824
10 0.48939 0.482639 0.972536 0.425926
57 0.496415 0.488426 0.980341 0.417824
67 0.48939 0.482639 0.972536 0.425926
69 0.496415 0.488426 0.980341 0.417824
31 0.48939 0.482639 0.972536 0.425926
68 0.496415 0.488426 0.980341 0.417824
58 0.496415 0.488426 0.983464 0.416667
23 0.48939 0.482639 0.972536 0.425926
44 0.48939 0.482639 0.972536 0.425926
5 0.496415 0.488426 0.980341 0.417824
56 0.496415 0.488426 0.983464 0.416667
2 0.496415 0.488426 0.980341 0.417824
21 0.48939 0.482639 0.972536 0.425926
3 0.496415 0.488426 0.980341 0.417824
4 0.496415 0.488426 0.980341 0.417824
22 0.496415 0.488426 0.980341 0.417824
59 0.48939 0.482639 0.972536 0.425926
34 0.496415 0.488426 0.980341 0.417824
1 0.496415 0.488426 0.980341 0.417824
60 0.499537 0.480613 0.989708 0.426505
52 0.501879 0.488137 0.969414 0.428819
67 0.501098 0.488137 0.974097 0.431134
69 0.501879 0.488137 0.969414 0.428819
10 0.501098 0.488137 0.974097 0.431134
57 0.501879 0.488137 0.969414 0.428819
58 0.501879 0.488137 0.969414 0.428819
31 0.501879 0.488137 0.969414 0.428819
68 0.501098 0.488137 0.974097 0.431134
5 0.501879 0.483796 0.966292 0.438657
3 0.501879 0.490741 0.966292 0.425926
2 0.501879 0.483796 0.966292 0.438657
52 0.336797 0.482711 0.653301 0.431568
4 0.501098 0.484303 0.961609 0.436487
1 0.501879 0.488137 0.969414 0.428819
56 0.501879 0.481192 0.969414 0.445023
44 0.501488 0.483796 0.96395 0.4375
23 0.501488 0.483796 0.96395 0.4375
21 0.501488 0.483796 0.96395 0.4375
59 0.501879 0.490741 0.966292 0.425926
22 0.501879 0.490741 0.966292 0.425926
60 0.501879 0.488137 0.969414 0.428819
