57 0.506947 0.424616 0.945155 0.442434
22 0.489762 0.425164 0.907661 0.443531
4 0.496792 0.425918 0.979524 0.440927
62 0.503041 0.425439 0.943592 0.440789
67 0.508592 0.424411 0.982815 0.442845
41 0.489762 0.425164 0.907661 0.443531
2 0.501869 0.425987 0.984991 0.439693
72 0.503041 0.425439 0.943592 0.440789
60 0.506947 0.424616 0.945155 0.442434
44 0.506947 0.424616 0.945155 0.442434
40 0.506947 0.424616 0.945155 0.442434
64 0.501869 0.425987 0.984991 0.439693
1 0.503041 0.425439 0.943592 0.440789
35 0.506947 0.424616 0.945155 0.442434
20 0.491715 0.425713 0.936562 0.441338
66 0.489762 0.425164 0.907661 0.443531
4 0.560844 0.518092 0.874854 0.245614
5 0.491715 0.425713 0.936562 0.441338
71 0.506947 0.424616 0.945155 0.442434
37 0.490934 0.424342 0.914691 0.442982
29 0.506947 0.424616 0.945155 0.442434
3 0.410869 0.42352 0.752999 0.44682
36 0.503041 0.425439 0.943592 0.440789
17 0.489762 0.425164 0.907661 0.443531
49 0.490934 0.424342 0.914691 0.442982
46 0.503041 0.425439 0.943592 0.440789
10 0.503041 0.425439 0.943592 0.440789
32 0.497573 0.422971 0.935781 0.442434
69 0.479607 0.424274 0.892038 0.445312
6 0.501088 0.422149 0.966245 0.441886
57 0.521788 0.51864 0.94203 0.248903
56 0.503041 0.425439 0.943592 0.440789
22 0.219104 0.421875 0.36947 0.445724
22 0.507728 0.517818 0.952966 0.253838
11 0.506947 0.424616 0.945155 0.442434
12 0.501869 0.425987 0.984991 0.439693
4 0.366736 0.422629 0.669419 0.447505
70 0.489762 0.425164 0.907661 0.443531
72 0.507337 0.520833 0.956871 0.245614
31 0.486637 0.42352 0.904536 0.444627
60 0.507728 0.517818 0.952966 0.253838
39 0.496792 0.425918 0.979524 0.440927
49 0.628411 0.518092 0.736596 0.245614
54 0.490934 0.424342 0.914691 0.442982
41 0.501869 0.507127 0.96312 0.275219
8 0.496792 0.425918 0.979524 0.440927
52 0.499526 0.445998 0.959996 0.394189
10 0.503041 0.508498 0.954528 0.272478
14 0.489762 0.425164 0.907661 0.443531
23 0.507337 0.520833 0.956871 0.245614
52 0.507337 0.520833 0.956871 0.245614
34 0.507337 0.520833 0.956871 0.245614
41 0.219104 0.421875 0.36947 0.445724
65 0.489762 0.425164 0.907661 0.443531
62 0.56553 0.519189 0.86548 0.244518
36 0.560844 0.518092 0.874854 0.245614
46 0.560844 0.518092 0.874854 0.245614
45 0.501869 0.425987 0.984991 0.439693
68 0.412822 0.423725 0.760029 0.447505
4 0.219104 0.421875 0.36947 0.445724
44 0.56553 0.519189 0.86548 0.244518
7 0.496792 0.425918 0.979524 0.440927
3 0.521788 0.51864 0.94203 0.248903
20 0.507728 0.517818 0.952966 0.253838
5 0.503041 0.508498 0.954528 0.272478
56 0.507337 0.520833 0.956871 0.245614
16 0.479607 0.424274 0.892038 0.445312
2 0.508509 0.421053 0.976399 0.447368
67 0.511243 0.422081 0.97718 0.446409
44 0.511243 0.422081 0.97718 0.446409
4 0.508509 0.421053 0.976399 0.447368
3 0.496792 0.421053 0.92797 0.445175
8 0.511243 0.422081 0.97718 0.446409
58 0.496792 0.421053 0.92797 0.445175
57 0.508509 0.421053 0.976399 0.447368
69 0.511243 0.422081 0.97718 0.446409
66 0.508509 0.421053 0.976399 0.447368
62 0.508509 0.421053 0.976399 0.447368
20 0.511243 0.422081 0.97718 0.446409
22 0.508509 0.421053 0.976399 0.447368
6 0.511633 0.423794 0.973275 0.446272
72 0.511243 0.422081 0.97718 0.446409
60 0.508509 0.421053 0.976399 0.447368
10 0.508509 0.421532 0.957652 0.444216
41 0.508509 0.421053 0.976399 0.447368
36 0.508509 0.421053 0.976399 0.447368
31 0.511243 0.422081 0.97718 0.446409
49 0.496792 0.421053 0.92797 0.445175
7 0.496792 0.421053 0.92797 0.445175
29 0.511243 0.422081 0.97718 0.446409
56 0.508509 0.421053 0.976399 0.447368
65 0.504603 0.421601 0.952966 0.445175
68 0.50226 0.424274 0.951403 0.445312
33 0.508509 0.421053 0.976399 0.447368
5 0.496792 0.421053 0.92797 0.445175
52 0.499916 0.420504 0.959215 0.449561
39 0.499916 0.421669 0.959215 0.448328
32 0.511243 0.422081 0.97718 0.446409
30 0.50226 0.424274 0.951403 0.445312
1 0.50226 0.424274 0.951403 0.445312
35 0.499916 0.420504 0.959215 0.449561
18 0.504603 0.421601 0.952966 0.445175
59 0.50226 0.424274 0.951403 0.445312
40 0.499916 0.420504 0.959215 0.449561
34 0.503041 0.446752 0.963901 0.403646
4 0.916727 0.553591 0.166546 0.169134
46 0.499916 0.421669 0.959215 0.448328
54 0.493277 0.421327 0.925627 0.445724
45 0.499916 0.421669 0.959215 0.448328
28 0.420242 0.420984 0.768622 0.447505
64 0.499916 0.420504 0.959215 0.449561
0 0.499916 0.420504 0.959215 0.449561
38 0.500698 0.420436 0.94203 0.448602
2 0.492886 0.421121 0.967026 0.461486
44 0.506165 0.42489 0.981086 0.455044
10 0.508509 0.425987 0.967026 0.448465
67 0.508118 0.427083 0.983429 0.447368
4 0.506165 0.42489 0.981086 0.455044
62 0.508118 0.427083 0.983429 0.447368
29 0.508118 0.427083 0.983429 0.447368
5 0.508509 0.425987 0.967026 0.448465
58 0.501479 0.427015 0.932657 0.451891
69 0.506165 0.42489 0.981086 0.455044
66 0.506165 0.42489 0.981086 0.455044
8 0.508118 0.427083 0.983429 0.447368
3 0.508509 0.425987 0.967026 0.448465
22 0.506165 0.42489 0.981086 0.455044
65 0.508118 0.427083 0.983429 0.447368
20 0.508118 0.427083 0.983429 0.447368
6 0.508118 0.427083 0.983429 0.447368
36 0.506165 0.42489 0.981086 0.455044
57 0.504994 0.422423 0.975618 0.453399
39 0.504994 0.422423 0.975618 0.453399
33 0.506165 0.42489 0.981086 0.455044
60 0.492886 0.421121 0.967026 0.461486
35 0.492886 0.421121 0.967026 0.461486
31 0.508118 0.427083 0.983429 0.447368
54 0.508118 0.427083 0.983429 0.447368
56 0.506165 0.42489 0.981086 0.455044
32 0.504994 0.422423 0.975618 0.453399
30 0.508118 0.427083 0.983429 0.447368
23 0.508509 0.425987 0.967026 0.448465
1 0.508118 0.426535 0.96312 0.442982
45 0.49562 0.422149 0.964683 0.460526
61 0.504603 0.422766 0.962339 0.446135
52 0.496011 0.413446 0.963901 0.480126
28 0.508509 0.425987 0.967026 0.448465
72 0.508118 0.427083 0.983429 0.447368
68 0.505384 0.427906 0.960777 0.445724
41 0.508118 0.427083 0.983429 0.447368
7 0.506165 0.42489 0.981086 0.455044
40 0.492886 0.421121 0.967026 0.461486
34 0.503041 0.425439 0.938906 0.446272
0 0.492496 0.411184 0.97718 0.495614
59 0.505384 0.427906 0.960777 0.445724
4 0.915946 0.556469 0.168108 0.166667
21 0.506165 0.42489 0.981086 0.455044
67 0.493668 0.422697 0.968588 0.445175
29 0.493668 0.422697 0.968588 0.445175
57 0.491324 0.418791 0.967026 0.452988
44 0.491324 0.420984 0.971713 0.445312
30 0.493668 0.422697 0.968588 0.445175
66 0.491324 0.420984 0.971713 0.445312
54 0.493668 0.422697 0.968588 0.445175
8 0.493668 0.422697 0.968588 0.445175
6 0.493668 0.422697 0.968588 0.445175
20 0.501088 0.423794 0.978743 0.441886
31 0.493668 0.422697 0.968588 0.445175
4 0.491324 0.420984 0.971713 0.445312
10 0.504213 0.424822 0.953747 0.438734
62 0.493668 0.422697 0.968588 0.445175
23 0.506165 0.417695 0.979524 0.448602
28 0.504213 0.424822 0.953747 0.438734
39 0.491324 0.418791 0.967026 0.452988
36 0.493668 0.422697 0.968588 0.445175
61 0.491324 0.418791 0.967026 0.452988
32 0.491324 0.418791 0.967026 0.452988
2 0.491324 0.420984 0.971713 0.445312
68 0.501088 0.423794 0.978743 0.441886
5 0.504213 0.424822 0.953747 0.438734
45 0.491324 0.418791 0.967026 0.452988
60 0.491324 0.420984 0.971713 0.445312
35 0.491324 0.420984 0.971713 0.445312
65 0.491324 0.420984 0.971713 0.445312
22 0.503041 0.423862 0.979524 0.441749
33 0.503041 0.423862 0.979524 0.441749
1 0.498354 0.42352 0.937343 0.440241
34 0.498354 0.42352 0.937343 0.440241
58 0.504213 0.424822 0.953747 0.438734
52 0.499916 0.42489 0.974837 0.439693
69 0.503041 0.423862 0.979524 0.441749
56 0.503041 0.423862 0.979524 0.441749
3 0.504213 0.424822 0.953747 0.438734
0 0.491324 0.420984 0.971713 0.445312
7 0.491324 0.420984 0.971713 0.445312
21 0.496792 0.426467 0.971713 0.443119
41 0.501088 0.423794 0.978743 0.441886
72 0.501088 0.423794 0.978743 0.441886
59 0.501088 0.423794 0.978743 0.441886
2 0.919461 0.515899 0.161078 0.267544
4 0.92797 0.501919 0.143726 0.284539
54 0.497573 0.423794 0.967026 0.438596
44 0.497573 0.423794 0.967026 0.438596
67 0.499135 0.422081 0.963901 0.443119
66 0.497573 0.423794 0.967026 0.438596
39 0.49523 0.422766 0.967026 0.438459
2 0.497573 0.423794 0.967026 0.438596
6 0.499135 0.422081 0.963901 0.443119
0 0.497573 0.423794 0.967026 0.438596
10 0.504213 0.423177 0.981867 0.440927
4 0.497573 0.423794 0.967026 0.438596
57 0.49523 0.422766 0.967026 0.438459
28 0.504213 0.423177 0.981867 0.440927
32 0.497573 0.423794 0.967026 0.438596
56 0.497573 0.423794 0.967026 0.438596
29 0.499135 0.422081 0.963901 0.443119
62 0.497573 0.423794 0.967026 0.438596
8 0.49523 0.422766 0.967026 0.438459
30 0.499135 0.422081 0.963901 0.443119
69 0.497573 0.423794 0.967026 0.438596
60 0.503822 0.427083 0.973275 0.434211
5 0.504213 0.423177 0.981867 0.440927
22 0.504213 0.423177 0.981867 0.440927
45 0.49523 0.422766 0.967026 0.438459
20 0.49523 0.422766 0.967026 0.438459
1 0.505384 0.423177 0.979524 0.445312
36 0.499135 0.422081 0.963901 0.443119
23 0.503041 0.420025 0.977962 0.445038
61 0.49523 0.422766 0.967026 0.438459
31 0.499135 0.422081 0.963901 0.443119
35 0.503822 0.427083 0.973275 0.434211
7 0.497573 0.423794 0.967026 0.438596
34 0.504213 0.423177 0.981867 0.440927
3 0.504213 0.423177 0.981867 0.440927
52 0.497573 0.423794 0.967026 0.438596
65 0.497573 0.423794 0.967026 0.438596
68 0.505384 0.423177 0.979524 0.445312
21 0.49523 0.422766 0.967026 0.438459
58 0.503822 0.424274 0.951403 0.443119
33 0.49523 0.422766 0.967026 0.438459
4 0.929532 0.477522 0.140601 0.315789
40 0.497573 0.423794 0.967026 0.438596
2 0.92797 0.493421 0.143726 0.291667
67 0.50226 0.430373 0.968588 0.444079
29 0.494449 0.427083 0.963901 0.446272
54 0.494449 0.427083 0.963901 0.446272
8 0.492886 0.423862 0.963901 0.449424
6 0.50226 0.430373 0.968588 0.444079
30 0.494449 0.427083 0.963901 0.446272
44 0.492886 0.423862 0.963901 0.449424
28 0.50226 0.422629 0.979524 0.450795
31 0.494449 0.427083 0.963901 0.446272
20 0.494449 0.427083 0.963901 0.446272
56 0.492886 0.423862 0.963901 0.449424
10 0.50226 0.422629 0.979524 0.450795
39 0.491715 0.424822 0.959996 0.446409
66 0.492886 0.423862 0.963901 0.449424
32 0.492886 0.423862 0.963901 0.449424
36 0.50226 0.430373 0.968588 0.444079
69 0.503041 0.422766 0.971713 0.4571
0 0.503041 0.422766 0.971713 0.4571
57 0.491715 0.424822 0.959996 0.446409
60 0.503041 0.422766 0.971713 0.4571
68 0.501869 0.425164 0.980305 0.449013
62 0.494449 0.427083 0.963901 0.446272
5 0.50226 0.422629 0.979524 0.450795
1 0.501869 0.425164 0.980305 0.449013
45 0.491715 0.424822 0.959996 0.446409
4 0.494449 0.427083 0.963901 0.446272
61 0.491715 0.424822 0.959996 0.446409
23 0.491715 0.424822 0.959996 0.446409
34 0.501869 0.425164 0.980305 0.449013
35 0.503041 0.422766 0.971713 0.4571
2 0.503041 0.422766 0.971713 0.4571
21 0.491715 0.424822 0.959996 0.446409
3 0.501869 0.425164 0.980305 0.449013
22 0.492886 0.423862 0.963901 0.449424
7 0.503041 0.422766 0.971713 0.4571
65 0.494449 0.427083 0.963901 0.446272
52 0.503041 0.422766 0.971713 0.4571
33 0.503041 0.422766 0.971713 0.4571
58 0.50226 0.430373 0.968588 0.444079
72 0.501869 0.425164 0.980305 0.449013
59 0.494449 0.427083 0.963901 0.446272
6 0.506947 0.425987 0.960777 0.453947
54 0.506947 0.425987 0.960777 0.453947
44 0.501479 0.42537 0.960777 0.451891
56 0.501479 0.42537 0.960777 0.451891
2 0.505384 0.422766 0.962339 0.461486
66 0.501479 0.42537 0.960777 0.451891
20 0.501479 0.42537 0.960777 0.451891
67 0.506947 0.425987 0.960777 0.453947
69 0.505384 0.422766 0.962339 0.461486
28 0.501479 0.42537 0.960777 0.451891
30 0.506947 0.425987 0.960777 0.453947
32 0.501479 0.42537 0.960777 0.451891
8 0.501479 0.42537 0.960777 0.451891
60 0.505384 0.422766 0.962339 0.461486
10 0.506165 0.424068 0.974837 0.454496
1 0.504213 0.42818 0.96312 0.448465
29 0.504213 0.42818 0.96312 0.448465
5 0.506165 0.424068 0.974837 0.454496
39 0.498354 0.424342 0.952966 0.451754
0 0.505384 0.422766 0.962339 0.461486
36 0.506947 0.425987 0.960777 0.453947
31 0.506947 0.425987 0.960777 0.453947
62 0.506947 0.425987 0.960777 0.453947
4 0.505384 0.422766 0.962339 0.461486
7 0.506947 0.425987 0.960777 0.453947
35 0.506947 0.425987 0.960777 0.453947
57 0.501479 0.42537 0.960777 0.451891
23 0.501479 0.42537 0.960777 0.451891
22 0.505384 0.422766 0.962339 0.461486
45 0.501479 0.422697 0.959215 0.461623
68 0.504213 0.42818 0.96312 0.448465
61 0.506165 0.424068 0.974837 0.454496
33 0.501479 0.42537 0.960777 0.451891
65 0.504213 0.42818 0.96312 0.448465
3 0.504213 0.42818 0.96312 0.448465
58 0.506947 0.425987 0.960777 0.453947
34 0.506947 0.426809 0.979524 0.453399
52 0.505384 0.422766 0.962339 0.461486
72 0.504213 0.42818 0.96312 0.448465
56 0.511633 0.423862 0.963901 0.446135
0 0.511633 0.419134 0.97015 0.457785
54 0.511633 0.419134 0.97015 0.457785
2 0.511633 0.423862 0.963901 0.446135
6 0.511633 0.419339 0.968588 0.460663
28 0.511633 0.423862 0.963901 0.446135
44 0.511633 0.423862 0.963901 0.446135
39 0.507728 0.428454 0.959215 0.442434
1 0.511633 0.419339 0.968588 0.460663
4 0.511633 0.419339 0.968588 0.460663
60 0.513586 0.427563 0.964683 0.44312
5 0.511633 0.423862 0.963901 0.446135
32 0.511633 0.419134 0.97015 0.457785
69 0.511633 0.419134 0.97015 0.457785
66 0.511633 0.423862 0.963901 0.446135
67 0.511633 0.419339 0.968588 0.460663
8 0.511633 0.423862 0.963901 0.446135
31 0.511633 0.419339 0.968588 0.460663
7 0.511633 0.419339 0.968588 0.460663
20 0.507728 0.428454 0.959215 0.442434
57 0.507728 0.428454 0.959215 0.442434
68 0.511633 0.419339 0.968588 0.460663
10 0.511633 0.423862 0.963901 0.446135
62 0.514841 0.423314 0.970317 0.448328
45 0.510462 0.427083 0.969369 0.449561
22 0.511633 0.419134 0.97015 0.457785
3 0.511633 0.419339 0.968588 0.460663
36 0.511633 0.419339 0.968588 0.460663
29 0.511633 0.419339 0.968588 0.460663
23 0.507728 0.428454 0.959215 0.442434
52 0.511633 0.419339 0.968588 0.460663
58 0.511633 0.419339 0.968588 0.460663
61 0.511633 0.423862 0.963901 0.446135
30 0.511633 0.419339 0.968588 0.460663
35 0.511633 0.419339 0.968588 0.460663
34 0.511633 0.419339 0.968588 0.460663
65 0.513586 0.427563 0.964683 0.44312
33 0.507728 0.428454 0.959215 0.442434
56 0.508509 0.423177 0.960777 0.452988
28 0.508509 0.423177 0.960777 0.452988
54 0.508509 0.423177 0.960777 0.452988
44 0.508509 0.423177 0.960777 0.452988
2 0.508509 0.423177 0.960777 0.452988
0 0.507728 0.428797 0.963901 0.445038
39 0.506947 0.428248 0.960777 0.45381
32 0.508509 0.423177 0.960777 0.452988
4 0.508509 0.423177 0.960777 0.452988
69 0.508509 0.423177 0.960777 0.452988
8 0.50226 0.425507 0.954528 0.445038
60 0.50929 0.422971 0.962339 0.454496
6 0.50929 0.422971 0.962339 0.454496
66 0.50226 0.425507 0.954528 0.445038
5 0.50226 0.425507 0.954528 0.445038
57 0.508509 0.423177 0.960777 0.452988
20 0.51367 0.426055 0.972661 0.445038
1 0.50929 0.422971 0.962339 0.454496
31 0.50929 0.422971 0.962339 0.454496
67 0.50929 0.422971 0.962339 0.454496
10 0.50929 0.422971 0.962339 0.454496
22 0.508509 0.423177 0.960777 0.452988
7 0.50929 0.422971 0.962339 0.454496
23 0.50226 0.425507 0.954528 0.445038
45 0.506947 0.428248 0.960777 0.45381
62 0.50929 0.422971 0.962339 0.454496
68 0.50929 0.422971 0.962339 0.454496
30 0.506165 0.427083 0.95609 0.444079
29 0.50929 0.422971 0.962339 0.454496
52 0.50929 0.422971 0.962339 0.454496
3 0.50929 0.422971 0.962339 0.454496
35 0.50929 0.422971 0.962339 0.454496
58 0.50929 0.422971 0.962339 0.454496
36 0.50929 0.422971 0.962339 0.454496
34 0.50929 0.422971 0.962339 0.454496
61 0.506947 0.428248 0.960777 0.45381
65 0.506165 0.427083 0.95609 0.444079
21 0.506947 0.428248 0.960777 0.45381
28 0.506165 0.420573 0.952966 0.446135
56 0.506165 0.420573 0.952966 0.446135
0 0.506165 0.420573 0.952966 0.446135
54 0.505775 0.423794 0.956871 0.447368
2 0.505775 0.423794 0.956871 0.447368
4 0.506165 0.420573 0.952966 0.446135
5 0.50226 0.423246 0.945154 0.439693
32 0.506165 0.420573 0.952966 0.446135
1 0.505775 0.423794 0.956871 0.447368
57 0.506165 0.420573 0.952966 0.446135
10 0.50226 0.423246 0.945154 0.439693
69 0.506165 0.420573 0.952966 0.446135
44 0.50226 0.423246 0.945154 0.439693
68 0.519137 0.425713 0.961725 0.445724
52 0.505775 0.423794 0.956871 0.447368
66 0.50226 0.423246 0.945154 0.439693
22 0.517101 0.424616 0.957652 0.439145
3 0.506165 0.420573 0.952966 0.446135
60 0.505775 0.423794 0.956871 0.447368
31 0.505775 0.423794 0.956871 0.447368
8 0.504603 0.422218 0.952966 0.448328
62 0.505775 0.423794 0.956871 0.447368
39 0.504603 0.422218 0.952966 0.448328
6 0.505775 0.423794 0.956871 0.447368
20 0.519137 0.425713 0.961725 0.445724
67 0.505775 0.423794 0.956871 0.447368
61 0.506165 0.420573 0.952966 0.446135
23 0.50226 0.423246 0.945154 0.439693
29 0.505775 0.423794 0.956871 0.447368
45 0.504603 0.422218 0.952966 0.448328
34 0.505775 0.423794 0.956871 0.447368
7 0.505775 0.423794 0.956871 0.447368
30 0.503431 0.426535 0.945936 0.442982
4 0.931094 0.498903 0.137477 0.281798
54 0.32436 0.422697 0.572951 0.444079
58 0.929532 0.492873 0.140601 0.289474
54 0.504603 0.424342 0.962339 0.450658
28 0.504603 0.424342 0.962339 0.450658
44 0.504603 0.424342 0.962339 0.450658
56 0.504603 0.424342 0.962339 0.450658
4 0.505384 0.422971 0.963901 0.458882
31 0.506165 0.427083 0.962339 0.448465
39 0.503041 0.421327 0.962339 0.46546
0 0.505384 0.422971 0.963901 0.458882
30 0.506165 0.427083 0.962339 0.448465
8 0.503041 0.421327 0.962339 0.46546
66 0.504603 0.424342 0.962339 0.450658
57 0.503041 0.421327 0.962339 0.46546
20 0.503041 0.421327 0.962339 0.46546
45 0.503041 0.421327 0.962339 0.46546
60 0.498354 0.430373 0.949841 0.440789
29 0.504603 0.424342 0.962339 0.450658
2 0.505384 0.426809 0.963901 0.455592
67 0.498354 0.430373 0.949841 0.440789
32 0.503041 0.421327 0.962339 0.46546
1 0.504603 0.424342 0.962339 0.450658
10 0.504603 0.424342 0.962339 0.450658
69 0.505384 0.422971 0.963901 0.458882
62 0.498354 0.430373 0.949841 0.440789
5 0.505384 0.422971 0.963901 0.458882
68 0.505384 0.426809 0.963901 0.455592
22 0.505384 0.422971 0.963901 0.458882
6 0.506165 0.427083 0.962339 0.448465
23 0.503041 0.421327 0.962339 0.46546
52 0.505384 0.426809 0.963901 0.455592
34 0.506165 0.427083 0.962339 0.448465
35 0.498354 0.430373 0.949841 0.440789
36 0.506165 0.427083 0.962339 0.448465
61 0.503041 0.421327 0.962339 0.46546
3 0.505384 0.422971 0.963901 0.458882
65 0.506165 0.426261 0.97015 0.445724
31 0.506165 0.420504 0.962339 0.469298
56 0.506947 0.41838 0.963901 0.462582
28 0.506947 0.41838 0.963901 0.462582
57 0.506947 0.41838 0.963901 0.462582
4 0.506947 0.41838 0.963901 0.462582
0 0.506947 0.41838 0.963901 0.462582
68 0.50929 0.42352 0.962339 0.46875
54 0.506947 0.41838 0.963901 0.462582
60 0.506165 0.420504 0.962339 0.469298
30 0.506165 0.420504 0.962339 0.469298
39 0.496792 0.42023 0.946717 0.453399
67 0.506165 0.420504 0.962339 0.469298
20 0.506165 0.420504 0.962339 0.469298
44 0.506947 0.41838 0.963901 0.462582
69 0.506947 0.41838 0.963901 0.462582
62 0.506165 0.420504 0.962339 0.469298
8 0.506947 0.41838 0.963901 0.462582
2 0.506165 0.420504 0.962339 0.469298
10 0.506947 0.41838 0.963901 0.462582
32 0.496792 0.42023 0.946717 0.453399
22 0.506947 0.41838 0.963901 0.462582
1 0.506947 0.41838 0.963901 0.462582
29 0.50929 0.42352 0.962339 0.46875
66 0.506947 0.41838 0.963901 0.462582
52 0.50929 0.42352 0.962339 0.46875
6 0.506165 0.420504 0.962339 0.469298
23 0.50929 0.42352 0.962339 0.46875
5 0.506947 0.41838 0.963901 0.462582
34 0.496792 0.42023 0.946717 0.453399
3 0.50929 0.419476 0.965464 0.469161
7 0.506165 0.420504 0.962339 0.469298
58 0.506165 0.420504 0.962339 0.469298
45 0.50929 0.419476 0.965464 0.469161
36 0.506165 0.420504 0.962339 0.469298
35 0.506165 0.420504 0.962339 0.469298
61 0.506165 0.416941 0.962339 0.477522
28 0.50226 0.42352 0.954528 0.443531
31 0.503041 0.42352 0.952966 0.44682
56 0.50226 0.42352 0.954528 0.443531
0 0.50226 0.42352 0.954528 0.443531
54 0.50226 0.42352 0.954528 0.443531
57 0.499916 0.424616 0.951403 0.439145
4 0.50226 0.42352 0.954528 0.443531
68 0.503041 0.42352 0.952966 0.44682
60 0.503041 0.42352 0.952966 0.44682
69 0.50226 0.42352 0.954528 0.443531
67 0.503041 0.42352 0.952966 0.44682
44 0.50226 0.42352 0.954528 0.443531
30 0.503041 0.42352 0.952966 0.44682
32 0.503822 0.426055 0.954528 0.443942
8 0.50226 0.42352 0.954528 0.443531
10 0.50226 0.42352 0.954528 0.443531
62 0.503041 0.42352 0.952966 0.44682
20 0.501479 0.426535 0.952966 0.440789
39 0.499916 0.424616 0.951403 0.439145
1 0.50226 0.42352 0.954528 0.443531
52 0.503041 0.42352 0.952966 0.44682
2 0.503041 0.42352 0.952966 0.44682
29 0.503822 0.425987 0.954528 0.447368
66 0.50226 0.42352 0.954528 0.443531
6 0.501479 0.426535 0.952966 0.440789
22 0.503041 0.42352 0.952966 0.44682
5 0.50226 0.42352 0.954528 0.443531
23 0.50226 0.42352 0.954528 0.443531
34 0.50226 0.42352 0.954528 0.443531
58 0.503041 0.42352 0.952966 0.44682
61 0.500698 0.423314 0.95609 0.456003
7 0.503041 0.42352 0.952966 0.44682
3 0.503822 0.426055 0.954528 0.443942
36 0.503041 0.42352 0.952966 0.44682
