2 0.492512 0.499711 0.969414 0.530671
22 0.494073 0.504557 0.985025 0.530237
4 0.494073 0.504557 0.985025 0.530237
62 0.497195 0.506293 0.988147 0.527922
57 0.497195 0.501157 0.988147 0.532407
72 0.490951 0.508391 0.96317 0.527199
41 0.490951 0.508391 0.96317 0.527199
67 0.499147 0.50463 0.988927 0.524306
66 0.497195 0.506293 0.988147 0.527922
40 0.497195 0.506293 0.988147 0.527922
60 0.48861 0.506944 0.961609 0.528935
44 0.497195 0.506293 0.988147 0.527922
70 0.48978 0.510995 0.959267 0.52662
35 0.497195 0.501157 0.988147 0.532407
64 0.497195 0.501157 0.988147 0.532407
29 0.499147 0.50463 0.988927 0.524306
71 0.499147 0.50463 0.988927 0.524306
49 0.497195 0.506293 0.988147 0.527922
20 0.490171 0.494792 0.980341 0.545139
1 0.490951 0.508391 0.96317 0.527199
4 0.537783 0.58912 0.894484 0.327546
46 0.494073 0.504557 0.985025 0.530237
17 0.497195 0.506293 0.988147 0.527922
10 0.497195 0.506293 0.988147 0.527922
52 0.493683 0.498264 0.96395 0.530093
32 0.501879 0.5 0.988147 0.527778
33 0.492512 0.499711 0.969414 0.530671
57 0.508903 0.570023 0.945998 0.384259
22 0.497195 0.588976 0.975658 0.335938
5 0.434753 0.51208 0.850774 0.530237
36 0.48978 0.510995 0.959267 0.52662
69 0.497195 0.498553 0.975658 0.531829
68 0.456218 0.510923 0.892142 0.525608
22 0.192058 0.505859 0.360506 0.514902
14 0.48861 0.506944 0.961609 0.528935
6 0.497195 0.498553 0.975658 0.531829
54 0.490951 0.508391 0.96317 0.527199
31 0.501879 0.5 0.988147 0.527778
37 0.456218 0.510923 0.892142 0.525608
65 0.499147 0.50463 0.988927 0.524306
0 0.456218 0.510923 0.892142 0.525608
49 0.500318 0.590278 0.966292 0.336806
45 0.497195 0.506293 0.988147 0.527922
56 0.494073 0.504557 0.985025 0.530237
3 0.48861 0.506944 0.961609 0.528935
62 0.497195 0.588976 0.975658 0.335938
49 0.200156 0.5136 0.37475 0.521412
15 0.497195 0.501157 0.988147 0.532407
39 0.508903 0.570023 0.945998 0.384259
8 0.501879 0.5 0.988147 0.527778
39 0.586956 0.587818 0.802381 0.317419
41 0.202937 0.509259 0.379336 0.520833
57 0.586956 0.587818 0.802381 0.317419
57 0.217962 0.508681 0.416411 0.516204
2 0.537783 0.58912 0.894484 0.327546
26 0.497195 0.50434 0.980341 0.528356
34 0.501098 0.502894 0.953804 0.517361
46 0.500318 0.590278 0.966292 0.336806
4 0.192058 0.505859 0.360506 0.514902
7 0.434753 0.51208 0.850774 0.530237
10 0.202937 0.509259 0.379336 0.520833
72 0.192058 0.505859 0.360506 0.514902
5 0.192058 0.505859 0.360506 0.514902
72 0.497195 0.588976 0.975658 0.335938
44 0.575248 0.58695 0.825797 0.31684
38 0.494073 0.504557 0.985025 0.530237
22 0.655252 0.577691 0.665789 0.300637
49 0.655252 0.577691 0.665789 0.300637
11 0.497195 0.506293 0.988147 0.527922
36 0.543637 0.590278 0.882776 0.329861
58 0.497195 0.50434 0.980341 0.528356
68 0.202937 0.509259 0.379336 0.520833
60 0.539344 0.582755 0.894484 0.340278
2 0.496415 0.498553 0.970975 0.535301
67 0.499927 0.5 0.979561 0.537037
4 0.496415 0.498553 0.970975 0.535301
62 0.496415 0.498553 0.970975 0.535301
3 0.485488 0.507234 0.950681 0.526042
57 0.496415 0.498553 0.970975 0.535301
66 0.496415 0.498553 0.970975 0.535301
44 0.496415 0.498553 0.970975 0.535301
8 0.499927 0.5 0.979561 0.537037
58 0.485488 0.507234 0.950681 0.526042
69 0.496415 0.498553 0.970975 0.535301
7 0.496025 0.503762 0.974878 0.527199
41 0.496415 0.498553 0.970975 0.535301
35 0.496415 0.498553 0.970975 0.535301
10 0.496025 0.503762 0.974878 0.527199
60 0.496025 0.503762 0.974878 0.527199
20 0.496415 0.498553 0.970975 0.535301
72 0.496415 0.498553 0.970975 0.535301
36 0.499927 0.5 0.979561 0.537037
6 0.494073 0.494792 0.967853 0.546296
65 0.496415 0.498553 0.970975 0.535301
29 0.499927 0.5 0.979561 0.537037
33 0.493293 0.495298 0.96317 0.540654
22 0.495244 0.497685 0.968634 0.532407
31 0.499927 0.5 0.979561 0.537037
39 0.495244 0.497685 0.968634 0.532407
40 0.496415 0.498553 0.970975 0.535301
56 0.496415 0.498553 0.970975 0.535301
5 0.495244 0.497685 0.968634 0.532407
49 0.496025 0.503762 0.974878 0.527199
45 0.496415 0.498553 0.970975 0.535301
68 0.489 0.50434 0.967072 0.530671
30 0.499927 0.5 0.979561 0.537037
18 0.492903 0.505498 0.974878 0.529514
32 0.499927 0.5 0.979561 0.537037
46 0.495244 0.497685 0.968634 0.532407
52 0.493293 0.495298 0.96317 0.540654
15 0.496415 0.498553 0.970975 0.535301
1 0.483146 0.509332 0.947559 0.531105
64 0.493293 0.495298 0.96317 0.540654
28 0.486268 0.504919 0.94912 0.524884
4 0.866189 0.565972 0.247037 0.310185
38 0.500318 0.500868 0.975658 0.527199
0 0.493293 0.495298 0.96317 0.540654
2 0.492903 0.502604 0.968633 0.536458
4 0.492903 0.502604 0.968633 0.536458
3 0.498757 0.506655 0.985025 0.529514
58 0.498757 0.506655 0.985025 0.529514
66 0.498757 0.505208 0.980341 0.53125
69 0.498757 0.505208 0.980341 0.53125
5 0.498757 0.506655 0.985025 0.529514
10 0.498757 0.506655 0.985025 0.529514
57 0.499147 0.505787 0.984244 0.534722
44 0.498757 0.505208 0.980341 0.53125
62 0.492903 0.502604 0.968633 0.536458
39 0.499147 0.505787 0.984244 0.534722
22 0.492903 0.502604 0.968633 0.536458
7 0.492903 0.502604 0.968633 0.536458
65 0.492903 0.502604 0.968633 0.536458
52 0.492512 0.493707 0.970975 0.557726
67 0.492512 0.505498 0.967853 0.532986
6 0.492512 0.505498 0.967853 0.532986
60 0.499147 0.505787 0.984244 0.534722
45 0.492903 0.502604 0.968633 0.536458
1 0.498757 0.506655 0.985025 0.529514
68 0.496415 0.509838 0.980341 0.527778
35 0.492903 0.502604 0.968633 0.536458
8 0.499927 0.509259 0.981122 0.527778
56 0.498757 0.505208 0.980341 0.53125
23 0.499147 0.505787 0.984244 0.534722
28 0.497976 0.507596 0.983464 0.53342
34 0.498757 0.506655 0.985025 0.529514
32 0.499147 0.505787 0.984244 0.534722
29 0.499927 0.509259 0.981122 0.527778
20 0.499927 0.509259 0.981122 0.527778
31 0.499927 0.509259 0.981122 0.527778
41 0.498757 0.505208 0.980341 0.53125
0 0.492903 0.502604 0.968633 0.536458
59 0.499927 0.509259 0.981122 0.527778
15 0.498757 0.505208 0.980341 0.53125
49 0.498757 0.505208 0.980341 0.53125
36 0.499927 0.509259 0.981122 0.527778
33 0.499147 0.505787 0.984244 0.534722
30 0.496415 0.50434 0.977219 0.526042
61 0.497976 0.507596 0.983464 0.53342
54 0.492512 0.505498 0.967853 0.532986
21 0.492903 0.502604 0.968633 0.536458
58 0.262257 0.511863 0.502659 0.536458
46 0.499147 0.505787 0.984244 0.534722
4 0.491732 0.502894 0.964731 0.523148
67 0.490951 0.50434 0.964731 0.527199
2 0.491732 0.502894 0.964731 0.523148
57 0.492512 0.503183 0.969414 0.527199
23 0.499537 0.502894 0.985025 0.53125
31 0.490951 0.50434 0.964731 0.527199
68 0.493293 0.505715 0.97878 0.527922
6 0.490951 0.50434 0.964731 0.527199
29 0.490951 0.50434 0.964731 0.527199
58 0.494854 0.505498 0.981902 0.522569
10 0.495634 0.502821 0.983464 0.523293
60 0.491732 0.502894 0.964731 0.523148
44 0.491732 0.502894 0.964731 0.523148
7 0.491732 0.502894 0.964731 0.523148
52 0.494073 0.50463 0.97878 0.521991
66 0.491732 0.502894 0.964731 0.523148
8 0.490951 0.50434 0.964731 0.527199
69 0.491732 0.502894 0.964731 0.523148
3 0.495634 0.502821 0.983464 0.523293
39 0.492512 0.503183 0.969414 0.527199
35 0.491732 0.502894 0.964731 0.523148
34 0.495634 0.502821 0.983464 0.523293
28 0.499537 0.502894 0.985025 0.53125
65 0.491732 0.502894 0.964731 0.523148
32 0.499537 0.502894 0.985025 0.53125
45 0.492512 0.503183 0.969414 0.527199
5 0.499537 0.502894 0.985025 0.53125
62 0.491732 0.502894 0.964731 0.523148
22 0.491732 0.502894 0.964731 0.523148
20 0.490951 0.50434 0.964731 0.527199
1 0.494854 0.505498 0.981902 0.522569
36 0.490951 0.50434 0.964731 0.527199
54 0.491732 0.502894 0.964731 0.523148
56 0.495634 0.502821 0.983464 0.523293
0 0.491732 0.502894 0.964731 0.523148
59 0.493293 0.505715 0.97878 0.527922
33 0.492512 0.503183 0.969414 0.527199
61 0.499537 0.502894 0.985025 0.53125
30 0.490951 0.50434 0.964731 0.527199
21 0.492512 0.503183 0.969414 0.527199
72 0.495634 0.502821 0.983464 0.523293
41 0.491732 0.502894 0.964731 0.523148
4 0.487829 0.513021 0.969414 0.508681
57 0.488219 0.513238 0.971756 0.512876
52 0.487829 0.513021 0.969414 0.508681
23 0.492903 0.509766 0.981122 0.518663
28 0.492903 0.509766 0.981122 0.518663
3 0.491342 0.510706 0.976439 0.516782
2 0.487829 0.513021 0.969414 0.508681
66 0.491342 0.510706 0.976439 0.516782
10 0.491342 0.510706 0.976439 0.516782
67 0.48939 0.513889 0.966292 0.512731
54 0.487829 0.513021 0.969414 0.508681
68 0.48978 0.512731 0.968633 0.520833
22 0.488219 0.513238 0.971756 0.512876
5 0.492903 0.509766 0.981122 0.518663
44 0.487829 0.513021 0.969414 0.508681
6 0.48939 0.513889 0.966292 0.512731
32 0.492903 0.509766 0.981122 0.518663
1 0.494464 0.511574 0.981122 0.519676
60 0.487829 0.513021 0.969414 0.508681
58 0.494464 0.511574 0.981122 0.519676
45 0.488219 0.513238 0.971756 0.512876
29 0.487829 0.513021 0.969414 0.508681
7 0.487829 0.513021 0.969414 0.508681
0 0.487829 0.513021 0.969414 0.508681
39 0.488219 0.513238 0.971756 0.512876
56 0.488219 0.513238 0.971756 0.512876
8 0.488219 0.513238 0.971756 0.512876
31 0.492512 0.513889 0.981902 0.505787
20 0.488219 0.513238 0.971756 0.512876
69 0.491342 0.510706 0.976439 0.516782
62 0.487829 0.513021 0.969414 0.508681
34 0.494464 0.511574 0.981122 0.519676
59 0.48978 0.512731 0.968633 0.520833
35 0.487829 0.513021 0.969414 0.508681
65 0.487829 0.513021 0.969414 0.508681
21 0.488219 0.513238 0.971756 0.512876
33 0.488219 0.513238 0.971756 0.512876
36 0.48939 0.513889 0.966292 0.512731
61 0.492903 0.509766 0.981122 0.518663
30 0.48939 0.513889 0.966292 0.512731
52 0.494464 0.501447 0.982683 0.539931
68 0.494464 0.510923 0.978 0.52445
31 0.489 0.510706 0.970195 0.524884
69 0.494464 0.501447 0.982683 0.539931
67 0.489 0.510706 0.970195 0.524884
10 0.494464 0.505787 0.982683 0.527778
58 0.494464 0.501447 0.982683 0.539931
4 0.489 0.50434 0.970195 0.534144
59 0.489 0.510706 0.970195 0.524884
23 0.48978 0.501447 0.968633 0.536458
6 0.489 0.510706 0.970195 0.524884
28 0.489 0.50434 0.970195 0.534144
1 0.491732 0.510995 0.97878 0.524306
3 0.494464 0.505787 0.982683 0.527778
0 0.494464 0.501447 0.982683 0.539931
56 0.489 0.50434 0.970195 0.534144
29 0.489 0.510706 0.970195 0.524884
2 0.494464 0.501447 0.982683 0.539931
5 0.494464 0.505787 0.982683 0.527778
22 0.489 0.50434 0.970195 0.534144
60 0.494464 0.501447 0.982683 0.539931
34 0.489 0.50434 0.970195 0.534144
8 0.489 0.510706 0.970195 0.524884
54 0.489 0.510706 0.970195 0.524884
30 0.494464 0.510923 0.978 0.52445
32 0.489 0.50434 0.970195 0.534144
57 0.494464 0.501447 0.982683 0.539931
62 0.489 0.50434 0.970195 0.534144
39 0.48978 0.501447 0.968633 0.536458
36 0.494464 0.510923 0.978 0.52445
44 0.489 0.50434 0.970195 0.534144
61 0.496415 0.498192 0.983464 0.542969
20 0.489 0.510706 0.970195 0.524884
7 0.489 0.50434 0.970195 0.534144
65 0.494464 0.501447 0.982683 0.539931
66 0.494464 0.505787 0.982683 0.527778
21 0.496415 0.498192 0.983464 0.542969
33 0.494464 0.501447 0.982683 0.539931
35 0.494464 0.501447 0.982683 0.539931
45 0.48978 0.501447 0.968633 0.536458
52 0.497976 0.502821 0.975658 0.537182
69 0.497976 0.502821 0.975658 0.537182
2 0.497976 0.502821 0.975658 0.537182
10 0.490951 0.50463 0.96317 0.532407
60 0.497976 0.502821 0.975658 0.537182
22 0.497195 0.50123 0.977219 0.542679
67 0.497976 0.502821 0.975658 0.537182
0 0.497976 0.502821 0.975658 0.537182
58 0.497976 0.502821 0.975658 0.537182
62 0.497976 0.502821 0.975658 0.537182
68 0.491342 0.506366 0.959267 0.52662
31 0.497976 0.503762 0.967853 0.530671
23 0.497195 0.50123 0.977219 0.542679
57 0.497976 0.502821 0.975658 0.537182
56 0.490951 0.50463 0.96317 0.532407
28 0.492122 0.504702 0.96395 0.532263
6 0.497976 0.503762 0.967853 0.530671
4 0.497976 0.502821 0.975658 0.537182
44 0.497195 0.50123 0.977219 0.542679
39 0.497195 0.50123 0.977219 0.542679
1 0.491342 0.506366 0.959267 0.52662
33 0.497976 0.502821 0.975658 0.537182
5 0.497195 0.50123 0.977219 0.542679
3 0.491732 0.505498 0.980341 0.530671
32 0.497976 0.502821 0.975658 0.537182
35 0.506952 0.500579 0.96395 0.538194
61 0.497195 0.50123 0.977219 0.542679
20 0.497195 0.50123 0.977219 0.542679
8 0.492122 0.504702 0.96395 0.532263
66 0.497195 0.50123 0.977219 0.542679
36 0.497976 0.503762 0.967853 0.530671
59 0.491342 0.506366 0.959267 0.52662
54 0.497976 0.502821 0.975658 0.537182
7 0.497976 0.502821 0.975658 0.537182
34 0.490951 0.50463 0.96317 0.532407
65 0.497976 0.502821 0.975658 0.537182
45 0.497195 0.50123 0.977219 0.542679
30 0.506952 0.500579 0.96395 0.538194
29 0.497976 0.502821 0.975658 0.537182
52 0.508513 0.497613 0.968634 0.541811
10 0.501879 0.502242 0.958487 0.53371
58 0.501879 0.502242 0.958487 0.53371
69 0.508513 0.497613 0.968634 0.541811
68 0.501879 0.502242 0.958487 0.53371
22 0.509684 0.500506 0.966292 0.537182
67 0.508513 0.497613 0.968634 0.541811
60 0.508513 0.497613 0.968634 0.541811
23 0.509684 0.500506 0.966292 0.537182
2 0.508513 0.497613 0.968634 0.541811
31 0.508123 0.500289 0.960048 0.541088
62 0.508513 0.497613 0.968634 0.541811
57 0.508513 0.497613 0.968634 0.541811
28 0.501879 0.502242 0.958487 0.53371
0 0.508513 0.497613 0.968634 0.541811
3 0.50383 0.504702 0.985805 0.532263
4 0.508513 0.497613 0.968634 0.541811
56 0.501879 0.502242 0.958487 0.53371
34 0.508513 0.497613 0.968634 0.541811
39 0.509684 0.500506 0.966292 0.537182
1 0.502659 0.504702 0.953804 0.534578
59 0.502659 0.504702 0.953804 0.534578
32 0.50383 0.504702 0.985805 0.532263
44 0.509684 0.500506 0.966292 0.537182
65 0.508513 0.497613 0.968634 0.541811
20 0.509684 0.500506 0.966292 0.537182
61 0.509684 0.500506 0.966292 0.537182
8 0.50461 0.503762 0.954584 0.532986
5 0.50383 0.504702 0.985805 0.532263
7 0.508513 0.497613 0.968634 0.541811
35 0.508513 0.497613 0.968634 0.541811
45 0.509684 0.500506 0.966292 0.537182
6 0.502659 0.504702 0.953804 0.534578
33 0.508513 0.497613 0.968634 0.541811
52 0.634178 0.502315 0.701693 0.480324
52 0.499537 0.49877 0.961609 0.537182
10 0.499537 0.49877 0.961609 0.537182
69 0.499537 0.49877 0.961609 0.537182
23 0.499537 0.49877 0.961609 0.537182
22 0.499537 0.49877 0.961609 0.537182
67 0.499537 0.49877 0.961609 0.537182
2 0.499537 0.49877 0.961609 0.537182
60 0.499537 0.49877 0.961609 0.537182
58 0.499537 0.49877 0.961609 0.537182
68 0.498756 0.50123 0.956926 0.535735
57 0.499537 0.49877 0.961609 0.537182
31 0.498756 0.50123 0.956926 0.535735
62 0.499537 0.49877 0.961609 0.537182
28 0.497195 0.502387 0.966292 0.532263
4 0.501098 0.500651 0.956926 0.53342
56 0.499537 0.49877 0.961609 0.537182
39 0.498756 0.499349 0.96317 0.534867
0 0.499537 0.49877 0.961609 0.537182
44 0.498756 0.499349 0.96317 0.534867
34 0.501098 0.500651 0.956926 0.53342
8 0.498756 0.499349 0.96317 0.534867
20 0.498756 0.499349 0.96317 0.534867
59 0.498756 0.50123 0.956926 0.535735
45 0.499537 0.49877 0.961609 0.537182
32 0.497195 0.502387 0.966292 0.532263
3 0.497195 0.502387 0.966292 0.532263
52 0.612323 0.50434 0.743842 0.490162
1 0.497195 0.503472 0.96317 0.530093
61 0.498756 0.499349 0.96317 0.534867
35 0.499537 0.49877 0.961609 0.537182
65 0.499537 0.49877 0.961609 0.537182
21 0.498756 0.499349 0.96317 0.534867
7 0.501098 0.500651 0.956926 0.53342
5 0.497195 0.502387 0.966292 0.532263
66 0.501098 0.500651 0.956926 0.53342
30 0.501098 0.500651 0.956926 0.53342
33 0.499537 0.49877 0.961609 0.537182
54 0.499537 0.49877 0.961609 0.537182
52 0.502659 0.499711 0.967853 0.539931
10 0.492903 0.501447 0.956145 0.537616
67 0.502659 0.499711 0.967853 0.539931
69 0.502659 0.499711 0.967853 0.539931
58 0.495634 0.503472 0.97878 0.532407
23 0.492903 0.501447 0.956145 0.537616
68 0.502659 0.499711 0.967853 0.539931
22 0.502659 0.499711 0.967853 0.539931
60 0.492903 0.501447 0.956145 0.537616
62 0.502659 0.499711 0.967853 0.539931
61 0.492903 0.501447 0.956145 0.537616
57 0.492903 0.501447 0.956145 0.537616
31 0.501098 0.502387 0.967853 0.527633
28 0.492903 0.501447 0.956145 0.537616
34 0.492903 0.501447 0.956145 0.537616
56 0.492903 0.501447 0.956145 0.537616
2 0.492903 0.501447 0.956145 0.537616
44 0.492903 0.501447 0.956145 0.537616
32 0.495634 0.503472 0.97878 0.532407
4 0.502659 0.499711 0.967853 0.539931
8 0.492903 0.501447 0.956145 0.537616
20 0.502659 0.499711 0.967853 0.539931
1 0.493293 0.502604 0.955365 0.528356
3 0.492903 0.501447 0.956145 0.537616
39 0.495634 0.498915 0.956926 0.532263
21 0.502659 0.499711 0.967853 0.539931
45 0.492903 0.501447 0.956145 0.537616
30 0.495634 0.503472 0.97878 0.532407
0 0.492903 0.501447 0.956145 0.537616
67 0.491732 0.499494 0.970975 0.52879
52 0.499537 0.494864 0.983464 0.536892
10 0.491732 0.499494 0.970975 0.52879
69 0.499537 0.494864 0.983464 0.536892
60 0.495634 0.502604 0.986586 0.523727
58 0.491732 0.499494 0.970975 0.52879
31 0.499537 0.494864 0.983464 0.536892
23 0.491732 0.499494 0.970975 0.52879
68 0.490171 0.502604 0.964731 0.527199
8 0.495634 0.502604 0.986586 0.523727
57 0.495634 0.502604 0.986586 0.523727
33 0.499537 0.494864 0.983464 0.536892
30 0.495634 0.502604 0.986586 0.523727
22 0.505001 0.494792 0.969414 0.534722
28 0.495634 0.502604 0.986586 0.523727
39 0.495634 0.502604 0.986586 0.523727
61 0.495634 0.502604 0.986586 0.523727
32 0.495634 0.502604 0.986586 0.523727
35 0.495634 0.502604 0.986586 0.523727
20 0.495634 0.502604 0.986586 0.523727
2 0.491732 0.499494 0.970975 0.52879
62 0.505001 0.494792 0.969414 0.534722
44 0.495634 0.502604 0.986586 0.523727
34 0.497976 0.498336 0.981902 0.534578
1 0.490171 0.502604 0.964731 0.527199
21 0.498757 0.492983 0.985025 0.539496
3 0.491732 0.499494 0.970975 0.52879
66 0.498757 0.492983 0.985025 0.539496
45 0.498757 0.492983 0.985025 0.539496
56 0.491732 0.498915 0.970975 0.529948
6 0.493293 0.505208 0.980341 0.521991
29 0.493293 0.505208 0.980341 0.521991
59 0.491732 0.499494 0.970975 0.52879
52 0.502659 0.496528 0.983464 0.532407
10 0.502659 0.496528 0.983464 0.532407
67 0.502659 0.496528 0.983464 0.532407
69 0.502659 0.496528 0.983464 0.532407
23 0.493293 0.499349 0.964731 0.527922
60 0.502659 0.496528 0.983464 0.532407
58 0.497195 0.501808 0.985025 0.524161
22 0.502659 0.496528 0.983464 0.532407
68 0.501098 0.498264 0.981902 0.530093
57 0.502659 0.496528 0.983464 0.532407
31 0.501098 0.498264 0.981902 0.530093
28 0.502659 0.496528 0.983464 0.532407
62 0.508123 0.498264 0.970975 0.52662
56 0.502659 0.496528 0.983464 0.532407
39 0.502659 0.494213 0.981902 0.539352
20 0.502659 0.496528 0.983464 0.532407
2 0.502659 0.496528 0.983464 0.532407
32 0.497195 0.501808 0.985025 0.524161
34 0.502659 0.496528 0.983464 0.532407
21 0.502659 0.496528 0.983464 0.532407
44 0.502659 0.496528 0.983464 0.532407
3 0.493293 0.499349 0.964731 0.527922
61 0.502659 0.496528 0.983464 0.532407
8 0.502659 0.496528 0.983464 0.532407
59 0.493293 0.499349 0.964731 0.527922
45 0.502659 0.496528 0.983464 0.532407
1 0.492512 0.501447 0.964731 0.524884
52 0.682961 0.513021 0.616616 0.462384
33 0.502659 0.496528 0.983464 0.532407
0 0.497195 0.501808 0.985025 0.524161
5 0.493293 0.499349 0.964731 0.527922
4 0.502659 0.496528 0.983464 0.532407
66 0.506952 0.4966 0.973317 0.532263
35 0.502659 0.496528 0.983464 0.532407
30 0.497195 0.501808 0.985025 0.524161
52 0.497195 0.500289 0.977219 0.527199
10 0.498756 0.502242 0.969414 0.520978
67 0.491732 0.502387 0.970975 0.524161
69 0.497195 0.500289 0.977219 0.527199
23 0.491732 0.502387 0.970975 0.524161
68 0.490561 0.505787 0.968634 0.525463
58 0.491732 0.502387 0.970975 0.524161
31 0.490561 0.505787 0.968634 0.525463
60 0.490561 0.505787 0.968634 0.525463
22 0.498756 0.502242 0.969414 0.520978
57 0.491732 0.502387 0.970975 0.524161
44 0.491732 0.502387 0.970975 0.524161
62 0.498756 0.502242 0.969414 0.520978
28 0.495634 0.503183 0.972536 0.527199
61 0.498756 0.502242 0.969414 0.520978
8 0.495634 0.503183 0.972536 0.527199
20 0.491732 0.502387 0.970975 0.524161
32 0.498366 0.5034 0.988927 0.523293
39 0.496415 0.49566 0.981902 0.535301
59 0.497195 0.500289 0.977219 0.527199
56 0.491732 0.502387 0.970975 0.524161
66 0.491732 0.502387 0.970975 0.524161
34 0.497195 0.500289 0.977219 0.527199
21 0.498756 0.502242 0.969414 0.520978
33 0.495634 0.503183 0.972536 0.527199
52 0.611543 0.510995 0.759452 0.479167
5 0.498756 0.502242 0.969414 0.520978
3 0.498756 0.502242 0.969414 0.520978
4 0.498756 0.502242 0.969414 0.520978
2 0.490561 0.505787 0.968634 0.525463
7 0.495634 0.503183 0.972536 0.527199
1 0.495634 0.503183 0.972536 0.527199
10 0.502659 0.493634 0.974097 0.539352
69 0.500318 0.496238 0.97878 0.537616
60 0.499927 0.502821 0.976439 0.537182
67 0.499927 0.502821 0.976439 0.537182
58 0.502659 0.493634 0.974097 0.539352
52 0.497195 0.5 0.972536 0.532407
22 0.502659 0.493634 0.974097 0.539352
61 0.502659 0.493634 0.974097 0.539352
62 0.502659 0.493634 0.974097 0.539352
8 0.499927 0.502821 0.976439 0.537182
39 0.500318 0.496238 0.97878 0.537616
28 0.499927 0.502821 0.976439 0.537182
23 0.500318 0.493345 0.97878 0.548032
68 0.500318 0.496238 0.97878 0.537616
57 0.496415 0.505498 0.967853 0.532986
32 0.502659 0.493634 0.974097 0.539352
3 0.502659 0.493634 0.974097 0.539352
34 0.500318 0.496238 0.97878 0.537616
56 0.497195 0.5 0.972536 0.532407
31 0.496415 0.505498 0.967853 0.532986
21 0.500318 0.496238 0.97878 0.537616
7 0.502659 0.493634 0.974097 0.539352
59 0.497195 0.5 0.972536 0.532407
44 0.500318 0.502315 0.988147 0.527778
30 0.497195 0.5 0.972536 0.532407
20 0.498366 0.508608 0.985805 0.52908
35 0.497195 0.5 0.972536 0.532407
5 0.502659 0.493634 0.974097 0.539352
1 0.500318 0.496238 0.97878 0.537616
66 0.497195 0.5 0.972536 0.532407
4 0.500318 0.502315 0.988147 0.527778
