2 0.493609 0.479977 0.977845 0.490847
22 0.484236 0.466247 0.940356 0.464531
41 0.490875 0.480549 0.977064 0.5
57 0.493609 0.479977 0.977845 0.490847
60 0.488923 0.463101 0.949728 0.457094
4 0.490875 0.480549 0.977064 0.5
62 0.490875 0.485698 0.980188 0.516018
72 0.484236 0.466247 0.940356 0.464531
49 0.488142 0.461957 0.948166 0.451373
5 0.48658 0.476473 0.968473 0.495566
41 0.372159 0.457952 0.709953 0.444508
4 0.268283 0.456236 0.497514 0.44222
10 0.491266 0.482337 0.973159 0.497569
4 0.372159 0.457952 0.709953 0.444508
64 0.490875 0.485698 0.980188 0.516018
67 0.488923 0.463101 0.949728 0.457094
49 0.229231 0.455664 0.420973 0.436499
70 0.488142 0.461957 0.948166 0.451373
20 0.490875 0.480549 0.977064 0.5
57 0.614668 0.532037 0.732603 0.518307
65 0.490875 0.480549 0.977064 0.5
40 0.490875 0.485698 0.980188 0.516018
35 0.490875 0.485698 0.980188 0.516018
46 0.484236 0.466247 0.940356 0.464531
41 0.268283 0.456236 0.497514 0.44222
1 0.484236 0.466247 0.940356 0.464531
66 0.490875 0.485698 0.980188 0.516018
22 0.268283 0.456236 0.497514 0.44222
44 0.490875 0.480549 0.977064 0.5
36 0.488142 0.461957 0.948166 0.451373
37 0.488923 0.463101 0.949728 0.457094
4 0.585868 0.526316 0.78708 0.535469
57 0.372159 0.457952 0.709953 0.444508
60 0.268283 0.456236 0.497514 0.44222
71 0.491266 0.485698 0.976283 0.511442
69 0.473302 0.460026 0.918487 0.464388
45 0.490875 0.485698 0.980188 0.516018
3 0.473302 0.460026 0.918487 0.464388
34 0.493609 0.511442 0.979407 0.581236
57 0.229231 0.455664 0.420973 0.436499
10 0.229231 0.455664 0.420973 0.436499
17 0.488923 0.463101 0.949728 0.457094
70 0.268283 0.456236 0.497514 0.44222
8 0.515868 0.519737 0.927079 0.55778
7 0.372159 0.457952 0.709953 0.444508
0 0.268283 0.456236 0.497514 0.44222
52 0.491266 0.490203 0.973159 0.553919
33 0.489313 0.489989 0.970816 0.521167
39 0.49439 0.51516 0.979407 0.562357
58 0.491266 0.482337 0.973159 0.497569
32 0.488142 0.461957 0.948166 0.451373
31 0.493609 0.49149 0.976283 0.541047
1 0.268283 0.456236 0.497514 0.44222
62 0.372159 0.457952 0.709953 0.444508
26 0.47955 0.477617 0.946604 0.472683
46 0.229231 0.455664 0.420973 0.436499
2 0.614668 0.532037 0.732603 0.518307
5 0.372159 0.457952 0.709953 0.444508
29 0.491266 0.485698 0.976283 0.511442
22 0.682617 0.533467 0.592018 0.523455
72 0.268283 0.456236 0.497514 0.44222
7 0.585868 0.526316 0.78708 0.535469
20 0.372159 0.457952 0.709953 0.444508
2 0.268283 0.456236 0.497514 0.44222
0 0.488923 0.463101 0.949728 0.457094
57 0.719325 0.541762 0.520164 0.5
46 0.585868 0.526316 0.78708 0.535469
2 0.38817 0.45645 0.741975 0.447511
2 0.719325 0.541762 0.520164 0.5
15 0.488142 0.461957 0.948166 0.451373
72 0.585868 0.526316 0.78708 0.535469
68 0.268283 0.456236 0.497514 0.44222
14 0.48658 0.476473 0.968473 0.495566
72 0.49439 0.472254 0.970035 0.650458
26 0.728698 0.532323 0.498295 0.532609
12 0.490875 0.485698 0.980188 0.516018
67 0.586453 0.518593 0.782784 0.560069
37 0.268283 0.456236 0.497514 0.44222
58 0.219078 0.449943 0.394418 0.433066
3 0.247195 0.453089 0.452214 0.435927
56 0.488923 0.486842 0.977845 0.512586
54 0.490875 0.480549 0.977064 0.5
16 0.473302 0.460026 0.918487 0.464388
65 0.728698 0.532323 0.498295 0.532609
15 0.229231 0.455664 0.420973 0.436499
3 0.498295 0.574943 0.952852 0.427918
23 0.47955 0.477617 0.946604 0.472683
5 0.247195 0.453089 0.452214 0.435927
66 0.372159 0.457952 0.709953 0.444508
38 0.513915 0.524027 0.930984 0.535469
54 0.268283 0.456236 0.497514 0.44222
2 0.499076 0.485984 0.985655 0.517735
4 0.499076 0.485984 0.985655 0.517735
3 0.490094 0.466748 0.945823 0.460097
58 0.490094 0.466748 0.945823 0.460097
67 0.497123 0.488487 0.984874 0.531035
41 0.492047 0.503504 0.974721 0.562786
7 0.496733 0.487128 0.974721 0.505149
57 0.499076 0.485984 0.985655 0.517735
22 0.499076 0.485984 0.985655 0.517735
62 0.499076 0.485984 0.985655 0.517735
66 0.499076 0.485984 0.985655 0.517735
52 0.492047 0.503504 0.974721 0.562786
69 0.499076 0.485984 0.985655 0.517735
60 0.499076 0.485984 0.985655 0.517735
44 0.499076 0.485984 0.985655 0.517735
31 0.491266 0.495995 0.979407 0.557208
8 0.497123 0.488487 0.984874 0.531035
36 0.497123 0.488487 0.984874 0.531035
34 0.496342 0.516876 0.96613 0.572654
72 0.492047 0.503504 0.974721 0.562786
10 0.495561 0.488487 0.97394 0.51845
65 0.492047 0.503504 0.974721 0.562786
35 0.492047 0.503504 0.974721 0.562786
56 0.499076 0.485984 0.985655 0.517735
68 0.495561 0.488487 0.97394 0.51845
29 0.491656 0.520094 0.983312 0.557065
49 0.496733 0.487128 0.974721 0.505149
33 0.491656 0.520094 0.983312 0.557065
5 0.495952 0.513086 0.970035 0.572225
20 0.497123 0.488487 0.984874 0.531035
45 0.492047 0.503504 0.974721 0.562786
39 0.498685 0.518807 0.963006 0.557351
1 0.490094 0.466748 0.945823 0.460097
28 0.491656 0.520094 0.983312 0.557065
6 0.487751 0.490203 0.963006 0.543621
64 0.497514 0.511442 0.973159 0.608696
15 0.490094 0.466748 0.945823 0.460097
71 0.50181 0.483481 0.984874 0.514731
2 0.492047 0.502288 0.971597 0.594966
4 0.492047 0.502288 0.971597 0.594966
65 0.492047 0.502288 0.971597 0.594966
62 0.492047 0.502288 0.971597 0.594966
58 0.505324 0.48913 0.973159 0.533181
57 0.49439 0.505792 0.971597 0.585669
44 0.492047 0.502288 0.971597 0.594966
52 0.492047 0.502288 0.971597 0.594966
3 0.505324 0.48913 0.973159 0.533181
69 0.492047 0.502288 0.971597 0.594966
22 0.492047 0.502288 0.971597 0.594966
35 0.492047 0.502288 0.971597 0.594966
5 0.503372 0.494351 0.977064 0.535326
66 0.492047 0.502288 0.971597 0.594966
10 0.505324 0.48913 0.973159 0.533181
7 0.492047 0.502288 0.971597 0.594966
39 0.49439 0.505792 0.971597 0.585669
68 0.505715 0.489989 0.975502 0.536041
60 0.492047 0.502288 0.971597 0.594966
41 0.492047 0.502288 0.971597 0.594966
34 0.505324 0.48913 0.973159 0.533181
23 0.503372 0.494351 0.977064 0.535326
8 0.492047 0.502288 0.971597 0.594966
6 0.490875 0.492277 0.97394 0.608124
20 0.492047 0.502288 0.971597 0.594966
45 0.49439 0.505792 0.971597 0.585669
31 0.490875 0.492277 0.97394 0.608124
67 0.490875 0.492277 0.97394 0.608124
29 0.490875 0.492277 0.97394 0.608124
1 0.505715 0.489989 0.975502 0.536041
56 0.492047 0.502288 0.971597 0.594966
28 0.503372 0.494351 0.977064 0.535326
54 0.493609 0.462243 0.971597 0.680778
0 0.500638 0.487414 0.952852 0.636156
72 0.492047 0.502288 0.971597 0.594966
32 0.503372 0.494351 0.977064 0.535326
21 0.493218 0.504005 0.969254 0.59611
36 0.490875 0.492277 0.97394 0.608124
33 0.492047 0.502288 0.971597 0.594966
59 0.490875 0.492277 0.97394 0.608124
68 0.497514 0.388444 0.974721 0.776888
49 0.502591 0.487343 0.975502 0.548198
10 0.497514 0.388444 0.974721 0.776888
4 0.499857 0.514946 0.971597 0.573084
2 0.499857 0.514946 0.971597 0.573084
31 0.500638 0.499428 0.973159 0.589245
23 0.492047 0.506293 0.968473 0.561785
57 0.499857 0.514946 0.971597 0.573084
68 0.490485 0.506007 0.970035 0.574943
69 0.499857 0.514946 0.971597 0.573084
52 0.499857 0.514946 0.971597 0.573084
65 0.499857 0.514946 0.971597 0.573084
7 0.499857 0.514946 0.971597 0.573084
29 0.490485 0.506007 0.970035 0.574943
60 0.499857 0.514946 0.971597 0.573084
22 0.499857 0.514946 0.971597 0.573084
44 0.499857 0.514946 0.971597 0.573084
34 0.491266 0.519165 0.968473 0.572655
8 0.499857 0.514946 0.971597 0.573084
58 0.504934 0.491991 0.983312 0.517163
20 0.499857 0.514946 0.971597 0.573084
66 0.499857 0.514946 0.971597 0.573084
67 0.490485 0.506007 0.970035 0.574943
35 0.499857 0.514946 0.971597 0.573084
62 0.499857 0.514946 0.971597 0.573084
10 0.490485 0.506007 0.970035 0.574943
6 0.500638 0.499428 0.973159 0.589245
39 0.496342 0.510011 0.969254 0.578375
1 0.490485 0.506007 0.970035 0.574943
3 0.504934 0.491991 0.983312 0.517163
45 0.499857 0.514946 0.971597 0.573084
0 0.497514 0.506007 0.979407 0.590961
59 0.490485 0.506007 0.970035 0.574943
54 0.500638 0.499428 0.973159 0.589245
33 0.499857 0.514946 0.971597 0.573084
36 0.500638 0.499428 0.973159 0.589245
5 0.496342 0.510011 0.969254 0.578375
28 0.496342 0.510011 0.969254 0.578375
56 0.491266 0.519165 0.968473 0.572655
21 0.496342 0.510011 0.969254 0.578375
30 0.500638 0.499428 0.973159 0.589245
32 0.492047 0.506293 0.968473 0.561785
41 0.499857 0.514946 0.971597 0.573084
61 0.496342 0.510011 0.969254 0.578375
72 0.491266 0.519165 0.968473 0.572655
4 0.497514 0.509225 0.976283 0.569651
2 0.497514 0.509225 0.976283 0.569651
65 0.497514 0.509225 0.976283 0.569651
44 0.497514 0.509225 0.976283 0.569651
7 0.497514 0.509225 0.976283 0.569651
52 0.492047 0.507151 0.971597 0.546339
66 0.497514 0.509225 0.976283 0.569651
22 0.497514 0.509225 0.976283 0.569651
39 0.497514 0.509725 0.973159 0.578947
28 0.492047 0.507151 0.971597 0.546339
34 0.499857 0.493636 0.977845 0.511585
62 0.492047 0.507151 0.971597 0.546339
54 0.497514 0.509225 0.976283 0.569651
20 0.497514 0.509225 0.976283 0.569651
10 0.492047 0.507151 0.971597 0.546339
45 0.497514 0.509225 0.976283 0.569651
0 0.504153 0.509439 0.963006 0.58524
69 0.497514 0.509225 0.976283 0.569651
57 0.497514 0.509225 0.976283 0.569651
1 0.490875 0.5 0.970816 0.542334
5 0.497514 0.509725 0.973159 0.578947
23 0.492828 0.499499 0.970035 0.539903
8 0.497514 0.509725 0.973159 0.578947
29 0.495952 0.500858 0.976283 0.593249
60 0.497514 0.509225 0.976283 0.569651
35 0.504153 0.509439 0.963006 0.58524
31 0.495952 0.500858 0.976283 0.593249
21 0.497514 0.509725 0.973159 0.578947
56 0.497514 0.509225 0.976283 0.569651
68 0.490875 0.5 0.970816 0.542334
3 0.490875 0.5 0.970816 0.542334
6 0.495952 0.500858 0.976283 0.593249
32 0.497514 0.509225 0.976283 0.569651
33 0.497514 0.509225 0.976283 0.569651
36 0.495952 0.500858 0.976283 0.593249
67 0.495952 0.500858 0.976283 0.593249
30 0.495952 0.500858 0.976283 0.593249
59 0.490875 0.5 0.970816 0.542334
58 0.497514 0.493421 0.970035 0.512014
61 0.497514 0.509725 0.973159 0.578947
41 0.492047 0.507151 0.971597 0.546339
4 0.499466 0.48627 0.959882 0.606407
34 0.495952 0.490775 0.970035 0.582523
65 0.498295 0.488844 0.959101 0.605835
28 0.495952 0.490775 0.970035 0.582523
29 0.498295 0.488844 0.959101 0.605835
8 0.499466 0.48627 0.959882 0.606407
21 0.499466 0.48627 0.959882 0.606407
45 0.499466 0.48627 0.959882 0.606407
10 0.495952 0.490775 0.970035 0.582523
7 0.499466 0.48627 0.959882 0.606407
44 0.499466 0.48627 0.959882 0.606407
20 0.498295 0.488844 0.959101 0.605835
39 0.500638 0.491419 0.957539 0.60984
35 0.499466 0.48627 0.959882 0.606407
66 0.499466 0.48627 0.959882 0.606407
5 0.495952 0.490775 0.970035 0.582523
22 0.495952 0.490775 0.970035 0.582523
52 0.495952 0.490775 0.970035 0.582523
54 0.499466 0.48627 0.959882 0.606407
30 0.498295 0.488844 0.959101 0.605835
62 0.498295 0.488844 0.959101 0.605835
57 0.500638 0.491419 0.957539 0.60984
31 0.498295 0.488844 0.959101 0.605835
61 0.500638 0.491419 0.957539 0.60984
3 0.498295 0.488844 0.959101 0.605835
2 0.499466 0.48627 0.959882 0.606407
60 0.499466 0.48627 0.959882 0.606407
36 0.498295 0.488844 0.959101 0.605835
6 0.498295 0.488844 0.959101 0.605835
32 0.499466 0.48627 0.959882 0.606407
23 0.495952 0.490775 0.970035 0.582523
0 0.499466 0.48627 0.959882 0.606407
68 0.498295 0.488844 0.959101 0.605835
67 0.498295 0.488844 0.959101 0.605835
69 0.495952 0.490775 0.970035 0.582523
56 0.499466 0.48627 0.959882 0.606407
1 0.498295 0.488844 0.959101 0.605835
33 0.499466 0.48627 0.959882 0.606407
59 0.498295 0.488844 0.959101 0.605835
2 0.500638 0.494279 0.952852 0.597254
52 0.492828 0.497712 0.960663 0.584668
4 0.500248 0.500858 0.955195 0.597826
0 0.500638 0.494279 0.952852 0.597254
22 0.500638 0.494279 0.952852 0.597254
10 0.492828 0.497712 0.960663 0.584668
28 0.492828 0.497712 0.960663 0.584668
5 0.492828 0.497712 0.960663 0.584668
65 0.500248 0.500858 0.955195 0.597826
69 0.492828 0.497712 0.960663 0.584668
34 0.492828 0.497712 0.960663 0.584668
62 0.500638 0.494279 0.952852 0.597254
7 0.500638 0.494279 0.952852 0.597254
60 0.500638 0.494279 0.952852 0.597254
56 0.500638 0.494279 0.952852 0.597254
39 0.501029 0.488558 0.953633 0.615561
57 0.492828 0.497712 0.960663 0.584668
44 0.492828 0.497712 0.960663 0.584668
35 0.500638 0.494279 0.952852 0.597254
45 0.500638 0.494279 0.952852 0.597254
3 0.500248 0.500858 0.955195 0.597826
23 0.492828 0.497712 0.960663 0.584668
31 0.500248 0.500858 0.955195 0.597826
6 0.500248 0.500858 0.955195 0.597826
1 0.500248 0.500858 0.955195 0.597826
21 0.500638 0.494279 0.952852 0.597254
29 0.500248 0.500858 0.955195 0.597826
32 0.500638 0.494279 0.952852 0.597254
8 0.501029 0.488558 0.953633 0.615561
36 0.500248 0.500858 0.955195 0.597826
54 0.500638 0.494279 0.952852 0.597254
20 0.500248 0.500858 0.955195 0.597826
66 0.500638 0.494279 0.952852 0.597254
67 0.500248 0.500858 0.955195 0.597826
58 0.492828 0.497712 0.960663 0.584668
68 0.500248 0.500858 0.955195 0.597826
33 0.492828 0.497712 0.960663 0.584668
61 0.501029 0.488558 0.953633 0.615561
59 0.500248 0.500858 0.955195 0.597826
30 0.500248 0.500858 0.955195 0.597826
2 0.50181 0.490275 0.948947 0.62357
65 0.50181 0.490275 0.948947 0.62357
4 0.497514 0.496854 0.957539 0.617277
34 0.497514 0.496854 0.957539 0.617277
52 0.497514 0.496854 0.957539 0.617277
62 0.50181 0.490275 0.948947 0.62357
22 0.497514 0.496854 0.957539 0.617277
39 0.5022 0.489416 0.95129 0.621854
28 0.497514 0.496854 0.957539 0.617277
60 0.497514 0.496854 0.957539 0.617277
35 0.50181 0.490275 0.948947 0.62357
45 0.50181 0.490275 0.948947 0.62357
57 0.497514 0.496854 0.957539 0.617277
21 0.50181 0.490275 0.948947 0.62357
10 0.497514 0.496854 0.957539 0.617277
7 0.50181 0.490275 0.948947 0.62357
20 0.50181 0.492563 0.947385 0.630435
5 0.5022 0.489416 0.95129 0.621854
44 0.497514 0.496854 0.957539 0.617277
0 0.50181 0.490275 0.948947 0.62357
31 0.497514 0.492849 0.957539 0.628719
56 0.497514 0.496854 0.957539 0.617277
23 0.497514 0.496854 0.957539 0.617277
29 0.501419 0.509725 0.957539 0.576659
8 0.5022 0.489416 0.95129 0.621854
66 0.501419 0.509725 0.957539 0.576659
69 0.497514 0.496854 0.957539 0.617277
3 0.50181 0.492563 0.947385 0.630435
6 0.50181 0.492563 0.947385 0.630435
68 0.497514 0.496854 0.957539 0.617277
33 0.50181 0.490275 0.948947 0.62357
1 0.499076 0.492563 0.954414 0.588101
36 0.50181 0.492563 0.947385 0.630435
32 0.50181 0.490275 0.948947 0.62357
67 0.497514 0.496854 0.957539 0.617277
65 0.495952 0.507151 0.946604 0.569222
34 0.495952 0.507151 0.946604 0.569222
44 0.495952 0.507151 0.946604 0.569222
4 0.495952 0.507151 0.946604 0.569222
62 0.495952 0.507151 0.946604 0.569222
45 0.497514 0.509725 0.948166 0.575515
35 0.497514 0.509725 0.948166 0.575515
29 0.492828 0.520023 0.963787 0.552632
2 0.495952 0.507151 0.946604 0.569222
21 0.495952 0.507151 0.946604 0.569222
8 0.497514 0.509725 0.948166 0.575515
36 0.495952 0.503361 0.945042 0.581379
20 0.495952 0.507151 0.946604 0.569222
66 0.497514 0.509725 0.948166 0.575515
28 0.495952 0.507151 0.946604 0.569222
31 0.495952 0.503361 0.945042 0.581379
57 0.495952 0.507151 0.946604 0.569222
39 0.50181 0.505077 0.942699 0.580235
52 0.495952 0.507151 0.946604 0.569222
23 0.495952 0.507151 0.946604 0.569222
30 0.497514 0.509725 0.948166 0.575515
10 0.495952 0.507151 0.946604 0.569222
56 0.495952 0.507151 0.946604 0.569222
60 0.495952 0.507151 0.946604 0.569222
33 0.495952 0.507151 0.946604 0.569222
54 0.497514 0.509725 0.948166 0.575515
61 0.50181 0.505077 0.942699 0.580235
5 0.495952 0.507151 0.946604 0.569222
65 0.632534 0.51373 0.687499 0.564073
22 0.495952 0.507151 0.946604 0.569222
68 0.495952 0.507151 0.946604 0.569222
7 0.495952 0.507151 0.946604 0.569222
32 0.495171 0.513158 0.95129 0.573227
62 0.632534 0.51373 0.687499 0.564073
0 0.495952 0.507151 0.946604 0.569222
44 0.632534 0.51373 0.687499 0.564073
6 0.495171 0.513158 0.95129 0.573227
65 0.496342 0.499142 0.944261 0.593249
34 0.496342 0.499142 0.944261 0.593249
62 0.496342 0.499142 0.944261 0.593249
21 0.496342 0.499142 0.944261 0.593249
4 0.496342 0.499142 0.944261 0.593249
35 0.496342 0.499142 0.944261 0.593249
44 0.49478 0.499428 0.947385 0.59611
29 0.49478 0.499428 0.947385 0.59611
28 0.496342 0.499142 0.944261 0.593249
45 0.496733 0.488272 0.946604 0.622998
10 0.496342 0.499142 0.944261 0.593249
52 0.496342 0.499142 0.944261 0.593249
36 0.504153 0.516018 0.923954 0.562929
60 0.496342 0.499142 0.944261 0.593249
2 0.496342 0.499142 0.944261 0.593249
20 0.496733 0.467105 0.945042 0.674485
65 0.496733 0.409611 0.945042 0.819222
57 0.496342 0.499142 0.944261 0.593249
8 0.496733 0.488272 0.946604 0.622998
33 0.496342 0.499142 0.944261 0.593249
23 0.496342 0.499142 0.944261 0.593249
30 0.496733 0.467105 0.945042 0.674485
56 0.496342 0.499142 0.944261 0.593249
22 0.496342 0.499142 0.944261 0.593249
31 0.496733 0.486842 0.94348 0.632723
54 0.496342 0.499142 0.944261 0.593249
39 0.496342 0.499142 0.944261 0.593249
0 0.496342 0.499142 0.944261 0.593249
5 0.496342 0.499142 0.944261 0.593249
61 0.496342 0.499142 0.944261 0.593249
7 0.496342 0.499142 0.944261 0.593249
34 0.496733 0.409611 0.945042 0.819222
66 0.49478 0.499428 0.947385 0.59611
65 0.496342 0.511442 0.956758 0.553776
20 0.497514 0.51087 0.954414 0.55492
35 0.496342 0.511442 0.956758 0.553776
44 0.496342 0.511442 0.956758 0.553776
45 0.495952 0.511513 0.954414 0.56393
66 0.495952 0.511513 0.954414 0.56393
2 0.496342 0.511442 0.956758 0.553776
62 0.496342 0.511442 0.956758 0.553776
39 0.497514 0.51087 0.954414 0.55492
34 0.496342 0.511442 0.956758 0.553776
30 0.496342 0.511442 0.956758 0.553776
4 0.496342 0.511442 0.956758 0.553776
29 0.485408 0.524886 0.970816 0.536041
21 0.496342 0.511442 0.956758 0.553776
8 0.496342 0.511442 0.956758 0.553776
60 0.496342 0.511442 0.956758 0.553776
36 0.497514 0.510011 0.952852 0.54405
33 0.496342 0.511442 0.956758 0.553776
57 0.497514 0.510011 0.952852 0.54405
7 0.496342 0.511442 0.956758 0.553776
31 0.496342 0.511442 0.956758 0.553776
22 0.496342 0.511442 0.956758 0.553776
28 0.496342 0.511442 0.956758 0.553776
6 0.497514 0.510011 0.952852 0.54405
54 0.496342 0.511442 0.956758 0.553776
56 0.496342 0.511442 0.956758 0.553776
23 0.495952 0.511513 0.954414 0.56393
32 0.497514 0.510011 0.952852 0.54405
5 0.496342 0.511442 0.956758 0.553776
67 0.497514 0.510011 0.952852 0.54405
1 0.497514 0.51087 0.954414 0.55492
69 0.496342 0.511442 0.956758 0.553776
3 0.495171 0.512872 0.957539 0.560069
52 0.497514 0.510011 0.952852 0.54405
0 0.497514 0.510011 0.952852 0.54405
10 0.496342 0.511442 0.956758 0.553776
65 0.492047 0.408467 0.949728 0.816934
65 0.493999 0.505149 0.956758 0.574371
62 0.493999 0.505149 0.956758 0.574371
34 0.493999 0.505149 0.956758 0.574371
44 0.493999 0.505149 0.956758 0.574371
20 0.493999 0.505149 0.956758 0.574371
35 0.493999 0.505149 0.956758 0.574371
60 0.493999 0.505149 0.956758 0.574371
22 0.493999 0.505149 0.956758 0.574371
4 0.493999 0.505149 0.956758 0.574371
2 0.493999 0.505149 0.956758 0.574371
30 0.493999 0.505149 0.956758 0.574371
39 0.493999 0.505149 0.956758 0.574371
28 0.493999 0.505149 0.956758 0.574371
66 0.498295 0.507509 0.952852 0.576516
52 0.49439 0.504005 0.95129 0.561785
31 0.49439 0.498856 0.957539 0.574371
21 0.493999 0.505149 0.956758 0.574371
10 0.493999 0.505149 0.956758 0.574371
45 0.498295 0.507509 0.952852 0.576516
8 0.493999 0.505149 0.956758 0.574371
29 0.486189 0.515732 0.972378 0.555492
56 0.493999 0.505149 0.956758 0.574371
36 0.49439 0.498856 0.957539 0.574371
23 0.493999 0.505149 0.956758 0.574371
33 0.493999 0.505149 0.956758 0.574371
54 0.493999 0.505149 0.956758 0.574371
67 0.493999 0.505149 0.956758 0.574371
69 0.493999 0.505149 0.956758 0.574371
57 0.493999 0.505149 0.956758 0.574371
0 0.493999 0.505149 0.956758 0.574371
5 0.49439 0.498856 0.957539 0.574371
61 0.493999 0.505149 0.956758 0.574371
7 0.493999 0.505149 0.956758 0.574371
65 0.497904 0.5123 0.950509 0.564645
62 0.497904 0.5123 0.950509 0.564645
20 0.490094 0.510584 0.969254 0.569222
2 0.497514 0.508295 0.949728 0.570366
34 0.497904 0.5123 0.950509 0.564645
44 0.497904 0.5123 0.950509 0.564645
22 0.497904 0.5123 0.950509 0.564645
60 0.497904 0.5123 0.950509 0.564645
35 0.497904 0.5123 0.950509 0.564645
66 0.498295 0.510297 0.946604 0.574371
31 0.497514 0.508295 0.949728 0.570366
29 0.490094 0.510584 0.969254 0.569222
4 0.497904 0.5123 0.950509 0.564645
54 0.497904 0.5123 0.950509 0.564645
39 0.497904 0.5123 0.950509 0.564645
30 0.497123 0.497426 0.947385 0.602403
45 0.498295 0.510297 0.946604 0.574371
28 0.497904 0.5123 0.950509 0.564645
36 0.497514 0.508295 0.949728 0.570366
0 0.497904 0.5123 0.950509 0.564645
65 0.495171 0.410183 0.949728 0.820366
21 0.497123 0.497426 0.947385 0.602403
23 0.497514 0.508295 0.949728 0.570366
56 0.497904 0.5123 0.950509 0.564645
8 0.497904 0.5123 0.950509 0.564645
52 0.496733 0.511442 0.95129 0.552632
5 0.497514 0.508295 0.949728 0.570366
7 0.490094 0.510584 0.969254 0.569222
57 0.497514 0.508295 0.949728 0.570366
33 0.497904 0.5123 0.950509 0.564645
6 0.497123 0.497426 0.947385 0.602403
69 0.498685 0.506937 0.952071 0.569651
67 0.496733 0.511442 0.95129 0.552632
32 0.497514 0.508295 0.949728 0.570366
62 0.495171 0.410183 0.949728 0.820366
20 0.495171 0.410183 0.949728 0.820366
