22 0.457586 0.552083 0.915173 0.274306
4 0.553242 0.49537 0.870664 0.390046
2 0.514589 0.494792 0.927667 0.384259
57 0.51537 0.496528 0.924543 0.386574
72 0.506 0.495949 0.968272 0.37963
22 0.553242 0.49537 0.870664 0.390046
41 0.470861 0.538484 0.941722 0.300347
39 0.553242 0.49537 0.870664 0.390046
60 0.51537 0.49537 0.927667 0.384259
67 0.479451 0.473958 0.958901 0.429398
10 0.507171 0.495949 0.962806 0.37963
62 0.470861 0.538484 0.941722 0.300347
4 0.482574 0.541667 0.955778 0.293981
44 0.553242 0.49537 0.870664 0.390046
35 0.479451 0.473958 0.958901 0.429398
46 0.553242 0.49537 0.870664 0.390046
49 0.413077 0.470775 0.819907 0.445023
8 0.514589 0.494792 0.927667 0.384259
34 0.498191 0.460648 0.955778 0.456019
60 0.457586 0.552083 0.915173 0.274306
46 0.700045 0.485532 0.575497 0.376157
72 0.446264 0.547164 0.887843 0.287616
62 0.488821 0.454861 0.977642 0.471065
36 0.514589 0.494792 0.927667 0.384259
2 0.446264 0.547164 0.887843 0.287616
50 0.514589 0.494792 0.927667 0.384259
57 0.446264 0.547164 0.887843 0.287616
23 0.514589 0.494792 0.927667 0.384259
41 0.553242 0.49537 0.870664 0.390046
29 0.488821 0.454861 0.977642 0.471065
65 0.482574 0.541667 0.955778 0.293981
4 0.700045 0.485532 0.575497 0.376157
5 0.457586 0.552083 0.915173 0.274306
20 0.476327 0.551794 0.947969 0.277199
26 0.491164 0.447266 0.947969 0.482784
49 0.514589 0.494792 0.927667 0.384259
65 0.486869 0.46441 0.964367 0.448495
40 0.413077 0.470775 0.819907 0.445023
21 0.506 0.495949 0.968272 0.37963
22 0.700045 0.485532 0.575497 0.376157
29 0.446264 0.547164 0.887843 0.287616
70 0.465005 0.484303 0.925324 0.415654
64 0.488821 0.454861 0.977642 0.471065
46 0.470861 0.538484 0.941722 0.300347
57 0.729327 0.497106 0.521617 0.400463
45 0.506 0.495949 0.968272 0.37963
1 0.446264 0.547164 0.887843 0.287616
20 0.503657 0.495949 0.969833 0.37963
56 0.507171 0.495949 0.962806 0.37963
2 0.413077 0.470775 0.819907 0.445023
49 0.236992 0.478299 0.464614 0.425347
40 0.51537 0.49537 0.927667 0.384259
66 0.457586 0.552083 0.915173 0.274306
39 0.700045 0.485532 0.575497 0.376157
3 0.507171 0.495949 0.962806 0.37963
67 0.691846 0.488426 0.590333 0.376157
41 0.354903 0.550926 0.701997 0.275463
4 0.413077 0.470775 0.819907 0.445023
72 0.700045 0.485532 0.575497 0.376157
60 0.691846 0.488426 0.590333 0.376157
37 0.446264 0.547164 0.887843 0.287616
2 0.491554 0.446832 0.973738 0.474392
62 0.491944 0.440683 0.974519 0.489005
4 0.491944 0.440683 0.974519 0.489005
44 0.491944 0.440683 0.974519 0.489005
57 0.491944 0.440683 0.974519 0.489005
72 0.491944 0.440683 0.974519 0.489005
69 0.491944 0.440683 0.974519 0.489005
10 0.479451 0.427951 0.958901 0.51794
67 0.491944 0.440683 0.974519 0.489005
3 0.46071 0.449074 0.915173 0.476852
65 0.491944 0.440683 0.974519 0.489005
60 0.491944 0.440683 0.974519 0.489005
22 0.491554 0.446832 0.973738 0.474392
58 0.458367 0.463614 0.910488 0.446615
35 0.491944 0.440683 0.974519 0.489005
20 0.491944 0.440683 0.974519 0.489005
29 0.488821 0.440683 0.974519 0.493634
41 0.482574 0.441551 0.963587 0.488426
66 0.491554 0.446832 0.973738 0.474392
8 0.491944 0.440683 0.974519 0.489005
30 0.491554 0.430266 0.975299 0.510995
33 0.491554 0.446832 0.973738 0.474392
45 0.488821 0.44647 0.972957 0.483218
52 0.491944 0.440683 0.974519 0.489005
36 0.491554 0.446832 0.973738 0.474392
6 0.490383 0.431713 0.974519 0.509259
64 0.488821 0.440683 0.974519 0.493634
56 0.482965 0.456525 0.962806 0.455006
1 0.466566 0.430266 0.928448 0.519097
7 0.482574 0.441551 0.963587 0.488426
39 0.491554 0.446832 0.973738 0.474392
5 0.482965 0.456525 0.962806 0.455006
68 0.479451 0.427951 0.958901 0.51794
59 0.491554 0.430266 0.975299 0.510995
31 0.491944 0.440683 0.974519 0.489005
23 0.491554 0.430266 0.975299 0.510995
40 0.488821 0.440683 0.974519 0.493634
21 0.504438 0.49537 0.960463 0.381944
32 0.504438 0.49537 0.960463 0.381944
46 0.491554 0.446832 0.973738 0.474392
2 0.489602 0.409216 0.968272 0.56004
62 0.489602 0.409216 0.968272 0.56004
65 0.489602 0.409216 0.968272 0.56004
35 0.489602 0.409216 0.968272 0.56004
44 0.494287 0.405165 0.972957 0.565828
20 0.494287 0.405165 0.972957 0.565828
66 0.494287 0.405165 0.972957 0.565828
69 0.494287 0.405165 0.972957 0.565828
33 0.493897 0.407407 0.976861 0.5625
29 0.489602 0.409216 0.968272 0.56004
67 0.499753 0.411965 0.977642 0.547598
8 0.494287 0.405165 0.972957 0.565828
4 0.489602 0.409216 0.968272 0.56004
6 0.489992 0.419271 0.965929 0.531829
30 0.499753 0.411965 0.977642 0.547598
60 0.489602 0.409216 0.968272 0.56004
39 0.493897 0.407407 0.976861 0.5625
45 0.489602 0.418403 0.968272 0.545139
36 0.494287 0.405165 0.972957 0.565828
57 0.489602 0.409216 0.968272 0.56004
62 0.507562 0.496817 0.951093 0.38831
5 0.493897 0.407407 0.976861 0.5625
66 0.507562 0.496817 0.951093 0.38831
54 0.489602 0.409216 0.968272 0.56004
2 0.507562 0.496817 0.951093 0.38831
22 0.494287 0.405165 0.972957 0.565828
32 0.493897 0.407407 0.976861 0.5625
60 0.507562 0.496817 0.951093 0.38831
33 0.507562 0.496817 0.951093 0.38831
8 0.510295 0.49566 0.94875 0.39294
23 0.490773 0.412037 0.973738 0.556713
10 0.486478 0.403935 0.968272 0.571759
44 0.510295 0.49566 0.94875 0.39294
69 0.507562 0.496817 0.951093 0.38831
72 0.494287 0.405165 0.972957 0.565828
1 0.486478 0.403935 0.968272 0.571759
56 0.493897 0.407407 0.976861 0.5625
6 0.507562 0.496817 0.951093 0.38831
31 0.499753 0.411965 0.977642 0.547598
67 0.520836 0.497106 0.929228 0.390046
54 0.507562 0.496817 0.951093 0.38831
41 0.494287 0.405165 0.972957 0.565828
61 0.490773 0.412037 0.973738 0.556713
35 0.507562 0.496817 0.951093 0.38831
45 0.510295 0.49566 0.94875 0.39294
58 0.466957 0.415799 0.922982 0.552662
21 0.510295 0.49566 0.94875 0.39294
57 0.530988 0.496528 0.915173 0.396991
4 0.510295 0.49566 0.94875 0.39294
3 0.486478 0.403935 0.968272 0.571759
0 0.507562 0.496817 0.951093 0.38831
29 0.507562 0.496817 0.951093 0.38831
32 0.510295 0.49566 0.94875 0.39294
40 0.489602 0.409216 0.968272 0.56004
68 0.486478 0.403935 0.968272 0.571759
39 0.48804 0.490741 0.96671 0.400463
7 0.489602 0.409216 0.968272 0.56004
36 0.507562 0.496817 0.951093 0.38831
10 0.48804 0.490741 0.96671 0.400463
22 0.48804 0.490741 0.96671 0.400463
5 0.48804 0.490741 0.96671 0.400463
20 0.507562 0.496817 0.951093 0.38831
40 0.520836 0.497106 0.929228 0.390046
34 0.485698 0.407118 0.965148 0.566551
21 0.489602 0.418403 0.968272 0.545139
28 0.490773 0.412037 0.973738 0.556713
65 0.510295 0.49566 0.94875 0.39294
0 0.489602 0.409216 0.968272 0.56004
3 0.48804 0.490741 0.96671 0.400463
41 0.507562 0.496817 0.951093 0.38831
52 0.495458 0.412543 0.95812 0.554543
61 0.510295 0.49566 0.94875 0.39294
29 0.495068 0.443793 0.968272 0.487413
54 0.490383 0.493345 0.96671 0.394097
44 0.489602 0.442781 0.971395 0.484809
66 0.507952 0.495949 0.954997 0.390046
57 0.489602 0.442781 0.971395 0.484809
20 0.489602 0.440104 0.96671 0.49132
8 0.489602 0.442781 0.971395 0.484809
45 0.493506 0.447917 0.968272 0.478009
62 0.489602 0.440104 0.96671 0.49132
65 0.489602 0.440104 0.96671 0.49132
4 0.495068 0.443793 0.968272 0.487413
67 0.489602 0.440104 0.96671 0.49132
30 0.489992 0.436415 0.964367 0.50217
33 0.489602 0.442781 0.971395 0.484809
23 0.491944 0.442708 0.977642 0.482639
35 0.495068 0.443793 0.968272 0.487413
6 0.507952 0.495949 0.954997 0.390046
22 0.489602 0.442781 0.971395 0.484809
2 0.489602 0.440104 0.96671 0.49132
5 0.491944 0.442708 0.977642 0.482639
28 0.498191 0.480613 0.962025 0.416088
10 0.491944 0.442708 0.977642 0.482639
7 0.489602 0.440104 0.96671 0.49132
31 0.489992 0.436415 0.964367 0.50217
39 0.489602 0.442781 0.971395 0.484809
60 0.489602 0.440104 0.96671 0.49132
32 0.488821 0.488426 0.962025 0.40162
69 0.500534 0.481481 0.960463 0.416667
68 0.489211 0.431785 0.972176 0.513744
34 0.500534 0.481481 0.960463 0.416667
21 0.488821 0.488426 0.962025 0.40162
36 0.495068 0.443793 0.968272 0.487413
61 0.488821 0.490162 0.940161 0.396991
56 0.489602 0.442781 0.971395 0.484809
3 0.488821 0.436632 0.971395 0.497107
41 0.500534 0.481481 0.960463 0.416667
52 0.495068 0.443793 0.968272 0.487413
72 0.489602 0.440104 0.96671 0.49132
1 0.481012 0.433738 0.955778 0.506366
0 0.507952 0.495949 0.954997 0.390046
59 0.489992 0.436415 0.964367 0.50217
40 0.507952 0.495949 0.954997 0.390046
58 0.485307 0.4511 0.962806 0.468171
54 0.495068 0.449074 0.971395 0.481482
66 0.494287 0.44741 0.97608 0.482494
44 0.495068 0.449074 0.971395 0.481482
57 0.494287 0.44741 0.97608 0.482494
2 0.495068 0.449074 0.971395 0.481482
29 0.498582 0.452836 0.979985 0.473958
45 0.494287 0.44741 0.97608 0.482494
4 0.495068 0.449074 0.971395 0.481482
8 0.494287 0.44741 0.97608 0.482494
20 0.494287 0.44741 0.97608 0.482494
5 0.49663 0.447049 0.987012 0.480903
30 0.494287 0.458333 0.963587 0.465278
39 0.494287 0.44741 0.97608 0.482494
62 0.495068 0.449074 0.971395 0.481482
22 0.494287 0.44741 0.97608 0.482494
67 0.494287 0.458333 0.963587 0.465278
28 0.49663 0.447049 0.987012 0.480903
35 0.495068 0.449074 0.971395 0.481482
60 0.495068 0.449074 0.971395 0.481482
7 0.495068 0.449074 0.971395 0.481482
56 0.494287 0.44741 0.97608 0.482494
6 0.494287 0.458333 0.963587 0.465278
10 0.49663 0.447049 0.987012 0.480903
32 0.495068 0.449074 0.971395 0.481482
65 0.495068 0.449074 0.971395 0.481482
69 0.495068 0.449074 0.971395 0.481482
33 0.494287 0.44741 0.97608 0.482494
31 0.494287 0.458333 0.963587 0.465278
23 0.494287 0.44741 0.97608 0.482494
21 0.499753 0.493056 0.980765 0.395833
3 0.49663 0.448568 0.980765 0.482494
36 0.494287 0.458333 0.963587 0.465278
0 0.495068 0.449074 0.971395 0.481482
1 0.481793 0.45544 0.962025 0.471065
34 0.49663 0.448568 0.980765 0.482494
52 0.495068 0.449074 0.971395 0.481482
68 0.491554 0.45884 0.972176 0.46658
58 0.491554 0.45884 0.972176 0.46658
61 0.49663 0.447049 0.987012 0.480903
72 0.495068 0.449074 0.971395 0.481482
54 0.693407 0.493345 0.59658 0.39294
41 0.498972 0.453631 0.980765 0.472367
29 0.502877 0.49132 0.972957 0.40162
54 0.502486 0.495081 0.983108 0.391782
8 0.503267 0.489294 0.973738 0.403356
67 0.502486 0.495081 0.983108 0.391782
30 0.502486 0.495081 0.983108 0.391782
6 0.502486 0.495081 0.983108 0.391782
44 0.503267 0.489294 0.973738 0.403356
45 0.503267 0.489294 0.973738 0.403356
66 0.502486 0.495081 0.983108 0.391782
20 0.49663 0.480903 0.987012 0.417824
4 0.503267 0.489294 0.973738 0.403356
57 0.503267 0.489294 0.973738 0.403356
60 0.502877 0.49132 0.972957 0.40162
31 0.502877 0.49132 0.972957 0.40162
32 0.503267 0.489294 0.973738 0.403356
35 0.502877 0.49132 0.972957 0.40162
21 0.501705 0.494213 0.983108 0.393519
69 0.502877 0.49132 0.972957 0.40162
28 0.503267 0.489294 0.973738 0.403356
10 0.502877 0.49132 0.972957 0.40162
2 0.502877 0.49132 0.972957 0.40162
39 0.503267 0.489294 0.973738 0.403356
68 0.502877 0.49132 0.972957 0.40162
7 0.495849 0.484954 0.985451 0.414352
56 0.503267 0.489294 0.973738 0.403356
52 0.502877 0.49132 0.972957 0.40162
23 0.49663 0.480903 0.987012 0.417824
62 0.502877 0.49132 0.972957 0.40162
22 0.503267 0.489294 0.973738 0.403356
36 0.502877 0.49132 0.972957 0.40162
0 0.502486 0.495081 0.983108 0.391782
34 0.502877 0.49132 0.972957 0.40162
1 0.495849 0.484954 0.985451 0.414352
3 0.495849 0.484954 0.985451 0.414352
58 0.502877 0.49132 0.972957 0.40162
33 0.502486 0.495081 0.983108 0.391782
65 0.502877 0.49132 0.972957 0.40162
5 0.48804 0.469907 0.97608 0.435185
61 0.498972 0.491898 0.97608 0.398148
72 0.488431 0.473669 0.973738 0.432292
59 0.502877 0.49132 0.972957 0.40162
69 0.505219 0.488715 0.965148 0.407986
6 0.505219 0.488715 0.965148 0.407986
44 0.492725 0.462384 0.979204 0.459491
54 0.492725 0.462384 0.979204 0.459491
30 0.505219 0.488715 0.965148 0.407986
60 0.505219 0.488715 0.965148 0.407986
20 0.492725 0.46875 0.979204 0.446759
29 0.505219 0.488715 0.965148 0.407986
67 0.505219 0.488715 0.965148 0.407986
2 0.505219 0.488715 0.965148 0.407986
57 0.505219 0.488715 0.965148 0.407986
66 0.505219 0.488715 0.965148 0.407986
35 0.505219 0.488715 0.965148 0.407986
31 0.505219 0.488715 0.965148 0.407986
56 0.492725 0.462384 0.979204 0.459491
45 0.50561 0.48669 0.962806 0.413194
4 0.505219 0.488715 0.965148 0.407986
8 0.492725 0.46875 0.979204 0.446759
23 0.492725 0.46875 0.979204 0.446759
39 0.492725 0.46875 0.979204 0.446759
7 0.492725 0.462384 0.979204 0.459491
32 0.50561 0.48669 0.962806 0.413194
10 0.492725 0.462384 0.979204 0.459491
22 0.50561 0.48669 0.962806 0.413194
28 0.492725 0.46875 0.979204 0.446759
62 0.505219 0.488715 0.965148 0.407986
68 0.505219 0.480396 0.960463 0.421152
52 0.505219 0.488715 0.965148 0.407986
0 0.505219 0.488715 0.965148 0.407986
58 0.492725 0.462384 0.979204 0.459491
5 0.492725 0.46875 0.979204 0.446759
33 0.492725 0.46875 0.979204 0.446759
1 0.492725 0.462384 0.979204 0.459491
3 0.492725 0.462384 0.979204 0.459491
36 0.491944 0.45515 0.977642 0.468171
21 0.50561 0.494213 0.975299 0.398148
65 0.505219 0.488715 0.965148 0.407986
72 0.492725 0.462384 0.979204 0.459491
34 0.492725 0.462384 0.979204 0.459491
30 0.506 0.492477 0.980765 0.392361
67 0.50639 0.478516 0.970614 0.421441
29 0.506 0.494502 0.982327 0.389468
60 0.50639 0.478516 0.970614 0.421441
31 0.50639 0.478516 0.970614 0.421441
20 0.507171 0.473958 0.967491 0.428241
69 0.50639 0.478516 0.970614 0.421441
8 0.507171 0.473958 0.967491 0.428241
57 0.507171 0.473958 0.967491 0.428241
39 0.507171 0.473958 0.967491 0.428241
44 0.507171 0.473958 0.967491 0.428241
54 0.506 0.494502 0.982327 0.389468
4 0.50639 0.478516 0.970614 0.421441
23 0.507171 0.473958 0.967491 0.428241
45 0.507171 0.473958 0.967491 0.428241
6 0.50639 0.478516 0.970614 0.421441
35 0.50639 0.478516 0.970614 0.421441
68 0.50639 0.478516 0.970614 0.421441
2 0.50639 0.478516 0.970614 0.421441
32 0.506 0.492477 0.980765 0.392361
56 0.506 0.494502 0.982327 0.389468
10 0.50639 0.478516 0.970614 0.421441
22 0.507171 0.473958 0.967491 0.428241
58 0.50639 0.478516 0.970614 0.421441
66 0.516932 0.497106 0.955778 0.385417
28 0.507171 0.473958 0.967491 0.428241
7 0.50639 0.478516 0.970614 0.421441
62 0.506 0.494502 0.982327 0.389468
21 0.506 0.492477 0.980765 0.392361
0 0.506 0.494502 0.982327 0.389468
52 0.50639 0.478516 0.970614 0.421441
65 0.506 0.492477 0.980765 0.392361
3 0.50639 0.478516 0.970614 0.421441
1 0.498972 0.445602 0.982327 0.486111
33 0.499363 0.450304 0.98467 0.474392
34 0.506 0.494502 0.982327 0.389468
36 0.506 0.476273 0.965148 0.424769
5 0.499363 0.450304 0.98467 0.474392
59 0.50639 0.478516 0.970614 0.421441
30 0.498191 0.489294 0.96671 0.397569
39 0.501315 0.484954 0.955778 0.405093
60 0.49702 0.491609 0.972176 0.394097
20 0.501315 0.484954 0.955778 0.405093
8 0.501315 0.484954 0.955778 0.405093
35 0.498191 0.489294 0.96671 0.397569
57 0.501315 0.484954 0.955778 0.405093
44 0.501315 0.484954 0.955778 0.405093
23 0.501315 0.484954 0.955778 0.405093
29 0.49702 0.491609 0.972176 0.394097
45 0.501315 0.484954 0.955778 0.405093
67 0.49702 0.491609 0.972176 0.394097
69 0.501315 0.48669 0.95734 0.402778
31 0.501315 0.48669 0.95734 0.402778
21 0.498191 0.489294 0.96671 0.397569
2 0.501315 0.48669 0.95734 0.402778
32 0.501315 0.484954 0.955778 0.405093
4 0.501315 0.484954 0.955778 0.405093
22 0.501315 0.484954 0.955778 0.405093
66 0.501315 0.484954 0.955778 0.405093
6 0.49702 0.491609 0.972176 0.394097
56 0.49702 0.491609 0.972176 0.394097
28 0.491944 0.476562 0.968272 0.420718
7 0.501315 0.48669 0.95734 0.402778
54 0.49702 0.491609 0.972176 0.394097
10 0.501315 0.48669 0.95734 0.402778
62 0.49702 0.491609 0.972176 0.394097
52 0.501315 0.48669 0.95734 0.402778
65 0.498191 0.489294 0.96671 0.397569
58 0.501315 0.48669 0.95734 0.402778
0 0.49702 0.491609 0.972176 0.394097
33 0.49702 0.491609 0.972176 0.394097
68 0.501315 0.48669 0.95734 0.402778
3 0.501315 0.48669 0.95734 0.402778
5 0.491944 0.476562 0.968272 0.420718
59 0.501315 0.48669 0.95734 0.402778
34 0.49702 0.491609 0.972176 0.394097
36 0.498191 0.489294 0.96671 0.397569
1 0.491164 0.480613 0.96671 0.411458
61 0.520056 0.491319 0.938599 0.394676
30 0.490773 0.476852 0.965929 0.413194
39 0.491164 0.472873 0.96671 0.419994
67 0.500534 0.486111 0.954216 0.398148
60 0.500534 0.486111 0.954216 0.398148
66 0.490773 0.476852 0.965929 0.413194
31 0.48804 0.473958 0.958901 0.418982
20 0.491164 0.472873 0.96671 0.419994
8 0.491164 0.472873 0.96671 0.419994
35 0.490773 0.476852 0.965929 0.413194
57 0.500534 0.483796 0.954216 0.399306
44 0.491164 0.472873 0.96671 0.419994
69 0.490773 0.476852 0.965929 0.413194
32 0.500534 0.483796 0.954216 0.399306
7 0.490773 0.476852 0.965929 0.413194
6 0.490773 0.476852 0.965929 0.413194
54 0.490773 0.476852 0.965929 0.413194
45 0.491164 0.472873 0.96671 0.419994
28 0.491164 0.472873 0.96671 0.419994
29 0.500534 0.486111 0.954216 0.398148
2 0.500534 0.486111 0.954216 0.398148
23 0.491164 0.472873 0.96671 0.419994
33 0.490773 0.476852 0.965929 0.413194
4 0.500534 0.483796 0.954216 0.399306
56 0.490773 0.476852 0.965929 0.413194
22 0.491164 0.472873 0.96671 0.419994
68 0.48804 0.473958 0.958901 0.418982
10 0.490773 0.476852 0.965929 0.413194
21 0.498191 0.491609 0.962025 0.384838
58 0.490773 0.476852 0.965929 0.413194
62 0.500534 0.486111 0.954216 0.398148
0 0.494677 0.492477 0.965929 0.387731
1 0.490773 0.476852 0.965929 0.413194
36 0.500534 0.483796 0.954216 0.399306
3 0.490773 0.476852 0.965929 0.413194
61 0.500534 0.483796 0.954216 0.399306
5 0.491164 0.472873 0.96671 0.419994
39 0.603706 0.494792 0.758805 0.388889
30 0.650558 0.494792 0.661978 0.385417
30 0.502877 0.484664 0.962025 0.398727
39 0.49663 0.474248 0.977642 0.421875
60 0.502877 0.484664 0.962025 0.398727
20 0.49663 0.474248 0.977642 0.421875
35 0.502877 0.484664 0.962025 0.398727
45 0.504438 0.483507 0.963586 0.403357
31 0.495068 0.477937 0.974519 0.408709
8 0.49663 0.474248 0.977642 0.421875
4 0.504438 0.483507 0.963586 0.403357
57 0.504438 0.483507 0.963586 0.403357
67 0.502877 0.484664 0.962025 0.398727
29 0.502096 0.491898 0.979204 0.387731
66 0.495068 0.477937 0.974519 0.408709
21 0.504438 0.483507 0.963586 0.403357
44 0.49663 0.474248 0.977642 0.421875
23 0.49663 0.474248 0.977642 0.421875
2 0.502877 0.484664 0.962025 0.398727
22 0.49663 0.474248 0.977642 0.421875
7 0.49663 0.474248 0.977642 0.421875
32 0.504438 0.483507 0.963586 0.403357
69 0.495068 0.477937 0.974519 0.408709
6 0.495068 0.477937 0.974519 0.408709
28 0.49663 0.474248 0.977642 0.421875
56 0.495068 0.477937 0.974519 0.408709
65 0.503657 0.49103 0.977642 0.390625
62 0.502877 0.484664 0.962025 0.398727
10 0.495068 0.477937 0.974519 0.408709
54 0.495068 0.477937 0.974519 0.408709
59 0.504438 0.483507 0.963586 0.403357
33 0.495068 0.477937 0.974519 0.408709
30 0.647239 0.495949 0.670177 0.385417
36 0.495068 0.477937 0.974519 0.408709
68 0.492725 0.473958 0.969833 0.407407
34 0.49663 0.474248 0.977642 0.421875
0 0.502096 0.491898 0.979204 0.387731
58 0.495068 0.477937 0.974519 0.408709
52 0.502877 0.484664 0.962025 0.398727
67 0.647239 0.495949 0.670177 0.385417
29 0.634452 0.496528 0.698873 0.386574
21 0.634452 0.496528 0.698873 0.386574
1 0.491944 0.465278 0.965148 0.429398
8 0.647239 0.495949 0.670177 0.385417
3 0.495068 0.477937 0.974519 0.408709
35 0.634452 0.496528 0.698873 0.386574
60 0.647239 0.495949 0.670177 0.385417
5 0.49663 0.474248 0.977642 0.421875
45 0.634452 0.496528 0.698873 0.386574
30 0.50561 0.484375 0.962806 0.40625
39 0.50561 0.484375 0.962806 0.40625
31 0.505219 0.485822 0.960463 0.404514
67 0.505219 0.485822 0.960463 0.404514
60 0.505219 0.485822 0.960463 0.404514
20 0.502096 0.490741 0.979204 0.395833
23 0.505219 0.485822 0.960463 0.404514
8 0.50561 0.484375 0.962806 0.40625
35 0.50561 0.484375 0.962806 0.40625
57 0.50561 0.484375 0.962806 0.40625
22 0.495458 0.480035 0.973738 0.413773
29 0.502096 0.490741 0.979204 0.395833
4 0.50561 0.484375 0.962806 0.40625
21 0.502096 0.490741 0.979204 0.395833
69 0.494677 0.482928 0.972176 0.409144
32 0.50561 0.484375 0.962806 0.40625
58 0.494677 0.482928 0.972176 0.409144
68 0.505219 0.485822 0.960463 0.404514
45 0.50561 0.484375 0.962806 0.40625
56 0.502096 0.490741 0.979204 0.395833
2 0.494677 0.482928 0.972176 0.409144
7 0.495458 0.480035 0.973738 0.413773
28 0.495458 0.480035 0.973738 0.413773
59 0.50561 0.484375 0.962806 0.40625
66 0.50561 0.484375 0.962806 0.40625
44 0.50561 0.484375 0.962806 0.40625
62 0.501315 0.49103 0.979204 0.396412
10 0.502096 0.490741 0.979204 0.395833
34 0.50561 0.484375 0.962806 0.40625
52 0.494677 0.482928 0.972176 0.409144
65 0.502096 0.490741 0.979204 0.395833
6 0.502096 0.490741 0.979204 0.395833
0 0.501315 0.49103 0.979204 0.396412
36 0.50561 0.484375 0.962806 0.40625
3 0.495458 0.480035 0.973738 0.413773
30 0.343971 0.478588 0.677009 0.417824
33 0.494677 0.482928 0.972176 0.409144
30 0.502877 0.48669 0.979204 0.398148
39 0.504438 0.475694 0.962025 0.420139
31 0.503657 0.472801 0.960463 0.427083
60 0.501705 0.486111 0.979985 0.40162
67 0.501705 0.486111 0.979985 0.40162
57 0.504438 0.475694 0.962025 0.420139
69 0.49663 0.456525 0.974519 0.459635
35 0.502877 0.48669 0.979204 0.398148
8 0.504438 0.475694 0.962025 0.420139
66 0.504438 0.475694 0.962025 0.420139
4 0.49702 0.46412 0.976861 0.443287
32 0.504438 0.475694 0.962025 0.420139
22 0.49663 0.456525 0.974519 0.459635
28 0.49702 0.46412 0.976861 0.443287
56 0.49702 0.46412 0.976861 0.443287
20 0.501705 0.486111 0.979985 0.40162
23 0.503657 0.472801 0.960463 0.427083
44 0.504438 0.475694 0.962025 0.420139
29 0.501705 0.486111 0.979985 0.40162
68 0.503657 0.472801 0.960463 0.427083
7 0.49663 0.456525 0.974519 0.459635
2 0.49663 0.456525 0.974519 0.459635
0 0.49702 0.46412 0.976861 0.443287
54 0.49663 0.456525 0.974519 0.459635
6 0.49663 0.456525 0.974519 0.459635
21 0.502877 0.48669 0.979204 0.398148
10 0.49663 0.456525 0.974519 0.459635
58 0.503657 0.472801 0.960463 0.427083
62 0.501705 0.486111 0.979985 0.40162
45 0.504438 0.475694 0.962025 0.420139
52 0.503657 0.472801 0.960463 0.427083
5 0.49702 0.46412 0.976861 0.443287
33 0.49702 0.46412 0.976861 0.443287
59 0.502877 0.48669 0.979204 0.398148
30 0.719566 0.494792 0.531769 0.387731
36 0.504438 0.475694 0.962025 0.420139
34 0.504438 0.475694 0.962025 0.420139
1 0.49702 0.46412 0.976861 0.443287
31 0.719566 0.494792 0.531769 0.387731
29 0.70512 0.493345 0.560661 0.387153
30 0.507562 0.483507 0.968272 0.403357
39 0.507562 0.483507 0.968272 0.403357
60 0.503267 0.489873 0.978423 0.391782
35 0.507562 0.483507 0.968272 0.403357
8 0.507562 0.483507 0.968272 0.403357
67 0.503267 0.489873 0.978423 0.391782
57 0.507562 0.483507 0.968272 0.403357
20 0.504438 0.49103 0.979204 0.389468
31 0.503267 0.489873 0.978423 0.391782
21 0.504438 0.49103 0.979204 0.389468
69 0.502096 0.475405 0.977642 0.418403
45 0.507562 0.483507 0.968272 0.403357
29 0.503267 0.489873 0.978423 0.391782
66 0.507562 0.483507 0.968272 0.403357
56 0.504438 0.49103 0.979204 0.389468
4 0.507562 0.483507 0.968272 0.403357
23 0.504438 0.49103 0.979204 0.389468
32 0.503267 0.489873 0.978423 0.391782
2 0.503267 0.489873 0.978423 0.391782
28 0.502096 0.475405 0.977642 0.418403
33 0.502096 0.475405 0.977642 0.418403
22 0.502877 0.479673 0.980765 0.408709
7 0.507562 0.483507 0.968272 0.403357
44 0.507562 0.483507 0.968272 0.403357
0 0.503267 0.489873 0.978423 0.391782
6 0.504438 0.49103 0.979204 0.389468
68 0.505219 0.479456 0.96671 0.416088
10 0.504438 0.49103 0.979204 0.389468
34 0.503267 0.489873 0.978423 0.391782
58 0.506 0.481771 0.969833 0.406829
59 0.504438 0.49103 0.979204 0.389468
65 0.504438 0.49103 0.979204 0.389468
62 0.504438 0.49103 0.979204 0.389468
5 0.502877 0.479673 0.980765 0.408709
