22 0.484113 0.446429 0.965107 0.471198
60 0.497366 0.446717 0.985376 0.464862
72 0.486062 0.450461 0.967446 0.467742
62 0.486062 0.450461 0.967446 0.467742
57 0.491129 0.457949 0.955753 0.457373
2 0.492688 0.456869 0.957312 0.456077
4 0.477876 0.450389 0.955753 0.472494
41 0.494247 0.446933 0.982258 0.466734
67 0.497366 0.446717 0.985376 0.464862
64 0.492688 0.456869 0.957312 0.456077
44 0.486062 0.450461 0.967446 0.467742
70 0.478266 0.44038 0.939382 0.455645
0 0.477876 0.441172 0.940161 0.460974
46 0.477876 0.450389 0.955753 0.472494
20 0.477876 0.450389 0.955753 0.472494
1 0.494247 0.446933 0.982258 0.466734
32 0.491909 0.453341 0.971344 0.465438
4 0.580779 0.548963 0.816989 0.28341
57 0.582339 0.546659 0.813871 0.28341
5 0.368542 0.435772 0.722272 0.453341
22 0.248878 0.427419 0.478266 0.435484
10 0.486452 0.452477 0.961989 0.468318
40 0.491909 0.453341 0.971344 0.465438
36 0.486452 0.452477 0.961989 0.468318
69 0.486452 0.452477 0.961989 0.468318
66 0.484113 0.446429 0.965107 0.471198
10 0.502823 0.548387 0.949516 0.282258
49 0.494247 0.445564 0.977581 0.46371
71 0.491909 0.453341 0.971344 0.465438
35 0.491909 0.453341 0.971344 0.465438
65 0.494247 0.446933 0.982258 0.466734
29 0.491909 0.453341 0.971344 0.465438
56 0.484113 0.446429 0.965107 0.471198
72 0.530887 0.548387 0.916774 0.285714
54 0.406156 0.433684 0.79672 0.445997
17 0.497366 0.446717 0.985376 0.464862
46 0.580779 0.548963 0.816989 0.28341
67 0.762809 0.547235 0.454489 0.279954
4 0.255114 0.426843 0.48918 0.432028
36 0.504382 0.548387 0.938602 0.275346
52 0.492688 0.456869 0.957312 0.456077
46 0.748777 0.547091 0.482554 0.27909
3 0.442406 0.438436 0.873898 0.460685
3 0.248878 0.427419 0.478266 0.435484
57 0.323521 0.435412 0.628333 0.452909
39 0.533226 0.545939 0.907419 0.283698
56 0.149483 0.554147 0.0413172 0.0437788
4 0.748777 0.547091 0.482554 0.27909
37 0.477876 0.441172 0.940161 0.460974
5 0.248878 0.427419 0.478266 0.435484
60 0.255114 0.426843 0.48918 0.432028
49 0.748777 0.547091 0.482554 0.27909
39 0.477876 0.450389 0.955753 0.472494
57 0.735134 0.545507 0.508279 0.281106
72 0.748777 0.547091 0.482554 0.27909
58 0.486452 0.452477 0.961989 0.468318
49 0.251996 0.432316 0.479825 0.437212
62 0.512177 0.547811 0.957312 0.285714
41 0.323521 0.435412 0.628333 0.452909
8 0.491519 0.456293 0.954973 0.461838
71 0.147728 0.552995 0.0366398 0.0437788
23 0.516075 0.546083 0.949516 0.282258
10 0.251996 0.432316 0.479825 0.437212
6 0.486452 0.452477 0.961989 0.468318
56 0.0779814 0.554723 0.0389298 0.0391705
5 0.502823 0.548387 0.949516 0.282258
8 0.530887 0.548387 0.916774 0.285714
12 0.762809 0.547235 0.454489 0.279954
34 0.504382 0.475518 0.94328 0.421083
26 0.762809 0.547235 0.454489 0.279954
41 0.512177 0.547811 0.957312 0.285714
26 0.495806 0.456509 0.946398 0.457949
49 0.604849 0.542771 0.768851 0.28773
12 0.486062 0.450461 0.967446 0.467742
33 0.495806 0.456509 0.946398 0.457949
68 0.406156 0.433684 0.79672 0.445997
14 0.484113 0.446429 0.965107 0.471198
2 0.323521 0.435412 0.628333 0.452909
62 0.748777 0.547091 0.482554 0.27909
67 0.529328 0.548963 0.923011 0.279954
70 0.251996 0.432316 0.479825 0.437212
10 0.748777 0.547091 0.482554 0.27909
71 0.596761 0.549539 0.786586 0.279954
2 0.491909 0.453629 0.949516 0.472926
67 0.490739 0.452189 0.958091 0.468894
4 0.492688 0.454421 0.955753 0.471342
3 0.493078 0.452189 0.970564 0.467742
69 0.490739 0.452189 0.958091 0.468894
8 0.490739 0.452189 0.958091 0.468894
57 0.491909 0.453629 0.949516 0.472926
58 0.475927 0.443548 0.934704 0.463134
44 0.490349 0.451325 0.955753 0.470622
62 0.491909 0.453629 0.949516 0.472926
10 0.493078 0.452189 0.970564 0.467742
60 0.490739 0.452189 0.958091 0.468894
36 0.490739 0.452189 0.958091 0.468894
29 0.490349 0.451325 0.955753 0.470622
22 0.492688 0.454421 0.955753 0.471342
6 0.490349 0.451325 0.955753 0.470622
72 0.490349 0.451325 0.955753 0.470622
66 0.492688 0.454421 0.955753 0.471342
41 0.492688 0.454421 0.955753 0.471342
7 0.493078 0.452189 0.970564 0.467742
4 0.871364 0.551699 0.240497 0.25144
56 0.492688 0.454421 0.955753 0.471342
20 0.490739 0.452189 0.958091 0.468894
5 0.493078 0.452189 0.970564 0.467742
35 0.491909 0.453629 0.949516 0.472926
30 0.490349 0.461117 0.957312 0.480991
65 0.492688 0.454421 0.955753 0.471342
31 0.490739 0.452189 0.958091 0.468894
4 0.848172 0.502304 0.286882 0.246544
39 0.487231 0.451109 0.940161 0.471054
49 0.493078 0.452189 0.970564 0.467742
1 0.493078 0.452189 0.970564 0.467742
68 0.486452 0.457085 0.963548 0.474078
32 0.490739 0.452189 0.958091 0.468894
52 0.491909 0.453629 0.949516 0.472926
58 0.852849 0.546659 0.275968 0.259217
59 0.490349 0.461117 0.957312 0.480991
34 0.472419 0.444988 0.929247 0.466014
45 0.491909 0.448229 0.943279 0.476814
4 0.836478 0.539747 0.293118 0.278802
40 0.491909 0.453629 0.949516 0.472926
64 0.498145 0.449237 0.957312 0.479407
46 0.487231 0.451109 0.940161 0.471054
56 0.898844 0.551267 0.183978 0.254608
26 0.490349 0.451325 0.955753 0.470622
71 0.491909 0.453629 0.949516 0.472926
33 0.491909 0.453629 0.949516 0.472926
2 0.902742 0.519585 0.176183 0.224654
0 0.491909 0.453629 0.949516 0.472926
2 0.852849 0.546659 0.275968 0.259217
58 0.848172 0.502304 0.286882 0.246544
58 0.898844 0.551267 0.183978 0.254608
18 0.488011 0.449021 0.966667 0.464862
2 0.491129 0.451325 0.965108 0.478687
67 0.486452 0.453917 0.963548 0.474654
58 0.497755 0.447293 0.983038 0.485599
10 0.497755 0.447293 0.983038 0.485599
4 0.493468 0.454493 0.965107 0.480415
44 0.495027 0.450749 0.968226 0.479839
29 0.486452 0.453917 0.963548 0.474654
3 0.497755 0.447293 0.983038 0.485599
62 0.493468 0.454493 0.965107 0.480415
6 0.486452 0.453917 0.963548 0.474654
5 0.497755 0.447293 0.983038 0.485599
35 0.486452 0.453917 0.963548 0.474654
8 0.486452 0.453917 0.963548 0.474654
57 0.491129 0.451325 0.965108 0.478687
65 0.493468 0.454493 0.965107 0.480415
69 0.495027 0.450749 0.968226 0.479839
60 0.491129 0.451325 0.965108 0.478687
22 0.491129 0.451325 0.965108 0.478687
36 0.493468 0.454493 0.965107 0.480415
56 0.495027 0.450749 0.968226 0.479839
30 0.48996 0.455645 0.962769 0.475806
66 0.495027 0.450749 0.968226 0.479839
39 0.493468 0.445204 0.961989 0.487471
54 0.493468 0.454493 0.965107 0.480415
23 0.495027 0.450749 0.968226 0.479839
1 0.495027 0.452765 0.980699 0.485023
32 0.495027 0.450749 0.968226 0.479839
45 0.491129 0.451325 0.965108 0.478687
20 0.493468 0.454493 0.965107 0.480415
31 0.493468 0.454493 0.965107 0.480415
28 0.497755 0.447293 0.983038 0.485599
68 0.492298 0.451541 0.975242 0.478255
4 0.855188 0.500288 0.27129 0.262097
34 0.481384 0.451325 0.953414 0.487903
33 0.491129 0.451325 0.965108 0.478687
59 0.48996 0.455645 0.962769 0.475806
61 0.491519 0.444052 0.967446 0.486319
58 0.854409 0.528802 0.27129 0.306452
41 0.486452 0.453917 0.963548 0.474654
58 0.302863 0.440092 0.596371 0.470046
7 0.495027 0.450749 0.968226 0.479839
72 0.486452 0.453917 0.963548 0.474654
58 0.910538 0.548243 0.16371 0.272177
2 0.848172 0.488191 0.288441 0.266705
56 0.910538 0.548243 0.16371 0.272177
52 0.491129 0.451325 0.965108 0.478687
21 0.491129 0.451325 0.965108 0.478687
56 0.854409 0.528802 0.27129 0.306452
2 0.902742 0.52765 0.177742 0.237327
0 0.486452 0.453917 0.963548 0.474654
40 0.491129 0.451325 0.965108 0.478687
2 0.871559 0.52765 0.236989 0.304147
49 0.497755 0.447293 0.983038 0.485599
67 0.487621 0.454493 0.964328 0.478111
29 0.487621 0.454493 0.964328 0.478111
4 0.48879 0.451325 0.968226 0.47523
44 0.48879 0.451325 0.968226 0.47523
8 0.487621 0.454493 0.964328 0.478111
6 0.487621 0.454493 0.964328 0.478111
10 0.495806 0.449309 0.971344 0.478111
23 0.495806 0.449309 0.971344 0.478111
54 0.487621 0.454493 0.964328 0.478111
31 0.487621 0.454493 0.964328 0.478111
66 0.495806 0.456509 0.972903 0.467166
57 0.492298 0.447869 0.964328 0.482143
30 0.487621 0.454493 0.964328 0.478111
68 0.48879 0.452765 0.966667 0.483871
28 0.492688 0.445349 0.97914 0.481423
2 0.48879 0.451325 0.968226 0.47523
22 0.48879 0.451325 0.968226 0.47523
36 0.487621 0.454493 0.964328 0.478111
20 0.487621 0.454493 0.964328 0.478111
35 0.495806 0.456509 0.972903 0.467166
5 0.495806 0.449309 0.971344 0.478111
62 0.487621 0.454493 0.964328 0.478111
34 0.485282 0.450749 0.969005 0.485599
58 0.492688 0.445349 0.97914 0.481423
60 0.48879 0.451325 0.968226 0.47523
39 0.496586 0.456221 0.969785 0.467742
32 0.492298 0.447869 0.964328 0.482143
61 0.492298 0.447869 0.964328 0.482143
65 0.495806 0.456509 0.972903 0.467166
3 0.495806 0.449309 0.971344 0.478111
1 0.485282 0.450749 0.969005 0.485599
69 0.48879 0.451325 0.968226 0.47523
45 0.48879 0.451325 0.968226 0.47523
56 0.495806 0.449309 0.971344 0.478111
52 0.495806 0.456509 0.972903 0.467166
7 0.48879 0.451325 0.968226 0.47523
33 0.495806 0.456509 0.972903 0.467166
0 0.495806 0.456509 0.972903 0.467166
21 0.496586 0.456221 0.969785 0.467742
59 0.487231 0.450461 0.963548 0.483871
41 0.48879 0.452765 0.966667 0.483871
72 0.48879 0.452765 0.966667 0.483871
4 0.490739 0.459389 0.976801 0.47523
54 0.490739 0.459389 0.976801 0.47523
67 0.48957 0.46371 0.969785 0.476958
44 0.490739 0.459389 0.976801 0.47523
10 0.492298 0.457085 0.975242 0.482143
6 0.48957 0.46371 0.969785 0.476958
2 0.490739 0.459389 0.976801 0.47523
66 0.490739 0.459389 0.976801 0.47523
57 0.491909 0.454421 0.977581 0.47595
39 0.491909 0.454421 0.977581 0.47595
0 0.490739 0.459389 0.976801 0.47523
28 0.492298 0.451685 0.975242 0.486031
8 0.491909 0.454421 0.977581 0.47595
32 0.490739 0.459389 0.976801 0.47523
23 0.492298 0.451685 0.975242 0.486031
45 0.491909 0.454421 0.977581 0.47595
60 0.490739 0.459389 0.976801 0.47523
22 0.490739 0.459389 0.976801 0.47523
29 0.48957 0.46371 0.969785 0.476958
69 0.490739 0.459389 0.976801 0.47523
5 0.492298 0.457085 0.975242 0.482143
56 0.490739 0.459389 0.976801 0.47523
62 0.490739 0.459389 0.976801 0.47523
20 0.491909 0.454421 0.977581 0.47595
3 0.492298 0.457085 0.975242 0.482143
1 0.48879 0.460253 0.968226 0.485023
7 0.490739 0.459389 0.976801 0.47523
35 0.499704 0.464286 0.990054 0.465438
52 0.490739 0.459389 0.976801 0.47523
30 0.48957 0.46371 0.969785 0.476958
61 0.492298 0.451685 0.975242 0.486031
36 0.48957 0.46371 0.969785 0.476958
68 0.48879 0.460253 0.968226 0.485023
34 0.492298 0.457085 0.975242 0.482143
21 0.491909 0.454421 0.977581 0.47595
65 0.490739 0.459389 0.976801 0.47523
31 0.48957 0.46371 0.969785 0.476958
58 0.492298 0.451685 0.975242 0.486031
33 0.499704 0.460541 0.986935 0.464862
59 0.48879 0.460253 0.968226 0.485023
40 0.499704 0.464286 0.990054 0.465438
67 0.485282 0.453989 0.970564 0.469902
54 0.485282 0.453989 0.970564 0.469902
6 0.485282 0.453989 0.970564 0.469902
29 0.485282 0.453989 0.970564 0.469902
30 0.485282 0.453989 0.970564 0.469902
8 0.485282 0.453989 0.970564 0.469902
10 0.486841 0.447869 0.972124 0.482143
28 0.486841 0.447869 0.972124 0.482143
68 0.484892 0.451613 0.969785 0.476958
31 0.485282 0.453989 0.970564 0.469902
56 0.484892 0.448661 0.969785 0.480559
44 0.484892 0.448661 0.969785 0.480559
1 0.484892 0.451613 0.969785 0.476958
4 0.484892 0.448661 0.969785 0.480559
66 0.496586 0.459677 0.986935 0.463134
39 0.497366 0.454493 0.982258 0.471198
23 0.485282 0.445348 0.970564 0.487183
69 0.484892 0.448661 0.969785 0.480559
20 0.485282 0.453989 0.970564 0.469902
60 0.484892 0.448661 0.969785 0.480559
62 0.484892 0.451613 0.969785 0.476958
36 0.484892 0.451613 0.969785 0.476958
32 0.486841 0.447869 0.972124 0.482143
5 0.486841 0.447869 0.972124 0.482143
34 0.484113 0.450173 0.968226 0.482143
57 0.485282 0.445348 0.970564 0.487183
22 0.484892 0.448661 0.969785 0.480559
61 0.485672 0.443548 0.969785 0.488479
45 0.485282 0.445348 0.970564 0.487183
0 0.484892 0.448661 0.969785 0.480559
35 0.496586 0.461694 0.983817 0.456797
52 0.484892 0.448661 0.969785 0.480559
58 0.484892 0.451613 0.969785 0.476958
3 0.484892 0.451613 0.969785 0.476958
21 0.497366 0.454493 0.982258 0.471198
2 0.496586 0.459677 0.986935 0.463134
7 0.496586 0.459677 0.986935 0.463134
59 0.485282 0.453989 0.970564 0.469902
65 0.485282 0.453989 0.970564 0.469902
4 0.854603 0.533122 0.28961 0.296659
33 0.497366 0.454493 0.982258 0.471198
54 0.4884 0.455645 0.969005 0.473502
67 0.4884 0.455645 0.969005 0.473502
6 0.494247 0.462846 0.971344 0.459101
44 0.494247 0.460757 0.972903 0.462126
10 0.487231 0.449381 0.971344 0.482575
69 0.488011 0.452477 0.966667 0.476382
66 0.494247 0.460757 0.972903 0.462126
56 0.488011 0.452477 0.966667 0.476382
30 0.4884 0.455645 0.969005 0.473502
8 0.4884 0.455645 0.969005 0.473502
60 0.494247 0.460757 0.972903 0.462126
2 0.494247 0.460757 0.972903 0.462126
28 0.488011 0.452477 0.966667 0.476382
32 0.488011 0.452477 0.966667 0.476382
20 0.494247 0.460757 0.972903 0.462126
31 0.494247 0.462846 0.971344 0.459101
39 0.494247 0.456293 0.969785 0.466446
29 0.4884 0.455645 0.969005 0.473502
1 0.4884 0.455645 0.969005 0.473502
68 0.487231 0.452765 0.971344 0.481567
35 0.494247 0.462846 0.971344 0.459101
0 0.488011 0.452477 0.966667 0.476382
62 0.494247 0.460757 0.972903 0.462126
36 0.4884 0.455645 0.969005 0.473502
22 0.488011 0.452477 0.966667 0.476382
23 0.48879 0.450533 0.963548 0.477967
58 0.487231 0.449381 0.971344 0.482575
4 0.494247 0.460757 0.972903 0.462126
45 0.494247 0.456293 0.969785 0.466446
57 0.494247 0.460757 0.972903 0.462126
61 0.487231 0.449381 0.971344 0.482575
5 0.487231 0.449381 0.971344 0.482575
7 0.494247 0.460757 0.972903 0.462126
52 0.488011 0.452477 0.966667 0.476382
3 0.4884 0.455645 0.969005 0.473502
33 0.494247 0.456293 0.969785 0.466446
65 0.494247 0.460757 0.972903 0.462126
21 0.494247 0.456293 0.969785 0.466446
34 0.487231 0.452765 0.971344 0.481567
59 0.488011 0.452837 0.96043 0.465294
20 0.501263 0.451901 0.977581 0.478687
39 0.501263 0.451901 0.977581 0.478687
56 0.501263 0.456149 0.97914 0.473646
54 0.501263 0.456149 0.97914 0.473646
60 0.501263 0.456149 0.97914 0.473646
6 0.502433 0.461982 0.973683 0.465438
67 0.502433 0.461982 0.973683 0.465438
44 0.501263 0.456149 0.97914 0.473646
8 0.501263 0.451901 0.977581 0.478687
31 0.502433 0.461982 0.973683 0.465438
2 0.501263 0.456149 0.97914 0.473646
69 0.498145 0.452189 0.965107 0.482719
10 0.498145 0.452189 0.965107 0.482719
0 0.498145 0.452189 0.965107 0.482719
28 0.498145 0.452189 0.965107 0.482719
57 0.501263 0.451901 0.977581 0.478687
66 0.501263 0.456149 0.97914 0.473646
30 0.503602 0.451037 0.966667 0.481567
4 0.501263 0.456149 0.97914 0.473646
1 0.498925 0.456509 0.966667 0.474078
62 0.501263 0.456149 0.97914 0.473646
7 0.501263 0.456149 0.97914 0.473646
32 0.498145 0.452189 0.965107 0.482719
45 0.501263 0.451901 0.977581 0.478687
22 0.501263 0.456149 0.97914 0.473646
35 0.502433 0.461982 0.973683 0.465438
23 0.497366 0.450749 0.96043 0.479839
58 0.497366 0.450749 0.97914 0.485599
29 0.503602 0.451037 0.966667 0.481567
68 0.498925 0.456509 0.966667 0.474078
3 0.498925 0.456509 0.966667 0.474078
36 0.502433 0.461982 0.973683 0.465438
33 0.501263 0.451901 0.977581 0.478687
5 0.501263 0.451901 0.977581 0.478687
65 0.501263 0.456149 0.97914 0.473646
52 0.498145 0.452189 0.965107 0.482719
21 0.504771 0.448157 0.964328 0.486175
34 0.498145 0.452189 0.965107 0.482719
61 0.497366 0.449885 0.972903 0.482719
39 0.500484 0.454781 0.969785 0.467166
8 0.493857 0.455645 0.96121 0.459677
60 0.502433 0.460541 0.967446 0.455645
67 0.496196 0.458237 0.962769 0.461405
56 0.501263 0.457661 0.968226 0.455645
6 0.502433 0.460541 0.967446 0.455645
44 0.501263 0.457661 0.968226 0.455645
20 0.501263 0.457661 0.968226 0.455645
30 0.496196 0.458237 0.962769 0.461405
2 0.501263 0.457661 0.968226 0.455645
32 0.501263 0.457661 0.968226 0.455645
28 0.501263 0.457661 0.968226 0.455645
54 0.501263 0.457661 0.968226 0.455645
31 0.502433 0.460541 0.967446 0.455645
69 0.502433 0.460541 0.967446 0.455645
7 0.502433 0.460541 0.967446 0.455645
57 0.500484 0.454781 0.969785 0.467166
10 0.493857 0.455645 0.96121 0.459677
35 0.502433 0.460541 0.967446 0.455645
4 0.501263 0.457661 0.968226 0.455645
66 0.501263 0.457661 0.968226 0.455645
22 0.501263 0.457661 0.968226 0.455645
23 0.493857 0.455645 0.96121 0.459677
29 0.496196 0.458237 0.962769 0.461405
45 0.500484 0.454781 0.969785 0.467166
0 0.501263 0.457661 0.968226 0.455645
1 0.496196 0.458237 0.962769 0.461405
58 0.496196 0.458237 0.962769 0.461405
3 0.496196 0.458237 0.962769 0.461405
62 0.502433 0.460541 0.967446 0.455645
21 0.500484 0.454781 0.969785 0.467166
36 0.502433 0.460541 0.967446 0.455645
5 0.493857 0.455645 0.96121 0.459677
68 0.498925 0.454205 0.980699 0.46947
34 0.493857 0.455645 0.96121 0.459677
33 0.500484 0.454781 0.969785 0.467166
52 0.502433 0.460541 0.967446 0.455645
61 0.493857 0.455645 0.96121 0.459677
65 0.501263 0.457661 0.968226 0.455645
59 0.496196 0.458237 0.962769 0.461405
39 0.498145 0.455357 0.971344 0.464862
56 0.498925 0.458237 0.969785 0.456797
60 0.493468 0.455357 0.958871 0.461406
6 0.499704 0.461982 0.968226 0.457373
28 0.498925 0.458237 0.969785 0.456797
2 0.499704 0.461982 0.968226 0.457373
20 0.498925 0.458237 0.969785 0.456797
7 0.499704 0.461982 0.968226 0.457373
69 0.493468 0.455357 0.958871 0.461406
66 0.498925 0.458237 0.969785 0.456797
54 0.498925 0.458237 0.969785 0.456797
32 0.493468 0.455357 0.958871 0.461406
8 0.498925 0.458237 0.969785 0.456797
0 0.493468 0.455357 0.958871 0.461406
10 0.493468 0.455357 0.958871 0.461406
44 0.498925 0.458237 0.969785 0.456797
22 0.493468 0.455357 0.958871 0.461406
1 0.494247 0.459389 0.958871 0.461405
57 0.498145 0.455357 0.971344 0.464862
35 0.499704 0.461982 0.968226 0.457373
5 0.498925 0.458237 0.969785 0.456797
67 0.494247 0.459389 0.958871 0.461405
30 0.494247 0.459389 0.958871 0.461405
31 0.499704 0.461982 0.968226 0.457373
62 0.493468 0.455357 0.958871 0.461406
23 0.493468 0.453269 0.958871 0.466734
3 0.494247 0.459389 0.958871 0.461405
45 0.498145 0.455357 0.971344 0.464862
4 0.499704 0.461982 0.968226 0.457373
33 0.504382 0.455141 0.955753 0.46299
36 0.494247 0.459389 0.958871 0.461405
58 0.48879 0.452189 0.955753 0.46659
61 0.493468 0.455357 0.958871 0.461406
68 0.48996 0.455645 0.962769 0.471198
21 0.498145 0.455357 0.971344 0.464862
65 0.493468 0.455357 0.958871 0.461406
29 0.494247 0.459389 0.958871 0.461405
34 0.493468 0.455357 0.958871 0.461406
30 0.496586 0.463998 0.980699 0.454493
20 0.496586 0.463998 0.980699 0.454493
39 0.496586 0.461982 0.97914 0.458525
8 0.48879 0.458453 0.965107 0.462126
60 0.498145 0.462846 0.977581 0.449885
66 0.496586 0.463998 0.980699 0.454493
35 0.496586 0.463998 0.980699 0.454493
56 0.496586 0.463998 0.980699 0.454493
31 0.498145 0.462846 0.977581 0.449885
28 0.48879 0.458453 0.965107 0.462126
67 0.488011 0.457085 0.961989 0.459101
6 0.498145 0.462846 0.977581 0.449885
54 0.496586 0.463998 0.980699 0.454493
57 0.496586 0.461982 0.97914 0.458525
4 0.496586 0.461982 0.97914 0.458525
44 0.496586 0.461982 0.97914 0.458525
45 0.496586 0.463998 0.980699 0.454493
7 0.496586 0.463998 0.980699 0.454493
10 0.488011 0.457085 0.961989 0.459101
65 0.496586 0.461982 0.97914 0.458525
29 0.496586 0.463998 0.980699 0.454493
2 0.498145 0.462846 0.977581 0.449885
21 0.496586 0.461982 0.97914 0.458525
32 0.488011 0.457085 0.961989 0.459101
22 0.496586 0.461982 0.97914 0.458525
69 0.484892 0.455933 0.963548 0.46947
1 0.488011 0.457085 0.961989 0.459101
62 0.498145 0.462846 0.977581 0.449885
5 0.496586 0.463998 0.980699 0.454493
23 0.496586 0.461982 0.97914 0.458525
36 0.488011 0.457085 0.961989 0.459101
0 0.483333 0.453917 0.96043 0.470046
34 0.48879 0.458453 0.965107 0.462126
61 0.484892 0.455933 0.963548 0.46947
33 0.496586 0.461982 0.97914 0.458525
3 0.488011 0.457085 0.961989 0.459101
39 0.502823 0.459389 0.974462 0.46371
60 0.492688 0.453989 0.952634 0.472206
20 0.502823 0.459389 0.974462 0.46371
30 0.502823 0.459389 0.974462 0.46371
22 0.502823 0.459389 0.974462 0.46371
31 0.502043 0.459389 0.976021 0.46371
57 0.492688 0.453989 0.952634 0.472206
67 0.492688 0.453989 0.952634 0.472206
35 0.492688 0.453989 0.952634 0.472206
62 0.492688 0.456293 0.957312 0.469902
69 0.492688 0.453989 0.952634 0.472206
23 0.502823 0.459389 0.974462 0.46371
10 0.492688 0.453989 0.952634 0.472206
56 0.502823 0.459389 0.974462 0.46371
2 0.509839 0.459389 0.961989 0.464862
8 0.502823 0.459389 0.974462 0.46371
28 0.502823 0.459389 0.974462 0.46371
4 0.502823 0.459389 0.974462 0.46371
66 0.509839 0.459389 0.961989 0.464862
32 0.492688 0.453989 0.952634 0.472206
7 0.502823 0.459389 0.974462 0.46371
44 0.502823 0.459389 0.974462 0.46371
65 0.503602 0.459101 0.969785 0.46659
21 0.492688 0.453989 0.952634 0.472206
45 0.502823 0.459389 0.974462 0.46371
58 0.48996 0.452477 0.969005 0.47523
0 0.48996 0.452477 0.969005 0.47523
34 0.492688 0.453989 0.952634 0.472206
52 0.492688 0.453989 0.952634 0.472206
5 0.502823 0.459389 0.974462 0.46371
6 0.502043 0.459389 0.976021 0.46371
33 0.509839 0.459389 0.961989 0.464862
68 0.48996 0.452477 0.969005 0.47523
1 0.502823 0.459389 0.974462 0.46371
29 0.492688 0.456293 0.957312 0.469902
36 0.48996 0.452477 0.969005 0.47523
3 0.492688 0.453989 0.952634 0.472206
61 0.48957 0.450173 0.965108 0.476382
59 0.502823 0.459389 0.974462 0.46371
60 0.495806 0.458237 0.972903 0.461405
39 0.490349 0.455933 0.971344 0.471774
69 0.490349 0.455933 0.971344 0.471774
28 0.495806 0.460757 0.972903 0.463278
31 0.48957 0.455645 0.969785 0.471198
22 0.490349 0.455933 0.971344 0.471774
30 0.490349 0.455933 0.971344 0.471774
57 0.490349 0.455933 0.971344 0.471774
66 0.501263 0.457949 0.958871 0.467742
62 0.491129 0.453269 0.974462 0.478255
56 0.495806 0.460757 0.972903 0.463278
67 0.48957 0.455645 0.969785 0.471198
35 0.495806 0.458237 0.972903 0.461405
32 0.495806 0.460757 0.972903 0.463278
0 0.495806 0.460757 0.972903 0.463278
2 0.495806 0.458237 0.972903 0.461405
7 0.495806 0.458237 0.972903 0.461405
10 0.48957 0.455645 0.969785 0.471198
20 0.501263 0.457949 0.958871 0.467742
8 0.495806 0.458237 0.972903 0.461405
6 0.501263 0.457949 0.958871 0.467742
4 0.495806 0.458237 0.972903 0.461405
44 0.495417 0.459605 0.972124 0.46443
54 0.495806 0.460757 0.972903 0.463278
5 0.495806 0.460757 0.972903 0.463278
23 0.48957 0.453989 0.968226 0.472206
1 0.495806 0.460757 0.972903 0.463278
58 0.493468 0.452477 0.977581 0.47523
33 0.501263 0.457949 0.958871 0.467742
52 0.48957 0.455645 0.969785 0.471198
21 0.495806 0.458237 0.972903 0.461405
34 0.490349 0.455933 0.971344 0.471774
61 0.493468 0.452477 0.977581 0.47523
36 0.502823 0.455141 0.961989 0.47451
65 0.495417 0.459605 0.972124 0.46443
45 0.495417 0.459605 0.972124 0.46443
68 0.491129 0.453269 0.974462 0.478255
29 0.495806 0.458237 0.972903 0.461405
3 0.495806 0.458237 0.972903 0.461405
39 0.498925 0.457949 0.972903 0.463134
30 0.498925 0.457949 0.972903 0.463134
60 0.498145 0.454493 0.972903 0.459677
20 0.498925 0.457949 0.972903 0.463134
35 0.498925 0.457949 0.972903 0.463134
8 0.498925 0.457949 0.972903 0.463134
67 0.498145 0.454493 0.972903 0.459677
66 0.502433 0.455933 0.962769 0.466014
69 0.498145 0.454493 0.972903 0.459677
57 0.498145 0.454493 0.972903 0.459677
56 0.498925 0.457949 0.972903 0.463134
31 0.498145 0.454493 0.972903 0.459677
2 0.498145 0.454493 0.972903 0.459677
28 0.498925 0.457949 0.972903 0.463134
62 0.493078 0.448733 0.972124 0.473502
32 0.498145 0.454493 0.972903 0.459677
6 0.498145 0.454493 0.972903 0.459677
22 0.502433 0.455933 0.962769 0.466014
44 0.495806 0.449597 0.976021 0.474078
10 0.498145 0.454493 0.972903 0.459677
33 0.502433 0.455933 0.962769 0.466014
45 0.498925 0.457949 0.972903 0.463134
23 0.492688 0.452837 0.966667 0.466446
0 0.498145 0.454493 0.972903 0.459677
7 0.498145 0.454493 0.972903 0.459677
21 0.498145 0.454493 0.972903 0.459677
61 0.495806 0.449597 0.976021 0.474078
4 0.497366 0.458597 0.971344 0.459533
65 0.497366 0.458597 0.971344 0.459533
36 0.493078 0.448733 0.972124 0.473502
1 0.498925 0.457949 0.972903 0.463134
5 0.498925 0.457949 0.972903 0.463134
29 0.502433 0.455933 0.962769 0.466014
54 0.498925 0.457949 0.972903 0.463134
34 0.495806 0.453053 0.969785 0.46947
58 0.493078 0.448733 0.972124 0.473502
