4 0.499942 0.454158 0.98426 0.507463
57 0.499551 0.44996 0.960045 0.513726
22 0.499942 0.454158 0.98426 0.507463
2 0.499551 0.44996 0.960045 0.513726
72 0.504238 0.453891 0.980355 0.509062
49 0.489787 0.464019 0.973324 0.469616
62 0.499942 0.454158 0.98426 0.507463
41 0.502285 0.448761 0.974887 0.496935
44 0.499551 0.44996 0.960045 0.513726
60 0.501895 0.445096 0.952233 0.52452
67 0.49877 0.448294 0.958482 0.50533
35 0.504238 0.453891 0.980355 0.509062
64 0.504238 0.453891 0.980355 0.509062
26 0.496036 0.447228 0.957701 0.506397
1 0.502285 0.448761 0.974887 0.496935
3 0.501895 0.445096 0.952233 0.52452
71 0.499551 0.44996 0.960045 0.513726
66 0.499942 0.454158 0.98426 0.507463
2 0.508144 0.499467 0.883491 0.383795
4 0.508144 0.499467 0.883491 0.383795
37 0.478069 0.445562 0.924892 0.486274
46 0.499942 0.454158 0.98426 0.507463
41 0.245284 0.435568 0.467133 0.460421
10 0.501895 0.445096 0.952233 0.52452
11 0.501895 0.445096 0.952233 0.52452
52 0.489006 0.478411 0.931142 0.423774
20 0.504629 0.441898 0.96395 0.54371
58 0.49213 0.459488 0.971762 0.468017
57 0.245284 0.435568 0.467133 0.460421
60 0.331211 0.435501 0.639769 0.463753
65 0.49877 0.448294 0.958482 0.50533
31 0.504238 0.453891 0.980355 0.509062
22 0.331211 0.435501 0.639769 0.463753
40 0.499551 0.44996 0.960045 0.513726
49 0.245284 0.435568 0.467133 0.460421
6 0.496427 0.440232 0.947546 0.520389
70 0.503848 0.447228 0.974887 0.502132
66 0.245284 0.435568 0.467133 0.460421
39 0.489787 0.464019 0.973324 0.469616
62 0.513222 0.491738 0.874898 0.396055
32 0.503848 0.453558 0.976449 0.501199
7 0.499942 0.452026 0.974887 0.51919
69 0.489006 0.478411 0.931142 0.423774
72 0.245284 0.435568 0.467133 0.460421
17 0.499942 0.454158 0.98426 0.507463
36 0.4851 0.475746 0.937391 0.437633
18 0.501895 0.445096 0.952233 0.52452
60 0.513222 0.491738 0.874898 0.396055
57 0.508144 0.499467 0.883491 0.383795
4 0.245284 0.435568 0.467133 0.460421
33 0.497598 0.437367 0.960826 0.523987
45 0.503848 0.447228 0.974887 0.502132
29 0.496036 0.447228 0.957701 0.506397
14 0.502285 0.448761 0.974887 0.496935
0 0.501114 0.448294 0.967856 0.518124
56 0.499942 0.454158 0.98426 0.507463
41 0.508144 0.499467 0.883491 0.383795
28 0.501895 0.445096 0.952233 0.52452
2 0.508983 0.448561 0.982033 0.48774
4 0.502285 0.441831 0.954576 0.480943
3 0.510097 0.448561 0.976449 0.481343
67 0.499551 0.445362 0.963169 0.482409
58 0.489396 0.440299 0.938172 0.465885
7 0.510936 0.446162 0.978128 0.481876
57 0.510936 0.446162 0.978128 0.481876
69 0.507363 0.450893 0.97723 0.486274
52 0.492911 0.462687 0.96395 0.434968
41 0.508983 0.448561 0.982033 0.48774
44 0.508983 0.448561 0.982033 0.48774
65 0.502285 0.441831 0.954576 0.480943
66 0.508983 0.448561 0.982033 0.48774
22 0.503848 0.440565 0.951452 0.486674
60 0.510936 0.446162 0.978128 0.481876
62 0.502285 0.441831 0.954576 0.480943
31 0.502285 0.441831 0.954576 0.480943
10 0.510097 0.448561 0.976449 0.481343
49 0.510097 0.448561 0.976449 0.481343
8 0.49174 0.450693 0.941297 0.466418
6 0.496036 0.445629 0.948327 0.479744
72 0.502285 0.441831 0.954576 0.480943
20 0.499551 0.445362 0.963169 0.482409
68 0.507363 0.450893 0.97723 0.486274
35 0.502285 0.441831 0.954576 0.480943
34 0.499161 0.452559 0.945203 0.458422
56 0.510936 0.446162 0.978128 0.481876
36 0.499551 0.445362 0.963169 0.482409
15 0.503848 0.440565 0.951452 0.486674
5 0.510936 0.446162 0.978128 0.481876
32 0.507363 0.450893 0.97723 0.486274
29 0.499551 0.445362 0.963169 0.482409
4 0.807719 0.560634 0.265594 0.241205
39 0.496036 0.466951 0.951452 0.438166
37 0.510097 0.448561 0.976449 0.481343
45 0.508983 0.448561 0.982033 0.48774
4 0.820217 0.590618 0.234348 0.184435
1 0.510097 0.448561 0.976449 0.481343
26 0.487443 0.459755 0.965513 0.44403
59 0.505019 0.46322 0.919424 0.439232
28 0.508144 0.451959 0.935048 0.470283
64 0.502285 0.441831 0.954576 0.480943
33 0.503848 0.440565 0.951452 0.486674
58 0.51367 0.455224 0.972659 0.473348
3 0.499161 0.460621 0.946765 0.466818
4 0.496036 0.45629 0.949889 0.462687
2 0.496036 0.45629 0.949889 0.462687
52 0.496036 0.45629 0.949889 0.462687
34 0.501895 0.458489 0.952233 0.477479
10 0.506191 0.460554 0.954576 0.478678
69 0.49838 0.464286 0.954576 0.453092
68 0.501895 0.458889 0.944421 0.472415
57 0.499161 0.460621 0.946765 0.466818
5 0.506191 0.460554 0.954576 0.478678
7 0.49838 0.464286 0.954576 0.453092
22 0.49838 0.464286 0.954576 0.453092
23 0.499161 0.460621 0.946765 0.466818
28 0.506191 0.460554 0.954576 0.478678
60 0.499161 0.460621 0.946765 0.466818
1 0.51367 0.455224 0.972659 0.473348
6 0.492911 0.461887 0.960826 0.442964
31 0.496036 0.45629 0.949889 0.462687
8 0.499161 0.460621 0.946765 0.466818
56 0.499161 0.460621 0.946765 0.466818
67 0.493693 0.455757 0.94989 0.460554
49 0.499161 0.460621 0.946765 0.466818
59 0.493693 0.455757 0.94989 0.460554
39 0.510878 0.464286 0.928017 0.457356
32 0.506191 0.460554 0.954576 0.478678
58 0.27614 0.439499 0.497598 0.435501
44 0.49838 0.464286 0.954576 0.453092
45 0.49838 0.464286 0.954576 0.453092
65 0.496036 0.45629 0.949889 0.462687
66 0.49838 0.464286 0.954576 0.453092
21 0.501895 0.471748 0.945984 0.433902
15 0.499161 0.460621 0.946765 0.466818
29 0.463618 0.454424 0.875679 0.462153
58 0.493302 0.454091 0.963169 0.461754
4 0.495645 0.457356 0.967856 0.452026
3 0.500723 0.457289 0.9702 0.473481
68 0.495645 0.457356 0.967856 0.452026
52 0.492911 0.454691 0.956139 0.458422
23 0.493302 0.454091 0.963169 0.461754
34 0.500723 0.457289 0.9702 0.473481
2 0.492911 0.454691 0.956139 0.458422
57 0.492911 0.454691 0.956139 0.458422
31 0.495645 0.457356 0.967856 0.452026
69 0.494083 0.458422 0.970981 0.453092
67 0.495645 0.457356 0.967856 0.452026
10 0.493302 0.454091 0.963169 0.461754
7 0.494083 0.458422 0.970981 0.453092
22 0.494083 0.458422 0.970981 0.453092
1 0.500723 0.457289 0.9702 0.473481
60 0.495645 0.457356 0.967856 0.452026
59 0.491349 0.455224 0.960826 0.462687
28 0.510097 0.454624 0.979574 0.472415
56 0.494083 0.458422 0.970981 0.453092
5 0.493302 0.454091 0.963169 0.461754
6 0.490568 0.469883 0.981136 0.429104
32 0.494083 0.458422 0.970981 0.453092
8 0.495645 0.457356 0.967856 0.452026
36 0.495645 0.457356 0.967856 0.452026
29 0.495645 0.457356 0.967856 0.452026
49 0.493302 0.454091 0.963169 0.461754
0 0.49174 0.466418 0.983479 0.438166
44 0.494083 0.458422 0.970981 0.453092
20 0.491349 0.455224 0.960826 0.462687
39 0.496036 0.448894 0.960826 0.486007
62 0.492911 0.454691 0.956139 0.458422
35 0.495645 0.457356 0.967856 0.452026
45 0.494083 0.458422 0.970981 0.453092
66 0.494083 0.458422 0.970981 0.453092
61 0.510097 0.454624 0.979574 0.472415
52 0.490568 0.458689 0.965513 0.452559
58 0.49213 0.458356 0.960826 0.460688
3 0.49213 0.458356 0.960826 0.460688
23 0.49213 0.458356 0.960826 0.460688
68 0.488224 0.46162 0.96395 0.457356
4 0.495255 0.470149 0.962388 0.420043
59 0.491349 0.462687 0.957701 0.473348
34 0.490568 0.458689 0.965513 0.452559
57 0.49213 0.458356 0.960826 0.460688
10 0.49213 0.458356 0.960826 0.460688
2 0.490568 0.458689 0.965513 0.452559
67 0.488224 0.46162 0.96395 0.457356
32 0.495255 0.470149 0.962388 0.420043
28 0.49213 0.458356 0.960826 0.460688
1 0.496817 0.465352 0.949889 0.487207
69 0.490568 0.458689 0.965513 0.452559
22 0.490568 0.458689 0.965513 0.452559
6 0.488224 0.46162 0.96395 0.457356
5 0.49213 0.458356 0.960826 0.460688
60 0.490568 0.458689 0.965513 0.452559
56 0.490568 0.458689 0.965513 0.452559
0 0.495255 0.470149 0.962388 0.420043
7 0.490568 0.458689 0.965513 0.452559
31 0.491349 0.462687 0.957701 0.473348
8 0.488224 0.46162 0.96395 0.457356
36 0.488224 0.46162 0.96395 0.457356
39 0.493693 0.466951 0.957701 0.430704
49 0.49213 0.458356 0.960826 0.460688
3 0.322033 0.453891 0.592509 0.460021
58 0.322033 0.453891 0.592509 0.460021
29 0.491349 0.462687 0.957701 0.473348
58 0.49213 0.465885 0.967075 0.462687
52 0.490959 0.465352 0.967856 0.459488
68 0.490959 0.465352 0.967856 0.459488
3 0.49213 0.465885 0.967075 0.462687
59 0.49838 0.478945 0.956139 0.417377
23 0.49213 0.465885 0.967075 0.462687
4 0.490959 0.465352 0.967856 0.459488
1 0.490959 0.465352 0.967856 0.459488
32 0.497598 0.471482 0.956139 0.436567
10 0.49213 0.465885 0.967075 0.462687
34 0.49213 0.465885 0.967075 0.462687
28 0.49213 0.465885 0.967075 0.462687
5 0.49213 0.465885 0.967075 0.462687
69 0.49213 0.465885 0.967075 0.462687
6 0.49838 0.478945 0.956139 0.417377
58 0.504238 0.514392 0.906926 0.337953
22 0.49213 0.465885 0.967075 0.462687
57 0.485881 0.462953 0.959263 0.472815
2 0.495255 0.460554 0.962388 0.479744
67 0.49838 0.478945 0.956139 0.417377
56 0.490959 0.465352 0.967856 0.459488
60 0.49213 0.465885 0.967075 0.462687
31 0.490959 0.465352 0.967856 0.459488
7 0.49213 0.465885 0.967075 0.462687
3 0.504238 0.514392 0.906926 0.337953
36 0.490959 0.465352 0.967856 0.459488
8 0.497598 0.471482 0.956139 0.436567
3 0.371441 0.452026 0.7007 0.445629
23 0.504238 0.514392 0.906926 0.337953
0 0.49838 0.483475 0.965513 0.398721
1 0.371441 0.452026 0.7007 0.445629
52 0.514784 0.51226 0.87646 0.340085
58 0.371441 0.452026 0.7007 0.445629
59 0.371441 0.452026 0.7007 0.445629
4 0.504238 0.514392 0.906926 0.337953
29 0.485881 0.462953 0.959263 0.472815
68 0.514784 0.51226 0.87646 0.340085
32 0.515956 0.539979 0.874117 0.28678
60 0.504238 0.514392 0.906926 0.337953
52 0.490568 0.464219 0.956139 0.479877
58 0.490568 0.464219 0.959263 0.476679
3 0.490568 0.464219 0.959263 0.476679
68 0.490568 0.464219 0.956139 0.479877
23 0.490568 0.464219 0.959263 0.476679
4 0.490568 0.464219 0.956139 0.479877
2 0.488224 0.462953 0.948327 0.485608
10 0.490568 0.464219 0.959263 0.476679
22 0.490568 0.464219 0.959263 0.476679
5 0.490568 0.464219 0.959263 0.476679
69 0.490568 0.464219 0.959263 0.476679
59 0.490568 0.464219 0.956139 0.479877
28 0.490568 0.464219 0.959263 0.476679
57 0.488224 0.462953 0.948327 0.485608
0 0.490568 0.464219 0.956139 0.479877
1 0.488224 0.462953 0.948327 0.485608
34 0.488224 0.462953 0.948327 0.485608
56 0.490568 0.464219 0.956139 0.479877
32 0.499161 0.468017 0.953014 0.460554
60 0.490568 0.464219 0.959263 0.476679
67 0.490568 0.464219 0.956139 0.479877
6 0.500723 0.473081 0.948327 0.456823
31 0.490568 0.464219 0.956139 0.479877
7 0.490568 0.464219 0.959263 0.476679
58 0.270281 0.446429 0.490568 0.445096
36 0.490568 0.464219 0.956139 0.479877
61 0.489396 0.458489 0.949108 0.48814
52 0.522595 0.521455 0.859275 0.334488
8 0.499161 0.468017 0.953014 0.460554
52 0.270281 0.446429 0.490568 0.445096
3 0.270281 0.446429 0.490568 0.445096
39 0.501504 0.465618 0.949889 0.466418
58 0.522595 0.521455 0.859275 0.334488
3 0.499942 0.452559 0.956139 0.470149
52 0.499942 0.452559 0.951452 0.469083
4 0.499942 0.452559 0.951452 0.469083
58 0.499942 0.452559 0.956139 0.470149
2 0.507363 0.450693 0.944421 0.471748
68 0.499942 0.452559 0.951452 0.469083
5 0.499942 0.452559 0.956139 0.470149
22 0.499942 0.452559 0.956139 0.470149
57 0.499942 0.452559 0.951452 0.469083
23 0.499942 0.452559 0.956139 0.470149
1 0.507363 0.450693 0.944421 0.471748
28 0.499942 0.452559 0.956139 0.470149
7 0.499942 0.452559 0.951452 0.469083
56 0.499942 0.452559 0.951452 0.469083
0 0.499942 0.452559 0.951452 0.469083
59 0.499942 0.452559 0.951452 0.469083
10 0.499942 0.452559 0.956139 0.470149
32 0.499942 0.452559 0.951452 0.469083
69 0.499942 0.452559 0.951452 0.469083
34 0.499942 0.452559 0.956139 0.470149
6 0.499942 0.452559 0.951452 0.469083
3 0.503457 0.533182 0.899114 0.302505
58 0.503457 0.533182 0.899114 0.302505
60 0.499942 0.452559 0.951452 0.469083
23 0.503457 0.533182 0.899114 0.302505
39 0.499942 0.452559 0.956139 0.470149
32 0.503457 0.533182 0.899114 0.302505
45 0.499942 0.452559 0.956139 0.470149
31 0.499942 0.452559 0.951452 0.469083
4 0.503457 0.533182 0.899114 0.302505
67 0.507363 0.450693 0.944421 0.471748
2 0.503457 0.533182 0.899114 0.302505
21 0.499942 0.452559 0.951452 0.469083
68 0.503457 0.533182 0.899114 0.302505
59 0.516737 0.536114 0.866305 0.296642
36 0.499942 0.452559 0.951452 0.469083
52 0.503457 0.533182 0.899114 0.302505
29 0.495255 0.461087 0.956139 0.448827
1 0.503457 0.533182 0.899114 0.302505
3 0.333164 0.440565 0.617897 0.457889
8 0.495255 0.461087 0.956139 0.448827
57 0.503457 0.533182 0.899114 0.302505
60 0.503457 0.533182 0.899114 0.302505
2 0.333164 0.440565 0.617897 0.457889
52 0.496817 0.45569 0.949889 0.458555
4 0.496817 0.45569 0.949889 0.458555
3 0.496817 0.454624 0.949889 0.459622
68 0.496817 0.45569 0.949889 0.458555
58 0.496817 0.454624 0.949889 0.459622
23 0.496817 0.45569 0.949889 0.458555
59 0.496817 0.45569 0.949889 0.458555
5 0.496817 0.454624 0.949889 0.459622
22 0.496817 0.45569 0.949889 0.458555
28 0.496817 0.454624 0.949889 0.459622
0 0.496817 0.45569 0.949889 0.458555
10 0.496817 0.452559 0.945203 0.457356
32 0.495255 0.462153 0.959263 0.445629
57 0.496817 0.45569 0.949889 0.458555
1 0.496817 0.452559 0.945203 0.457356
69 0.496817 0.45569 0.949889 0.458555
2 0.496817 0.45569 0.949889 0.458555
58 0.49877 0.545842 0.908488 0.28145
34 0.496817 0.45569 0.949889 0.458555
56 0.496817 0.45569 0.949889 0.458555
32 0.49877 0.545842 0.908488 0.28145
60 0.492911 0.464019 0.962388 0.446162
7 0.496817 0.45569 0.949889 0.458555
6 0.496817 0.45569 0.949889 0.458555
67 0.492911 0.464019 0.962388 0.446162
23 0.49877 0.545842 0.908488 0.28145
8 0.495255 0.462153 0.959263 0.445629
3 0.49877 0.545842 0.908488 0.28145
29 0.492911 0.464019 0.962388 0.446162
59 0.49877 0.545842 0.908488 0.28145
4 0.49877 0.545842 0.908488 0.28145
31 0.496817 0.45569 0.949889 0.458555
54 0.492911 0.464019 0.962388 0.446162
28 0.49877 0.545842 0.908488 0.28145
68 0.49877 0.545842 0.908488 0.28145
10 0.49877 0.545842 0.908488 0.28145
39 0.496817 0.454624 0.949889 0.459622
45 0.496817 0.454624 0.949889 0.459622
57 0.49877 0.545842 0.908488 0.28145
22 0.49877 0.545842 0.908488 0.28145
69 0.49877 0.545842 0.908488 0.28145
58 0.49174 0.45709 0.944421 0.471748
3 0.493693 0.450493 0.953014 0.470016
52 0.493302 0.454957 0.953795 0.474947
4 0.493693 0.450493 0.953014 0.470016
69 0.493302 0.454957 0.953795 0.474947
23 0.493693 0.450493 0.953014 0.470016
68 0.49838 0.458955 0.946765 0.457356
32 0.493693 0.450493 0.953014 0.470016
0 0.493302 0.454957 0.953795 0.474947
57 0.493693 0.450493 0.953014 0.470016
10 0.49174 0.45709 0.944421 0.471748
2 0.494474 0.450693 0.945203 0.467484
28 0.493693 0.450493 0.953014 0.470016
22 0.493693 0.450493 0.953014 0.470016
56 0.493302 0.454957 0.953795 0.474947
59 0.494083 0.456023 0.945984 0.469616
1 0.49174 0.45709 0.944421 0.471748
5 0.493693 0.450493 0.953014 0.470016
60 0.493693 0.450493 0.953014 0.470016
67 0.49174 0.45709 0.944421 0.471748
7 0.493693 0.450493 0.953014 0.470016
34 0.493693 0.450493 0.953014 0.470016
31 0.494474 0.45549 0.954576 0.472814
39 0.493693 0.450493 0.953014 0.470016
8 0.49838 0.458955 0.946765 0.457356
6 0.493302 0.454957 0.953795 0.474947
29 0.493302 0.454957 0.953795 0.474947
54 0.501504 0.464286 0.92333 0.445629
58 0.506191 0.539579 0.895208 0.285448
61 0.494474 0.450693 0.945203 0.467484
21 0.493693 0.450493 0.953014 0.470016
32 0.506191 0.539579 0.895208 0.285448
3 0.506191 0.539579 0.895208 0.285448
45 0.493693 0.450493 0.953014 0.470016
3 0.491349 0.458689 0.960826 0.447228
4 0.491349 0.458689 0.960826 0.447228
5 0.491349 0.458689 0.960826 0.447228
52 0.492911 0.458955 0.960826 0.447761
1 0.49213 0.455757 0.949889 0.45096
0 0.492911 0.458955 0.960826 0.447761
57 0.492911 0.458955 0.960826 0.447761
2 0.49213 0.455757 0.953014 0.447761
56 0.492911 0.458955 0.960826 0.447761
28 0.491349 0.458689 0.960826 0.447228
10 0.49213 0.455757 0.949889 0.45096
58 0.49213 0.455757 0.949889 0.45096
32 0.49213 0.455757 0.953014 0.447761
68 0.492911 0.458955 0.960826 0.447761
22 0.491349 0.458689 0.960826 0.447228
69 0.492911 0.458955 0.960826 0.447761
34 0.491349 0.458689 0.960826 0.447228
3 0.483537 0.532516 0.967075 0.308102
7 0.49213 0.455757 0.953014 0.447761
23 0.491349 0.458689 0.960826 0.447228
4 0.483537 0.532516 0.967075 0.308102
67 0.492521 0.455224 0.949108 0.452026
58 0.483537 0.532516 0.967075 0.308102
59 0.491349 0.458689 0.960826 0.447228
39 0.49213 0.455757 0.953014 0.447761
32 0.483537 0.532516 0.967075 0.308102
60 0.49213 0.455757 0.953014 0.447761
54 0.493693 0.464819 0.957701 0.434968
29 0.491349 0.458689 0.960826 0.447228
8 0.491349 0.458689 0.960826 0.447228
45 0.492911 0.458955 0.960826 0.447761
31 0.492521 0.455224 0.949108 0.452026
68 0.483537 0.532516 0.967075 0.308102
28 0.483537 0.532516 0.967075 0.308102
61 0.486662 0.452492 0.945203 0.451093
56 0.483537 0.532516 0.967075 0.308102
2 0.483537 0.532516 0.967075 0.308102
0 0.483537 0.532516 0.967075 0.308102
1 0.483537 0.532516 0.967075 0.308102
57 0.483537 0.532516 0.967075 0.308102
6 0.492911 0.458955 0.960826 0.447761
10 0.483537 0.532516 0.967075 0.308102
5 0.483537 0.532516 0.967075 0.308102
3 0.49213 0.456357 0.949889 0.462553
4 0.49213 0.456357 0.949889 0.462553
58 0.496036 0.458955 0.951452 0.455224
57 0.490568 0.453158 0.940516 0.463619
0 0.491349 0.456557 0.949889 0.46322
68 0.492911 0.456023 0.951452 0.461087
28 0.491349 0.456557 0.949889 0.46322
52 0.491349 0.456557 0.949889 0.46322
56 0.491349 0.456557 0.949889 0.46322
10 0.490568 0.453158 0.940516 0.463619
1 0.490568 0.453158 0.940516 0.463619
32 0.490568 0.453158 0.940516 0.463619
22 0.49213 0.456357 0.949889 0.462553
5 0.49213 0.456357 0.949889 0.462553
69 0.491349 0.456557 0.949889 0.46322
59 0.49213 0.456357 0.949889 0.462553
23 0.49213 0.456357 0.949889 0.462553
7 0.49213 0.456357 0.949889 0.462553
2 0.493302 0.453691 0.941297 0.462553
31 0.492911 0.456023 0.951452 0.461087
60 0.49213 0.456357 0.949889 0.462553
34 0.49213 0.456357 0.949889 0.462553
39 0.49213 0.456357 0.949889 0.462553
67 0.492911 0.452492 0.94364 0.461754
29 0.491349 0.456557 0.949889 0.46322
6 0.492911 0.456023 0.951452 0.461087
21 0.49213 0.456357 0.949889 0.462553
54 0.495255 0.460554 0.949889 0.452026
8 0.496036 0.458955 0.951452 0.455224
3 0.505019 0.520389 0.902239 0.33662
58 0.505019 0.520389 0.902239 0.33662
61 0.493302 0.453691 0.941297 0.462553
32 0.505019 0.520389 0.902239 0.33662
4 0.493302 0.452292 0.955358 0.447228
3 0.493302 0.452292 0.955358 0.447228
58 0.496817 0.456823 0.951452 0.439232
68 0.496817 0.457623 0.949889 0.440832
57 0.494474 0.451493 0.951452 0.450959
59 0.496817 0.456823 0.951452 0.439232
28 0.494474 0.451493 0.951452 0.450959
56 0.493302 0.452292 0.955358 0.447228
32 0.493302 0.452292 0.955358 0.447228
0 0.494474 0.451493 0.951452 0.450959
5 0.493302 0.452292 0.955358 0.447228
23 0.496817 0.456823 0.951452 0.439232
10 0.493302 0.452292 0.955358 0.447228
52 0.489787 0.44936 0.940516 0.455224
69 0.494474 0.451493 0.951452 0.450959
1 0.489787 0.44936 0.940516 0.455224
22 0.496817 0.457623 0.949889 0.440832
31 0.494083 0.451226 0.952233 0.455757
29 0.494474 0.451493 0.951452 0.450959
8 0.496817 0.456823 0.951452 0.439232
7 0.496817 0.457623 0.949889 0.440832
60 0.496817 0.457623 0.949889 0.440832
6 0.494474 0.451493 0.951452 0.450959
2 0.492911 0.450426 0.937391 0.45096
34 0.493302 0.452292 0.955358 0.447228
54 0.496817 0.456823 0.951452 0.439232
67 0.496817 0.457623 0.949889 0.440832
39 0.493302 0.452292 0.955358 0.447228
21 0.493302 0.452292 0.955358 0.447228
3 0.528845 0.535315 0.843652 0.296109
