2 0.498936 0.539444 0.97601 0.583333
57 0.485663 0.547778 0.965079 0.57
62 0.497375 0.544583 0.972887 0.579722
20 0.485663 0.547778 0.965079 0.57
67 0.489567 0.54125 0.972887 0.5775
36 0.391185 0.554444 0.776123 0.554444
49 0.480587 0.526111 0.953367 0.624444
60 0.485663 0.547778 0.965079 0.57
72 0.489957 0.544444 0.96586 0.577778
4 0.497375 0.544583 0.972887 0.579722
41 0.485663 0.547778 0.965079 0.57
33 0.485663 0.547778 0.965079 0.57
49 0.231705 0.560139 0.456382 0.541944
22 0.485663 0.547778 0.965079 0.57
35 0.485663 0.547778 0.965079 0.57
46 0.516895 0.545 0.958832 0.578889
22 0.25103 0.563472 0.494251 0.541944
71 0.497375 0.542222 0.963517 0.585555
65 0.485663 0.547778 0.965079 0.57
4 0.258057 0.562222 0.509087 0.538889
66 0.485663 0.547778 0.965079 0.57
64 0.497375 0.544583 0.972887 0.579722
8 0.497375 0.542222 0.963517 0.585555
70 0.231705 0.560139 0.456382 0.541944
44 0.446232 0.556111 0.884656 0.554444
70 0.472779 0.546111 0.939312 0.57
54 0.249078 0.562778 0.488786 0.541111
66 0.231705 0.560139 0.456382 0.541944
41 0.231705 0.560139 0.456382 0.541944
40 0.485663 0.547778 0.965079 0.57
7 0.391185 0.554444 0.776123 0.554444
13 0.480587 0.526111 0.953367 0.624444
31 0.497375 0.544583 0.972887 0.579722
33 0.49269 0.544444 0.954148 0.584444
2 0.49269 0.544444 0.954148 0.584444
66 0.49269 0.544444 0.954148 0.584444
20 0.49269 0.544444 0.954148 0.584444
69 0.499327 0.542083 0.96586 0.591389
44 0.49269 0.544444 0.954148 0.584444
36 0.49269 0.544444 0.954148 0.584444
10 0.490347 0.537222 0.940093 0.576667
8 0.495813 0.547639 0.961956 0.586944
67 0.495813 0.547639 0.961956 0.586944
4 0.495813 0.547639 0.961956 0.586944
62 0.495813 0.547639 0.961956 0.586944
57 0.49269 0.544444 0.954148 0.584444
35 0.49269 0.544444 0.954148 0.584444
65 0.49269 0.544444 0.954148 0.584444
45 0.496594 0.549028 0.955709 0.584167
60 0.480197 0.544444 0.932285 0.58
3 0.47395 0.540556 0.947901 0.593333
40 0.49269 0.544444 0.954148 0.584444
41 0.470046 0.545 0.940093 0.581111
72 0.499327 0.542083 0.96586 0.591389
22 0.49269 0.544444 0.954148 0.584444
32 0.495813 0.547639 0.961956 0.586944
58 0.47395 0.540556 0.947901 0.593333
30 0.495813 0.547639 0.961956 0.586944
29 0.495813 0.547639 0.961956 0.586944
6 0.490347 0.546111 0.949463 0.586667
23 0.490347 0.537222 0.940093 0.576667
54 0.47395 0.540556 0.947901 0.593333
1 0.46419 0.507708 0.926819 0.527917
68 0.490347 0.537222 0.940093 0.576667
26 0.490347 0.546111 0.949463 0.586667
33 0.47395 0.536111 0.935408 0.607778
62 0.488005 0.536667 0.96664 0.611111
44 0.47395 0.536111 0.935408 0.607778
36 0.47395 0.536111 0.935408 0.607778
65 0.468485 0.527778 0.924477 0.618889
29 0.488005 0.536667 0.96664 0.611111
67 0.488005 0.536667 0.96664 0.611111
20 0.47395 0.536111 0.935408 0.607778
35 0.488005 0.536667 0.96664 0.611111
8 0.488005 0.536667 0.96664 0.611111
30 0.488005 0.536667 0.96664 0.611111
66 0.47395 0.536111 0.935408 0.607778
54 0.488005 0.536667 0.96664 0.611111
45 0.491909 0.544583 0.96664 0.601944
2 0.491909 0.544583 0.96664 0.601944
6 0.488005 0.536667 0.96664 0.611111
69 0.468485 0.527778 0.924477 0.618889
4 0.488005 0.536667 0.96664 0.611111
57 0.47395 0.539444 0.941655 0.602222
39 0.47395 0.539444 0.941655 0.602222
10 0.468485 0.527778 0.924477 0.618889
32 0.47395 0.536111 0.935408 0.607778
40 0.488005 0.536667 0.96664 0.611111
60 0.488005 0.536667 0.96664 0.611111
0 0.488005 0.536667 0.96664 0.611111
61 0.471608 0.541667 0.943216 0.594444
1 0.468485 0.527778 0.924477 0.618889
23 0.471608 0.541667 0.943216 0.594444
41 0.488005 0.536667 0.96664 0.611111
22 0.491909 0.544583 0.96664 0.601944
3 0.463019 0.5225 0.926038 0.626111
5 0.467704 0.538333 0.935408 0.602222
34 0.463019 0.5225 0.926038 0.626111
8 0.488005 0.546667 0.96664 0.593333
67 0.488005 0.542361 0.969764 0.593056
36 0.488005 0.542361 0.969764 0.593056
29 0.488005 0.542361 0.969764 0.593056
33 0.507525 0.548333 0.977572 0.593333
20 0.488005 0.546667 0.96664 0.593333
30 0.488005 0.542361 0.969764 0.593056
44 0.488005 0.546667 0.96664 0.593333
54 0.488005 0.542361 0.969764 0.593056
35 0.507525 0.548333 0.977572 0.593333
66 0.507525 0.548333 0.977572 0.593333
62 0.488005 0.542361 0.969764 0.593056
65 0.488005 0.542361 0.969764 0.593056
6 0.509087 0.543333 0.977572 0.593333
45 0.488005 0.546667 0.96664 0.593333
57 0.487224 0.542222 0.963517 0.596667
34 0.489567 0.546111 0.972887 0.585556
61 0.487224 0.542222 0.963517 0.596667
39 0.487224 0.542222 0.963517 0.596667
28 0.488395 0.548333 0.972106 0.587778
10 0.488395 0.548333 0.972106 0.587778
1 0.489567 0.546111 0.972887 0.585556
4 0.488005 0.546667 0.96664 0.593333
32 0.488005 0.546667 0.96664 0.593333
2 0.507525 0.548333 0.977572 0.593333
23 0.479026 0.545 0.954928 0.588889
21 0.487224 0.542222 0.963517 0.596667
69 0.509087 0.543333 0.977572 0.593333
60 0.509087 0.543333 0.977572 0.593333
31 0.486443 0.545 0.958832 0.594444
40 0.507525 0.548333 0.977572 0.593333
22 0.488005 0.546667 0.96664 0.593333
5 0.488395 0.548333 0.972106 0.587778
0 0.509087 0.543333 0.977572 0.593333
7 0.488005 0.546667 0.96664 0.593333
56 0.488005 0.546667 0.96664 0.593333
68 0.478635 0.547778 0.941655 0.584444
59 0.488005 0.542361 0.969764 0.593056
41 0.488005 0.546667 0.96664 0.593333
72 0.488005 0.542361 0.969764 0.593056
3 0.489567 0.546111 0.972887 0.585556
58 0.478635 0.547778 0.941655 0.584444
29 0.488786 0.547222 0.977572 0.601111
65 0.488786 0.547222 0.977572 0.601111
54 0.488786 0.547222 0.977572 0.601111
35 0.490347 0.552222 0.980695 0.6
66 0.490347 0.552222 0.980695 0.6
45 0.490347 0.552222 0.980695 0.6
30 0.488786 0.547222 0.977572 0.601111
8 0.490347 0.552222 0.980695 0.6
44 0.488786 0.547222 0.977572 0.601111
20 0.490347 0.552222 0.980695 0.6
62 0.488786 0.547222 0.977572 0.601111
36 0.488786 0.547222 0.977572 0.601111
6 0.488786 0.547222 0.977572 0.601111
4 0.490347 0.552222 0.980695 0.6
33 0.490347 0.552222 0.980695 0.6
39 0.487224 0.552778 0.974448 0.586667
21 0.490347 0.552222 0.980695 0.6
67 0.488786 0.547222 0.977572 0.601111
28 0.492299 0.553333 0.983037 0.594444
34 0.475512 0.553333 0.951024 0.582222
57 0.487224 0.552778 0.974448 0.586667
10 0.491519 0.548889 0.981476 0.593333
32 0.488786 0.547222 0.977572 0.601111
61 0.487224 0.552778 0.974448 0.586667
2 0.490347 0.552222 0.980695 0.6
7 0.490347 0.552222 0.980695 0.6
1 0.491519 0.548889 0.981476 0.593333
22 0.490347 0.552222 0.980695 0.6
69 0.488786 0.547222 0.977572 0.601111
60 0.490347 0.552222 0.980695 0.6
5 0.492299 0.553333 0.983037 0.594444
31 0.48293 0.546528 0.95649 0.598056
56 0.488786 0.547222 0.977572 0.601111
23 0.487224 0.552778 0.974448 0.586667
0 0.488786 0.547222 0.977572 0.601111
59 0.488786 0.547222 0.977572 0.601111
29 0.503621 0.542778 0.98538 0.605556
21 0.50284 0.539444 0.986941 0.605556
8 0.50284 0.539444 0.986941 0.605556
65 0.503621 0.542778 0.98538 0.605556
4 0.503621 0.542778 0.98538 0.605556
45 0.50284 0.539444 0.986941 0.605556
44 0.503621 0.542778 0.98538 0.605556
30 0.503621 0.542778 0.98538 0.605556
54 0.503621 0.542778 0.98538 0.605556
34 0.493861 0.537222 0.979914 0.607778
20 0.503621 0.542778 0.98538 0.605556
35 0.50284 0.539444 0.986941 0.605556
39 0.50284 0.539444 0.986941 0.605556
66 0.490738 0.532222 0.970544 0.615556
28 0.492299 0.533611 0.973668 0.610556
67 0.504012 0.54375 0.981476 0.605833
31 0.491909 0.537083 0.971325 0.608056
7 0.503621 0.542778 0.98538 0.605556
10 0.491128 0.537778 0.972887 0.612222
62 0.503621 0.542778 0.98538 0.605556
57 0.50284 0.539444 0.986941 0.605556
6 0.503621 0.542778 0.98538 0.605556
32 0.503621 0.542778 0.98538 0.605556
36 0.491128 0.537778 0.972887 0.612222
61 0.50284 0.539444 0.986941 0.605556
68 0.491909 0.537083 0.971325 0.608056
33 0.50284 0.539444 0.986941 0.605556
59 0.491128 0.537778 0.972887 0.612222
52 0.491128 0.537778 0.972887 0.612222
60 0.503621 0.542778 0.98538 0.605556
5 0.492299 0.533611 0.973668 0.610556
56 0.503621 0.542778 0.98538 0.605556
69 0.503621 0.542778 0.98538 0.605556
23 0.491128 0.537778 0.972887 0.612222
1 0.493861 0.537222 0.979914 0.607778
3 0.491128 0.537778 0.972887 0.612222
22 0.490738 0.532222 0.970544 0.615556
29 0.504402 0.541667 0.98538 0.598889
65 0.49269 0.537639 0.969764 0.600278
21 0.503231 0.545 0.986161 0.594444
45 0.503231 0.545 0.986161 0.594444
35 0.504402 0.541667 0.98538 0.598889
30 0.504402 0.541667 0.98538 0.598889
8 0.491909 0.543194 0.968202 0.598056
34 0.495032 0.537639 0.983818 0.598055
44 0.504402 0.541667 0.98538 0.598889
4 0.504402 0.541667 0.98538 0.598889
20 0.503231 0.545 0.986161 0.594444
39 0.503231 0.545 0.986161 0.594444
54 0.504402 0.541667 0.98538 0.598889
36 0.49269 0.537639 0.969764 0.600278
6 0.504402 0.541667 0.98538 0.598889
7 0.504402 0.541667 0.98538 0.598889
61 0.491909 0.543194 0.968202 0.598056
62 0.504402 0.541667 0.98538 0.598889
28 0.494642 0.541111 0.979914 0.598889
57 0.504402 0.541667 0.98538 0.598889
33 0.491909 0.543194 0.968202 0.598056
67 0.504402 0.541667 0.98538 0.598889
66 0.491909 0.543194 0.968202 0.598056
31 0.504402 0.543333 0.983818 0.61
32 0.504402 0.541667 0.98538 0.598889
10 0.491909 0.543194 0.968202 0.598056
60 0.504402 0.541667 0.98538 0.598889
69 0.504402 0.541667 0.98538 0.598889
5 0.491909 0.543194 0.968202 0.598056
23 0.490738 0.542222 0.967421 0.597778
56 0.504402 0.541667 0.98538 0.598889
1 0.49269 0.537639 0.969764 0.600278
2 0.49269 0.537639 0.969764 0.600278
59 0.49269 0.537639 0.969764 0.600278
29 0.506744 0.550139 0.97601 0.610833
21 0.500498 0.550556 0.963517 0.597778
34 0.506744 0.550139 0.97601 0.610833
65 0.506744 0.550139 0.97601 0.610833
4 0.506744 0.550139 0.97601 0.610833
45 0.500498 0.550556 0.963517 0.597778
8 0.507916 0.550972 0.978352 0.6025
35 0.506744 0.550139 0.97601 0.610833
57 0.506744 0.550139 0.97601 0.610833
30 0.506744 0.550139 0.97601 0.610833
44 0.506744 0.550139 0.97601 0.610833
52 0.50206 0.547639 0.963517 0.604722
28 0.500498 0.550556 0.963517 0.597778
10 0.500498 0.550556 0.963517 0.597778
31 0.50206 0.547639 0.963517 0.604722
60 0.506744 0.550139 0.97601 0.610833
20 0.507916 0.550972 0.978352 0.6025
39 0.507916 0.550972 0.978352 0.6025
23 0.50206 0.547639 0.963517 0.604722
62 0.506744 0.550139 0.97601 0.610833
67 0.506744 0.550139 0.97601 0.610833
32 0.506744 0.550139 0.97601 0.610833
6 0.506744 0.550139 0.97601 0.610833
7 0.506744 0.550139 0.97601 0.610833
54 0.506744 0.550139 0.97601 0.610833
59 0.50206 0.547639 0.963517 0.604722
61 0.500498 0.550556 0.963517 0.597778
69 0.506744 0.550139 0.97601 0.610833
36 0.50206 0.547639 0.963517 0.604722
56 0.50206 0.547639 0.963517 0.604722
0 0.506744 0.550139 0.97601 0.610833
2 0.50206 0.547639 0.963517 0.604722
33 0.506744 0.550139 0.97601 0.610833
3 0.50206 0.547639 0.963517 0.604722
5 0.500498 0.550556 0.963517 0.597778
1 0.50206 0.547639 0.963517 0.604722
22 0.506744 0.550139 0.97601 0.610833
66 0.500498 0.550556 0.963517 0.597778
29 0.503621 0.545556 0.972887 0.6
65 0.503621 0.545556 0.972887 0.6
21 0.505183 0.547222 0.97601 0.594444
34 0.503621 0.545556 0.972887 0.6
4 0.503621 0.545556 0.972887 0.6
45 0.498156 0.547222 0.965079 0.593333
35 0.503621 0.545556 0.972887 0.6
57 0.503621 0.545556 0.972887 0.6
8 0.503621 0.545556 0.972887 0.6
44 0.503621 0.545556 0.972887 0.6
30 0.503621 0.545556 0.972887 0.6
31 0.497765 0.544444 0.964298 0.597778
23 0.497765 0.544444 0.964298 0.597778
62 0.506637 0.545694 0.986726 0.593056
52 0.497765 0.544444 0.964298 0.597778
39 0.498156 0.547222 0.965079 0.593333
28 0.498156 0.547222 0.965079 0.593333
2 0.497765 0.544444 0.964298 0.597778
10 0.498156 0.547222 0.965079 0.593333
20 0.503621 0.545556 0.972887 0.6
60 0.503621 0.545556 0.972887 0.6
36 0.497765 0.544444 0.964298 0.597778
6 0.503621 0.545556 0.972887 0.6
32 0.503621 0.545556 0.972887 0.6
56 0.497765 0.544444 0.964298 0.597778
59 0.497765 0.544444 0.964298 0.597778
54 0.497765 0.544444 0.964298 0.597778
67 0.496594 0.546111 0.958832 0.598889
61 0.498156 0.547222 0.965079 0.593333
7 0.503621 0.545556 0.972887 0.6
5 0.498156 0.547222 0.965079 0.593333
69 0.503621 0.545556 0.972887 0.6
22 0.503621 0.545556 0.972887 0.6
0 0.497765 0.544444 0.964298 0.597778
3 0.503621 0.545556 0.972887 0.6
33 0.505183 0.547222 0.97601 0.594444
66 0.506246 0.548333 0.987507 0.592222
1 0.506637 0.545694 0.986726 0.593056
21 0.504792 0.545 0.983037 0.602222
29 0.504792 0.545 0.983037 0.603333
65 0.504792 0.545 0.983037 0.603333
34 0.504792 0.545 0.983037 0.603333
45 0.504792 0.545 0.983037 0.602222
4 0.504792 0.545 0.983037 0.603333
57 0.504792 0.545 0.983037 0.603333
8 0.504792 0.545 0.983037 0.602222
61 0.495032 0.543889 0.961956 0.603333
10 0.495032 0.543889 0.961956 0.603333
39 0.504792 0.545 0.983037 0.602222
35 0.504792 0.545 0.983037 0.603333
23 0.504792 0.545 0.983037 0.603333
52 0.504792 0.545 0.983037 0.603333
30 0.493471 0.548333 0.958832 0.616667
60 0.504792 0.545 0.983037 0.603333
28 0.504792 0.545 0.983037 0.602222
56 0.504792 0.545 0.983037 0.603333
44 0.504792 0.545 0.983037 0.603333
0 0.504792 0.545 0.983037 0.603333
31 0.493471 0.548333 0.958832 0.616667
62 0.500498 0.542222 0.988503 0.602222
67 0.493471 0.548333 0.958832 0.616667
54 0.504792 0.545 0.983037 0.603333
59 0.496204 0.542778 0.96586 0.603333
22 0.504792 0.545 0.983037 0.603333
69 0.504792 0.545 0.983037 0.603333
20 0.504792 0.545 0.983037 0.602222
33 0.504792 0.545 0.983037 0.602222
2 0.504792 0.545 0.983037 0.603333
32 0.504792 0.545 0.983037 0.603333
7 0.504792 0.545 0.983037 0.603333
6 0.504792 0.545 0.983037 0.603333
5 0.495032 0.543889 0.961956 0.603333
36 0.493471 0.548333 0.958832 0.616667
3 0.504792 0.545 0.983037 0.603333
29 0.501279 0.548889 0.986941 0.597778
21 0.50206 0.55125 0.988503 0.590833
65 0.50206 0.55125 0.988503 0.590833
45 0.493861 0.550556 0.973668 0.585556
4 0.501279 0.548889 0.986941 0.597778
35 0.50206 0.55125 0.988503 0.590833
34 0.501279 0.548889 0.986941 0.597778
30 0.501279 0.548889 0.986941 0.597778
8 0.50206 0.55125 0.988503 0.590833
20 0.50206 0.55125 0.988503 0.590833
44 0.50206 0.551667 0.991626 0.581111
57 0.495032 0.547778 0.971325 0.59
6 0.501279 0.548889 0.986941 0.597778
39 0.493861 0.550556 0.973668 0.585556
23 0.501279 0.548889 0.986941 0.597778
31 0.501279 0.548889 0.986941 0.597778
66 0.50206 0.551667 0.991626 0.581111
7 0.501279 0.548889 0.986941 0.597778
59 0.501279 0.548889 0.986941 0.597778
36 0.491909 0.549028 0.971325 0.590833
54 0.501279 0.548889 0.986941 0.597778
10 0.495032 0.547778 0.971325 0.59
33 0.50206 0.551667 0.991626 0.581111
32 0.501279 0.548889 0.986941 0.597778
61 0.50206 0.551667 0.991626 0.581111
28 0.50206 0.551667 0.991626 0.581111
60 0.501279 0.548889 0.986941 0.597778
62 0.500498 0.552083 0.988503 0.578056
56 0.501279 0.548889 0.986941 0.597778
3 0.501279 0.548889 0.986941 0.597778
2 0.491909 0.549028 0.971325 0.590833
52 0.50206 0.551667 0.991626 0.581111
29 0.498936 0.545417 0.980695 0.604722
21 0.500498 0.545417 0.980695 0.600278
30 0.498936 0.545417 0.980695 0.604722
8 0.500498 0.545417 0.980695 0.600278
65 0.490738 0.544444 0.964298 0.602222
45 0.500498 0.545417 0.980695 0.600278
34 0.494642 0.544444 0.979914 0.598889
4 0.500498 0.545417 0.980695 0.600278
39 0.493471 0.546667 0.961956 0.595556
20 0.500498 0.545417 0.980695 0.600278
35 0.508306 0.544444 0.969764 0.607778
57 0.498936 0.545417 0.980695 0.604722
23 0.498936 0.545417 0.980695 0.604722
44 0.498936 0.545417 0.980695 0.604722
10 0.493471 0.546667 0.961956 0.595556
31 0.488786 0.541111 0.963517 0.604444
60 0.498936 0.545417 0.980695 0.604722
59 0.500498 0.545417 0.980695 0.600278
61 0.495813 0.546111 0.979133 0.594444
67 0.488786 0.541111 0.963517 0.604444
28 0.493471 0.546667 0.961956 0.595556
6 0.498936 0.545417 0.980695 0.604722
7 0.498936 0.545417 0.980695 0.604722
32 0.506744 0.544306 0.972887 0.609167
56 0.498936 0.545417 0.980695 0.604722
62 0.490738 0.544444 0.964298 0.602222
0 0.494642 0.544444 0.979914 0.598889
52 0.495813 0.546111 0.979133 0.594444
36 0.488786 0.541111 0.963517 0.604444
69 0.506744 0.544306 0.972887 0.609167
54 0.506744 0.544306 0.972887 0.609167
58 0.488786 0.541111 0.963517 0.604444
2 0.494642 0.544444 0.979914 0.598889
68 0.495813 0.544444 0.974448 0.603333
33 0.493471 0.546667 0.961956 0.595556
3 0.498936 0.545417 0.980695 0.604722
29 0.504012 0.546528 0.973668 0.6025
21 0.504402 0.547778 0.971325 0.6
65 0.504012 0.546528 0.973668 0.6025
4 0.504012 0.546528 0.973668 0.6025
20 0.504012 0.546528 0.973668 0.6025
30 0.504012 0.546528 0.973668 0.6025
45 0.504402 0.547778 0.971325 0.6
34 0.504012 0.546528 0.973668 0.6025
35 0.504012 0.546528 0.973668 0.6025
8 0.504012 0.546528 0.973668 0.6025
23 0.500498 0.550972 0.988503 0.589167
31 0.504012 0.546528 0.973668 0.6025
39 0.498546 0.54875 0.964298 0.595833
62 0.496204 0.548889 0.96586 0.593333
10 0.500498 0.550972 0.988503 0.589167
28 0.500498 0.550972 0.988503 0.589167
57 0.504012 0.546528 0.973668 0.6025
60 0.501279 0.54875 0.990065 0.591389
44 0.500498 0.550972 0.988503 0.589167
2 0.501279 0.54875 0.990065 0.591389
6 0.504012 0.546528 0.973668 0.6025
59 0.504012 0.546528 0.973668 0.6025
52 0.500498 0.550972 0.988503 0.589167
0 0.501279 0.54875 0.990065 0.591389
7 0.504012 0.546528 0.973668 0.6025
56 0.504012 0.546528 0.973668 0.6025
22 0.500498 0.550972 0.988503 0.589167
5 0.500498 0.550972 0.988503 0.589167
54 0.504012 0.546528 0.973668 0.6025
66 0.500498 0.550972 0.988503 0.589167
61 0.500498 0.550972 0.988503 0.589167
32 0.500498 0.550972 0.988503 0.589167
3 0.504012 0.546528 0.973668 0.6025
69 0.504012 0.546528 0.973668 0.6025
67 0.49269 0.487778 0.960394 0.712222
1 0.498546 0.54875 0.964298 0.595833
36 0.49269 0.487778 0.960394 0.712222
29 0.503621 0.544444 0.979133 0.605556
21 0.505183 0.544583 0.979133 0.5975
65 0.503621 0.544444 0.979133 0.605556
4 0.503621 0.544444 0.979133 0.605556
45 0.505183 0.544583 0.979133 0.5975
8 0.503621 0.544444 0.979133 0.605556
30 0.503621 0.544444 0.979133 0.605556
34 0.503621 0.544444 0.979133 0.605556
35 0.50206 0.549028 0.986941 0.590833
44 0.503621 0.544444 0.979133 0.605556
20 0.505183 0.544583 0.979133 0.5975
7 0.503621 0.544444 0.979133 0.605556
57 0.503621 0.544444 0.979133 0.605556
61 0.50206 0.549028 0.986941 0.590833
59 0.503621 0.544444 0.979133 0.605556
23 0.503621 0.544444 0.979133 0.605556
31 0.503621 0.544444 0.979133 0.605556
10 0.503621 0.544444 0.979133 0.605556
6 0.503621 0.544444 0.979133 0.605556
39 0.50206 0.549028 0.986941 0.590833
54 0.503621 0.544444 0.979133 0.605556
28 0.50206 0.549028 0.986941 0.590833
32 0.503621 0.544444 0.979133 0.605556
66 0.50206 0.549028 0.986941 0.590833
56 0.503621 0.544444 0.979133 0.605556
60 0.503621 0.544444 0.979133 0.605556
3 0.503621 0.544444 0.979133 0.605556
62 0.503621 0.544444 0.979133 0.605556
52 0.50206 0.549028 0.986941 0.590833
36 0.503621 0.544444 0.979133 0.605556
0 0.503621 0.544444 0.979133 0.605556
1 0.505183 0.544583 0.979133 0.5975
67 0.503621 0.544444 0.979133 0.605556
69 0.503621 0.544444 0.979133 0.605556
21 0.505964 0.536667 0.983818 0.618889
29 0.506354 0.539028 0.983037 0.619722
65 0.506354 0.539028 0.983037 0.619722
34 0.500888 0.541667 0.993969 0.605556
4 0.506354 0.539028 0.983037 0.619722
61 0.500888 0.541667 0.993969 0.605556
45 0.505964 0.536667 0.983818 0.618889
44 0.506354 0.539028 0.983037 0.619722
8 0.505964 0.536667 0.983818 0.618889
35 0.505964 0.536667 0.983818 0.618889
10 0.506354 0.539028 0.983037 0.619722
23 0.50206 0.545 0.979133 0.597778
57 0.506354 0.539028 0.983037 0.619722
59 0.506354 0.539028 0.983037 0.619722
30 0.506354 0.539028 0.983037 0.619722
28 0.500888 0.541667 0.993969 0.605556
62 0.500888 0.539444 0.993969 0.611111
36 0.505964 0.536667 0.983818 0.618889
54 0.506354 0.539028 0.983037 0.619722
58 0.498936 0.545556 0.988503 0.597778
32 0.506354 0.539028 0.983037 0.619722
0 0.506354 0.539028 0.983037 0.619722
52 0.500888 0.541667 0.993969 0.605556
7 0.506354 0.539028 0.983037 0.619722
56 0.506354 0.539028 0.983037 0.619722
60 0.506354 0.539028 0.983037 0.619722
31 0.500888 0.539444 0.993969 0.611111
21 0.507916 0.542361 0.973668 0.5975
29 0.507916 0.542361 0.973668 0.5975
65 0.507916 0.542361 0.973668 0.5975
34 0.507916 0.542361 0.973668 0.5975
4 0.507916 0.542361 0.973668 0.5975
23 0.507916 0.542361 0.973668 0.5975
45 0.507916 0.542361 0.973668 0.5975
61 0.507916 0.542361 0.973668 0.5975
10 0.507916 0.542361 0.973668 0.5975
35 0.500498 0.545556 0.98538 0.584444
57 0.507916 0.542361 0.973668 0.5975
28 0.507916 0.542361 0.973668 0.5975
58 0.507916 0.542361 0.973668 0.5975
0 0.507916 0.542361 0.973668 0.5975
62 0.493861 0.542222 0.954928 0.593333
59 0.507916 0.542361 0.973668 0.5975
30 0.493861 0.542222 0.954928 0.593333
8 0.509868 0.543889 0.974448 0.601111
52 0.507916 0.542361 0.973668 0.5975
60 0.507916 0.542361 0.973668 0.5975
31 0.498546 0.542361 0.983037 0.593056
2 0.498546 0.542361 0.983037 0.593056
7 0.507916 0.542361 0.973668 0.5975
3 0.507916 0.542361 0.973668 0.5975
39 0.500498 0.545556 0.98538 0.584444
36 0.493861 0.542222 0.954928 0.593333
22 0.507916 0.542361 0.973668 0.5975
56 0.493861 0.542222 0.954928 0.593333
5 0.500498 0.545556 0.98538 0.584444
54 0.495813 0.545 0.957271 0.585556
33 0.493861 0.542222 0.954928 0.593333
44 0.507916 0.542361 0.973668 0.5975
29 0.511039 0.54125 0.976791 0.599722
21 0.50284 0.543333 0.986941 0.596667
65 0.50284 0.543333 0.986941 0.596667
34 0.495813 0.538889 0.980695 0.597778
4 0.511039 0.54125 0.976791 0.599722
45 0.50284 0.543333 0.986941 0.596667
61 0.495032 0.542361 0.979133 0.595278
8 0.511039 0.54125 0.976791 0.599722
35 0.510931 0.540972 0.978137 0.6025
59 0.511039 0.54125 0.976791 0.599722
30 0.511039 0.54125 0.976791 0.599722
23 0.511039 0.54125 0.976791 0.599722
10 0.511039 0.54125 0.976791 0.599722
7 0.511039 0.54125 0.976791 0.599722
57 0.50284 0.543333 0.986941 0.596667
44 0.504012 0.550556 0.983037 0.611111
6 0.511039 0.54125 0.976791 0.599722
54 0.50284 0.543333 0.986941 0.596667
62 0.491128 0.539861 0.963517 0.598056
28 0.50284 0.543333 0.986941 0.596667
20 0.511039 0.54125 0.976791 0.599722
60 0.50284 0.543333 0.986941 0.596667
0 0.50284 0.543333 0.986941 0.596667
31 0.511039 0.54125 0.976791 0.599722
3 0.511039 0.54125 0.976791 0.599722
58 0.511039 0.54125 0.976791 0.599722
32 0.504012 0.550556 0.983037 0.611111
33 0.495032 0.542361 0.979133 0.595278
52 0.495032 0.542361 0.979133 0.595278
21 0.498936 0.542778 0.994749 0.595556
29 0.498936 0.540694 0.994749 0.600833
34 0.490738 0.545 0.981476 0.592222
10 0.490738 0.545 0.981476 0.592222
61 0.490738 0.545 0.981476 0.592222
8 0.498936 0.542778 0.994749 0.595556
23 0.488786 0.538889 0.977572 0.598889
65 0.490738 0.545 0.981476 0.592222
4 0.498936 0.540694 0.994749 0.600833
45 0.490738 0.545 0.981476 0.592222
30 0.498936 0.542778 0.994749 0.595556
58 0.488786 0.538889 0.977572 0.598889
59 0.488395 0.540972 0.973668 0.600278
35 0.498936 0.542778 0.994749 0.595556
28 0.490738 0.545 0.981476 0.592222
52 0.490738 0.545 0.981476 0.592222
57 0.498936 0.542778 0.994749 0.595556
7 0.498936 0.540694 0.994749 0.600833
60 0.488786 0.538889 0.977572 0.598889
44 0.498936 0.540694 0.994749 0.600833
20 0.498936 0.542778 0.994749 0.595556
39 0.490738 0.545 0.981476 0.592222
54 0.498936 0.540694 0.994749 0.600833
67 0.489567 0.540556 0.979133 0.598889
6 0.498936 0.542778 0.994749 0.595556
62 0.498936 0.540694 0.994749 0.600833
69 0.488786 0.538889 0.977572 0.598889
32 0.498936 0.540694 0.994749 0.600833
0 0.488786 0.538889 0.977572 0.598889
31 0.498936 0.540694 0.994749 0.600833
29 0.508696 0.547778 0.978352 0.595556
21 0.508696 0.547778 0.978352 0.595556
65 0.508696 0.547778 0.978352 0.595556
45 0.497375 0.55 0.982257 0.586667
4 0.508696 0.547778 0.978352 0.595556
30 0.508696 0.547778 0.978352 0.595556
35 0.497375 0.55 0.982257 0.586667
20 0.508696 0.547778 0.978352 0.595556
8 0.496984 0.547639 0.979914 0.589167
34 0.496984 0.547639 0.979914 0.589167
31 0.508696 0.547778 0.978352 0.595556
44 0.508696 0.547778 0.978352 0.595556
59 0.508696 0.547778 0.978352 0.595556
39 0.497375 0.55 0.982257 0.586667
62 0.496984 0.547639 0.979914 0.589167
60 0.496984 0.547639 0.979914 0.589167
57 0.508696 0.547778 0.978352 0.595556
10 0.497375 0.55 0.982257 0.586667
23 0.508696 0.547778 0.978352 0.595556
6 0.508306 0.549444 0.980695 0.592222
7 0.496984 0.547639 0.979914 0.589167
61 0.496984 0.547639 0.979914 0.589167
54 0.497375 0.55 0.982257 0.586667
29 0.498546 0.541667 0.986161 0.594444
21 0.498546 0.541667 0.986161 0.594444
65 0.498936 0.544306 0.98538 0.586944
34 0.491909 0.541111 0.977572 0.595556
4 0.498546 0.541667 0.986161 0.594444
61 0.493471 0.542778 0.979133 0.588889
10 0.493471 0.542778 0.979133 0.588889
23 0.491909 0.541111 0.977572 0.595556
57 0.498546 0.541667 0.986161 0.594444
45 0.493471 0.542778 0.979133 0.588889
59 0.498546 0.541667 0.986161 0.594444
8 0.493471 0.542778 0.979133 0.588889
35 0.506744 0.543194 0.972887 0.589167
28 0.498546 0.541667 0.986161 0.594444
58 0.498546 0.541667 0.986161 0.594444
0 0.498546 0.541667 0.986161 0.594444
7 0.506744 0.543194 0.972887 0.589167
30 0.498936 0.544306 0.98538 0.586944
6 0.506744 0.543194 0.972887 0.589167
44 0.498546 0.541667 0.986161 0.594444
32 0.498546 0.541667 0.986161 0.594444
60 0.498546 0.541667 0.986161 0.594444
3 0.49269 0.547778 0.963517 0.604444
36 0.506744 0.543194 0.972887 0.589167
62 0.491909 0.541111 0.977572 0.595556
31 0.498936 0.544306 0.98538 0.586944
29 0.50206 0.542778 0.98538 0.594444
21 0.50206 0.542778 0.98538 0.594444
65 0.50245 0.546667 0.984599 0.588889
4 0.50245 0.546667 0.984599 0.588889
8 0.489567 0.542222 0.96664 0.595556
34 0.489567 0.542222 0.96664 0.595556
30 0.50206 0.542778 0.98538 0.594444
59 0.488786 0.546806 0.952586 0.588611
23 0.489567 0.542222 0.96664 0.595556
20 0.50206 0.542778 0.98538 0.594444
45 0.49269 0.546667 0.972887 0.587778
10 0.49269 0.546667 0.972887 0.587778
61 0.489567 0.542222 0.96664 0.595556
57 0.50206 0.542778 0.98538 0.594444
6 0.50206 0.542778 0.98538 0.594444
35 0.50245 0.546667 0.984599 0.588889
7 0.489567 0.542222 0.96664 0.595556
39 0.489567 0.542222 0.96664 0.595556
58 0.472389 0.540972 0.915107 0.593611
28 0.50206 0.542778 0.98538 0.594444
31 0.50206 0.542778 0.98538 0.594444
60 0.489567 0.542222 0.96664 0.595556
44 0.489567 0.542222 0.96664 0.595556
32 0.50206 0.542778 0.98538 0.594444
0 0.50206 0.542778 0.98538 0.594444
3 0.472389 0.540972 0.915107 0.593611
62 0.489567 0.542222 0.96664 0.595556
56 0.489567 0.542222 0.96664 0.595556
29 0.501279 0.543889 0.988503 0.592222
21 0.501669 0.546667 0.989284 0.584444
65 0.501669 0.546667 0.989284 0.584444
34 0.493861 0.541667 0.983037 0.597778
4 0.490347 0.541667 0.968202 0.597778
23 0.493861 0.541667 0.983037 0.597778
10 0.494642 0.544444 0.984599 0.59
45 0.494642 0.544444 0.984599 0.59
7 0.493861 0.541667 0.983037 0.597778
0 0.501279 0.543889 0.988503 0.592222
8 0.494642 0.544444 0.984599 0.59
61 0.494642 0.544444 0.984599 0.59
59 0.493471 0.545417 0.977572 0.586944
28 0.501279 0.543889 0.988503 0.592222
57 0.501279 0.543889 0.988503 0.592222
58 0.493861 0.541667 0.983037 0.597778
5 0.490347 0.541667 0.968202 0.597778
3 0.501669 0.546667 0.989284 0.584444
20 0.501669 0.546667 0.989284 0.584444
35 0.494642 0.544444 0.984599 0.59
60 0.493861 0.541667 0.983037 0.597778
6 0.501669 0.546667 0.989284 0.584444
32 0.501279 0.543889 0.988503 0.592222
54 0.501669 0.546667 0.989284 0.584444
30 0.501669 0.546667 0.989284 0.584444
22 0.493861 0.541667 0.983037 0.597778
36 0.493861 0.541667 0.983037 0.597778
31 0.493861 0.541667 0.983037 0.597778
21 0.500108 0.545 0.989284 0.587778
29 0.500108 0.545 0.989284 0.587778
65 0.500108 0.545 0.989284 0.587778
34 0.488786 0.54125 0.974448 0.588611
45 0.489957 0.545556 0.978352 0.585556
61 0.489957 0.545556 0.978352 0.585556
4 0.500108 0.545 0.989284 0.587778
10 0.489957 0.545556 0.978352 0.585556
23 0.488786 0.54125 0.974448 0.588611
7 0.500108 0.545 0.989284 0.587778
59 0.500108 0.545 0.989284 0.587778
8 0.489957 0.545556 0.978352 0.585556
57 0.500108 0.545 0.989284 0.587778
35 0.510648 0.547222 0.971325 0.591111
6 0.510648 0.547222 0.971325 0.591111
28 0.500108 0.545 0.989284 0.587778
58 0.500108 0.545 0.989284 0.587778
3 0.510648 0.547222 0.971325 0.591111
0 0.500108 0.545 0.989284 0.587778
60 0.500108 0.545 0.989284 0.587778
54 0.500108 0.545 0.989284 0.587778
44 0.500108 0.545 0.989284 0.587778
30 0.500108 0.545 0.989284 0.587778
5 0.489957 0.545556 0.978352 0.585556
52 0.489957 0.545556 0.978352 0.585556
20 0.498936 0.548333 0.988503 0.586667
31 0.500108 0.545 0.989284 0.587778
29 0.498936 0.548889 0.991626 0.593333
21 0.498936 0.548889 0.991626 0.593333
34 0.486443 0.54875 0.972887 0.586944
65 0.485663 0.547222 0.971325 0.592222
4 0.498936 0.548889 0.991626 0.593333
10 0.486443 0.54875 0.972887 0.586944
61 0.486443 0.54875 0.972887 0.586944
45 0.486443 0.54875 0.972887 0.586944
8 0.498936 0.549444 0.991626 0.588889
57 0.498936 0.548889 0.991626 0.593333
23 0.481759 0.549028 0.963517 0.588611
28 0.487224 0.547778 0.968202 0.59
59 0.498936 0.548889 0.991626 0.593333
58 0.498936 0.548889 0.991626 0.593333
30 0.498936 0.549444 0.991626 0.588889
0 0.498936 0.548889 0.991626 0.593333
7 0.485663 0.547222 0.971325 0.592222
44 0.498936 0.548889 0.991626 0.593333
60 0.485663 0.547222 0.971325 0.592222
35 0.486443 0.54875 0.972887 0.586944
62 0.485663 0.547222 0.971325 0.592222
54 0.498936 0.548889 0.991626 0.593333
31 0.498936 0.548889 0.991626 0.593333
32 0.498936 0.548889 0.991626 0.593333
5 0.487224 0.547778 0.968202 0.59
3 0.488005 0.557222 0.969764 0.612222
29 0.509868 0.542778 0.972887 0.603333
21 0.498936 0.543333 0.988503 0.602222
65 0.49269 0.542361 0.98538 0.601944
45 0.498936 0.543333 0.988503 0.602222
4 0.498936 0.543333 0.988503 0.602222
34 0.491128 0.543194 0.982257 0.600278
61 0.49269 0.545 0.98538 0.592222
10 0.498936 0.543333 0.988503 0.602222
59 0.498936 0.543333 0.988503 0.602222
57 0.498936 0.543333 0.988503 0.602222
35 0.510648 0.544444 0.969764 0.595556
8 0.510648 0.544444 0.969764 0.595556
7 0.509868 0.542778 0.972887 0.603333
23 0.491128 0.543194 0.982257 0.600278
28 0.498936 0.543333 0.988503 0.602222
58 0.498936 0.543333 0.988503 0.602222
0 0.498936 0.543333 0.988503 0.602222
30 0.510648 0.544444 0.969764 0.595556
60 0.498936 0.543333 0.988503 0.602222
6 0.510648 0.544444 0.969764 0.595556
54 0.498936 0.543333 0.988503 0.602222
62 0.49269 0.542361 0.98538 0.601944
44 0.498936 0.543333 0.988503 0.602222
3 0.509868 0.542778 0.972887 0.603333
29 0.499717 0.546111 0.990065 0.596667
21 0.498936 0.549444 0.988503 0.591111
65 0.489567 0.545694 0.97601 0.5975
4 0.487615 0.548889 0.975229 0.595556
59 0.486834 0.548889 0.968983 0.594444
34 0.488786 0.546111 0.977572 0.598889
45 0.487615 0.548889 0.975229 0.595556
30 0.498936 0.549444 0.988503 0.591111
23 0.488786 0.546111 0.977572 0.598889
8 0.498936 0.549444 0.988503 0.591111
61 0.487615 0.548889 0.975229 0.595556
10 0.469656 0.547778 0.928381 0.591111
7 0.508306 0.547222 0.972887 0.592222
58 0.499717 0.546111 0.990065 0.596667
6 0.508306 0.547222 0.972887 0.592222
20 0.498936 0.549444 0.988503 0.591111
31 0.498936 0.549444 0.988503 0.591111
57 0.499717 0.546111 0.990065 0.596667
44 0.499717 0.546111 0.990065 0.596667
28 0.499717 0.546111 0.990065 0.596667
62 0.488786 0.546111 0.977572 0.598889
32 0.499717 0.546111 0.990065 0.596667
60 0.489567 0.545694 0.97601 0.5975
3 0.498936 0.549444 0.988503 0.591111
0 0.499717 0.546111 0.990065 0.596667
35 0.508306 0.547222 0.972887 0.592222
54 0.499717 0.546111 0.990065 0.596667
67 0.499717 0.546111 0.990065 0.596667
29 0.50206 0.543472 0.991626 0.595278
21 0.50206 0.543472 0.991626 0.595278
30 0.50206 0.543472 0.991626 0.595278
65 0.491909 0.544444 0.982257 0.595556
34 0.491909 0.544444 0.982257 0.595556
8 0.503621 0.541806 0.988503 0.594167
4 0.50206 0.541667 0.988503 0.592222
31 0.491909 0.541667 0.968202 0.595556
59 0.50206 0.543472 0.991626 0.595278
20 0.491909 0.541667 0.968202 0.595556
61 0.491909 0.544444 0.982257 0.595556
10 0.49269 0.544306 0.983818 0.584722
23 0.50206 0.541667 0.988503 0.592222
45 0.49269 0.544306 0.983818 0.584722
60 0.491909 0.544444 0.982257 0.595556
62 0.491909 0.541667 0.968202 0.595556
58 0.491909 0.541667 0.968202 0.595556
7 0.491909 0.541667 0.968202 0.595556
44 0.503621 0.541806 0.988503 0.594167
67 0.50206 0.543472 0.991626 0.595278
6 0.507916 0.541111 0.979914 0.596667
0 0.491909 0.544444 0.982257 0.595556
32 0.503621 0.541806 0.988503 0.594167
35 0.507916 0.541111 0.979914 0.596667
28 0.49269 0.544306 0.983818 0.584722
39 0.49269 0.544306 0.983818 0.584722
29 0.501279 0.545 0.991626 0.595556
21 0.501279 0.545 0.991626 0.595556
65 0.501279 0.545 0.991626 0.595556
34 0.489567 0.545417 0.979133 0.595833
4 0.501279 0.547639 0.990065 0.586944
23 0.490347 0.546667 0.980695 0.588889
10 0.490347 0.546667 0.980695 0.588889
45 0.501279 0.547639 0.990065 0.586944
61 0.490347 0.546667 0.980695 0.588889
59 0.501279 0.545 0.991626 0.595556
57 0.501279 0.545 0.991626 0.595556
7 0.508696 0.545556 0.981476 0.597778
58 0.501279 0.545 0.991626 0.595556
60 0.501279 0.545 0.991626 0.595556
8 0.501279 0.547639 0.990065 0.586944
28 0.501279 0.545 0.991626 0.595556
35 0.510258 0.547917 0.978352 0.593056
0 0.501279 0.545 0.991626 0.595556
6 0.510258 0.547917 0.978352 0.593056
30 0.508696 0.545556 0.981476 0.597778
3 0.501279 0.547639 0.990065 0.586944
31 0.501279 0.545 0.991626 0.595556
29 0.500108 0.542222 0.986161 0.587778
21 0.499717 0.541667 0.990065 0.59
65 0.489567 0.541667 0.979133 0.596667
4 0.488786 0.539028 0.977572 0.588611
30 0.500108 0.542222 0.986161 0.587778
34 0.489567 0.541667 0.979133 0.596667
45 0.488786 0.539028 0.977572 0.588611
7 0.500108 0.542222 0.986161 0.587778
59 0.506744 0.541111 0.977572 0.591111
23 0.500108 0.542222 0.986161 0.587778
8 0.498156 0.54125 0.988503 0.584167
31 0.475512 0.540139 0.946339 0.593055
20 0.475512 0.540139 0.946339 0.593055
60 0.475512 0.540139 0.946339 0.593055
10 0.500108 0.542222 0.986161 0.587778
61 0.489567 0.541667 0.979133 0.596667
6 0.506744 0.541111 0.977572 0.591111
57 0.506744 0.541111 0.977572 0.591111
35 0.508306 0.54125 0.972887 0.588611
58 0.475512 0.540139 0.946339 0.593055
39 0.489567 0.541667 0.979133 0.596667
3 0.475512 0.540139 0.946339 0.593055
44 0.489567 0.541667 0.979133 0.596667
62 0.475512 0.540139 0.946339 0.593055
32 0.500108 0.542222 0.986161 0.587778
29 0.498936 0.545 0.991626 0.598889
21 0.498936 0.545 0.991626 0.598889
34 0.489176 0.546111 0.978352 0.596667
65 0.489176 0.546111 0.978352 0.596667
4 0.498936 0.546528 0.991626 0.589167
61 0.489567 0.546111 0.979133 0.59
45 0.489567 0.546111 0.979133 0.59
10 0.489567 0.546111 0.979133 0.59
23 0.489176 0.546111 0.978352 0.596667
8 0.498936 0.546528 0.991626 0.589167
59 0.498936 0.546528 0.991626 0.589167
58 0.489176 0.546111 0.978352 0.596667
7 0.489176 0.546111 0.978352 0.596667
57 0.498936 0.545 0.991626 0.598889
60 0.489176 0.546111 0.978352 0.596667
30 0.479026 0.544306 0.95649 0.600278
3 0.498936 0.546528 0.991626 0.589167
28 0.489567 0.546111 0.979133 0.59
0 0.489176 0.546111 0.978352 0.596667
35 0.498936 0.546528 0.991626 0.589167
31 0.479026 0.544306 0.95649 0.600278
62 0.479026 0.544306 0.95649 0.600278
20 0.479026 0.544306 0.95649 0.600278
52 0.489567 0.546111 0.979133 0.59
6 0.498936 0.546528 0.991626 0.589167
29 0.499717 0.546528 0.993188 0.6025
21 0.486834 0.543333 0.973668 0.6
4 0.486834 0.543333 0.973668 0.6
23 0.480978 0.542222 0.961956 0.606667
59 0.482149 0.544444 0.964298 0.597778
34 0.486834 0.543333 0.973668 0.6
8 0.500108 0.545556 0.992407 0.597778
65 0.499717 0.546528 0.993188 0.6025
45 0.486834 0.543333 0.973668 0.6
30 0.500108 0.545556 0.992407 0.597778
58 0.480978 0.542222 0.961956 0.606667
10 0.486834 0.543333 0.973668 0.6
31 0.480978 0.542222 0.961956 0.606667
7 0.480978 0.542222 0.961956 0.606667
57 0.499717 0.546528 0.993188 0.6025
61 0.486834 0.543333 0.973668 0.6
35 0.500108 0.545556 0.992407 0.597778
20 0.434129 0.547222 0.865135 0.603333
6 0.499717 0.546528 0.993188 0.6025
39 0.480978 0.542222 0.961956 0.606667
60 0.480978 0.542222 0.961956 0.606667
28 0.499717 0.546528 0.993188 0.6025
44 0.499717 0.546528 0.993188 0.6025
3 0.401335 0.547083 0.802671 0.599167
0 0.499717 0.546528 0.993188 0.6025
32 0.434129 0.547222 0.865135 0.603333
21 0.498936 0.543333 0.98538 0.597778
29 0.498936 0.543333 0.98538 0.597778
65 0.487615 0.542778 0.970544 0.598889
34 0.481759 0.542222 0.963517 0.6
4 0.487615 0.543333 0.973668 0.596667
45 0.487615 0.543333 0.973668 0.596667
61 0.487615 0.543333 0.973668 0.596667
35 0.498936 0.543333 0.98538 0.597778
23 0.481759 0.542222 0.963517 0.6
57 0.498936 0.543333 0.98538 0.597778
30 0.481759 0.542222 0.963517 0.6
8 0.498156 0.544444 0.983818 0.594444
7 0.481759 0.542222 0.963517 0.6
39 0.481759 0.542222 0.963517 0.6
10 0.487615 0.543333 0.973668 0.596667
60 0.481759 0.542222 0.963517 0.6
28 0.487615 0.543333 0.973668 0.596667
59 0.498156 0.544444 0.983818 0.594444
33 0.481759 0.542222 0.963517 0.6
31 0.484882 0.544583 0.960394 0.604167
58 0.484882 0.544583 0.960394 0.604167
20 0.484882 0.544583 0.960394 0.604167
5 0.487615 0.543333 0.973668 0.596667
29 0.499717 0.550556 0.990065 0.603333
21 0.499717 0.550556 0.990065 0.603333
65 0.499717 0.550556 0.990065 0.603333
4 0.499717 0.550556 0.990065 0.603333
34 0.499717 0.550556 0.990065 0.603333
35 0.499717 0.548889 0.990065 0.601111
30 0.491128 0.544306 0.979133 0.6025
45 0.491128 0.544306 0.979133 0.6025
8 0.499717 0.548889 0.990065 0.601111
61 0.471608 0.542222 0.943216 0.606667
7 0.499717 0.548889 0.990065 0.601111
57 0.490347 0.546667 0.965079 0.594444
44 0.499717 0.550556 0.990065 0.603333
23 0.490738 0.545 0.973668 0.596667
6 0.499717 0.548889 0.990065 0.601111
31 0.499717 0.548889 0.990065 0.601111
29 0.499327 0.544306 0.992407 0.6025
65 0.486834 0.543889 0.973668 0.605556
21 0.486834 0.543889 0.973668 0.605556
34 0.488786 0.543333 0.977572 0.6
4 0.488786 0.543333 0.977572 0.6
30 0.499717 0.544444 0.990065 0.598889
45 0.486834 0.543889 0.973668 0.605556
23 0.499717 0.544444 0.990065 0.598889
60 0.486834 0.543889 0.973668 0.605556
8 0.499717 0.544444 0.990065 0.598889
62 0.486834 0.543889 0.973668 0.605556
59 0.499327 0.544306 0.992407 0.6025
20 0.499717 0.544444 0.990065 0.598889
31 0.486834 0.543889 0.973668 0.605556
7 0.486834 0.543889 0.973668 0.605556
58 0.499717 0.544444 0.990065 0.598889
10 0.499717 0.544444 0.990065 0.598889
35 0.499717 0.544444 0.990065 0.598889
29 0.500498 0.544306 0.991626 0.600278
21 0.500498 0.544306 0.991626 0.600278
34 0.491909 0.544444 0.979133 0.6
65 0.491909 0.544444 0.979133 0.6
4 0.493471 0.543889 0.982257 0.596667
8 0.501669 0.544583 0.989284 0.599722
30 0.501669 0.544583 0.989284 0.599722
23 0.491909 0.544444 0.979133 0.6
35 0.501669 0.544583 0.989284 0.599722
45 0.493471 0.543889 0.982257 0.596667
7 0.501669 0.544583 0.989284 0.599722
59 0.500498 0.544306 0.991626 0.600278
61 0.470046 0.54 0.940093 0.606667
10 0.466142 0.54 0.932285 0.611111
58 0.481368 0.551111 0.958052 0.602222
6 0.501669 0.544583 0.989284 0.599722
57 0.500498 0.544306 0.991626 0.600278
20 0.501669 0.544583 0.989284 0.599722
31 0.481368 0.551111 0.958052 0.602222
44 0.500498 0.544306 0.991626 0.600278
54 0.501669 0.544583 0.989284 0.599722
28 0.470046 0.54 0.940093 0.606667
29 0.499717 0.545139 0.991626 0.6075
21 0.499717 0.545139 0.991626 0.6075
34 0.487615 0.542222 0.973668 0.61
65 0.487224 0.543333 0.974448 0.608889
45 0.487615 0.542222 0.973668 0.61
4 0.489567 0.540972 0.97601 0.604722
23 0.487615 0.542222 0.973668 0.61
35 0.487615 0.542222 0.973668 0.61
7 0.487615 0.542222 0.973668 0.61
61 0.487615 0.542222 0.973668 0.61
30 0.487615 0.542222 0.973668 0.61
58 0.499717 0.545139 0.991626 0.6075
8 0.487615 0.542222 0.973668 0.61
57 0.499717 0.545139 0.991626 0.6075
31 0.487615 0.542222 0.973668 0.61
59 0.499717 0.545139 0.991626 0.6075
39 0.487615 0.542222 0.973668 0.61
60 0.499717 0.545139 0.991626 0.6075
33 0.487615 0.542222 0.973668 0.61
10 0.500498 0.543889 0.991626 0.605556
28 0.489567 0.540972 0.97601 0.604722
2 0.487615 0.542222 0.973668 0.61
3 0.489567 0.540972 0.97601 0.604722
54 0.500498 0.543889 0.991626 0.605556
22 0.487615 0.542222 0.973668 0.61
5 0.489567 0.540972 0.97601 0.604722
29 0.50284 0.545556 0.990065 0.606667
21 0.487615 0.543889 0.975229 0.604444
59 0.487615 0.542222 0.975229 0.6
30 0.496984 0.543472 0.993969 0.599722
4 0.487615 0.542222 0.975229 0.6
58 0.496984 0.543472 0.993969 0.599722
7 0.487615 0.543889 0.975229 0.604444
65 0.488395 0.545 0.976791 0.603333
31 0.487615 0.543889 0.975229 0.604444
23 0.487615 0.543889 0.975229 0.604444
45 0.487615 0.543889 0.975229 0.604444
8 0.487615 0.543889 0.975229 0.604444
57 0.497375 0.545417 0.994749 0.6025
60 0.487615 0.543889 0.975229 0.604444
20 0.496984 0.543472 0.993969 0.599722
34 0.496984 0.543472 0.993969 0.599722
6 0.487615 0.542222 0.975229 0.6
67 0.497375 0.545417 0.994749 0.6025
10 0.505964 0.546111 0.983818 0.602222
35 0.487615 0.543889 0.975229 0.604444
32 0.487615 0.543889 0.975229 0.604444
3 0.485663 0.548333 0.971325 0.613333
29 0.500498 0.543889 0.994749 0.598889
21 0.500498 0.543889 0.994749 0.598889
34 0.49269 0.545417 0.982257 0.598056
65 0.500498 0.543889 0.994749 0.598889
45 0.49269 0.545417 0.982257 0.598056
61 0.49269 0.545417 0.982257 0.598056
10 0.49269 0.545417 0.982257 0.598056
4 0.494642 0.545556 0.983037 0.592222
30 0.500108 0.545 0.993969 0.593333
59 0.500498 0.543889 0.994749 0.598889
8 0.49269 0.545417 0.982257 0.598056
23 0.49269 0.545417 0.982257 0.598056
60 0.500498 0.543889 0.994749 0.598889
7 0.49269 0.545417 0.982257 0.598056
57 0.500498 0.543889 0.994749 0.598889
58 0.49269 0.545417 0.982257 0.598056
20 0.49269 0.548889 0.980695 0.603333
35 0.505573 0.545694 0.987722 0.5975
31 0.49269 0.548889 0.980695 0.603333
29 0.501669 0.548889 0.993969 0.598889
21 0.501669 0.548889 0.993969 0.598889
30 0.50206 0.547778 0.991626 0.592222
65 0.489567 0.548333 0.977572 0.596667
45 0.489567 0.548333 0.977572 0.596667
59 0.50206 0.547778 0.991626 0.592222
4 0.492299 0.547222 0.979914 0.592222
58 0.489567 0.548333 0.977572 0.596667
20 0.489567 0.548333 0.977572 0.596667
60 0.501669 0.548889 0.993969 0.598889
31 0.50206 0.547778 0.991626 0.592222
57 0.501669 0.548889 0.993969 0.598889
23 0.49269 0.55 0.96664 0.585556
10 0.489567 0.548333 0.977572 0.596667
7 0.509868 0.547639 0.979133 0.595833
34 0.50206 0.547778 0.991626 0.592222
8 0.489567 0.548333 0.977572 0.596667
6 0.509868 0.547639 0.979133 0.595833
62 0.489567 0.548333 0.977572 0.596667
29 0.499717 0.546667 0.991626 0.598889
21 0.499327 0.547222 0.990845 0.6
65 0.489957 0.545556 0.979914 0.6
4 0.491519 0.544444 0.983037 0.602222
45 0.491519 0.544444 0.983037 0.602222
30 0.499327 0.547222 0.990845 0.6
34 0.491519 0.544444 0.983037 0.602222
20 0.499327 0.547222 0.990845 0.6
7 0.489957 0.545556 0.979914 0.6
61 0.491519 0.544444 0.983037 0.602222
62 0.489957 0.545556 0.979914 0.6
8 0.489957 0.545556 0.979914 0.6
6 0.501279 0.547222 0.990065 0.602222
60 0.489957 0.545556 0.979914 0.6
31 0.499327 0.547222 0.990845 0.6
10 0.491909 0.549444 0.974448 0.59
44 0.499717 0.546667 0.991626 0.598889
35 0.489957 0.545556 0.979914 0.6
59 0.501279 0.547222 0.990065 0.602222
23 0.491909 0.549444 0.974448 0.59
58 0.499327 0.547222 0.990845 0.6
3 0.501279 0.547222 0.990065 0.602222
29 0.498936 0.545417 0.994749 0.598056
21 0.499327 0.544306 0.993969 0.595833
65 0.499327 0.544306 0.993969 0.595833
4 0.488786 0.543333 0.977572 0.596667
30 0.499327 0.544306 0.993969 0.595833
34 0.488786 0.543333 0.977572 0.596667
7 0.50284 0.545 0.986941 0.598889
45 0.488786 0.543333 0.977572 0.596667
20 0.499327 0.544306 0.993969 0.595833
61 0.488786 0.543333 0.977572 0.596667
62 0.487224 0.545 0.974448 0.598889
60 0.498936 0.545417 0.994749 0.598056
8 0.499327 0.544306 0.993969 0.595833
6 0.50284 0.545 0.986941 0.598889
58 0.499327 0.544306 0.993969 0.595833
31 0.499327 0.544306 0.993969 0.595833
35 0.487224 0.545 0.974448 0.598889
44 0.498936 0.545417 0.994749 0.598056
10 0.488005 0.546111 0.968202 0.59
23 0.488005 0.546111 0.968202 0.59
59 0.50284 0.545 0.986941 0.598889
36 0.50284 0.545 0.986941 0.598889
3 0.50284 0.545 0.986941 0.598889
29 0.500108 0.544583 0.989284 0.5975
21 0.485663 0.544306 0.971325 0.598056
30 0.500108 0.544583 0.989284 0.5975
45 0.485663 0.544306 0.971325 0.598056
7 0.4638 0.544444 0.9276 0.596667
58 0.500108 0.544583 0.989284 0.5975
59 0.500108 0.544583 0.989284 0.5975
4 0.488786 0.542778 0.977572 0.598889
65 0.485663 0.544306 0.971325 0.598056
60 0.500108 0.545 0.992407 0.597778
8 0.500108 0.544583 0.989284 0.5975
10 0.500108 0.544583 0.989284 0.5975
34 0.500108 0.544583 0.989284 0.5975
67 0.500108 0.545 0.992407 0.597778
57 0.500108 0.545 0.992407 0.597778
20 0.429444 0.547778 0.858889 0.604444
23 0.479416 0.545694 0.949463 0.590833
35 0.500108 0.544583 0.989284 0.5975
31 0.429444 0.547778 0.858889 0.604444
61 0.488786 0.542778 0.977572 0.598889
62 0.485663 0.544306 0.971325 0.598056
6 0.508696 0.545556 0.975229 0.601111
29 0.509868 0.542778 0.979133 0.602222
21 0.501279 0.543889 0.991626 0.598889
65 0.497765 0.543333 0.989284 0.6
45 0.498936 0.543472 0.986941 0.601944
4 0.498936 0.543472 0.986941 0.601944
34 0.501279 0.542778 0.990065 0.601111
61 0.496594 0.542083 0.990065 0.600278
7 0.509868 0.542778 0.979133 0.602222
35 0.509868 0.542778 0.979133 0.602222
30 0.509868 0.542778 0.979133 0.602222
10 0.509868 0.542778 0.979133 0.602222
57 0.501279 0.543889 0.991626 0.598889
8 0.50284 0.545556 0.986941 0.598889
59 0.509868 0.542778 0.979133 0.602222
60 0.501279 0.543889 0.991626 0.598889
58 0.509868 0.542778 0.979133 0.602222
23 0.50284 0.545556 0.986941 0.598889
29 0.499717 0.547222 0.996311 0.595556
21 0.499717 0.547222 0.996311 0.595556
34 0.491128 0.545 0.982257 0.591111
65 0.488786 0.546806 0.977572 0.595278
59 0.488786 0.546806 0.977572 0.595278
4 0.491128 0.545 0.982257 0.591111
7 0.498936 0.546111 0.994749 0.588889
23 0.491909 0.547917 0.977572 0.584167
30 0.498936 0.546111 0.994749 0.588889
45 0.491128 0.545 0.982257 0.591111
58 0.499717 0.547222 0.996311 0.595556
8 0.498936 0.546111 0.994749 0.588889
10 0.491909 0.547917 0.977572 0.584167
60 0.499717 0.547222 0.996311 0.595556
57 0.499717 0.547222 0.996311 0.595556
61 0.491128 0.545 0.982257 0.591111
35 0.498936 0.546111 0.994749 0.588889
29 0.498546 0.543889 0.992407 0.603333
21 0.498546 0.543889 0.992407 0.603333
65 0.490347 0.543333 0.980695 0.602222
34 0.497375 0.542222 0.991626 0.595556
45 0.498546 0.543889 0.992407 0.603333
4 0.491909 0.542222 0.983818 0.598889
30 0.497375 0.542222 0.991626 0.595556
7 0.489957 0.547917 0.978352 0.606389
59 0.49269 0.541667 0.98538 0.597778
61 0.491909 0.542222 0.983818 0.598889
23 0.488005 0.544444 0.974448 0.593333
60 0.498546 0.543889 0.992407 0.603333
10 0.488005 0.544444 0.974448 0.593333
8 0.497375 0.542222 0.991626 0.595556
58 0.498546 0.543889 0.992407 0.603333
62 0.490347 0.543333 0.980695 0.602222
57 0.498546 0.543889 0.992407 0.603333
29 0.498156 0.543889 0.996311 0.597778
21 0.487615 0.54625 0.975229 0.596389
65 0.487615 0.54625 0.975229 0.596389
4 0.488005 0.543889 0.974448 0.594444
34 0.488005 0.543889 0.974448 0.594444
45 0.487615 0.553194 0.975229 0.600278
7 0.487615 0.553194 0.975229 0.600278
58 0.479807 0.553472 0.959613 0.590833
61 0.488005 0.543889 0.974448 0.594444
30 0.497375 0.540139 0.994749 0.5975
59 0.488786 0.542778 0.977572 0.594444
23 0.488005 0.543889 0.974448 0.594444
8 0.497375 0.540139 0.994749 0.5975
60 0.498156 0.543889 0.996311 0.597778
10 0.497375 0.540139 0.994749 0.5975
3 0.497375 0.540139 0.994749 0.5975
57 0.498156 0.543889 0.996311 0.597778
44 0.498156 0.543889 0.996311 0.597778
33 0.487615 0.553194 0.975229 0.600278
54 0.497375 0.540139 0.994749 0.5975
35 0.497375 0.540139 0.994749 0.5975
62 0.487615 0.54625 0.975229 0.596389
31 0.479807 0.553472 0.959613 0.590833
29 0.498936 0.542222 0.996311 0.593333
21 0.498546 0.540972 0.99553 0.591389
65 0.495032 0.543194 0.990065 0.593611
34 0.498546 0.540972 0.99553 0.591389
7 0.504402 0.542083 0.986941 0.591389
4 0.491909 0.542222 0.983818 0.593333
58 0.498546 0.540972 0.99553 0.591389
60 0.498936 0.542222 0.996311 0.593333
59 0.498546 0.540972 0.99553 0.591389
61 0.491909 0.544583 0.983818 0.595278
10 0.498156 0.543333 0.993188 0.593333
62 0.491909 0.544583 0.983818 0.595278
30 0.498546 0.540972 0.99553 0.591389
45 0.498936 0.542222 0.996311 0.593333
33 0.504402 0.542083 0.986941 0.591389
8 0.498546 0.540972 0.99553 0.591389
23 0.498156 0.543333 0.993188 0.593333
3 0.504402 0.542083 0.986941 0.591389
29 0.498156 0.543889 0.993188 0.588889
21 0.498156 0.544583 0.993188 0.595278
7 0.498156 0.543889 0.993188 0.588889
4 0.491909 0.545556 0.983818 0.586667
8 0.498156 0.543889 0.993188 0.588889
30 0.498156 0.543889 0.993188 0.588889
59 0.491519 0.545417 0.983037 0.593611
65 0.491519 0.545417 0.983037 0.593611
58 0.498156 0.544583 0.993188 0.595278
45 0.491909 0.545556 0.983818 0.586667
2 0.491519 0.545417 0.983037 0.593611
35 0.498156 0.543889 0.993188 0.588889
44 0.498156 0.544583 0.993188 0.595278
34 0.498156 0.543889 0.993188 0.588889
10 0.490347 0.547917 0.980695 0.581944
60 0.491519 0.545417 0.983037 0.593611
61 0.491909 0.545556 0.983818 0.586667
31 0.491519 0.545417 0.983037 0.593611
3 0.498156 0.543889 0.993188 0.588889
23 0.490347 0.547917 0.980695 0.581944
57 0.498156 0.544583 0.993188 0.595278
54 0.498156 0.543889 0.993188 0.588889
67 0.498156 0.543889 0.993188 0.588889
33 0.498156 0.544583 0.993188 0.595278
6 0.491909 0.545556 0.983818 0.586667
29 0.498156 0.541111 0.991626 0.594444
21 0.498156 0.541111 0.991626 0.594444
65 0.493471 0.540417 0.986941 0.596944
30 0.497765 0.542778 0.990845 0.595556
34 0.495423 0.542222 0.989284 0.596667
4 0.495423 0.542222 0.989284 0.596667
35 0.495423 0.542222 0.989284 0.596667
8 0.497765 0.542778 0.990845 0.595556
7 0.493471 0.540417 0.986941 0.596944
44 0.493471 0.540417 0.986941 0.596944
61 0.495423 0.542222 0.989284 0.596667
45 0.495423 0.542222 0.989284 0.596667
58 0.498156 0.541111 0.991626 0.594444
62 0.493471 0.540417 0.986941 0.596944
59 0.493471 0.540417 0.986941 0.596944
60 0.493471 0.540417 0.986941 0.596944
31 0.493471 0.540417 0.986941 0.596944
36 0.497765 0.542778 0.990845 0.595556
54 0.493471 0.540417 0.986941 0.596944
29 0.497375 0.542778 0.994749 0.596667
21 0.491128 0.542778 0.982257 0.597778
65 0.491128 0.542778 0.982257 0.597778
58 0.496594 0.544444 0.993188 0.593333
30 0.496594 0.544444 0.993188 0.593333
59 0.496594 0.544444 0.993188 0.593333
7 0.491128 0.542778 0.982257 0.597778
4 0.493471 0.542778 0.986941 0.596667
60 0.497375 0.542778 0.994749 0.596667
62 0.491128 0.542778 0.982257 0.597778
31 0.491128 0.542778 0.982257 0.597778
34 0.493471 0.542778 0.986941 0.596667
8 0.495813 0.544444 0.991626 0.59
0 0.497375 0.542778 0.994749 0.596667
67 0.496594 0.544444 0.993188 0.593333
57 0.497375 0.542778 0.994749 0.596667
20 0.496594 0.544444 0.993188 0.593333
44 0.491128 0.542778 0.982257 0.597778
2 0.491128 0.542778 0.982257 0.597778
10 0.490738 0.545556 0.979914 0.584444
29 0.500498 0.543889 0.991626 0.592222
21 0.500498 0.543889 0.991626 0.592222
65 0.488005 0.545556 0.972887 0.588889
34 0.49269 0.545694 0.980695 0.590833
30 0.488005 0.545556 0.972887 0.588889
4 0.49269 0.545694 0.980695 0.590833
58 0.488005 0.545556 0.972887 0.588889
31 0.488005 0.545556 0.972887 0.588889
60 0.488005 0.545556 0.972887 0.588889
45 0.488005 0.545556 0.972887 0.588889
62 0.488005 0.545556 0.972887 0.588889
61 0.49269 0.545694 0.980695 0.590833
59 0.48293 0.544583 0.964298 0.584167
7 0.488005 0.545556 0.972887 0.588889
35 0.488005 0.545556 0.972887 0.588889
10 0.493861 0.547222 0.976791 0.584444
20 0.488005 0.545556 0.972887 0.588889
23 0.488005 0.545556 0.972887 0.588889
3 0.48293 0.544583 0.964298 0.584167
8 0.500888 0.545 0.990845 0.591111
67 0.48293 0.544583 0.964298 0.584167
29 0.498156 0.542639 0.993188 0.594722
21 0.490347 0.542778 0.980695 0.595556
65 0.490347 0.542778 0.980695 0.595556
7 0.504402 0.543472 0.980695 0.595278
45 0.486443 0.545 0.972887 0.596667
59 0.498156 0.546667 0.993188 0.595556
58 0.497375 0.543333 0.991626 0.593333
30 0.497375 0.543333 0.991626 0.593333
60 0.490347 0.542778 0.980695 0.595556
34 0.490347 0.542778 0.980695 0.595556
4 0.490347 0.542778 0.980695 0.595556
61 0.490347 0.542778 0.980695 0.595556
62 0.490347 0.542778 0.980695 0.595556
3 0.486443 0.545 0.972887 0.596667
35 0.490347 0.542778 0.980695 0.595556
31 0.498156 0.546667 0.993188 0.595556
2 0.490347 0.542778 0.980695 0.595556
23 0.490347 0.542778 0.980695 0.595556
67 0.498156 0.546667 0.993188 0.595556
29 0.498936 0.542778 0.991626 0.592222
21 0.491909 0.542778 0.983818 0.592222
30 0.497765 0.543333 0.987722 0.594444
58 0.491909 0.542778 0.983818 0.592222
59 0.491909 0.542778 0.983818 0.592222
65 0.491909 0.542778 0.983818 0.592222
8 0.497765 0.543333 0.987722 0.594444
7 0.484882 0.547639 0.969764 0.595833
67 0.498936 0.542778 0.991626 0.592222
60 0.491909 0.542778 0.983818 0.592222
34 0.487615 0.544583 0.973668 0.588611
20 0.497765 0.543333 0.987722 0.594444
62 0.491909 0.542778 0.983818 0.592222
31 0.484882 0.547639 0.969764 0.595833
45 0.484882 0.547639 0.969764 0.595833
29 0.498156 0.544444 0.993188 0.597778
21 0.491128 0.545 0.982257 0.596667
58 0.491128 0.545 0.982257 0.596667
65 0.491128 0.545 0.982257 0.596667
59 0.491128 0.545 0.982257 0.596667
30 0.496984 0.544444 0.992407 0.597778
7 0.491128 0.545 0.982257 0.596667
4 0.493471 0.543889 0.986941 0.596667
31 0.491128 0.545 0.982257 0.596667
34 0.486443 0.546111 0.972887 0.587778
45 0.491128 0.545 0.982257 0.596667
60 0.491128 0.545 0.982257 0.596667
62 0.491128 0.545 0.982257 0.596667
10 0.486443 0.546111 0.972887 0.587778
20 0.496984 0.544444 0.992407 0.597778
8 0.496984 0.544444 0.992407 0.597778
61 0.493471 0.543889 0.986941 0.596667
3 0.47356 0.552917 0.94712 0.611944
23 0.491128 0.545 0.982257 0.596667
2 0.491128 0.545 0.982257 0.596667
67 0.498156 0.544444 0.993188 0.597778
29 0.498936 0.543194 0.990065 0.595833
21 0.492299 0.545 0.983037 0.594444
30 0.498546 0.542083 0.987722 0.589167
58 0.498936 0.543194 0.990065 0.595833
65 0.492299 0.545 0.983037 0.594444
31 0.498936 0.543194 0.990065 0.595833
59 0.498546 0.542083 0.987722 0.589167
60 0.492299 0.545 0.983037 0.594444
7 0.49269 0.542778 0.983818 0.597778
45 0.490347 0.548333 0.977572 0.603333
62 0.492299 0.545 0.983037 0.594444
67 0.498936 0.543194 0.990065 0.595833
20 0.490347 0.548333 0.977572 0.603333
4 0.492299 0.545 0.983037 0.594444
3 0.505183 0.542083 0.97601 0.593611
29 0.499327 0.540972 0.990845 0.591389
21 0.49269 0.542222 0.982257 0.591111
65 0.49269 0.542222 0.982257 0.591111
58 0.49308 0.543333 0.983037 0.593333
59 0.49308 0.543333 0.983037 0.593333
30 0.498156 0.542222 0.986941 0.591111
4 0.495423 0.541667 0.986161 0.592222
45 0.49308 0.543333 0.983037 0.593333
34 0.495423 0.541667 0.986161 0.592222
23 0.49308 0.543333 0.983037 0.593333
60 0.49308 0.543333 0.983037 0.593333
7 0.49308 0.543333 0.983037 0.593333
31 0.49308 0.543333 0.983037 0.593333
8 0.498156 0.542222 0.986941 0.591111
20 0.49308 0.543333 0.983037 0.593333
10 0.49308 0.543333 0.983037 0.593333
62 0.49308 0.543333 0.983037 0.593333
61 0.49269 0.542222 0.982257 0.591111
3 0.49308 0.543333 0.983037 0.593333
29 0.503621 0.543194 0.974448 0.598056
21 0.491128 0.54375 0.982257 0.5925
58 0.490347 0.543472 0.980695 0.595278
61 0.490347 0.543472 0.980695 0.595278
59 0.490347 0.543472 0.980695 0.595278
45 0.496594 0.551111 0.983818 0.604444
65 0.491128 0.54375 0.982257 0.5925
10 0.490347 0.543472 0.980695 0.595278
23 0.490347 0.543472 0.980695 0.595278
7 0.50284 0.542778 0.971325 0.598889
34 0.495032 0.543472 0.983818 0.595278
57 0.496594 0.54375 0.986941 0.594722
4 0.491909 0.542778 0.983818 0.594444
60 0.496594 0.54375 0.986941 0.594722
62 0.490347 0.543472 0.980695 0.595278
30 0.490347 0.543472 0.980695 0.595278
3 0.50284 0.542778 0.971325 0.598889
29 0.495813 0.547222 0.983818 0.592222
21 0.489957 0.545 0.978352 0.596667
58 0.489957 0.545 0.978352 0.596667
59 0.489957 0.545 0.978352 0.596667
65 0.489957 0.545 0.978352 0.596667
30 0.489957 0.545 0.978352 0.596667
7 0.504402 0.547639 0.971325 0.598056
31 0.489957 0.545 0.978352 0.596667
4 0.489957 0.545 0.978352 0.596667
34 0.495813 0.547222 0.983818 0.592222
60 0.489957 0.545 0.978352 0.596667
62 0.489957 0.545 0.978352 0.596667
2 0.489957 0.545 0.978352 0.596667
23 0.489957 0.545 0.978352 0.596667
57 0.498156 0.547222 0.986941 0.597778
3 0.504402 0.547639 0.971325 0.598056
61 0.491128 0.545694 0.979133 0.595278
32 0.489957 0.545 0.978352 0.596667
45 0.487224 0.552083 0.968202 0.604722
29 0.496594 0.544444 0.990065 0.597778
21 0.488786 0.543889 0.977572 0.596667
58 0.495813 0.545556 0.986941 0.592222
7 0.505183 0.545 0.972887 0.597778
59 0.488786 0.543889 0.977572 0.596667
65 0.488786 0.543889 0.977572 0.596667
45 0.495813 0.545556 0.986941 0.598889
61 0.488786 0.543889 0.977572 0.596667
60 0.496594 0.544444 0.990065 0.597778
34 0.495813 0.545556 0.986941 0.592222
62 0.488786 0.543889 0.977572 0.596667
57 0.496594 0.544444 0.990065 0.597778
23 0.488786 0.543889 0.977572 0.596667
4 0.488786 0.543889 0.977572 0.596667
2 0.488786 0.543889 0.977572 0.596667
3 0.505183 0.545 0.972887 0.597778
29 0.499717 0.545 0.990065 0.598889
21 0.492299 0.545556 0.981476 0.596667
58 0.498156 0.543889 0.988503 0.596667
59 0.492299 0.545556 0.981476 0.596667
7 0.503621 0.543889 0.980695 0.601111
65 0.492299 0.545556 0.981476 0.596667
57 0.499717 0.545 0.990065 0.598889
60 0.492299 0.545556 0.981476 0.596667
61 0.494642 0.543889 0.984599 0.597778
30 0.498156 0.543889 0.988503 0.596667
62 0.492299 0.545556 0.981476 0.596667
45 0.492299 0.545556 0.981476 0.596667
10 0.49269 0.545417 0.97601 0.593611
2 0.492299 0.545556 0.981476 0.596667
34 0.498156 0.543889 0.988503 0.596667
4 0.492299 0.545556 0.981476 0.596667
31 0.498936 0.55 0.988503 0.603333
23 0.492299 0.545556 0.981476 0.596667
29 0.499717 0.545556 0.991626 0.597778
21 0.491909 0.544306 0.983818 0.595833
59 0.491909 0.544306 0.983818 0.595833
7 0.504402 0.546806 0.979133 0.5975
58 0.498936 0.546667 0.988503 0.593333
45 0.499717 0.545556 0.991626 0.597778
2 0.491909 0.544306 0.983818 0.595833
60 0.491909 0.544306 0.983818 0.595833
23 0.491909 0.544306 0.983818 0.595833
4 0.491909 0.544306 0.983818 0.595833
57 0.499717 0.545556 0.991626 0.597778
65 0.491909 0.544306 0.983818 0.595833
3 0.504402 0.546806 0.979133 0.5975
29 0.497375 0.542222 0.993188 0.595556
21 0.491909 0.544306 0.983818 0.593611
65 0.491909 0.544306 0.983818 0.593611
58 0.497375 0.542222 0.993188 0.595556
30 0.497375 0.542222 0.993188 0.595556
59 0.491909 0.544306 0.983818 0.593611
34 0.497375 0.542222 0.993188 0.595556
62 0.491909 0.544306 0.983818 0.593611
8 0.497375 0.542222 0.993188 0.595556
60 0.491909 0.544306 0.983818 0.593611
61 0.491909 0.541667 0.983818 0.594444
7 0.491519 0.545 0.983037 0.594444
4 0.491909 0.544306 0.983818 0.593611
45 0.491519 0.545 0.983037 0.594444
67 0.491909 0.544306 0.983818 0.593611
29 0.497765 0.543333 0.993969 0.6
21 0.497765 0.543333 0.993969 0.6
58 0.497765 0.543333 0.993969 0.6
34 0.488786 0.542778 0.977572 0.598889
7 0.497765 0.543333 0.993969 0.6
61 0.497765 0.543333 0.993969 0.6
65 0.492299 0.544444 0.984599 0.597778
30 0.497765 0.543333 0.993969 0.6
60 0.49269 0.544444 0.98538 0.597778
10 0.488786 0.542778 0.977572 0.598889
59 0.488786 0.542778 0.977572 0.598889
8 0.497765 0.543333 0.993969 0.6
45 0.488005 0.545694 0.97601 0.599722
0 0.497765 0.543333 0.993969 0.6
62 0.474341 0.541667 0.948682 0.605556
4 0.488005 0.545694 0.97601 0.599722
29 0.499327 0.543333 0.993969 0.6
21 0.492299 0.543333 0.984599 0.6
58 0.498156 0.542361 0.990065 0.599722
65 0.492299 0.543333 0.984599 0.6
59 0.492299 0.543333 0.984599 0.6
7 0.498156 0.542361 0.990065 0.599722
34 0.498156 0.542361 0.990065 0.599722
60 0.492299 0.543333 0.984599 0.6
30 0.498156 0.542361 0.990065 0.599722
45 0.492299 0.543333 0.984599 0.6
62 0.492299 0.543333 0.984599 0.6
61 0.49269 0.540556 0.98538 0.603333
29 0.498156 0.544444 0.996311 0.598889
21 0.49269 0.543333 0.98538 0.597778
58 0.49269 0.543333 0.98538 0.597778
59 0.49269 0.543333 0.98538 0.597778
34 0.497375 0.543889 0.991626 0.596667
65 0.49269 0.543333 0.98538 0.597778
7 0.497375 0.543889 0.991626 0.596667
61 0.493471 0.542778 0.986941 0.598889
60 0.49269 0.543333 0.98538 0.597778
62 0.49269 0.543333 0.98538 0.597778
30 0.497375 0.543889 0.991626 0.596667
8 0.497375 0.543889 0.991626 0.596667
67 0.49269 0.543333 0.98538 0.597778
29 0.497375 0.542222 0.990065 0.597778
21 0.490347 0.540972 0.980695 0.600278
58 0.490347 0.540972 0.980695 0.600278
65 0.490347 0.540972 0.980695 0.600278
34 0.497375 0.542222 0.990065 0.597778
61 0.491128 0.539861 0.982257 0.6025
59 0.490347 0.540972 0.980695 0.600278
30 0.497375 0.542222 0.990065 0.597778
62 0.490347 0.540972 0.980695 0.600278
7 0.490347 0.540972 0.980695 0.600278
60 0.490347 0.540972 0.980695 0.600278
8 0.497375 0.542222 0.990065 0.597778
29 0.498156 0.541667 0.986941 0.596667
21 0.49308 0.54125 0.984599 0.595278
58 0.49308 0.54125 0.984599 0.595278
59 0.49308 0.54125 0.984599 0.595278
61 0.494642 0.541667 0.987722 0.596667
30 0.498156 0.541667 0.986941 0.596667
7 0.49308 0.54125 0.984599 0.595278
62 0.49308 0.54125 0.984599 0.595278
60 0.49308 0.54125 0.984599 0.595278
45 0.492299 0.54375 0.981476 0.596944
65 0.49308 0.54125 0.984599 0.595278
67 0.49308 0.54125 0.984599 0.595278
34 0.498156 0.541667 0.986941 0.596667
44 0.49308 0.54125 0.984599 0.595278
8 0.498156 0.541667 0.986941 0.596667
29 0.496594 0.543889 0.986941 0.594444
21 0.491519 0.543889 0.983037 0.592222
58 0.491519 0.543889 0.983037 0.592222
59 0.491519 0.543889 0.983037 0.592222
7 0.491519 0.543889 0.983037 0.592222
65 0.491519 0.543889 0.983037 0.592222
30 0.496594 0.543889 0.986941 0.594444
45 0.488005 0.542361 0.97601 0.590833
60 0.491519 0.543889 0.983037 0.592222
34 0.496594 0.543889 0.986941 0.594444
31 0.488005 0.542361 0.97601 0.590833
2 0.491519 0.543889 0.983037 0.592222
62 0.491519 0.543889 0.983037 0.592222
4 0.491519 0.543889 0.983037 0.592222
8 0.496594 0.543889 0.986941 0.594444
67 0.491519 0.543889 0.983037 0.592222
61 0.491519 0.543889 0.983037 0.592222
29 0.49269 0.543889 0.98538 0.596667
21 0.506354 0.544444 0.981476 0.6
58 0.497765 0.544444 0.989284 0.595556
59 0.498936 0.547083 0.994749 0.596944
7 0.49269 0.543889 0.98538 0.596667
45 0.498936 0.547083 0.994749 0.596944
65 0.498936 0.547083 0.994749 0.596944
30 0.497765 0.544444 0.989284 0.595556
31 0.498936 0.547083 0.994749 0.596944
60 0.49269 0.543889 0.98538 0.596667
29 0.497765 0.545556 0.987722 0.593333
21 0.498936 0.543194 0.991626 0.591389
58 0.497765 0.545556 0.987722 0.593333
59 0.488786 0.542222 0.977572 0.593333
30 0.497765 0.545556 0.987722 0.593333
7 0.488786 0.542222 0.977572 0.593333
31 0.488786 0.542222 0.977572 0.593333
67 0.488786 0.542222 0.977572 0.593333
60 0.488786 0.542222 0.977572 0.593333
65 0.488786 0.542222 0.977572 0.593333
29 0.498546 0.544444 0.992407 0.591111
21 0.489567 0.543333 0.979133 0.591111
58 0.490738 0.545 0.978352 0.59
59 0.489567 0.543333 0.979133 0.591111
7 0.489567 0.543333 0.979133 0.591111
30 0.497375 0.544583 0.988503 0.595278
67 0.489567 0.543333 0.979133 0.591111
34 0.490738 0.545 0.978352 0.59
60 0.489567 0.543333 0.979133 0.591111
29 0.498936 0.544028 0.993188 0.591944
21 0.490347 0.544028 0.980695 0.591944
58 0.496594 0.546111 0.983818 0.59
59 0.490347 0.544028 0.980695 0.591944
30 0.496594 0.546111 0.983818 0.59
7 0.508306 0.545 0.972887 0.595556
34 0.49308 0.545417 0.981476 0.589167
67 0.490347 0.544028 0.980695 0.591944
60 0.490347 0.544028 0.980695 0.591944
29 0.498936 0.545556 0.994749 0.597778
21 0.508696 0.544861 0.978352 0.599167
58 0.498156 0.545 0.991626 0.597778
59 0.490738 0.546806 0.981476 0.595278
7 0.49269 0.545556 0.98538 0.597778
30 0.498156 0.550417 0.994749 0.603611
29 0.498936 0.545 0.994749 0.598889
21 0.505573 0.545 0.983037 0.6
58 0.488005 0.544444 0.97601 0.595556
59 0.488005 0.544444 0.97601 0.595556
34 0.498936 0.545556 0.991626 0.6
7 0.504792 0.546667 0.983037 0.6
61 0.504792 0.546667 0.983037 0.6
65 0.488005 0.544444 0.97601 0.595556
60 0.488005 0.544444 0.97601 0.595556
30 0.504792 0.546667 0.983037 0.6
45 0.489567 0.546528 0.979133 0.595833
2 0.488005 0.544444 0.97601 0.595556
8 0.497375 0.543889 0.98538 0.597778
29 0.498156 0.545417 0.993188 0.593611
21 0.488786 0.545 0.977572 0.591111
58 0.488786 0.545 0.977572 0.591111
59 0.488786 0.545 0.977572 0.591111
30 0.496594 0.544444 0.988503 0.59
7 0.490347 0.545556 0.980695 0.591111
65 0.488786 0.545 0.977572 0.591111
60 0.488786 0.545 0.977572 0.591111
34 0.503231 0.544306 0.979914 0.591389
67 0.488786 0.545 0.977572 0.591111
45 0.497375 0.548333 0.994749 0.598889
31 0.488786 0.545 0.977572 0.591111
29 0.498156 0.545556 0.994749 0.594444
21 0.489567 0.545139 0.979133 0.594167
59 0.489567 0.545139 0.979133 0.594167
58 0.489567 0.545139 0.979133 0.594167
7 0.496594 0.546111 0.990065 0.594444
45 0.497375 0.548889 0.994749 0.598889
60 0.489567 0.545139 0.979133 0.594167
30 0.489567 0.545139 0.979133 0.594167
34 0.496594 0.546111 0.990065 0.594444
0 0.505964 0.545694 0.980695 0.595278
61 0.505183 0.546667 0.977572 0.595556
65 0.497375 0.548889 0.994749 0.598889
8 0.496594 0.546111 0.990065 0.594444
29 0.498156 0.542778 0.991626 0.59
21 0.506744 0.542222 0.979133 0.592222
7 0.505964 0.543889 0.974448 0.592222
30 0.487224 0.544306 0.974448 0.586944
59 0.487224 0.544306 0.974448 0.586944
58 0.487224 0.544306 0.974448 0.586944
65 0.487224 0.544306 0.974448 0.586944
45 0.497765 0.54125 0.990845 0.588611
34 0.506744 0.542222 0.979133 0.592222
62 0.487224 0.544306 0.974448 0.586944
0 0.498156 0.542778 0.991626 0.59
31 0.487224 0.544306 0.974448 0.586944
60 0.487224 0.544306 0.974448 0.586944
44 0.506744 0.542222 0.979133 0.592222
29 0.498936 0.545556 0.994749 0.594444
21 0.487615 0.546111 0.975229 0.587778
58 0.487615 0.546111 0.975229 0.587778
30 0.487615 0.546111 0.975229 0.587778
59 0.487615 0.546111 0.975229 0.587778
7 0.488786 0.546528 0.977572 0.589167
31 0.487615 0.546111 0.975229 0.587778
65 0.487615 0.546111 0.975229 0.587778
2 0.487615 0.546111 0.975229 0.587778
60 0.487615 0.546111 0.975229 0.587778
62 0.487615 0.546111 0.975229 0.587778
32 0.487615 0.546111 0.975229 0.587778
45 0.498546 0.549861 0.993969 0.606944
67 0.498546 0.549861 0.993969 0.606944
0 0.508306 0.545 0.979133 0.598889
44 0.498546 0.549861 0.993969 0.606944
20 0.487615 0.546111 0.975229 0.587778
3 0.508306 0.545556 0.97601 0.6
8 0.498156 0.545556 0.991626 0.593333
6 0.487615 0.546111 0.975229 0.587778
54 0.508306 0.545556 0.97601 0.6
29 0.497375 0.545 0.991626 0.593333
21 0.503621 0.543889 0.986941 0.597778
58 0.489567 0.549861 0.979133 0.584722
59 0.488005 0.546806 0.97601 0.586389
7 0.503621 0.545556 0.983818 0.597778
30 0.503621 0.543889 0.986941 0.597778
2 0.488005 0.546806 0.97601 0.586389
67 0.498156 0.547778 0.993188 0.595556
31 0.489567 0.549861 0.979133 0.584722
45 0.498156 0.547778 0.993188 0.595556
34 0.503621 0.543889 0.986941 0.597778
65 0.498156 0.547778 0.993188 0.595556
60 0.488005 0.546806 0.97601 0.586389
62 0.488005 0.546806 0.97601 0.586389
32 0.498156 0.547778 0.993188 0.595556
29 0.498156 0.545556 0.990065 0.597778
21 0.486443 0.546111 0.972887 0.592222
58 0.486443 0.546111 0.972887 0.592222
59 0.486443 0.546111 0.972887 0.592222
7 0.504792 0.546111 0.981476 0.602222
30 0.486443 0.546111 0.972887 0.592222
31 0.490347 0.549861 0.980695 0.595833
67 0.498156 0.549444 0.993188 0.605556
60 0.486443 0.546111 0.972887 0.592222
62 0.486443 0.546111 0.972887 0.592222
2 0.486443 0.546111 0.972887 0.592222
65 0.486443 0.546111 0.972887 0.592222
29 0.498156 0.544444 0.993188 0.593333
21 0.504402 0.543333 0.983818 0.597778
58 0.497375 0.543889 0.988503 0.593333
7 0.503231 0.544444 0.979914 0.596667
59 0.488395 0.545 0.976791 0.59
34 0.494642 0.546667 0.981476 0.591111
30 0.488395 0.545 0.976791 0.59
61 0.489176 0.546111 0.978352 0.588889
29 0.497375 0.546806 0.991626 0.590833
58 0.488786 0.547778 0.977572 0.582222
59 0.488786 0.547778 0.977572 0.582222
21 0.488786 0.547778 0.977572 0.582222
30 0.488786 0.547778 0.977572 0.582222
7 0.503621 0.547778 0.98538 0.595556
67 0.488786 0.547778 0.977572 0.582222
31 0.488786 0.547778 0.977572 0.582222
2 0.488786 0.547778 0.977572 0.582222
29 0.496984 0.545694 0.989284 0.593056
21 0.488395 0.545556 0.976791 0.591111
58 0.488395 0.545556 0.976791 0.591111
59 0.488395 0.545556 0.976791 0.591111
7 0.50206 0.546667 0.98538 0.596667
30 0.488395 0.545556 0.976791 0.591111
67 0.497375 0.551111 0.994749 0.606667
31 0.488395 0.545556 0.976791 0.591111
29 0.499717 0.545556 0.996311 0.597778
21 0.488005 0.545 0.97601 0.594444
59 0.488005 0.545 0.97601 0.594444
7 0.503621 0.546528 0.991626 0.598056
58 0.488005 0.545 0.97601 0.594444
30 0.488005 0.545 0.97601 0.594444
31 0.488005 0.545 0.97601 0.594444
67 0.488005 0.545 0.97601 0.594444
29 0.498936 0.547222 0.991626 0.594444
21 0.488005 0.546806 0.97601 0.595278
58 0.488005 0.546806 0.97601 0.595278
59 0.488005 0.546806 0.97601 0.595278
7 0.498936 0.547222 0.991626 0.594444
30 0.489957 0.552083 0.979914 0.6025
31 0.489957 0.552083 0.979914 0.6025
67 0.498936 0.552778 0.994749 0.606667
45 0.489957 0.552083 0.979914 0.6025
29 0.498936 0.545694 0.993188 0.5975
21 0.488005 0.543472 0.97601 0.5975
58 0.488005 0.543472 0.97601 0.5975
59 0.488005 0.543472 0.97601 0.5975
7 0.506354 0.546667 0.986161 0.601111
30 0.488005 0.543472 0.97601 0.5975
31 0.488005 0.543472 0.97601 0.5975
2 0.488005 0.543472 0.97601 0.5975
45 0.498936 0.551111 0.994749 0.608889
60 0.488005 0.543472 0.97601 0.5975
67 0.498936 0.551111 0.994749 0.608889
32 0.498936 0.551111 0.994749 0.608889
29 0.498936 0.545 0.991626 0.592222
21 0.488786 0.544444 0.977572 0.593333
58 0.491909 0.546806 0.982257 0.595278
59 0.488786 0.544444 0.977572 0.593333
30 0.498936 0.546111 0.994749 0.6
7 0.505183 0.545417 0.98538 0.595833
31 0.491909 0.546806 0.982257 0.595278
67 0.498936 0.546111 0.994749 0.6
65 0.498936 0.546111 0.994749 0.6
29 0.498156 0.544444 0.993188 0.595556
21 0.503231 0.546667 0.992407 0.6
7 0.503621 0.545417 0.988503 0.598056
58 0.489567 0.552361 0.979133 0.599722
30 0.498156 0.552222 0.996311 0.607778
59 0.498156 0.552222 0.996311 0.607778
45 0.498156 0.552222 0.996311 0.607778
65 0.498156 0.552222 0.996311 0.607778
31 0.498156 0.552222 0.996311 0.607778
29 0.498156 0.546528 0.990065 0.591389
21 0.487224 0.546806 0.974448 0.590833
58 0.487224 0.546806 0.974448 0.590833
7 0.503621 0.547222 0.983818 0.595556
59 0.487224 0.546806 0.974448 0.590833
65 0.487224 0.546806 0.974448 0.590833
30 0.50245 0.546111 0.987722 0.597778
34 0.50245 0.546111 0.987722 0.597778
60 0.487224 0.546806 0.974448 0.590833
29 0.496984 0.547222 0.992407 0.592222
21 0.484882 0.548889 0.969764 0.588889
58 0.484882 0.548889 0.969764 0.588889
7 0.50245 0.547222 0.987722 0.595556
30 0.501669 0.546111 0.992407 0.597778
59 0.484882 0.548889 0.969764 0.588889
34 0.501669 0.546111 0.992407 0.597778
65 0.497765 0.551806 0.99553 0.603056
8 0.501669 0.546111 0.992407 0.597778
31 0.488005 0.552222 0.97601 0.595556
67 0.497765 0.551806 0.99553 0.603056
0 0.497765 0.546528 0.99553 0.595833
62 0.484882 0.548889 0.969764 0.588889
60 0.484882 0.548889 0.969764 0.588889
3 0.50245 0.547222 0.987722 0.595556
29 0.497375 0.546806 0.993188 0.590833
21 0.486443 0.54875 0.972887 0.584722
58 0.486443 0.54875 0.972887 0.584722
30 0.486443 0.54875 0.972887 0.584722
59 0.486443 0.54875 0.972887 0.584722
7 0.505573 0.547222 0.981476 0.593333
67 0.486443 0.54875 0.972887 0.584722
60 0.486443 0.54875 0.972887 0.584722
31 0.486443 0.54875 0.972887 0.584722
29 0.495813 0.547917 0.990065 0.593056
21 0.487224 0.547639 0.974448 0.589167
58 0.487224 0.547639 0.974448 0.589167
7 0.495813 0.547917 0.990065 0.593056
59 0.487224 0.547639 0.974448 0.589167
30 0.487224 0.547639 0.974448 0.589167
34 0.504792 0.546667 0.979914 0.595556
29 0.497765 0.547778 0.989284 0.591111
21 0.505964 0.546667 0.977572 0.595556
58 0.485663 0.545417 0.971325 0.591389
59 0.485663 0.545417 0.971325 0.591389
7 0.505964 0.547917 0.977572 0.593056
30 0.505964 0.546667 0.977572 0.595556
34 0.505964 0.546667 0.977572 0.595556
67 0.485663 0.545417 0.971325 0.591389
8 0.505964 0.546667 0.977572 0.595556
29 0.495813 0.547222 0.98538 0.593333
21 0.488005 0.545556 0.97601 0.593333
58 0.488005 0.545556 0.97601 0.593333
59 0.488005 0.545556 0.97601 0.593333
7 0.495813 0.547222 0.98538 0.593333
30 0.488005 0.545556 0.97601 0.593333
67 0.488005 0.545556 0.97601 0.593333
29 0.498936 0.546667 0.991626 0.593333
21 0.490347 0.545 0.980695 0.596667
7 0.498936 0.546667 0.991626 0.593333
58 0.490347 0.545 0.980695 0.596667
30 0.49308 0.549583 0.984599 0.600833
59 0.490347 0.545 0.980695 0.596667
34 0.498936 0.546667 0.991626 0.593333
29 0.499717 0.547917 0.993188 0.593056
21 0.489567 0.547222 0.977572 0.591111
58 0.489567 0.547222 0.977572 0.591111
7 0.499717 0.547917 0.993188 0.593056
30 0.492299 0.54875 0.983037 0.586944
59 0.489567 0.547222 0.977572 0.591111
31 0.492299 0.54875 0.983037 0.586944
45 0.492299 0.54875 0.983037 0.586944
8 0.499717 0.547917 0.993188 0.593056
67 0.499717 0.547778 0.996311 0.595556
65 0.489567 0.547222 0.977572 0.591111
62 0.489567 0.547222 0.977572 0.591111
29 0.498546 0.548333 0.992407 0.59
7 0.498546 0.548333 0.992407 0.59
58 0.489567 0.549861 0.979133 0.586944
21 0.489567 0.549861 0.979133 0.586944
59 0.489567 0.549861 0.979133 0.586944
30 0.489567 0.549861 0.979133 0.586944
67 0.489567 0.549861 0.979133 0.586944
31 0.488786 0.552778 0.977572 0.59
29 0.499327 0.546667 0.990845 0.594444
21 0.491128 0.545417 0.980695 0.595833
7 0.499327 0.546667 0.990845 0.594444
58 0.495032 0.547639 0.977572 0.589167
59 0.491128 0.545417 0.980695 0.595833
30 0.491128 0.545417 0.980695 0.595833
67 0.491128 0.545417 0.980695 0.595833
29 0.498936 0.547222 0.991626 0.592222
21 0.491128 0.544444 0.982257 0.595556
58 0.491128 0.544444 0.982257 0.595556
7 0.498936 0.547222 0.991626 0.592222
59 0.491128 0.544444 0.982257 0.595556
31 0.491519 0.547639 0.983037 0.595833
30 0.491519 0.547639 0.983037 0.595833
45 0.491519 0.547639 0.983037 0.595833
29 0.498936 0.547778 0.993188 0.595556
58 0.489176 0.545556 0.978352 0.597778
21 0.489176 0.545556 0.978352 0.597778
7 0.498936 0.547778 0.993188 0.595556
59 0.489176 0.545556 0.978352 0.597778
30 0.498156 0.546667 0.98538 0.595556
31 0.489957 0.549444 0.979914 0.598889
29 0.499717 0.546667 0.993188 0.595556
21 0.500108 0.546528 0.99553 0.595833
58 0.491519 0.545 0.981476 0.596667
7 0.499717 0.546667 0.993188 0.595556
59 0.491519 0.545 0.981476 0.596667
45 0.491909 0.547778 0.980695 0.596667
30 0.491909 0.547778 0.980695 0.596667
31 0.491909 0.547778 0.980695 0.596667
34 0.499717 0.546667 0.993188 0.595556
8 0.499717 0.546667 0.993188 0.595556
29 0.497375 0.545556 0.991626 0.594444
21 0.491128 0.543333 0.982257 0.597778
58 0.491128 0.543333 0.982257 0.597778
59 0.491128 0.543333 0.982257 0.597778
7 0.497375 0.545556 0.991626 0.594444
30 0.490738 0.547778 0.981476 0.597778
34 0.497375 0.545556 0.991626 0.594444
45 0.490738 0.547778 0.981476 0.597778
8 0.497375 0.545556 0.991626 0.594444
29 0.498156 0.545556 0.991626 0.592222
21 0.491128 0.543333 0.982257 0.597778
58 0.491128 0.543333 0.982257 0.597778
7 0.498156 0.545556 0.991626 0.592222
59 0.491128 0.543333 0.982257 0.597778
30 0.50206 0.546667 0.98538 0.592222
8 0.495813 0.544306 0.982257 0.591389
31 0.490347 0.547222 0.980695 0.596667
29 0.497375 0.544306 0.991626 0.593611
21 0.489957 0.542917 0.979914 0.596389
58 0.489957 0.542917 0.979914 0.596389
59 0.489957 0.542917 0.979914 0.596389
7 0.497375 0.544306 0.991626 0.593611
30 0.490347 0.545139 0.980695 0.594167
31 0.490347 0.545139 0.980695 0.594167
34 0.497375 0.544306 0.991626 0.593611
45 0.490347 0.545139 0.980695 0.594167
8 0.497375 0.544306 0.991626 0.593611
29 0.497375 0.544444 0.991626 0.593333
21 0.489567 0.542778 0.979133 0.596667
58 0.489567 0.542778 0.979133 0.596667
59 0.489567 0.542778 0.979133 0.596667
7 0.497375 0.544444 0.991626 0.593333
30 0.490738 0.545972 0.981476 0.594722
45 0.490738 0.545972 0.981476 0.594722
31 0.490738 0.545972 0.981476 0.594722
34 0.497375 0.544444 0.991626 0.593333
8 0.50284 0.544306 0.986941 0.595833
29 0.497375 0.546667 0.991626 0.597778
58 0.489567 0.543194 0.979133 0.600278
21 0.489567 0.543194 0.979133 0.600278
59 0.489567 0.543194 0.979133 0.600278
7 0.504402 0.547778 0.980695 0.598889
30 0.490738 0.548333 0.981476 0.601111
31 0.490738 0.548333 0.981476 0.601111
29 0.498936 0.546667 0.988503 0.591111
21 0.504012 0.545 0.984599 0.596667
58 0.490738 0.544444 0.979914 0.593333
59 0.490738 0.544444 0.979914 0.593333
7 0.503621 0.547222 0.982257 0.593333
30 0.504012 0.545 0.984599 0.596667
31 0.491909 0.54875 0.980695 0.595833
45 0.504012 0.545 0.984599 0.596667
67 0.498156 0.548333 0.990065 0.598889
34 0.504012 0.545 0.984599 0.596667
29 0.498156 0.545556 0.990065 0.593333
21 0.503621 0.544306 0.98538 0.595833
58 0.489957 0.544306 0.978352 0.593611
7 0.504012 0.546111 0.983037 0.594444
59 0.489957 0.544306 0.978352 0.593611
30 0.503621 0.544306 0.98538 0.595833
31 0.491128 0.546806 0.982257 0.590833
34 0.503621 0.544306 0.98538 0.595833
67 0.498156 0.546111 0.991626 0.594444
29 0.497765 0.545694 0.990845 0.593056
21 0.489957 0.544444 0.979914 0.593333
58 0.489957 0.544444 0.979914 0.593333
7 0.50206 0.546667 0.98538 0.594444
59 0.489957 0.544444 0.979914 0.593333
30 0.50206 0.545 0.988503 0.595556
45 0.489957 0.546667 0.979914 0.592222
31 0.489957 0.546667 0.979914 0.592222
34 0.50206 0.545 0.988503 0.595556
29 0.498156 0.545 0.991626 0.59
58 0.498156 0.545 0.991626 0.59
21 0.490347 0.544306 0.980695 0.591389
59 0.490347 0.544306 0.980695 0.591389
7 0.50284 0.545556 0.98538 0.591111
30 0.50284 0.545556 0.98538 0.591111
34 0.496594 0.546667 0.983818 0.585556
29 0.498156 0.546667 0.991626 0.594444
21 0.489567 0.544306 0.979133 0.595833
58 0.489567 0.544306 0.979133 0.595833
59 0.489567 0.544306 0.979133 0.595833
7 0.503621 0.547778 0.983818 0.595556
30 0.504402 0.545556 0.983818 0.597778
34 0.504402 0.545556 0.983818 0.597778
45 0.504402 0.545556 0.983818 0.597778
2 0.489567 0.544306 0.979133 0.595833
31 0.504402 0.545556 0.983818 0.597778
29 0.497765 0.546528 0.990845 0.593611
21 0.489567 0.544583 0.979133 0.595278
58 0.489567 0.544583 0.979133 0.595278
59 0.489567 0.544583 0.979133 0.595278
7 0.50284 0.547222 0.983818 0.594444
30 0.50284 0.547222 0.983818 0.594444
29 0.497375 0.545694 0.990065 0.593056
21 0.490738 0.543889 0.979914 0.595556
58 0.490738 0.543889 0.979914 0.595556
7 0.497375 0.545694 0.990065 0.593056
59 0.490738 0.543889 0.979914 0.595556
30 0.50284 0.546667 0.983818 0.593333
45 0.488005 0.545694 0.97601 0.593056
31 0.488005 0.545694 0.97601 0.593056
34 0.493861 0.547222 0.976791 0.587778
29 0.498156 0.546111 0.990065 0.592222
21 0.503621 0.545 0.98538 0.596667
58 0.491519 0.543889 0.979914 0.594444
7 0.50284 0.546667 0.983818 0.593333
59 0.491519 0.543889 0.979914 0.594444
30 0.503621 0.545 0.98538 0.596667
34 0.503621 0.545 0.98538 0.596667
45 0.503621 0.545 0.98538 0.596667
31 0.490347 0.54625 0.980695 0.591944
29 0.498156 0.547639 0.990065 0.593611
21 0.490347 0.545694 0.977572 0.593056
58 0.490347 0.545694 0.977572 0.593056
7 0.503621 0.547917 0.980695 0.595278
59 0.490347 0.545694 0.977572 0.593056
30 0.490347 0.547778 0.979133 0.591111
31 0.490347 0.547778 0.979133 0.591111
45 0.490347 0.547778 0.979133 0.591111
34 0.503621 0.54625 0.983818 0.596389
29 0.498156 0.546528 0.990065 0.593611
21 0.490738 0.544583 0.979914 0.593056
58 0.490738 0.544583 0.979914 0.593056
7 0.498156 0.546528 0.990065 0.593611
59 0.490738 0.544583 0.979914 0.593056
30 0.490347 0.547222 0.979133 0.591111
31 0.490347 0.547222 0.979133 0.591111
45 0.490347 0.547222 0.979133 0.591111
34 0.498156 0.546528 0.990065 0.593611
29 0.498156 0.546667 0.990065 0.594444
21 0.489957 0.544583 0.978352 0.595278
58 0.489957 0.544583 0.978352 0.595278
7 0.498156 0.546667 0.990065 0.594444
59 0.489957 0.544583 0.978352 0.595278
30 0.489957 0.544583 0.978352 0.595278
29 0.497375 0.546667 0.990065 0.594444
21 0.490738 0.543889 0.979914 0.594444
58 0.490738 0.543889 0.979914 0.594444
59 0.490738 0.543889 0.979914 0.594444
7 0.497375 0.546667 0.990065 0.594444
30 0.490347 0.54875 0.980695 0.595833
31 0.490347 0.54875 0.980695 0.595833
29 0.497765 0.546667 0.990845 0.595556
21 0.491128 0.543889 0.980695 0.595556
58 0.497765 0.546667 0.990845 0.595556
59 0.491128 0.543889 0.980695 0.595556
7 0.497765 0.546667 0.990845 0.595556
30 0.490347 0.546667 0.980695 0.593333
31 0.490347 0.546667 0.980695 0.593333
45 0.490347 0.546667 0.980695 0.593333
29 0.497765 0.546111 0.989284 0.595556
21 0.491128 0.543333 0.979133 0.595556
58 0.497765 0.546111 0.989284 0.595556
59 0.491128 0.543333 0.979133 0.595556
7 0.50284 0.547222 0.982257 0.596667
30 0.504012 0.545 0.984599 0.596667
29 0.497375 0.545694 0.988503 0.593056
58 0.491128 0.543333 0.979133 0.593333
21 0.491128 0.543333 0.979133 0.593333
7 0.497375 0.545694 0.988503 0.593056
59 0.491128 0.543333 0.979133 0.593333
30 0.491128 0.543333 0.979133 0.593333
29 0.498546 0.546111 0.990845 0.593333
58 0.491128 0.544583 0.979133 0.593056
21 0.491128 0.544583 0.979133 0.593056
59 0.491128 0.544583 0.979133 0.593056
7 0.498546 0.546111 0.990845 0.593333
30 0.491128 0.544583 0.979133 0.593056
29 0.498936 0.545 0.991626 0.592222
21 0.491128 0.542917 0.979133 0.594167
58 0.491128 0.542917 0.979133 0.594167
7 0.503621 0.546111 0.98538 0.592222
59 0.491128 0.542917 0.979133 0.594167
30 0.503621 0.546111 0.98538 0.592222
34 0.497375 0.546667 0.982257 0.59
29 0.498936 0.545694 0.991626 0.593056
21 0.490347 0.543194 0.977572 0.593611
58 0.490347 0.543194 0.977572 0.593611
59 0.490347 0.543194 0.977572 0.593611
7 0.503621 0.546528 0.98538 0.593611
30 0.490347 0.543194 0.977572 0.593611
34 0.497375 0.546806 0.983818 0.590833
29 0.498546 0.546806 0.992407 0.593056
21 0.489957 0.543889 0.978352 0.594444
58 0.489957 0.543889 0.978352 0.594444
7 0.503621 0.547222 0.983818 0.593333
59 0.489957 0.543889 0.978352 0.594444
34 0.496594 0.547222 0.983818 0.588889
30 0.496594 0.547222 0.983818 0.588889
8 0.496594 0.547222 0.983818 0.588889
29 0.498546 0.546806 0.992407 0.593056
58 0.489957 0.543889 0.978352 0.594444
21 0.489957 0.543889 0.978352 0.594444
59 0.489957 0.543889 0.978352 0.594444
7 0.504402 0.547222 0.983818 0.593333
30 0.497375 0.548333 0.98538 0.587778
34 0.497375 0.548333 0.98538 0.587778
29 0.498156 0.546111 0.991626 0.593333
21 0.490347 0.543889 0.979133 0.594444
58 0.490347 0.543889 0.979133 0.594444
7 0.505183 0.547222 0.980695 0.594444
59 0.490347 0.543889 0.979133 0.594444
30 0.496594 0.547222 0.983818 0.59
34 0.496594 0.547222 0.983818 0.59
8 0.496594 0.547222 0.983818 0.59
29 0.497765 0.546111 0.990845 0.592222
21 0.489957 0.544028 0.978352 0.594167
58 0.489957 0.544028 0.978352 0.594167
7 0.505183 0.547222 0.979133 0.593333
59 0.489957 0.544028 0.978352 0.594167
30 0.489957 0.544028 0.978352 0.594167
34 0.495813 0.546806 0.982257 0.588611
8 0.495813 0.546806 0.982257 0.588611
29 0.497765 0.546111 0.990845 0.593333
21 0.489957 0.543889 0.978352 0.594444
58 0.489957 0.543889 0.978352 0.594444
7 0.505183 0.547222 0.979133 0.593333
59 0.489957 0.543889 0.978352 0.594444
30 0.489957 0.543889 0.978352 0.594444
34 0.495813 0.546528 0.982257 0.589167
29 0.498156 0.546528 0.990065 0.593611
21 0.490738 0.544306 0.979914 0.593611
58 0.490738 0.544306 0.979914 0.593611
59 0.490738 0.544306 0.979914 0.593611
7 0.504792 0.547778 0.981476 0.594444
30 0.490738 0.544306 0.979914 0.593611
34 0.495813 0.547222 0.982257 0.59
29 0.498156 0.546667 0.991626 0.593333
21 0.489567 0.544444 0.979133 0.593333
58 0.489567 0.544444 0.979133 0.593333
7 0.498156 0.546667 0.991626 0.593333
59 0.489567 0.544444 0.979133 0.593333
30 0.489567 0.544444 0.979133 0.593333
34 0.495813 0.547778 0.982257 0.588889
29 0.497375 0.546667 0.991626 0.593333
21 0.489567 0.545 0.979133 0.594444
58 0.489567 0.545 0.979133 0.594444
7 0.497375 0.546667 0.991626 0.593333
59 0.489567 0.545 0.979133 0.594444
30 0.489567 0.545 0.979133 0.594444
29 0.498156 0.547222 0.990065 0.593333
21 0.489957 0.545 0.978352 0.594444
58 0.489957 0.545 0.978352 0.594444
59 0.489957 0.545 0.978352 0.594444
7 0.498156 0.547222 0.990065 0.593333
30 0.489957 0.545 0.978352 0.594444
34 0.495813 0.547639 0.982257 0.589167
29 0.498156 0.546528 0.990065 0.593611
21 0.489957 0.545 0.978352 0.594444
58 0.489957 0.545 0.978352 0.594444
59 0.489957 0.545 0.978352 0.594444
7 0.505183 0.548333 0.979133 0.594444
30 0.489957 0.545 0.978352 0.594444
34 0.495813 0.547639 0.982257 0.589167
8 0.495813 0.547639 0.982257 0.589167
29 0.498156 0.546667 0.990065 0.594444
21 0.490738 0.544444 0.978352 0.595556
58 0.490738 0.544444 0.978352 0.595556
59 0.490738 0.544444 0.978352 0.595556
7 0.498156 0.546667 0.990065 0.594444
30 0.504402 0.547778 0.980695 0.595556
34 0.496204 0.547917 0.981476 0.590833
8 0.496204 0.547917 0.981476 0.590833
29 0.498156 0.546667 0.990065 0.594444
21 0.490347 0.543889 0.977572 0.594444
58 0.490347 0.543889 0.977572 0.594444
59 0.490347 0.543889 0.977572 0.594444
7 0.504402 0.547778 0.980695 0.594444
30 0.504402 0.547778 0.980695 0.594444
34 0.505183 0.545556 0.982257 0.595556
8 0.496594 0.547222 0.980695 0.59
29 0.498156 0.546667 0.991626 0.594444
21 0.490347 0.543889 0.977572 0.594444
58 0.490347 0.543889 0.977572 0.594444
59 0.490347 0.543889 0.977572 0.594444
7 0.504402 0.547778 0.980695 0.594444
30 0.490347 0.543889 0.977572 0.594444
34 0.496204 0.547222 0.981476 0.59
8 0.496204 0.547222 0.981476 0.59
29 0.498156 0.546528 0.990065 0.593611
21 0.490347 0.544306 0.977572 0.593611
58 0.490347 0.544306 0.977572 0.593611
59 0.490347 0.544306 0.977572 0.593611
7 0.504792 0.547639 0.979914 0.593611
30 0.490347 0.544306 0.977572 0.593611
34 0.496594 0.547222 0.980695 0.59
8 0.496594 0.547222 0.980695 0.59
29 0.498936 0.546667 0.991626 0.594444
21 0.490347 0.543889 0.977572 0.595556
58 0.490347 0.543889 0.977572 0.595556
7 0.498936 0.546667 0.991626 0.594444
59 0.490347 0.543889 0.977572 0.595556
30 0.504402 0.547778 0.982257 0.594444
34 0.496984 0.546667 0.981476 0.591111
29 0.498546 0.546667 0.990845 0.594444
21 0.490347 0.543889 0.977572 0.595556
58 0.490347 0.543889 0.977572 0.595556
59 0.490347 0.543889 0.977572 0.595556
7 0.504402 0.547778 0.982257 0.594444
30 0.490347 0.543889 0.977572 0.595556
34 0.505183 0.545556 0.982257 0.595556
8 0.496594 0.547222 0.980695 0.59
29 0.498156 0.548889 0.993188 0.593333
58 0.490347 0.547778 0.977572 0.591111
59 0.490347 0.547778 0.977572 0.591111
21 0.490347 0.547778 0.977572 0.591111
7 0.506744 0.546667 0.98538 0.597778
34 0.495813 0.549861 0.98538 0.586944
30 0.495813 0.549861 0.98538 0.586944
29 0.498156 0.548889 0.993188 0.593333
58 0.490347 0.547778 0.977572 0.591111
59 0.490347 0.547778 0.977572 0.591111
21 0.490347 0.547778 0.977572 0.591111
7 0.506744 0.546667 0.98538 0.597778
34 0.495813 0.549861 0.98538 0.586944
30 0.495813 0.549861 0.98538 0.586944
29 0.498156 0.54875 0.993188 0.593611
58 0.490347 0.548333 0.977572 0.591111
59 0.490347 0.548333 0.977572 0.591111
21 0.490347 0.548333 0.977572 0.591111
7 0.506744 0.546667 0.98538 0.597778
34 0.496594 0.549444 0.986941 0.587778
30 0.496594 0.549444 0.986941 0.587778
29 0.498156 0.548889 0.993188 0.593333
58 0.490347 0.548333 0.977572 0.591111
59 0.490347 0.548333 0.977572 0.591111
21 0.490347 0.548333 0.977572 0.591111
7 0.507135 0.547222 0.984599 0.597778
34 0.495813 0.55 0.98538 0.586667
30 0.495813 0.55 0.98538 0.586667
29 0.498156 0.548889 0.993188 0.593333
58 0.490347 0.548333 0.977572 0.591111
59 0.490347 0.548333 0.977572 0.591111
21 0.490347 0.548333 0.977572 0.591111
34 0.496594 0.55 0.98538 0.586667
7 0.506744 0.546806 0.98538 0.5975
30 0.496594 0.55 0.98538 0.586667
29 0.498156 0.548889 0.993188 0.593333
58 0.490347 0.548333 0.977572 0.591111
59 0.490347 0.548333 0.977572 0.591111
21 0.490347 0.548333 0.977572 0.591111
34 0.496594 0.55 0.98538 0.586667
7 0.506744 0.547222 0.98538 0.597778
30 0.496594 0.55 0.98538 0.586667
29 0.498156 0.548889 0.993188 0.593333
58 0.490347 0.547639 0.977572 0.591389
21 0.490347 0.547639 0.977572 0.591389
59 0.490347 0.547639 0.977572 0.591389
7 0.507135 0.546667 0.984599 0.597778
34 0.495813 0.55 0.98538 0.586667
30 0.495813 0.55 0.98538 0.586667
29 0.498156 0.549028 0.993188 0.593056
58 0.490347 0.548333 0.977572 0.59
59 0.490347 0.548333 0.977572 0.59
21 0.490347 0.548333 0.977572 0.59
7 0.507135 0.546806 0.984599 0.5975
34 0.496594 0.550139 0.98538 0.586389
30 0.496594 0.550139 0.98538 0.586389
29 0.498546 0.548889 0.992407 0.593333
58 0.490347 0.548333 0.977572 0.59
59 0.490347 0.548333 0.977572 0.59
21 0.490347 0.548333 0.977572 0.59
34 0.496594 0.55 0.98538 0.586667
7 0.506744 0.546806 0.98538 0.5975
30 0.496594 0.55 0.98538 0.586667
29 0.498546 0.548889 0.992407 0.593333
58 0.490347 0.547917 0.977572 0.590833
21 0.490347 0.547917 0.977572 0.590833
59 0.490347 0.547917 0.977572 0.590833
7 0.507525 0.546806 0.983818 0.5975
34 0.496204 0.55 0.984599 0.586667
30 0.496204 0.55 0.984599 0.586667
29 0.498546 0.546806 0.992407 0.593056
58 0.489957 0.543889 0.978352 0.594444
21 0.489957 0.543889 0.978352 0.594444
59 0.489957 0.543889 0.978352 0.594444
7 0.504402 0.547222 0.983818 0.593333
30 0.497375 0.548333 0.98538 0.587778
34 0.497375 0.548333 0.98538 0.587778
