4 0.505321 0.464736 0.988807 0.428326
72 0.503372 0.463876 0.986468 0.425459
62 0.503372 0.463876 0.986468 0.425459
2 0.503372 0.463876 0.986468 0.425459
22 0.496353 0.467317 0.966193 0.423165
57 0.496353 0.467317 0.966193 0.423165
41 0.503372 0.463876 0.986468 0.425459
4 0.560688 0.498853 0.874954 0.31422
60 0.499083 0.467317 0.973211 0.424312
22 0.560688 0.498853 0.874954 0.31422
62 0.609427 0.49828 0.769679 0.307339
66 0.503372 0.463876 0.986468 0.425459
49 0.495573 0.459862 0.963073 0.431193
29 0.505321 0.464736 0.988807 0.428326
20 0.497133 0.465023 0.973991 0.425459
46 0.560688 0.498853 0.874954 0.31422
35 0.505321 0.464736 0.988807 0.428326
67 0.505321 0.464736 0.988807 0.428326
70 0.495573 0.459862 0.963073 0.431193
58 0.517798 0.446674 0.957615 0.432339
10 0.517018 0.492259 0.960734 0.337729
40 0.505321 0.463876 0.987248 0.434633
60 0.609427 0.49828 0.769679 0.307339
56 0.517018 0.492259 0.960734 0.337729
37 0.488165 0.467317 0.948257 0.425459
5 0.503372 0.463876 0.986468 0.425459
64 0.505321 0.463876 0.987248 0.434633
32 0.495573 0.459862 0.963073 0.431193
65 0.503372 0.463876 0.986468 0.425459
57 0.598217 0.508888 0.798337 0.331995
52 0.517018 0.492259 0.960734 0.337729
1 0.497133 0.465023 0.973991 0.425459
46 0.497133 0.465023 0.973991 0.425459
33 0.505321 0.463876 0.987248 0.434633
22 0.703005 0.5 0.587202 0.305046
6 0.504541 0.463876 0.981009 0.43578
18 0.517018 0.492259 0.960734 0.337729
67 0.708853 0.498853 0.573945 0.302752
2 0.494014 0.461869 0.963073 0.422592
67 0.494404 0.458716 0.970092 0.431193
62 0.494404 0.458716 0.970092 0.431193
4 0.494404 0.458716 0.970092 0.431193
69 0.494404 0.458716 0.970092 0.431193
3 0.472569 0.43922 0.915505 0.477064
36 0.494404 0.458716 0.970092 0.431193
44 0.494404 0.458716 0.970092 0.431193
8 0.494404 0.458716 0.970092 0.431193
57 0.494014 0.461869 0.963073 0.422592
58 0.471789 0.458429 0.912385 0.436353
41 0.474908 0.451548 0.931101 0.447821
60 0.494404 0.458716 0.970092 0.431193
65 0.494404 0.458716 0.970092 0.431193
35 0.494404 0.458716 0.970092 0.431193
56 0.476858 0.461583 0.931881 0.427752
29 0.494404 0.458716 0.970092 0.431193
10 0.472569 0.43922 0.915505 0.477064
20 0.494404 0.458716 0.970092 0.431193
30 0.489725 0.457282 0.959174 0.443234
6 0.494014 0.458142 0.969312 0.430046
45 0.494014 0.461869 0.963073 0.422592
66 0.476858 0.461583 0.931881 0.427752
31 0.494404 0.458716 0.970092 0.431193
5 0.476858 0.461583 0.931881 0.427752
22 0.494014 0.461869 0.963073 0.422592
72 0.494404 0.458716 0.970092 0.431193
33 0.494014 0.461869 0.963073 0.422592
52 0.516239 0.485092 0.956055 0.338303
40 0.494404 0.458716 0.970092 0.431193
7 0.472569 0.43922 0.915505 0.477064
39 0.483486 0.461583 0.945138 0.422018
32 0.494404 0.458716 0.970092 0.431193
1 0.472569 0.43922 0.915505 0.477064
49 0.471789 0.458429 0.912385 0.436353
59 0.489725 0.457282 0.959174 0.443234
34 0.516239 0.485092 0.956055 0.338303
54 0.474908 0.451548 0.931101 0.447821
0 0.516239 0.485092 0.956055 0.338303
62 0.494404 0.443736 0.974771 0.474914
44 0.493624 0.453627 0.973211 0.455132
67 0.494404 0.443736 0.974771 0.474914
65 0.494404 0.443736 0.974771 0.474914
36 0.494404 0.443736 0.974771 0.474914
29 0.494404 0.443736 0.974771 0.474914
20 0.493624 0.453627 0.973211 0.455132
33 0.493624 0.453627 0.973211 0.455132
8 0.493624 0.453627 0.973211 0.455132
6 0.486606 0.458142 0.970092 0.448395
54 0.494404 0.443736 0.974771 0.474914
10 0.481147 0.446961 0.943578 0.467317
66 0.493624 0.453627 0.973211 0.455132
30 0.494404 0.443736 0.974771 0.474914
2 0.488945 0.465023 0.968532 0.434633
4 0.494404 0.443736 0.974771 0.474914
35 0.488945 0.465023 0.968532 0.434633
69 0.494404 0.443736 0.974771 0.474914
57 0.488165 0.461869 0.968532 0.435206
39 0.488165 0.461869 0.968532 0.435206
45 0.488945 0.465023 0.968532 0.434633
5 0.481147 0.446961 0.943578 0.467317
32 0.493624 0.453627 0.973211 0.455132
31 0.494404 0.443736 0.974771 0.474914
61 0.488165 0.461869 0.968532 0.435206
60 0.493624 0.453627 0.973211 0.455132
40 0.488945 0.465023 0.968532 0.434633
1 0.480367 0.407683 0.940459 0.549312
58 0.474908 0.456135 0.918624 0.447821
23 0.481147 0.446961 0.943578 0.467317
56 0.493624 0.453627 0.973211 0.455132
41 0.494404 0.443736 0.974771 0.474914
22 0.493624 0.453627 0.973211 0.455132
28 0.474128 0.463303 0.932661 0.431193
68 0.480367 0.407683 0.940459 0.549312
34 0.480367 0.407683 0.940459 0.549312
67 0.486995 0.469897 0.973991 0.427179
29 0.486995 0.469897 0.973991 0.427179
30 0.486995 0.469897 0.973991 0.427179
8 0.488165 0.470757 0.97633 0.420872
36 0.486995 0.469897 0.973991 0.427179
54 0.486995 0.469897 0.973991 0.427179
44 0.488165 0.470757 0.97633 0.420872
61 0.493624 0.46961 0.974771 0.422018
33 0.488165 0.470757 0.97633 0.420872
6 0.486995 0.469897 0.973991 0.427179
57 0.488165 0.470757 0.97633 0.420872
62 0.486995 0.469897 0.973991 0.427179
65 0.486995 0.469897 0.973991 0.427179
20 0.486995 0.469897 0.973991 0.427179
34 0.474128 0.471044 0.931101 0.419151
4 0.488165 0.470757 0.97633 0.420872
10 0.492454 0.47047 0.975551 0.419151
35 0.488165 0.470757 0.97633 0.420872
32 0.488165 0.470757 0.97633 0.420872
31 0.486995 0.469897 0.973991 0.427179
45 0.488165 0.470757 0.97633 0.420872
23 0.493624 0.46961 0.974771 0.422018
66 0.486995 0.469897 0.973991 0.427179
28 0.479197 0.469897 0.938119 0.419151
39 0.488945 0.46961 0.97789 0.422018
1 0.489335 0.470183 0.970872 0.423165
60 0.488165 0.470757 0.97633 0.420872
2 0.488165 0.470757 0.97633 0.420872
21 0.488945 0.46961 0.97789 0.422018
68 0.489335 0.470183 0.970872 0.423165
5 0.492454 0.47047 0.975551 0.419151
22 0.488165 0.470757 0.97633 0.420872
56 0.492454 0.47047 0.975551 0.419151
0 0.502982 0.451835 0.97789 0.443807
58 0.479197 0.469897 0.938119 0.419151
69 0.488165 0.470757 0.97633 0.420872
54 0.522477 0.493979 0.917064 0.321674
30 0.522477 0.493979 0.917064 0.321674
41 0.489335 0.470183 0.970872 0.423165
66 0.522477 0.493979 0.917064 0.321674
59 0.486995 0.469897 0.973991 0.427179
29 0.522477 0.493979 0.917064 0.321674
40 0.496743 0.463589 0.987248 0.432913
52 0.502982 0.451835 0.97789 0.443807
6 0.522477 0.493979 0.917064 0.321674
72 0.489335 0.470183 0.970872 0.423165
3 0.489335 0.470183 0.970872 0.423165
7 0.496743 0.463589 0.987248 0.432913
20 0.522477 0.493979 0.917064 0.321674
54 0.488165 0.469037 0.970092 0.424312
30 0.488165 0.469037 0.970092 0.424312
35 0.488165 0.467603 0.973211 0.424885
29 0.488165 0.469037 0.970092 0.424312
67 0.488165 0.469037 0.970092 0.424312
45 0.489725 0.467603 0.97633 0.422592
8 0.489725 0.467603 0.97633 0.422592
65 0.488165 0.467603 0.973211 0.424885
44 0.488165 0.467603 0.973211 0.424885
21 0.489725 0.467603 0.97633 0.422592
61 0.493234 0.468177 0.969312 0.424885
39 0.489725 0.467603 0.97633 0.422592
4 0.488165 0.467603 0.973211 0.424885
36 0.490505 0.468463 0.966972 0.424312
57 0.489725 0.467603 0.97633 0.422592
10 0.493624 0.467603 0.973211 0.423739
33 0.499083 0.46531 0.988807 0.424885
34 0.481537 0.468177 0.942798 0.423739
66 0.488165 0.469037 0.970092 0.424312
62 0.488165 0.469037 0.970092 0.424312
20 0.488165 0.469037 0.970092 0.424312
6 0.488165 0.469037 0.970092 0.424312
32 0.489725 0.467603 0.97633 0.422592
28 0.493234 0.468177 0.969312 0.424885
0 0.499083 0.46531 0.988807 0.424885
31 0.488165 0.469037 0.970092 0.424312
60 0.499083 0.46531 0.988807 0.424885
2 0.499083 0.46531 0.988807 0.424885
1 0.490505 0.468463 0.966972 0.424312
23 0.493234 0.468177 0.969312 0.424885
7 0.499083 0.46531 0.988807 0.424885
34 0.335906 0.471617 0.641399 0.421445
56 0.488165 0.467603 0.973211 0.424885
29 0.335906 0.471617 0.641399 0.421445
69 0.488165 0.469037 0.970092 0.424312
30 0.545482 0.4957 0.867936 0.319381
22 0.488165 0.467603 0.973211 0.424885
5 0.493234 0.468177 0.969312 0.424885
8 0.531055 0.493979 0.899908 0.321674
68 0.490505 0.468463 0.966972 0.424312
29 0.531055 0.493979 0.899908 0.321674
54 0.531055 0.493979 0.899908 0.321674
40 0.499083 0.46531 0.988807 0.424885
21 0.530665 0.491972 0.903807 0.322248
45 0.530665 0.491972 0.903807 0.322248
29 0.489725 0.467317 0.971651 0.424312
21 0.489725 0.46703 0.973211 0.428326
30 0.498303 0.465883 0.984128 0.428326
8 0.489725 0.46703 0.973211 0.428326
34 0.498303 0.46617 0.981009 0.426605
65 0.489725 0.467317 0.971651 0.424312
4 0.497523 0.465883 0.985688 0.430619
67 0.498303 0.465883 0.984128 0.428326
61 0.489725 0.467317 0.971651 0.430046
54 0.498303 0.465883 0.984128 0.428326
44 0.497523 0.465883 0.985688 0.430619
20 0.498303 0.465883 0.984128 0.428326
45 0.497523 0.466743 0.97945 0.432339
10 0.489725 0.46703 0.973211 0.428326
39 0.489725 0.467317 0.971651 0.430046
35 0.489725 0.46703 0.973211 0.428326
62 0.498303 0.465883 0.984128 0.428326
31 0.489725 0.467317 0.971651 0.424312
28 0.498303 0.46617 0.981009 0.426605
57 0.489725 0.467317 0.971651 0.430046
36 0.489725 0.467317 0.971651 0.424312
32 0.489725 0.467317 0.971651 0.424312
66 0.498303 0.465883 0.984128 0.428326
23 0.489725 0.467317 0.971651 0.430046
52 0.489725 0.46703 0.973211 0.428326
60 0.497523 0.465883 0.985688 0.430619
68 0.498303 0.46617 0.981009 0.425459
6 0.498303 0.465883 0.984128 0.428326
59 0.489725 0.46703 0.973211 0.428326
7 0.497523 0.465883 0.985688 0.430619
0 0.497523 0.465883 0.985688 0.430619
33 0.497523 0.465883 0.985688 0.430619
29 0.492064 0.468177 0.966972 0.435206
65 0.492064 0.468177 0.966972 0.435206
34 0.497133 0.46531 0.980229 0.431766
21 0.492064 0.465023 0.965413 0.434633
30 0.492064 0.468177 0.966972 0.435206
8 0.492064 0.465023 0.965413 0.434633
35 0.499472 0.463016 0.981789 0.436353
4 0.492064 0.465023 0.965413 0.434633
61 0.490895 0.465883 0.959954 0.432913
44 0.492064 0.465023 0.965413 0.434633
62 0.500252 0.465023 0.980229 0.436927
67 0.500252 0.465023 0.980229 0.436927
36 0.492064 0.468177 0.966972 0.435206
10 0.492064 0.465023 0.965413 0.434633
45 0.492064 0.465023 0.965413 0.434633
54 0.500252 0.465023 0.980229 0.436927
39 0.490895 0.465883 0.959954 0.432913
60 0.499472 0.463016 0.981789 0.436353
20 0.500252 0.465023 0.980229 0.436927
57 0.490895 0.465883 0.959954 0.432913
28 0.497133 0.46531 0.980229 0.431766
31 0.492064 0.468177 0.966972 0.435206
32 0.492064 0.468177 0.966972 0.435206
33 0.499472 0.463016 0.981789 0.436353
6 0.500252 0.465023 0.980229 0.436927
23 0.490895 0.465883 0.959954 0.432913
7 0.499472 0.463016 0.981789 0.436353
69 0.500252 0.465023 0.980229 0.436927
34 0.235505 0.471617 0.442936 0.423739
0 0.499472 0.463016 0.981789 0.436353
56 0.492064 0.465023 0.965413 0.434633
65 0.235505 0.471617 0.442936 0.423739
66 0.500252 0.465023 0.980229 0.436927
5 0.497133 0.46531 0.980229 0.431766
29 0.235505 0.471617 0.442936 0.423739
29 0.538853 0.495413 0.885871 0.336009
29 0.501422 0.47047 0.974771 0.419151
21 0.502592 0.46703 0.97711 0.423739
65 0.501422 0.47047 0.974771 0.419151
34 0.503899 0.46617 0.992202 0.423165
30 0.502982 0.467317 0.97789 0.425459
8 0.502592 0.46703 0.97711 0.423739
35 0.502202 0.462443 0.982569 0.431766
4 0.502202 0.462443 0.982569 0.431766
45 0.502592 0.46703 0.97711 0.423739
44 0.502202 0.462443 0.982569 0.431766
62 0.502982 0.467317 0.97789 0.425459
61 0.502592 0.466743 0.973991 0.428899
67 0.502982 0.467317 0.97789 0.425459
20 0.502982 0.467317 0.97789 0.425459
60 0.502202 0.462443 0.982569 0.431766
10 0.502592 0.46703 0.97711 0.423739
36 0.501422 0.47047 0.974771 0.419151
32 0.501422 0.47047 0.974771 0.419151
31 0.501422 0.47047 0.974771 0.419151
54 0.502982 0.467317 0.97789 0.425459
57 0.502592 0.46703 0.97711 0.423739
39 0.502592 0.466743 0.973991 0.428899
28 0.503899 0.46617 0.992202 0.423165
23 0.502592 0.466743 0.973991 0.428899
6 0.502982 0.467317 0.97789 0.425459
0 0.502202 0.462443 0.982569 0.431766
7 0.502202 0.462443 0.982569 0.431766
66 0.505321 0.46531 0.973211 0.424885
69 0.502982 0.467317 0.97789 0.425459
52 0.503899 0.46617 0.992202 0.423165
29 0.493624 0.467603 0.962294 0.422592
21 0.492844 0.465883 0.960734 0.420298
34 0.499083 0.466743 0.97633 0.418578
65 0.493624 0.467603 0.962294 0.422592
35 0.495963 0.463876 0.963853 0.420872
45 0.492844 0.465883 0.960734 0.420298
8 0.492844 0.465883 0.960734 0.420298
4 0.495963 0.463876 0.963853 0.420872
30 0.493624 0.467603 0.962294 0.422592
57 0.493624 0.467603 0.962294 0.422592
44 0.493624 0.467603 0.962294 0.422592
67 0.493624 0.467603 0.962294 0.422592
61 0.499083 0.466743 0.97633 0.418578
36 0.493624 0.467603 0.962294 0.422592
10 0.493624 0.467603 0.962294 0.422592
32 0.493624 0.467603 0.962294 0.422592
23 0.499862 0.46789 0.974771 0.420871
62 0.493624 0.467603 0.962294 0.422592
31 0.493624 0.467603 0.962294 0.422592
60 0.493624 0.467603 0.962294 0.422592
54 0.493624 0.467603 0.962294 0.422592
39 0.494404 0.46875 0.960734 0.422592
20 0.512339 0.497706 0.957615 0.324541
33 0.492844 0.465883 0.960734 0.420298
7 0.492844 0.465883 0.960734 0.420298
28 0.495963 0.463876 0.963853 0.420872
59 0.492844 0.465883 0.960734 0.420298
29 0.603675 0.497706 0.739071 0.318807
58 0.499862 0.46789 0.974771 0.420871
6 0.493624 0.467603 0.962294 0.422592
21 0.492844 0.468177 0.963853 0.421445
65 0.499083 0.46789 0.97633 0.419725
29 0.499083 0.46789 0.97633 0.419725
34 0.497523 0.46703 0.97633 0.424885
45 0.499083 0.46789 0.97633 0.419725
35 0.499083 0.46789 0.97633 0.419725
4 0.499083 0.46789 0.97633 0.419725
30 0.499083 0.46789 0.973211 0.426606
8 0.499083 0.46789 0.97633 0.419725
61 0.492064 0.470183 0.962294 0.425459
57 0.499083 0.46789 0.97633 0.419725
44 0.499083 0.46789 0.97633 0.419725
20 0.521697 0.496846 0.943578 0.331995
62 0.505321 0.475917 0.966973 0.400229
54 0.499083 0.46789 0.97633 0.419725
33 0.492844 0.468177 0.963853 0.421445
60 0.499083 0.46789 0.97633 0.419725
65 0.642569 0.493119 0.665963 0.325688
10 0.492844 0.468177 0.963853 0.421445
7 0.499083 0.46789 0.97633 0.419725
39 0.492064 0.470183 0.962294 0.425459
67 0.499083 0.46789 0.973211 0.426606
28 0.492064 0.470183 0.962294 0.425459
23 0.492064 0.470183 0.962294 0.425459
34 0.268647 0.467317 0.504541 0.430046
65 0.283853 0.46617 0.534954 0.428899
36 0.499083 0.46789 0.973211 0.426606
21 0.489725 0.471044 0.960734 0.415711
29 0.497133 0.470757 0.97711 0.413991
65 0.497133 0.470757 0.97711 0.413991
35 0.489725 0.471044 0.960734 0.415711
34 0.492064 0.47133 0.971651 0.416284
45 0.489725 0.471044 0.960734 0.415711
4 0.497133 0.470757 0.97711 0.413991
30 0.497133 0.470757 0.97711 0.413991
8 0.489725 0.471044 0.960734 0.415711
44 0.497133 0.470757 0.97711 0.413991
20 0.519358 0.497706 0.943578 0.336009
57 0.489725 0.471044 0.960734 0.415711
62 0.497133 0.470757 0.97711 0.413991
61 0.493234 0.47133 0.975551 0.419725
6 0.497133 0.470757 0.97711 0.413991
60 0.497133 0.470757 0.97711 0.413991
39 0.497133 0.470757 0.97711 0.413991
7 0.497133 0.470757 0.97711 0.413991
36 0.497133 0.470757 0.97711 0.413991
67 0.489335 0.46961 0.958394 0.413991
32 0.487775 0.46961 0.963073 0.413991
10 0.489335 0.46961 0.958394 0.413991
59 0.491674 0.471044 0.964633 0.419151
54 0.497133 0.470757 0.97711 0.413991
33 0.492064 0.47133 0.971651 0.416284
31 0.497133 0.470757 0.97711 0.413991
66 0.497133 0.470757 0.97711 0.413991
56 0.497133 0.470757 0.97711 0.413991
23 0.491674 0.471044 0.964633 0.419151
29 0.491674 0.467317 0.969312 0.417431
21 0.490115 0.467317 0.956835 0.420871
65 0.493624 0.467603 0.968532 0.422592
34 0.493624 0.467603 0.968532 0.422592
35 0.493624 0.467603 0.968532 0.422592
8 0.493624 0.467603 0.968532 0.422592
4 0.493624 0.467603 0.968532 0.422592
45 0.493624 0.467603 0.968532 0.422592
30 0.492064 0.46789 0.960734 0.416284
57 0.493624 0.467603 0.968532 0.422592
67 0.492064 0.46789 0.960734 0.416284
60 0.491674 0.467317 0.969312 0.417431
32 0.491674 0.467317 0.969312 0.417431
23 0.491674 0.467317 0.969312 0.417431
10 0.492064 0.46789 0.960734 0.416284
44 0.490115 0.467317 0.956835 0.420871
61 0.492064 0.46961 0.956055 0.424312
33 0.493624 0.467603 0.968532 0.422592
36 0.491674 0.467317 0.969312 0.417431
7 0.493624 0.467603 0.968532 0.422592
59 0.492844 0.46703 0.971651 0.422592
29 0.233165 0.46789 0.436697 0.417431
58 0.491674 0.467317 0.969312 0.417431
31 0.492064 0.46789 0.960734 0.416284
0 0.491674 0.467317 0.969312 0.417431
62 0.491674 0.467317 0.969312 0.417431
39 0.493624 0.467603 0.968532 0.422592
54 0.490115 0.467317 0.956835 0.420871
28 0.493624 0.467603 0.968532 0.422592
6 0.493624 0.467603 0.968532 0.422592
69 0.493624 0.467603 0.968532 0.422592
20 0.493624 0.467603 0.968532 0.422592
29 0.501422 0.463016 0.981009 0.424885
65 0.498303 0.463876 0.971651 0.425459
21 0.492844 0.465883 0.966972 0.422592
34 0.498303 0.463876 0.971651 0.425459
35 0.498303 0.463876 0.971651 0.425459
30 0.490894 0.46445 0.967752 0.422018
8 0.498303 0.463876 0.971651 0.425459
4 0.498303 0.463876 0.971651 0.425459
45 0.498303 0.463876 0.971651 0.425459
60 0.498303 0.463876 0.971651 0.425459
65 0.726009 0.489966 0.502202 0.330849
29 0.567706 0.487959 0.834404 0.33945
29 0.726009 0.489966 0.502202 0.330849
65 0.567706 0.487959 0.834404 0.33945
31 0.497523 0.46445 0.970092 0.424312
62 0.502592 0.46445 0.963073 0.422018
0 0.498303 0.463876 0.971651 0.425459
7 0.498303 0.463876 0.971651 0.425459
33 0.498303 0.463876 0.971651 0.425459
32 0.501422 0.463016 0.981009 0.424885
57 0.498303 0.463876 0.971651 0.425459
39 0.498303 0.463876 0.971651 0.425459
34 0.567706 0.487959 0.834404 0.33945
67 0.490894 0.46445 0.967752 0.422018
6 0.498303 0.463876 0.971651 0.425459
34 0.726009 0.489966 0.502202 0.330849
54 0.492844 0.465883 0.966972 0.422592
61 0.500642 0.465596 0.984128 0.424312
20 0.498303 0.463876 0.971651 0.425459
10 0.501422 0.463016 0.981009 0.424885
36 0.497523 0.46445 0.970092 0.424312
28 0.490894 0.46445 0.967752 0.422018
21 0.726009 0.489966 0.502202 0.330849
44 0.497523 0.46445 0.970092 0.424312
21 0.567706 0.487959 0.834404 0.33945
35 0.726009 0.489966 0.502202 0.330849
2 0.498303 0.463876 0.971651 0.425459
23 0.501422 0.463016 0.981009 0.424885
69 0.498303 0.463876 0.971651 0.425459
20 0.567706 0.487959 0.834404 0.33945
59 0.492064 0.46789 0.962294 0.424312
6 0.726009 0.489966 0.502202 0.330849
8 0.567706 0.487959 0.834404 0.33945
7 0.726009 0.489966 0.502202 0.330849
8 0.726009 0.489966 0.502202 0.330849
20 0.726009 0.489966 0.502202 0.330849
35 0.567706 0.487959 0.834404 0.33945
22 0.498303 0.463876 0.971651 0.425459
52 0.501422 0.463016 0.981009 0.424885
30 0.567706 0.487959 0.834404 0.33945
