22 0.459556 0.46839 0.912876 0.469902
2 0.487231 0.46839 0.974462 0.464142
72 0.466183 0.47091 0.92457 0.468318
57 0.487231 0.46839 0.974462 0.464142
62 0.482554 0.468822 0.965107 0.463278
4 0.482554 0.468822 0.965107 0.463278
60 0.459556 0.46839 0.912876 0.469902
72 0.303448 0.471126 0.593642 0.467886
41 0.303448 0.471126 0.593642 0.467886
4 0.303448 0.471126 0.593642 0.467886
41 0.482554 0.468822 0.965107 0.463278
66 0.482554 0.468822 0.965107 0.463278
22 0.303448 0.471126 0.593642 0.467886
46 0.482554 0.468822 0.965107 0.463278
49 0.459556 0.46839 0.912876 0.469902
20 0.482554 0.468822 0.965107 0.463278
67 0.472419 0.471486 0.933925 0.467166
57 0.625312 0.472062 0.726364 0.442972
3 0.459556 0.46839 0.912876 0.469902
32 0.48879 0.472422 0.974462 0.46299
44 0.480215 0.47127 0.957312 0.465294
70 0.480215 0.47127 0.957312 0.465294
35 0.491519 0.467454 0.983038 0.456797
40 0.491519 0.467454 0.983038 0.456797
17 0.459556 0.46839 0.912876 0.469902
1 0.466183 0.47091 0.92457 0.468318
64 0.491519 0.467454 0.983038 0.456797
49 0.303448 0.471126 0.593642 0.467886
52 0.491909 0.46803 0.971344 0.448733
67 0.607187 0.466878 0.761055 0.433756
4 0.725 0.463422 0.528548 0.416475
65 0.466183 0.47091 0.92457 0.468318
5 0.459556 0.46839 0.912876 0.469902
10 0.303448 0.471126 0.593642 0.467886
71 0.491519 0.467454 0.983038 0.456797
58 0.472419 0.471486 0.933925 0.467166
4 0.625312 0.472062 0.726364 0.442972
31 0.491519 0.467454 0.983038 0.456797
10 0.459556 0.46839 0.912876 0.469902
22 0.678128 0.470622 0.622292 0.415899
2 0.303448 0.471126 0.593642 0.467886
62 0.303448 0.471126 0.593642 0.467886
57 0.725 0.463422 0.528548 0.416475
68 0.380528 0.470046 0.743515 0.464286
8 0.488011 0.470118 0.976021 0.460685
57 0.303448 0.471126 0.593642 0.467886
1 0.303448 0.471126 0.593642 0.467886
72 0.588965 0.46803 0.800618 0.433756
3 0.309489 0.468894 0.602607 0.468894
34 0.497366 0.465438 0.971344 0.4447
11 0.492688 0.470622 0.983817 0.456221
69 0.428763 0.475302 0.848172 0.473358
7 0.459556 0.46839 0.912876 0.469902
60 0.303448 0.471126 0.593642 0.467886
36 0.465403 0.474078 0.918333 0.470046
37 0.380528 0.470046 0.743515 0.464286
7 0.243616 0.467742 0.470081 0.458525
67 0.725 0.463422 0.528548 0.416475
69 0.309489 0.468894 0.602607 0.468894
62 0.725 0.463422 0.528548 0.416475
12 0.492688 0.470622 0.972903 0.453917
5 0.303448 0.471126 0.593642 0.467886
45 0.588965 0.46803 0.800618 0.433756
60 0.584677 0.466302 0.807634 0.434908
6 0.480215 0.47127 0.957312 0.465294
29 0.48879 0.472422 0.974462 0.46299
36 0.678128 0.470622 0.622292 0.415899
56 0.570645 0.46947 0.829462 0.4447
57 0.644704 0.546659 0.662634 0.581797
28 0.495806 0.468318 0.969785 0.43894
20 0.303448 0.471126 0.593642 0.467886
57 0.215356 0.474006 0.411223 0.469038
17 0.303448 0.471126 0.593642 0.467886
54 0.487231 0.46839 0.974462 0.464142
58 0.243616 0.467742 0.470081 0.458525
33 0.498145 0.46947 0.97914 0.447005
49 0.625312 0.472062 0.726364 0.442972
39 0.493468 0.468894 0.977581 0.4447
60 0.725 0.463422 0.528548 0.416475
10 0.739032 0.46659 0.498925 0.420507
26 0.739032 0.46659 0.498925 0.420507
59 0.739032 0.46659 0.498925 0.420507
44 0.678128 0.470622 0.622292 0.415899
66 0.303448 0.471126 0.593642 0.467886
54 0.303448 0.471126 0.593642 0.467886
57 0.510618 0.577189 0.92457 0.646313
29 0.303448 0.471126 0.593642 0.467886
59 0.465403 0.474078 0.918333 0.470046
65 0.303448 0.471126 0.593642 0.467886
26 0.480215 0.47127 0.957312 0.465294
72 0.725 0.463422 0.528548 0.416475
46 0.303448 0.471126 0.593642 0.467886
38 0.585067 0.468894 0.809973 0.434332
35 0.725 0.463422 0.528548 0.416475
70 0.303448 0.471126 0.593642 0.467886
46 0.725 0.463422 0.528548 0.416475
14 0.303448 0.471126 0.593642 0.467886
37 0.243616 0.467742 0.470081 0.458525
0 0.369516 0.47055 0.729677 0.472494
57 0.256284 0.518721 0.494637 0.615783
49 0.739032 0.46659 0.498925 0.420507
13 0.607187 0.466878 0.761055 0.433756
10 0.215356 0.474006 0.411223 0.469038
35 0.303448 0.471126 0.593642 0.467886
26 0.607187 0.466878 0.761055 0.433756
69 0.585067 0.468894 0.809973 0.434332
14 0.459556 0.46839 0.912876 0.469902
2 0.497755 0.46227 0.984597 0.455645
4 0.497755 0.46227 0.984597 0.455645
3 0.475148 0.46371 0.939382 0.450461
57 0.497755 0.46227 0.984597 0.455645
58 0.475148 0.46371 0.939382 0.450461
7 0.491129 0.462846 0.976021 0.453341
52 0.497755 0.46227 0.984597 0.455645
67 0.494247 0.460181 0.983817 0.457517
60 0.491129 0.460181 0.974462 0.452909
10 0.488401 0.461694 0.973683 0.456797
69 0.494247 0.460181 0.983817 0.457517
62 0.497755 0.46227 0.984597 0.455645
22 0.497755 0.46227 0.984597 0.455645
44 0.497755 0.46227 0.984597 0.455645
8 0.494247 0.460181 0.983817 0.457517
35 0.497755 0.46227 0.984597 0.455645
49 0.491129 0.462846 0.976021 0.453341
66 0.497755 0.46227 0.984597 0.455645
36 0.494247 0.460181 0.983817 0.457517
41 0.497755 0.46227 0.984597 0.455645
20 0.493468 0.459605 0.980699 0.455213
45 0.493468 0.459605 0.980699 0.455213
34 0.491129 0.462846 0.976021 0.453341
31 0.494247 0.460181 0.983817 0.457517
39 0.493468 0.459605 0.980699 0.455213
65 0.497755 0.46227 0.984597 0.455645
6 0.494247 0.460181 0.983817 0.457517
1 0.472809 0.464574 0.934704 0.454493
29 0.472809 0.464574 0.934704 0.454493
56 0.491129 0.462846 0.976021 0.453341
72 0.497755 0.46227 0.984597 0.455645
59 0.488401 0.461694 0.973683 0.456797
37 0.491129 0.462846 0.976021 0.453341
32 0.494247 0.460181 0.983817 0.457517
68 0.481384 0.468606 0.954973 0.46371
46 0.493468 0.459605 0.980699 0.455213
18 0.488401 0.461694 0.973683 0.456797
4 0.87078 0.53629 0.236989 0.224654
15 0.475148 0.46371 0.939382 0.450461
71 0.493468 0.459605 0.980699 0.455213
58 0.254919 0.461117 0.495806 0.437212
30 0.494247 0.460181 0.983817 0.457517
5 0.491129 0.460181 0.974462 0.452909
33 0.493468 0.459605 0.980699 0.455213
58 0.87078 0.53629 0.236989 0.224654
28 0.497755 0.467166 0.973683 0.435484
64 0.492298 0.461405 0.976801 0.452765
2 0.744489 0.454493 0.494247 0.427419
2 0.491909 0.440596 0.974462 0.492079
4 0.491909 0.440596 0.974462 0.492079
58 0.496976 0.456221 0.983038 0.460829
3 0.496976 0.456221 0.983038 0.460829
57 0.491909 0.440596 0.974462 0.492079
69 0.499704 0.453629 0.986935 0.466014
52 0.491909 0.440596 0.974462 0.492079
7 0.491909 0.440596 0.974462 0.492079
10 0.496976 0.456221 0.983038 0.460829
22 0.491909 0.440596 0.974462 0.492079
60 0.491909 0.440596 0.974462 0.492079
34 0.496976 0.456221 0.983038 0.460829
1 0.495417 0.461405 0.983038 0.465438
56 0.499704 0.453629 0.986935 0.466014
39 0.495027 0.451685 0.971344 0.472206
44 0.499704 0.453629 0.986935 0.466014
5 0.496976 0.456221 0.983038 0.460829
67 0.491129 0.445276 0.974462 0.487327
8 0.491129 0.445276 0.974462 0.487327
23 0.497366 0.457877 0.983817 0.459821
35 0.495806 0.450173 0.97914 0.472926
31 0.500094 0.452693 0.987715 0.477102
62 0.491909 0.440596 0.974462 0.492079
29 0.495806 0.446141 0.982258 0.480991
65 0.491129 0.445276 0.974462 0.487327
45 0.491909 0.440596 0.974462 0.492079
66 0.495806 0.450173 0.97914 0.472926
68 0.495417 0.461405 0.983038 0.465438
6 0.491129 0.445276 0.974462 0.487327
49 0.496976 0.456221 0.983038 0.460829
15 0.491909 0.440596 0.974462 0.492079
21 0.495806 0.450173 0.97914 0.472926
59 0.500094 0.452693 0.987715 0.477102
32 0.499704 0.453629 0.986935 0.466014
36 0.491129 0.445276 0.974462 0.487327
54 0.495027 0.440956 0.977581 0.489055
58 0.295847 0.464574 0.573763 0.448733
28 0.493857 0.462054 0.976801 0.451469
41 0.495806 0.446141 0.982258 0.480991
20 0.491129 0.445276 0.974462 0.487327
33 0.495806 0.450173 0.97914 0.472926
61 0.495027 0.451685 0.971344 0.472206
30 0.495806 0.424251 0.986935 0.53053
4 0.504382 0.459389 0.983817 0.456797
57 0.505941 0.463998 0.977581 0.447581
23 0.491909 0.460829 0.966667 0.457373
29 0.50672 0.46515 0.977581 0.447581
2 0.504382 0.459389 0.983817 0.456797
7 0.505941 0.463998 0.977581 0.447581
66 0.504382 0.459389 0.983817 0.456797
67 0.505551 0.463998 0.984597 0.446429
58 0.496586 0.459965 0.985376 0.453341
34 0.492688 0.459965 0.966667 0.454493
44 0.505941 0.463998 0.977581 0.447581
22 0.505941 0.463998 0.977581 0.447581
54 0.505551 0.463998 0.984597 0.446429
8 0.506331 0.466014 0.97836 0.4447
60 0.504382 0.459389 0.983817 0.456797
52 0.492688 0.459965 0.966667 0.454493
35 0.504382 0.459389 0.983817 0.456797
39 0.506331 0.466014 0.97836 0.4447
6 0.505551 0.463998 0.984597 0.446429
10 0.492688 0.459965 0.966667 0.454493
68 0.492688 0.460829 0.966667 0.459677
31 0.50672 0.46515 0.977581 0.447581
3 0.492688 0.459965 0.966667 0.454493
69 0.504382 0.459389 0.983817 0.456797
45 0.506331 0.466014 0.97836 0.4447
20 0.505551 0.463998 0.984597 0.446429
30 0.505551 0.463998 0.984597 0.446429
65 0.504382 0.459389 0.983817 0.456797
32 0.506331 0.466014 0.97836 0.4447
36 0.505551 0.463998 0.984597 0.446429
62 0.504382 0.459389 0.983817 0.456797
28 0.505941 0.463998 0.977581 0.447581
1 0.492688 0.460829 0.966667 0.459677
21 0.506331 0.466014 0.97836 0.4447
61 0.504382 0.465438 0.977581 0.447005
59 0.492688 0.460829 0.966667 0.459677
56 0.492688 0.459965 0.966667 0.454493
5 0.506331 0.466014 0.97836 0.4447
0 0.502043 0.458237 0.982258 0.459101
33 0.504382 0.459389 0.983817 0.456797
41 0.50672 0.46515 0.977581 0.447581
72 0.505941 0.463998 0.977581 0.447581
4 0.503212 0.468318 0.983038 0.445852
52 0.495806 0.46515 0.971344 0.451037
2 0.495806 0.46515 0.971344 0.451037
7 0.503212 0.468318 0.983038 0.445852
57 0.495806 0.46515 0.971344 0.451037
3 0.495806 0.46515 0.971344 0.451037
23 0.495027 0.463998 0.974462 0.452189
60 0.495027 0.463998 0.974462 0.452189
1 0.495027 0.467094 0.966667 0.451757
22 0.503212 0.468318 0.983038 0.445852
66 0.508669 0.467742 0.975242 0.448157
44 0.503212 0.468318 0.983038 0.445852
58 0.499314 0.46371 0.986156 0.451613
69 0.503212 0.468318 0.983038 0.445852
10 0.495806 0.46515 0.971344 0.451037
32 0.503212 0.468318 0.983038 0.445852
39 0.503602 0.466014 0.982258 0.448157
54 0.503212 0.468318 0.983038 0.445852
56 0.495806 0.46515 0.971344 0.451037
6 0.503602 0.470334 0.980699 0.445276
5 0.503602 0.466014 0.982258 0.448157
0 0.503212 0.468318 0.983038 0.445852
34 0.499314 0.46371 0.986156 0.451613
28 0.495027 0.463998 0.974462 0.452189
45 0.509449 0.466302 0.973683 0.448733
67 0.495027 0.467094 0.966667 0.451757
59 0.495027 0.467094 0.966667 0.451757
35 0.503212 0.468318 0.983038 0.445852
29 0.503602 0.470334 0.980699 0.445276
21 0.503602 0.466014 0.982258 0.448157
68 0.499314 0.46371 0.986156 0.451613
8 0.503602 0.466014 0.982258 0.448157
62 0.503212 0.468318 0.983038 0.445852
20 0.503602 0.466014 0.982258 0.448157
31 0.503602 0.470334 0.980699 0.445276
36 0.495027 0.467094 0.966667 0.451757
65 0.503212 0.468318 0.983038 0.445852
30 0.495027 0.467094 0.966667 0.451757
61 0.495027 0.463998 0.974462 0.452189
33 0.503602 0.466014 0.982258 0.448157
54 0.500484 0.464574 0.988495 0.452189
29 0.500484 0.464574 0.988495 0.452189
6 0.500484 0.464574 0.988495 0.452189
8 0.499704 0.460181 0.990054 0.46443
20 0.500484 0.464574 0.988495 0.452189
7 0.499704 0.460181 0.990054 0.46443
4 0.499704 0.460181 0.990054 0.46443
30 0.500484 0.464574 0.988495 0.452189
66 0.506331 0.465942 0.976801 0.449453
44 0.499704 0.460181 0.990054 0.46443
67 0.500484 0.464574 0.988495 0.452189
35 0.500484 0.464574 0.988495 0.452189
3 0.48879 0.464214 0.972903 0.451757
1 0.48879 0.464214 0.972903 0.451757
39 0.499704 0.457877 0.990054 0.466734
56 0.488011 0.461117 0.972903 0.462558
60 0.499704 0.460181 0.990054 0.46443
57 0.488011 0.461117 0.972903 0.462558
10 0.488011 0.461117 0.972903 0.462558
2 0.488011 0.461117 0.972903 0.462558
21 0.499704 0.460181 0.990054 0.46443
31 0.500484 0.464574 0.988495 0.452189
5 0.494247 0.463998 0.988495 0.456797
45 0.5075 0.459101 0.977581 0.46659
32 0.499704 0.460181 0.990054 0.46443
69 0.499704 0.460181 0.990054 0.46443
28 0.499704 0.460181 0.990054 0.46443
23 0.48879 0.459389 0.974462 0.466014
36 0.500484 0.464574 0.988495 0.452189
65 0.500484 0.464574 0.988495 0.452189
33 0.499704 0.460181 0.990054 0.46443
34 0.494247 0.463998 0.988495 0.456797
22 0.499704 0.460181 0.990054 0.46443
52 0.488011 0.461117 0.972903 0.462558
0 0.488011 0.461117 0.972903 0.462558
68 0.500484 0.464574 0.988495 0.452189
41 0.500484 0.464574 0.988495 0.452189
61 0.499704 0.457877 0.990054 0.466734
62 0.48879 0.464214 0.972903 0.451757
59 0.48879 0.464214 0.972903 0.451757
58 0.48879 0.464214 0.972903 0.451757
72 0.500484 0.464574 0.988495 0.452189
2 0.4884 0.463998 0.972124 0.456797
6 0.50828 0.466086 0.972903 0.452621
7 0.497755 0.465726 0.986156 0.453341
35 0.50828 0.466086 0.972903 0.452621
60 0.497755 0.465726 0.986156 0.453341
1 0.48879 0.465438 0.974462 0.452765
56 0.497755 0.465726 0.986156 0.453341
69 0.497755 0.465726 0.986156 0.453341
54 0.499314 0.466878 0.984597 0.451037
66 0.508669 0.463422 0.972124 0.457949
44 0.497755 0.465726 0.986156 0.453341
3 0.48879 0.465438 0.974462 0.452765
0 0.4884 0.463998 0.972124 0.456797
29 0.499314 0.466878 0.984597 0.451037
4 0.508669 0.463422 0.972124 0.457949
39 0.509059 0.461117 0.971344 0.459101
20 0.497755 0.465726 0.986156 0.453341
33 0.497755 0.465726 0.986156 0.453341
8 0.497755 0.465726 0.986156 0.453341
57 0.497755 0.465726 0.986156 0.453341
67 0.499314 0.466878 0.984597 0.451037
5 0.493468 0.466302 0.986935 0.452189
32 0.497755 0.465726 0.986156 0.453341
23 0.496586 0.46263 0.985376 0.454925
22 0.497755 0.465726 0.986156 0.453341
30 0.50828 0.466086 0.972903 0.452621
31 0.499314 0.466878 0.984597 0.451037
36 0.499314 0.466878 0.984597 0.451037
28 0.497755 0.465726 0.986156 0.453341
45 0.509059 0.461117 0.971344 0.459101
10 0.499314 0.466878 0.984597 0.451037
58 0.48879 0.465438 0.974462 0.452765
62 0.4884 0.463998 0.972124 0.456797
65 0.499314 0.466878 0.984597 0.451037
21 0.508669 0.463422 0.972124 0.457949
34 0.4884 0.463998 0.972124 0.456797
52 0.4884 0.463998 0.972124 0.456797
68 0.499314 0.466878 0.984597 0.451037
61 0.496586 0.46263 0.985376 0.454925
7 0.500874 0.436132 0.987715 0.512529
6 0.502433 0.430012 0.984597 0.525922
60 0.495806 0.448661 0.977581 0.487471
2 0.495806 0.448661 0.977581 0.487471
35 0.500874 0.436132 0.987715 0.512529
33 0.495806 0.448661 0.977581 0.487471
3 0.496976 0.446429 0.979919 0.490783
8 0.500874 0.436132 0.987715 0.512529
54 0.505551 0.422163 0.975242 0.542771
39 0.500874 0.447293 0.987715 0.487903
1 0.496976 0.446429 0.979919 0.490783
69 0.500874 0.436132 0.987715 0.512529
0 0.495806 0.448661 0.977581 0.487471
66 0.500874 0.436132 0.987715 0.512529
29 0.502433 0.430012 0.984597 0.525922
56 0.495806 0.448661 0.977581 0.487471
20 0.500874 0.436132 0.987715 0.512529
67 0.496976 0.446429 0.979919 0.490783
58 0.495806 0.448661 0.977581 0.487471
22 0.495806 0.448661 0.977581 0.487471
57 0.495806 0.448661 0.977581 0.487471
44 0.500874 0.447293 0.987715 0.487903
23 0.493857 0.451901 0.973683 0.477535
30 0.505551 0.422163 0.975242 0.542771
31 0.502433 0.430012 0.984597 0.525922
5 0.498145 0.459101 0.986935 0.464286
36 0.496976 0.446429 0.979919 0.490783
4 0.495806 0.448661 0.977581 0.487471
32 0.500874 0.436132 0.987715 0.512529
34 0.498145 0.459101 0.986935 0.464286
21 0.495806 0.448661 0.977581 0.487471
62 0.495806 0.448661 0.977581 0.487471
10 0.495806 0.448661 0.977581 0.487471
65 0.496976 0.446429 0.979919 0.490783
45 0.500874 0.447293 0.987715 0.487903
28 0.500874 0.436132 0.987715 0.512529
68 0.502433 0.430012 0.984597 0.525922
61 0.493857 0.451901 0.973683 0.477535
7 0.495806 0.457877 0.985376 0.458669
6 0.503992 0.464286 0.972124 0.455069
8 0.495806 0.457877 0.985376 0.458669
35 0.495806 0.457877 0.985376 0.458669
2 0.488011 0.458813 0.971344 0.456797
60 0.495806 0.457877 0.985376 0.458669
3 0.48879 0.464862 0.972903 0.455069
54 0.503992 0.464286 0.972124 0.455069
33 0.495806 0.457877 0.985376 0.458669
58 0.488011 0.458813 0.971344 0.456797
39 0.505941 0.456869 0.971344 0.469902
69 0.495806 0.457877 0.985376 0.458669
67 0.496586 0.46479 0.983817 0.454061
29 0.496586 0.46479 0.983817 0.454061
1 0.48879 0.464862 0.972903 0.455069
20 0.495806 0.457877 0.985376 0.458669
56 0.495806 0.457877 0.985376 0.458669
66 0.495806 0.457877 0.985376 0.458669
30 0.503992 0.464286 0.972124 0.455069
21 0.495806 0.457877 0.985376 0.458669
57 0.488011 0.458813 0.971344 0.456797
32 0.495806 0.457877 0.985376 0.458669
44 0.495806 0.458237 0.985376 0.466014
23 0.495806 0.458237 0.985376 0.466014
10 0.495806 0.457877 0.985376 0.458669
31 0.496586 0.46479 0.983817 0.454061
34 0.488011 0.458813 0.971344 0.456797
0 0.488011 0.458813 0.971344 0.456797
5 0.488011 0.458813 0.971344 0.456797
28 0.495806 0.457877 0.985376 0.458669
4 0.495806 0.457877 0.985376 0.458669
36 0.496586 0.46479 0.983817 0.454061
22 0.488011 0.458813 0.971344 0.456797
45 0.495806 0.457877 0.985376 0.458669
61 0.495806 0.458237 0.985376 0.466014
68 0.496586 0.46479 0.983817 0.454061
65 0.48879 0.464862 0.972903 0.455069
62 0.488011 0.458813 0.971344 0.456797
7 0.495027 0.462558 0.985376 0.455069
6 0.505941 0.465438 0.968226 0.463134
8 0.495027 0.462558 0.985376 0.455069
35 0.488011 0.463422 0.972903 0.452189
33 0.495027 0.462558 0.985376 0.455069
60 0.495027 0.462558 0.985376 0.455069
54 0.505941 0.459389 0.966667 0.461405
2 0.488011 0.463422 0.972903 0.452189
66 0.495027 0.462558 0.985376 0.455069
20 0.495027 0.462558 0.985376 0.455069
58 0.495027 0.462558 0.985376 0.455069
3 0.48918 0.467742 0.973683 0.453917
39 0.505551 0.46371 0.967446 0.456221
67 0.495027 0.462558 0.985376 0.455069
1 0.495027 0.462558 0.985376 0.455069
56 0.496586 0.466878 0.983817 0.457949
69 0.495027 0.462558 0.985376 0.455069
57 0.488011 0.463422 0.972903 0.452189
44 0.494637 0.463638 0.984597 0.455213
34 0.495027 0.462558 0.985376 0.455069
28 0.495027 0.462558 0.985376 0.455069
31 0.48918 0.467742 0.973683 0.453917
29 0.496586 0.466878 0.983817 0.457949
10 0.495027 0.462558 0.985376 0.455069
32 0.505941 0.459389 0.966667 0.461405
23 0.494637 0.463638 0.984597 0.455213
5 0.505551 0.46371 0.967446 0.456221
0 0.505941 0.459389 0.966667 0.461405
21 0.488011 0.463422 0.972903 0.452189
36 0.505551 0.46371 0.967446 0.456221
30 0.48918 0.467742 0.973683 0.453917
68 0.496586 0.466878 0.983817 0.457949
4 0.496586 0.466878 0.983817 0.457949
22 0.488011 0.463422 0.972903 0.452189
65 0.48918 0.467742 0.973683 0.453917
7 0.488011 0.467742 0.976021 0.450461
6 0.495806 0.460829 0.988495 0.459677
8 0.495806 0.463782 0.988495 0.460685
35 0.488011 0.467742 0.976021 0.450461
54 0.495806 0.460829 0.988495 0.459677
66 0.488011 0.467742 0.976021 0.450461
60 0.488011 0.467742 0.976021 0.450461
20 0.495806 0.463782 0.988495 0.460685
67 0.495806 0.463782 0.988495 0.460685
3 0.486841 0.46659 0.973683 0.4447
2 0.490739 0.468318 0.981478 0.448157
1 0.495806 0.463782 0.988495 0.460685
33 0.488011 0.467742 0.976021 0.450461
58 0.495806 0.463782 0.988495 0.460685
32 0.488011 0.467742 0.976021 0.450461
39 0.494247 0.467238 0.986935 0.453773
30 0.488011 0.467742 0.976021 0.450461
56 0.486841 0.46659 0.973683 0.4447
29 0.495806 0.460829 0.988495 0.459677
28 0.495806 0.463782 0.988495 0.460685
57 0.488011 0.467742 0.976021 0.450461
69 0.488011 0.467742 0.976021 0.450461
21 0.495806 0.460829 0.988495 0.459677
31 0.495806 0.460829 0.988495 0.459677
10 0.495806 0.463782 0.988495 0.460685
44 0.487231 0.466878 0.974462 0.449885
4 0.495806 0.460829 0.988495 0.459677
34 0.490739 0.468318 0.981478 0.448157
68 0.495806 0.463782 0.988495 0.460685
23 0.494247 0.467238 0.986935 0.453773
36 0.486841 0.46659 0.973683 0.4447
5 0.490739 0.468318 0.981478 0.448157
0 0.488011 0.467742 0.976021 0.450461
7 0.497366 0.451613 0.991613 0.474654
6 0.497755 0.451541 0.990833 0.480559
8 0.497366 0.451613 0.991613 0.474654
58 0.488011 0.456509 0.969785 0.462558
3 0.488011 0.456509 0.969785 0.462558
54 0.497755 0.451541 0.990833 0.480559
2 0.488011 0.456509 0.969785 0.462558
60 0.488011 0.456509 0.969785 0.462558
35 0.497366 0.451613 0.991613 0.474654
32 0.488011 0.456509 0.969785 0.462558
56 0.50711 0.454997 0.975242 0.47019
67 0.488011 0.456509 0.969785 0.462558
1 0.497366 0.451613 0.991613 0.474654
66 0.497366 0.451613 0.991613 0.474654
39 0.50828 0.462486 0.972903 0.46443
59 0.497755 0.451541 0.990833 0.480559
57 0.488011 0.456509 0.969785 0.462558
68 0.497755 0.451541 0.990833 0.480559
20 0.497755 0.451541 0.990833 0.480559
31 0.48879 0.461117 0.971344 0.462558
69 0.497366 0.451613 0.991613 0.474654
28 0.497366 0.451613 0.991613 0.474654
34 0.50711 0.454997 0.975242 0.47019
23 0.496976 0.459965 0.989274 0.468318
44 0.496976 0.459965 0.989274 0.468318
29 0.497755 0.451541 0.990833 0.480559
5 0.50828 0.462486 0.972903 0.46443
4 0.505941 0.450533 0.977581 0.483727
10 0.497366 0.451613 0.991613 0.474654
33 0.497366 0.451613 0.991613 0.474654
21 0.50711 0.454997 0.975242 0.47019
7 0.494247 0.458813 0.982258 0.455645
6 0.494247 0.458813 0.982258 0.455645
2 0.486452 0.457949 0.972903 0.448157
3 0.494247 0.458813 0.982258 0.455645
58 0.486452 0.457949 0.972903 0.448157
8 0.494247 0.458813 0.982258 0.455645
35 0.494247 0.458813 0.982258 0.455645
60 0.494247 0.458813 0.982258 0.455645
54 0.494247 0.458813 0.982258 0.455645
1 0.494247 0.458813 0.982258 0.455645
67 0.494247 0.458813 0.982258 0.455645
31 0.502433 0.462054 0.967446 0.456077
66 0.494247 0.458813 0.982258 0.455645
32 0.494247 0.458813 0.982258 0.455645
59 0.494247 0.458813 0.982258 0.455645
56 0.502433 0.462054 0.967446 0.456077
20 0.502043 0.453269 0.969785 0.46443
4 0.502043 0.453269 0.969785 0.46443
21 0.502043 0.453269 0.969785 0.46443
44 0.494247 0.463422 0.982258 0.456797
69 0.494247 0.458813 0.982258 0.455645
23 0.503602 0.464862 0.966667 0.455069
57 0.486452 0.457949 0.972903 0.448157
39 0.503602 0.464862 0.966667 0.455069
34 0.502433 0.462054 0.967446 0.456077
5 0.503602 0.464862 0.966667 0.455069
29 0.502043 0.449309 0.976021 0.476958
22 0.503602 0.464862 0.966667 0.455069
68 0.494247 0.458813 0.982258 0.455645
7 0.497366 0.457373 0.986935 0.464286
6 0.497366 0.457373 0.986935 0.464286
8 0.497366 0.457373 0.986935 0.464286
58 0.491129 0.459965 0.974462 0.461406
54 0.497366 0.457373 0.986935 0.464286
3 0.48879 0.458237 0.971344 0.461405
67 0.497366 0.457373 0.986935 0.464286
35 0.48879 0.458237 0.971344 0.461405
60 0.491129 0.459965 0.974462 0.461406
56 0.497366 0.457373 0.986935 0.464286
66 0.491129 0.459965 0.974462 0.461406
32 0.491129 0.459965 0.974462 0.461406
1 0.498145 0.459389 0.986935 0.466014
2 0.491129 0.459965 0.974462 0.461406
69 0.491129 0.459965 0.974462 0.461406
59 0.497366 0.457373 0.986935 0.464286
20 0.497366 0.457373 0.986935 0.464286
39 0.505941 0.463998 0.971344 0.455645
23 0.505941 0.463998 0.971344 0.455645
68 0.498145 0.459389 0.986935 0.466014
21 0.504382 0.462558 0.972903 0.457373
34 0.505161 0.461982 0.972903 0.460829
57 0.491129 0.459965 0.974462 0.461406
31 0.48879 0.458237 0.971344 0.461405
33 0.48879 0.458237 0.971344 0.461405
6 0.316505 0.46371 0.617419 0.441244
7 0.316505 0.46371 0.617419 0.441244
28 0.498145 0.459389 0.986935 0.466014
10 0.491129 0.459965 0.974462 0.461406
44 0.497366 0.461405 0.986935 0.459677
7 0.490349 0.457661 0.980699 0.483295
6 0.490349 0.457661 0.980699 0.483295
8 0.495027 0.447005 0.990054 0.506912
58 0.490349 0.457085 0.980699 0.478687
3 0.490349 0.457661 0.980699 0.483295
2 0.490349 0.457085 0.980699 0.478687
54 0.495027 0.447005 0.990054 0.506912
32 0.490349 0.457085 0.980699 0.478687
60 0.490349 0.457085 0.980699 0.478687
35 0.491129 0.460253 0.982258 0.473502
69 0.490349 0.457085 0.980699 0.478687
67 0.490349 0.457661 0.980699 0.483295
59 0.490349 0.457661 0.980699 0.483295
56 0.495027 0.447005 0.990054 0.506912
66 0.491129 0.460253 0.982258 0.473502
1 0.490349 0.457661 0.980699 0.483295
39 0.487231 0.456725 0.974462 0.47595
57 0.490349 0.457085 0.980699 0.478687
33 0.491129 0.460253 0.982258 0.473502
68 0.495027 0.447293 0.990054 0.495968
28 0.495027 0.447293 0.990054 0.495968
31 0.490349 0.457661 0.980699 0.483295
4 0.495027 0.447005 0.990054 0.506912
0 0.495027 0.447005 0.990054 0.506912
34 0.495027 0.447293 0.990054 0.495968
20 0.490349 0.457661 0.980699 0.483295
23 0.495027 0.451901 0.990054 0.485599
5 0.490349 0.458597 0.980699 0.473358
21 0.495027 0.447005 0.990054 0.506912
7 0.493078 0.462054 0.97836 0.453773
6 0.493468 0.462486 0.97914 0.457517
3 0.493078 0.462054 0.97836 0.453773
58 0.493078 0.463998 0.979919 0.449885
2 0.493078 0.463998 0.979919 0.449885
8 0.493468 0.462486 0.97914 0.457517
54 0.493468 0.462486 0.97914 0.457517
32 0.493078 0.463998 0.979919 0.449885
1 0.493078 0.462054 0.97836 0.453773
56 0.493468 0.462486 0.97914 0.457517
59 0.493078 0.462054 0.97836 0.453773
60 0.493078 0.463998 0.979919 0.449885
57 0.502433 0.46659 0.964328 0.449309
67 0.493078 0.462054 0.97836 0.453773
28 0.493078 0.464574 0.97836 0.451037
69 0.493468 0.462486 0.97914 0.457517
66 0.498145 0.462846 0.993172 0.448733
39 0.490349 0.463782 0.974462 0.450317
34 0.502433 0.46659 0.964328 0.449309
35 0.497366 0.462846 0.991613 0.449885
21 0.500484 0.466518 0.969785 0.451757
7 0.493468 0.455933 0.983817 0.461405
6 0.493468 0.455933 0.983817 0.461405
2 0.48918 0.458021 0.97836 0.456077
58 0.48918 0.458021 0.97836 0.456077
3 0.488011 0.456149 0.976021 0.457517
32 0.488011 0.456149 0.976021 0.457517
8 0.502043 0.455645 0.969785 0.464286
59 0.493468 0.455933 0.983817 0.461405
54 0.493468 0.455933 0.983817 0.461405
60 0.48918 0.458021 0.97836 0.456077
1 0.493078 0.458021 0.984597 0.459533
35 0.494637 0.457949 0.987715 0.451613
39 0.48918 0.458021 0.97836 0.456077
67 0.488011 0.456149 0.976021 0.457517
57 0.488011 0.456149 0.976021 0.457517
66 0.495027 0.459101 0.986935 0.451613
7 0.497366 0.360887 0.966667 0.656106
28 0.502823 0.458237 0.968226 0.460253
56 0.502043 0.455645 0.969785 0.464286
31 0.494637 0.457949 0.987715 0.451613
7 0.495806 0.452477 0.991613 0.468318
6 0.495806 0.452693 0.991613 0.460973
2 0.48879 0.453917 0.977581 0.463134
58 0.495806 0.452477 0.991613 0.468318
3 0.486841 0.453053 0.973683 0.456797
32 0.48879 0.453917 0.977581 0.463134
54 0.495806 0.452693 0.991613 0.460973
60 0.48879 0.453917 0.977581 0.463134
59 0.495806 0.452693 0.991613 0.460973
8 0.495806 0.452693 0.991613 0.460973
35 0.48879 0.457445 0.977581 0.451469
1 0.495806 0.452477 0.991613 0.468318
66 0.490739 0.457085 0.981478 0.456797
33 0.495806 0.452693 0.991613 0.460973
39 0.488011 0.451685 0.976021 0.471054
67 0.495806 0.452693 0.991613 0.460973
69 0.495806 0.452693 0.991613 0.460973
28 0.495806 0.452477 0.991613 0.468318
44 0.495417 0.450533 0.990833 0.476814
0 0.48879 0.453917 0.977581 0.463134
56 0.495806 0.452693 0.991613 0.460973
57 0.48879 0.453917 0.977581 0.463134
7 0.495417 0.465438 0.989274 0.4447
6 0.495027 0.465438 0.990054 0.445853
2 0.491129 0.463638 0.97914 0.443692
58 0.495417 0.465438 0.989274 0.4447
3 0.490349 0.464286 0.974462 0.4447
59 0.495417 0.465438 0.989274 0.4447
32 0.491129 0.463638 0.97914 0.443692
60 0.491129 0.463638 0.97914 0.443692
54 0.490349 0.464286 0.974462 0.4447
8 0.502823 0.467454 0.977581 0.442972
57 0.491909 0.463422 0.982258 0.439516
39 0.495806 0.46659 0.988495 0.445853
7 0.495417 0.461405 0.990833 0.457373
6 0.495027 0.461117 0.990054 0.460253
2 0.48918 0.459965 0.97836 0.457949
3 0.500874 0.46227 0.981478 0.456797
58 0.48918 0.459965 0.97836 0.457949
32 0.48918 0.459965 0.97836 0.457949
59 0.488011 0.461117 0.976021 0.459101
54 0.495027 0.461117 0.990054 0.460253
60 0.48918 0.459965 0.97836 0.457949
8 0.495417 0.461405 0.990833 0.457373
57 0.500484 0.467166 0.982258 0.4447
1 0.500874 0.46227 0.981478 0.456797
28 0.495027 0.463422 0.990054 0.457949
7 0.496586 0.460253 0.993172 0.448157
6 0.496196 0.456221 0.992392 0.453917
2 0.48996 0.459677 0.976801 0.445852
3 0.503212 0.456509 0.979919 0.454493
58 0.496586 0.460253 0.993172 0.448157
32 0.503212 0.456509 0.979919 0.454493
54 0.496196 0.456221 0.992392 0.453917
59 0.504382 0.459965 0.976021 0.448733
60 0.48996 0.459677 0.976801 0.445852
7 0.305202 0.459605 0.608844 0.440236
0 0.496196 0.456221 0.992392 0.453917
8 0.496196 0.456221 0.992392 0.453917
1 0.503212 0.456509 0.979919 0.454493
39 0.504382 0.463782 0.974462 0.446861
31 0.502043 0.461405 0.97914 0.443548
57 0.501653 0.462558 0.979919 0.440092
67 0.503212 0.456509 0.979919 0.454493
66 0.48996 0.459677 0.976801 0.445852
7 0.48918 0.461405 0.97836 0.455069
6 0.488011 0.457949 0.976021 0.457373
2 0.48918 0.461405 0.97836 0.455069
32 0.48918 0.461405 0.97836 0.455069
3 0.488011 0.457949 0.976021 0.457373
58 0.488011 0.457949 0.976021 0.457373
59 0.488011 0.457949 0.976021 0.457373
60 0.48918 0.461405 0.97836 0.455069
54 0.495806 0.457085 0.991613 0.459101
39 0.504382 0.46371 0.977581 0.453917
8 0.495806 0.460829 0.991613 0.456221
35 0.495806 0.457085 0.991613 0.459101
7 0.495027 0.462558 0.990054 0.456221
6 0.495027 0.458813 0.990054 0.461406
3 0.498535 0.457373 0.983038 0.463134
2 0.499704 0.464574 0.980699 0.448733
32 0.495027 0.462558 0.990054 0.456221
58 0.495027 0.462558 0.990054 0.456221
59 0.499704 0.464574 0.980699 0.448733
60 0.495027 0.462558 0.990054 0.456221
54 0.495027 0.458813 0.990054 0.461406
4 0.501263 0.463638 0.971344 0.457517
1 0.500484 0.46191 0.97914 0.452909
31 0.500484 0.46191 0.97914 0.452909
39 0.501263 0.463638 0.971344 0.457517
7 0.311048 0.471198 0.617419 0.465438
29 0.500484 0.46191 0.97914 0.452909
67 0.498535 0.457373 0.983038 0.463134
7 0.496196 0.465438 0.992392 0.4447
6 0.488011 0.463998 0.976021 0.447581
2 0.503992 0.465726 0.979919 0.444124
32 0.488011 0.463998 0.976021 0.447581
58 0.495806 0.464358 0.991613 0.446861
3 0.5075 0.465438 0.971344 0.448157
7 0.306371 0.46479 0.612742 0.450605
54 0.495806 0.46515 0.991613 0.446429
7 0.67004 0.467166 0.650941 0.437788
35 0.5075 0.465438 0.971344 0.448157
60 0.488011 0.463998 0.976021 0.447581
59 0.496196 0.465438 0.992392 0.4447
39 0.5075 0.465438 0.972903 0.445853
8 0.503992 0.465726 0.979919 0.444124
44 0.5075 0.465438 0.972903 0.445853
31 0.504382 0.468318 0.977581 0.443548
7 0.495806 0.462846 0.990054 0.454493
6 0.496196 0.46227 0.990833 0.456797
32 0.495806 0.462846 0.990054 0.454493
2 0.505941 0.464214 0.972903 0.452909
58 0.495806 0.462846 0.990054 0.454493
3 0.505941 0.461982 0.974462 0.458525
59 0.496196 0.46227 0.990833 0.456797
54 0.496196 0.46227 0.990833 0.456797
60 0.495806 0.462846 0.990054 0.454493
39 0.504771 0.46479 0.976801 0.449453
66 0.496196 0.46227 0.990833 0.456797
31 0.505941 0.464214 0.972903 0.452909
29 0.505941 0.464214 0.972903 0.452909
7 0.505941 0.345622 0.902742 0.691244
4 0.504771 0.46479 0.976801 0.449453
8 0.496196 0.46227 0.990833 0.456797
35 0.496196 0.46227 0.990833 0.456797
7 0.496976 0.462558 0.993951 0.445852
3 0.502043 0.465438 0.97914 0.440092
6 0.504382 0.459101 0.982258 0.455069
2 0.502043 0.465438 0.97914 0.440092
59 0.496976 0.462558 0.993951 0.445852
58 0.503992 0.46371 0.981478 0.443548
32 0.496976 0.462558 0.993951 0.445852
29 0.503602 0.463206 0.976021 0.444556
7 0.495806 0.458813 0.991613 0.455645
6 0.500874 0.458525 0.984597 0.451613
2 0.495806 0.457085 0.991613 0.454493
3 0.497366 0.460829 0.988495 0.447005
8 0.500484 0.457949 0.985376 0.457373
54 0.495806 0.457085 0.991613 0.454493
32 0.500874 0.458525 0.984597 0.451613
59 0.500484 0.457949 0.985376 0.457373
0 0.497366 0.460829 0.988495 0.447005
1 0.497366 0.460829 0.988495 0.447005
60 0.497366 0.460829 0.988495 0.447005
4 0.500874 0.458525 0.984597 0.451613
58 0.497366 0.460829 0.988495 0.447005
31 0.497366 0.460829 0.988495 0.447005
36 0.497366 0.460829 0.988495 0.447005
7 0.493468 0.460253 0.986935 0.465438
6 0.494637 0.457445 0.989274 0.46875
2 0.493468 0.460253 0.986935 0.465438
3 0.493468 0.460253 0.986935 0.465438
59 0.493468 0.460253 0.986935 0.465438
58 0.492688 0.462558 0.985376 0.456221
32 0.493468 0.460253 0.986935 0.465438
8 0.498535 0.467238 0.981478 0.457229
29 0.498535 0.467238 0.981478 0.457229
7 0.495806 0.455069 0.991613 0.465438
6 0.499704 0.446501 0.985376 0.477967
2 0.495806 0.455069 0.991613 0.465438
3 0.499704 0.446501 0.985376 0.477967
59 0.503212 0.453053 0.983038 0.467166
32 0.499704 0.446501 0.985376 0.477967
58 0.495806 0.455069 0.991613 0.465438
29 0.502043 0.447869 0.97914 0.472926
7 0.366008 0.448661 0.732016 0.440236
7 0.495417 0.460757 0.990833 0.456365
6 0.495417 0.460757 0.990833 0.456365
2 0.488011 0.46263 0.976021 0.454925
3 0.495417 0.460757 0.990833 0.456365
58 0.495417 0.460757 0.990833 0.456365
59 0.495417 0.460757 0.990833 0.456365
32 0.496586 0.457877 0.993172 0.463278
29 0.498145 0.462846 0.983817 0.452189
7 0.495806 0.456797 0.988495 0.46659
6 0.495806 0.456797 0.988495 0.46659
2 0.495806 0.456797 0.988495 0.46659
3 0.495806 0.456797 0.988495 0.46659
58 0.495806 0.456797 0.988495 0.46659
59 0.495806 0.456797 0.988495 0.46659
32 0.495806 0.456797 0.988495 0.46659
31 0.499314 0.457877 0.984597 0.473646
7 0.496586 0.456797 0.993172 0.460829
6 0.496586 0.456797 0.993172 0.460829
2 0.486452 0.458237 0.972903 0.459101
3 0.486452 0.458237 0.972903 0.459101
59 0.496586 0.456797 0.993172 0.460829
58 0.486452 0.458237 0.972903 0.459101
32 0.496586 0.456797 0.993172 0.460829
29 0.502823 0.461117 0.980699 0.455645
7 0.497366 0.466014 0.994731 0.445852
6 0.497366 0.466014 0.994731 0.445852
2 0.48879 0.466302 0.977581 0.445276
3 0.48879 0.466302 0.977581 0.445276
59 0.497366 0.466014 0.994731 0.445852
29 0.48957 0.466878 0.97914 0.453341
58 0.48879 0.466302 0.977581 0.445276
32 0.497366 0.466014 0.994731 0.445852
7 0.496586 0.460757 0.993172 0.463278
3 0.496586 0.460757 0.993172 0.463278
6 0.496586 0.457085 0.993172 0.467166
2 0.496586 0.460757 0.993172 0.463278
59 0.496586 0.460757 0.993172 0.463278
29 0.501263 0.459749 0.980699 0.461838
58 0.496586 0.460757 0.993172 0.463278
32 0.496586 0.460757 0.993172 0.463278
31 0.501263 0.460757 0.982258 0.457517
7 0.498145 0.453917 0.99629 0.46659
6 0.498145 0.453917 0.99629 0.46659
3 0.492298 0.456797 0.984597 0.461982
2 0.492298 0.456797 0.984597 0.461982
59 0.498145 0.453917 0.99629 0.46659
58 0.492298 0.456797 0.984597 0.461982
29 0.491129 0.455645 0.982258 0.463134
32 0.498145 0.453917 0.99629 0.46659
7 0.305591 0.458525 0.611183 0.443548
7 0.495806 0.460181 0.991613 0.459821
3 0.490739 0.461405 0.981478 0.457373
2 0.490739 0.461405 0.981478 0.457373
59 0.490739 0.461405 0.981478 0.457373
29 0.490349 0.455933 0.980699 0.46371
6 0.495806 0.460181 0.991613 0.459821
58 0.490739 0.461405 0.981478 0.457373
7 0.351781 0.461333 0.702782 0.445997
7 0.492688 0.46227 0.985376 0.453341
6 0.492688 0.46227 0.985376 0.453341
2 0.492688 0.46227 0.985376 0.453341
3 0.496586 0.457301 0.982258 0.460973
32 0.492688 0.46227 0.985376 0.453341
59 0.492688 0.46227 0.985376 0.453341
58 0.492688 0.46227 0.985376 0.453341
29 0.486452 0.458813 0.972903 0.453341
31 0.497366 0.460253 0.982258 0.455069
7 0.493857 0.458453 0.987715 0.454061
6 0.496586 0.457085 0.993172 0.456797
3 0.493857 0.458453 0.987715 0.454061
2 0.493857 0.458453 0.987715 0.454061
58 0.496586 0.457085 0.993172 0.456797
29 0.490349 0.460253 0.980699 0.445852
59 0.496586 0.457085 0.993172 0.456797
32 0.500874 0.453629 0.984597 0.46371
7 0.488401 0.460541 0.976801 0.455645
6 0.496196 0.456221 0.992392 0.461982
3 0.502823 0.457085 0.983817 0.460253
2 0.488011 0.458525 0.976021 0.457373
59 0.488401 0.460541 0.976801 0.455645
58 0.487231 0.463998 0.974462 0.452189
29 0.488011 0.458525 0.976021 0.457373
32 0.502823 0.455717 0.983817 0.46299
7 0.305202 0.463134 0.610403 0.448157
7 0.48957 0.46227 0.97914 0.454493
6 0.500484 0.459389 0.985376 0.461405
3 0.500484 0.459389 0.985376 0.461405
2 0.48957 0.460253 0.97914 0.457373
32 0.495806 0.461478 0.991613 0.456077
59 0.486452 0.463206 0.972903 0.452621
58 0.500484 0.459389 0.985376 0.461405
66 0.486452 0.463206 0.972903 0.452621
29 0.48957 0.460253 0.97914 0.457373
39 0.488401 0.461117 0.976801 0.455645
31 0.498925 0.458597 0.985376 0.46299
60 0.500484 0.459389 0.985376 0.461405
7 0.488011 0.462846 0.976021 0.448733
6 0.495806 0.461405 0.991613 0.450461
58 0.50672 0.459965 0.972903 0.455645
32 0.495806 0.461405 0.991613 0.450461
3 0.488011 0.462846 0.976021 0.448733
2 0.50672 0.457661 0.972903 0.464862
59 0.50672 0.459965 0.972903 0.455645
66 0.487231 0.460541 0.974462 0.456797
29 0.487231 0.460541 0.974462 0.456797
60 0.488011 0.462846 0.976021 0.448733
7 0.496586 0.462846 0.993172 0.456797
6 0.505941 0.461117 0.977581 0.461406
7 0.332097 0.460829 0.664194 0.4447
2 0.486452 0.463422 0.972903 0.455645
3 0.486452 0.461117 0.972903 0.456797
29 0.486452 0.461117 0.972903 0.456797
58 0.505941 0.461117 0.977581 0.461406
32 0.505941 0.460181 0.976021 0.46443
59 0.486452 0.461117 0.972903 0.456797
33 0.504382 0.457661 0.97914 0.468318
66 0.504382 0.457661 0.97914 0.468318
7 0.495806 0.459389 0.991613 0.464862
6 0.500484 0.458237 0.97914 0.470622
2 0.500484 0.458237 0.97914 0.470622
3 0.500484 0.458237 0.97914 0.470622
32 0.505941 0.457373 0.974462 0.470046
58 0.500484 0.458237 0.97914 0.470622
29 0.488401 0.459389 0.976801 0.468318
39 0.505941 0.459965 0.974462 0.462558
59 0.501263 0.458813 0.977581 0.468318
66 0.501263 0.458813 0.977581 0.468318
35 0.500484 0.458237 0.97914 0.470622
60 0.501263 0.458813 0.977581 0.468318
33 0.500484 0.458237 0.97914 0.470622
31 0.500484 0.458237 0.97914 0.470622
7 0.496196 0.460829 0.992392 0.453917
6 0.505551 0.457949 0.975242 0.461982
3 0.505551 0.457949 0.975242 0.461982
29 0.487231 0.460541 0.974462 0.457949
2 0.505161 0.456797 0.974462 0.468894
59 0.484113 0.464574 0.968226 0.445276
58 0.487231 0.460541 0.974462 0.457949
32 0.505161 0.456797 0.974462 0.468894
7 0.48996 0.459605 0.979919 0.460973
6 0.505941 0.455069 0.971344 0.468894
3 0.505941 0.455141 0.969785 0.467598
2 0.505941 0.455141 0.969785 0.467598
58 0.505941 0.455069 0.971344 0.468894
32 0.505941 0.455069 0.971344 0.468894
29 0.490349 0.457661 0.980699 0.462558
59 0.48879 0.463422 0.977581 0.453341
66 0.505941 0.455069 0.971344 0.468894
60 0.505941 0.455069 0.971344 0.468894
31 0.505941 0.455141 0.969785 0.467598
39 0.505941 0.455069 0.971344 0.468894
7 0.487231 0.46227 0.974462 0.455645
6 0.502433 0.457661 0.972124 0.460253
3 0.485672 0.459965 0.971344 0.457949
32 0.502433 0.457661 0.972124 0.460253
58 0.485672 0.459965 0.971344 0.457949
59 0.485672 0.459965 0.971344 0.457949
2 0.485672 0.459965 0.971344 0.457949
29 0.485672 0.459965 0.971344 0.457949
33 0.503602 0.458237 0.971344 0.459101
7 0.496586 0.460253 0.993172 0.461982
6 0.503602 0.457949 0.97914 0.463134
2 0.503602 0.457949 0.97914 0.463134
3 0.503602 0.457949 0.97914 0.463134
33 0.502823 0.457085 0.980699 0.46371
32 0.500094 0.456797 0.986156 0.465438
58 0.502823 0.457085 0.980699 0.46371
60 0.502823 0.457085 0.980699 0.46371
59 0.492688 0.459389 0.985376 0.460253
29 0.503602 0.457949 0.97914 0.463134
35 0.503602 0.457949 0.97914 0.463134
69 0.503602 0.457949 0.97914 0.463134
66 0.502823 0.457085 0.980699 0.46371
39 0.502823 0.457085 0.980699 0.46371
31 0.503602 0.457949 0.97914 0.463134
21 0.502823 0.457085 0.980699 0.46371
7 0.494247 0.466878 0.988495 0.439516
6 0.497366 0.463422 0.983817 0.445276
2 0.501263 0.46371 0.977581 0.445852
3 0.501263 0.46371 0.977581 0.445852
32 0.497366 0.463422 0.983817 0.445276
29 0.48879 0.464574 0.977581 0.438364
58 0.497366 0.463422 0.983817 0.445276
33 0.500484 0.464286 0.97914 0.442396
66 0.48879 0.464574 0.977581 0.438364
59 0.48879 0.464574 0.977581 0.438364
35 0.501263 0.46371 0.977581 0.445852
60 0.500484 0.464286 0.97914 0.442396
31 0.501263 0.46371 0.977581 0.445852
7 0.496196 0.460757 0.989274 0.452909
3 0.505551 0.455645 0.972124 0.46659
6 0.505551 0.455645 0.972124 0.46659
2 0.505551 0.455645 0.972124 0.46659
29 0.492298 0.458021 0.979919 0.460685
58 0.505551 0.455645 0.972124 0.46659
32 0.505551 0.455645 0.972124 0.46659
59 0.505941 0.458021 0.972903 0.458381
7 0.493078 0.464862 0.984597 0.443548
3 0.499704 0.462054 0.971344 0.452621
6 0.492298 0.463782 0.983038 0.448013
58 0.48957 0.463206 0.97914 0.449165
29 0.48957 0.463206 0.97914 0.449165
2 0.499704 0.462054 0.971344 0.452621
59 0.48957 0.463206 0.97914 0.449165
32 0.499704 0.462054 0.971344 0.452621
7 0.494247 0.461982 0.985376 0.455069
6 0.504382 0.459101 0.971344 0.461982
3 0.490349 0.460829 0.980699 0.460829
2 0.500484 0.456725 0.976021 0.466734
32 0.502433 0.456869 0.972124 0.467598
59 0.500874 0.457949 0.976801 0.461982
58 0.490349 0.460829 0.980699 0.460829
29 0.490349 0.460829 0.980699 0.460829
0 0.500874 0.457949 0.976801 0.461982
35 0.500484 0.456725 0.976021 0.466734
66 0.500874 0.457949 0.976801 0.461982
33 0.500874 0.457949 0.976801 0.461982
31 0.500484 0.456725 0.976021 0.466734
54 0.500874 0.457949 0.976801 0.461982
60 0.500874 0.457949 0.976801 0.461982
1 0.500484 0.456725 0.976021 0.466734
69 0.500484 0.456725 0.976021 0.466734
4 0.500874 0.457949 0.976801 0.461982
7 0.495027 0.453629 0.990054 0.46371
6 0.499704 0.450965 0.980699 0.471342
3 0.499704 0.450965 0.980699 0.471342
2 0.499704 0.450965 0.980699 0.471342
32 0.499704 0.450965 0.980699 0.471342
58 0.501653 0.451325 0.979919 0.46947
66 0.501653 0.451325 0.979919 0.46947
29 0.494247 0.454205 0.988495 0.464862
59 0.501653 0.451325 0.979919 0.46947
60 0.501653 0.451325 0.979919 0.46947
39 0.501653 0.451325 0.979919 0.46947
31 0.499704 0.450965 0.980699 0.471342
35 0.501653 0.451325 0.979919 0.46947
22 0.501653 0.451325 0.979919 0.46947
7 0.490739 0.460829 0.981478 0.458525
6 0.502823 0.453917 0.976021 0.470046
3 0.502823 0.453917 0.976021 0.470046
2 0.502823 0.453917 0.976021 0.470046
32 0.502823 0.453917 0.976021 0.470046
58 0.502823 0.453917 0.976021 0.470046
29 0.491129 0.457661 0.982258 0.466014
59 0.503602 0.455141 0.97914 0.467598
66 0.503602 0.455141 0.97914 0.467598
31 0.502823 0.453917 0.976021 0.470046
7 0.48957 0.455933 0.97914 0.459101
6 0.500874 0.451109 0.984597 0.46875
3 0.499704 0.450749 0.980699 0.471774
32 0.499704 0.450749 0.980699 0.471774
2 0.499704 0.450749 0.980699 0.471774
58 0.500874 0.451109 0.984597 0.46875
59 0.500874 0.451109 0.984597 0.46875
29 0.491129 0.454421 0.982258 0.463278
31 0.499704 0.450749 0.980699 0.471774
7 0.494637 0.459677 0.984597 0.456221
6 0.504382 0.453917 0.976021 0.467742
3 0.504382 0.453629 0.971344 0.468318
2 0.504382 0.453629 0.971344 0.468318
32 0.504382 0.453629 0.971344 0.468318
58 0.504382 0.453917 0.976021 0.467742
29 0.495027 0.458813 0.983817 0.460253
59 0.504382 0.453917 0.976021 0.467742
31 0.504382 0.453629 0.971344 0.468318
60 0.504382 0.453917 0.976021 0.467742
33 0.504382 0.453629 0.971344 0.468318
66 0.504382 0.453917 0.976021 0.467742
7 0.492688 0.461694 0.982258 0.456797
6 0.505941 0.452693 0.968226 0.472494
3 0.505941 0.452693 0.968226 0.472494
2 0.504382 0.454421 0.966667 0.469038
58 0.48879 0.466014 0.971344 0.450461
32 0.504382 0.454421 0.966667 0.469038
59 0.505941 0.452693 0.968226 0.472494
33 0.505941 0.452693 0.968226 0.472494
35 0.504382 0.454421 0.966667 0.469038
54 0.504382 0.454421 0.966667 0.469038
1 0.504382 0.454421 0.966667 0.469038
69 0.504382 0.454421 0.966667 0.469038
0 0.505941 0.452693 0.968226 0.472494
29 0.48879 0.466014 0.971344 0.450461
31 0.504382 0.454421 0.966667 0.469038
60 0.505941 0.452693 0.968226 0.472494
66 0.505941 0.452693 0.968226 0.472494
7 0.497366 0.453341 0.988495 0.46659
3 0.505941 0.450173 0.971344 0.474078
6 0.505161 0.449813 0.976021 0.473646
2 0.491909 0.454781 0.97914 0.46371
58 0.491909 0.454781 0.97914 0.46371
29 0.491909 0.454781 0.97914 0.46371
32 0.505941 0.450173 0.971344 0.474078
59 0.491909 0.454781 0.97914 0.46371
7 0.493468 0.458237 0.980699 0.459101
6 0.495806 0.454493 0.982258 0.460829
3 0.495806 0.454493 0.982258 0.460829
29 0.493858 0.456149 0.981478 0.456365
2 0.490349 0.459101 0.974462 0.449309
58 0.490349 0.459101 0.974462 0.449309
66 0.490349 0.459101 0.974462 0.449309
32 0.495806 0.454493 0.982258 0.460829
7 0.491909 0.461694 0.980699 0.457949
6 0.495027 0.46227 0.986935 0.457949
2 0.502823 0.454421 0.972903 0.471342
3 0.502823 0.454421 0.972903 0.471342
29 0.491519 0.459389 0.979919 0.462558
32 0.502823 0.454421 0.972903 0.471342
58 0.502823 0.454421 0.972903 0.471342
35 0.502823 0.454421 0.972903 0.471342
33 0.502823 0.454421 0.972903 0.471342
60 0.502823 0.456149 0.976021 0.467886
66 0.502823 0.456149 0.976021 0.467886
31 0.502823 0.454421 0.972903 0.471342
7 0.491909 0.460829 0.97914 0.458525
6 0.500874 0.457085 0.97836 0.466014
3 0.501653 0.454565 0.976801 0.467598
32 0.501653 0.454565 0.976801 0.467598
2 0.501263 0.456725 0.976021 0.465582
58 0.491909 0.457661 0.977581 0.457949
29 0.491909 0.457661 0.977581 0.457949
0 0.501263 0.456725 0.976021 0.465582
54 0.501653 0.454565 0.976801 0.467598
31 0.501263 0.456725 0.976021 0.465582
59 0.500874 0.457085 0.97836 0.466014
66 0.500874 0.457085 0.97836 0.466014
35 0.501653 0.454565 0.976801 0.467598
1 0.501263 0.456725 0.976021 0.465582
60 0.501263 0.456725 0.976021 0.465582
33 0.501653 0.454565 0.976801 0.467598
22 0.501263 0.456725 0.976021 0.465582
4 0.501653 0.454565 0.976801 0.467598
7 0.495806 0.460253 0.986935 0.458525
6 0.500484 0.457085 0.976021 0.464862
2 0.500484 0.456293 0.976021 0.46875
3 0.500484 0.456293 0.976021 0.46875
32 0.500484 0.456293 0.976021 0.46875
35 0.500484 0.456293 0.976021 0.46875
58 0.500484 0.457085 0.976021 0.464862
29 0.4884 0.459749 0.969005 0.458381
31 0.500484 0.456293 0.976021 0.46875
60 0.500484 0.457085 0.976021 0.464862
66 0.500484 0.457085 0.976021 0.464862
54 0.500484 0.456293 0.976021 0.46875
33 0.500484 0.456293 0.976021 0.46875
69 0.500484 0.456293 0.976021 0.46875
59 0.500484 0.457085 0.976021 0.464862
4 0.500484 0.456293 0.976021 0.46875
0 0.500484 0.457085 0.976021 0.464862
22 0.500484 0.457085 0.976021 0.464862
39 0.500484 0.457085 0.976021 0.464862
1 0.500484 0.456293 0.976021 0.46875
7 0.493468 0.462558 0.977581 0.453917
6 0.503602 0.458813 0.982258 0.462558
32 0.504382 0.456797 0.980699 0.464286
35 0.504382 0.456797 0.980699 0.464286
33 0.504382 0.456797 0.980699 0.464286
2 0.504382 0.456797 0.980699 0.464286
3 0.504382 0.456797 0.980699 0.464286
29 0.494637 0.461333 0.97836 0.455213
58 0.504382 0.456797 0.980699 0.464286
54 0.504382 0.456797 0.980699 0.464286
0 0.504382 0.457661 0.977581 0.462558
69 0.504382 0.456797 0.980699 0.464286
8 0.504382 0.456797 0.980699 0.464286
66 0.504382 0.456797 0.980699 0.464286
60 0.504382 0.457661 0.977581 0.462558
21 0.504382 0.457661 0.977581 0.462558
7 0.48879 0.460325 0.977581 0.459533
6 0.501653 0.454565 0.986156 0.472206
3 0.501653 0.455357 0.983038 0.472926
2 0.501653 0.455357 0.983038 0.472926
29 0.48957 0.461405 0.97914 0.461982
32 0.501653 0.455357 0.983038 0.472926
58 0.501653 0.455357 0.983038 0.472926
33 0.501653 0.455357 0.983038 0.472926
31 0.501653 0.455357 0.983038 0.472926
59 0.501653 0.454565 0.986156 0.472206
7 0.496586 0.461982 0.990054 0.458525
6 0.502823 0.459029 0.980699 0.46443
3 0.502823 0.459029 0.980699 0.46443
29 0.496976 0.461477 0.989274 0.459533
2 0.502043 0.459965 0.97914 0.464862
32 0.502823 0.459029 0.980699 0.46443
58 0.491129 0.46227 0.980699 0.459101
59 0.491129 0.46227 0.980699 0.459101
66 0.495806 0.463062 0.986935 0.454061
7 0.496586 0.456725 0.993172 0.462126
6 0.503602 0.452765 0.982258 0.471198
3 0.503602 0.452765 0.982258 0.471198
2 0.505941 0.453341 0.976021 0.470046
32 0.503602 0.452765 0.982258 0.471198
29 0.491129 0.456797 0.982258 0.461982
33 0.503602 0.452765 0.982258 0.471198
58 0.503602 0.452765 0.982258 0.471198
0 0.505941 0.453341 0.976021 0.470046
60 0.505941 0.453341 0.976021 0.470046
31 0.505941 0.453341 0.976021 0.470046
35 0.50672 0.452477 0.974462 0.474078
7 0.496586 0.461405 0.991613 0.455069
6 0.502043 0.458237 0.97914 0.461405
3 0.502043 0.458237 0.97914 0.461405
2 0.502433 0.457949 0.97836 0.464286
32 0.499314 0.458525 0.987715 0.463134
59 0.502043 0.458237 0.97914 0.461405
29 0.4884 0.461982 0.975242 0.456221
31 0.502043 0.458237 0.97914 0.461405
58 0.4884 0.461982 0.975242 0.456221
4 0.502043 0.458237 0.97914 0.461405
0 0.502043 0.458237 0.97914 0.461405
60 0.502043 0.458237 0.97914 0.461405
33 0.502433 0.457949 0.97836 0.464286
69 0.502433 0.457949 0.97836 0.464286
54 0.502433 0.457949 0.97836 0.464286
66 0.4884 0.461982 0.975242 0.456221
35 0.502433 0.457949 0.97836 0.464286
22 0.502043 0.458237 0.97914 0.461405
7 0.497366 0.460541 0.991613 0.456797
6 0.501263 0.457085 0.986935 0.464862
3 0.505161 0.454493 0.976021 0.46659
2 0.505161 0.455717 0.976021 0.466446
32 0.501263 0.456797 0.985376 0.46659
58 0.491129 0.460829 0.980699 0.457373
29 0.491129 0.460829 0.980699 0.457373
31 0.505161 0.455717 0.976021 0.466446
66 0.505161 0.455717 0.976021 0.466446
59 0.505161 0.454493 0.976021 0.46659
60 0.505161 0.454493 0.976021 0.46659
33 0.505161 0.455717 0.976021 0.466446
7 0.48879 0.464862 0.977581 0.453917
6 0.503602 0.461406 0.97914 0.458525
3 0.504382 0.459389 0.977581 0.462558
32 0.504382 0.459389 0.977581 0.462558
2 0.503992 0.459677 0.975242 0.459677
29 0.48879 0.463422 0.977581 0.455645
58 0.504382 0.459389 0.977581 0.462558
31 0.503992 0.459677 0.975242 0.459677
60 0.503992 0.459677 0.975242 0.459677
66 0.48879 0.463422 0.977581 0.455645
59 0.48879 0.463422 0.977581 0.455645
33 0.504382 0.459389 0.977581 0.462558
39 0.503992 0.459677 0.975242 0.459677
35 0.504771 0.459389 0.973683 0.46371
22 0.503992 0.459677 0.975242 0.459677
7 0.492688 0.463206 0.983817 0.457229
6 0.503212 0.461982 0.979919 0.458525
3 0.503212 0.461982 0.979919 0.458525
2 0.504382 0.462846 0.977581 0.455645
29 0.491909 0.461982 0.980699 0.456221
58 0.491909 0.461982 0.980699 0.456221
32 0.503212 0.461982 0.979919 0.458525
66 0.495806 0.466014 0.991613 0.450461
31 0.504382 0.462846 0.977581 0.455645
60 0.504382 0.462846 0.977581 0.455645
59 0.491909 0.461982 0.980699 0.456221
39 0.495806 0.466014 0.991613 0.450461
7 0.48879 0.461405 0.977581 0.455069
6 0.504771 0.459101 0.976801 0.460829
3 0.504771 0.459101 0.976801 0.460829
58 0.504771 0.459101 0.976801 0.460829
2 0.504771 0.459101 0.976801 0.460829
32 0.504771 0.459101 0.976801 0.460829
29 0.48918 0.461334 0.97836 0.456365
66 0.495027 0.46263 0.988495 0.451469
33 0.504771 0.459101 0.976801 0.460829
60 0.504382 0.458525 0.976021 0.458525
31 0.504382 0.458525 0.976021 0.458525
22 0.504382 0.458525 0.976021 0.458525
59 0.504382 0.458525 0.976021 0.458525
39 0.495027 0.46263 0.988495 0.451469
0 0.504382 0.458525 0.976021 0.458525
7 0.496586 0.463998 0.993172 0.453341
3 0.505161 0.460253 0.977581 0.456221
6 0.505161 0.460253 0.977581 0.456221
2 0.505161 0.460253 0.977581 0.456221
29 0.492688 0.463134 0.985376 0.456221
58 0.503602 0.459677 0.97914 0.463134
66 0.495027 0.463638 0.990054 0.452909
32 0.503602 0.459677 0.97914 0.463134
31 0.505161 0.460253 0.977581 0.456221
59 0.505161 0.460253 0.977581 0.456221
60 0.505161 0.460253 0.977581 0.456221
7 0.495417 0.46371 0.990833 0.449309
3 0.502823 0.46227 0.977581 0.452189
6 0.495027 0.461694 0.990054 0.452189
58 0.490349 0.460757 0.980699 0.454061
2 0.502823 0.46227 0.977581 0.452189
66 0.494247 0.465366 0.988495 0.447149
29 0.490349 0.460757 0.980699 0.454061
32 0.502823 0.459677 0.977581 0.457373
60 0.502823 0.46227 0.977581 0.452189
59 0.490349 0.460757 0.980699 0.454061
7 0.496586 0.462558 0.993172 0.451613
3 0.504382 0.457949 0.976021 0.457373
2 0.504382 0.457949 0.976021 0.457373
6 0.504382 0.457949 0.976021 0.457373
29 0.504382 0.457949 0.976021 0.457373
58 0.503992 0.459101 0.976801 0.457373
32 0.504382 0.457949 0.976021 0.457373
60 0.503992 0.459101 0.976801 0.457373
66 0.48957 0.461334 0.97914 0.451757
35 0.504382 0.457949 0.976021 0.457373
33 0.504382 0.457949 0.976021 0.457373
31 0.504382 0.457949 0.976021 0.457373
39 0.504382 0.457949 0.976021 0.457373
0 0.504382 0.457949 0.976021 0.457373
7 0.496586 0.463998 0.993172 0.449885
6 0.505161 0.461982 0.977581 0.451613
3 0.505161 0.461982 0.977581 0.451613
2 0.505161 0.461982 0.977581 0.451613
58 0.505161 0.461982 0.977581 0.451613
32 0.505551 0.461982 0.976801 0.453917
29 0.493468 0.463134 0.986935 0.451613
59 0.505161 0.461982 0.977581 0.451613
66 0.493468 0.463134 0.986935 0.451613
60 0.505161 0.461982 0.977581 0.451613
33 0.505161 0.461982 0.977581 0.451613
0 0.505161 0.461982 0.977581 0.451613
31 0.505551 0.461982 0.976801 0.453917
54 0.505551 0.461982 0.976801 0.453917
7 0.491519 0.462558 0.981478 0.451613
6 0.503992 0.460181 0.97836 0.454061
3 0.503992 0.460181 0.97836 0.454061
32 0.503992 0.460181 0.97836 0.454061
58 0.503992 0.460181 0.97836 0.454061
2 0.503992 0.460181 0.97836 0.454061
29 0.491129 0.461117 0.982258 0.452189
33 0.503992 0.460181 0.97836 0.454061
66 0.493468 0.464286 0.986935 0.447005
35 0.503992 0.460181 0.97836 0.454061
7 0.495027 0.463998 0.988495 0.449885
6 0.505551 0.459965 0.972124 0.453341
3 0.505551 0.459965 0.972124 0.453341
29 0.490349 0.461694 0.980699 0.451037
2 0.505551 0.459965 0.972124 0.453341
58 0.505551 0.459965 0.972124 0.453341
32 0.505551 0.459965 0.972124 0.453341
59 0.504382 0.462558 0.974462 0.453917
7 0.496586 0.461405 0.990054 0.455069
6 0.504382 0.458525 0.974462 0.458525
3 0.50789 0.456725 0.969005 0.458669
2 0.504382 0.458525 0.974462 0.458525
58 0.48879 0.459101 0.977581 0.456221
29 0.48879 0.459101 0.977581 0.456221
32 0.50789 0.456725 0.969005 0.458669
66 0.495027 0.459605 0.986935 0.457517
31 0.504382 0.458525 0.974462 0.458525
59 0.504382 0.458525 0.974462 0.458525
60 0.504382 0.458525 0.974462 0.458525
39 0.505551 0.457301 0.970564 0.460973
0 0.504382 0.458525 0.974462 0.458525
7 0.490349 0.465726 0.980699 0.448733
6 0.505551 0.459389 0.973683 0.460253
3 0.505551 0.459389 0.973683 0.460253
2 0.505551 0.459389 0.973683 0.460253
58 0.505551 0.459389 0.973683 0.460253
32 0.505551 0.459389 0.973683 0.460253
29 0.490349 0.462846 0.980699 0.454493
31 0.505551 0.459389 0.973683 0.460253
66 0.494637 0.463782 0.989274 0.452621
59 0.505551 0.459389 0.973683 0.460253
7 0.492298 0.46515 0.983038 0.448733
6 0.503212 0.460829 0.976801 0.457373
3 0.503212 0.460829 0.976801 0.457373
2 0.503212 0.460829 0.976801 0.457373
58 0.503212 0.460829 0.976801 0.457373
32 0.503212 0.460829 0.976801 0.457373
29 0.492688 0.46479 0.982258 0.450605
59 0.502823 0.460325 0.97914 0.458381
31 0.503212 0.460829 0.976801 0.457373
66 0.495027 0.46371 0.986935 0.450461
7 0.493078 0.463782 0.981478 0.448013
3 0.505161 0.460901 0.971344 0.457229
6 0.505161 0.460901 0.971344 0.457229
2 0.505161 0.460901 0.971344 0.457229
58 0.505161 0.460901 0.971344 0.457229
32 0.505161 0.460901 0.971344 0.457229
29 0.493078 0.463062 0.981478 0.451757
59 0.504382 0.46227 0.974462 0.452189
31 0.505161 0.460901 0.971344 0.457229
66 0.495027 0.463998 0.985376 0.447581
7 0.491519 0.462558 0.981478 0.452765
3 0.503992 0.460541 0.972124 0.457949
6 0.495027 0.46263 0.986935 0.453773
29 0.491519 0.46227 0.981478 0.453341
2 0.503992 0.460541 0.972124 0.457949
58 0.503992 0.460541 0.972124 0.457949
32 0.503992 0.460541 0.972124 0.457949
66 0.495027 0.46263 0.986935 0.453773
31 0.503992 0.460541 0.972124 0.457949
7 0.490739 0.461117 0.979919 0.454493
3 0.505161 0.461694 0.972903 0.454493
6 0.495027 0.463134 0.988495 0.452765
2 0.505161 0.461694 0.972903 0.454493
58 0.505161 0.461694 0.972903 0.454493
32 0.505161 0.461694 0.972903 0.454493
29 0.48957 0.461117 0.97914 0.455645
31 0.505161 0.461694 0.972903 0.454493
59 0.503992 0.463062 0.97836 0.452909
4 0.505161 0.461694 0.972903 0.454493
66 0.495027 0.463134 0.988495 0.452765
39 0.48879 0.46227 0.977581 0.453341
69 0.505161 0.461694 0.972903 0.454493
7 0.495027 0.462486 0.988495 0.450605
3 0.503602 0.459965 0.972903 0.455645
2 0.503602 0.459965 0.972903 0.455645
58 0.503602 0.459965 0.972903 0.455645
6 0.503602 0.459965 0.972903 0.455645
29 0.487231 0.461694 0.974462 0.449885
32 0.503602 0.459965 0.972903 0.455645
31 0.503602 0.459965 0.972903 0.455645
66 0.493857 0.461982 0.986156 0.452765
59 0.503602 0.459965 0.972903 0.455645
7 0.48879 0.464286 0.977581 0.449309
3 0.503992 0.461694 0.975242 0.452189
6 0.503992 0.461694 0.975242 0.452189
2 0.503992 0.461694 0.975242 0.452189
58 0.502823 0.462054 0.97914 0.453773
59 0.502823 0.462054 0.97914 0.453773
32 0.503992 0.461694 0.975242 0.452189
31 0.503992 0.461694 0.975242 0.452189
29 0.48879 0.463134 0.977581 0.448157
4 0.503992 0.461694 0.975242 0.452189
66 0.503992 0.461694 0.975242 0.452189
22 0.503992 0.461694 0.975242 0.452189
7 0.491909 0.461694 0.980699 0.455645
3 0.50789 0.460829 0.965887 0.458525
6 0.495027 0.462558 0.986935 0.451613
58 0.50789 0.460829 0.965887 0.458525
2 0.50789 0.460829 0.965887 0.458525
29 0.495027 0.462558 0.986935 0.451613
59 0.50789 0.460829 0.965887 0.458525
60 0.50789 0.460829 0.965887 0.458525
32 0.495027 0.462558 0.986935 0.451613
31 0.50789 0.460829 0.965887 0.458525
7 0.492298 0.462846 0.983038 0.454493
3 0.503992 0.460541 0.972124 0.455645
6 0.503992 0.460541 0.972124 0.455645
2 0.503992 0.460541 0.972124 0.455645
58 0.503992 0.460541 0.972124 0.455645
32 0.503992 0.460541 0.972124 0.455645
59 0.503992 0.461405 0.975242 0.457373
29 0.503992 0.460541 0.972124 0.455645
31 0.503992 0.460541 0.972124 0.455645
66 0.490349 0.462558 0.980699 0.456221
60 0.503992 0.461405 0.975242 0.457373
4 0.503992 0.460541 0.972124 0.455645
7 0.493468 0.461982 0.983817 0.456221
3 0.504382 0.459101 0.969785 0.459677
2 0.504382 0.459101 0.969785 0.459677
6 0.504382 0.459101 0.969785 0.459677
58 0.504382 0.459101 0.969785 0.459677
29 0.504382 0.459101 0.969785 0.459677
32 0.504382 0.459101 0.969785 0.459677
31 0.504382 0.459101 0.969785 0.459677
60 0.503602 0.459965 0.972903 0.457949
66 0.486841 0.464286 0.972124 0.453917
7 0.495806 0.461405 0.988495 0.452765
3 0.502823 0.459389 0.974462 0.456797
6 0.502823 0.459389 0.974462 0.456797
2 0.502823 0.459389 0.974462 0.456797
58 0.502823 0.459389 0.974462 0.456797
32 0.502823 0.459389 0.974462 0.456797
29 0.502823 0.459389 0.974462 0.456797
60 0.502823 0.459965 0.977581 0.455645
66 0.486452 0.462558 0.969785 0.449309
31 0.502823 0.459389 0.974462 0.456797
7 0.491129 0.463422 0.97914 0.455645
3 0.503992 0.461405 0.972124 0.457373
6 0.503992 0.461405 0.972124 0.457373
2 0.503602 0.461694 0.969785 0.457949
58 0.503992 0.461405 0.972124 0.457373
29 0.486841 0.464574 0.972124 0.448733
66 0.486841 0.464574 0.972124 0.448733
32 0.503602 0.461694 0.969785 0.457949
7 0.491129 0.463134 0.982258 0.452765
6 0.503602 0.460829 0.976021 0.456221
3 0.503602 0.460253 0.974462 0.457373
2 0.503602 0.460253 0.974462 0.457373
58 0.503602 0.460829 0.976021 0.456221
29 0.485672 0.464358 0.968226 0.446861
32 0.503602 0.460253 0.974462 0.457373
66 0.484892 0.46515 0.969785 0.448733
60 0.503602 0.460829 0.976021 0.456221
31 0.503602 0.460253 0.974462 0.457373
7 0.492298 0.463422 0.983038 0.451037
6 0.505161 0.46479 0.972903 0.449453
3 0.505161 0.46479 0.972903 0.449453
2 0.505161 0.46479 0.972903 0.449453
58 0.486452 0.464574 0.971344 0.446429
39 0.490349 0.463638 0.980699 0.450605
66 0.490349 0.463638 0.980699 0.450605
29 0.486452 0.464574 0.971344 0.446429
32 0.504382 0.462558 0.968226 0.451613
60 0.505161 0.46479 0.972903 0.449453
59 0.505161 0.46479 0.972903 0.449453
31 0.505161 0.46479 0.972903 0.449453
8 0.490349 0.463638 0.980699 0.450605
7 0.490349 0.46227 0.980699 0.452189
3 0.503602 0.462846 0.972903 0.451037
6 0.503602 0.462846 0.972903 0.451037
58 0.487621 0.46515 0.972124 0.449885
2 0.503602 0.462846 0.972903 0.451037
29 0.490739 0.462846 0.979919 0.452189
66 0.488401 0.462558 0.976801 0.451613
59 0.503602 0.462846 0.972903 0.451037
32 0.494247 0.46371 0.985376 0.449309
39 0.488401 0.462558 0.976801 0.451613
7 0.490349 0.464862 0.974462 0.450461
3 0.504382 0.462846 0.965107 0.452189
6 0.504382 0.462846 0.965107 0.452189
2 0.504382 0.462846 0.965107 0.452189
58 0.504382 0.462846 0.965107 0.452189
32 0.504382 0.462846 0.965107 0.452189
29 0.491519 0.464358 0.975242 0.449165
31 0.504382 0.462846 0.965107 0.452189
66 0.494637 0.464358 0.983038 0.451469
59 0.504382 0.462846 0.965107 0.452189
35 0.504382 0.462846 0.965107 0.452189
33 0.504382 0.462846 0.965107 0.452189
7 0.48957 0.463998 0.976021 0.454493
3 0.502043 0.459965 0.971344 0.460253
6 0.493468 0.46227 0.983817 0.455645
29 0.490349 0.462846 0.977581 0.455645
2 0.502043 0.459965 0.971344 0.460253
58 0.493468 0.46227 0.983817 0.455645
66 0.4884 0.464358 0.975242 0.452621
32 0.493468 0.46227 0.983817 0.455645
59 0.502043 0.459965 0.971344 0.460253
7 0.492298 0.464862 0.979919 0.451613
3 0.502433 0.46227 0.972124 0.455645
6 0.502433 0.46227 0.972124 0.455645
29 0.493078 0.463134 0.981478 0.451613
66 0.490349 0.465366 0.977581 0.449453
2 0.502433 0.46227 0.972124 0.455645
58 0.502433 0.46227 0.972124 0.455645
59 0.502433 0.46227 0.972124 0.455645
39 0.490349 0.465366 0.977581 0.449453
32 0.493857 0.463134 0.984597 0.451613
7 0.495027 0.463638 0.985376 0.452909
6 0.503602 0.459389 0.972903 0.461405
3 0.503602 0.459389 0.972903 0.461405
2 0.503602 0.459389 0.972903 0.461405
58 0.503602 0.459389 0.972903 0.461405
32 0.503602 0.459389 0.972903 0.461405
29 0.503602 0.459389 0.972903 0.461405
66 0.495027 0.46371 0.986935 0.452765
31 0.503602 0.459389 0.972903 0.461405
59 0.502823 0.460757 0.977581 0.459821
7 0.493078 0.46515 0.981478 0.449885
3 0.501263 0.461406 0.974462 0.458525
29 0.493078 0.462846 0.981478 0.453341
6 0.494247 0.464358 0.985376 0.450317
2 0.502043 0.459677 0.969785 0.460829
66 0.491909 0.464574 0.980699 0.449885
58 0.48879 0.46515 0.972903 0.447581
59 0.501263 0.461406 0.974462 0.458525
7 0.494637 0.461117 0.981478 0.455645
3 0.502823 0.456509 0.969785 0.464862
6 0.502823 0.456509 0.969785 0.464862
29 0.494247 0.459173 0.980699 0.458381
2 0.502823 0.456221 0.966667 0.465438
66 0.493858 0.461334 0.97836 0.456365
58 0.48957 0.463134 0.972903 0.450461
59 0.502823 0.456509 0.969785 0.464862
32 0.502823 0.456221 0.966667 0.465438
7 0.493468 0.46263 0.980699 0.452621
6 0.502043 0.458525 0.977581 0.460829
3 0.502043 0.458525 0.977581 0.460829
58 0.502043 0.458525 0.977581 0.460829
2 0.502043 0.458525 0.977581 0.460829
29 0.4884 0.462846 0.972124 0.447581
66 0.491909 0.463422 0.97914 0.448733
59 0.502043 0.458525 0.977581 0.460829
32 0.495027 0.460325 0.986935 0.454925
7 0.491129 0.463998 0.977581 0.451037
6 0.501263 0.461405 0.977581 0.457373
3 0.501653 0.459677 0.973683 0.458525
2 0.501653 0.459677 0.973683 0.458525
58 0.501263 0.461405 0.977581 0.457373
29 0.485672 0.463206 0.968226 0.445709
66 0.494247 0.464574 0.985376 0.449885
59 0.501263 0.461405 0.977581 0.457373
32 0.501653 0.459677 0.973683 0.458525
31 0.501653 0.459677 0.973683 0.458525
33 0.501653 0.459677 0.973683 0.458525
7 0.495027 0.463062 0.985376 0.454061
3 0.502043 0.457445 0.972903 0.46299
6 0.502043 0.457445 0.972903 0.46299
2 0.502043 0.457445 0.972903 0.46299
58 0.502043 0.459677 0.976021 0.460829
29 0.495027 0.459389 0.983817 0.455645
66 0.502043 0.459677 0.976021 0.460829
32 0.502043 0.457445 0.972903 0.46299
31 0.502043 0.457445 0.972903 0.46299
59 0.502043 0.459677 0.976021 0.460829
33 0.502043 0.457445 0.972903 0.46299
7 0.493857 0.461477 0.986156 0.457229
3 0.501263 0.457085 0.968226 0.462558
2 0.501263 0.457085 0.968226 0.462558
6 0.501263 0.457085 0.968226 0.462558
58 0.501263 0.457085 0.968226 0.462558
29 0.501263 0.457085 0.968226 0.462558
32 0.501263 0.457085 0.968226 0.462558
66 0.501263 0.457085 0.968226 0.462558
31 0.501263 0.457085 0.968226 0.462558
59 0.501263 0.459677 0.972903 0.460829
7 0.490349 0.461694 0.977581 0.455645
3 0.500094 0.456725 0.973683 0.462126
2 0.500094 0.456725 0.973683 0.462126
6 0.500094 0.456725 0.973683 0.462126
29 0.491129 0.459173 0.97914 0.454925
58 0.499314 0.458525 0.97836 0.463134
66 0.499314 0.458525 0.97836 0.463134
32 0.500094 0.456725 0.973683 0.462126
31 0.500094 0.456725 0.973683 0.462126
59 0.499314 0.458525 0.97836 0.463134
7 0.492688 0.46191 0.982258 0.454061
3 0.501263 0.456221 0.974462 0.464286
6 0.500874 0.457373 0.97836 0.464286
2 0.501263 0.456221 0.974462 0.464286
58 0.500874 0.457373 0.97836 0.464286
59 0.500874 0.457373 0.97836 0.464286
29 0.492688 0.459965 0.982258 0.455645
32 0.501263 0.456221 0.974462 0.464286
66 0.500874 0.457373 0.97836 0.464286
7 0.492688 0.46371 0.982258 0.452765
3 0.499704 0.457949 0.974462 0.459677
6 0.499704 0.457949 0.974462 0.459677
2 0.499704 0.457949 0.974462 0.459677
58 0.499704 0.457949 0.974462 0.459677
29 0.499704 0.457949 0.974462 0.459677
32 0.499704 0.457949 0.974462 0.459677
31 0.499704 0.457949 0.974462 0.459677
66 0.500484 0.459965 0.977581 0.459101
59 0.500484 0.459965 0.977581 0.459101
60 0.500484 0.459965 0.977581 0.459101
33 0.499704 0.457949 0.974462 0.459677
35 0.499704 0.457949 0.974462 0.459677
7 0.495417 0.46227 0.987715 0.457949
3 0.502043 0.458237 0.971344 0.466014
6 0.502043 0.458237 0.971344 0.466014
2 0.502043 0.458237 0.971344 0.466014
58 0.502043 0.458237 0.971344 0.466014
29 0.502043 0.458237 0.971344 0.466014
32 0.502043 0.458237 0.971344 0.466014
31 0.502043 0.458237 0.971344 0.466014
66 0.494247 0.462558 0.985376 0.455069
7 0.495806 0.464286 0.988495 0.451613
3 0.502043 0.459173 0.972903 0.459533
6 0.502043 0.459173 0.972903 0.459533
2 0.502043 0.459173 0.972903 0.459533
58 0.502043 0.459173 0.972903 0.459533
29 0.502043 0.459173 0.972903 0.459533
66 0.494637 0.46515 0.984597 0.448733
31 0.502043 0.459173 0.972903 0.459533
32 0.502043 0.459173 0.972903 0.459533
7 0.492688 0.463422 0.982258 0.452189
6 0.501263 0.458813 0.977581 0.460253
3 0.501263 0.458813 0.977581 0.460253
2 0.501263 0.458813 0.977581 0.460253
58 0.501263 0.458813 0.977581 0.460253
32 0.501263 0.458813 0.977581 0.460253
29 0.501263 0.458813 0.977581 0.460253
66 0.495027 0.463998 0.985376 0.451037
31 0.501263 0.458813 0.977581 0.460253
7 0.491129 0.46515 0.97914 0.452189
3 0.499704 0.461117 0.977581 0.460253
6 0.499704 0.461117 0.977581 0.460253
2 0.499704 0.461117 0.977581 0.460253
58 0.499704 0.461117 0.977581 0.460253
29 0.499704 0.461117 0.977581 0.460253
32 0.499704 0.461117 0.977581 0.460253
31 0.499704 0.461117 0.977581 0.460253
66 0.499704 0.461117 0.977581 0.460253
59 0.499704 0.462486 0.980699 0.457517
7 0.495806 0.463422 0.988495 0.449885
3 0.501263 0.459965 0.976021 0.457949
6 0.501263 0.459965 0.976021 0.457949
2 0.501263 0.459965 0.976021 0.457949
29 0.491519 0.461694 0.97836 0.451037
58 0.501263 0.459965 0.976021 0.457949
66 0.494637 0.463206 0.984597 0.451469
32 0.501263 0.459965 0.976021 0.457949
31 0.501263 0.459965 0.976021 0.457949
7 0.48957 0.463422 0.974462 0.453341
3 0.501263 0.459749 0.974462 0.458381
6 0.501263 0.459749 0.974462 0.458381
2 0.501263 0.459749 0.974462 0.458381
58 0.501263 0.459749 0.974462 0.458381
29 0.48996 0.461117 0.975242 0.452189
66 0.494247 0.463998 0.983817 0.449885
32 0.501263 0.459749 0.974462 0.458381
31 0.501263 0.459749 0.974462 0.458381
22 0.502433 0.460253 0.973683 0.457373
7 0.48996 0.464574 0.976801 0.453341
3 0.501653 0.460325 0.973683 0.459533
6 0.501653 0.460325 0.973683 0.459533
2 0.501653 0.460325 0.973683 0.459533
29 0.490349 0.462486 0.977581 0.452909
58 0.501653 0.460325 0.973683 0.459533
66 0.494247 0.464934 0.985376 0.451469
32 0.501653 0.460325 0.973683 0.459533
31 0.501653 0.460325 0.973683 0.459533
59 0.501263 0.462486 0.977581 0.457517
7 0.491909 0.464574 0.97914 0.451037
3 0.501653 0.460253 0.973683 0.458525
6 0.501653 0.460253 0.973683 0.458525
2 0.501653 0.460253 0.973683 0.458525
58 0.501653 0.460253 0.973683 0.458525
66 0.490739 0.46515 0.976801 0.449885
29 0.492298 0.463134 0.979919 0.451613
31 0.501653 0.460253 0.973683 0.458525
32 0.501653 0.460253 0.973683 0.458525
39 0.490739 0.46515 0.976801 0.449885
59 0.501263 0.462054 0.977581 0.456077
22 0.501653 0.460253 0.973683 0.458525
35 0.501653 0.460253 0.973683 0.458525
33 0.501653 0.460253 0.973683 0.458525
7 0.495806 0.464214 0.988495 0.451757
3 0.501263 0.459677 0.976021 0.460829
6 0.501263 0.459677 0.976021 0.460829
2 0.501263 0.459677 0.976021 0.460829
58 0.501263 0.459677 0.976021 0.460829
29 0.501263 0.459677 0.976021 0.460829
32 0.501263 0.459677 0.976021 0.460829
66 0.495027 0.46371 0.985376 0.451613
31 0.501263 0.459677 0.976021 0.460829
7 0.490349 0.464286 0.976022 0.451613
3 0.502043 0.460541 0.971344 0.457949
6 0.502043 0.460541 0.971344 0.457949
2 0.502043 0.460541 0.971344 0.457949
29 0.490349 0.462846 0.977581 0.452189
58 0.502043 0.460541 0.971344 0.457949
31 0.502043 0.460541 0.971344 0.457949
32 0.502043 0.460541 0.971344 0.457949
66 0.502043 0.460541 0.971344 0.457949
7 0.491129 0.46479 0.976021 0.450605
3 0.500094 0.460829 0.970564 0.456221
6 0.500094 0.460829 0.970564 0.456221
2 0.500094 0.460829 0.970564 0.456221
29 0.491519 0.462558 0.97836 0.450461
32 0.500094 0.460829 0.970564 0.456221
58 0.500094 0.460829 0.970564 0.456221
31 0.500094 0.460829 0.970564 0.456221
66 0.490349 0.464934 0.974462 0.448013
39 0.490349 0.464934 0.974462 0.448013
7 0.490349 0.463782 0.977581 0.452621
3 0.501263 0.459965 0.974462 0.457949
6 0.501263 0.459965 0.974462 0.457949
2 0.501263 0.459965 0.974462 0.457949
58 0.501263 0.459965 0.974462 0.457949
29 0.490349 0.462054 0.97914 0.452621
31 0.501263 0.459965 0.974462 0.457949
32 0.501263 0.459965 0.974462 0.457949
66 0.494637 0.46371 0.986156 0.451613
59 0.500484 0.461478 0.97914 0.456077
7 0.490349 0.462558 0.977581 0.450461
3 0.500484 0.459101 0.972903 0.456221
6 0.500484 0.459101 0.972903 0.456221
2 0.500484 0.459101 0.972903 0.456221
29 0.490349 0.461405 0.977581 0.450461
58 0.500484 0.460181 0.977581 0.455213
32 0.500484 0.459101 0.972903 0.456221
31 0.500484 0.459101 0.972903 0.456221
66 0.500484 0.459101 0.972903 0.456221
59 0.500484 0.460181 0.977581 0.455213
7 0.491519 0.463998 0.97836 0.452189
3 0.501653 0.459965 0.973683 0.457949
6 0.501653 0.459965 0.973683 0.457949
2 0.501653 0.459965 0.973683 0.457949
58 0.501263 0.461694 0.977581 0.456797
32 0.501653 0.459965 0.973683 0.457949
31 0.501653 0.459965 0.973683 0.457949
29 0.501653 0.459965 0.973683 0.457949
66 0.501653 0.459965 0.973683 0.457949
59 0.501263 0.461694 0.977581 0.456797
35 0.501653 0.459965 0.973683 0.457949
7 0.491909 0.464286 0.977581 0.452765
3 0.502043 0.459677 0.972903 0.458525
6 0.502043 0.459677 0.972903 0.458525
2 0.502043 0.459677 0.972903 0.458525
58 0.502043 0.459677 0.972903 0.458525
29 0.502043 0.459677 0.972903 0.458525
32 0.502043 0.459677 0.972903 0.458525
31 0.502043 0.459677 0.972903 0.458525
66 0.502043 0.459677 0.972903 0.458525
7 0.491519 0.463782 0.97836 0.452621
3 0.500484 0.459173 0.974462 0.458381
6 0.500484 0.459173 0.974462 0.458381
2 0.500484 0.459173 0.974462 0.458381
58 0.500484 0.459173 0.974462 0.458381
32 0.500484 0.459173 0.974462 0.458381
29 0.500484 0.459173 0.974462 0.458381
31 0.500484 0.459173 0.974462 0.458381
66 0.500484 0.459173 0.974462 0.458381
59 0.499704 0.461405 0.97914 0.457373
7 0.492298 0.463998 0.979919 0.452189
3 0.502823 0.459389 0.974462 0.459101
6 0.502823 0.459389 0.974462 0.459101
2 0.502823 0.459389 0.974462 0.459101
58 0.502823 0.459389 0.974462 0.459101
32 0.502823 0.459389 0.974462 0.459101
29 0.502823 0.459389 0.974462 0.459101
31 0.502823 0.459389 0.974462 0.459101
66 0.502823 0.459389 0.974462 0.459101
35 0.502823 0.459389 0.974462 0.459101
60 0.502823 0.460829 0.977581 0.458525
7 0.491129 0.463782 0.97914 0.452621
3 0.501263 0.459389 0.976021 0.459101
6 0.501263 0.459389 0.976021 0.459101
2 0.501263 0.459389 0.976021 0.459101
58 0.501263 0.459389 0.976021 0.459101
32 0.501263 0.459389 0.976021 0.459101
29 0.501263 0.459389 0.976021 0.459101
31 0.501263 0.459389 0.976021 0.459101
66 0.501263 0.459389 0.976021 0.459101
4 0.501263 0.459389 0.976021 0.459101
60 0.500484 0.460541 0.980699 0.459101
59 0.500484 0.460541 0.980699 0.459101
7 0.490739 0.463638 0.97836 0.452909
3 0.501263 0.459101 0.974462 0.460829
6 0.501263 0.459101 0.974462 0.460829
2 0.501263 0.459101 0.974462 0.460829
29 0.491129 0.462054 0.97914 0.454925
58 0.501263 0.459101 0.974462 0.460829
32 0.501263 0.459101 0.974462 0.460829
31 0.501263 0.459101 0.974462 0.460829
66 0.501263 0.459101 0.974462 0.460829
7 0.490349 0.463422 0.977581 0.453341
3 0.501263 0.459965 0.977581 0.460253
6 0.501263 0.459965 0.977581 0.460253
2 0.501263 0.459101 0.972903 0.461982
29 0.490349 0.462054 0.977581 0.454925
58 0.501263 0.459965 0.977581 0.460253
32 0.501263 0.459101 0.972903 0.461982
31 0.501263 0.459101 0.972903 0.461982
66 0.4884 0.46371 0.975242 0.450461
59 0.501263 0.459965 0.977581 0.460253
7 0.48996 0.463422 0.976801 0.453341
3 0.501263 0.459101 0.972903 0.460829
6 0.500874 0.460325 0.976801 0.459533
2 0.501263 0.459101 0.972903 0.460829
29 0.490349 0.46227 0.977581 0.454493
58 0.500874 0.460325 0.976801 0.459533
32 0.501263 0.459101 0.972903 0.460829
31 0.501263 0.459101 0.972903 0.460829
66 0.48879 0.463638 0.974462 0.450605
59 0.500874 0.460325 0.976801 0.459533
7 0.490349 0.463134 0.977581 0.453917
3 0.500874 0.458237 0.972124 0.462558
6 0.500484 0.459605 0.977581 0.460973
2 0.500874 0.458237 0.972124 0.462558
58 0.500484 0.459605 0.977581 0.460973
29 0.490349 0.461694 0.977581 0.455645
32 0.500874 0.458237 0.972124 0.462558
31 0.500874 0.458237 0.972124 0.462558
66 0.48918 0.463206 0.975242 0.451469
59 0.500484 0.459605 0.977581 0.460973
39 0.48918 0.463206 0.975242 0.451469
7 0.491129 0.463134 0.977581 0.453917
3 0.501263 0.458237 0.972903 0.461405
6 0.501263 0.458237 0.972903 0.461405
2 0.501263 0.458237 0.972903 0.461405
29 0.491129 0.461405 0.97914 0.455069
58 0.501263 0.459677 0.976021 0.460829
31 0.501263 0.458237 0.972903 0.461405
32 0.501263 0.458237 0.972903 0.461405
66 0.501263 0.458237 0.972903 0.461405
60 0.501263 0.459677 0.976021 0.460829
7 0.490349 0.463206 0.976022 0.452621
3 0.501263 0.458525 0.971344 0.460829
6 0.501263 0.458525 0.971344 0.460829
2 0.501263 0.458525 0.971344 0.460829
58 0.501263 0.458525 0.971344 0.460829
29 0.501263 0.458525 0.971344 0.460829
32 0.501263 0.458525 0.971344 0.460829
31 0.501263 0.458525 0.971344 0.460829
66 0.501263 0.458525 0.971344 0.460829
60 0.500484 0.459965 0.976021 0.459101
35 0.501263 0.458525 0.971344 0.460829
4 0.501263 0.458525 0.971344 0.460829
22 0.501263 0.458525 0.971344 0.460829
7 0.491519 0.463134 0.97836 0.453917
3 0.500874 0.458237 0.972124 0.461405
6 0.500874 0.458237 0.972124 0.461405
2 0.500874 0.458237 0.972124 0.461405
58 0.500874 0.458237 0.972124 0.461405
29 0.491129 0.461405 0.97914 0.455069
32 0.500874 0.458237 0.972124 0.461405
31 0.500874 0.458237 0.972124 0.461405
66 0.500874 0.458237 0.972124 0.461405
7 0.490349 0.46227 0.977581 0.454493
3 0.500094 0.458237 0.975242 0.461405
6 0.500094 0.458237 0.975242 0.461405
2 0.500094 0.458237 0.975242 0.461405
29 0.490349 0.460829 0.977581 0.456221
58 0.500094 0.458237 0.975242 0.461405
31 0.500094 0.458237 0.975242 0.461405
32 0.500094 0.458237 0.975242 0.461405
66 0.500094 0.458237 0.975242 0.461405
7 0.490349 0.46227 0.97914 0.453341
3 0.499704 0.457949 0.974462 0.461982
2 0.499704 0.457949 0.974462 0.461982
6 0.499704 0.457949 0.974462 0.461982
29 0.490349 0.460541 0.97914 0.454493
58 0.499314 0.459101 0.97836 0.460829
31 0.499704 0.457949 0.974462 0.461982
32 0.499704 0.457949 0.974462 0.461982
66 0.499704 0.457949 0.974462 0.461982
7 0.490349 0.463134 0.977581 0.452765
3 0.501263 0.459029 0.971344 0.459821
2 0.501263 0.459029 0.971344 0.459821
6 0.501263 0.459029 0.971344 0.459821
29 0.490739 0.461694 0.97836 0.453341
58 0.501263 0.459029 0.971344 0.459821
31 0.501263 0.459029 0.971344 0.459821
32 0.501263 0.459029 0.971344 0.459821
66 0.501263 0.459029 0.971344 0.459821
7 0.491129 0.463422 0.977581 0.453341
3 0.501263 0.459101 0.972903 0.459677
2 0.501263 0.459101 0.972903 0.459677
6 0.501263 0.459101 0.972903 0.459677
29 0.490739 0.461406 0.97836 0.453917
58 0.500874 0.460253 0.976801 0.459677
31 0.501263 0.459101 0.972903 0.459677
32 0.501263 0.459101 0.972903 0.459677
66 0.501263 0.459101 0.972903 0.459677
59 0.500874 0.460253 0.976801 0.459677
7 0.491129 0.46227 0.97914 0.454493
3 0.501263 0.458237 0.972903 0.462558
2 0.501263 0.458237 0.972903 0.462558
6 0.501263 0.458237 0.972903 0.462558
29 0.491129 0.460541 0.97914 0.455645
58 0.500484 0.459389 0.977581 0.461405
31 0.501263 0.458237 0.972903 0.462558
32 0.501263 0.458237 0.972903 0.462558
66 0.501263 0.458237 0.972903 0.462558
7 0.491129 0.463062 0.97914 0.454061
3 0.500484 0.458813 0.974462 0.461406
2 0.500484 0.458813 0.974462 0.461406
6 0.500484 0.458813 0.974462 0.461406
29 0.491129 0.461405 0.97914 0.455069
58 0.500094 0.459965 0.97836 0.460253
31 0.500484 0.458813 0.974462 0.461406
32 0.500484 0.458813 0.974462 0.461406
66 0.500484 0.458813 0.974462 0.461406
7 0.491129 0.463206 0.97914 0.453773
3 0.501263 0.459677 0.974462 0.460829
6 0.501263 0.459677 0.974462 0.460829
2 0.501263 0.459677 0.974462 0.460829
58 0.500094 0.460829 0.97836 0.459677
29 0.490739 0.461477 0.97836 0.454925
32 0.501263 0.459677 0.974462 0.460829
31 0.501263 0.459677 0.974462 0.460829
66 0.501263 0.459677 0.974462 0.460829
7 0.491519 0.463422 0.97836 0.453341
3 0.500484 0.459101 0.972903 0.459677
6 0.500484 0.459101 0.972903 0.459677
2 0.500484 0.459101 0.972903 0.459677
58 0.500484 0.459101 0.972903 0.459677
29 0.491129 0.461694 0.97914 0.454493
31 0.500484 0.459101 0.972903 0.459677
32 0.500484 0.459101 0.972903 0.459677
66 0.500484 0.459101 0.972903 0.459677
7 0.491129 0.463134 0.97914 0.453917
3 0.500874 0.459389 0.973683 0.460253
2 0.500874 0.459389 0.973683 0.460253
6 0.500874 0.459389 0.973683 0.460253
29 0.491129 0.461694 0.97914 0.454493
58 0.500874 0.459389 0.973683 0.460253
31 0.500874 0.459389 0.973683 0.460253
32 0.500874 0.459389 0.973683 0.460253
66 0.500874 0.459389 0.973683 0.460253
7 0.491909 0.463134 0.97914 0.453917
3 0.500484 0.459389 0.976021 0.460253
6 0.500484 0.459389 0.976021 0.460253
2 0.500484 0.459389 0.976021 0.460253
29 0.491519 0.461694 0.979919 0.454493
58 0.500484 0.459389 0.976021 0.460253
31 0.500484 0.459389 0.976021 0.460253
32 0.500484 0.459389 0.976021 0.460253
66 0.500484 0.459389 0.976021 0.460253
7 0.493468 0.46263 0.97914 0.452621
3 0.502823 0.460541 0.974462 0.457949
29 0.494247 0.461405 0.980699 0.452765
6 0.496196 0.463206 0.987715 0.451469
2 0.502823 0.458525 0.968226 0.458525
66 0.502823 0.460541 0.974462 0.457949
7 0.493468 0.462846 0.97914 0.452189
3 0.502043 0.458813 0.968226 0.457949
29 0.494247 0.461477 0.97914 0.452621
6 0.495417 0.46371 0.986156 0.450461
2 0.502043 0.458813 0.968226 0.457949
66 0.502043 0.460757 0.972903 0.457517
7 0.492688 0.463134 0.977581 0.451613
3 0.502043 0.459101 0.968226 0.457373
29 0.493468 0.461694 0.977581 0.452189
6 0.495417 0.463998 0.986156 0.449885
2 0.502043 0.459101 0.968226 0.457373
66 0.502043 0.461117 0.972903 0.456797
58 0.502043 0.461117 0.972903 0.456797
7 0.492298 0.463638 0.976801 0.451757
3 0.502043 0.459101 0.966667 0.457373
6 0.495806 0.464286 0.985376 0.450461
29 0.493468 0.46191 0.977581 0.451757
2 0.502043 0.459101 0.966667 0.457373
66 0.502043 0.461334 0.972903 0.456365
58 0.502043 0.461334 0.972903 0.456365
32 0.502043 0.459101 0.966667 0.457373
7 0.492298 0.463422 0.976801 0.451037
3 0.502043 0.459029 0.966667 0.457517
6 0.495417 0.463998 0.986156 0.449885
29 0.493468 0.46227 0.977581 0.452189
2 0.502043 0.459029 0.966667 0.457517
66 0.491129 0.464862 0.974462 0.448157
58 0.502043 0.461117 0.972903 0.456797
7 0.492688 0.463422 0.977581 0.452189
3 0.502043 0.459173 0.966667 0.458381
6 0.495806 0.464286 0.985376 0.450461
29 0.493468 0.461982 0.977581 0.452765
2 0.502043 0.459173 0.966667 0.458381
66 0.491129 0.464574 0.974462 0.448733
58 0.502043 0.461117 0.972903 0.456797
7 0.492298 0.463422 0.976801 0.452189
3 0.502043 0.459677 0.966667 0.457373
6 0.495806 0.464286 0.985376 0.450461
29 0.493468 0.462054 0.977581 0.452621
2 0.502043 0.459677 0.966667 0.457373
66 0.491129 0.464574 0.972903 0.448733
7 0.492298 0.463638 0.976801 0.451757
3 0.502043 0.459389 0.968226 0.456797
6 0.495806 0.464286 0.985376 0.450461
29 0.493468 0.46191 0.977581 0.451757
2 0.502043 0.459389 0.968226 0.456797
66 0.491129 0.464574 0.972903 0.448733
58 0.502043 0.461406 0.972903 0.456221
7 0.492298 0.463422 0.976801 0.452189
3 0.502043 0.459389 0.966667 0.457949
29 0.493468 0.461982 0.977581 0.452765
6 0.495806 0.464286 0.985376 0.450461
2 0.502043 0.459389 0.966667 0.457949
66 0.491519 0.46479 0.973683 0.448301
7 0.492298 0.46371 0.976801 0.451613
3 0.502043 0.459101 0.966667 0.457373
6 0.495806 0.464286 0.985376 0.450461
29 0.493468 0.462054 0.977581 0.452621
2 0.502043 0.459101 0.966667 0.457373
66 0.491129 0.46479 0.974462 0.448301
58 0.502823 0.461694 0.971344 0.456797
7 0.48996 0.463422 0.976801 0.453341
3 0.501263 0.459101 0.972903 0.460829
6 0.500874 0.460325 0.976801 0.459533
2 0.501263 0.459101 0.972903 0.460829
29 0.490349 0.46227 0.977581 0.454493
58 0.500874 0.460325 0.976801 0.459533
32 0.501263 0.459101 0.972903 0.460829
31 0.501263 0.459101 0.972903 0.460829
66 0.48879 0.463638 0.974462 0.450605
59 0.500874 0.460325 0.976801 0.459533
