22 0.484892 0.432316 0.940161 0.516705
41 0.485282 0.442468 0.969005 0.554003
57 0.48918 0.43498 0.945618 0.515985
2 0.497366 0.441748 0.988495 0.550835
4 0.486062 0.438436 0.9425 0.52405
62 0.486062 0.438436 0.9425 0.52405
72 0.486062 0.438436 0.9425 0.52405
57 0.608162 0.507488 0.771579 0.410138
60 0.484892 0.432316 0.940161 0.516705
44 0.48918 0.43498 0.945618 0.515985
49 0.484892 0.432316 0.940161 0.516705
4 0.620635 0.506624 0.748192 0.40841
66 0.484892 0.432316 0.940161 0.516705
69 0.450202 0.417699 0.867661 0.481423
35 0.48918 0.43498 0.945618 0.515985
72 0.539462 0.506336 0.907419 0.414747
6 0.483333 0.432316 0.932366 0.509793
33 0.492688 0.445564 0.97914 0.542051
40 0.492688 0.445564 0.97914 0.542051
0 0.484892 0.432316 0.940161 0.516705
22 0.496196 0.510081 0.975242 0.40841
67 0.498145 0.4429 0.980699 0.535858
65 0.486062 0.438436 0.9425 0.52405
32 0.498145 0.4429 0.980699 0.535858
5 0.484892 0.432316 0.940161 0.516705
46 0.710188 0.504608 0.565968 0.410138
4 0.276358 0.412154 0.515296 0.472926
1 0.485282 0.442468 0.969005 0.554003
29 0.48918 0.43498 0.945618 0.515985
22 0.276358 0.412154 0.515296 0.472926
17 0.451371 0.418491 0.87 0.480991
14 0.484892 0.432316 0.940161 0.516705
22 0.701613 0.50576 0.584677 0.410138
10 0.451371 0.418491 0.87 0.480991
4 0.739032 0.505184 0.50828 0.40553
20 0.485282 0.442468 0.969005 0.554003
10 0.276358 0.412154 0.515296 0.472926
34 0.496196 0.510081 0.975242 0.40841
7 0.450202 0.417699 0.867661 0.481423
64 0.492688 0.445564 0.97914 0.542051
46 0.484892 0.432316 0.940161 0.516705
2 0.541801 0.507488 0.90586 0.407834
70 0.491519 0.441172 0.965887 0.53125
11 0.498145 0.4429 0.980699 0.535858
57 0.739032 0.505184 0.50828 0.40553
49 0.493468 0.510945 0.974462 0.41129
56 0.484892 0.432316 0.940161 0.516705
3 0.484892 0.432316 0.940161 0.516705
49 0.701613 0.50576 0.584677 0.410138
71 0.498145 0.4429 0.980699 0.535858
67 0.620635 0.506624 0.748192 0.40841
70 0.710188 0.504608 0.565968 0.410138
62 0.541801 0.507488 0.90586 0.407834
46 0.591694 0.506336 0.806075 0.413594
31 0.483333 0.432316 0.932366 0.509793
44 0.539462 0.506336 0.907419 0.414747
36 0.492688 0.445564 0.97914 0.542051
39 0.495027 0.509793 0.974462 0.414747
44 0.710188 0.504608 0.565968 0.410138
60 0.495027 0.509793 0.974462 0.414747
23 0.503992 0.5072 0.972124 0.415323
72 0.710188 0.504608 0.565968 0.410138
57 0.300524 0.421371 0.56207 0.486751
41 0.249073 0.411578 0.459946 0.474078
71 0.249073 0.411578 0.459946 0.474078
52 0.498145 0.4429 0.980699 0.535858
60 0.739032 0.505184 0.50828 0.40553
54 0.484892 0.432316 0.940161 0.516705
5 0.276358 0.412154 0.515296 0.472926
66 0.496976 0.511521 0.96121 0.406682
7 0.276358 0.412154 0.515296 0.472926
8 0.491129 0.425619 0.982258 0.584245
60 0.266028 0.411794 0.493078 0.473646
72 0.276358 0.412154 0.515296 0.472926
10 0.493468 0.5072 0.966667 0.422235
50 0.459946 0.417555 0.885591 0.480559
8 0.539462 0.506336 0.907419 0.414747
68 0.458387 0.415035 0.879355 0.476382
37 0.459946 0.417555 0.885591 0.480559
14 0.541801 0.507488 0.90586 0.407834
37 0.249073 0.411578 0.459946 0.474078
3 0.23582 0.41309 0.431882 0.473358
2 0.249073 0.411578 0.459946 0.474078
2 0.511304 0.446501 0.977392 0.530962
4 0.511304 0.446501 0.977392 0.530962
57 0.511304 0.446501 0.977392 0.530962
67 0.511694 0.446429 0.976613 0.536866
58 0.484892 0.445565 0.932366 0.528226
3 0.484892 0.445565 0.932366 0.528226
60 0.511304 0.446501 0.977392 0.530962
62 0.50672 0.459101 0.946398 0.503456
44 0.511304 0.446501 0.977392 0.530962
8 0.511694 0.446429 0.976613 0.536866
69 0.511694 0.446429 0.976613 0.536866
22 0.511304 0.446501 0.977392 0.530962
10 0.503602 0.448733 0.977581 0.536866
41 0.50711 0.448085 0.976801 0.535858
66 0.511304 0.446501 0.977392 0.530962
20 0.511694 0.446429 0.976613 0.536866
35 0.511304 0.446501 0.977392 0.530962
65 0.50672 0.459101 0.946398 0.503456
52 0.50672 0.459101 0.946398 0.503456
7 0.50711 0.448085 0.976801 0.535858
36 0.511694 0.446429 0.976613 0.536866
6 0.511694 0.446429 0.976613 0.536866
72 0.50672 0.459101 0.946398 0.503456
49 0.484892 0.445565 0.932366 0.528226
33 0.511304 0.446501 0.977392 0.530962
56 0.50711 0.448085 0.976801 0.535858
68 0.488011 0.446357 0.937043 0.533554
29 0.50672 0.459101 0.946398 0.503456
45 0.511008 0.449597 0.973683 0.515553
5 0.509059 0.449885 0.972903 0.517281
59 0.505161 0.452261 0.954194 0.522897
34 0.502823 0.502592 0.952634 0.414171
39 0.511008 0.449597 0.973683 0.515553
31 0.50672 0.459101 0.946398 0.503456
32 0.503602 0.448733 0.977581 0.536866
40 0.511304 0.446501 0.977392 0.530962
30 0.505161 0.452261 0.954194 0.522897
64 0.50672 0.459101 0.946398 0.503456
0 0.493857 0.500288 0.973683 0.421083
28 0.493857 0.500288 0.973683 0.421083
46 0.509059 0.449885 0.972903 0.517281
2 0.501263 0.443476 0.971344 0.546227
4 0.491909 0.43462 0.965107 0.56394
44 0.501263 0.443476 0.971344 0.546227
62 0.491909 0.43462 0.965107 0.56394
10 0.502043 0.445924 0.982258 0.543635
58 0.502043 0.445924 0.982258 0.543635
65 0.491909 0.43462 0.965107 0.56394
60 0.501263 0.443476 0.971344 0.546227
3 0.502043 0.445924 0.982258 0.543635
22 0.491909 0.43462 0.965107 0.56394
57 0.501263 0.443476 0.971344 0.546227
39 0.500484 0.443476 0.971344 0.542771
35 0.491909 0.43462 0.965107 0.56394
69 0.501263 0.443476 0.971344 0.546227
66 0.501263 0.443476 0.971344 0.546227
5 0.502043 0.445924 0.982258 0.543635
67 0.502433 0.444052 0.976801 0.548531
6 0.502433 0.444052 0.976801 0.548531
36 0.501263 0.443476 0.971344 0.546227
8 0.491909 0.43462 0.965107 0.56394
52 0.491909 0.43462 0.965107 0.56394
56 0.501263 0.443476 0.971344 0.546227
23 0.500484 0.443476 0.971344 0.542771
29 0.490739 0.430012 0.967446 0.576613
20 0.502433 0.444052 0.976801 0.548531
45 0.493468 0.438652 0.965107 0.553571
33 0.487231 0.425187 0.971344 0.578197
1 0.500484 0.449957 0.980699 0.542483
54 0.490739 0.430012 0.967446 0.576613
32 0.500484 0.443476 0.971344 0.542771
7 0.501263 0.443476 0.971344 0.546227
31 0.502433 0.444052 0.976801 0.548531
28 0.501653 0.446933 0.97836 0.534706
30 0.486452 0.383641 0.972903 0.663594
0 0.487231 0.425187 0.971344 0.578197
68 0.500484 0.449957 0.980699 0.542483
34 0.502043 0.445924 0.982258 0.543635
61 0.501653 0.446933 0.97836 0.534706
72 0.502433 0.444052 0.976801 0.548531
21 0.493468 0.438652 0.965107 0.553571
41 0.491519 0.431956 0.969005 0.568116
49 0.502043 0.445924 0.982258 0.543635
40 0.487231 0.425187 0.971344 0.578197
46 0.500484 0.443476 0.971344 0.542771
66 0.496586 0.453341 0.965107 0.519585
44 0.495027 0.460757 0.961989 0.507056
4 0.495027 0.460757 0.961989 0.507056
65 0.496586 0.453341 0.965107 0.519585
22 0.495027 0.460757 0.961989 0.507056
29 0.491909 0.444772 0.961989 0.550547
20 0.495806 0.441532 0.963548 0.547811
54 0.496586 0.453341 0.965107 0.519585
39 0.496976 0.481567 0.964328 0.459677
33 0.496586 0.453341 0.965107 0.519585
30 0.495806 0.441532 0.963548 0.547811
62 0.495806 0.441532 0.963548 0.547811
8 0.496976 0.481567 0.964328 0.459677
57 0.495027 0.460757 0.961989 0.507056
61 0.493858 0.46947 0.962769 0.481567
35 0.496586 0.453341 0.965107 0.519585
28 0.495027 0.460757 0.961989 0.507056
7 0.495027 0.460757 0.961989 0.507056
67 0.495806 0.441532 0.963548 0.547811
36 0.495806 0.450965 0.963548 0.534706
34 0.491129 0.442108 0.96043 0.544355
45 0.496976 0.481567 0.964328 0.459677
23 0.490349 0.438868 0.965107 0.542771
2 0.491129 0.442108 0.96043 0.544355
32 0.493858 0.46947 0.962769 0.481567
6 0.495806 0.441532 0.963548 0.547811
31 0.491909 0.444772 0.961989 0.550547
68 0.491909 0.444772 0.961989 0.550547
60 0.491129 0.442108 0.96043 0.544355
69 0.495027 0.460757 0.961989 0.507056
52 0.491129 0.442108 0.96043 0.544355
10 0.498925 0.445276 0.963548 0.538018
5 0.496976 0.481567 0.964328 0.459677
21 0.496976 0.481567 0.964328 0.459677
1 0.495806 0.450965 0.963548 0.534706
58 0.493468 0.445924 0.972903 0.534418
0 0.495027 0.460757 0.961989 0.507056
3 0.491129 0.442108 0.96043 0.544355
56 0.498925 0.445276 0.963548 0.538018
59 0.495806 0.450965 0.963548 0.534706
41 0.495027 0.460757 0.961989 0.507056
72 0.496586 0.448445 0.965107 0.542051
40 0.496586 0.452765 0.974462 0.518433
44 0.495806 0.468894 0.97914 0.504608
54 0.493078 0.447869 0.972124 0.551267
66 0.490349 0.449237 0.974462 0.543923
4 0.495806 0.468894 0.97914 0.504608
65 0.495806 0.468894 0.97914 0.504608
35 0.495806 0.468894 0.97914 0.504608
39 0.48918 0.453053 0.97836 0.533986
2 0.490349 0.449237 0.974462 0.543923
29 0.493078 0.447869 0.972124 0.551267
8 0.48918 0.453053 0.97836 0.533986
20 0.493078 0.447869 0.972124 0.551267
62 0.495806 0.468894 0.97914 0.504608
45 0.494247 0.475158 0.977581 0.489775
10 0.497366 0.450173 0.980699 0.544355
30 0.496586 0.467814 0.980699 0.509073
57 0.48918 0.453053 0.97836 0.533986
7 0.490349 0.449237 0.974462 0.543923
22 0.490349 0.449237 0.974462 0.543923
6 0.493078 0.447869 0.972124 0.551267
28 0.497366 0.450173 0.980699 0.544355
67 0.493078 0.447869 0.972124 0.551267
5 0.497366 0.450173 0.980699 0.544355
60 0.490349 0.449237 0.974462 0.543923
0 0.490349 0.449237 0.974462 0.543923
36 0.493078 0.447869 0.972124 0.551267
21 0.494247 0.475158 0.977581 0.489775
69 0.490349 0.449237 0.974462 0.543923
32 0.490349 0.449237 0.974462 0.543923
33 0.495806 0.468894 0.97914 0.504608
56 0.490349 0.449237 0.974462 0.543923
61 0.48918 0.453053 0.97836 0.533986
1 0.498145 0.451613 0.980699 0.547235
31 0.493078 0.447869 0.972124 0.551267
23 0.48918 0.453053 0.97836 0.533986
34 0.497366 0.450173 0.980699 0.544355
52 0.495806 0.468894 0.97914 0.504608
3 0.498145 0.451613 0.980699 0.547235
68 0.493468 0.450965 0.971344 0.547379
41 0.502433 0.477535 0.965887 0.487327
72 0.490349 0.449237 0.974462 0.543923
58 0.491909 0.448805 0.968226 0.547091
54 0.494247 0.458813 0.976021 0.514401
20 0.495806 0.47235 0.971344 0.487327
30 0.494247 0.458813 0.976021 0.514401
29 0.486841 0.450749 0.969005 0.53053
66 0.496976 0.471198 0.970564 0.497696
44 0.493468 0.452765 0.977581 0.536866
8 0.493468 0.452765 0.977581 0.536866
65 0.495806 0.47235 0.971344 0.487327
4 0.493468 0.452765 0.977581 0.536866
35 0.493468 0.452765 0.977581 0.536866
28 0.493468 0.452765 0.977581 0.536866
45 0.496976 0.471198 0.970564 0.497696
67 0.494247 0.458813 0.976021 0.514401
39 0.497755 0.479191 0.969005 0.480559
7 0.493468 0.452765 0.977581 0.536866
6 0.494247 0.458813 0.976021 0.514401
60 0.493468 0.452765 0.977581 0.536866
62 0.486841 0.450749 0.969005 0.53053
57 0.493468 0.452765 0.977581 0.536866
10 0.485282 0.448805 0.969005 0.540178
21 0.497755 0.479191 0.969005 0.480559
36 0.494247 0.458813 0.976021 0.514401
32 0.493468 0.452765 0.977581 0.536866
56 0.496976 0.471198 0.970564 0.497696
31 0.494247 0.458813 0.976021 0.514401
33 0.493468 0.452765 0.977581 0.536866
5 0.494247 0.446501 0.982258 0.541331
34 0.485282 0.448805 0.969005 0.540178
69 0.493468 0.452765 0.977581 0.536866
61 0.492688 0.455069 0.976021 0.52765
1 0.494247 0.458813 0.976021 0.514401
22 0.493468 0.452765 0.977581 0.536866
3 0.486841 0.450749 0.969005 0.53053
2 0.493468 0.452765 0.977581 0.536866
23 0.492688 0.455069 0.976021 0.52765
68 0.486841 0.450749 0.969005 0.53053
72 0.486841 0.450749 0.969005 0.53053
0 0.493468 0.452765 0.977581 0.536866
41 0.495806 0.47235 0.971344 0.487327
2 0.488011 0.451037 0.966667 0.542627
69 0.491519 0.456509 0.972124 0.53053
60 0.491519 0.456509 0.972124 0.53053
44 0.491519 0.456509 0.972124 0.53053
30 0.501263 0.457661 0.963548 0.515553
6 0.494247 0.455357 0.971344 0.522465
35 0.491519 0.456509 0.972124 0.53053
20 0.501263 0.457661 0.963548 0.515553
54 0.494247 0.455357 0.971344 0.522465
33 0.491519 0.456509 0.972124 0.53053
66 0.502043 0.47055 0.961989 0.500144
62 0.491519 0.456509 0.972124 0.53053
67 0.491519 0.456509 0.972124 0.53053
8 0.502043 0.47055 0.961989 0.500144
0 0.491519 0.456509 0.972124 0.53053
39 0.500874 0.475302 0.96121 0.490639
56 0.491519 0.456509 0.972124 0.53053
7 0.491519 0.456509 0.972124 0.53053
29 0.501263 0.457661 0.963548 0.515553
36 0.494247 0.455357 0.971344 0.522465
57 0.491519 0.456509 0.972124 0.53053
22 0.491519 0.456509 0.972124 0.53053
32 0.491519 0.456509 0.972124 0.53053
65 0.491519 0.456509 0.972124 0.53053
28 0.491519 0.456509 0.972124 0.53053
1 0.48879 0.449309 0.966667 0.53917
31 0.494247 0.455357 0.971344 0.522465
4 0.502043 0.47055 0.961989 0.500144
10 0.491519 0.456509 0.972124 0.53053
34 0.488011 0.451037 0.966667 0.542627
45 0.500874 0.475302 0.96121 0.490639
61 0.488011 0.450461 0.969785 0.542627
58 0.488011 0.451037 0.966667 0.542627
23 0.490349 0.451613 0.972903 0.53917
52 0.491519 0.456509 0.972124 0.53053
5 0.494637 0.449597 0.981478 0.545507
21 0.500874 0.475302 0.96121 0.490639
68 0.48879 0.449309 0.966667 0.53917
3 0.48879 0.449309 0.966667 0.53917
60 0.497755 0.447509 0.96121 0.549683
6 0.500484 0.446429 0.966667 0.549539
67 0.498145 0.447005 0.971344 0.549539
33 0.497755 0.447509 0.96121 0.549683
35 0.498145 0.447005 0.971344 0.549539
2 0.497755 0.447509 0.96121 0.549683
20 0.499704 0.439588 0.963548 0.56322
8 0.497755 0.447509 0.96121 0.549683
69 0.498145 0.447005 0.971344 0.549539
30 0.499704 0.439588 0.963548 0.56322
39 0.497366 0.451325 0.976021 0.538594
7 0.498145 0.447005 0.971344 0.549539
62 0.498145 0.447005 0.971344 0.549539
0 0.497755 0.447509 0.96121 0.549683
44 0.498145 0.447005 0.971344 0.549539
29 0.498145 0.447005 0.971344 0.549539
31 0.500484 0.446429 0.966667 0.549539
56 0.498145 0.447005 0.971344 0.549539
34 0.498145 0.447005 0.971344 0.549539
54 0.500484 0.446429 0.966667 0.549539
65 0.498145 0.447005 0.971344 0.549539
66 0.499704 0.439588 0.963548 0.56322
36 0.500484 0.446429 0.966667 0.549539
57 0.497366 0.451325 0.976021 0.538594
22 0.497366 0.451325 0.976021 0.538594
10 0.498145 0.447005 0.971344 0.549539
58 0.497755 0.447509 0.96121 0.549683
32 0.497366 0.451325 0.976021 0.538594
1 0.500094 0.448445 0.958091 0.547811
23 0.497366 0.451325 0.976021 0.538594
28 0.497755 0.447509 0.96121 0.549683
61 0.497366 0.452189 0.963548 0.539171
4 0.498145 0.447005 0.971344 0.549539
45 0.497366 0.451325 0.976021 0.538594
3 0.500094 0.448445 0.958091 0.547811
68 0.500094 0.448445 0.958091 0.547811
5 0.505551 0.448661 0.979919 0.547379
52 0.498145 0.447005 0.971344 0.549539
21 0.498925 0.457949 0.966667 0.523041
8 0.499704 0.457085 0.955753 0.514401
35 0.497366 0.446717 0.957312 0.53629
6 0.499704 0.449885 0.955753 0.531106
60 0.497366 0.446717 0.957312 0.53629
7 0.497366 0.446717 0.957312 0.53629
39 0.498925 0.467742 0.957312 0.496544
30 0.497366 0.460541 0.96043 0.507488
20 0.497366 0.460541 0.96043 0.507488
2 0.496586 0.448805 0.958871 0.53557
69 0.497366 0.446717 0.957312 0.53629
33 0.496586 0.448805 0.958871 0.53557
67 0.497366 0.446717 0.957312 0.53629
29 0.498925 0.449885 0.957312 0.534562
34 0.497366 0.446717 0.957312 0.53629
21 0.499704 0.457085 0.955753 0.514401
44 0.497366 0.446717 0.957312 0.53629
31 0.497366 0.460541 0.96043 0.507488
10 0.497366 0.446717 0.957312 0.53629
54 0.499704 0.449885 0.955753 0.531106
0 0.497366 0.446717 0.957312 0.53629
57 0.495027 0.450533 0.961989 0.532114
56 0.497366 0.446717 0.957312 0.53629
66 0.499704 0.457085 0.955753 0.514401
36 0.499704 0.449885 0.955753 0.531106
23 0.495027 0.450533 0.961989 0.532114
28 0.497366 0.446717 0.957312 0.53629
22 0.497366 0.446717 0.957312 0.53629
32 0.499704 0.449885 0.955753 0.531106
58 0.496586 0.448805 0.958871 0.53557
62 0.497366 0.446717 0.957312 0.53629
4 0.499704 0.457085 0.955753 0.514401
65 0.497366 0.460541 0.96043 0.507488
3 0.499704 0.449885 0.955753 0.531106
1 0.499704 0.449885 0.955753 0.531106
61 0.495027 0.450533 0.961989 0.532114
45 0.495027 0.450533 0.961989 0.532114
52 0.497366 0.446717 0.957312 0.53629
5 0.498925 0.467742 0.957312 0.496544
68 0.499704 0.449885 0.955753 0.531106
59 0.499704 0.449885 0.955753 0.531106
7 0.496586 0.451037 0.965107 0.528802
6 0.498145 0.455933 0.965107 0.527074
60 0.496586 0.451037 0.965107 0.528802
8 0.493858 0.448733 0.962769 0.535714
35 0.496586 0.451037 0.965107 0.528802
39 0.495027 0.452765 0.968226 0.523041
33 0.496586 0.451037 0.965107 0.528802
20 0.496586 0.451037 0.965107 0.528802
54 0.498145 0.455933 0.965107 0.527074
69 0.496586 0.451037 0.965107 0.528802
30 0.496586 0.450749 0.961989 0.538594
66 0.498145 0.455933 0.965107 0.527074
34 0.493858 0.448733 0.962769 0.535714
67 0.496586 0.451037 0.965107 0.528802
2 0.493858 0.448733 0.962769 0.535714
10 0.496586 0.451037 0.965107 0.528802
65 0.502823 0.447581 0.97914 0.538018
28 0.496586 0.451037 0.965107 0.528802
0 0.496586 0.451037 0.965107 0.528802
56 0.496586 0.450749 0.961989 0.538594
29 0.496586 0.450749 0.961989 0.538594
44 0.495027 0.452765 0.968226 0.523041
1 0.496586 0.451037 0.965107 0.528802
57 0.495027 0.452765 0.968226 0.523041
22 0.495027 0.452765 0.968226 0.523041
62 0.496586 0.451037 0.965107 0.528802
32 0.495027 0.452765 0.968226 0.523041
21 0.496586 0.451037 0.965107 0.528802
36 0.495027 0.452765 0.968226 0.523041
31 0.498145 0.455933 0.965107 0.527074
3 0.498145 0.455933 0.965107 0.527074
5 0.495027 0.452765 0.968226 0.523041
23 0.495027 0.452765 0.968226 0.523041
61 0.495027 0.452765 0.968226 0.523041
58 0.496586 0.451037 0.965107 0.528802
4 0.496586 0.451037 0.965107 0.528802
68 0.498145 0.455933 0.965107 0.527074
45 0.495027 0.452765 0.968226 0.523041
35 0.493468 0.460325 0.968226 0.517137
8 0.491909 0.454421 0.966667 0.532402
6 0.493468 0.460325 0.968226 0.517137
7 0.493468 0.460325 0.968226 0.517137
39 0.492298 0.466518 0.970564 0.501296
20 0.493468 0.460325 0.968226 0.517137
30 0.493468 0.460325 0.968226 0.517137
60 0.493468 0.460325 0.968226 0.517137
33 0.492298 0.466518 0.970564 0.501296
66 0.493468 0.460325 0.968226 0.517137
29 0.493468 0.460325 0.968226 0.517137
54 0.493468 0.460325 0.968226 0.517137
67 0.493468 0.460325 0.968226 0.517137
21 0.499314 0.465942 0.956532 0.501296
44 0.492298 0.466518 0.970564 0.501296
34 0.491909 0.454421 0.966667 0.532402
36 0.492298 0.466518 0.970564 0.501296
31 0.499314 0.465942 0.956532 0.501296
57 0.492298 0.466518 0.970564 0.501296
65 0.499704 0.478975 0.958871 0.474078
69 0.492298 0.466518 0.970564 0.501296
32 0.492298 0.466518 0.970564 0.501296
28 0.492298 0.466518 0.970564 0.501296
2 0.491909 0.454421 0.966667 0.532402
22 0.492298 0.466518 0.970564 0.501296
1 0.491909 0.454421 0.966667 0.532402
56 0.493468 0.453989 0.965107 0.533266
4 0.499314 0.465942 0.956532 0.501296
10 0.492298 0.466518 0.970564 0.501296
45 0.492298 0.466518 0.970564 0.501296
0 0.493468 0.460325 0.968226 0.517137
23 0.492298 0.466518 0.970564 0.501296
5 0.492298 0.466518 0.970564 0.501296
62 0.499704 0.478975 0.958871 0.474078
3 0.498925 0.452477 0.958871 0.528226
61 0.490349 0.456797 0.968226 0.523041
58 0.492298 0.466518 0.970564 0.501296
7 0.497366 0.446357 0.980699 0.543923
6 0.497755 0.444988 0.981478 0.548963
35 0.497366 0.446357 0.980699 0.543923
8 0.497366 0.446357 0.980699 0.543923
39 0.496586 0.445924 0.97914 0.545939
60 0.497366 0.446357 0.980699 0.543923
66 0.497366 0.446357 0.980699 0.543923
20 0.497366 0.446357 0.980699 0.543923
33 0.490349 0.444124 0.961989 0.551843
69 0.497366 0.446357 0.980699 0.543923
22 0.496586 0.445924 0.97914 0.545939
54 0.503602 0.443548 0.968226 0.544931
10 0.497366 0.446357 0.980699 0.543923
34 0.490349 0.444124 0.961989 0.551843
2 0.490349 0.444124 0.961989 0.551843
67 0.497366 0.446357 0.980699 0.543923
31 0.492688 0.442108 0.963548 0.555875
57 0.490349 0.444124 0.961989 0.551843
28 0.490349 0.444124 0.961989 0.551843
44 0.496586 0.445924 0.97914 0.545939
30 0.497366 0.446357 0.980699 0.543923
21 0.497366 0.446357 0.980699 0.543923
56 0.492688 0.442108 0.963548 0.555875
58 0.497366 0.446357 0.980699 0.543923
32 0.496586 0.445924 0.97914 0.545939
1 0.497366 0.446357 0.980699 0.543923
5 0.490349 0.444124 0.961989 0.551843
65 0.498145 0.444052 0.976021 0.553139
23 0.496586 0.445924 0.97914 0.545939
0 0.490349 0.444124 0.961989 0.551843
3 0.492688 0.442108 0.963548 0.555875
62 0.497366 0.446357 0.980699 0.543923
4 0.497366 0.446357 0.980699 0.543923
68 0.497755 0.444988 0.981478 0.548963
29 0.490349 0.444124 0.961989 0.551843
36 0.498145 0.444052 0.976021 0.553139
61 0.496586 0.445924 0.97914 0.545939
59 0.497755 0.444988 0.981478 0.548963
6 0.496976 0.435412 0.962769 0.570421
7 0.495806 0.451109 0.965108 0.542483
35 0.495806 0.450749 0.965108 0.540899
60 0.495806 0.450749 0.965108 0.540899
2 0.495806 0.450749 0.965108 0.540899
20 0.499314 0.431956 0.975242 0.572725
66 0.495806 0.450749 0.965108 0.540899
8 0.496976 0.435412 0.962769 0.570421
22 0.495806 0.450749 0.965108 0.540899
39 0.495806 0.450749 0.965108 0.540899
34 0.495806 0.450749 0.965108 0.540899
54 0.495806 0.450749 0.965108 0.540899
33 0.495806 0.450749 0.965108 0.540899
65 0.495806 0.450749 0.965108 0.540899
69 0.495806 0.450749 0.965108 0.540899
31 0.496976 0.435412 0.962769 0.570421
62 0.495806 0.450749 0.965108 0.540899
1 0.495806 0.450749 0.965108 0.540899
4 0.495806 0.450749 0.965108 0.540899
0 0.495806 0.450749 0.965108 0.540899
3 0.492688 0.451109 0.96043 0.544787
5 0.495806 0.450749 0.965108 0.540899
21 0.496976 0.435412 0.962769 0.570421
44 0.495806 0.450749 0.965108 0.540899
32 0.495806 0.450749 0.965108 0.540899
56 0.495806 0.451109 0.965108 0.542483
28 0.495806 0.450749 0.965108 0.540899
36 0.495806 0.451109 0.965108 0.542483
30 0.492688 0.451109 0.96043 0.544787
67 0.495806 0.450749 0.965108 0.540899
57 0.495806 0.450749 0.965108 0.540899
23 0.494637 0.449237 0.969005 0.542771
29 0.499704 0.442324 0.957312 0.554291
10 0.495806 0.450749 0.965108 0.540899
58 0.495806 0.450749 0.965108 0.540899
59 0.496976 0.435412 0.962769 0.570421
6 0.500094 0.447509 0.964328 0.53701
7 0.500094 0.447509 0.964328 0.53701
8 0.498925 0.446933 0.957312 0.538162
35 0.500094 0.447509 0.964328 0.53701
39 0.498145 0.441172 0.965107 0.548531
66 0.498925 0.444124 0.963548 0.542627
60 0.498925 0.444124 0.963548 0.542627
20 0.500484 0.44182 0.96043 0.544931
54 0.498925 0.444124 0.963548 0.542627
33 0.498925 0.444124 0.963548 0.542627
31 0.500484 0.44182 0.96043 0.544931
69 0.499704 0.444412 0.958871 0.542051
32 0.500094 0.447509 0.964328 0.53701
56 0.498925 0.446933 0.957312 0.538162
22 0.498145 0.441172 0.965107 0.548531
1 0.498925 0.446933 0.957312 0.538162
30 0.498925 0.446933 0.957312 0.538162
2 0.498925 0.446933 0.957312 0.538162
67 0.500094 0.447509 0.964328 0.53701
34 0.498145 0.441172 0.965107 0.548531
21 0.498925 0.446933 0.957312 0.538162
65 0.497366 0.449957 0.97914 0.528658
5 0.498145 0.441172 0.965107 0.548531
44 0.498145 0.441172 0.965107 0.548531
36 0.501263 0.44326 0.958871 0.543203
58 0.498925 0.444124 0.963548 0.542627
3 0.498925 0.446933 0.957312 0.538162
10 0.498925 0.444124 0.963548 0.542627
28 0.498145 0.441172 0.965107 0.548531
23 0.498145 0.441172 0.965107 0.548531
4 0.500094 0.447509 0.964328 0.53701
62 0.501263 0.44326 0.958871 0.543203
57 0.498145 0.441172 0.965107 0.548531
29 0.499704 0.444412 0.961989 0.542051
0 0.498925 0.444124 0.963548 0.542627
59 0.498925 0.446933 0.957312 0.538162
