4 0.509423 0.506322 0.959557 0.386207
22 0.505523 0.503448 0.97984 0.381609
57 0.505523 0.503448 0.97984 0.381609
62 0.48758 0.516092 0.973599 0.365517
60 0.505523 0.503448 0.97984 0.381609
72 0.497331 0.512644 0.983741 0.375862
2 0.48992 0.499425 0.967358 0.389655
10 0.510203 0.506322 0.951756 0.385058
57 0.691193 0.502299 0.600698 0.385057
22 0.231308 0.517241 0.456375 0.363218
41 0.497331 0.512644 0.983741 0.375862
46 0.468857 0.518391 0.934593 0.368966
31 0.48953 0.513793 0.9775 0.35977
66 0.48953 0.513793 0.9775 0.35977
39 0.571833 0.501724 0.836297 0.386207
35 0.510203 0.505172 0.951756 0.381609
41 0.215315 0.512644 0.424389 0.36092
67 0.505523 0.503448 0.97984 0.381609
20 0.48758 0.516092 0.973599 0.365517
22 0.653747 0.501149 0.67403 0.387356
2 0.325313 0.518678 0.642045 0.367241
1 0.497331 0.512644 0.983741 0.375862
57 0.325313 0.518678 0.642045 0.367241
49 0.423999 0.517529 0.843318 0.364943
22 0.325313 0.518678 0.642045 0.367241
72 0.231308 0.517241 0.456375 0.363218
52 0.510203 0.505172 0.951756 0.381609
5 0.215315 0.512644 0.424389 0.36092
40 0.582365 0.502299 0.818354 0.382759
8 0.571833 0.501724 0.836297 0.386207
46 0.653747 0.501149 0.67403 0.387356
49 0.215315 0.512644 0.424389 0.36092
60 0.325313 0.518678 0.642045 0.367241
67 0.691193 0.502299 0.600698 0.385057
4 0.653747 0.501149 0.67403 0.387356
32 0.510203 0.506322 0.951756 0.385058
34 0.510203 0.505172 0.951756 0.381609
66 0.231308 0.517241 0.456375 0.363218
3 0.505523 0.503448 0.97984 0.381609
36 0.519503 0.502012 0.960994 0.39023
49 0.653747 0.501149 0.67403 0.387356
7 0.417368 0.51954 0.825375 0.367816
1 0.325313 0.518678 0.642045 0.367241
70 0.383043 0.514943 0.756724 0.364368
72 0.325313 0.518678 0.642045 0.367241
37 0.325313 0.518678 0.642045 0.367241
4 0.231308 0.517241 0.456375 0.363218
62 0.231308 0.517241 0.456375 0.363218
57 0.231308 0.517241 0.456375 0.363218
38 0.571833 0.501724 0.836297 0.386207
69 0.516383 0.499425 0.967235 0.386207
70 0.466516 0.462069 0.926792 0.463218
4 0.325313 0.518678 0.642045 0.367241
37 0.48953 0.513793 0.9775 0.35977
68 0.423999 0.517529 0.843318 0.364943
44 0.510203 0.506322 0.951756 0.385058
65 0.510203 0.505172 0.951756 0.381609
5 0.468857 0.518391 0.934593 0.368966
71 0.519503 0.502012 0.960994 0.39023
44 0.653747 0.501149 0.67403 0.387356
59 0.493041 0.486782 0.967358 0.421839
2 0.691193 0.502299 0.600698 0.385057
7 0.231308 0.517241 0.456375 0.363218
26 0.493041 0.486782 0.967358 0.421839
60 0.231308 0.517241 0.456375 0.363218
14 0.215315 0.512644 0.424389 0.36092
56 0.519503 0.502012 0.960994 0.39023
33 0.468857 0.518391 0.934593 0.368966
28 0.510984 0.506897 0.961117 0.378161
2 0.500062 0.495402 0.972039 0.395402
4 0.493821 0.494828 0.934593 0.395402
57 0.500062 0.495402 0.972039 0.395402
10 0.493041 0.49023 0.939274 0.408046
52 0.493821 0.494828 0.934593 0.395402
3 0.495771 0.494253 0.9775 0.393103
69 0.493821 0.494828 0.934593 0.395402
22 0.500062 0.495402 0.972039 0.395402
60 0.500062 0.495402 0.972039 0.395402
58 0.498111 0.490517 0.974379 0.402874
7 0.493821 0.494828 0.934593 0.395402
44 0.493821 0.494828 0.934593 0.395402
49 0.493821 0.494828 0.934593 0.395402
34 0.493821 0.494828 0.934593 0.395402
68 0.493041 0.49023 0.939274 0.408046
67 0.500062 0.495402 0.972039 0.395402
56 0.493041 0.49023 0.939274 0.408046
62 0.500062 0.495402 0.972039 0.395402
59 0.497721 0.49569 0.975159 0.398276
4 0.91587 0.512069 0.149785 0.193103
35 0.493821 0.494828 0.934593 0.395402
66 0.500062 0.495402 0.972039 0.395402
39 0.502792 0.496552 0.966578 0.391954
45 0.502792 0.496552 0.966578 0.391954
8 0.502792 0.496552 0.966578 0.391954
37 0.498111 0.490517 0.974379 0.402874
4 0.228187 0.48592 0.456375 0.20977
41 0.501622 0.482759 0.970479 0.418391
20 0.493041 0.49023 0.939274 0.408046
72 0.498111 0.490517 0.974379 0.402874
65 0.493821 0.494828 0.934593 0.395402
71 0.502792 0.496552 0.966578 0.391954
23 0.495771 0.494253 0.9775 0.393103
28 0.502792 0.496552 0.966578 0.391954
36 0.493821 0.494828 0.934593 0.395402
1 0.501622 0.482759 0.970479 0.418391
15 0.493821 0.494828 0.934593 0.395402
33 0.500062 0.495402 0.972039 0.395402
31 0.493821 0.494828 0.934593 0.395402
4 0.493821 0.491954 0.959557 0.406897
2 0.493821 0.491954 0.959557 0.406897
52 0.493821 0.491954 0.959557 0.406897
3 0.49109 0.478161 0.974379 0.431034
58 0.49109 0.478161 0.974379 0.431034
69 0.493821 0.491954 0.959557 0.406897
34 0.49109 0.478161 0.974379 0.431034
57 0.493821 0.491954 0.959557 0.406897
68 0.49031 0.482184 0.963458 0.422988
7 0.49109 0.478161 0.974379 0.431034
5 0.49148 0.485345 0.972039 0.418966
22 0.49109 0.478161 0.974379 0.431034
60 0.496941 0.492529 0.950195 0.408046
23 0.49148 0.485345 0.972039 0.418966
10 0.49109 0.478161 0.974379 0.431034
58 0.399523 0.514368 0.792415 0.352874
28 0.49148 0.485345 0.972039 0.418966
59 0.49148 0.467529 0.97672 0.451149
1 0.49148 0.467529 0.97672 0.451149
8 0.496941 0.492529 0.950195 0.408046
39 0.496941 0.492529 0.950195 0.408046
56 0.496941 0.492529 0.950195 0.408046
49 0.493821 0.491954 0.959557 0.406897
32 0.49148 0.485345 0.972039 0.418966
6 0.49031 0.482184 0.963458 0.422988
3 0.399523 0.514368 0.792415 0.352874
45 0.496941 0.492529 0.950195 0.408046
44 0.493821 0.491954 0.959557 0.406897
21 0.496941 0.492529 0.950195 0.408046
67 0.493821 0.491954 0.959557 0.406897
37 0.493821 0.491954 0.959557 0.406897
31 0.493821 0.491954 0.959557 0.406897
0 0.500062 0.494828 0.973599 0.402299
62 0.500062 0.494828 0.973599 0.402299
66 0.500062 0.494828 0.973599 0.402299
29 0.49148 0.467529 0.97672 0.451149
4 0.499282 0.497989 0.990762 0.392529
52 0.499282 0.497989 0.990762 0.392529
2 0.503572 0.499713 0.983741 0.39023
34 0.496941 0.499425 0.990762 0.388506
3 0.496941 0.499425 0.990762 0.388506
7 0.499282 0.497989 0.990762 0.392529
69 0.499282 0.497989 0.990762 0.392529
23 0.496161 0.499138 0.987641 0.38908
57 0.496161 0.499138 0.987641 0.38908
58 0.496941 0.499425 0.990762 0.388506
68 0.498892 0.493103 0.989982 0.404598
60 0.499282 0.497989 0.990762 0.392529
22 0.496941 0.499425 0.990762 0.388506
5 0.496161 0.499138 0.987641 0.38908
10 0.498892 0.493103 0.989982 0.404598
59 0.498892 0.493103 0.989982 0.404598
28 0.496161 0.499138 0.987641 0.38908
56 0.498502 0.497414 0.984521 0.392529
32 0.498502 0.497414 0.984521 0.392529
0 0.503572 0.499713 0.983741 0.39023
44 0.498502 0.497414 0.984521 0.392529
67 0.499282 0.497989 0.990762 0.392529
1 0.498892 0.493103 0.989982 0.404598
31 0.499282 0.497989 0.990762 0.392529
39 0.498502 0.497414 0.984521 0.392529
6 0.500062 0.500575 0.990762 0.388506
8 0.498502 0.497414 0.984521 0.392529
45 0.498502 0.497414 0.984521 0.392529
35 0.499282 0.497989 0.990762 0.392529
66 0.503572 0.499713 0.983741 0.39023
21 0.498502 0.497414 0.984521 0.392529
62 0.499282 0.497989 0.990762 0.392529
29 0.498892 0.493103 0.989982 0.404598
65 0.499282 0.497989 0.990762 0.392529
36 0.499282 0.497989 0.990762 0.392529
20 0.500062 0.500575 0.990762 0.388506
49 0.496941 0.499425 0.990762 0.388506
54 0.503572 0.499713 0.983741 0.39023
4 0.508253 0.509195 0.968138 0.387356
52 0.508253 0.509195 0.968138 0.387356
2 0.507863 0.506897 0.968918 0.381609
3 0.497331 0.512069 0.983741 0.37931
7 0.508253 0.509195 0.968138 0.387356
5 0.497721 0.508621 0.982961 0.374713
57 0.497331 0.512069 0.983741 0.37931
28 0.497721 0.508621 0.982961 0.374713
23 0.497721 0.508621 0.982961 0.374713
22 0.507863 0.506897 0.968918 0.381609
58 0.497331 0.512069 0.983741 0.37931
10 0.497721 0.508621 0.982961 0.374713
69 0.508253 0.509195 0.968138 0.387356
32 0.497721 0.508621 0.982961 0.374713
34 0.497331 0.512069 0.983741 0.37931
1 0.49148 0.512931 0.97672 0.37069
60 0.507863 0.506897 0.968918 0.381609
56 0.507863 0.506897 0.968918 0.381609
68 0.497331 0.512069 0.983741 0.37931
0 0.507083 0.506034 0.97828 0.392529
59 0.496941 0.517529 0.9814 0.376437
45 0.507863 0.506897 0.968918 0.381609
66 0.507863 0.506897 0.968918 0.381609
44 0.508253 0.509195 0.968138 0.387356
39 0.507863 0.506897 0.968918 0.381609
6 0.508253 0.509195 0.968138 0.387356
65 0.508253 0.509195 0.968138 0.387356
8 0.507863 0.506897 0.968918 0.381609
67 0.508253 0.509195 0.968138 0.387356
54 0.508253 0.509195 0.968138 0.387356
20 0.507863 0.506897 0.968918 0.381609
62 0.508253 0.509195 0.968138 0.387356
21 0.507863 0.506897 0.968918 0.381609
29 0.508253 0.509195 0.968138 0.387356
31 0.508253 0.509195 0.968138 0.387356
36 0.508253 0.509195 0.968138 0.387356
35 0.508253 0.509195 0.968138 0.387356
49 0.508253 0.509195 0.968138 0.387356
4 0.506693 0.496264 0.9775 0.395977
3 0.506693 0.496264 0.9775 0.395977
52 0.506693 0.496264 0.9775 0.395977
58 0.506693 0.496264 0.9775 0.395977
59 0.506303 0.491092 0.97672 0.399425
23 0.506693 0.496264 0.9775 0.395977
32 0.506693 0.496264 0.9775 0.395977
1 0.506303 0.491092 0.97672 0.399425
68 0.506303 0.491092 0.97672 0.399425
10 0.498501 0.492816 0.990762 0.399425
2 0.506693 0.496264 0.9775 0.395977
57 0.506693 0.496264 0.9775 0.395977
34 0.498501 0.492816 0.990762 0.399425
7 0.506693 0.496264 0.9775 0.395977
69 0.506693 0.496264 0.9775 0.395977
22 0.506693 0.496264 0.9775 0.395977
28 0.498501 0.492816 0.990762 0.399425
5 0.498501 0.492816 0.990762 0.399425
56 0.506693 0.496264 0.9775 0.395977
0 0.505523 0.497701 0.9814 0.397701
60 0.507083 0.497701 0.972039 0.394253
6 0.506303 0.491092 0.97672 0.399425
67 0.506303 0.491092 0.97672 0.399425
31 0.506303 0.491092 0.97672 0.399425
8 0.506693 0.496264 0.9775 0.395977
39 0.507083 0.497701 0.972039 0.394253
36 0.506693 0.496264 0.9775 0.395977
29 0.499282 0.485057 0.989202 0.408046
45 0.507083 0.497701 0.972039 0.394253
44 0.506693 0.496264 0.9775 0.395977
21 0.506693 0.496264 0.9775 0.395977
49 0.506693 0.496264 0.9775 0.395977
4 0.509033 0.503736 0.972819 0.38908
2 0.509033 0.503736 0.972819 0.38908
52 0.509033 0.503736 0.972819 0.38908
3 0.509033 0.503736 0.972819 0.38908
5 0.509423 0.506322 0.967358 0.381609
1 0.507863 0.500575 0.970479 0.395402
0 0.507083 0.504023 0.97828 0.388506
57 0.509033 0.503736 0.972819 0.38908
7 0.509033 0.503736 0.972819 0.38908
22 0.509033 0.503736 0.972819 0.38908
23 0.509423 0.506322 0.967358 0.381609
69 0.509033 0.503736 0.972819 0.38908
32 0.509033 0.503736 0.972819 0.38908
56 0.509033 0.503736 0.972819 0.38908
58 0.509033 0.503736 0.972819 0.38908
28 0.509423 0.506322 0.967358 0.381609
68 0.509033 0.503736 0.972819 0.38908
60 0.509033 0.503736 0.972819 0.38908
34 0.509033 0.503736 0.972819 0.38908
10 0.509033 0.503736 0.972819 0.38908
45 0.509423 0.506322 0.967358 0.381609
39 0.509423 0.506322 0.967358 0.381609
59 0.507863 0.500575 0.970479 0.395402
6 0.507863 0.500575 0.970479 0.395402
65 0.507083 0.504023 0.97828 0.388506
66 0.509423 0.506322 0.967358 0.381609
8 0.509423 0.506322 0.967358 0.381609
44 0.509423 0.506322 0.967358 0.381609
36 0.509033 0.503736 0.972819 0.38908
21 0.509033 0.503736 0.972819 0.38908
31 0.509033 0.503736 0.972819 0.38908
20 0.509423 0.506322 0.967358 0.381609
29 0.507083 0.504023 0.97828 0.388506
35 0.509033 0.503736 0.972819 0.38908
62 0.509033 0.503736 0.972819 0.38908
67 0.509033 0.503736 0.972819 0.38908
54 0.509033 0.503736 0.972819 0.38908
4 0.507083 0.507184 0.967358 0.383333
3 0.507083 0.507184 0.967358 0.383333
2 0.509423 0.506897 0.962677 0.383908
52 0.507083 0.504885 0.97984 0.39023
57 0.507083 0.507184 0.967358 0.383333
23 0.507083 0.507184 0.967358 0.383333
0 0.507083 0.504885 0.97984 0.39023
22 0.507083 0.507184 0.967358 0.383333
7 0.507083 0.507184 0.967358 0.383333
5 0.509423 0.506897 0.962677 0.383908
32 0.507083 0.507184 0.967358 0.383333
58 0.507083 0.507184 0.967358 0.383333
1 0.507083 0.507184 0.967358 0.383333
39 0.509423 0.506897 0.962677 0.383908
56 0.507083 0.507184 0.967358 0.383333
60 0.507083 0.504885 0.97984 0.39023
59 0.507083 0.508621 0.964238 0.378161
10 0.507083 0.507184 0.967358 0.383333
68 0.507083 0.507184 0.967358 0.383333
34 0.507083 0.507184 0.967358 0.383333
21 0.508643 0.504023 0.97672 0.389655
45 0.509423 0.506897 0.962677 0.383908
69 0.507083 0.504885 0.97984 0.39023
28 0.509423 0.506897 0.962677 0.383908
6 0.507083 0.507184 0.967358 0.383333
29 0.507083 0.504885 0.97984 0.39023
44 0.509423 0.506897 0.962677 0.383908
31 0.507083 0.507184 0.967358 0.383333
65 0.507083 0.504885 0.97984 0.39023
35 0.508643 0.504023 0.97672 0.389655
67 0.507083 0.507184 0.967358 0.383333
8 0.507083 0.504885 0.97984 0.39023
36 0.507083 0.507184 0.967358 0.383333
66 0.509423 0.506897 0.962677 0.383908
54 0.507083 0.504885 0.97984 0.39023
62 0.509423 0.506897 0.962677 0.383908
20 0.509423 0.506897 0.962677 0.383908
4 0.511764 0.505747 0.968918 0.37931
3 0.511764 0.505747 0.968918 0.37931
2 0.510593 0.508621 0.968138 0.37931
0 0.507083 0.503448 0.97984 0.387356
52 0.507083 0.503448 0.97984 0.387356
57 0.511764 0.505747 0.968918 0.37931
32 0.511764 0.505747 0.968918 0.37931
23 0.511764 0.505747 0.968918 0.37931
1 0.511764 0.505747 0.968918 0.37931
5 0.510593 0.508621 0.968138 0.37931
22 0.511764 0.505747 0.968918 0.37931
56 0.511764 0.505747 0.968918 0.37931
10 0.511764 0.505747 0.968918 0.37931
39 0.510593 0.508621 0.968138 0.37931
28 0.507083 0.503448 0.97984 0.387356
58 0.511764 0.505747 0.968918 0.37931
59 0.510203 0.505172 0.970479 0.382759
34 0.507083 0.503448 0.97984 0.387356
7 0.511764 0.505747 0.968918 0.37931
60 0.507083 0.503448 0.97984 0.387356
69 0.507083 0.503448 0.97984 0.387356
68 0.511764 0.505747 0.968918 0.37931
45 0.511764 0.505747 0.968918 0.37931
6 0.510203 0.505172 0.970479 0.382759
44 0.510593 0.508621 0.968138 0.37931
29 0.507083 0.503448 0.97984 0.387356
21 0.507083 0.506034 0.97828 0.38908
54 0.507083 0.503448 0.97984 0.387356
8 0.510593 0.508621 0.968138 0.37931
31 0.510203 0.505172 0.970479 0.382759
66 0.510593 0.508621 0.968138 0.37931
65 0.507083 0.503448 0.97984 0.387356
35 0.510593 0.508621 0.968138 0.37931
67 0.507083 0.503448 0.97984 0.387356
36 0.510593 0.508621 0.968138 0.37931
62 0.515212 0.502012 0.969575 0.38908
61 0.507083 0.506034 0.97828 0.38908
20 0.510593 0.508621 0.968138 0.37931
2 0.507863 0.502011 0.964238 0.386782
3 0.507473 0.505172 0.966578 0.381609
4 0.508253 0.501724 0.965018 0.382759
32 0.497331 0.506609 0.982181 0.36954
58 0.508253 0.501724 0.965018 0.382759
0 0.507083 0.5 0.973599 0.388506
23 0.497331 0.506609 0.982181 0.36954
57 0.507863 0.502011 0.964238 0.386782
1 0.508253 0.501724 0.965018 0.382759
59 0.507473 0.505172 0.966578 0.381609
7 0.498501 0.508046 0.97828 0.375862
56 0.508253 0.501724 0.965018 0.382759
60 0.507863 0.502011 0.964238 0.386782
22 0.507863 0.502011 0.964238 0.386782
68 0.507473 0.505172 0.966578 0.381609
39 0.507863 0.502011 0.964238 0.386782
52 0.508253 0.501724 0.965018 0.382759
6 0.507473 0.505172 0.966578 0.381609
5 0.507863 0.502011 0.964238 0.386782
69 0.507863 0.502011 0.964238 0.386782
10 0.507473 0.505172 0.966578 0.381609
28 0.497331 0.506609 0.982181 0.36954
31 0.498501 0.508046 0.97828 0.375862
34 0.497331 0.506609 0.982181 0.36954
36 0.507863 0.502011 0.964238 0.386782
29 0.48992 0.51092 0.972039 0.35977
67 0.48992 0.51092 0.972039 0.35977
35 0.507863 0.502011 0.964238 0.386782
45 0.507863 0.502011 0.964238 0.386782
44 0.494991 0.506897 0.982181 0.372414
8 0.507863 0.502011 0.964238 0.386782
21 0.507863 0.502011 0.964238 0.386782
54 0.508253 0.501724 0.965018 0.382759
66 0.507863 0.502011 0.964238 0.386782
4 0.510203 0.50431 0.97672 0.392529
3 0.510203 0.50431 0.97672 0.392529
2 0.510203 0.504885 0.973599 0.38908
57 0.510203 0.50431 0.97672 0.392529
1 0.510203 0.50431 0.97672 0.392529
5 0.510203 0.504885 0.973599 0.38908
22 0.510203 0.504885 0.973599 0.38908
7 0.498502 0.508046 0.993882 0.381609
32 0.510203 0.50431 0.97672 0.392529
56 0.510203 0.504885 0.973599 0.38908
39 0.510203 0.504885 0.973599 0.38908
23 0.510203 0.504885 0.973599 0.38908
0 0.507083 0.502299 0.982961 0.396552
58 0.510203 0.50431 0.97672 0.392529
45 0.510203 0.50431 0.97672 0.392529
60 0.497721 0.508333 0.990762 0.379885
21 0.498502 0.508046 0.993882 0.381609
28 0.510203 0.504885 0.973599 0.38908
35 0.497721 0.508333 0.990762 0.379885
6 0.510203 0.50431 0.97672 0.392529
69 0.510203 0.504885 0.973599 0.38908
66 0.510203 0.504885 0.973599 0.38908
59 0.509813 0.501149 0.9775 0.386207
52 0.510203 0.50431 0.97672 0.392529
10 0.510203 0.50431 0.97672 0.392529
31 0.510203 0.50431 0.97672 0.392529
44 0.510203 0.504885 0.973599 0.38908
36 0.510203 0.504885 0.973599 0.38908
34 0.510203 0.504885 0.973599 0.38908
29 0.507083 0.502299 0.982961 0.396552
68 0.507083 0.502299 0.982961 0.396552
8 0.510203 0.504885 0.973599 0.38908
67 0.48953 0.513793 0.9775 0.367816
62 0.497721 0.508333 0.990762 0.379885
20 0.510203 0.504885 0.973599 0.38908
4 0.499282 0.505172 0.992322 0.378161
23 0.509423 0.502299 0.97828 0.386207
3 0.509423 0.502299 0.97828 0.386207
0 0.506693 0.500575 0.983741 0.389655
22 0.511764 0.503448 0.973599 0.385058
2 0.511764 0.503448 0.973599 0.385058
57 0.509423 0.502299 0.97828 0.386207
32 0.509423 0.502299 0.97828 0.386207
56 0.511764 0.503448 0.973599 0.385058
52 0.509423 0.502299 0.97828 0.386207
28 0.506693 0.500575 0.983741 0.389655
60 0.511764 0.503448 0.973599 0.385058
1 0.509423 0.502299 0.97828 0.386207
58 0.508643 0.505747 0.97828 0.381609
59 0.509423 0.502299 0.97828 0.386207
39 0.511764 0.503448 0.973599 0.385058
10 0.509423 0.502299 0.97828 0.386207
5 0.509423 0.502299 0.97828 0.386207
69 0.511764 0.503448 0.973599 0.385058
34 0.506693 0.500575 0.983741 0.389655
21 0.511764 0.503448 0.973599 0.385058
45 0.509423 0.502299 0.97828 0.386207
7 0.511764 0.503448 0.973599 0.385058
31 0.508643 0.505747 0.97828 0.381609
29 0.506693 0.500575 0.983741 0.389655
68 0.508643 0.505747 0.97828 0.381609
67 0.511764 0.503448 0.973599 0.385058
6 0.499282 0.505172 0.992322 0.378161
44 0.511764 0.503448 0.973599 0.385058
35 0.511764 0.503448 0.973599 0.385058
36 0.511764 0.503448 0.973599 0.385058
65 0.506693 0.500575 0.983741 0.389655
62 0.511764 0.503448 0.973599 0.385058
8 0.506303 0.502299 0.982961 0.388506
3 0.508253 0.509195 0.98062 0.38046
4 0.508253 0.509195 0.98062 0.38046
2 0.509813 0.508046 0.9775 0.383908
1 0.507083 0.503161 0.984521 0.398276
0 0.507083 0.503161 0.984521 0.398276
59 0.508253 0.509195 0.98062 0.38046
58 0.508253 0.506322 0.98062 0.391954
57 0.508253 0.509195 0.98062 0.38046
32 0.509813 0.508046 0.9775 0.383908
68 0.507083 0.503161 0.984521 0.398276
23 0.508253 0.506322 0.98062 0.391954
5 0.517553 0.502299 0.964894 0.397701
7 0.508253 0.507184 0.982181 0.386782
56 0.507083 0.503161 0.984521 0.398276
28 0.506693 0.505172 0.983741 0.389655
52 0.507083 0.503161 0.984521 0.398276
22 0.509813 0.508046 0.9775 0.383908
10 0.508253 0.507184 0.982181 0.386782
60 0.509813 0.508046 0.9775 0.383908
69 0.509813 0.508046 0.9775 0.383908
6 0.508253 0.509195 0.98062 0.38046
34 0.506693 0.505172 0.983741 0.389655
31 0.508253 0.509195 0.98062 0.38046
29 0.507083 0.503161 0.984521 0.398276
21 0.508253 0.509195 0.98062 0.38046
39 0.509813 0.508046 0.9775 0.383908
54 0.506693 0.505172 0.983741 0.389655
45 0.508253 0.509195 0.98062 0.38046
3 0.510984 0.502299 0.975159 0.377012
4 0.510984 0.502299 0.975159 0.377012
1 0.503182 0.503736 0.987642 0.383333
0 0.507863 0.498276 0.9814 0.394253
23 0.511764 0.501149 0.973599 0.389655
58 0.502792 0.50431 0.988422 0.379885
57 0.510984 0.502299 0.975159 0.377012
2 0.511764 0.501149 0.973599 0.389655
5 0.510984 0.502299 0.975159 0.377012
56 0.510984 0.502299 0.975159 0.377012
32 0.511764 0.501149 0.973599 0.389655
59 0.510984 0.502299 0.975159 0.377012
68 0.510984 0.502299 0.975159 0.377012
22 0.511764 0.501149 0.973599 0.389655
28 0.503182 0.503736 0.987642 0.383333
7 0.510984 0.502299 0.975159 0.377012
69 0.511764 0.501149 0.973599 0.389655
10 0.510984 0.502299 0.975159 0.377012
52 0.510984 0.502299 0.975159 0.377012
60 0.511764 0.501149 0.973599 0.389655
6 0.510984 0.502299 0.975159 0.377012
39 0.511764 0.501149 0.973599 0.389655
34 0.507863 0.498851 0.9814 0.395402
21 0.496161 0.509483 0.972039 0.366092
54 0.507863 0.498276 0.9814 0.394253
29 0.507863 0.498276 0.9814 0.394253
31 0.510984 0.502299 0.975159 0.377012
