22 0.491533 0.402508 0.831704 0.301414
57 0.497774 0.400222 0.81454 0.303769
4 0.501285 0.411863 0.801276 0.282705
72 0.497774 0.400222 0.81454 0.303769
60 0.503236 0.412971 0.789573 0.27827
39 0.489582 0.401885 0.840287 0.300443
62 0.491533 0.402508 0.831704 0.301414
41 0.495044 0.401261 0.818441 0.302799
49 0.489582 0.401885 0.840287 0.300443
10 0.530933 0.400776 0.846529 0.304878
52 0.509087 0.398836 0.796595 0.306541
2 0.491533 0.402508 0.831704 0.301414
46 0.491533 0.402508 0.831704 0.301414
58 0.530933 0.400776 0.846529 0.304878
3 0.531714 0.400707 0.843408 0.307234
35 0.495044 0.401261 0.818441 0.302799
44 0.497774 0.400222 0.81454 0.303769
1 0.531714 0.400707 0.843408 0.307234
4 0.501675 0.400222 0.800496 0.299335
2 0.499432 0.394748 0.79562 0.308065
52 0.499432 0.394748 0.79562 0.308065
3 0.501285 0.408537 0.791914 0.274945
69 0.513281 0.394678 0.79601 0.305987
57 0.501675 0.400222 0.800496 0.299335
58 0.501285 0.408537 0.791914 0.274945
10 0.500115 0.392461 0.800496 0.308204
22 0.501675 0.400222 0.800496 0.299335
7 0.501675 0.400222 0.800496 0.299335
60 0.504016 0.395233 0.811419 0.302661
34 0.499432 0.394748 0.79562 0.308065
49 0.499432 0.394748 0.79562 0.308065
59 0.500115 0.392461 0.800496 0.308204
56 0.513281 0.394678 0.79601 0.305987
67 0.504406 0.39939 0.801276 0.296563
8 0.513281 0.394678 0.79601 0.305987
44 0.501675 0.400222 0.800496 0.299335
35 0.513281 0.394678 0.79601 0.305987
37 0.497092 0.406874 0.79562 0.283814
23 0.514549 0.39551 0.804397 0.298781
39 0.507137 0.397727 0.817661 0.310976
1 0.498945 0.407705 0.782551 0.275499
21 0.513281 0.394678 0.79601 0.305987
45 0.509087 0.401053 0.791914 0.30765
62 0.504016 0.395233 0.811419 0.302661
15 0.499432 0.394748 0.79562 0.308065
71 0.505576 0.401053 0.805177 0.306541
0 0.504016 0.395233 0.811419 0.302661
41 0.501675 0.400222 0.800496 0.299335
68 0.500115 0.392461 0.800496 0.308204
72 0.513281 0.394678 0.79601 0.305987
32 0.513281 0.394678 0.79601 0.305987
28 0.498945 0.405765 0.796595 0.289357
20 0.504406 0.39939 0.801276 0.296563
6 0.514549 0.39551 0.804397 0.298781
36 0.497774 0.39939 0.792694 0.310976
4 0.499335 0.393847 0.791134 0.299889
3 0.495824 0.383869 0.774749 0.322062
58 0.498165 0.408259 0.782551 0.273282
52 0.499335 0.393847 0.791134 0.299889
2 0.499335 0.393847 0.791134 0.299889
68 0.501578 0.395233 0.794449 0.2949
7 0.498164 0.378049 0.77943 0.333703
34 0.498164 0.378049 0.77943 0.333703
22 0.498164 0.378049 0.77943 0.333703
10 0.495824 0.383869 0.774749 0.322062
69 0.498164 0.378049 0.77943 0.333703
59 0.501578 0.395233 0.794449 0.2949
57 0.499335 0.393847 0.791134 0.299889
1 0.500115 0.403548 0.788013 0.279379
23 0.503138 0.370773 0.788208 0.347145
39 0.503138 0.370773 0.788208 0.347145
28 0.499725 0.373545 0.782551 0.341602
5 0.495824 0.383869 0.774749 0.322062
60 0.507137 0.392738 0.802057 0.300998
29 0.501578 0.395233 0.794449 0.2949
49 0.498164 0.378049 0.77943 0.333703
6 0.502456 0.390798 0.817661 0.296009
67 0.501578 0.395233 0.794449 0.2949
56 0.507137 0.392738 0.802057 0.300998
44 0.498164 0.378049 0.77943 0.333703
45 0.508307 0.390244 0.796595 0.297118
32 0.499335 0.393847 0.791134 0.299889
31 0.501578 0.395233 0.794449 0.2949
8 0.508307 0.390244 0.796595 0.297118
66 0.498164 0.378049 0.77943 0.333703
21 0.507137 0.392738 0.802057 0.300998
20 0.501578 0.395233 0.794449 0.2949
62 0.499335 0.391353 0.798936 0.297118
0 0.507137 0.392738 0.802057 0.300998
35 0.507137 0.392738 0.802057 0.300998
36 0.500213 0.390244 0.792499 0.303769
41 0.501578 0.395233 0.794449 0.2949
71 0.496214 0.396896 0.819221 0.300443
37 0.499335 0.393847 0.791134 0.299889
65 0.499335 0.393847 0.791134 0.299889
