22 0.499219 0.507812 0.973437 0.388021
2 0.500781 0.5 0.960938 0.394531
62 0.496094 0.505208 0.953125 0.390625
72 0.499219 0.507812 0.973437 0.388021
4 0.496094 0.505208 0.953125 0.390625
57 0.500781 0.5 0.960938 0.394531
41 0.496094 0.505208 0.953125 0.390625
49 0.503906 0.508464 0.971875 0.385417
60 0.483594 0.508138 0.929688 0.389974
22 0.333203 0.505534 0.628125 0.392578
32 0.500781 0.5 0.960938 0.394531
10 0.503906 0.508464 0.971875 0.385417
67 0.500781 0.5 0.960938 0.394531
3 0.483594 0.508138 0.929688 0.389974
40 0.500781 0.5 0.960938 0.394531
70 0.503906 0.508464 0.971875 0.385417
46 0.492969 0.507812 0.960938 0.385417
35 0.500781 0.5 0.960938 0.394531
20 0.499219 0.507812 0.973437 0.388021
4 0.341602 0.507812 0.644922 0.393229
37 0.490625 0.507812 0.94375 0.391927
44 0.496094 0.505208 0.953125 0.390625
41 0.333203 0.505534 0.628125 0.392578
64 0.496094 0.505208 0.953125 0.390625
66 0.496094 0.505208 0.953125 0.390625
39 0.494922 0.50293 0.946094 0.388672
65 0.499219 0.507812 0.973437 0.388021
17 0.490625 0.507812 0.94375 0.391927
5 0.492969 0.507812 0.960938 0.385417
52 0.497656 0.5 0.935938 0.397135
7 0.483594 0.508138 0.929688 0.389974
69 0.492969 0.507812 0.960938 0.385417
71 0.497656 0.5 0.935938 0.397135
58 0.503906 0.508464 0.971875 0.385417
60 0.333203 0.505534 0.628125 0.392578
15 0.49375 0.508789 0.946875 0.391276
57 0.333203 0.505534 0.628125 0.392578
1 0.499219 0.507812 0.973437 0.388021
5 0.333203 0.505534 0.628125 0.392578
45 0.5 0.503255 0.946875 0.395833
4 0.492969 0.489583 0.945312 0.398438
2 0.492969 0.489583 0.945312 0.398438
57 0.492969 0.489583 0.945312 0.398438
69 0.497656 0.49349 0.939062 0.388021
52 0.497656 0.49349 0.939062 0.388021
3 0.503125 0.5 0.96875 0.382812
58 0.501562 0.497721 0.96875 0.383464
10 0.501562 0.497721 0.96875 0.383464
7 0.49375 0.49707 0.935938 0.386068
23 0.503125 0.489014 0.90625 0.412598
60 0.49375 0.49707 0.935938 0.386068
22 0.49375 0.49707 0.935938 0.386068
59 0.496094 0.498698 0.932813 0.386719
20 0.496094 0.498698 0.932813 0.386719
67 0.496094 0.498698 0.932813 0.386719
6 0.488281 0.491211 0.945312 0.402995
45 0.491406 0.49349 0.945312 0.395833
30 0.496094 0.498698 0.932813 0.386719
49 0.491406 0.49349 0.945312 0.395833
50 0.51875 0.483724 0.895312 0.424479
34 0.497656 0.49349 0.939062 0.388021
44 0.497656 0.49349 0.939062 0.388021
37 0.497656 0.49349 0.939062 0.388021
68 0.486719 0.460286 0.910937 0.470052
8 0.492969 0.489583 0.945312 0.398438
4 0.835938 0.554036 0.240625 0.265625
56 0.492969 0.489583 0.945312 0.398438
1 0.496094 0.498698 0.932813 0.386719
41 0.502344 0.501953 0.967188 0.384115
62 0.492969 0.489583 0.945312 0.398438
66 0.519531 0.441081 0.873438 0.513672
36 0.496094 0.498698 0.932813 0.386719
32 0.497656 0.49349 0.939062 0.388021
72 0.492969 0.489583 0.945312 0.398438
4 0.803906 0.541667 0.317187 0.303385
15 0.492969 0.489583 0.945312 0.398438
29 0.491406 0.501953 0.929688 0.384115
4 0.123242 0.434896 0.205859 0.269531
2 0.828906 0.535807 0.251563 0.303385
4 0.140137 0.470052 0.24043 0.309896
35 0.492969 0.489583 0.945312 0.398438
39 0.49375 0.49707 0.935938 0.386068
58 0.498047 0.498372 0.928906 0.391276
2 0.492188 0.503906 0.953125 0.389323
4 0.488281 0.495768 0.953125 0.395182
3 0.498047 0.498372 0.928906 0.391276
52 0.488281 0.495768 0.953125 0.395182
57 0.488281 0.495768 0.953125 0.395182
23 0.498047 0.498372 0.928906 0.391276
34 0.498047 0.498372 0.928906 0.391276
68 0.492969 0.501953 0.932813 0.390625
10 0.502344 0.501953 0.957812 0.388021
69 0.488281 0.495768 0.953125 0.395182
59 0.4875 0.500977 0.953125 0.388672
60 0.492188 0.503906 0.953125 0.389323
1 0.502344 0.501953 0.957812 0.388021
22 0.492188 0.503906 0.953125 0.389323
6 0.4875 0.500977 0.953125 0.388672
45 0.492188 0.503906 0.953125 0.389323
49 0.498047 0.498372 0.928906 0.391276
67 0.488281 0.495768 0.953125 0.395182
7 0.498047 0.498372 0.928906 0.391276
31 0.488281 0.495768 0.953125 0.395182
5 0.501172 0.503906 0.941406 0.388021
8 0.492188 0.503906 0.953125 0.389323
28 0.501562 0.502604 0.965625 0.393229
56 0.488281 0.495768 0.953125 0.395182
36 0.488281 0.495768 0.953125 0.395182
32 0.501172 0.503906 0.941406 0.388021
39 0.492188 0.503906 0.953125 0.389323
68 0.496484 0.426432 0.932031 0.554688
29 0.492969 0.501953 0.932813 0.390625
21 0.492188 0.503906 0.953125 0.389323
20 0.492969 0.501953 0.932813 0.390625
50 0.488281 0.495768 0.953125 0.395182
44 0.488281 0.495768 0.953125 0.395182
30 0.492969 0.501953 0.932813 0.390625
23 0.728906 0.529622 0.453125 0.369141
71 0.493359 0.496419 0.953906 0.408203
58 0.510156 0.423503 0.909375 0.555339
59 0.496484 0.426432 0.932031 0.554688
41 0.492969 0.501953 0.932813 0.390625
4 0.489844 0.500977 0.948438 0.388672
58 0.487109 0.503906 0.947656 0.382812
52 0.489844 0.500977 0.948438 0.388672
23 0.491406 0.504557 0.95 0.384115
68 0.487109 0.503906 0.947656 0.382812
3 0.487109 0.503906 0.947656 0.382812
34 0.487109 0.503906 0.947656 0.382812
57 0.489844 0.500977 0.948438 0.388672
67 0.489844 0.500977 0.948438 0.388672
69 0.489844 0.500977 0.948438 0.388672
2 0.489844 0.500977 0.948438 0.388672
59 0.485156 0.504232 0.945312 0.382161
60 0.489844 0.500977 0.948438 0.388672
10 0.487109 0.503906 0.947656 0.382812
31 0.489844 0.500977 0.948438 0.388672
5 0.491406 0.504557 0.95 0.384115
22 0.49375 0.501302 0.945312 0.391927
28 0.495703 0.505534 0.963281 0.384766
1 0.492969 0.50651 0.960938 0.377604
32 0.491406 0.504557 0.95 0.384115
6 0.489844 0.500977 0.948438 0.388672
7 0.487109 0.503906 0.947656 0.382812
8 0.489844 0.500977 0.948438 0.388672
29 0.489844 0.500977 0.948438 0.388672
56 0.491406 0.504557 0.95 0.384115
36 0.489844 0.500977 0.948438 0.388672
20 0.485156 0.504232 0.945312 0.382161
44 0.491406 0.504557 0.95 0.384115
30 0.485547 0.503255 0.949219 0.386719
45 0.49375 0.501302 0.945312 0.391927
62 0.489844 0.500977 0.948438 0.388672
0 0.489844 0.500977 0.948438 0.388672
35 0.489453 0.498698 0.949219 0.395833
49 0.487109 0.503906 0.947656 0.382812
66 0.491406 0.504557 0.95 0.384115
21 0.49375 0.501302 0.945312 0.391927
39 0.491406 0.504557 0.95 0.384115
65 0.489844 0.500977 0.948438 0.388672
