22 0.496626 0.444095 0.985457 0.523869
4 0.498186 0.446608 0.988575 0.521357
2 0.498186 0.446608 0.988575 0.521357
57 0.498186 0.446608 0.988575 0.521357
72 0.502084 0.446922 0.988575 0.519472
67 0.505592 0.450063 0.987796 0.524497
62 0.502084 0.446922 0.988575 0.519472
41 0.486101 0.446608 0.961288 0.522613
60 0.484932 0.444724 0.95739 0.523869
40 0.502084 0.446922 0.988575 0.519472
35 0.498186 0.446608 0.988575 0.521357
32 0.498965 0.448806 0.988575 0.524497
46 0.496626 0.444095 0.985457 0.523869
3 0.484932 0.444724 0.95739 0.523869
44 0.505592 0.450063 0.987796 0.524497
1 0.496626 0.444095 0.985457 0.523869
49 0.487661 0.448806 0.961288 0.524497
69 0.484932 0.444724 0.95739 0.523869
64 0.502084 0.446922 0.988575 0.519472
70 0.482203 0.450298 0.950373 0.524026
37 0.486101 0.446608 0.961288 0.522613
10 0.486101 0.446608 0.961288 0.522613
5 0.429968 0.44598 0.849021 0.5201
66 0.502084 0.446922 0.988575 0.519472
20 0.496626 0.444095 0.985457 0.523869
36 0.482203 0.450298 0.950373 0.524026
17 0.487661 0.448806 0.961288 0.524497
65 0.486101 0.446608 0.961288 0.522613
29 0.498186 0.446608 0.988575 0.521357
71 0.498965 0.448806 0.988575 0.524497
52 0.493508 0.447158 0.974542 0.521514
0 0.439323 0.448414 0.864613 0.524026
4 0.560556 0.527952 0.868512 0.354899
2 0.495847 0.443467 0.969864 0.5201
58 0.485712 0.447158 0.940238 0.517745
4 0.495847 0.443467 0.969864 0.5201
67 0.493898 0.44229 0.967525 0.526225
57 0.495847 0.443467 0.969864 0.5201
3 0.485712 0.447158 0.940238 0.517745
8 0.493898 0.44229 0.967525 0.526225
44 0.495847 0.443467 0.969864 0.5201
62 0.495847 0.443467 0.969864 0.5201
69 0.493898 0.44229 0.967525 0.526225
60 0.495847 0.443467 0.969864 0.5201
36 0.493898 0.44229 0.967525 0.526225
10 0.485712 0.447158 0.940238 0.517745
52 0.497406 0.439149 0.960508 0.532506
6 0.493898 0.44229 0.967525 0.526225
66 0.495847 0.443467 0.969864 0.5201
41 0.494677 0.443153 0.965966 0.520729
7 0.485712 0.447158 0.940238 0.517745
72 0.493898 0.44229 0.967525 0.526225
35 0.495847 0.443467 0.969864 0.5201
22 0.495847 0.443467 0.969864 0.5201
29 0.493898 0.44229 0.967525 0.526225
20 0.495847 0.443467 0.969864 0.5201
49 0.485712 0.447158 0.940238 0.517745
56 0.495847 0.443467 0.969864 0.5201
1 0.485712 0.447158 0.940238 0.517745
31 0.497406 0.439149 0.960508 0.532506
32 0.493898 0.44229 0.967525 0.526225
39 0.499745 0.442839 0.971423 0.522613
33 0.495847 0.443467 0.969864 0.5201
65 0.495847 0.443467 0.969864 0.5201
5 0.485712 0.447158 0.940238 0.517745
45 0.499745 0.442839 0.971423 0.522613
30 0.487271 0.446922 0.952712 0.534548
4 0.13322 0.58103 0.155342 0.145729
34 0.497406 0.46608 0.974542 0.494975
54 0.494288 0.443153 0.963627 0.523241
40 0.495847 0.443467 0.969864 0.5201
68 0.477915 0.451005 0.919967 0.530151
18 0.485712 0.444802 0.938679 0.519943
2 0.0361068 0.578832 0.0675357 0.152638
58 0.134487 0.568781 0.155927 0.170226
64 0.497406 0.439149 0.960508 0.532506
15 0.494677 0.443153 0.965966 0.520729
4 0.106712 0.571608 0.212255 0.165829
59 0.487271 0.446922 0.952712 0.534548
58 0.343039 0.449435 0.661909 0.513191
28 0.498965 0.443153 0.963627 0.519472
2 0.0261664 0.624215 0.0511634 0.0480527
50 0.512219 0.468593 0.962068 0.492462
4 0.153393 0.341394 0.244415 0.317839
26 0.493508 0.43962 0.965186 0.530308
23 0.494677 0.443153 0.965966 0.520729
71 0.497406 0.439149 0.960508 0.532506
17 0.498965 0.443153 0.963627 0.519472
2 0.129785 0.55559 0.162992 0.195352
70 0.487271 0.446922 0.952712 0.534548
46 0.499745 0.442839 0.971423 0.522613
2 0.492728 0.437186 0.960508 0.532663
58 0.501304 0.438992 0.971423 0.524026
4 0.492728 0.437186 0.960508 0.532663
10 0.501304 0.438992 0.971423 0.524026
52 0.492728 0.437186 0.960508 0.532663
23 0.501304 0.438992 0.971423 0.524026
57 0.492728 0.437186 0.960508 0.532663
3 0.501304 0.438992 0.971423 0.524026
5 0.501304 0.438992 0.971423 0.524026
6 0.498186 0.43962 0.972982 0.531564
22 0.492728 0.437186 0.960508 0.532663
60 0.492728 0.437186 0.960508 0.532663
69 0.500525 0.437893 0.972982 0.527481
44 0.500525 0.437893 0.972982 0.527481
68 0.499745 0.441269 0.968305 0.528266
67 0.498186 0.43962 0.972982 0.531564
39 0.505982 0.442525 0.980779 0.52701
1 0.499745 0.441269 0.968305 0.528266
56 0.500525 0.437893 0.972982 0.527481
29 0.499745 0.441269 0.968305 0.528266
34 0.501304 0.438992 0.971423 0.524026
8 0.505982 0.442525 0.980779 0.52701
36 0.500525 0.437893 0.972982 0.527481
45 0.495067 0.438756 0.965186 0.53706
31 0.492728 0.437186 0.960508 0.532663
28 0.506372 0.443153 0.975321 0.523241
62 0.498186 0.43962 0.972982 0.531564
32 0.505982 0.442525 0.980779 0.52701
7 0.500525 0.437893 0.972982 0.527481
35 0.492728 0.437186 0.960508 0.532663
54 0.499745 0.441269 0.968305 0.528266
59 0.48883 0.437186 0.962068 0.537688
20 0.498186 0.43962 0.972982 0.531564
65 0.498186 0.43962 0.972982 0.531564
66 0.500525 0.437893 0.972982 0.527481
41 0.499745 0.441269 0.968305 0.528266
33 0.505982 0.442525 0.980779 0.52701
30 0.498186 0.43962 0.972982 0.531564
49 0.501304 0.438992 0.971423 0.524026
21 0.495067 0.438756 0.965186 0.53706
61 0.505982 0.442525 0.980779 0.52701
72 0.498186 0.43962 0.972982 0.531564
23 0.14813 0.365264 0.260398 0.373116
2 0.0368255 0.577575 0.0643441 0.160176
4 0.496626 0.448492 0.958949 0.515075
2 0.496626 0.448492 0.958949 0.515075
52 0.496626 0.448492 0.958949 0.515075
23 0.505202 0.442133 0.976101 0.526539
57 0.505202 0.442133 0.976101 0.526539
3 0.497016 0.443781 0.964406 0.524497
10 0.497016 0.443781 0.964406 0.524497
5 0.497016 0.443781 0.964406 0.524497
22 0.498965 0.444645 0.972982 0.521514
60 0.496626 0.448492 0.958949 0.515075
69 0.498965 0.444645 0.972982 0.521514
31 0.498186 0.447236 0.974542 0.526382
7 0.498965 0.444645 0.972982 0.521514
68 0.493118 0.44755 0.959729 0.529523
58 0.497016 0.443781 0.964406 0.524497
67 0.498186 0.447236 0.974542 0.526382
28 0.497016 0.443781 0.964406 0.524497
29 0.498186 0.447236 0.974542 0.526382
34 0.497016 0.443781 0.964406 0.524497
6 0.498186 0.447236 0.974542 0.526382
44 0.498186 0.443389 0.955831 0.527795
66 0.498965 0.444645 0.972982 0.521514
1 0.493118 0.44755 0.959729 0.529523
32 0.505202 0.442133 0.976101 0.526539
39 0.498186 0.443389 0.955831 0.527795
62 0.496626 0.448492 0.958949 0.515075
56 0.498965 0.444645 0.972982 0.521514
8 0.498186 0.447236 0.974542 0.526382
20 0.498186 0.447236 0.974542 0.526382
36 0.498186 0.447236 0.974542 0.526382
54 0.493118 0.44755 0.959729 0.529523
65 0.496626 0.448492 0.958949 0.515075
35 0.496626 0.448492 0.958949 0.515075
45 0.498186 0.443389 0.955831 0.527795
30 0.498186 0.447236 0.974542 0.526382
0 0.496626 0.448492 0.958949 0.515075
59 0.496626 0.451005 0.958949 0.517588
21 0.498186 0.457836 0.971423 0.501413
61 0.500525 0.441269 0.965186 0.524497
41 0.493118 0.44755 0.959729 0.529523
33 0.505202 0.442133 0.976101 0.526539
