22 0.448571 0.530844 0.895581 0.515152
4 0.448571 0.530844 0.895581 0.515152
2 0.477435 0.535173 0.95175 0.504329
57 0.476265 0.531385 0.947849 0.501082
62 0.448571 0.530844 0.895581 0.515152
41 0.294496 0.531926 0.585872 0.517316
41 0.448571 0.530844 0.895581 0.515152
66 0.448571 0.530844 0.895581 0.515152
60 0.44701 0.531521 0.8909 0.504058
4 0.546086 0.409091 0.897141 0.78355
4 0.294496 0.531926 0.585872 0.517316
2 0.502009 0.412879 0.983735 0.752165
72 0.44701 0.534767 0.8909 0.510552
57 0.550767 0.413961 0.88934 0.812771
22 0.294496 0.531926 0.585872 0.517316
44 0.477435 0.535173 0.95175 0.504329
49 0.448571 0.530844 0.895581 0.515152
72 0.293131 0.535714 0.583922 0.511905
35 0.44701 0.534767 0.8909 0.510552
46 0.547646 0.406385 0.895581 0.78355
22 0.516441 0.415043 0.95175 0.745671
40 0.477435 0.535173 0.95175 0.504329
60 0.294496 0.531926 0.585872 0.517316
20 0.448571 0.530844 0.895581 0.515152
67 0.44701 0.531521 0.8909 0.504058
70 0.502009 0.412879 0.983735 0.752165
33 0.478995 0.53355 0.95487 0.507576
8 0.546086 0.409091 0.897141 0.78355
0 0.441549 0.53125 0.879978 0.517587
22 0.204587 0.532467 0.406834 0.504329
65 0.448571 0.530844 0.895581 0.515152
72 0.19386 0.533414 0.385381 0.502435
2 0.484066 0.530303 0.968132 0.508658
2 0.528923 0.393939 0.937707 0.787879
69 0.486406 0.528274 0.972813 0.523539
66 0.484066 0.530303 0.968132 0.508658
36 0.528923 0.393939 0.937707 0.787879
44 0.528923 0.393939 0.937707 0.787879
57 0.484066 0.530303 0.968132 0.508658
60 0.481726 0.533685 0.963451 0.501894
67 0.486406 0.528274 0.972813 0.523539
3 0.44467 0.534091 0.886219 0.503247
44 0.484066 0.530303 0.968132 0.508658
62 0.493038 0.518939 0.986075 0.532467
10 0.482116 0.531521 0.957991 0.517045
58 0.44467 0.534091 0.886219 0.503247
4 0.493038 0.518939 0.986075 0.532467
8 0.486406 0.528274 0.972813 0.523539
57 0.528923 0.393939 0.937707 0.787879
33 0.484066 0.530303 0.968132 0.508658
6 0.486406 0.528274 0.972813 0.523539
8 0.528923 0.393939 0.937707 0.787879
41 0.484066 0.530303 0.968132 0.508658
66 0.519562 0.397727 0.95175 0.786797
40 0.528923 0.393939 0.937707 0.787879
36 0.484066 0.530303 0.968132 0.508658
33 0.519562 0.397727 0.95175 0.786797
67 0.528923 0.404221 0.939268 0.780303
65 0.493038 0.518939 0.986075 0.532467
35 0.528923 0.404221 0.939268 0.780303
20 0.481726 0.533685 0.963451 0.501894
35 0.484066 0.530303 0.968132 0.508658
4 0.528923 0.404221 0.939268 0.780303
69 0.50825 0.404762 0.960331 0.767316
62 0.528923 0.393939 0.937707 0.787879
68 0.448571 0.532332 0.8909 0.513258
72 0.484066 0.530303 0.968132 0.508658
20 0.545306 0.394751 0.903382 0.789502
56 0.493038 0.518939 0.986075 0.532467
7 0.478995 0.53355 0.95487 0.503247
58 0.259586 0.533009 0.515271 0.507576
65 0.643504 0.400703 0.706986 0.776515
8 0.810547 0.39421 0.372899 0.772186
6 0.643504 0.400703 0.706986 0.776515
32 0.528923 0.393939 0.937707 0.787879
32 0.486406 0.528274 0.972813 0.523539
40 0.484066 0.530303 0.968132 0.508658
10 0.50825 0.404762 0.960331 0.767316
60 0.527363 0.396374 0.936147 0.792749
36 0.810547 0.39421 0.372899 0.772186
45 0.493038 0.518939 0.986075 0.532467
22 0.493038 0.518939 0.986075 0.532467
41 0.5102 0.392857 0.95487 0.78355
52 0.493038 0.518939 0.986075 0.532467
30 0.482896 0.525839 0.965792 0.543561
29 0.494598 0.503788 0.989195 0.574675
2 0.79748 0.390152 0.395912 0.780303
3 0.259586 0.533009 0.515271 0.507576
4 0.0723564 0.436959 0.142372 0.312229
33 0.810547 0.39421 0.372899 0.772186
1 0.519562 0.397727 0.95175 0.786797
3 0.50708 0.409091 0.976714 0.788961
58 0.50825 0.404762 0.960331 0.767316
67 0.810547 0.39421 0.372899 0.772186
72 0.528923 0.393939 0.937707 0.787879
6 0.810547 0.39421 0.372899 0.772186
69 0.810547 0.39421 0.372899 0.772186
1 0.482896 0.525839 0.965792 0.543561
23 0.519562 0.397727 0.95175 0.786797
29 0.643504 0.400703 0.706986 0.776515
44 0.810547 0.39421 0.372899 0.772186
17 0.476655 0.536255 0.95175 0.501082
0 0.643504 0.400703 0.706986 0.776515
45 0.63658 0.39421 0.717713 0.780844
49 0.437649 0.533685 0.872177 0.506223
68 0.5102 0.392857 0.95487 0.78355
56 0.519562 0.397727 0.95175 0.786797
35 0.810547 0.39421 0.372899 0.772186
62 0.79748 0.390152 0.395912 0.780303
54 0.528923 0.404221 0.939268 0.780303
39 0.481726 0.533685 0.963451 0.501894
7 0.534774 0.407197 0.927566 0.800325
20 0.810547 0.39421 0.372899 0.772186
18 0.448571 0.532332 0.8909 0.513258
29 0.79748 0.390152 0.395912 0.780303
59 0.477435 0.527597 0.945509 0.534632
34 0.31634 0.532468 0.625658 0.510822
54 0.486406 0.528274 0.972813 0.523539
65 0.810547 0.39421 0.372899 0.772186
71 0.481726 0.533685 0.963451 0.501894
34 0.528923 0.404221 0.939268 0.780303
15 0.495768 0.515287 0.989976 0.543019
6 0.518782 0.419372 0.95487 0.820346
5 0.44467 0.534091 0.886219 0.503247
22 0.519562 0.397727 0.95175 0.786797
71 0.568709 0.410714 0.856575 0.745671
40 0.816203 0.39881 0.361587 0.780303
23 0.476655 0.536255 0.95175 0.501082
2 0.489137 0.470779 0.978274 0.638528
4 0.487967 0.475108 0.975933 0.621212
58 0.477825 0.520022 0.95409 0.535714
66 0.50786 0.409091 0.979834 0.760822
3 0.492647 0.505411 0.983735 0.564935
35 0.5063 0.407468 0.978274 0.785714
44 0.5063 0.410985 0.968912 0.758117
57 0.495378 0.488636 0.981394 0.599567
10 0.493428 0.507035 0.985295 0.546537
69 0.496158 0.48539 0.986075 0.594156
33 0.5063 0.407468 0.978274 0.785714
56 0.495378 0.488636 0.981394 0.599567
8 0.5063 0.410985 0.968912 0.758117
60 0.495378 0.488636 0.981394 0.599567
22 0.495378 0.488636 0.981394 0.599567
36 0.50786 0.409091 0.979834 0.760822
23 0.489137 0.522592 0.978274 0.519751
62 0.50591 0.413961 0.972813 0.779221
20 0.5063 0.410985 0.968912 0.758117
6 0.50708 0.40368 0.973593 0.779221
34 0.496158 0.44237 0.961111 0.694264
5 0.492647 0.505411 0.983735 0.564935
7 0.492647 0.505411 0.983735 0.564935
40 0.5063 0.407468 0.978274 0.785714
52 0.489137 0.470779 0.978274 0.638528
65 0.5063 0.410985 0.968912 0.758117
45 0.489137 0.470779 0.978274 0.638528
39 0.490697 0.416667 0.981394 0.742424
1 0.493428 0.507035 0.985295 0.546537
68 0.488357 0.481061 0.976714 0.614719
32 0.5063 0.410985 0.968912 0.758117
58 0.499278 0.41342 0.967352 0.742424
54 0.50708 0.40368 0.973593 0.779221
23 0.493428 0.409091 0.982174 0.755411
67 0.50591 0.413961 0.972813 0.779221
0 0.5063 0.407468 0.978274 0.785714
29 0.487967 0.475108 0.975933 0.621212
39 0.489137 0.522592 0.978274 0.519751
44 0.489137 0.522592 0.978274 0.519751
30 0.491477 0.476732 0.981394 0.625541
62 0.493428 0.507035 0.985295 0.546537
34 0.438819 0.524892 0.876078 0.521645
49 0.489137 0.470779 0.978274 0.638528
58 0.25549 0.528139 0.50942 0.517316
32 0.477825 0.520022 0.95409 0.535714
8 0.489137 0.522592 0.978274 0.519751
28 0.438819 0.524892 0.876078 0.521645
21 0.489137 0.470779 0.978274 0.638528
10 0.501619 0.420455 0.975153 0.782467
59 0.491477 0.476732 0.981394 0.625541
72 0.496938 0.413149 0.979834 0.774351
6 0.493428 0.507035 0.985295 0.546537
15 0.489137 0.470779 0.978274 0.638528
31 0.487967 0.475108 0.975933 0.621212
54 0.493428 0.507035 0.985295 0.546537
46 0.490697 0.416667 0.981394 0.742424
1 0.501619 0.420455 0.975153 0.782467
