2 0.483105 0.451724 0.966209 0.55977
22 0.493251 0.453376 0.986501 0.559914
4 0.483105 0.451724 0.963087 0.565517
62 0.493251 0.453376 0.986501 0.559914
41 0.490909 0.45431 0.981818 0.564943
72 0.493251 0.453376 0.986501 0.559914
57 0.483105 0.451724 0.966209 0.55977
1 0.483105 0.451724 0.963087 0.565517
60 0.480373 0.454023 0.959185 0.566667
44 0.490129 0.451149 0.961526 0.552874
66 0.483105 0.451724 0.966209 0.55977
49 0.483105 0.451724 0.963087 0.565517
70 0.483105 0.451724 0.963087 0.565517
40 0.483105 0.451724 0.966209 0.55977
10 0.483105 0.451724 0.963087 0.565517
46 0.490909 0.45431 0.981818 0.564943
20 0.490909 0.45431 0.981818 0.564943
32 0.490129 0.451149 0.961526 0.552874
67 0.490129 0.451149 0.961526 0.552874
71 0.493641 0.452299 0.987282 0.555172
35 0.484665 0.451437 0.963087 0.562644
41 0.315696 0.451724 0.625148 0.570115
5 0.490909 0.45431 0.981818 0.564943
69 0.489348 0.461494 0.9506 0.577011
17 0.483105 0.451724 0.963087 0.565517
65 0.493251 0.453376 0.986501 0.559914
29 0.483105 0.451724 0.966209 0.55977
4 0.315696 0.451724 0.625148 0.570115
64 0.483105 0.451724 0.966209 0.55977
49 0.315696 0.451724 0.625148 0.570115
33 0.483105 0.451724 0.966209 0.55977
37 0.315696 0.451724 0.625148 0.570115
70 0.315696 0.451724 0.625148 0.570115
54 0.483105 0.451724 0.963087 0.565517
72 0.315696 0.451724 0.625148 0.570115
2 0.494812 0.454598 0.955283 0.566667
67 0.495592 0.454885 0.9506 0.566092
62 0.494812 0.454598 0.955283 0.566667
57 0.494812 0.454598 0.955283 0.566667
44 0.494812 0.454598 0.955283 0.566667
60 0.494812 0.454598 0.955283 0.566667
4 0.494812 0.454598 0.955283 0.566667
8 0.495592 0.454885 0.9506 0.566092
69 0.49247 0.45546 0.977136 0.561494
41 0.49247 0.45546 0.977136 0.561494
66 0.494812 0.454598 0.955283 0.566667
10 0.49247 0.45546 0.977136 0.561494
35 0.493251 0.451796 0.955283 0.567672
20 0.494812 0.454598 0.955283 0.566667
33 0.494812 0.454598 0.955283 0.566667
58 0.472959 0.455819 0.93343 0.561925
3 0.49247 0.45546 0.977136 0.561494
6 0.49286 0.451724 0.957624 0.570115
65 0.494812 0.454598 0.955283 0.566667
72 0.493251 0.451796 0.955283 0.567672
36 0.49286 0.451724 0.957624 0.570115
22 0.494421 0.451796 0.954502 0.560776
40 0.493251 0.451796 0.955283 0.567672
29 0.493251 0.451796 0.955283 0.567672
32 0.49286 0.451724 0.957624 0.570115
7 0.49247 0.45546 0.977136 0.561494
49 0.49247 0.45546 0.977136 0.561494
30 0.495592 0.454885 0.9506 0.566092
56 0.494812 0.454598 0.955283 0.566667
52 0.493251 0.451796 0.955283 0.567672
5 0.495592 0.453736 0.975575 0.558046
68 0.49169 0.456609 0.974014 0.564943
45 0.495202 0.448204 0.954502 0.565661
31 0.493251 0.451796 0.955283 0.567672
54 0.49286 0.451724 0.957624 0.570115
0 0.493251 0.451796 0.955283 0.567672
26 0.495592 0.454885 0.9506 0.566092
1 0.49247 0.45546 0.977136 0.561494
39 0.494421 0.451796 0.954502 0.560776
11 0.494421 0.451796 0.954502 0.560776
18 0.49169 0.456609 0.974014 0.564943
38 0.494421 0.451796 0.954502 0.560776
23 0.49247 0.45546 0.977136 0.561494
46 0.494421 0.451796 0.954502 0.560776
64 0.493251 0.451796 0.955283 0.567672
34 0.503397 0.464655 0.938113 0.547701
17 0.494421 0.451796 0.954502 0.560776
59 0.49169 0.456609 0.974014 0.564943
2 0.485446 0.450862 0.96777 0.562644
44 0.490519 0.452227 0.970111 0.56681
62 0.485446 0.450862 0.96777 0.562644
33 0.485446 0.450862 0.96777 0.562644
35 0.485446 0.450862 0.96777 0.562644
6 0.484665 0.447701 0.966209 0.570115
66 0.485446 0.450862 0.96777 0.562644
65 0.485446 0.450862 0.96777 0.562644
67 0.484665 0.447701 0.966209 0.570115
20 0.490519 0.452227 0.970111 0.56681
10 0.496372 0.451221 0.986501 0.564224
4 0.49247 0.447701 0.963087 0.575862
36 0.485446 0.450862 0.96777 0.562644
60 0.485446 0.450862 0.96777 0.562644
57 0.485446 0.450862 0.96777 0.562644
5 0.496372 0.451221 0.986501 0.564224
29 0.484665 0.447701 0.966209 0.570115
8 0.49247 0.447701 0.963087 0.575862
69 0.490519 0.452227 0.970111 0.56681
39 0.490129 0.447629 0.970892 0.578305
22 0.485446 0.450862 0.96777 0.562644
54 0.484665 0.447701 0.966209 0.570115
23 0.490129 0.447629 0.970892 0.578305
30 0.484665 0.447701 0.966209 0.570115
58 0.496372 0.451221 0.986501 0.564224
45 0.488568 0.444253 0.96777 0.57931
32 0.484665 0.447701 0.966209 0.570115
68 0.497153 0.447414 0.981818 0.571839
1 0.497153 0.447414 0.981818 0.571839
31 0.484665 0.447701 0.966209 0.570115
3 0.496372 0.451221 0.986501 0.564224
28 0.495982 0.450575 0.98416 0.570115
40 0.485446 0.450862 0.96777 0.562644
0 0.485446 0.450862 0.96777 0.562644
41 0.485446 0.450862 0.96777 0.562644
56 0.490129 0.447629 0.970892 0.578305
7 0.490519 0.452227 0.970111 0.56681
61 0.490129 0.447629 0.970892 0.578305
72 0.490519 0.452227 0.970111 0.56681
52 0.485446 0.450862 0.96777 0.562644
34 0.496372 0.451221 0.986501 0.564224
59 0.49247 0.447701 0.963087 0.575862
46 0.490129 0.447629 0.970892 0.578305
