22 0.484459 0.391451 0.959557 0.314799
60 0.484459 0.391451 0.959557 0.314799
4 0.484459 0.391451 0.959557 0.314799
57 0.48797 0.393966 0.966578 0.308621
72 0.497331 0.392241 0.98062 0.308621
41 0.493041 0.389152 0.97672 0.319397
2 0.493041 0.389152 0.97672 0.319397
62 0.493041 0.389152 0.97672 0.319397
35 0.48797 0.393966 0.966578 0.308621
67 0.483679 0.396839 0.961117 0.30977
49 0.48797 0.393966 0.966578 0.308621
44 0.497331 0.392241 0.98062 0.308621
10 0.48797 0.393966 0.966578 0.308621
32 0.497331 0.392241 0.98062 0.308621
5 0.48914 0.389943 0.968918 0.320115
0 0.493041 0.389152 0.97672 0.319397
37 0.482119 0.395977 0.948635 0.308046
3 0.477828 0.394253 0.938493 0.310345
64 0.493041 0.391307 0.982961 0.310489
17 0.477828 0.394253 0.938493 0.310345
20 0.478998 0.391882 0.945515 0.313937
46 0.48797 0.393966 0.966578 0.308621
29 0.482119 0.395977 0.948635 0.308046
52 0.49226 0.388506 0.9814 0.322989
40 0.493041 0.391307 0.982961 0.310489
1 0.477828 0.394253 0.938493 0.310345
4 0.688853 0.405172 0.616301 0.277011
66 0.493041 0.389152 0.97672 0.319397
69 0.477828 0.394253 0.938493 0.310345
39 0.48914 0.389943 0.968918 0.320115
70 0.48797 0.393966 0.966578 0.308621
60 0.776227 0.404885 0.438432 0.275287
65 0.484459 0.391451 0.959557 0.314799
58 0.482119 0.395977 0.948635 0.308046
31 0.492651 0.397701 0.97906 0.294253
2 0.496551 0.385632 0.97594 0.322989
4 0.496551 0.385632 0.97594 0.322989
10 0.504743 0.385704 0.972039 0.311351
3 0.48914 0.38592 0.965798 0.31092
58 0.504743 0.385704 0.972039 0.311351
22 0.502012 0.385345 0.9775 0.318966
57 0.496551 0.385632 0.97594 0.322989
69 0.504743 0.385704 0.972039 0.311351
52 0.496551 0.385632 0.97594 0.322989
60 0.496551 0.385632 0.97594 0.322989
67 0.494991 0.387069 0.97594 0.314368
44 0.504743 0.385704 0.972039 0.311351
62 0.494991 0.387069 0.97594 0.314368
7 0.502012 0.385345 0.9775 0.318966
30 0.502402 0.386782 0.962677 0.317241
41 0.502012 0.385345 0.9775 0.318966
34 0.502012 0.385345 0.9775 0.318966
36 0.494991 0.387069 0.97594 0.314368
23 0.49148 0.395115 0.967358 0.302874
59 0.502402 0.386782 0.962677 0.317241
6 0.494991 0.387069 0.97594 0.314368
49 0.500452 0.403736 0.946295 0.29023
8 0.494991 0.387069 0.97594 0.314368
31 0.504743 0.385704 0.972039 0.311351
32 0.494991 0.387069 0.97594 0.314368
66 0.502012 0.385345 0.9775 0.318966
4 0.0730882 0.421264 0.13935 0.182759
72 0.496551 0.385632 0.97594 0.322989
68 0.477438 0.387356 0.933033 0.309195
39 0.492651 0.39023 0.958777 0.317241
37 0.496551 0.385632 0.97594 0.322989
20 0.504743 0.385704 0.972039 0.311351
1 0.48758 0.386279 0.961117 0.304454
18 0.48758 0.386279 0.961117 0.304454
56 0.500452 0.403736 0.946295 0.29023
5 0.492651 0.39023 0.958777 0.317241
21 0.500452 0.403736 0.946295 0.29023
29 0.470417 0.386494 0.91899 0.305172
35 0.496551 0.385632 0.97594 0.322989
4 0.124235 0.396264 0.248471 0.263793
54 0.502402 0.386782 0.962677 0.317241
0 0.502012 0.385345 0.9775 0.318966
4 0.180014 0.371839 0.321413 0.267241
2 0.0360687 0.428161 0.0694557 0.155172
28 0.481339 0.38908 0.940834 0.311494
65 0.502012 0.385345 0.9775 0.318966
45 0.495381 0.408333 0.961117 0.279885
4 0.48953 0.386135 0.963457 0.323132
2 0.48953 0.386135 0.963457 0.323132
52 0.493041 0.387356 0.961117 0.321839
22 0.493041 0.387356 0.961117 0.321839
10 0.502012 0.388578 0.98062 0.313649
67 0.48992 0.387284 0.964238 0.315086
58 0.502012 0.388578 0.98062 0.313649
60 0.48953 0.386135 0.963457 0.323132
57 0.48953 0.386135 0.963457 0.323132
6 0.48992 0.387284 0.964238 0.315086
3 0.493821 0.388218 0.97672 0.316667
59 0.48992 0.387284 0.964238 0.315086
69 0.493041 0.387356 0.961117 0.321839
62 0.48992 0.387284 0.964238 0.315086
68 0.502012 0.388578 0.98062 0.313649
34 0.493041 0.387356 0.961117 0.321839
23 0.504352 0.386853 0.985301 0.320546
29 0.48992 0.387284 0.964238 0.315086
31 0.502012 0.388578 0.98062 0.313649
36 0.48992 0.387284 0.964238 0.315086
39 0.502402 0.382759 0.984521 0.327586
1 0.49031 0.389368 0.972819 0.308621
7 0.493041 0.387356 0.961117 0.321839
66 0.504352 0.386853 0.985301 0.320546
20 0.502012 0.388578 0.98062 0.313649
30 0.500842 0.38908 0.97984 0.31954
44 0.501232 0.391667 0.954096 0.312069
5 0.502402 0.382759 0.984521 0.327586
8 0.48992 0.387284 0.964238 0.315086
56 0.504352 0.386853 0.985301 0.320546
45 0.4907 0.383333 0.965798 0.326437
28 0.493821 0.388218 0.97672 0.316667
32 0.493041 0.387356 0.961117 0.321839
21 0.501232 0.391667 0.954096 0.312069
65 0.48953 0.386135 0.963457 0.323132
49 0.493041 0.387356 0.961117 0.321839
35 0.48953 0.386135 0.963457 0.323132
54 0.500842 0.38908 0.97984 0.31954
61 0.4907 0.383333 0.965798 0.326437
41 0.502012 0.388578 0.98062 0.313649
