22 0.512239 0.453162 0.968343 0.336066
4 0.502494 0.452283 0.914546 0.337822
3 0.512239 0.453162 0.968343 0.336066
4 0.286722 0.538349 0.242086 0.241803
2 0.288866 0.52781 0.239357 0.259368
69 0.472477 0.45082 0.865427 0.334895
58 0.486121 0.452283 0.898953 0.348361
10 0.471307 0.454625 0.884919 0.331967
3 0.474816 0.451991 0.85919 0.339578
2 0.46429 0.451112 0.897394 0.333138
60 0.462341 0.451405 0.896614 0.331382
57 0.46429 0.451112 0.897394 0.333138
67 0.476375 0.482143 0.899733 0.340164
23 0.471307 0.454625 0.884919 0.331967
4 0.0844961 0.49678 0.145797 0.178571
62 0.462341 0.451405 0.896614 0.331382
68 0.471307 0.454625 0.884919 0.331967
4 0.462341 0.451405 0.896614 0.331382
22 0.462341 0.451405 0.896614 0.331382
69 0.474816 0.513759 0.90597 0.283958
2 0.084959 0.493852 0.148185 0.179742
67 0.497426 0.381733 0.938716 0.546838
33 0.497426 0.415398 0.948072 0.478337
30 0.497426 0.381733 0.938716 0.546838
36 0.497426 0.415398 0.948072 0.478337
29 0.497426 0.381733 0.938716 0.546838
62 0.497426 0.415398 0.948072 0.478337
44 0.497426 0.415398 0.948072 0.478337
6 0.497426 0.381733 0.938716 0.546838
8 0.497426 0.381733 0.938716 0.546838
20 0.497426 0.381733 0.938716 0.546838
35 0.484561 0.40808 0.914546 0.492974
2 0.27795 0.521077 0.259628 0.278688
54 0.502104 0.385319 0.949631 0.538495
67 0.461561 0.452869 0.879461 0.331967
69 0.497426 0.415398 0.948072 0.478337
65 0.497426 0.381733 0.938716 0.546838
58 0.479493 0.449356 0.904411 0.374122
33 0.46546 0.453162 0.884139 0.337236
68 0.477155 0.454845 0.901292 0.359631
2 0.484561 0.40808 0.914546 0.492974
10 0.500544 0.415032 0.954309 0.479069
66 0.497426 0.415398 0.948072 0.478337
69 0.467799 0.44877 0.874783 0.355386
2 0.46546 0.453162 0.884139 0.337236
29 0.4639 0.454918 0.877902 0.338407
60 0.46546 0.453162 0.884139 0.337236
60 0.497426 0.415398 0.948072 0.478337
39 0.502104 0.459895 0.954309 0.39637
57 0.484561 0.40808 0.914546 0.492974
44 0.467799 0.44877 0.874783 0.355386
6 0.4639 0.454918 0.877902 0.338407
4 0.484561 0.40808 0.914546 0.492974
8 0.46546 0.453162 0.884139 0.337236
57 0.46546 0.453162 0.884139 0.337236
22 0.467799 0.44877 0.874783 0.355386
62 0.46546 0.453162 0.884139 0.337236
34 0.479493 0.449356 0.904411 0.374122
23 0.479493 0.449356 0.904411 0.374122
31 0.4639 0.454918 0.877902 0.338407
30 0.461561 0.452869 0.879461 0.331967
32 0.500544 0.415032 0.954309 0.479069
4 0.467799 0.44877 0.874783 0.355386
0 0.46546 0.453162 0.884139 0.337236
61 0.502494 0.464871 0.947292 0.387588
1 0.502104 0.385319 0.949631 0.538495
3 0.479493 0.449356 0.904411 0.374122
20 0.4639 0.454918 0.877902 0.338407
66 0.46546 0.453162 0.884139 0.337236
31 0.481053 0.406323 0.902851 0.495316
36 0.4639 0.454918 0.877902 0.338407
59 0.4639 0.454918 0.877902 0.338407
35 0.461561 0.452869 0.879461 0.331967
45 0.483392 0.436695 0.913767 0.440427
41 0.477155 0.454845 0.901292 0.359631
54 0.4639 0.454918 0.877902 0.338407
52 0.479493 0.449356 0.904411 0.374122
41 0.497426 0.381733 0.938716 0.546838
28 0.502494 0.464871 0.947292 0.387588
67 0.474036 0.48185 0.909089 0.352459
8 0.479883 0.481265 0.911427 0.355972
36 0.474036 0.48185 0.909089 0.352459
30 0.471307 0.481265 0.897394 0.352459
29 0.476375 0.478923 0.912207 0.357143
33 0.479883 0.481265 0.911427 0.355972
44 0.479883 0.481265 0.911427 0.355972
20 0.479883 0.481265 0.911427 0.355972
54 0.474036 0.48185 0.909089 0.352459
62 0.474036 0.48185 0.909089 0.352459
35 0.476375 0.478923 0.912207 0.357143
66 0.476375 0.478923 0.912207 0.357143
10 0.48846 0.481557 0.922343 0.355386
57 0.479883 0.481265 0.911427 0.355972
65 0.474036 0.48185 0.909089 0.352459
28 0.48846 0.481557 0.922343 0.355386
61 0.48846 0.481557 0.922343 0.355386
6 0.476375 0.478923 0.912207 0.357143
34 0.491968 0.483607 0.921563 0.352459
45 0.479883 0.481265 0.911427 0.355972
4 0.476375 0.478923 0.912207 0.357143
31 0.471307 0.481265 0.897394 0.352459
1 0.481053 0.483021 0.921563 0.352459
32 0.479883 0.481265 0.911427 0.355972
39 0.479883 0.481265 0.911427 0.355972
68 0.472866 0.482728 0.902072 0.354215
60 0.474036 0.48185 0.909089 0.352459
2 0.476375 0.478923 0.912207 0.357143
23 0.48846 0.481557 0.922343 0.355386
61 0.303679 0.494438 0.531731 0.333138
69 0.474036 0.48185 0.909089 0.352459
21 0.479883 0.481265 0.911427 0.355972
0 0.46468 0.452869 0.877902 0.334309
22 0.479883 0.481265 0.911427 0.355972
5 0.48846 0.481557 0.922343 0.355386
52 0.463121 0.464871 0.871665 0.360656
59 0.471307 0.481265 0.897394 0.352459
56 0.479883 0.481265 0.911427 0.355972
7 0.474036 0.48185 0.909089 0.352459
41 0.472866 0.482728 0.902072 0.354215
28 0.293739 0.483314 0.528223 0.350703
2 0.286722 0.523712 0.242865 0.269906
44 0.303679 0.494438 0.531731 0.333138
32 0.303679 0.494438 0.531731 0.333138
57 0.303679 0.494438 0.531731 0.333138
10 0.303679 0.494438 0.531731 0.333138
3 0.481053 0.483021 0.921563 0.352459
