2 0.519502 0.400504 0.960997 0.389169
22 0.503145 0.403101 0.965726 0.462059
60 0.497684 0.399323 0.917361 0.371379
4 0.524207 0.407746 0.90176 0.450252
62 0.503145 0.403101 0.965726 0.462059
72 0.503145 0.401134 0.959485 0.468514
57 0.516796 0.401134 0.957145 0.387909
44 0.516796 0.401134 0.957145 0.387909
41 0.499244 0.3983 0.925162 0.372796
2 0.507045 0.393577 0.942324 0.379093
60 0.507045 0.393577 0.942324 0.379093
57 0.507045 0.393577 0.942324 0.379093
67 0.502365 0.394521 0.929843 0.380982
10 0.494564 0.3983 0.925162 0.365869
69 0.499244 0.396096 0.929843 0.371537
4 0.507045 0.393577 0.942324 0.379093
44 0.502365 0.394521 0.929843 0.380982
58 0.492614 0.398929 0.911901 0.367128
6 0.502365 0.394521 0.929843 0.380982
62 0.507045 0.393577 0.942324 0.379093
36 0.502365 0.394521 0.929843 0.380982
3 0.495344 0.398615 0.918922 0.368388
0 0.507045 0.393577 0.942324 0.379093
8 0.502365 0.394521 0.929843 0.380982
35 0.507045 0.393577 0.942324 0.379093
5 0.499244 0.396411 0.926722 0.368388
33 0.499244 0.396096 0.929843 0.371537
30 0.502365 0.394521 0.929843 0.380982
22 0.499244 0.396411 0.926722 0.368388
52 0.499244 0.396096 0.929843 0.371537
29 0.492614 0.399559 0.911901 0.36461
20 0.494564 0.3983 0.925162 0.365869
41 0.499244 0.396096 0.929843 0.371537
66 0.503535 0.394836 0.936863 0.374055
68 0.492614 0.399559 0.911901 0.36461
40 0.507045 0.393577 0.942324 0.379093
32 0.502365 0.394521 0.929843 0.380982
65 0.499244 0.396096 0.929843 0.371537
59 0.494564 0.3983 0.925162 0.365869
23 0.515626 0.379408 0.915801 0.423804
72 0.514846 0.38728 0.925162 0.425693
34 0.514846 0.38728 0.925162 0.425693
7 0.499244 0.396411 0.926722 0.368388
1 0.492614 0.399559 0.911901 0.36461
33 0.517942 0.371222 0.964117 0.425063
67 0.514456 0.382793 0.964946 0.406958
44 0.517942 0.371222 0.964117 0.425063
29 0.496124 0.366814 0.947004 0.441436
36 0.514456 0.382793 0.964946 0.406958
62 0.514456 0.382793 0.964946 0.406958
66 0.517942 0.371222 0.964117 0.425063
6 0.496124 0.366814 0.947004 0.441436
65 0.497684 0.374685 0.948564 0.426952
8 0.514456 0.382793 0.964946 0.406958
20 0.517942 0.371222 0.964117 0.425063
35 0.496124 0.366814 0.947004 0.441436
54 0.496124 0.366814 0.947004 0.441436
2 0.517942 0.371222 0.964117 0.425063
57 0.514456 0.369018 0.958705 0.423804
10 0.508605 0.380982 0.956365 0.403023
22 0.497684 0.374685 0.948564 0.426952
30 0.514456 0.382793 0.964946 0.406958
39 0.514456 0.369018 0.958705 0.423804
4 0.497684 0.374685 0.948564 0.426952
60 0.517942 0.371222 0.964117 0.425063
31 0.496124 0.366814 0.947004 0.441436
69 0.517942 0.371222 0.964117 0.425063
61 0.514456 0.369018 0.958705 0.423804
45 0.497684 0.374685 0.948564 0.426952
32 0.514456 0.369018 0.958705 0.423804
5 0.503535 0.386335 0.947784 0.384761
1 0.505095 0.382872 0.954025 0.401763
23 0.514456 0.369018 0.958705 0.423804
68 0.505095 0.382872 0.954025 0.401763
28 0.503535 0.386335 0.947784 0.384761
41 0.514456 0.382793 0.964946 0.406958
58 0.508605 0.380982 0.956365 0.403023
0 0.494564 0.352724 0.943884 0.441908
56 0.517942 0.371222 0.964117 0.425063
40 0.517942 0.371222 0.964117 0.425063
72 0.505095 0.382872 0.954025 0.401763
34 0.502365 0.338476 0.945444 0.480479
3 0.508605 0.380982 0.956365 0.403023
52 0.500024 0.352645 0.945444 0.465365
59 0.509385 0.379723 0.954805 0.410579
67 0.495344 0.387831 0.953245 0.398142
29 0.495344 0.387831 0.953245 0.398142
8 0.499244 0.386965 0.948564 0.403652
44 0.516016 0.389169 0.950905 0.380982
61 0.516016 0.389169 0.950905 0.380982
65 0.501194 0.379093 0.944664 0.420655
4 0.502365 0.383816 0.947004 0.440176
57 0.499244 0.386965 0.948564 0.403652
54 0.501195 0.382872 0.946224 0.420655
36 0.495344 0.387831 0.953245 0.398142
30 0.495344 0.387831 0.953245 0.398142
34 0.496904 0.393026 0.925162 0.365082
62 0.497684 0.38539 0.951684 0.397985
33 0.514066 0.388224 0.948564 0.381612
10 0.516016 0.389169 0.950905 0.380982
35 0.497684 0.38539 0.951684 0.397985
32 0.516016 0.389169 0.950905 0.380982
39 0.501194 0.382321 0.941544 0.431832
23 0.516016 0.389169 0.950905 0.380982
31 0.495344 0.387831 0.953245 0.398142
66 0.497684 0.38539 0.951684 0.397985
6 0.495344 0.387831 0.953245 0.398142
20 0.499244 0.386965 0.948564 0.403652
45 0.501194 0.382321 0.941544 0.431832
0 0.514066 0.388224 0.948564 0.381612
28 0.501194 0.379093 0.944664 0.420655
22 0.501194 0.379093 0.944664 0.420655
52 0.501194 0.379093 0.944664 0.420655
1 0.508215 0.394758 0.939984 0.374213
21 0.502365 0.391058 0.948564 0.443955
7 0.501194 0.379093 0.944664 0.420655
60 0.497684 0.38539 0.951684 0.397985
68 0.508215 0.394758 0.939984 0.374213
2 0.497684 0.38539 0.951684 0.397985
5 0.516016 0.389169 0.950905 0.380982
59 0.495344 0.387831 0.953245 0.398142
69 0.514066 0.388224 0.948564 0.381612
58 0.499634 0.393892 0.932183 0.367758
41 0.508215 0.394758 0.939984 0.374213
72 0.508215 0.394758 0.939984 0.374213
40 0.498464 0.388539 0.948564 0.441436
3 0.493394 0.399953 0.919702 0.356266
