22 0.483037 0.426646 0.936444 0.526661
2 0.50058 0.425699 0.982448 0.523893
41 0.483037 0.426646 0.936444 0.526661
60 0.483037 0.426646 0.936444 0.526661
4 0.485376 0.426865 0.941122 0.526224
72 0.483037 0.426646 0.936444 0.526661
57 0.50058 0.425699 0.982448 0.523893
62 0.497072 0.424752 0.980108 0.524621
40 0.50058 0.425699 0.982448 0.523893
49 0.483037 0.426646 0.936444 0.526661
44 0.50214 0.426064 0.980888 0.525495
35 0.485376 0.426865 0.941122 0.526224
66 0.507797 0.420819 0.984406 0.528992
67 0.50214 0.426064 0.980888 0.525495
32 0.50214 0.426064 0.980888 0.525495
70 0.485376 0.426865 0.941122 0.526224
10 0.442101 0.424534 0.853014 0.521562
46 0.497072 0.424752 0.980108 0.524621
69 0.47485 0.426282 0.91851 0.527389
1 0.442101 0.424534 0.853014 0.521562
17 0.483037 0.426646 0.936444 0.526661
5 0.483037 0.426646 0.936444 0.526661
29 0.50214 0.426064 0.980888 0.525495
65 0.485376 0.426865 0.941122 0.526224
0 0.483037 0.426646 0.936444 0.526661
20 0.483037 0.426646 0.936444 0.526661
31 0.489274 0.426501 0.94892 0.526952
64 0.497851 0.420819 0.986346 0.535985
33 0.507797 0.420819 0.984406 0.528992
37 0.483037 0.426646 0.936444 0.526661
3 0.47485 0.426282 0.91851 0.527389
71 0.50058 0.425699 0.982448 0.523893
4 0.595316 0.523019 0.789857 0.323427
58 0.215593 0.417322 0.397657 0.509178
58 0.442101 0.424534 0.853014 0.521562
2 0.509547 0.430726 0.980108 0.505682
62 0.509746 0.429196 0.980507 0.511072
44 0.509746 0.429196 0.980507 0.511072
58 0.477189 0.424825 0.92007 0.513986
67 0.509357 0.426865 0.981287 0.519231
41 0.500191 0.425991 0.97543 0.517482
57 0.509547 0.430726 0.980108 0.505682
66 0.509547 0.430726 0.980108 0.505682
60 0.509746 0.429196 0.980507 0.511072
3 0.477189 0.424825 0.92007 0.513986
69 0.509746 0.429196 0.980507 0.511072
10 0.500191 0.425991 0.97543 0.517482
36 0.509746 0.429196 0.980507 0.511072
8 0.509357 0.426865 0.981287 0.519231
4 0.509746 0.429196 0.980507 0.511072
6 0.509357 0.426865 0.981287 0.519231
20 0.509746 0.429196 0.980507 0.511072
35 0.509746 0.429196 0.980507 0.511072
56 0.509547 0.430726 0.980108 0.505682
29 0.50253 0.432911 0.953598 0.505973
22 0.509547 0.430726 0.980108 0.505682
33 0.509547 0.430726 0.980108 0.505682
65 0.509746 0.429196 0.980507 0.511072
30 0.509357 0.426865 0.981287 0.519231
5 0.50292 0.424752 0.971531 0.514132
31 0.509746 0.429196 0.980507 0.511072
72 0.509746 0.429196 0.980507 0.511072
68 0.500191 0.425991 0.97543 0.517482
32 0.50292 0.424752 0.971531 0.514132
7 0.50292 0.424752 0.971531 0.514132
49 0.50292 0.424752 0.971531 0.514132
18 0.499411 0.424825 0.97543 0.522144
52 0.509746 0.429196 0.980507 0.511072
26 0.509357 0.426865 0.981287 0.519231
54 0.499411 0.424825 0.97543 0.522144
40 0.50253 0.432911 0.953598 0.505973
1 0.50292 0.424752 0.971531 0.514132
45 0.503699 0.435606 0.94658 0.504079
17 0.50292 0.424752 0.971531 0.514132
39 0.509547 0.430726 0.980108 0.505682
59 0.499411 0.424825 0.97543 0.522144
64 0.50253 0.432911 0.953598 0.505973
28 0.478748 0.423368 0.927867 0.521562
66 0.504869 0.437573 0.987906 0.503642
44 0.504869 0.437573 0.987906 0.503642
67 0.489664 0.43648 0.966853 0.506993
33 0.504869 0.437573 0.987906 0.503642
62 0.50214 0.435023 0.985566 0.509907
29 0.489664 0.43648 0.966853 0.506993
65 0.50214 0.435023 0.985566 0.509907
5 0.505259 0.429487 0.979329 0.519814
36 0.50214 0.435023 0.985566 0.509907
2 0.491224 0.438884 0.966853 0.504516
10 0.505259 0.429487 0.979329 0.519814
20 0.50214 0.435023 0.985566 0.509907
6 0.489664 0.43648 0.966853 0.506993
8 0.489664 0.43648 0.966853 0.506993
4 0.489664 0.43648 0.966853 0.506993
35 0.489664 0.43648 0.966853 0.506993
54 0.489664 0.43648 0.966853 0.506993
31 0.50214 0.435023 0.985566 0.509907
57 0.508187 0.433858 0.983626 0.507576
22 0.504869 0.437573 0.987906 0.503642
30 0.489664 0.43648 0.966853 0.506993
39 0.508187 0.433858 0.983626 0.507576
60 0.50214 0.435023 0.985566 0.509907
23 0.505259 0.429487 0.979329 0.519814
28 0.505259 0.429487 0.979329 0.519814
32 0.505259 0.429487 0.979329 0.519814
69 0.50214 0.435023 0.985566 0.509907
45 0.491224 0.438884 0.966853 0.504516
68 0.50175 0.427083 0.980108 0.523456
1 0.50175 0.427083 0.980108 0.523456
56 0.504869 0.437573 0.987906 0.503642
58 0.479918 0.431163 0.933325 0.523456
61 0.508187 0.433858 0.983626 0.507576
3 0.505259 0.429487 0.979329 0.519814
41 0.50175 0.427083 0.980108 0.523456
72 0.50214 0.435023 0.985566 0.509907
40 0.491224 0.438884 0.966853 0.504516
52 0.491614 0.452724 0.964514 0.47567
34 0.481087 0.425117 0.943461 0.522727
7 0.504869 0.437573 0.987906 0.503642
0 0.489664 0.43648 0.966853 0.506993
54 0.50058 0.433858 0.954378 0.508741
44 0.504089 0.432692 0.978549 0.504079
67 0.50058 0.433858 0.954378 0.508741
29 0.50058 0.433858 0.954378 0.508741
66 0.504089 0.432692 0.978549 0.504079
62 0.50058 0.433858 0.954378 0.508741
33 0.504089 0.432692 0.978549 0.504079
36 0.50292 0.431818 0.973091 0.513986
20 0.499801 0.437354 0.955937 0.497086
28 0.504089 0.425991 0.978549 0.518648
8 0.499801 0.437354 0.955937 0.497086
10 0.504089 0.425991 0.978549 0.518648
6 0.50058 0.433858 0.954378 0.508741
35 0.50058 0.433858 0.954378 0.508741
65 0.50058 0.433858 0.954378 0.508741
30 0.50058 0.433858 0.954378 0.508741
5 0.504089 0.425991 0.978549 0.518648
57 0.504089 0.432692 0.978549 0.504079
4 0.497851 0.447844 0.953598 0.477273
32 0.504089 0.432692 0.978549 0.504079
31 0.50058 0.433858 0.954378 0.508741
61 0.508378 0.436407 0.971531 0.496649
45 0.499801 0.437354 0.955937 0.497086
2 0.50058 0.433858 0.954378 0.508741
23 0.504089 0.432692 0.978549 0.504079
1 0.498241 0.427812 0.97621 0.521999
68 0.498241 0.427812 0.97621 0.521999
39 0.50058 0.438301 0.949699 0.496358
22 0.497851 0.447844 0.953598 0.477273
60 0.499801 0.437354 0.955937 0.497086
34 0.498241 0.427812 0.97621 0.521999
56 0.504089 0.432692 0.978549 0.504079
7 0.50058 0.433858 0.954378 0.508741
3 0.498241 0.427812 0.97621 0.521999
41 0.498241 0.427812 0.97621 0.521999
52 0.50058 0.433858 0.954378 0.508741
69 0.504089 0.432692 0.978549 0.504079
72 0.50292 0.431818 0.973091 0.513986
0 0.50058 0.433858 0.954378 0.508741
21 0.506818 0.47618 0.938783 0.418269
58 0.479918 0.427229 0.933325 0.521999
40 0.497851 0.447844 0.953598 0.477273
