4 0.51553 0.480486 0.881315 0.449661
22 0.509291 0.480204 0.921871 0.447964
57 0.51592 0.479072 0.882094 0.450226
2 0.507731 0.495192 0.917191 0.43043
4 0.668395 0.476244 0.572464 0.436652
62 0.51085 0.477658 0.949948 0.453054
72 0.509291 0.480204 0.921871 0.447964
8 0.51592 0.479072 0.882094 0.450226
60 0.502661 0.5181 0.891454 0.385747
46 0.509291 0.480204 0.921871 0.447964
49 0.502661 0.5181 0.891454 0.385747
57 0.668395 0.476244 0.572464 0.436652
2 0.51085 0.483032 0.914071 0.451357
4 0.51085 0.483032 0.914071 0.451357
57 0.51085 0.483032 0.914071 0.451357
62 0.508511 0.477658 0.92967 0.463235
7 0.508511 0.477658 0.92967 0.463235
10 0.510071 0.473133 0.92343 0.46776
65 0.508511 0.477658 0.92967 0.463235
72 0.508511 0.477658 0.92967 0.463235
66 0.504611 0.483314 0.93123 0.447398
3 0.52021 0.471719 0.940589 0.472851
22 0.508511 0.477658 0.92967 0.463235
60 0.504611 0.483314 0.93123 0.447398
44 0.51163 0.47879 0.907832 0.453054
35 0.51085 0.483032 0.914071 0.451357
58 0.51826 0.504525 0.92577 0.40724
69 0.51163 0.47879 0.907832 0.453054
8 0.510071 0.473133 0.92343 0.46776
33 0.504611 0.483314 0.93123 0.447398
41 0.51085 0.483032 0.914071 0.451357
39 0.509681 0.483032 0.92889 0.455882
52 0.508511 0.477658 0.92967 0.463235
36 0.510071 0.473133 0.92343 0.46776
29 0.510071 0.473133 0.92343 0.46776
67 0.510071 0.473133 0.92343 0.46776
20 0.508511 0.477658 0.92967 0.463235
40 0.504611 0.483314 0.93123 0.447398
4 0.839199 0.486991 0.237097 0.235294
68 0.52021 0.471719 0.940589 0.472851
34 0.51085 0.483032 0.914071 0.451357
0 0.504611 0.483314 0.93123 0.447398
49 0.52021 0.471719 0.940589 0.472851
59 0.510071 0.473133 0.92343 0.46776
32 0.510071 0.473133 0.92343 0.46776
1 0.51514 0.4556 0.93045 0.510747
45 0.51085 0.483032 0.915631 0.457014
56 0.51358 0.468891 0.922651 0.479638
28 0.504611 0.483314 0.93123 0.447398
5 0.51787 0.477658 0.934349 0.456448
54 0.51163 0.47879 0.907832 0.453054
6 0.51163 0.47879 0.907832 0.453054
15 0.508511 0.477658 0.92967 0.463235
31 0.508511 0.477658 0.92967 0.463235
18 0.510071 0.473133 0.92343 0.46776
17 0.507731 0.476174 0.93123 0.47073
30 0.510071 0.473133 0.92343 0.46776
44 0.504221 0.444005 0.93201 0.526018
65 0.506171 0.410633 0.921871 0.59276
4 0.506171 0.410633 0.921871 0.59276
62 0.506171 0.410633 0.921871 0.59276
66 0.504221 0.444005 0.93201 0.526018
2 0.504221 0.444005 0.93201 0.526018
33 0.504221 0.444005 0.93201 0.526018
20 0.504221 0.444005 0.93201 0.526018
45 0.504221 0.444005 0.93201 0.526018
35 0.506171 0.410633 0.921871 0.59276
57 0.504221 0.444005 0.93201 0.526018
29 0.506171 0.410633 0.921871 0.59276
54 0.506171 0.410633 0.921871 0.59276
8 0.504221 0.444005 0.93201 0.526018
22 0.504221 0.444005 0.93201 0.526018
36 0.506171 0.410633 0.921871 0.59276
5 0.506171 0.432409 0.914071 0.553733
10 0.508511 0.395079 0.910952 0.628394
67 0.506951 0.416926 0.914071 0.577913
39 0.503051 0.454468 0.93123 0.508484
7 0.504221 0.444005 0.93201 0.526018
1 0.505001 0.40724 0.908612 0.607466
6 0.51124 0.443156 0.911732 0.529977
23 0.506171 0.432409 0.914071 0.553733
60 0.504221 0.444005 0.93201 0.526018
0 0.508121 0.466346 0.921091 0.483597
30 0.506951 0.416926 0.914071 0.577913
32 0.504221 0.444005 0.93201 0.526018
28 0.509291 0.419118 0.918751 0.576923
3 0.505001 0.40724 0.908612 0.607466
69 0.508511 0.395079 0.910952 0.628394
40 0.51124 0.443156 0.911732 0.529977
61 0.503051 0.454468 0.93123 0.508484
68 0.505001 0.40724 0.908612 0.607466
41 0.51124 0.443156 0.911732 0.529977
72 0.504221 0.444005 0.93201 0.526018
58 0.506171 0.432409 0.914071 0.553733
34 0.51124 0.443156 0.911732 0.529977
56 0.509291 0.419118 0.918751 0.576923
21 0.503051 0.454468 0.93123 0.508484
31 0.506171 0.410633 0.921871 0.59276
