57 0.486239 0.510945 0.970915 0.39977
60 0.486239 0.510945 0.970915 0.39977
2 0.492878 0.505184 0.973258 0.407834
22 0.478818 0.510657 0.956074 0.40265
4 0.486239 0.510945 0.970915 0.39977
41 0.478818 0.510657 0.956074 0.40265
62 0.491316 0.509505 0.968571 0.404954
72 0.491316 0.509505 0.968571 0.404954
46 0.478818 0.510657 0.956074 0.40265
66 0.491316 0.509505 0.968571 0.404954
49 0.424922 0.512097 0.834221 0.402074
35 0.486239 0.510945 0.970915 0.39977
52 0.492878 0.505184 0.973258 0.407834
5 0.478818 0.510657 0.956074 0.40265
2 0.495221 0.499424 0.965447 0.41129
57 0.495221 0.499424 0.965447 0.41129
10 0.488191 0.50432 0.945138 0.40841
62 0.49444 0.503456 0.957636 0.41129
67 0.490535 0.497696 0.96076 0.41129
60 0.49444 0.503456 0.957636 0.41129
4 0.49444 0.503456 0.957636 0.41129
35 0.495221 0.499424 0.965447 0.41129
69 0.49444 0.503456 0.957636 0.41129
52 0.495221 0.499424 0.965447 0.41129
29 0.495221 0.499424 0.965447 0.41129
58 0.463586 0.508065 0.913113 0.40553
20 0.492878 0.50288 0.962323 0.410138
8 0.490535 0.497696 0.96076 0.41129
0 0.495221 0.499424 0.965447 0.41129
65 0.49444 0.503456 0.957636 0.41129
44 0.490535 0.497696 0.96076 0.41129
3 0.478818 0.505472 0.951387 0.409562
22 0.492878 0.50288 0.962323 0.410138
39 0.495221 0.5 0.962323 0.410138
6 0.490535 0.497696 0.96076 0.41129
36 0.490535 0.497696 0.96076 0.41129
72 0.495221 0.499424 0.965447 0.41129
66 0.492878 0.50288 0.962323 0.410138
30 0.490535 0.497696 0.96076 0.41129
33 0.492878 0.50288 0.962323 0.410138
45 0.495221 0.5 0.962323 0.410138
41 0.495221 0.499424 0.965447 0.41129
56 0.492878 0.50288 0.962323 0.410138
32 0.488191 0.50432 0.945138 0.40841
5 0.492878 0.50288 0.962323 0.410138
68 0.478818 0.505472 0.951387 0.409562
54 0.478818 0.505472 0.951387 0.409562
18 0.473741 0.507488 0.939671 0.403226
1 0.473741 0.507488 0.939671 0.403226
40 0.495221 0.499424 0.965447 0.41129
23 0.492878 0.50288 0.962323 0.410138
59 0.473741 0.507488 0.939671 0.403226
7 0.478818 0.505472 0.951387 0.409562
34 0.498346 0.504032 0.962323 0.419355
4 0.491316 0.504032 0.963885 0.402074
67 0.489363 0.50576 0.961542 0.395161
2 0.491316 0.504032 0.963885 0.402074
62 0.501079 0.507776 0.978726 0.403802
39 0.492878 0.504608 0.963885 0.404378
44 0.497565 0.506336 0.982631 0.404378
65 0.501079 0.507776 0.978726 0.403802
57 0.491316 0.504032 0.963885 0.402074
36 0.501079 0.507776 0.978726 0.403802
60 0.491316 0.504032 0.963885 0.402074
8 0.497565 0.506336 0.982631 0.404378
23 0.497565 0.506336 0.982631 0.404378
29 0.489363 0.50576 0.961542 0.395161
5 0.497565 0.506336 0.982631 0.404378
6 0.489363 0.50576 0.961542 0.395161
35 0.491316 0.504032 0.963885 0.402074
33 0.497565 0.506336 0.982631 0.404378
10 0.490144 0.503456 0.975601 0.412442
69 0.501079 0.507776 0.978726 0.403802
45 0.492878 0.504608 0.963885 0.404378
30 0.489363 0.50576 0.961542 0.395161
52 0.496002 0.507776 0.967009 0.417627
66 0.497565 0.506336 0.982631 0.404378
61 0.490144 0.503456 0.975601 0.412442
1 0.486629 0.509793 0.968571 0.404378
20 0.497565 0.506336 0.982631 0.404378
0 0.491316 0.504032 0.963885 0.402074
58 0.490144 0.503456 0.975601 0.412442
22 0.491316 0.504032 0.963885 0.402074
32 0.497565 0.506336 0.982631 0.404378
54 0.489363 0.50576 0.961542 0.395161
3 0.489753 0.506336 0.97482 0.406682
31 0.489363 0.50576 0.961542 0.395161
68 0.486629 0.509793 0.968571 0.404378
34 0.489753 0.506336 0.97482 0.406682
28 0.490144 0.503456 0.975601 0.412442
59 0.497565 0.509217 0.97482 0.402074
56 0.497565 0.506336 0.982631 0.404378
7 0.491316 0.504032 0.963885 0.402074
21 0.492878 0.504608 0.963885 0.404378
18 0.486629 0.509793 0.968571 0.404378
72 0.491316 0.504032 0.963885 0.402074
67 0.492097 0.509505 0.965447 0.403802
29 0.492097 0.509505 0.965447 0.403802
44 0.492878 0.510369 0.963885 0.39977
34 0.484286 0.513249 0.965447 0.400922
36 0.492097 0.509505 0.965447 0.403802
8 0.493659 0.513249 0.97482 0.395161
61 0.493659 0.513249 0.97482 0.395161
57 0.492878 0.510369 0.963885 0.39977
10 0.493659 0.513249 0.97482 0.395161
4 0.492097 0.509505 0.965447 0.403802
32 0.492878 0.510369 0.963885 0.39977
23 0.493659 0.513249 0.97482 0.395161
65 0.492097 0.509505 0.965447 0.403802
54 0.492097 0.509505 0.965447 0.403802
62 0.492097 0.509505 0.965447 0.403802
30 0.489363 0.516129 0.964666 0.397465
6 0.492097 0.509505 0.965447 0.403802
0 0.492097 0.509505 0.965447 0.403802
60 0.492097 0.509505 0.965447 0.403802
45 0.492878 0.510369 0.963885 0.39977
35 0.50147 0.511521 0.970134 0.40553
31 0.489363 0.516129 0.964666 0.397465
52 0.50147 0.511521 0.970134 0.40553
33 0.492097 0.509505 0.965447 0.403802
1 0.495612 0.512673 0.975601 0.400922
28 0.484676 0.512097 0.964666 0.395161
2 0.492097 0.509505 0.965447 0.403802
39 0.492878 0.510369 0.963885 0.39977
68 0.495612 0.512673 0.975601 0.400922
21 0.492878 0.510369 0.963885 0.39977
59 0.489363 0.516129 0.964666 0.397465
66 0.492878 0.510369 0.963885 0.39977
5 0.493659 0.513249 0.97482 0.395161
20 0.492878 0.510369 0.963885 0.39977
7 0.492097 0.509505 0.965447 0.403802
58 0.484676 0.512097 0.964666 0.395161
22 0.500298 0.512385 0.96779 0.394585
69 0.50147 0.511521 0.970134 0.40553
56 0.492878 0.510369 0.963885 0.39977
3 0.495612 0.512673 0.975601 0.400922
