2 0.486793 0.388587 0.948623 0.580163
62 0.486793 0.388587 0.948623 0.580163
57 0.486793 0.388587 0.948623 0.580163
4 0.503176 0.390625 0.957985 0.581522
72 0.486793 0.388587 0.948623 0.580163
60 0.476652 0.382812 0.914298 0.586277
22 0.476652 0.382812 0.914298 0.586277
66 0.486793 0.388587 0.948623 0.580163
35 0.486793 0.388587 0.948623 0.580163
40 0.486793 0.388587 0.948623 0.580163
44 0.498495 0.389351 0.948623 0.579993
41 0.232865 0.38587 0.429845 0.578804
22 0.547253 0.495245 0.832386 0.376359
67 0.498495 0.389351 0.948623 0.579993
64 0.500055 0.387143 0.950183 0.587126
41 0.445837 0.388587 0.857349 0.576087
4 0.517218 0.495584 0.897135 0.382473
57 0.546863 0.495924 0.826925 0.375
32 0.489524 0.388927 0.954084 0.576766
1 0.445837 0.388587 0.857349 0.576087
71 0.503176 0.390625 0.957985 0.581522
34 0.504346 0.428074 0.971247 0.544667
60 0.546863 0.495924 0.826925 0.375
10 0.503956 0.46391 0.967346 0.45805
70 0.445837 0.388587 0.857349 0.576087
11 0.486793 0.388587 0.948623 0.580163
62 0.513708 0.368886 0.963445 0.610054
2 0.507077 0.360734 0.956424 0.629076
44 0.513708 0.368886 0.963445 0.610054
33 0.513708 0.368886 0.963445 0.610054
57 0.513708 0.368886 0.963445 0.610054
67 0.503956 0.365489 0.961105 0.616848
66 0.513708 0.368886 0.963445 0.610054
8 0.503956 0.365489 0.961105 0.616848
20 0.512927 0.372622 0.952524 0.599864
4 0.513708 0.368886 0.963445 0.610054
65 0.513708 0.368886 0.963445 0.610054
60 0.513708 0.368886 0.963445 0.610054
69 0.509807 0.369905 0.961885 0.605299
10 0.485233 0.372622 0.933021 0.597147
35 0.513708 0.368886 0.963445 0.610054
36 0.509807 0.369905 0.961885 0.605299
6 0.503956 0.365489 0.961105 0.616848
29 0.507077 0.360734 0.956424 0.629076
40 0.513708 0.368886 0.963445 0.610054
72 0.513708 0.368886 0.963445 0.610054
41 0.513708 0.368886 0.963445 0.610054
22 0.513708 0.368886 0.963445 0.610054
58 0.491474 0.384171 0.937702 0.576766
3 0.486013 0.383067 0.92834 0.581692
32 0.509807 0.369905 0.961885 0.605299
7 0.489914 0.374915 0.942382 0.595279
45 0.506296 0.364046 0.947063 0.622452
54 0.503956 0.365489 0.961105 0.616848
30 0.503956 0.365489 0.961105 0.616848
68 0.486013 0.383067 0.92834 0.581692
56 0.492254 0.37984 0.937702 0.585428
1 0.489914 0.374915 0.942382 0.595279
39 0.512927 0.372622 0.952524 0.599864
0 0.507077 0.360734 0.956424 0.629076
5 0.492254 0.37984 0.937702 0.585428
52 0.503956 0.367188 0.951744 0.627038
18 0.485233 0.372622 0.933021 0.597147
49 0.489914 0.374915 0.942382 0.595279
17 0.489914 0.374915 0.942382 0.595279
46 0.512927 0.372622 0.952524 0.599864
23 0.492254 0.37984 0.937702 0.585428
26 0.503956 0.365489 0.961105 0.616848
33 0.507077 0.370924 0.967346 0.60462
67 0.489134 0.36447 0.957985 0.605299
44 0.507077 0.370924 0.967346 0.60462
36 0.504736 0.371688 0.968906 0.594939
62 0.507077 0.370924 0.967346 0.60462
29 0.489134 0.36447 0.957985 0.605299
20 0.507077 0.370924 0.967346 0.60462
2 0.494595 0.365149 0.954864 0.609375
8 0.489134 0.36447 0.957985 0.605299
65 0.507077 0.370924 0.967346 0.60462
66 0.507077 0.370924 0.967346 0.60462
35 0.489134 0.36447 0.957985 0.605299
6 0.489134 0.36447 0.957985 0.605299
54 0.489134 0.36447 0.957985 0.605299
30 0.489134 0.36447 0.957985 0.605299
57 0.503566 0.378736 0.957204 0.587636
69 0.504736 0.371688 0.968906 0.594939
60 0.507077 0.370924 0.967346 0.60462
39 0.503566 0.378736 0.957204 0.587636
10 0.494595 0.377123 0.961105 0.596298
45 0.503566 0.378736 0.957204 0.587636
4 0.489134 0.36447 0.957985 0.605299
61 0.503566 0.378736 0.957204 0.587636
40 0.489134 0.36447 0.957985 0.605299
32 0.504736 0.371688 0.968906 0.594939
23 0.503566 0.378736 0.957204 0.587636
22 0.507077 0.370924 0.967346 0.60462
31 0.489134 0.36447 0.957985 0.605299
5 0.503566 0.378736 0.957204 0.587636
41 0.489134 0.36447 0.957985 0.605299
1 0.495765 0.376359 0.960325 0.588315
7 0.507077 0.370924 0.967346 0.60462
0 0.498495 0.363451 0.953304 0.611413
58 0.472361 0.378736 0.919759 0.590353
28 0.493034 0.382473 0.948623 0.585598
72 0.489134 0.36447 0.957985 0.605299
56 0.507077 0.370924 0.967346 0.60462
34 0.489134 0.36447 0.957985 0.605299
67 0.403418 0.250679 0.747158 0.373641
71 0.477432 0.38052 0.923659 0.590863
33 0.487964 0.374321 0.943162 0.600543
67 0.482893 0.37534 0.951744 0.608016
36 0.487964 0.374321 0.943162 0.600543
62 0.487574 0.372283 0.950183 0.60462
35 0.487574 0.372283 0.950183 0.60462
2 0.487574 0.372283 0.950183 0.60462
44 0.489134 0.376444 0.931461 0.590863
8 0.482893 0.37534 0.951744 0.608016
65 0.487574 0.372283 0.950183 0.60462
57 0.489134 0.376444 0.931461 0.590863
61 0.489134 0.376444 0.931461 0.590863
66 0.487574 0.372283 0.950183 0.60462
29 0.482893 0.37534 0.951744 0.608016
6 0.482893 0.37534 0.951744 0.608016
30 0.482893 0.37534 0.951744 0.608016
54 0.482893 0.37534 0.951744 0.608016
60 0.487574 0.372283 0.950183 0.60462
20 0.487574 0.372283 0.950183 0.60462
45 0.489134 0.372198 0.947063 0.597996
69 0.482503 0.37534 0.946283 0.605299
34 0.459099 0.381793 0.901036 0.59375
10 0.480163 0.380095 0.921319 0.587636
32 0.489134 0.376444 0.931461 0.590863
39 0.489134 0.376444 0.931461 0.590863
0 0.500055 0.376698 0.947063 0.605299
23 0.489134 0.376444 0.931461 0.590863
7 0.487964 0.374321 0.943162 0.600543
31 0.482893 0.37534 0.951744 0.608016
1 0.474312 0.376698 0.92678 0.599864
22 0.487574 0.372283 0.950183 0.60462
58 0.480163 0.380095 0.921319 0.587636
40 0.487574 0.372283 0.950183 0.60462
33 0.344812 0.292544 0.638916 0.457031
56 0.487964 0.374321 0.943162 0.600543
33 0.505516 0.47928 0.951744 0.397418
4 0.487574 0.372283 0.950183 0.60462
14 0.459099 0.381793 0.901036 0.59375
28 0.480163 0.380095 0.921319 0.587636
21 0.489134 0.372198 0.947063 0.597996
67 0.355929 0.262568 0.670511 0.401495
61 0.507077 0.46841 0.936141 0.430027
5 0.489134 0.376444 0.931461 0.590863
57 0.514878 0.500679 0.901816 0.350543
71 0.46261 0.381793 0.895575 0.586957
34 0.326479 0.385785 0.619413 0.603431
57 0.326479 0.385785 0.619413 0.603431
72 0.482503 0.37534 0.946283 0.605299
