4 0.569484 0.443895 0.853445 0.414535
2 0.533598 0.445422 0.917415 0.416134
72 0.562073 0.445276 0.868267 0.414099
22 0.562073 0.445276 0.868267 0.414099
62 0.587816 0.443605 0.808979 0.411628
57 0.569484 0.443895 0.853445 0.414535
8 0.562073 0.445276 0.868267 0.414099
40 0.569484 0.443895 0.853445 0.414535
60 0.569484 0.443895 0.853445 0.414535
35 0.569484 0.443895 0.853445 0.414535
23 0.509415 0.443532 0.959541 0.417587
10 0.551931 0.44593 0.879189 0.417442
49 0.574944 0.447093 0.845644 0.416279
41 0.569484 0.443895 0.853445 0.414535
58 0.507074 0.44157 0.9533 0.419186
39 0.562073 0.445276 0.868267 0.414099
46 0.562073 0.445276 0.868267 0.414099
52 0.587816 0.443605 0.808979 0.411628
44 0.562073 0.445276 0.868267 0.414099
17 0.507074 0.44157 0.9533 0.419186
71 0.562073 0.445276 0.868267 0.414099
1 0.507074 0.44157 0.9533 0.419186
36 0.533598 0.445422 0.917415 0.416134
66 0.569484 0.443895 0.853445 0.414535
22 0.486791 0.557558 0.95486 0.223256
52 0.732527 0.44186 0.521116 0.406977
56 0.533598 0.445422 0.917415 0.416134
32 0.539059 0.443605 0.904933 0.415116
38 0.533598 0.445422 0.917415 0.416134
57 0.498883 0.506977 0.969682 0.324419
34 0.510585 0.431105 0.95408 0.442442
67 0.569484 0.443895 0.853445 0.414535
64 0.587816 0.443605 0.808979 0.411628
45 0.562073 0.445276 0.868267 0.414099
2 0.507855 0.446439 0.943939 0.414099
57 0.507855 0.446439 0.943939 0.414099
3 0.524237 0.441206 0.908053 0.424564
10 0.513315 0.444186 0.939258 0.418605
60 0.507855 0.446439 0.943939 0.414099
58 0.520336 0.443023 0.912734 0.419767
69 0.505904 0.446439 0.946279 0.412936
22 0.510975 0.443605 0.934577 0.418605
35 0.507855 0.446439 0.943939 0.414099
62 0.507855 0.446439 0.943939 0.414099
4 0.505904 0.446439 0.946279 0.412936
44 0.510975 0.443605 0.934577 0.418605
72 0.505904 0.446439 0.946279 0.412936
8 0.511365 0.444695 0.933797 0.416424
52 0.520336 0.443023 0.912734 0.419767
59 0.513315 0.444186 0.939258 0.418605
67 0.507855 0.446439 0.943939 0.414099
41 0.520336 0.443023 0.912734 0.419767
6 0.515656 0.445349 0.922095 0.416279
66 0.507855 0.446439 0.943939 0.414099
36 0.510975 0.443605 0.934577 0.418605
40 0.507855 0.446439 0.943939 0.414099
49 0.520336 0.443023 0.912734 0.419767
68 0.514876 0.435465 0.925216 0.431395
45 0.511365 0.444695 0.933797 0.416424
39 0.511365 0.444695 0.933797 0.416424
33 0.507855 0.446439 0.943939 0.414099
23 0.524237 0.441206 0.908053 0.424564
56 0.510975 0.443605 0.934577 0.418605
20 0.511365 0.444695 0.933797 0.416424
32 0.510975 0.443605 0.934577 0.418605
65 0.505904 0.446439 0.946279 0.412936
0 0.507855 0.446439 0.943939 0.414099
29 0.506294 0.425509 0.929896 0.455959
7 0.510975 0.443605 0.934577 0.418605
1 0.514876 0.435465 0.925216 0.431395
30 0.513315 0.444186 0.939258 0.418605
34 0.520336 0.443023 0.912734 0.419767
54 0.515656 0.445349 0.922095 0.416279
5 0.520336 0.443023 0.912734 0.419767
18 0.514876 0.435465 0.925216 0.431395
71 0.511365 0.444695 0.933797 0.416424
28 0.539839 0.435392 0.867487 0.435029
31 0.507855 0.446439 0.943939 0.414099
17 0.524237 0.441206 0.908053 0.424564
50 0.505904 0.446439 0.946279 0.412936
38 0.510975 0.443605 0.934577 0.418605
2 0.0571921 0.627907 0.114189 0.187209
26 0.506294 0.425509 0.929896 0.455959
2 0.506294 0.445058 0.940818 0.418023
4 0.509415 0.44484 0.939258 0.419622
52 0.503174 0.440988 0.947059 0.428488
69 0.509415 0.44484 0.939258 0.419622
68 0.503954 0.442151 0.945499 0.434302
39 0.510195 0.444767 0.940818 0.424419
57 0.507074 0.439826 0.936137 0.434302
6 0.510195 0.447384 0.933017 0.420349
23 0.507074 0.439826 0.936137 0.434302
10 0.509415 0.447602 0.934577 0.425727
44 0.510195 0.444767 0.940818 0.424419
3 0.503174 0.440988 0.947059 0.428488
60 0.506294 0.445058 0.940818 0.418023
58 0.503174 0.440988 0.947059 0.428488
66 0.506294 0.445058 0.940818 0.418023
22 0.507074 0.439826 0.936137 0.434302
8 0.510195 0.444767 0.940818 0.424419
62 0.506294 0.445058 0.940818 0.418023
34 0.503174 0.440988 0.947059 0.428488
0 0.506294 0.445058 0.940818 0.418023
35 0.506294 0.445058 0.940818 0.418023
54 0.510195 0.447384 0.933017 0.420349
32 0.510195 0.444767 0.940818 0.424419
5 0.507074 0.439826 0.936137 0.434302
59 0.509415 0.447602 0.934577 0.425727
29 0.503954 0.442151 0.945499 0.434302
45 0.510195 0.445058 0.933017 0.421512
1 0.503954 0.442151 0.945499 0.434302
67 0.508635 0.427253 0.918975 0.480378
7 0.503174 0.440988 0.947059 0.428488
65 0.509415 0.44484 0.939258 0.419622
33 0.506294 0.445058 0.940818 0.418023
30 0.508635 0.427253 0.918975 0.480378
31 0.497713 0.426744 0.948619 0.468605
36 0.510195 0.444767 0.940818 0.424419
20 0.510195 0.444767 0.940818 0.424419
56 0.510195 0.444767 0.940818 0.424419
28 0.507074 0.439826 0.936137 0.434302
72 0.503174 0.440988 0.947059 0.428488
61 0.510195 0.444767 0.940818 0.424419
41 0.503954 0.442151 0.945499 0.434302
49 0.503174 0.440988 0.947059 0.428488
40 0.506294 0.445058 0.940818 0.418023
21 0.510195 0.444767 0.940818 0.424419
71 0.510195 0.444767 0.940818 0.424419
23 0.527357 0.468314 0.892451 0.386628
57 0.501614 0.463372 0.947059 0.390698
29 0.501614 0.462718 0.943938 0.396657
67 0.521507 0.47064 0.897912 0.388954
4 0.504734 0.452035 0.943939 0.407558
31 0.501614 0.462718 0.943938 0.396657
66 0.508245 0.446221 0.940038 0.409884
52 0.501614 0.462718 0.943938 0.396657
28 0.506294 0.455233 0.942378 0.402326
22 0.506294 0.455233 0.942378 0.402326
8 0.517996 0.448837 0.929896 0.411628
44 0.499273 0.452834 0.936137 0.404797
62 0.494203 0.449419 0.949399 0.40814
58 0.530088 0.471512 0.907273 0.382558
68 0.521507 0.47064 0.897912 0.388954
54 0.508245 0.446221 0.940038 0.409884
34 0.504734 0.452035 0.943939 0.407558
45 0.517996 0.448837 0.929896 0.411628
10 0.506294 0.455233 0.942378 0.402326
2 0.508245 0.446221 0.940038 0.409884
32 0.506294 0.455233 0.942378 0.402326
60 0.499273 0.452834 0.936137 0.404797
20 0.517996 0.448837 0.929896 0.411628
30 0.518776 0.467733 0.900252 0.407558
69 0.508245 0.446221 0.940038 0.409884
3 0.506294 0.455233 0.942378 0.402326
6 0.506294 0.447965 0.934577 0.413372
39 0.517996 0.448837 0.929896 0.411628
7 0.501614 0.462718 0.943938 0.396657
35 0.512535 0.445858 0.929896 0.411773
65 0.494203 0.449419 0.949399 0.40814
5 0.506294 0.455233 0.942378 0.402326
56 0.499273 0.452834 0.936137 0.404797
0 0.508245 0.446221 0.940038 0.409884
36 0.501614 0.462718 0.943938 0.396657
21 0.517996 0.448837 0.929896 0.411628
1 0.500834 0.442733 0.942378 0.436628
61 0.509415 0.461701 0.923656 0.397529
33 0.517996 0.448837 0.929896 0.411628
59 0.518776 0.467733 0.900252 0.407558
72 0.494203 0.449419 0.949399 0.40814
41 0.504734 0.452035 0.943939 0.407558
40 0.512535 0.445858 0.929896 0.411773
23 0.0588986 0.562791 0.117797 0.383721
23 0.0583136 0.605959 0.115652 0.271802
