22 0.472569 0.561204 0.929516 0.24856
4 0.525684 0.515841 0.927954 0.339286
62 0.492878 0.512673 0.963885 0.35023
2 0.531933 0.514977 0.923267 0.339862
49 0.475694 0.535138 0.935765 0.302995
22 0.492878 0.512673 0.963885 0.35023
72 0.478818 0.548531 0.951387 0.27621
60 0.472569 0.561204 0.929516 0.24856
4 0.478037 0.557028 0.948263 0.259217
57 0.481552 0.492224 0.955293 0.388825
62 0.475303 0.558612 0.936546 0.253744
64 0.492878 0.512673 0.963885 0.35023
67 0.475694 0.535138 0.935765 0.302995
52 0.49444 0.502304 0.962323 0.366359
2 0.475303 0.558612 0.936546 0.253744
57 0.580362 0.517569 0.824848 0.331221
46 0.478818 0.548531 0.951387 0.27621
35 0.496783 0.495392 0.970134 0.382489
39 0.499908 0.517281 0.981069 0.341014
3 0.502642 0.508065 0.978726 0.355991
32 0.481552 0.492224 0.955293 0.388825
41 0.472569 0.561204 0.929516 0.24856
0 0.472569 0.561204 0.929516 0.24856
60 0.492878 0.512673 0.963885 0.35023
2 0.503032 0.502592 0.952949 0.355415
4 0.505376 0.50144 0.954512 0.357719
69 0.504595 0.496832 0.952949 0.364631
58 0.504595 0.496832 0.952949 0.364631
3 0.504204 0.50576 0.963104 0.349078
57 0.505376 0.50144 0.954512 0.357719
10 0.504204 0.506624 0.963104 0.343894
52 0.504595 0.496832 0.952949 0.364631
22 0.503032 0.502592 0.952949 0.355415
58 0.48038 0.548963 0.93264 0.256912
60 0.503032 0.502592 0.952949 0.355415
7 0.505376 0.50144 0.954512 0.357719
49 0.505376 0.50144 0.954512 0.357719
67 0.514749 0.501728 0.963885 0.360599
44 0.504595 0.496832 0.952949 0.364631
59 0.497565 0.494816 0.962323 0.376728
34 0.503032 0.502592 0.952949 0.355415
50 0.514749 0.501728 0.963885 0.360599
8 0.496783 0.498272 0.962323 0.364055
32 0.496783 0.498272 0.962323 0.364055
49 0.48038 0.548963 0.93264 0.256912
4 0.13396 0.559908 0.254641 0.241935
23 0.504204 0.506624 0.963104 0.343894
68 0.497565 0.494816 0.962323 0.376728
45 0.516311 0.503744 0.959198 0.354263
57 0.477646 0.549683 0.931859 0.262385
41 0.504204 0.506624 0.963104 0.343894
35 0.503032 0.502592 0.952949 0.355415
39 0.5085 0.502016 0.942014 0.360023
37 0.505376 0.50144 0.954512 0.357719
72 0.504595 0.496832 0.952949 0.364631
62 0.503032 0.502592 0.952949 0.355415
1 0.497565 0.494816 0.962323 0.376728
7 0.48038 0.548963 0.93264 0.256912
36 0.496783 0.498272 0.962323 0.364055
56 0.496783 0.498272 0.962323 0.364055
15 0.504595 0.496832 0.952949 0.364631
3 0.449136 0.554291 0.876401 0.243952
66 0.505376 0.50144 0.954512 0.357719
4 0.862341 0.46659 0.265576 0.228111
6 0.502642 0.481567 0.956855 0.403226
30 0.50147 0.486463 0.963885 0.394585
4 0.154854 0.515553 0.272215 0.288018
58 0.502251 0.487039 0.96076 0.386521
2 0.486629 0.495968 0.96076 0.370968
3 0.486629 0.495968 0.96076 0.370968
58 0.478037 0.540179 0.943576 0.274482
52 0.502251 0.487039 0.96076 0.386521
4 0.486629 0.495968 0.96076 0.370968
59 0.487801 0.493664 0.961541 0.367512
23 0.486629 0.495968 0.96076 0.370968
34 0.502251 0.503456 0.954511 0.362903
57 0.492878 0.501152 0.96076 0.365207
10 0.486239 0.480991 0.963104 0.395161
69 0.487801 0.482431 0.964666 0.393433
68 0.486239 0.480991 0.963104 0.395161
60 0.502251 0.503456 0.954511 0.362903
22 0.486629 0.495968 0.96076 0.370968
1 0.486629 0.477535 0.967009 0.402074
32 0.487801 0.482431 0.964666 0.393433
49 0.486629 0.495968 0.96076 0.370968
7 0.487801 0.482431 0.964666 0.393433
10 0.478037 0.540179 0.943576 0.274482
56 0.486629 0.495968 0.96076 0.370968
8 0.493659 0.489055 0.965447 0.379032
68 0.478037 0.540179 0.943576 0.274482
39 0.48741 0.480991 0.962323 0.396313
67 0.487801 0.493664 0.961541 0.367512
44 0.487801 0.482431 0.964666 0.393433
5 0.488972 0.480127 0.968571 0.396889
3 0.477646 0.556596 0.941233 0.243952
31 0.493659 0.489055 0.965447 0.379032
50 0.499908 0.488191 0.96076 0.385369
21 0.500298 0.50576 0.955293 0.359447
29 0.487801 0.493664 0.961541 0.367512
45 0.500298 0.50576 0.955293 0.359447
6 0.486239 0.480991 0.963104 0.395161
36 0.487801 0.493664 0.961541 0.367512
57 0.477646 0.556596 0.941233 0.243952
1 0.478037 0.540179 0.943576 0.274482
28 0.478037 0.540179 0.943576 0.274482
28 0.490925 0.483295 0.96779 0.390553
32 0.478037 0.540179 0.943576 0.274482
23 0.477646 0.556596 0.941233 0.243952
58 0.382351 0.557748 0.749081 0.237039
30 0.488582 0.456509 0.959979 0.451037
58 0.499127 0.512385 0.976382 0.333525
59 0.493268 0.517281 0.970915 0.320276
4 0.498346 0.511521 0.967009 0.339862
23 0.499127 0.512385 0.976382 0.333525
68 0.499127 0.512385 0.976382 0.333525
57 0.495221 0.521025 0.965447 0.317396
52 0.50147 0.511521 0.976382 0.341014
34 0.498346 0.511521 0.967009 0.339862
3 0.498346 0.511521 0.967009 0.339862
69 0.50147 0.511521 0.976382 0.341014
67 0.499127 0.512385 0.976382 0.333525
60 0.503032 0.509505 0.963885 0.346198
29 0.493268 0.517281 0.970915 0.320276
31 0.499127 0.512385 0.976382 0.333525
10 0.495221 0.539171 0.977945 0.276498
22 0.498346 0.511521 0.967009 0.339862
32 0.503032 0.509505 0.963885 0.346198
7 0.498346 0.511521 0.967009 0.339862
2 0.503032 0.509505 0.963885 0.346198
44 0.495221 0.539171 0.977945 0.276498
6 0.50147 0.511521 0.976382 0.341014
58 0.471788 0.552419 0.927954 0.245392
8 0.50147 0.511521 0.976382 0.341014
36 0.499127 0.512385 0.976382 0.333525
1 0.494831 0.525346 0.980288 0.3053
28 0.495221 0.521025 0.965447 0.317396
23 0.471788 0.552419 0.927954 0.245392
3 0.471788 0.552419 0.927954 0.245392
56 0.503032 0.509505 0.963885 0.346198
61 0.490925 0.526498 0.952168 0.315668
0 0.495612 0.510945 0.964666 0.345622
30 0.49405 0.508065 0.970915 0.343318
34 0.471788 0.552419 0.927954 0.245392
62 0.493268 0.517281 0.970915 0.320276
68 0.471788 0.552419 0.927954 0.245392
49 0.495221 0.521025 0.965447 0.317396
39 0.496002 0.515553 0.957636 0.33871
5 0.498346 0.511521 0.967009 0.339862
21 0.503032 0.509505 0.963885 0.346198
54 0.493268 0.517281 0.970915 0.320276
20 0.50147 0.511521 0.976382 0.341014
66 0.496783 0.513249 0.973258 0.341014
35 0.50147 0.511521 0.976382 0.341014
45 0.495221 0.521025 0.965447 0.317396
32 0.471788 0.552419 0.927954 0.245392
