2 0.567864 0.457085 0.842032 0.429147
57 0.581143 0.458525 0.824848 0.423963
72 0.567864 0.457085 0.842032 0.429147
22 0.567864 0.457085 0.842032 0.429147
4 0.5581 0.461694 0.86156 0.424539
62 0.614047 0.450461 0.751229 0.414747
41 0.567864 0.457085 0.842032 0.429147
8 0.5581 0.461694 0.86156 0.424539
60 0.567864 0.457085 0.842032 0.429147
58 0.520217 0.463998 0.949825 0.414171
39 0.5581 0.461694 0.86156 0.424539
46 0.614047 0.450461 0.751229 0.414747
20 0.51553 0.464574 0.962323 0.415323
50 0.556538 0.462846 0.867809 0.422235
17 0.627619 0.46227 0.735021 0.416475
44 0.51553 0.464574 0.962323 0.415323
1 0.556538 0.462846 0.867809 0.422235
4 0.688154 0.438652 0.606138 0.388825
56 0.51553 0.464574 0.962323 0.415323
36 0.51553 0.464574 0.962323 0.415323
23 0.51553 0.464574 0.962323 0.415323
35 0.581143 0.458525 0.824848 0.423963
40 0.567864 0.457085 0.842032 0.429147
7 0.5581 0.461694 0.86156 0.424539
66 0.627619 0.46227 0.735021 0.416475
3 0.503813 0.474078 0.979507 0.392857
45 0.567864 0.457085 0.842032 0.429147
34 0.581143 0.458525 0.824848 0.423963
49 0.627619 0.46227 0.735021 0.416475
38 0.5581 0.461694 0.86156 0.424539
10 0.627619 0.46227 0.735021 0.416475
65 0.51553 0.464574 0.962323 0.415323
32 0.581143 0.458525 0.824848 0.423963
3 0.61639 0.453341 0.74498 0.413594
2 0.517873 0.459101 0.951387 0.41129
58 0.492097 0.469758 0.981069 0.389977
57 0.517873 0.459101 0.951387 0.41129
3 0.497565 0.471774 0.971696 0.389401
10 0.492097 0.469758 0.981069 0.389977
69 0.504595 0.462558 0.977945 0.403226
4 0.517873 0.459101 0.951387 0.41129
60 0.517873 0.459101 0.951387 0.41129
22 0.506157 0.459101 0.968571 0.413594
49 0.504595 0.462558 0.977945 0.403226
52 0.504595 0.462558 0.977945 0.403226
6 0.526075 0.461118 0.934984 0.404954
44 0.517873 0.459101 0.951387 0.41129
67 0.517873 0.459101 0.951387 0.41129
23 0.504595 0.462558 0.977945 0.403226
59 0.506938 0.464862 0.977945 0.402074
68 0.493268 0.474078 0.984975 0.385945
35 0.517873 0.459101 0.951387 0.41129
8 0.516311 0.460541 0.949825 0.41417
7 0.516311 0.460541 0.949825 0.41417
62 0.517873 0.459101 0.951387 0.41129
72 0.504595 0.462558 0.977945 0.403226
41 0.493268 0.474078 0.984975 0.385945
34 0.517873 0.459101 0.951387 0.41129
56 0.504595 0.462558 0.977945 0.403226
50 0.517873 0.459101 0.951387 0.41129
32 0.504595 0.462558 0.977945 0.403226
1 0.506938 0.464862 0.977945 0.402074
66 0.526075 0.461118 0.934984 0.404954
45 0.516311 0.460541 0.949825 0.41417
36 0.517873 0.459101 0.951387 0.41129
39 0.516311 0.460541 0.949825 0.41417
0 0.517873 0.459101 0.951387 0.41129
40 0.533495 0.456797 0.917018 0.41129
4 0.163251 0.549539 0.316348 0.220046
29 0.493268 0.474078 0.984975 0.385945
4 0.499127 0.52621 0.977945 0.272465
3 0.471397 0.53197 0.931859 0.265553
69 0.499517 0.528514 0.978726 0.267857
54 0.493268 0.474078 0.984975 0.385945
65 0.504595 0.462558 0.977945 0.403226
58 0.472569 0.526498 0.935765 0.275346
20 0.506938 0.464862 0.977945 0.402074
10 0.499517 0.528514 0.978726 0.267857
5 0.492097 0.469758 0.981069 0.389977
33 0.540525 0.456797 0.904521 0.406682
71 0.536229 0.460541 0.909988 0.417627
41 0.499127 0.52621 0.977945 0.272465
18 0.506938 0.464862 0.977945 0.402074
44 0.480771 0.53341 0.959979 0.261521
7 0.478818 0.535426 0.954512 0.257489
28 0.493268 0.474078 0.984975 0.385945
30 0.499517 0.482719 0.978726 0.375576
67 0.480771 0.53341 0.959979 0.261521
57 0.499127 0.52621 0.977945 0.272465
49 0.499127 0.52621 0.977945 0.272465
2 0.512406 0.455933 0.962323 0.419931
58 0.496002 0.450461 0.979507 0.427419
4 0.512406 0.455933 0.962323 0.419931
3 0.496002 0.450461 0.979507 0.427419
69 0.512406 0.455933 0.962323 0.419931
68 0.506157 0.460829 0.968571 0.40553
52 0.507328 0.455933 0.964666 0.417627
57 0.5085 0.456221 0.96076 0.415899
6 0.517092 0.459965 0.954512 0.40841
23 0.5085 0.456221 0.96076 0.415899
10 0.506157 0.460829 0.968571 0.40553
60 0.512406 0.455933 0.962323 0.419931
39 0.510062 0.457949 0.962323 0.413594
59 0.506157 0.460829 0.968571 0.40553
8 0.510062 0.457949 0.962323 0.413594
66 0.505376 0.451685 0.98888 0.428427
44 0.503032 0.425763 0.987318 0.479119
1 0.506157 0.460829 0.968571 0.40553
34 0.496002 0.450461 0.979507 0.427419
62 0.503032 0.425763 0.987318 0.479119
22 0.5085 0.456221 0.96076 0.415899
67 0.50147 0.428571 0.985756 0.479263
30 0.50147 0.428571 0.985756 0.479263
56 0.512406 0.455933 0.962323 0.419931
7 0.512406 0.455933 0.962323 0.419931
5 0.491316 0.452477 0.979507 0.4303
33 0.505376 0.451685 0.98888 0.428427
32 0.5085 0.456221 0.96076 0.415899
29 0.50147 0.428571 0.985756 0.479263
45 0.510062 0.457949 0.962323 0.413594
65 0.503032 0.425763 0.987318 0.479119
36 0.503032 0.425763 0.987318 0.479119
49 0.507328 0.455933 0.964666 0.417627
0 0.512406 0.455933 0.962323 0.419931
31 0.50147 0.428571 0.985756 0.479263
20 0.503032 0.425763 0.987318 0.479119
35 0.503032 0.425763 0.987318 0.479119
54 0.491316 0.428859 0.963885 0.476382
28 0.495221 0.453917 0.97482 0.420507
21 0.510062 0.457949 0.962323 0.413594
50 0.507328 0.455933 0.964666 0.417627
61 0.491316 0.452477 0.979507 0.4303
41 0.497174 0.451325 0.978726 0.424539
72 0.50147 0.428571 0.985756 0.479263
71 0.549899 0.460253 0.881088 0.415899
68 0.505376 0.469182 0.977945 0.389977
57 0.507719 0.476382 0.971696 0.376728
2 0.531933 0.456221 0.92483 0.421659
23 0.507719 0.476382 0.971696 0.376728
3 0.505376 0.469182 0.977945 0.389977
4 0.510062 0.459101 0.967009 0.412442
6 0.535058 0.459965 0.920143 0.414171
69 0.510062 0.459101 0.967009 0.412442
22 0.507719 0.476382 0.971696 0.376728
34 0.505376 0.469182 0.977945 0.389977
52 0.510062 0.459101 0.967009 0.412442
8 0.539354 0.459389 0.905302 0.415323
60 0.519826 0.460541 0.944357 0.411866
29 0.494831 0.496832 0.963104 0.331221
44 0.519826 0.460541 0.944357 0.411866
0 0.531933 0.456221 0.92483 0.421659
7 0.510062 0.459101 0.967009 0.412442
28 0.509281 0.484159 0.968571 0.360023
32 0.519826 0.460541 0.944357 0.411866
10 0.505376 0.469182 0.977945 0.389977
67 0.531933 0.456221 0.92483 0.421659
58 0.507719 0.476382 0.971696 0.376728
66 0.531933 0.456221 0.92483 0.421659
35 0.531933 0.456221 0.92483 0.421659
44 0.494831 0.513249 0.961541 0.299539
54 0.535058 0.459965 0.920143 0.414171
62 0.510062 0.459101 0.967009 0.412442
45 0.539354 0.459389 0.905302 0.415323
39 0.539354 0.459389 0.905302 0.415323
1 0.510843 0.462846 0.962323 0.407258
56 0.519826 0.460541 0.944357 0.411866
5 0.507719 0.476382 0.971696 0.376728
20 0.519826 0.460541 0.944357 0.411866
31 0.510843 0.462846 0.962323 0.407258
20 0.494831 0.513249 0.961541 0.299539
30 0.535058 0.459965 0.920143 0.414171
8 0.494831 0.513249 0.961541 0.299539
21 0.539354 0.459389 0.905302 0.415323
59 0.510843 0.462846 0.962323 0.407258
66 0.494831 0.513249 0.961541 0.299539
36 0.535058 0.459965 0.920143 0.414171
65 0.510062 0.459101 0.967009 0.412442
45 0.494831 0.513249 0.961541 0.299539
23 0.483505 0.525922 0.96076 0.274194
32 0.494831 0.513249 0.961541 0.299539
61 0.519826 0.460541 0.944357 0.411866
33 0.539354 0.459389 0.905302 0.415323
10 0.483505 0.525922 0.96076 0.274194
60 0.494831 0.513249 0.961541 0.299539
61 0.494831 0.523041 0.931859 0.281106
57 0.483505 0.525922 0.96076 0.274194
39 0.494831 0.513249 0.961541 0.299539
4 0.503032 0.523618 0.977945 0.279954
33 0.503032 0.523618 0.977945 0.279954
5 0.483505 0.525922 0.96076 0.274194
67 0.494831 0.513249 0.961541 0.299539
41 0.505376 0.469182 0.977945 0.389977
36 0.494831 0.513249 0.961541 0.299539
72 0.510062 0.459101 0.967009 0.412442
2 0.494831 0.513249 0.961541 0.299539
28 0.463196 0.52477 0.917018 0.275346
56 0.494831 0.513249 0.961541 0.299539
54 0.494831 0.513249 0.961541 0.299539
