22 0.482899 0.468678 0.956436 0.60977
2 0.49148 0.468391 0.982961 0.610345
57 0.49148 0.466954 0.982961 0.613218
41 0.48914 0.456609 0.97828 0.631609
72 0.482899 0.468678 0.956436 0.60977
62 0.49148 0.468391 0.982961 0.610345
4 0.498502 0.443966 0.997003 0.646552
66 0.49148 0.468391 0.982961 0.610345
22 0.289037 0.460345 0.566373 0.605747
4 0.289037 0.460345 0.566373 0.605747
44 0.50078 0.462644 0.99844 0.613793
41 0.289037 0.460345 0.566373 0.605747
40 0.5 0.449425 1 0.643678
60 0.479778 0.467816 0.947075 0.618391
20 0.48914 0.456609 0.97828 0.631609
35 0.483289 0.471264 0.955656 0.618391
17 0.482899 0.468678 0.956436 0.60977
67 0.496941 0.483908 0.984521 0.63908
46 0.48914 0.456609 0.97828 0.631609
64 0.49148 0.468391 0.982961 0.610345
72 0.289037 0.460345 0.566373 0.605747
70 0.482899 0.468678 0.956436 0.60977
1 0.482899 0.468678 0.956436 0.60977
66 0.289037 0.460345 0.566373 0.605747
49 0.482899 0.468678 0.956436 0.60977
49 0.289037 0.460345 0.566373 0.605747
71 0.49148 0.466954 0.982961 0.613218
60 0.289037 0.460345 0.566373 0.605747
5 0.48914 0.456609 0.97828 0.631609
57 0.289037 0.460345 0.566373 0.605747
4 0.644385 0.507759 0.695874 0.515517
32 0.485239 0.489655 0.968918 0.648276
31 0.50078 0.462644 0.99844 0.613793
29 0.49148 0.466954 0.982961 0.613218
3 0.462616 0.464943 0.909629 0.614942
70 0.289037 0.460345 0.566373 0.605747
2 0.289037 0.460345 0.566373 0.605747
17 0.289037 0.460345 0.566373 0.605747
52 0.502012 0.499353 0.969699 0.539224
57 0.644385 0.507759 0.695874 0.515517
10 0.501232 0.487356 0.97906 0.542529
36 0.5 0.449425 1 0.643678
0 0.479778 0.467816 0.947075 0.618391
33 0.5 0.449425 1 0.643678
45 0.49148 0.466954 0.982961 0.613218
58 0.483289 0.471264 0.955656 0.618391
46 0.289037 0.460345 0.566373 0.605747
65 0.48914 0.456609 0.97828 0.631609
1 0.289037 0.460345 0.566373 0.605747
2 0.500062 0.478448 0.968918 0.572989
57 0.505461 0.468966 0.989078 0.596552
66 0.505461 0.468966 0.989078 0.596552
69 0.504291 0.472414 0.991419 0.598851
62 0.505461 0.468966 0.989078 0.596552
4 0.496551 0.470618 0.972819 0.5875
33 0.505461 0.468966 0.989078 0.596552
67 0.504291 0.472414 0.991419 0.598851
44 0.505461 0.468966 0.989078 0.596552
41 0.505461 0.468966 0.989078 0.596552
7 0.504681 0.470115 0.990638 0.589655
3 0.478998 0.468894 0.945515 0.5875
58 0.478998 0.468894 0.945515 0.5875
10 0.494601 0.46954 0.9814 0.594253
20 0.504681 0.470115 0.990638 0.589655
35 0.496551 0.470618 0.972819 0.5875
60 0.504681 0.470115 0.990638 0.589655
72 0.496551 0.470618 0.972819 0.5875
8 0.494601 0.476437 0.97828 0.585057
22 0.497721 0.488434 0.968918 0.551868
65 0.496551 0.470618 0.972819 0.5875
36 0.504291 0.472414 0.991419 0.598851
29 0.496551 0.470618 0.972819 0.5875
40 0.498502 0.497414 0.967358 0.533908
56 0.494601 0.46954 0.9814 0.594253
49 0.494601 0.46954 0.9814 0.594253
52 0.496551 0.470618 0.972819 0.5875
31 0.496551 0.470618 0.972819 0.5875
30 0.494601 0.476437 0.97828 0.585057
5 0.497721 0.466379 0.982961 0.598276
6 0.568713 0.499497 0.847219 0.545833
32 0.504291 0.472414 0.991419 0.598851
18 0.49148 0.468678 0.97672 0.599425
54 0.498502 0.497414 0.967358 0.533908
45 0.497721 0.488434 0.968918 0.551868
57 0.617081 0.499497 0.753603 0.528592
1 0.497721 0.466379 0.982961 0.598276
38 0.503962 0.49454 0.950195 0.539655
39 0.503962 0.49454 0.950195 0.539655
68 0.494601 0.46954 0.9814 0.594253
17 0.497721 0.466379 0.982961 0.598276
71 0.500062 0.478448 0.968918 0.572989
15 0.497721 0.488434 0.968918 0.551868
48 0.497721 0.488434 0.968918 0.551868
64 0.497721 0.491379 0.973599 0.543678
0 0.48836 0.497989 0.973599 0.539655
28 0.499282 0.483621 0.961117 0.561494
26 0.494601 0.476437 0.97828 0.585057
59 0.494601 0.476437 0.97828 0.585057
34 0.48836 0.497989 0.973599 0.539655
2 0.4868 0.466667 0.973599 0.602299
4 0.4868 0.466667 0.973599 0.602299
58 0.496941 0.464081 0.982961 0.600575
69 0.498892 0.468966 0.991542 0.604598
66 0.498892 0.468966 0.991542 0.604598
10 0.496941 0.464081 0.982961 0.600575
3 0.496941 0.464081 0.982961 0.600575
5 0.496941 0.464081 0.982961 0.600575
7 0.498892 0.468966 0.991542 0.604598
44 0.498892 0.468966 0.991542 0.604598
56 0.498892 0.468966 0.991542 0.604598
57 0.498892 0.468966 0.991542 0.604598
23 0.498892 0.468966 0.991542 0.604598
67 0.486019 0.461782 0.972039 0.601724
22 0.4868 0.466667 0.973599 0.602299
1 0.494991 0.456609 0.97906 0.601724
65 0.496941 0.461494 0.984521 0.604598
8 0.486019 0.461782 0.972039 0.601724
34 0.496941 0.464081 0.982961 0.600575
39 0.49226 0.473635 0.972039 0.581466
45 0.4868 0.466667 0.973599 0.602299
62 0.496941 0.461494 0.984521 0.604598
60 0.4868 0.466667 0.973599 0.602299
36 0.496941 0.461494 0.984521 0.604598
52 0.4868 0.466667 0.973599 0.602299
28 0.494991 0.46092 0.97906 0.602299
20 0.496941 0.461494 0.984521 0.604598
68 0.496941 0.464081 0.982961 0.600575
31 0.496941 0.461494 0.984521 0.604598
29 0.486019 0.461782 0.972039 0.601724
33 0.498892 0.468966 0.991542 0.604598
6 0.486019 0.461782 0.972039 0.601724
35 0.4868 0.466667 0.973599 0.602299
49 0.498892 0.468966 0.991542 0.604598
32 0.498892 0.468966 0.991542 0.604598
30 0.48719 0.464655 0.966578 0.617816
41 0.498892 0.468966 0.991542 0.604598
15 0.4868 0.466667 0.973599 0.602299
54 0.49187 0.477012 0.972819 0.567816
21 0.4868 0.466667 0.973599 0.602299
72 0.496941 0.461494 0.984521 0.604598
59 0.486019 0.461782 0.972039 0.601724
58 0.362954 0.442026 0.710306 0.57227
71 0.493431 0.481897 0.971259 0.561494
