22 0.476084 0.455069 0.938108 0.425115
57 0.485067 0.455645 0.951387 0.427419
41 0.427265 0.454781 0.832659 0.426843
72 0.48038 0.456221 0.945138 0.421659
4 0.48038 0.456221 0.945138 0.421659
2 0.49405 0.458813 0.983412 0.411866
60 0.485067 0.455645 0.951387 0.427419
62 0.48038 0.456221 0.945138 0.421659
32 0.49405 0.457373 0.98185 0.419355
22 0.246048 0.451037 0.467101 0.419355
5 0.476084 0.455069 0.938108 0.425115
66 0.501861 0.466878 0.986537 0.404954
44 0.49405 0.457373 0.98185 0.419355
67 0.49405 0.457373 0.98185 0.419355
49 0.451479 0.456797 0.876401 0.422811
3 0.476084 0.455069 0.938108 0.425115
40 0.49405 0.458813 0.983412 0.411866
41 0.246048 0.451037 0.467101 0.419355
35 0.48038 0.456221 0.945138 0.421659
17 0.485067 0.455645 0.951387 0.427419
20 0.476084 0.455069 0.938108 0.425115
1 0.476084 0.455069 0.938108 0.425115
64 0.49405 0.458813 0.983412 0.411866
4 0.347202 0.453341 0.668627 0.422811
5 0.246048 0.451037 0.467101 0.419355
52 0.498346 0.459965 0.987318 0.409562
10 0.477646 0.456221 0.933422 0.419355
58 0.485067 0.455645 0.951387 0.427419
65 0.48038 0.456221 0.945138 0.421659
70 0.485067 0.455645 0.951387 0.427419
6 0.477646 0.456221 0.933422 0.419355
46 0.48741 0.457373 0.973258 0.419355
37 0.48038 0.456221 0.945138 0.421659
69 0.476084 0.455069 0.938108 0.425115
72 0.246048 0.451037 0.467101 0.419355
57 0.347202 0.453341 0.668627 0.422811
56 0.498346 0.459965 0.987318 0.409562
54 0.427265 0.454781 0.832659 0.426843
0 0.49405 0.458813 0.983412 0.411866
39 0.48741 0.457373 0.973258 0.419355
8 0.48741 0.457373 0.973258 0.419355
71 0.49405 0.458813 0.983412 0.411866
4 0.572941 0.518145 0.838127 0.303571
3 0.286275 0.449309 0.545993 0.420507
10 0.246048 0.451037 0.467101 0.419355
60 0.246048 0.451037 0.467101 0.419355
11 0.501861 0.466878 0.986537 0.404954
36 0.477646 0.456221 0.933422 0.419355
33 0.492097 0.461982 0.981069 0.41129
7 0.412033 0.451901 0.802196 0.424539
29 0.485067 0.455645 0.951387 0.427419
37 0.347202 0.453341 0.668627 0.422811
69 0.286275 0.449309 0.545993 0.420507
4 0.246048 0.451037 0.467101 0.419355
2 0.485067 0.451325 0.963885 0.419931
4 0.485067 0.451325 0.963885 0.419931
67 0.485457 0.452477 0.966228 0.424539
3 0.477256 0.450749 0.934203 0.419931
58 0.442887 0.451037 0.865465 0.417051
57 0.49444 0.453629 0.979507 0.419931
60 0.49444 0.453629 0.979507 0.419931
69 0.485457 0.452477 0.966228 0.424539
44 0.49444 0.455645 0.985756 0.425115
22 0.485067 0.451325 0.963885 0.419931
10 0.477256 0.450749 0.934203 0.419931
8 0.485457 0.452477 0.966228 0.424539
7 0.477256 0.450749 0.934203 0.419931
62 0.49444 0.453629 0.979507 0.419931
52 0.49444 0.453629 0.979507 0.419931
6 0.49444 0.455645 0.985756 0.425115
41 0.485067 0.451325 0.963885 0.419931
36 0.49444 0.455645 0.985756 0.425115
32 0.49444 0.455645 0.985756 0.425115
66 0.485067 0.451325 0.963885 0.419931
31 0.49444 0.453629 0.979507 0.419931
68 0.476475 0.452189 0.934203 0.423963
30 0.476084 0.456221 0.947482 0.419355
20 0.485457 0.452477 0.966228 0.424539
1 0.477256 0.450749 0.934203 0.419931
56 0.485067 0.451325 0.963885 0.419931
49 0.477256 0.450749 0.934203 0.419931
35 0.49444 0.453629 0.979507 0.419931
39 0.485457 0.453917 0.959979 0.422811
5 0.477256 0.450749 0.934203 0.419931
29 0.49444 0.455645 0.985756 0.425115
72 0.485457 0.452477 0.966228 0.424539
65 0.485067 0.451325 0.963885 0.419931
58 0.316934 0.448445 0.615121 0.410714
34 0.497565 0.459677 0.954512 0.414747
0 0.485067 0.451325 0.963885 0.419931
59 0.457338 0.455357 0.897491 0.421083
45 0.490535 0.455069 0.971696 0.423963
18 0.476475 0.452189 0.934203 0.423963
37 0.477256 0.450749 0.934203 0.419931
33 0.485067 0.451325 0.963885 0.419931
23 0.511624 0.456221 0.959198 0.430876
28 0.476475 0.453341 0.934203 0.420507
26 0.49444 0.455645 0.985756 0.425115
46 0.485457 0.453917 0.959979 0.422811
40 0.49444 0.453629 0.979507 0.419931
71 0.49444 0.453629 0.979507 0.419931
34 0.320839 0.446141 0.619808 0.403802
3 0.316934 0.448445 0.615121 0.410714
54 0.476475 0.452189 0.934203 0.423963
11 0.485457 0.453917 0.959979 0.422811
15 0.442887 0.451037 0.865465 0.417051
50 0.488972 0.461982 0.977945 0.412442
10 0.316934 0.448445 0.615121 0.410714
70 0.457338 0.455357 0.897491 0.421083
2 0.501861 0.451109 0.986537 0.431884
58 0.478818 0.452693 0.938889 0.432172
4 0.501861 0.451109 0.986537 0.431884
67 0.499517 0.454493 0.988099 0.427419
6 0.499517 0.454493 0.988099 0.427419
5 0.499127 0.450749 0.979507 0.433756
57 0.500689 0.454421 0.98888 0.43102
44 0.500689 0.454421 0.98888 0.43102
39 0.500689 0.454421 0.98888 0.43102
22 0.501861 0.451109 0.986537 0.431884
10 0.478818 0.452693 0.938889 0.432172
3 0.478818 0.452693 0.938889 0.432172
60 0.501861 0.451109 0.986537 0.431884
68 0.496393 0.455645 0.977164 0.427419
52 0.492097 0.449237 0.965447 0.43678
29 0.499517 0.454493 0.988099 0.427419
69 0.499127 0.450749 0.979507 0.433756
8 0.499517 0.454493 0.988099 0.427419
23 0.499127 0.450749 0.979507 0.433756
36 0.501861 0.451109 0.986537 0.431884
66 0.499127 0.450749 0.979507 0.433756
62 0.501861 0.451109 0.986537 0.431884
1 0.480771 0.456509 0.945919 0.427995
32 0.499908 0.454781 0.979507 0.429147
33 0.500689 0.454421 0.98888 0.43102
31 0.499517 0.454493 0.988099 0.427419
35 0.501861 0.451109 0.986537 0.431884
65 0.501861 0.451109 0.986537 0.431884
28 0.499908 0.454781 0.979507 0.429147
54 0.499517 0.454493 0.988099 0.427419
34 0.499127 0.450749 0.979507 0.433756
45 0.493268 0.447293 0.966228 0.446429
56 0.499127 0.450749 0.979507 0.433756
7 0.499127 0.450749 0.979507 0.433756
30 0.499517 0.454493 0.988099 0.427419
61 0.499908 0.454781 0.979507 0.429147
20 0.500689 0.454421 0.98888 0.43102
59 0.492487 0.457373 0.966228 0.423963
0 0.501861 0.451109 0.986537 0.431884
41 0.496393 0.455645 0.977164 0.427419
49 0.478818 0.452693 0.938889 0.432172
72 0.499517 0.454493 0.988099 0.427419
21 0.493268 0.447293 0.966228 0.446429
4 0.498346 0.452189 0.984194 0.418203
67 0.498346 0.452477 0.984194 0.422235
57 0.498736 0.451613 0.980288 0.422811
6 0.498346 0.452477 0.984194 0.422235
52 0.496002 0.447653 0.963885 0.42958
22 0.498346 0.452189 0.984194 0.418203
68 0.474131 0.451613 0.931078 0.415899
23 0.498736 0.451613 0.980288 0.422811
5 0.492097 0.450173 0.971696 0.421083
2 0.498346 0.452189 0.984194 0.418203
3 0.47335 0.449885 0.926392 0.415899
29 0.498346 0.452477 0.984194 0.422235
44 0.498346 0.452189 0.984194 0.418203
31 0.498346 0.452477 0.984194 0.422235
28 0.492097 0.450173 0.971696 0.421083
10 0.47335 0.449885 0.926392 0.415899
58 0.47335 0.449885 0.926392 0.415899
66 0.498346 0.452189 0.984194 0.418203
1 0.474131 0.451613 0.931078 0.415899
34 0.492097 0.450173 0.971696 0.421083
54 0.498346 0.452477 0.984194 0.422235
60 0.498346 0.452189 0.984194 0.418203
32 0.493268 0.451109 0.969353 0.420363
7 0.498346 0.452189 0.984194 0.418203
8 0.498346 0.452477 0.984194 0.422235
69 0.492097 0.450173 0.971696 0.421083
39 0.498736 0.451613 0.980288 0.422811
36 0.498346 0.452477 0.984194 0.422235
62 0.498346 0.452477 0.984194 0.422235
61 0.493268 0.451109 0.969353 0.420363
56 0.492097 0.450173 0.971696 0.421083
20 0.498736 0.451613 0.980288 0.422811
0 0.498346 0.452189 0.984194 0.418203
45 0.498346 0.452189 0.984194 0.418203
59 0.498736 0.46227 0.980288 0.409562
65 0.496002 0.447653 0.963885 0.42958
35 0.498346 0.452477 0.984194 0.422235
30 0.498346 0.452477 0.984194 0.422235
33 0.498736 0.451613 0.980288 0.422811
41 0.492097 0.450173 0.971696 0.421083
21 0.499127 0.457949 0.970134 0.415899
