57 0.504595 0.475518 0.965447 0.392281
22 0.499127 0.473502 0.962323 0.391705
4 0.499127 0.473502 0.962323 0.391705
60 0.510843 0.47523 0.920143 0.391705
72 0.499127 0.473502 0.962323 0.391705
62 0.499127 0.473502 0.962323 0.391705
41 0.499127 0.473502 0.962323 0.391705
2 0.499127 0.473502 0.962323 0.391705
67 0.504595 0.475518 0.965447 0.392281
66 0.504595 0.475518 0.965447 0.392281
32 0.496002 0.478399 0.967009 0.389977
70 0.517092 0.474366 0.931078 0.389977
5 0.49405 0.47379 0.942795 0.392281
44 0.504595 0.475518 0.965447 0.392281
35 0.517092 0.474366 0.931078 0.389977
40 0.494831 0.473502 0.970915 0.391705
36 0.496002 0.478399 0.967009 0.389977
49 0.517092 0.474366 0.931078 0.389977
17 0.504595 0.475518 0.965447 0.392281
37 0.488191 0.476382 0.874839 0.390553
0 0.510843 0.47523 0.920143 0.391705
46 0.49405 0.47379 0.942795 0.392281
20 0.49405 0.47379 0.942795 0.392281
22 0.263819 0.475806 0.425312 0.387097
39 0.49405 0.47379 0.942795 0.392281
69 0.504595 0.475518 0.965447 0.392281
57 0.263819 0.475806 0.425312 0.387097
1 0.49405 0.47379 0.942795 0.392281
52 0.494831 0.473502 0.970915 0.391705
3 0.483505 0.47523 0.870152 0.385945
10 0.497174 0.476671 0.892804 0.392281
65 0.510843 0.47523 0.920143 0.391705
4 0.360871 0.477823 0.620198 0.393433
4 0.574113 0.526498 0.846719 0.31682
29 0.497174 0.476671 0.892804 0.392281
71 0.504595 0.475518 0.965447 0.392281
64 0.499127 0.473502 0.962323 0.391705
31 0.496002 0.478399 0.967009 0.389977
2 0.49444 0.474654 0.954512 0.389401
4 0.49444 0.474654 0.954512 0.389401
57 0.49444 0.474654 0.954512 0.389401
60 0.49444 0.474654 0.954512 0.389401
69 0.505376 0.476094 0.946701 0.391129
10 0.505376 0.476094 0.946701 0.391129
67 0.493659 0.47235 0.956074 0.397465
3 0.511624 0.476382 0.948263 0.387097
52 0.507719 0.47523 0.943576 0.384793
22 0.49444 0.474654 0.954512 0.389401
36 0.493659 0.47235 0.956074 0.397465
44 0.493659 0.47235 0.956074 0.397465
7 0.507719 0.47523 0.943576 0.384793
58 0.505376 0.476094 0.946701 0.391129
62 0.49444 0.474654 0.954512 0.389401
6 0.493659 0.47235 0.956074 0.397465
8 0.493659 0.47235 0.956074 0.397465
0 0.49444 0.474654 0.954512 0.389401
34 0.49444 0.474654 0.954512 0.389401
41 0.507719 0.47523 0.943576 0.384793
35 0.49444 0.474654 0.954512 0.389401
32 0.505376 0.476094 0.946701 0.391129
39 0.495221 0.474654 0.949825 0.390553
31 0.505376 0.476094 0.946701 0.391129
49 0.507719 0.47523 0.943576 0.384793
56 0.49444 0.474654 0.954512 0.389401
20 0.505376 0.476094 0.946701 0.391129
4 0.176335 0.349006 0.260499 0.257056
30 0.505376 0.476094 0.946701 0.391129
68 0.511624 0.476382 0.948263 0.387097
37 0.507719 0.47523 0.943576 0.384793
18 0.512406 0.478687 0.943576 0.389401
72 0.49444 0.474654 0.954512 0.389401
1 0.512406 0.478687 0.943576 0.389401
15 0.49444 0.474654 0.954512 0.389401
59 0.497174 0.477247 0.944357 0.396889
29 0.505376 0.476094 0.946701 0.391129
40 0.49444 0.474654 0.954512 0.389401
45 0.495221 0.474654 0.949825 0.390553
54 0.497174 0.477247 0.944357 0.396889
65 0.49444 0.474654 0.954512 0.389401
23 0.505376 0.455933 0.917018 0.449885
66 0.511624 0.476382 0.948263 0.387097
5 0.509281 0.474942 0.937327 0.387673
2 0.493659 0.479263 0.963885 0.37788
4 0.493659 0.479263 0.963885 0.37788
58 0.504985 0.473502 0.936546 0.389401
52 0.493659 0.479263 0.963885 0.37788
57 0.493659 0.479263 0.963885 0.37788
34 0.504985 0.473502 0.936546 0.389401
3 0.519826 0.470622 0.944357 0.398618
59 0.492487 0.479551 0.964666 0.376152
68 0.503423 0.477247 0.93967 0.384217
60 0.493659 0.479263 0.963885 0.37788
23 0.506547 0.474078 0.939671 0.395161
69 0.493659 0.479263 0.963885 0.37788
6 0.492487 0.479551 0.964666 0.376152
22 0.493659 0.479263 0.963885 0.37788
10 0.503423 0.477247 0.93967 0.384217
67 0.492487 0.479551 0.964666 0.376152
7 0.493659 0.479263 0.963885 0.37788
39 0.49444 0.480127 0.957636 0.385369
1 0.503423 0.477247 0.93967 0.384217
29 0.503423 0.477247 0.93967 0.384217
31 0.503423 0.477247 0.93967 0.384217
44 0.49444 0.480127 0.957636 0.385369
56 0.493659 0.479263 0.963885 0.37788
28 0.519826 0.470622 0.944357 0.398618
32 0.49444 0.480127 0.957636 0.385369
49 0.504985 0.473502 0.936546 0.389401
5 0.506547 0.474078 0.939671 0.395161
45 0.49444 0.480127 0.957636 0.385369
20 0.503423 0.477247 0.93967 0.384217
8 0.49444 0.480127 0.957636 0.385369
36 0.492487 0.479551 0.964666 0.376152
62 0.492487 0.479551 0.964666 0.376152
58 0.317129 0.471774 0.542087 0.400922
65 0.493659 0.479263 0.963885 0.37788
41 0.503423 0.477247 0.93967 0.384217
35 0.493659 0.479263 0.963885 0.37788
30 0.492487 0.479551 0.964666 0.376152
66 0.49444 0.480127 0.957636 0.385369
54 0.497565 0.476959 0.931078 0.385945
21 0.505766 0.481567 0.936546 0.387097
0 0.493659 0.479263 0.963885 0.37788
61 0.520217 0.471774 0.942014 0.400922
4 0.493659 0.476671 0.967009 0.377304
52 0.493659 0.476671 0.967009 0.377304
34 0.513968 0.47523 0.92483 0.375576
68 0.510062 0.478111 0.927954 0.370968
57 0.493659 0.476671 0.967009 0.377304
23 0.516311 0.477247 0.917018 0.377304
58 0.516311 0.477247 0.917018 0.377304
59 0.510062 0.478111 0.927954 0.370968
3 0.519826 0.47379 0.945919 0.377304
60 0.493659 0.476671 0.967009 0.377304
2 0.493659 0.476671 0.967009 0.377304
67 0.490535 0.478687 0.971696 0.374424
31 0.510062 0.478111 0.927954 0.370968
69 0.493659 0.476671 0.967009 0.377304
22 0.493659 0.476671 0.967009 0.377304
10 0.516702 0.474942 0.944357 0.373848
6 0.490535 0.478687 0.971696 0.374424
28 0.519826 0.47379 0.945919 0.377304
7 0.493659 0.476671 0.967009 0.377304
32 0.496783 0.480127 0.949825 0.373848
29 0.510062 0.478111 0.927954 0.370968
0 0.493659 0.476671 0.967009 0.377304
1 0.505376 0.472062 0.917018 0.373848
44 0.496783 0.480127 0.949825 0.373848
20 0.510062 0.478111 0.927954 0.370968
5 0.516311 0.477247 0.917018 0.377304
36 0.490535 0.478687 0.971696 0.374424
8 0.510062 0.478111 0.927954 0.370968
56 0.513968 0.47523 0.92483 0.375576
62 0.493659 0.476671 0.967009 0.377304
39 0.496783 0.480127 0.949825 0.373848
30 0.490535 0.478687 0.971696 0.374424
61 0.516311 0.477247 0.917018 0.377304
65 0.493659 0.476671 0.967009 0.377304
35 0.493659 0.476671 0.967009 0.377304
49 0.519826 0.47379 0.945919 0.377304
45 0.496783 0.480127 0.949825 0.373848
66 0.490535 0.478687 0.971696 0.374424
21 0.511234 0.482719 0.933422 0.375576
41 0.510062 0.478111 0.927954 0.370968
