2 0.499517 0.489343 0.972477 0.487903
72 0.498346 0.484447 0.965447 0.493088
22 0.498346 0.484447 0.965447 0.493088
62 0.498346 0.484447 0.965447 0.493088
57 0.507719 0.485599 0.940452 0.495392
60 0.507719 0.485599 0.940452 0.495392
4 0.556147 0.486823 0.84047 0.495248
8 0.509672 0.489631 0.936546 0.490783
49 0.488582 0.567396 0.95373 0.332949
22 0.48038 0.581221 0.948263 0.302995
60 0.491316 0.56394 0.967009 0.342166
4 0.491316 0.56394 0.967009 0.342166
45 0.509672 0.489631 0.936546 0.490783
41 0.507719 0.485599 0.940452 0.495392
35 0.556147 0.486823 0.84047 0.495248
2 0.491316 0.56394 0.967009 0.342166
10 0.497174 0.486751 0.950606 0.482719
44 0.498346 0.484447 0.965447 0.493088
40 0.507719 0.485599 0.940452 0.495392
20 0.499517 0.489343 0.972477 0.487903
56 0.498346 0.484447 0.965447 0.493088
39 0.556147 0.486823 0.84047 0.495248
38 0.499517 0.489343 0.972477 0.487903
49 0.340562 0.580645 0.657691 0.304147
41 0.491316 0.56394 0.967009 0.342166
67 0.570988 0.488191 0.809226 0.493664
57 0.491316 0.56394 0.967009 0.342166
36 0.499517 0.489343 0.972477 0.487903
31 0.496002 0.514977 0.970134 0.43318
17 0.498346 0.484447 0.965447 0.493088
3 0.499517 0.489343 0.972477 0.487903
66 0.498346 0.484447 0.965447 0.493088
4 0.666283 0.46947 0.62176 0.455069
46 0.499517 0.489343 0.972477 0.487903
23 0.495221 0.495392 0.977945 0.478111
32 0.49405 0.513249 0.970915 0.440092
16 0.499127 0.484735 0.97482 0.491359
14 0.498346 0.484447 0.965447 0.493088
64 0.498346 0.484447 0.965447 0.493088
65 0.491316 0.56394 0.967009 0.342166
67 0.488582 0.567396 0.95373 0.332949
62 0.491316 0.56394 0.967009 0.342166
71 0.570988 0.488191 0.809226 0.493664
49 0.553804 0.481279 0.848281 0.480991
34 0.507719 0.485599 0.940452 0.495392
4 0.340562 0.580645 0.657691 0.304147
2 0.49444 0.489631 0.932641 0.476959
57 0.499127 0.493664 0.935765 0.470046
60 0.496002 0.486751 0.952949 0.489631
10 0.491706 0.489343 0.941233 0.47523
69 0.496783 0.49856 0.940452 0.468318
4 0.491316 0.494816 0.938889 0.473502
3 0.496783 0.49856 0.940452 0.468318
62 0.496002 0.486751 0.952949 0.489631
22 0.499127 0.493664 0.935765 0.470046
7 0.496783 0.49856 0.940452 0.468318
44 0.491316 0.494816 0.938889 0.473502
72 0.496783 0.49856 0.940452 0.468318
58 0.499127 0.493664 0.935765 0.470046
67 0.496002 0.486751 0.952949 0.489631
59 0.491706 0.489343 0.941233 0.47523
41 0.496783 0.493088 0.949825 0.481567
49 0.496783 0.49856 0.940452 0.468318
36 0.496002 0.486751 0.952949 0.489631
35 0.496002 0.486751 0.952949 0.489631
8 0.496783 0.486751 0.942014 0.485023
66 0.496002 0.486751 0.952949 0.489631
52 0.497174 0.492512 0.952168 0.474654
6 0.493268 0.484735 0.95373 0.484447
32 0.491316 0.494816 0.938889 0.473502
56 0.496002 0.486751 0.952949 0.489631
45 0.496783 0.486751 0.942014 0.485023
40 0.496002 0.486751 0.952949 0.489631
34 0.496783 0.49856 0.940452 0.468318
65 0.491316 0.494816 0.938889 0.473502
68 0.496783 0.493088 0.949825 0.481567
0 0.496002 0.486751 0.952949 0.489631
1 0.498736 0.487903 0.934984 0.479263
39 0.496783 0.486751 0.942014 0.485023
33 0.496783 0.486751 0.942014 0.485023
29 0.490535 0.488767 0.952949 0.490207
23 0.499127 0.493664 0.935765 0.470046
5 0.496783 0.49856 0.940452 0.468318
20 0.496783 0.486751 0.942014 0.485023
31 0.490535 0.488767 0.952949 0.490207
28 0.496783 0.493088 0.949825 0.481567
38 0.496783 0.486751 0.942014 0.485023
18 0.491706 0.489343 0.941233 0.47523
54 0.502642 0.481567 0.945919 0.490783
30 0.490144 0.47055 0.95373 0.523185
15 0.496783 0.486751 0.942014 0.485023
71 0.497174 0.495968 0.942795 0.47235
14 0.49444 0.489631 0.932641 0.476959
50 0.49444 0.489631 0.932641 0.476959
17 0.491316 0.494816 0.938889 0.473502
2 0.482724 0.490207 0.942014 0.485023
4 0.488191 0.451109 0.945138 0.562068
66 0.491316 0.447653 0.956074 0.567828
60 0.482724 0.490207 0.942014 0.485023
57 0.486629 0.482791 0.935765 0.499856
3 0.486629 0.482791 0.935765 0.499856
44 0.491316 0.447653 0.956074 0.567828
39 0.48741 0.483943 0.938889 0.499856
69 0.486629 0.482791 0.935765 0.499856
65 0.488191 0.451109 0.945138 0.562068
34 0.486629 0.482791 0.935765 0.499856
62 0.488191 0.451109 0.945138 0.562068
29 0.488191 0.446141 0.942014 0.568548
22 0.487801 0.456149 0.942795 0.550835
10 0.48702 0.474006 0.934984 0.508209
52 0.486629 0.482791 0.935765 0.499856
7 0.487801 0.456149 0.942795 0.550835
33 0.491316 0.447653 0.956074 0.567828
8 0.48702 0.455717 0.947482 0.555156
6 0.495612 0.489631 0.934984 0.481567
23 0.48741 0.483943 0.938889 0.499856
67 0.488191 0.446141 0.942014 0.568548
5 0.490535 0.453845 0.956074 0.556596
0 0.496393 0.488767 0.945919 0.491359
45 0.48702 0.455717 0.947482 0.555156
32 0.486629 0.482791 0.935765 0.499856
20 0.491316 0.447653 0.956074 0.567828
59 0.48702 0.474006 0.934984 0.508209
56 0.482724 0.490207 0.942014 0.485023
35 0.488191 0.451109 0.945138 0.562068
54 0.488191 0.446141 0.942014 0.568548
30 0.488191 0.446141 0.942014 0.568548
58 0.48741 0.483943 0.938889 0.499856
36 0.488191 0.451109 0.945138 0.562068
1 0.48702 0.474006 0.934984 0.508209
68 0.48702 0.474006 0.934984 0.508209
72 0.488191 0.451109 0.945138 0.562068
28 0.487801 0.456149 0.942795 0.550835
31 0.488191 0.446141 0.942014 0.568548
41 0.488191 0.451109 0.945138 0.562068
49 0.486629 0.482791 0.935765 0.499856
61 0.490535 0.453845 0.956074 0.556596
40 0.496393 0.488767 0.945919 0.491359
21 0.48702 0.455717 0.947482 0.555156
