22 0.489 0.505787 0.96395 0.527778
2 0.490561 0.501085 0.973317 0.526765
4 0.495244 0.504557 0.987366 0.530237
41 0.491342 0.506366 0.965511 0.524306
62 0.498757 0.50434 0.991269 0.523727
72 0.491342 0.506366 0.965511 0.524306
57 0.498366 0.501664 0.99361 0.526765
60 0.501098 0.503762 0.991269 0.522569
66 0.498757 0.50434 0.991269 0.523727
44 0.498757 0.50434 0.991269 0.523727
40 0.498757 0.50434 0.991269 0.523727
70 0.491342 0.512153 0.962389 0.530093
35 0.498366 0.501664 0.99361 0.526765
67 0.501098 0.503762 0.991269 0.522569
64 0.498366 0.501664 0.99361 0.526765
71 0.503049 0.500868 0.992049 0.526042
1 0.491342 0.506366 0.965511 0.524306
46 0.495244 0.504557 0.987366 0.530237
49 0.440998 0.510706 0.863262 0.529514
32 0.503049 0.500868 0.992049 0.526042
4 0.534661 0.586806 0.900728 0.325232
29 0.501098 0.503762 0.991269 0.522569
52 0.503049 0.500868 0.992049 0.526042
20 0.498757 0.50434 0.991269 0.523727
5 0.495244 0.504557 0.987366 0.530237
10 0.491342 0.512153 0.962389 0.530093
22 0.496415 0.588976 0.980341 0.333623
37 0.494073 0.505498 0.966292 0.521412
17 0.492512 0.501085 0.985025 0.534867
36 0.491342 0.512153 0.962389 0.530093
22 0.199229 0.506293 0.374263 0.518663
33 0.498366 0.501664 0.99361 0.526765
31 0.498366 0.501664 0.99361 0.526765
65 0.494073 0.505498 0.966292 0.521412
0 0.465194 0.50897 0.910094 0.523727
49 0.493683 0.57581 0.981122 0.362269
3 0.489 0.505787 0.96395 0.527778
56 0.495244 0.504557 0.987366 0.530237
69 0.48978 0.501808 0.974878 0.532263
2 0.490561 0.49566 0.967072 0.536458
62 0.490561 0.49566 0.967072 0.536458
66 0.495244 0.502894 0.981122 0.524306
44 0.495244 0.498843 0.970195 0.53125
8 0.494073 0.50123 0.969414 0.52879
67 0.48939 0.496238 0.972536 0.535301
57 0.490561 0.49566 0.967072 0.536458
10 0.495244 0.502894 0.981122 0.524306
4 0.495244 0.498843 0.970195 0.53125
69 0.495244 0.498843 0.970195 0.53125
33 0.490561 0.49566 0.967072 0.536458
41 0.495244 0.498843 0.970195 0.53125
58 0.485878 0.506076 0.94834 0.521412
3 0.485878 0.506076 0.94834 0.521412
35 0.490561 0.49566 0.967072 0.536458
29 0.494073 0.50123 0.969414 0.52879
20 0.495244 0.498843 0.970195 0.53125
6 0.48939 0.496238 0.972536 0.535301
65 0.495244 0.498843 0.970195 0.53125
60 0.490561 0.49566 0.967072 0.536458
72 0.495244 0.498843 0.970195 0.53125
52 0.501098 0.507451 0.942876 0.511719
36 0.490561 0.49566 0.967072 0.536458
7 0.485878 0.506076 0.94834 0.521412
22 0.494073 0.498915 0.969414 0.527633
40 0.490561 0.49566 0.967072 0.536458
5 0.497976 0.502242 0.97878 0.52445
30 0.494073 0.50123 0.969414 0.52879
18 0.492122 0.504051 0.976439 0.52662
54 0.492122 0.504051 0.976439 0.52662
68 0.495244 0.502894 0.981122 0.524306
1 0.495244 0.502894 0.981122 0.524306
56 0.494073 0.498915 0.969414 0.527633
45 0.495244 0.498843 0.970195 0.53125
31 0.495634 0.493128 0.966292 0.540365
32 0.494073 0.50123 0.969414 0.52879
17 0.494073 0.498915 0.969414 0.527633
39 0.493293 0.497758 0.964731 0.52879
15 0.495244 0.498843 0.970195 0.53125
0 0.490561 0.49566 0.967072 0.536458
64 0.490561 0.49566 0.967072 0.536458
49 0.495244 0.502894 0.981122 0.524306
26 0.48939 0.496238 0.972536 0.535301
28 0.497976 0.502242 0.97878 0.52445
4 0.107322 0.394676 0.193571 0.298611
4 0.861897 0.564815 0.255622 0.313657
34 0.501098 0.507451 0.942876 0.511719
2 0.490171 0.48669 0.970975 0.556713
4 0.496025 0.492404 0.968633 0.537182
66 0.497586 0.493634 0.978 0.542824
5 0.498757 0.497758 0.981903 0.53342
44 0.497586 0.493634 0.978 0.542824
10 0.498757 0.497758 0.981903 0.53342
58 0.498757 0.497758 0.981903 0.53342
3 0.498757 0.497758 0.981903 0.53342
67 0.487829 0.486617 0.966292 0.552228
62 0.490171 0.48669 0.970975 0.556713
22 0.490171 0.48669 0.970975 0.556713
57 0.497976 0.4966 0.980341 0.540365
45 0.490171 0.48669 0.970975 0.556713
29 0.487829 0.486617 0.966292 0.552228
6 0.487829 0.486617 0.966292 0.552228
8 0.487829 0.486617 0.966292 0.552228
39 0.497976 0.4966 0.980341 0.540365
69 0.497586 0.493634 0.978 0.542824
65 0.496025 0.492404 0.968633 0.537182
60 0.490171 0.48669 0.970975 0.556713
23 0.497586 0.493634 0.978 0.542824
35 0.487829 0.486617 0.966292 0.552228
68 0.496415 0.496238 0.977219 0.529514
1 0.498757 0.497758 0.981903 0.53342
28 0.498757 0.497758 0.981903 0.53342
33 0.497586 0.493634 0.978 0.542824
20 0.497586 0.493634 0.978 0.542824
56 0.497586 0.493634 0.978 0.542824
54 0.496025 0.492404 0.968633 0.537182
52 0.490171 0.478516 0.970975 0.573061
36 0.497586 0.493634 0.978 0.542824
7 0.490171 0.48669 0.970975 0.556713
32 0.497976 0.4966 0.980341 0.540365
31 0.496025 0.492404 0.968633 0.537182
30 0.490951 0.491247 0.953804 0.537182
34 0.496415 0.496238 0.977219 0.529514
41 0.496415 0.496238 0.977219 0.529514
61 0.497976 0.4966 0.980341 0.540365
59 0.496025 0.492404 0.968633 0.537182
0 0.487829 0.486617 0.966292 0.552228
49 0.498757 0.497758 0.981903 0.53342
72 0.497586 0.493634 0.978 0.542824
44 0.499537 0.500072 0.986586 0.529948
4 0.494854 0.496528 0.967853 0.537037
66 0.499537 0.500072 0.986586 0.529948
67 0.493683 0.499349 0.967072 0.540654
57 0.494464 0.495877 0.968633 0.536024
29 0.493683 0.499349 0.967072 0.540654
10 0.497195 0.503472 0.981902 0.525463
23 0.500708 0.499711 0.987366 0.531829
2 0.494854 0.496528 0.967853 0.537037
31 0.493683 0.499349 0.967072 0.540654
28 0.497195 0.503472 0.981902 0.525463
8 0.499537 0.500072 0.986586 0.529948
58 0.497195 0.503472 0.981902 0.525463
6 0.493683 0.499349 0.967072 0.540654
68 0.493293 0.504702 0.977219 0.527633
33 0.499537 0.500072 0.986586 0.529948
52 0.497195 0.49566 0.975658 0.538773
20 0.499537 0.500072 0.986586 0.529948
34 0.493293 0.504702 0.977219 0.527633
5 0.497195 0.503472 0.981902 0.525463
7 0.494854 0.496528 0.967853 0.537037
60 0.494854 0.496528 0.967853 0.537037
54 0.497976 0.5034 0.983464 0.532552
69 0.499537 0.500072 0.986586 0.529948
45 0.494854 0.496528 0.967853 0.537037
35 0.494854 0.496528 0.967853 0.537037
3 0.497195 0.503472 0.981902 0.525463
22 0.494854 0.496528 0.967853 0.537037
65 0.494854 0.496528 0.967853 0.537037
62 0.494854 0.496528 0.967853 0.537037
32 0.500708 0.499711 0.987366 0.531829
36 0.494854 0.496528 0.967853 0.537037
1 0.493293 0.504702 0.977219 0.527633
30 0.493683 0.499349 0.967072 0.540654
61 0.500708 0.499711 0.987366 0.531829
39 0.494464 0.495877 0.968633 0.536024
59 0.497976 0.5034 0.983464 0.532552
56 0.499537 0.500072 0.986586 0.529948
21 0.494464 0.495877 0.968633 0.536024
41 0.497976 0.5034 0.983464 0.532552
0 0.494854 0.496528 0.967853 0.537037
72 0.499537 0.500072 0.986586 0.529948
