4 0.562489 0.463435 0.847052 0.299887
22 0.562489 0.463435 0.847052 0.299887
57 0.528529 0.45805 0.907166 0.304989
72 0.535555 0.460034 0.904043 0.306689
8 0.562489 0.463435 0.847052 0.299887
41 0.535555 0.460034 0.904043 0.306689
60 0.491837 0.502551 0.943077 0.245465
10 0.505889 0.459184 0.958691 0.30839
62 0.634704 0.463719 0.702624 0.294785
57 0.657734 0.464002 0.655002 0.297619
22 0.491837 0.502551 0.943077 0.245465
39 0.528529 0.45805 0.907166 0.304989
62 0.505889 0.459184 0.958691 0.30839
60 0.535555 0.460034 0.904043 0.306689
40 0.566003 0.464853 0.838465 0.297052
2 0.464512 0.506236 0.886868 0.236961
46 0.562489 0.463435 0.847052 0.299887
2 0.50628 0.459184 0.957911 0.303855
36 0.50628 0.459184 0.957911 0.303855
2 0.497302 0.411565 0.952446 0.400227
58 0.480907 0.440476 0.914972 0.353741
3 0.49574 0.446712 0.954007 0.335601
10 0.486762 0.416667 0.93449 0.394558
4 0.512525 0.457199 0.937613 0.313492
57 0.512525 0.457199 0.937613 0.313492
60 0.530091 0.458333 0.913411 0.310091
69 0.486762 0.416667 0.93449 0.394558
23 0.512135 0.4589 0.944639 0.305556
52 0.498863 0.409935 0.947762 0.405754
34 0.49574 0.446712 0.954007 0.335601
44 0.498082 0.408163 0.9462 0.408163
22 0.530091 0.458333 0.913411 0.310091
4 0.858958 0.418084 0.2588 0.261338
2 0.546485 0.460317 0.879061 0.307256
72 0.498863 0.409935 0.947762 0.405754
67 0.530091 0.458333 0.913411 0.310091
41 0.498863 0.409935 0.947762 0.405754
62 0.497302 0.410998 0.949323 0.399093
7 0.493398 0.430272 0.955568 0.37415
4 0.854859 0.360615 0.257629 0.252693
59 0.512915 0.450397 0.939955 0.327098
49 0.483639 0.425666 0.93449 0.382228
68 0.497302 0.390023 0.966498 0.444444
6 0.525406 0.455782 0.922779 0.316327
30 0.49574 0.397676 0.954007 0.426871
35 0.526187 0.459184 0.922779 0.304989
29 0.497302 0.390023 0.966498 0.444444
8 0.530091 0.458333 0.913411 0.310091
1 0.500034 0.389172 0.948542 0.445011
56 0.491056 0.420351 0.944639 0.386054
32 0.480907 0.440476 0.914972 0.353741
8 0.49574 0.397676 0.954007 0.426871
65 0.497302 0.410998 0.949323 0.399093
4 0.893113 0.381519 0.187366 0.20068
20 0.492617 0.402778 0.944639 0.422336
31 0.497302 0.410998 0.949323 0.399093
54 0.500034 0.389172 0.948542 0.445011
33 0.526187 0.459184 0.922779 0.304989
45 0.497302 0.411565 0.952446 0.400227
50 0.512135 0.4589 0.944639 0.305556
36 0.512525 0.457199 0.937613 0.313492
39 0.519161 0.459467 0.913411 0.308957
2 0.858958 0.418084 0.2588 0.261338
62 0.543362 0.461451 0.885306 0.301587
4 0.49574 0.397676 0.954007 0.426871
66 0.491056 0.420351 0.944639 0.386054
69 0.543362 0.461451 0.885306 0.301587
67 0.480517 0.405896 0.93449 0.418367
6 0.497692 0.394558 0.951665 0.433107
58 0.300177 0.456066 0.559757 0.320295
23 0.414548 0.421769 0.785377 0.382086
58 0.498082 0.433107 0.963375 0.371882
2 0.497692 0.421485 0.946981 0.388322
57 0.497692 0.421485 0.946981 0.388322
3 0.492617 0.445011 0.954007 0.34127
4 0.497692 0.421485 0.946981 0.388322
10 0.493398 0.422336 0.943077 0.379819
23 0.497692 0.424887 0.956349 0.383787
68 0.493008 0.431973 0.945419 0.367347
52 0.490666 0.44983 0.962595 0.322562
22 0.497692 0.421485 0.946981 0.388322
60 0.509793 0.458617 0.927463 0.314059
34 0.492617 0.445011 0.954007 0.34127
59 0.499644 0.429705 0.952446 0.362812
69 0.509793 0.458617 0.927463 0.314059
44 0.497692 0.421485 0.946981 0.388322
32 0.492617 0.445011 0.954007 0.34127
7 0.499644 0.43339 0.952446 0.364512
6 0.520722 0.463152 0.930586 0.306122
2 0.562489 0.462868 0.842368 0.305556
23 0.853883 0.436508 0.25958 0.249433
1 0.493008 0.440476 0.953226 0.351474
31 0.496911 0.419501 0.948542 0.38322
67 0.519942 0.462302 0.930586 0.299887
29 0.499644 0.429705 0.952446 0.362812
8 0.499644 0.43339 0.952446 0.364512
56 0.509793 0.458617 0.927463 0.314059
62 0.496911 0.419501 0.948542 0.38322
58 0.367316 0.456916 0.69794 0.321995
5 0.497692 0.424887 0.956349 0.383787
39 0.505889 0.456349 0.936832 0.309524
49 0.497692 0.424887 0.956349 0.383787
30 0.492227 0.429138 0.942297 0.368481
45 0.497692 0.421485 0.946981 0.388322
4 0.558976 0.463152 0.850956 0.301587
28 0.499644 0.43339 0.952446 0.364512
41 0.490666 0.44983 0.962595 0.322562
54 0.498082 0.426375 0.952446 0.374008
21 0.509793 0.458617 0.927463 0.314059
66 0.526187 0.461168 0.914972 0.306689
36 0.496911 0.419501 0.948542 0.38322
20 0.493008 0.431973 0.945419 0.367347
3 0.367316 0.456916 0.69794 0.321995
35 0.519942 0.462302 0.930586 0.299887
65 0.496911 0.419501 0.948542 0.38322
22 0.562489 0.462868 0.842368 0.305556
