4 0.567969 0.477891 0.857813 0.324263
57 0.565625 0.481859 0.8625 0.327664
60 0.535547 0.477608 0.922656 0.335034
49 0.467578 0.469388 0.928906 0.351474
10 0.507422 0.473073 0.980469 0.339569
72 0.535547 0.477608 0.922656 0.335034
22 0.503125 0.463719 0.984375 0.354875
46 0.507031 0.477324 0.978125 0.337868
22 0.393652 0.482993 0.781445 0.326531
34 0.503125 0.463719 0.984375 0.354875
8 0.565625 0.481859 0.8625 0.327664
3 0.466797 0.48271 0.928906 0.32483
5 0.507422 0.473073 0.980469 0.339569
2 0.535547 0.477608 0.922656 0.335034
4 0.5 0.465986 0.939062 0.357143
2 0.5 0.465986 0.939062 0.357143
57 0.5 0.465986 0.939062 0.357143
3 0.4875 0.46712 0.965625 0.335601
52 0.497266 0.462585 0.949219 0.360544
10 0.499219 0.446429 0.954687 0.386054
58 0.4875 0.46712 0.965625 0.335601
7 0.5 0.465986 0.939062 0.357143
22 0.497266 0.462585 0.949219 0.360544
69 0.5 0.465986 0.939062 0.357143
49 0.5 0.465986 0.939062 0.357143
34 0.5 0.465986 0.939062 0.357143
60 0.506641 0.471088 0.955469 0.346939
41 0.499219 0.446429 0.954687 0.386054
62 0.499219 0.446429 0.954687 0.386054
8 0.510156 0.471372 0.967188 0.347506
59 0.494531 0.447846 0.957812 0.378685
44 0.499219 0.452381 0.939062 0.375283
67 0.510156 0.471372 0.967188 0.347506
56 0.506641 0.471088 0.955469 0.346939
15 0.5 0.465986 0.939062 0.357143
68 0.498437 0.410431 0.953125 0.450113
72 0.499219 0.452381 0.939062 0.375283
30 0.492969 0.412415 0.957812 0.446145
20 0.499219 0.446429 0.954687 0.386054
37 0.492969 0.461735 0.951563 0.35771
4 0.147559 0.464286 0.291992 0.190476
1 0.498437 0.410431 0.953125 0.450113
29 0.499219 0.446429 0.954687 0.386054
39 0.5125 0.47449 0.94375 0.344671
23 0.499219 0.452381 0.939062 0.375283
58 0.505469 0.493481 0.982813 0.280612
2 0.490234 0.496032 0.963281 0.277778
52 0.496094 0.44983 0.973437 0.37585
4 0.496094 0.44983 0.973437 0.37585
3 0.497656 0.48441 0.979688 0.30102
23 0.505469 0.493481 0.982813 0.280612
34 0.503125 0.447846 0.967188 0.382086
68 0.500781 0.495465 0.979688 0.278912
57 0.496094 0.44983 0.973437 0.37585
59 0.491406 0.494331 0.965625 0.280045
69 0.500781 0.459467 0.976562 0.356576
2 0.501953 0.443027 0.963281 0.391723
10 0.500781 0.495465 0.979688 0.278912
67 0.491406 0.494331 0.965625 0.280045
60 0.49375 0.481859 0.96875 0.307256
49 0.490234 0.496032 0.963281 0.277778
1 0.491406 0.488662 0.975 0.298186
22 0.500781 0.459467 0.976562 0.356576
58 0.469531 0.453231 0.932813 0.382653
7 0.505469 0.493481 0.982813 0.280612
32 0.500781 0.459467 0.976562 0.356576
56 0.515625 0.479592 0.959375 0.31746
6 0.491406 0.494331 0.965625 0.280045
8 0.515625 0.479592 0.959375 0.31746
49 0.501953 0.443027 0.963281 0.391723
68 0.469531 0.453231 0.932813 0.382653
29 0.491406 0.494331 0.965625 0.280045
31 0.496094 0.44983 0.973437 0.37585
39 0.5125 0.477324 0.9625 0.318594
4 0.555469 0.494898 0.882812 0.291383
5 0.497656 0.48441 0.979688 0.30102
45 0.5 0.461168 0.975 0.353175
28 0.497656 0.48441 0.979688 0.30102
36 0.490234 0.496032 0.963281 0.277778
10 0.469531 0.453231 0.932813 0.382653
44 0.490234 0.496032 0.963281 0.277778
21 0.515625 0.479592 0.959375 0.31746
20 0.491406 0.494331 0.965625 0.280045
23 0.469531 0.453231 0.932813 0.382653
50 0.503125 0.447846 0.967188 0.382086
41 0.499609 0.465703 0.977344 0.339569
34 0.405469 0.479875 0.801562 0.332766
0 0.528516 0.488379 0.936719 0.30102
