22 0.484069 0.428233 0.955656 0.506753
57 0.493821 0.43046 0.984521 0.502299
2 0.493821 0.43046 0.984521 0.502299
72 0.485239 0.429957 0.956436 0.502155
41 0.485239 0.429957 0.956436 0.502155
4 0.493821 0.43046 0.984521 0.502299
40 0.493821 0.43046 0.984521 0.502299
62 0.49148 0.426509 0.97984 0.505603
60 0.484069 0.428233 0.955656 0.506753
35 0.493821 0.43046 0.984521 0.502299
67 0.49187 0.424138 0.97906 0.496552
44 0.498892 0.428161 0.988422 0.511494
66 0.49148 0.426509 0.97984 0.505603
71 0.498892 0.428161 0.988422 0.511494
17 0.484069 0.428233 0.955656 0.506753
32 0.49187 0.424138 0.97906 0.496552
49 0.434921 0.431322 0.852679 0.51092
1 0.484069 0.428233 0.955656 0.506753
64 0.494211 0.424784 0.983741 0.509052
10 0.484069 0.428233 0.955656 0.506753
46 0.49148 0.426509 0.97984 0.505603
6 0.496551 0.427874 0.982181 0.493678
70 0.485239 0.429957 0.956436 0.502155
20 0.49148 0.410417 0.975159 0.537787
5 0.484069 0.428233 0.955656 0.506753
29 0.498892 0.428161 0.988422 0.511494
4 0.564032 0.518965 0.861261 0.32069
36 0.494211 0.424784 0.983741 0.509052
69 0.481339 0.422917 0.943954 0.509339
2 0.500842 0.417529 0.957997 0.520115
44 0.500062 0.428736 0.975159 0.508046
66 0.503182 0.425934 0.975159 0.501006
57 0.503182 0.425934 0.975159 0.501006
67 0.500062 0.428736 0.975159 0.508046
36 0.500062 0.428736 0.975159 0.508046
62 0.500062 0.428736 0.975159 0.508046
8 0.500062 0.428736 0.975159 0.508046
4 0.500062 0.428736 0.975159 0.508046
10 0.485239 0.427658 0.947075 0.498707
33 0.503182 0.425934 0.975159 0.501006
58 0.471977 0.430388 0.91587 0.495546
60 0.503182 0.425934 0.975159 0.501006
35 0.500062 0.428736 0.975159 0.508046
6 0.500842 0.419828 0.961117 0.527012
29 0.500842 0.419828 0.961117 0.527012
20 0.503182 0.425934 0.975159 0.501006
69 0.500062 0.428736 0.975159 0.508046
41 0.482119 0.430747 0.945515 0.504023
65 0.500062 0.428736 0.975159 0.508046
22 0.503182 0.425934 0.975159 0.501006
72 0.500062 0.428736 0.975159 0.508046
3 0.471977 0.430388 0.91587 0.495546
54 0.482119 0.430747 0.945515 0.504023
30 0.494211 0.429813 0.968138 0.50819
32 0.500062 0.428736 0.975159 0.508046
40 0.500062 0.428736 0.975159 0.508046
68 0.471977 0.430388 0.91587 0.495546
5 0.485239 0.427658 0.947075 0.498707
31 0.500062 0.428736 0.975159 0.508046
56 0.485239 0.427658 0.947075 0.498707
49 0.471977 0.430388 0.91587 0.495546
7 0.485239 0.427658 0.947075 0.498707
17 0.485239 0.427658 0.947075 0.498707
26 0.494211 0.429813 0.968138 0.50819
45 0.500842 0.417529 0.957997 0.520115
23 0.485239 0.427658 0.947075 0.498707
39 0.496551 0.418463 0.949415 0.515948
1 0.485239 0.427658 0.947075 0.498707
64 0.500842 0.419828 0.961117 0.527012
18 0.479388 0.430532 0.943174 0.504454
59 0.494211 0.429813 0.968138 0.50819
34 0.503182 0.438506 0.948635 0.495402
38 0.465736 0.42421 0.890906 0.503305
28 0.465736 0.42421 0.890906 0.503305
71 0.500842 0.417529 0.957997 0.520115
52 0.500842 0.419828 0.961117 0.527012
70 0.479388 0.430532 0.943174 0.504454
33 0.503962 0.429885 0.986081 0.494253
44 0.503962 0.429885 0.986081 0.494253
65 0.503182 0.431034 0.984521 0.503448
62 0.503182 0.431034 0.984521 0.503448
66 0.503962 0.429885 0.986081 0.494253
2 0.495381 0.428089 0.965798 0.498994
67 0.503182 0.431034 0.984521 0.503448
36 0.503962 0.429885 0.986081 0.494253
10 0.498502 0.42931 0.9814 0.495402
29 0.503182 0.431034 0.984521 0.503448
35 0.503182 0.431034 0.984521 0.503448
5 0.498502 0.42931 0.9814 0.495402
4 0.503182 0.431034 0.984521 0.503448
6 0.498501 0.431897 0.975159 0.492529
8 0.503182 0.431034 0.984521 0.503448
20 0.503962 0.429885 0.986081 0.494253
57 0.503962 0.429885 0.986081 0.494253
23 0.498502 0.42931 0.9814 0.495402
30 0.498501 0.431897 0.975159 0.492529
60 0.503182 0.431034 0.984521 0.503448
69 0.503182 0.431034 0.984521 0.503448
22 0.503962 0.429885 0.986081 0.494253
54 0.492651 0.428233 0.963458 0.507902
58 0.479778 0.429598 0.943954 0.497126
39 0.505913 0.425862 0.982181 0.501149
31 0.503182 0.431034 0.984521 0.503448
32 0.498502 0.42931 0.9814 0.495402
45 0.503962 0.429885 0.986081 0.494253
28 0.479778 0.429598 0.943954 0.497126
0 0.492651 0.428233 0.963458 0.507902
61 0.505913 0.425862 0.982181 0.501149
41 0.503182 0.431034 0.984521 0.503448
1 0.498502 0.42931 0.9814 0.495402
52 0.498892 0.42931 0.957216 0.512644
68 0.493431 0.428664 0.969699 0.492098
40 0.503962 0.429885 0.986081 0.494253
34 0.498892 0.42931 0.957216 0.512644
56 0.503962 0.429885 0.986081 0.494253
3 0.498502 0.42931 0.9814 0.495402
59 0.500842 0.424784 0.959557 0.518247
72 0.496161 0.430747 0.97672 0.505172
7 0.498892 0.42931 0.957216 0.512644
18 0.493431 0.428664 0.969699 0.492098
26 0.498501 0.431897 0.975159 0.492529
