22 0.495885 0.435934 0.98865 0.624715
4 0.495885 0.435934 0.98865 0.624715
2 0.495495 0.432802 0.986311 0.626424
62 0.499003 0.436788 0.991769 0.632118
57 0.502122 0.43508 0.985532 0.630979
41 0.495885 0.435934 0.98865 0.624715
72 0.499003 0.436788 0.991769 0.632118
44 0.502122 0.43508 0.985532 0.630979
66 0.495885 0.435934 0.98865 0.624715
60 0.495885 0.435934 0.98865 0.624715
41 0.248722 0.425968 0.475613 0.621868
5 0.493546 0.433371 0.982413 0.62984
67 0.499003 0.452164 0.977735 0.668565
49 0.495885 0.435934 0.98865 0.624715
1 0.48146 0.431093 0.945767 0.624146
40 0.499783 0.428246 0.968378 0.630979
46 0.493546 0.433371 0.982413 0.62984
4 0.248722 0.425968 0.475613 0.621868
10 0.495495 0.432802 0.986311 0.626424
36 0.502122 0.43508 0.985532 0.630979
35 0.495495 0.432802 0.986311 0.626424
20 0.496664 0.430239 0.99021 0.637244
64 0.502902 0.429385 0.959022 0.620729
0 0.48263 0.431378 0.949666 0.626993
70 0.495885 0.435934 0.98865 0.624715
32 0.502122 0.43508 0.985532 0.630979
37 0.48263 0.431378 0.949666 0.626993
71 0.502902 0.429385 0.959022 0.620729
37 0.269384 0.42426 0.515377 0.620729
22 0.248722 0.425968 0.475613 0.621868
54 0.495885 0.435934 0.98865 0.624715
29 0.499003 0.436788 0.991769 0.632118
3 0.477562 0.430524 0.93797 0.626424
60 0.248722 0.425968 0.475613 0.621868
52 0.502902 0.429385 0.959022 0.620729
66 0.248722 0.425968 0.475613 0.621868
17 0.495885 0.435934 0.98865 0.624715
31 0.502902 0.429385 0.959022 0.620729
65 0.502122 0.43508 0.985532 0.630979
33 0.502902 0.435649 0.96526 0.623007
45 0.495495 0.432802 0.986311 0.626424
49 0.269384 0.42426 0.515377 0.620729
15 0.495495 0.432802 0.986311 0.626424
39 0.499783 0.428246 0.968378 0.630979
14 0.495885 0.435934 0.98865 0.624715
1 0.269384 0.42426 0.515377 0.620729
72 0.248722 0.425968 0.475613 0.621868
56 0.496664 0.430239 0.99021 0.637244
70 0.269384 0.42426 0.515377 0.620729
6 0.499003 0.452164 0.977735 0.668565
0 0.248722 0.425968 0.475613 0.621868
7 0.493546 0.433371 0.982413 0.62984
26 0.502122 0.43508 0.985532 0.630979
2 0.497054 0.436788 0.958242 0.618451
4 0.497054 0.436788 0.958242 0.618451
57 0.497054 0.436788 0.958242 0.618451
69 0.500173 0.431093 0.967599 0.626424
3 0.499783 0.429954 0.987091 0.623007
7 0.504851 0.436219 0.978514 0.61959
10 0.495495 0.428815 0.981633 0.624146
66 0.504851 0.436219 0.978514 0.61959
44 0.497054 0.436788 0.958242 0.618451
67 0.496274 0.433941 0.956683 0.617312
49 0.499783 0.429954 0.987091 0.623007
62 0.497054 0.436788 0.958242 0.618451
58 0.48185 0.42369 0.944988 0.61959
41 0.504851 0.436219 0.978514 0.61959
36 0.500173 0.431093 0.967599 0.626424
8 0.496274 0.433941 0.956683 0.617312
52 0.500953 0.446754 0.958242 0.598519
60 0.497054 0.436788 0.958242 0.618451
65 0.500173 0.431093 0.967599 0.626424
22 0.497054 0.436788 0.958242 0.618451
35 0.497054 0.436788 0.958242 0.618451
72 0.504851 0.436219 0.978514 0.61959
56 0.499783 0.429954 0.987091 0.623007
45 0.497054 0.436788 0.958242 0.618451
20 0.500173 0.431093 0.967599 0.626424
15 0.497054 0.436788 0.958242 0.618451
5 0.499783 0.429954 0.987091 0.623007
30 0.493935 0.436503 0.947327 0.631549
1 0.495495 0.428815 0.981633 0.624146
6 0.503682 0.448747 0.960582 0.588838
32 0.500173 0.431093 0.967599 0.626424
33 0.497054 0.436788 0.958242 0.618451
68 0.493935 0.436503 0.947327 0.631549
29 0.496274 0.433941 0.956683 0.617312
40 0.497054 0.436788 0.958242 0.618451
34 0.502122 0.496868 0.955903 0.498292
31 0.500953 0.446754 0.958242 0.598519
48 0.497054 0.436788 0.958242 0.618451
37 0.504851 0.436219 0.978514 0.61959
28 0.503292 0.426538 0.983193 0.625285
39 0.502902 0.425114 0.955903 0.632688
71 0.497054 0.436788 0.958242 0.618451
59 0.5068 0.465333 0.949666 0.556805
2 0.587888 0.479784 0.807762 0.513098
18 0.472494 0.427961 0.927834 0.622437
54 0.454171 0.430239 0.891189 0.626993
17 0.499783 0.429954 0.987091 0.623007
26 0.493935 0.436503 0.947327 0.631549
64 0.496274 0.433941 0.956683 0.617312
23 0.50797 0.429385 0.983193 0.626424
21 0.497054 0.436788 0.958242 0.618451
57 0.43156 0.541572 0.824135 0.387244
58 0.43156 0.541572 0.824135 0.387244
2 0.489647 0.436788 0.96526 0.61959
58 0.498224 0.430524 0.980853 0.61959
4 0.489647 0.436788 0.96526 0.61959
3 0.497054 0.437642 0.976955 0.622437
5 0.498224 0.430524 0.980853 0.61959
57 0.489647 0.436788 0.96526 0.61959
69 0.497054 0.437642 0.976955 0.622437
1 0.495885 0.424544 0.979294 0.624715
10 0.495885 0.424544 0.979294 0.624715
52 0.495105 0.440774 0.96526 0.613895
23 0.497054 0.437642 0.976955 0.622437
7 0.497054 0.437642 0.976955 0.622437
34 0.498224 0.430524 0.980853 0.61959
22 0.497054 0.437642 0.976955 0.622437
56 0.489647 0.436788 0.96526 0.61959
66 0.497054 0.437642 0.976955 0.622437
49 0.497054 0.437642 0.976955 0.622437
68 0.495885 0.424544 0.979294 0.624715
60 0.489647 0.436788 0.96526 0.61959
44 0.497054 0.437642 0.976955 0.622437
67 0.486528 0.431093 0.962141 0.612756
28 0.498224 0.428815 0.976175 0.624146
36 0.497444 0.4291 0.966819 0.61902
8 0.489647 0.436788 0.96526 0.61959
39 0.501342 0.430524 0.979294 0.630979
6 0.486528 0.431093 0.962141 0.612756
32 0.497054 0.437642 0.976955 0.622437
59 0.497444 0.4291 0.966819 0.61902
45 0.489647 0.436788 0.96526 0.61959
20 0.497444 0.4291 0.966819 0.61902
30 0.495885 0.43451 0.957463 0.62984
31 0.486528 0.431093 0.962141 0.612756
29 0.495885 0.43451 0.957463 0.62984
41 0.495885 0.424544 0.979294 0.624715
62 0.486528 0.431093 0.962141 0.612756
65 0.497444 0.4291 0.966819 0.61902
54 0.495885 0.43451 0.957463 0.62984
21 0.489647 0.436788 0.96526 0.61959
15 0.489647 0.436788 0.96526 0.61959
50 0.510699 0.464052 0.934072 0.573035
35 0.489647 0.436788 0.96526 0.61959
71 0.496664 0.435649 0.959022 0.620729
