22 0.483927 0.471065 0.960048 0.53125
4 0.483927 0.471065 0.960048 0.53125
2 0.490951 0.469835 0.972536 0.511719
57 0.494073 0.471065 0.981902 0.528935
41 0.483927 0.471065 0.960048 0.53125
72 0.494073 0.471065 0.981902 0.528935
62 0.490951 0.469835 0.972536 0.511719
60 0.490171 0.468244 0.970975 0.526476
66 0.490171 0.468244 0.970975 0.526476
46 0.486268 0.470775 0.966292 0.520255
1 0.485488 0.457465 0.967853 0.541088
20 0.485488 0.457465 0.967853 0.541088
44 0.490171 0.468244 0.970975 0.526476
35 0.491342 0.46998 0.967073 0.531105
17 0.490171 0.468244 0.970975 0.526476
67 0.491732 0.465567 0.977219 0.523727
32 0.491732 0.465567 0.977219 0.523727
40 0.494073 0.471065 0.981902 0.528935
64 0.490951 0.469835 0.972536 0.511719
49 0.483927 0.471065 0.960048 0.53125
36 0.490171 0.468244 0.970975 0.526476
29 0.494073 0.471065 0.981902 0.528935
70 0.483927 0.471065 0.960048 0.53125
5 0.485488 0.457465 0.967853 0.541088
33 0.490171 0.468244 0.970975 0.526476
65 0.483927 0.471065 0.960048 0.53125
71 0.494073 0.471065 0.981902 0.528935
10 0.490171 0.468244 0.970975 0.526476
69 0.477292 0.474537 0.954584 0.537037
37 0.455047 0.478082 0.900728 0.553096
56 0.490171 0.468244 0.970975 0.526476
8 0.497976 0.467593 0.972536 0.521991
52 0.490171 0.474031 0.966292 0.505642
6 0.491732 0.465567 0.977219 0.523727
31 0.490951 0.469039 0.966292 0.530671
2 0.494854 0.474465 0.952242 0.495515
4 0.494854 0.474465 0.952242 0.495515
57 0.494854 0.474465 0.952242 0.495515
69 0.487049 0.466435 0.952242 0.518519
10 0.496805 0.46412 0.973317 0.518519
8 0.487049 0.466435 0.952242 0.518519
3 0.496805 0.46412 0.973317 0.518519
41 0.492903 0.465278 0.974878 0.524306
67 0.492122 0.475116 0.957706 0.497685
66 0.48939 0.465567 0.952242 0.51331
52 0.498757 0.494213 0.952242 0.458333
22 0.494854 0.474465 0.952242 0.495515
58 0.496805 0.46412 0.973317 0.518519
44 0.492122 0.475116 0.957706 0.497685
62 0.494854 0.474465 0.952242 0.495515
60 0.494854 0.474465 0.952242 0.495515
7 0.48939 0.465567 0.952242 0.51331
6 0.500318 0.490162 0.953803 0.466435
29 0.487049 0.466435 0.952242 0.518519
35 0.494854 0.474465 0.952242 0.495515
65 0.487049 0.466435 0.952242 0.518519
36 0.492122 0.475116 0.957706 0.497685
56 0.48939 0.465567 0.952242 0.51331
20 0.487049 0.466435 0.952242 0.518519
31 0.487049 0.466435 0.952242 0.518519
72 0.487049 0.466435 0.952242 0.518519
32 0.492122 0.475116 0.957706 0.497685
49 0.496805 0.46412 0.973317 0.518519
54 0.492903 0.465278 0.974878 0.524306
5 0.496805 0.46412 0.973317 0.518519
39 0.496025 0.478082 0.951462 0.488281
33 0.48939 0.465567 0.952242 0.51331
68 0.492903 0.465278 0.974878 0.524306
45 0.494854 0.474465 0.952242 0.495515
15 0.502269 0.497758 0.943657 0.450087
30 0.477682 0.471644 0.930388 0.528935
34 0.498757 0.494213 0.952242 0.458333
1 0.496805 0.46412 0.973317 0.518519
0 0.498757 0.494213 0.952242 0.458333
17 0.496805 0.46412 0.973317 0.518519
59 0.477682 0.471644 0.930388 0.528935
64 0.498757 0.494213 0.952242 0.458333
40 0.494854 0.474465 0.952242 0.495515
26 0.500318 0.490162 0.953803 0.466435
18 0.492903 0.465278 0.974878 0.524306
2 0.48939 0.471571 0.966292 0.494358
4 0.494073 0.463252 0.960048 0.523727
58 0.496415 0.460938 0.980341 0.520255
10 0.496415 0.460938 0.980341 0.520255
5 0.496415 0.460938 0.980341 0.520255
66 0.497976 0.46412 0.964731 0.511574
44 0.497976 0.46412 0.964731 0.511574
57 0.48939 0.471571 0.966292 0.494358
67 0.487049 0.46875 0.964731 0.50463
29 0.487049 0.46875 0.964731 0.50463
6 0.487049 0.46875 0.964731 0.50463
23 0.496415 0.460938 0.980341 0.520255
65 0.494073 0.463252 0.960048 0.523727
69 0.497976 0.46412 0.964731 0.511574
22 0.48939 0.471571 0.966292 0.494358
3 0.496415 0.460938 0.980341 0.520255
8 0.487049 0.46875 0.964731 0.50463
62 0.487049 0.46875 0.964731 0.50463
68 0.494073 0.462384 0.981902 0.53125
60 0.48939 0.471571 0.966292 0.494358
54 0.491732 0.478299 0.966292 0.480903
39 0.502269 0.464699 0.956145 0.510417
28 0.496415 0.460938 0.980341 0.520255
33 0.497976 0.46412 0.964731 0.511574
56 0.497976 0.46412 0.964731 0.511574
31 0.494073 0.463252 0.960048 0.523727
35 0.487049 0.46875 0.964731 0.50463
32 0.497976 0.46412 0.964731 0.511574
45 0.48939 0.471571 0.966292 0.494358
36 0.487049 0.46875 0.964731 0.50463
20 0.494073 0.463252 0.960048 0.523727
52 0.491732 0.481192 0.967853 0.472801
7 0.497976 0.46412 0.964731 0.511574
1 0.494073 0.462384 0.981902 0.53125
41 0.494073 0.463252 0.960048 0.523727
61 0.502269 0.464699 0.956145 0.510417
34 0.476902 0.459201 0.950681 0.526042
30 0.488219 0.466725 0.942096 0.509838
58 0.341871 0.458623 0.679058 0.521412
59 0.488219 0.466725 0.942096 0.509838
0 0.491732 0.478299 0.966292 0.480903
49 0.496415 0.460938 0.980341 0.520255
72 0.494073 0.463252 0.960048 0.523727
21 0.48939 0.471571 0.966292 0.494358
15 0.493293 0.48206 0.961609 0.478009
4 0.490951 0.467882 0.960048 0.498264
67 0.48939 0.471137 0.956926 0.497541
10 0.493683 0.465856 0.982683 0.510417
54 0.48939 0.471137 0.956926 0.497541
44 0.494464 0.468678 0.965511 0.501302
29 0.487829 0.46875 0.961609 0.508102
6 0.48939 0.471137 0.956926 0.497541
28 0.493683 0.465856 0.982683 0.510417
57 0.497586 0.469256 0.949901 0.498987
68 0.48939 0.468171 0.97878 0.517361
66 0.494464 0.468678 0.965511 0.501302
23 0.502659 0.468461 0.961609 0.498264
31 0.487829 0.46875 0.961609 0.508102
5 0.493683 0.465856 0.982683 0.510417
8 0.494464 0.468678 0.965511 0.501302
45 0.490951 0.467882 0.960048 0.498264
22 0.490951 0.467882 0.960048 0.498264
35 0.48939 0.471137 0.956926 0.497541
1 0.48939 0.468171 0.97878 0.517361
58 0.493683 0.465856 0.982683 0.510417
32 0.494464 0.468678 0.965511 0.501302
60 0.490951 0.467882 0.960048 0.498264
20 0.487829 0.46875 0.961609 0.508102
36 0.48939 0.471137 0.956926 0.497541
3 0.493683 0.465856 0.982683 0.510417
69 0.494464 0.468678 0.965511 0.501302
34 0.48939 0.468171 0.97878 0.517361
2 0.490951 0.467882 0.960048 0.498264
7 0.490951 0.467882 0.960048 0.498264
61 0.502659 0.468461 0.961609 0.498264
62 0.48939 0.471137 0.956926 0.497541
30 0.48939 0.471137 0.956926 0.497541
39 0.497586 0.469256 0.949901 0.498987
65 0.490951 0.467882 0.960048 0.498264
52 0.490951 0.467882 0.960048 0.498264
56 0.494464 0.468678 0.965511 0.501302
33 0.494464 0.468678 0.965511 0.501302
41 0.487829 0.46875 0.961609 0.508102
59 0.487829 0.46875 0.961609 0.508102
21 0.497586 0.469256 0.949901 0.498987
0 0.493293 0.491609 0.970975 0.453125
72 0.487829 0.46875 0.961609 0.508102
