4 0.568597 0.431346 0.856405 0.672319
2 0.525698 0.440919 0.937521 0.677243
22 0.4945 0.428337 0.97964 0.684902
3 0.4945 0.428337 0.97964 0.684902
45 0.510879 0.432166 0.9656 0.679431
46 0.568597 0.431346 0.856405 0.672319
57 0.565087 0.424508 0.860305 0.667396
72 0.4945 0.428337 0.97964 0.684902
44 0.49489 0.443107 0.985099 0.667396
40 0.510879 0.432166 0.9656 0.679431
4 0.697681 0.423961 0.596675 0.659737
41 0.4945 0.429431 0.987439 0.681619
8 0.515559 0.42779 0.953121 0.682713
7 0.542078 0.446663 0.901643 0.688731
71 0.565087 0.424508 0.860305 0.667396
60 0.525698 0.440919 0.937521 0.677243
5 0.4945 0.429431 0.987439 0.681619
20 0.4945 0.429431 0.987439 0.681619
46 0.697681 0.423961 0.596675 0.659737
2 0.4906 0.434081 0.9812 0.676696
57 0.49333 0.430525 0.957021 0.677243
3 0.501519 0.442013 0.950001 0.657549
10 0.500739 0.468545 0.951561 0.61105
69 0.49177 0.444748 0.96638 0.659737
36 0.4906 0.434081 0.9812 0.676696
44 0.49138 0.439825 0.98276 0.671772
60 0.4906 0.434081 0.9812 0.676696
62 0.49333 0.430525 0.957021 0.677243
40 0.4906 0.434081 0.9812 0.676696
72 0.49333 0.430525 0.957021 0.677243
35 0.49333 0.430525 0.957021 0.677243
67 0.49333 0.430525 0.957021 0.677243
4 0.49177 0.444748 0.96638 0.659737
66 0.4906 0.434081 0.9812 0.676696
33 0.49138 0.439825 0.98276 0.671772
7 0.501519 0.442013 0.950001 0.657549
32 0.49333 0.430525 0.957021 0.677243
22 0.4906 0.434081 0.9812 0.676696
8 0.511659 0.434081 0.96092 0.681072
58 0.49372 0.499179 0.937521 0.56291
20 0.500739 0.425602 0.945321 0.68709
65 0.49333 0.430525 0.957021 0.677243
59 0.49645 0.454048 0.958581 0.667396
6 0.49801 0.446937 0.9695 0.688184
0 0.4906 0.434081 0.9812 0.676696
49 0.501519 0.442013 0.950001 0.657549
34 0.49333 0.430525 0.957021 0.677243
56 0.49333 0.430525 0.957021 0.677243
45 0.4906 0.434081 0.9812 0.676696
52 0.498399 0.476477 0.953121 0.589716
39 0.500739 0.425602 0.945321 0.68709
1 0.500739 0.468545 0.951561 0.61105
41 0.500739 0.468545 0.951561 0.61105
68 0.501909 0.473468 0.944541 0.643873
18 0.500739 0.468545 0.951561 0.61105
71 0.516339 0.427243 0.953121 0.685996
30 0.49528 0.489606 0.96404 0.635667
38 0.500739 0.425602 0.945321 0.68709
5 0.500739 0.425602 0.945321 0.68709
46 0.500739 0.425602 0.945321 0.68709
4 0.869079 0.532823 0.25232 0.238512
28 0.500739 0.425602 0.945321 0.68709
54 0.525698 0.443928 0.920362 0.692013
15 0.49684 0.493435 0.96248 0.565646
23 0.501909 0.473468 0.944541 0.643873
29 0.498399 0.493983 0.96872 0.570022
4 0.886043 0.49453 0.224631 0.229759
17 0.500739 0.468545 0.951561 0.61105
2 0.48787 0.452133 0.9617 0.646061
3 0.49723 0.438457 0.95858 0.658096
58 0.501129 0.450219 0.96794 0.656455
4 0.48826 0.455963 0.957801 0.639497
57 0.48904 0.432987 0.97652 0.669037
10 0.49606 0.449125 0.96248 0.645514
69 0.48865 0.442013 0.97574 0.658643
60 0.48787 0.452133 0.9617 0.646061
23 0.49372 0.454048 0.956241 0.650985
34 0.49606 0.449125 0.96248 0.645514
52 0.49606 0.449125 0.96248 0.645514
56 0.49372 0.454048 0.956241 0.650985
8 0.48904 0.432987 0.97652 0.669037
1 0.501129 0.450219 0.96794 0.656455
39 0.49762 0.429158 0.9812 0.679978
32 0.48904 0.432987 0.97652 0.669037
44 0.48904 0.432987 0.97652 0.669037
22 0.48904 0.432987 0.97652 0.669037
68 0.498399 0.458151 0.956241 0.65919
7 0.48865 0.442013 0.97574 0.658643
62 0.49684 0.435449 0.97808 0.669584
6 0.497619 0.443654 0.96716 0.683807
45 0.49762 0.429158 0.9812 0.679978
66 0.49684 0.435449 0.97808 0.669584
67 0.48826 0.455963 0.957801 0.639497
0 0.49684 0.435449 0.97808 0.669584
5 0.48904 0.432987 0.97652 0.669037
54 0.518679 0.440919 0.943761 0.682713
59 0.48787 0.446937 0.97418 0.678337
49 0.4945 0.452407 0.96092 0.633479
21 0.48904 0.432987 0.97652 0.669037
65 0.48865 0.442013 0.97574 0.658643
36 0.49411 0.449672 0.952341 0.654267
35 0.48865 0.442013 0.97574 0.658643
28 0.49216 0.429431 0.97808 0.670678
29 0.49138 0.462254 0.96248 0.62035
33 0.507759 0.432713 0.97028 0.667396
72 0.48865 0.442013 0.97574 0.658643
40 0.49684 0.435449 0.97808 0.669584
30 0.48982 0.467177 0.948441 0.672867
31 0.48826 0.455963 0.957801 0.639497
46 0.49762 0.429158 0.9812 0.679978
20 0.49372 0.480853 0.96248 0.59628
15 0.48787 0.452133 0.9617 0.646061
41 0.48787 0.446937 0.97418 0.678337
71 0.49762 0.429158 0.9812 0.679978
61 0.49216 0.429431 0.97808 0.670678
