2 0.500534 0.429398 0.954216 0.467593
72 0.500534 0.429398 0.954216 0.467593
22 0.501705 0.429688 0.964367 0.465856
62 0.500534 0.429398 0.954216 0.467593
4 0.499363 0.430266 0.981546 0.469329
60 0.513809 0.427373 0.891747 0.470486
57 0.499363 0.430266 0.981546 0.469329
3 0.493506 0.429905 0.980765 0.464265
41 0.498191 0.430628 0.983889 0.466291
46 0.500534 0.429398 0.954216 0.467593
8 0.500534 0.429398 0.954216 0.467593
34 0.498191 0.430628 0.983889 0.466291
44 0.499363 0.430266 0.981546 0.469329
22 0.471642 0.527778 0.927667 0.271991
45 0.500534 0.429398 0.954216 0.467593
40 0.513809 0.427373 0.891747 0.470486
39 0.56886 0.424479 0.781645 0.462384
10 0.504438 0.428747 0.929228 0.468895
4 0.627424 0.424769 0.65983 0.46412
67 0.513809 0.427373 0.891747 0.470486
66 0.500534 0.429326 0.941722 0.471209
2 0.493116 0.424118 0.969052 0.467737
57 0.499363 0.4239 0.951873 0.467014
3 0.495458 0.423032 0.95812 0.471065
4 0.498972 0.429109 0.952654 0.465856
69 0.498972 0.429109 0.952654 0.465856
10 0.498972 0.429109 0.952654 0.465856
60 0.493116 0.424118 0.969052 0.467737
4 0.84509 0.434028 0.236992 0.193866
44 0.490383 0.429977 0.971395 0.466435
22 0.499363 0.4239 0.951873 0.467014
58 0.495458 0.423032 0.95812 0.471065
62 0.502096 0.429688 0.947969 0.469329
72 0.498972 0.429109 0.952654 0.465856
41 0.493897 0.427662 0.95812 0.469907
7 0.498972 0.429109 0.952654 0.465856
52 0.495458 0.423032 0.95812 0.471065
49 0.499363 0.4239 0.951873 0.467014
67 0.493116 0.424118 0.969052 0.467737
8 0.490383 0.429977 0.971395 0.466435
35 0.490383 0.429977 0.971395 0.466435
34 0.495458 0.423032 0.95812 0.471065
39 0.493116 0.424118 0.969052 0.467737
45 0.493116 0.424118 0.969052 0.467737
56 0.499363 0.4239 0.951873 0.467014
36 0.493116 0.424118 0.969052 0.467737
59 0.498972 0.426215 0.944846 0.469329
66 0.502096 0.429688 0.947969 0.469329
32 0.499363 0.4239 0.951873 0.467014
30 0.48804 0.426215 0.954216 0.480903
1 0.493897 0.427662 0.95812 0.469907
65 0.498972 0.429109 0.952654 0.465856
15 0.495068 0.432943 0.965148 0.459346
58 0.84509 0.434028 0.236992 0.193866
33 0.502096 0.429688 0.947969 0.469329
23 0.499363 0.4239 0.951873 0.467014
29 0.493506 0.432002 0.968272 0.470486
6 0.491944 0.428892 0.96671 0.467448
58 0.405659 0.472801 0.797262 0.390046
40 0.502096 0.429688 0.947969 0.469329
2 0.841576 0.458912 0.240897 0.142361
18 0.493897 0.427662 0.95812 0.469907
68 0.498972 0.426215 0.944846 0.469329
20 0.490383 0.438079 0.965148 0.46412
4 0.826154 0.480324 0.277988 0.233796
28 0.503657 0.425998 0.932352 0.469763
31 0.493506 0.432002 0.968272 0.470486
2 0.841772 0.415509 0.240506 0.222222
0 0.502096 0.429688 0.947969 0.469329
56 0.844895 0.434606 0.237383 0.207176
71 0.493116 0.424118 0.969052 0.467737
48 0.493116 0.424118 0.969052 0.467737
54 0.491944 0.422454 0.955778 0.475694
46 0.499363 0.429905 0.950312 0.468895
3 0.405659 0.472801 0.797262 0.390046
50 0.499363 0.4239 0.951873 0.467014
5 0.503657 0.425998 0.932352 0.469763
2 0.491944 0.418403 0.962025 0.489583
4 0.491164 0.419271 0.962025 0.483218
58 0.489992 0.420139 0.969052 0.49537
57 0.499363 0.421947 0.95812 0.47555
22 0.492725 0.419488 0.963586 0.481626
23 0.497411 0.421875 0.977642 0.489583
3 0.492725 0.419488 0.963586 0.481626
52 0.491164 0.419271 0.962025 0.483218
60 0.499363 0.421947 0.95812 0.47555
69 0.498582 0.423611 0.961244 0.474537
10 0.495849 0.420139 0.969833 0.498843
7 0.498582 0.423611 0.961244 0.474537
59 0.489992 0.416956 0.959682 0.495949
68 0.488821 0.416594 0.968272 0.508247
34 0.492725 0.419488 0.963586 0.481626
8 0.499363 0.421947 0.95812 0.47555
44 0.491944 0.418403 0.962025 0.489583
39 0.491944 0.421296 0.968272 0.475695
32 0.499363 0.421947 0.95812 0.47555
56 0.491944 0.418403 0.962025 0.489583
29 0.489992 0.416956 0.959682 0.495949
5 0.497411 0.421875 0.977642 0.489583
1 0.488821 0.416594 0.968272 0.508247
62 0.489992 0.416956 0.959682 0.495949
45 0.499363 0.421947 0.95812 0.47555
31 0.489992 0.416956 0.959682 0.495949
49 0.491944 0.418403 0.962025 0.489583
67 0.489992 0.416956 0.959682 0.495949
6 0.48804 0.420139 0.954216 0.481482
30 0.48804 0.420139 0.954216 0.481482
58 0.844895 0.463542 0.231136 0.122685
21 0.499363 0.421947 0.95812 0.47555
66 0.491944 0.418403 0.962025 0.489583
65 0.489992 0.416956 0.959682 0.495949
20 0.495849 0.420139 0.969833 0.498843
36 0.499363 0.421947 0.95812 0.47555
35 0.499363 0.421947 0.95812 0.47555
4 0.844895 0.463542 0.231136 0.122685
72 0.491164 0.419271 0.962025 0.483218
28 0.492725 0.419488 0.963586 0.481626
41 0.489992 0.416956 0.959682 0.495949
54 0.498191 0.42419 0.955778 0.46875
4 0.838648 0.499421 0.246753 0.159722
23 0.794725 0.52228 0.3346 0.211227
33 0.497411 0.421875 0.977642 0.489583
23 0.844895 0.463542 0.231136 0.122685
0 0.490383 0.423683 0.969833 0.474392
2 0.504438 0.4239 0.949531 0.471644
4 0.493506 0.425347 0.958901 0.474537
22 0.493897 0.422454 0.956559 0.47338
57 0.493897 0.422454 0.956559 0.47338
7 0.493506 0.425347 0.958901 0.474537
68 0.492335 0.43287 0.959682 0.465278
3 0.493506 0.425347 0.958901 0.474537
60 0.493897 0.422454 0.956559 0.47338
23 0.494287 0.427156 0.963587 0.467448
69 0.502096 0.427083 0.954216 0.474537
10 0.493506 0.425347 0.958901 0.474537
66 0.502096 0.427083 0.954216 0.474537
44 0.504438 0.4239 0.949531 0.471644
52 0.493506 0.425347 0.958901 0.474537
5 0.493897 0.422454 0.956559 0.47338
34 0.493506 0.425347 0.958901 0.474537
62 0.493506 0.425347 0.958901 0.474537
56 0.493897 0.422454 0.956559 0.47338
58 0.488821 0.440683 0.962025 0.447338
8 0.502096 0.427083 0.954216 0.474537
29 0.493506 0.425347 0.958901 0.474537
28 0.494287 0.427156 0.963587 0.467448
45 0.504438 0.4239 0.949531 0.471644
39 0.504438 0.4239 0.949531 0.471644
54 0.502096 0.427083 0.954216 0.474537
32 0.504438 0.4239 0.949531 0.471644
31 0.492335 0.43287 0.959682 0.465278
67 0.493506 0.425347 0.958901 0.474537
65 0.493506 0.425347 0.958901 0.474537
20 0.504438 0.4239 0.949531 0.471644
6 0.495849 0.427083 0.955778 0.474537
1 0.493506 0.425347 0.958901 0.474537
35 0.502096 0.427083 0.954216 0.474537
0 0.489992 0.425854 0.961244 0.474682
59 0.492335 0.43287 0.959682 0.465278
21 0.504438 0.4239 0.949531 0.471644
30 0.489992 0.436994 0.956559 0.457031
72 0.493506 0.425347 0.958901 0.474537
36 0.502096 0.427083 0.954216 0.474537
41 0.492335 0.43287 0.959682 0.465278
33 0.493897 0.422454 0.956559 0.47338
61 0.497411 0.419633 0.947969 0.477865
