62 0.491164 0.479745 0.968272 0.407407
2 0.491554 0.471933 0.962806 0.41956
4 0.499753 0.47338 0.96671 0.423611
41 0.499753 0.47338 0.96671 0.423611
22 0.494677 0.475405 0.975299 0.417245
57 0.491554 0.471933 0.962806 0.41956
72 0.491164 0.479745 0.968272 0.407407
60 0.499753 0.47338 0.96671 0.423611
2 0.497411 0.480613 0.95734 0.402199
67 0.49702 0.476924 0.95812 0.404948
4 0.49663 0.480903 0.955778 0.40162
57 0.49663 0.480903 0.955778 0.40162
44 0.49702 0.476924 0.95812 0.404948
10 0.527083 0.478588 0.929228 0.399306
3 0.539824 0.480903 0.920352 0.398148
69 0.490383 0.477431 0.965148 0.403935
2 0.0656902 0.503472 0.130209 0.384259
62 0.490383 0.477431 0.965148 0.403935
4 0.0656902 0.503472 0.130209 0.384259
60 0.49663 0.480903 0.955778 0.40162
22 0.497411 0.480613 0.95734 0.402199
58 0.539824 0.480903 0.920352 0.398148
52 0.49663 0.480903 0.955778 0.40162
20 0.527083 0.478588 0.929228 0.399306
8 0.49702 0.476924 0.95812 0.404948
6 0.49702 0.476924 0.95812 0.404948
36 0.49702 0.476924 0.95812 0.404948
56 0.497411 0.480613 0.95734 0.402199
35 0.49702 0.476924 0.95812 0.404948
41 0.539824 0.480903 0.920352 0.398148
33 0.49702 0.476924 0.95812 0.404948
65 0.490383 0.477431 0.965148 0.403935
39 0.509514 0.481192 0.911269 0.402199
2 0.068472 0.428313 0.135968 0.459346
66 0.539824 0.480903 0.920352 0.398148
72 0.497411 0.480613 0.95734 0.402199
32 0.49702 0.476924 0.95812 0.404948
7 0.539824 0.480903 0.920352 0.398148
29 0.490383 0.477431 0.965148 0.403935
5 0.539824 0.480903 0.920352 0.398148
68 0.527083 0.478588 0.929228 0.399306
49 0.497411 0.480613 0.95734 0.402199
1 0.484136 0.477358 0.962025 0.40408
30 0.504438 0.482639 0.883938 0.393519
31 0.490383 0.477431 0.965148 0.403935
45 0.49663 0.480903 0.955778 0.40162
59 0.504438 0.482639 0.883938 0.393519
40 0.49702 0.476924 0.95812 0.404948
2 0.491944 0.48235 0.965148 0.402199
4 0.486478 0.472222 0.965148 0.421296
58 0.508343 0.470486 0.97608 0.425926
2 0.0647141 0.491319 0.128257 0.467593
57 0.491944 0.48235 0.965148 0.402199
3 0.508343 0.470486 0.97608 0.425926
67 0.490383 0.476562 0.965148 0.411458
5 0.508343 0.470486 0.97608 0.425926
60 0.491944 0.48235 0.965148 0.402199
10 0.508343 0.470486 0.97608 0.425926
68 0.502096 0.470197 0.969833 0.428819
52 0.491944 0.48235 0.965148 0.402199
23 0.0692041 0.475767 0.13099 0.474392
22 0.491944 0.48235 0.965148 0.402199
23 0.508343 0.470486 0.97608 0.425926
62 0.486478 0.472222 0.965148 0.421296
69 0.490383 0.476563 0.963586 0.413773
6 0.490383 0.476562 0.965148 0.411458
58 0.0671543 0.500651 0.13099 0.474392
31 0.486478 0.472222 0.965148 0.421296
8 0.490383 0.476563 0.963586 0.413773
20 0.486478 0.472222 0.965148 0.421296
56 0.490383 0.476563 0.963586 0.413773
29 0.486478 0.472222 0.965148 0.421296
44 0.490383 0.476563 0.963586 0.413773
34 0.500534 0.479239 0.952654 0.407263
59 0.486478 0.472222 0.965148 0.421296
65 0.486478 0.472222 0.965148 0.421296
4 0.0647141 0.491319 0.128257 0.467593
30 0.492725 0.453704 0.963586 0.462963
28 0.499753 0.465784 0.980765 0.438802
39 0.501315 0.474609 0.943284 0.417679
45 0.490383 0.476563 0.963586 0.413773
7 0.490383 0.476563 0.963586 0.413773
32 0.490383 0.476563 0.963586 0.413773
1 0.502096 0.470197 0.969833 0.428819
56 0.0651534 0.471065 0.129331 0.480324
66 0.508343 0.470486 0.97608 0.425926
35 0.490383 0.476562 0.965148 0.411458
21 0.490383 0.476563 0.963586 0.413773
36 0.486478 0.472222 0.965148 0.421296
2 0.0671543 0.404225 0.131771 0.470486
23 0.0692041 0.394097 0.132552 0.47338
41 0.502096 0.470197 0.969833 0.428819
7 0.0662758 0.429977 0.127476 0.556713
49 0.508343 0.470486 0.97608 0.425926
67 0.0665687 0.434534 0.12689 0.552228
60 0.0665687 0.434534 0.12689 0.552228
54 0.483355 0.471644 0.960463 0.424769
3 0.0662758 0.429977 0.127476 0.556713
33 0.508343 0.470486 0.97608 0.425926
4 0.498972 0.481481 0.96671 0.394676
57 0.498972 0.481481 0.96671 0.394676
2 0.498972 0.481481 0.96671 0.394676
68 0.511076 0.483507 0.942503 0.396412
52 0.498972 0.481481 0.96671 0.394676
67 0.498191 0.480035 0.972957 0.401042
23 0.506781 0.481771 0.935475 0.395255
58 0.518103 0.481771 0.944065 0.395255
31 0.497801 0.481481 0.950312 0.398148
29 0.497801 0.481481 0.950312 0.398148
22 0.498972 0.481481 0.96671 0.394676
10 0.518103 0.481771 0.944065 0.395255
60 0.498972 0.481481 0.96671 0.394676
3 0.518103 0.481771 0.944065 0.395255
5 0.518103 0.481771 0.944065 0.395255
69 0.506781 0.481771 0.935475 0.395255
66 0.065983 0.442998 0.127867 0.530671
59 0.497801 0.481481 0.950312 0.398148
6 0.498191 0.480035 0.972957 0.401042
7 0.506781 0.481771 0.935475 0.395255
20 0.497801 0.481481 0.950312 0.398148
62 0.065983 0.442998 0.127867 0.530671
2 0.065983 0.442998 0.127867 0.530671
62 0.497801 0.481481 0.950312 0.398148
44 0.506781 0.481771 0.935475 0.395255
0 0.065983 0.442998 0.127867 0.530671
36 0.065983 0.442998 0.127867 0.530671
28 0.518103 0.481771 0.944065 0.395255
7 0.0661294 0.44958 0.128159 0.522135
60 0.065983 0.442998 0.127867 0.530671
56 0.506781 0.481771 0.935475 0.395255
8 0.506781 0.481771 0.935475 0.395255
1 0.511076 0.483507 0.942503 0.396412
54 0.065983 0.442998 0.127867 0.530671
67 0.065983 0.442998 0.127867 0.530671
34 0.498972 0.481481 0.96671 0.394676
32 0.506781 0.481771 0.935475 0.395255
1 0.0661294 0.44958 0.128159 0.522135
3 0.0661294 0.44958 0.128159 0.522135
35 0.498191 0.480035 0.972957 0.401042
29 0.065983 0.442998 0.127867 0.530671
6 0.065983 0.442998 0.127867 0.530671
23 0.065983 0.467014 0.131966 0.508102
45 0.498972 0.481481 0.96671 0.394676
34 0.0661294 0.44958 0.128159 0.522135
4 0.0661294 0.44958 0.128159 0.522135
36 0.497801 0.481481 0.950312 0.398148
10 0.0661294 0.44958 0.128159 0.522135
30 0.490773 0.485532 0.950312 0.394676
8 0.065983 0.442998 0.127867 0.530671
39 0.506781 0.481771 0.935475 0.395255
66 0.506781 0.481771 0.935475 0.395255
32 0.0668615 0.457104 0.126695 0.492043
35 0.065983 0.442998 0.127867 0.530671
57 0.065983 0.442998 0.127867 0.530671
33 0.065983 0.442998 0.127867 0.530671
22 0.065983 0.442998 0.127867 0.530671
65 0.497801 0.481481 0.950312 0.398148
44 0.065983 0.442998 0.127867 0.530671
28 0.0646653 0.44741 0.129331 0.531105
21 0.506781 0.481771 0.935475 0.395255
30 0.0652998 0.417245 0.127281 0.584491
61 0.53333 0.481481 0.87613 0.40162
67 0.150316 0.45081 0.295167 0.502315
0 0.498972 0.481481 0.96671 0.394676
65 0.0661294 0.44958 0.128159 0.522135
66 0.150316 0.45081 0.295167 0.502315
58 0.0663247 0.453993 0.132649 0.508681
69 0.0661294 0.44958 0.128159 0.522135
54 0.511076 0.483507 0.942503 0.396412
2 0.150316 0.45081 0.295167 0.502315
41 0.511076 0.483507 0.942503 0.396412
6 0.150316 0.45081 0.295167 0.502315
68 0.0646653 0.44741 0.129331 0.531105
39 0.0668615 0.457104 0.126695 0.492043
20 0.0656902 0.425347 0.127867 0.570602
45 0.0668615 0.457104 0.126695 0.492043
56 0.0661294 0.44958 0.128159 0.522135
54 0.150316 0.45081 0.295167 0.502315
35 0.150316 0.45081 0.295167 0.502315
33 0.498191 0.480035 0.972957 0.401042
5 0.0661294 0.44958 0.128159 0.522135
