72 0.503125 0.455286 0.979688 0.576956
4 0.496875 0.454365 0.984375 0.571995
62 0.496875 0.454365 0.984375 0.571995
2 0.496875 0.454365 0.984375 0.571995
64 0.496875 0.454365 0.984375 0.571995
22 0.504687 0.456066 0.96875 0.579932
71 0.500781 0.450751 0.975 0.571287
57 0.504687 0.456066 0.971875 0.575397
41 0.496875 0.454365 0.984375 0.571995
46 0.496875 0.454365 0.984375 0.571995
4 0.498437 0.536281 0.91875 0.426304
39 0.498437 0.454152 0.98125 0.570153
60 0.503125 0.450609 0.978125 0.574972
2 0.507031 0.454011 0.953125 0.570437
10 0.510156 0.456066 0.957812 0.564059
57 0.512109 0.457766 0.950781 0.569728
62 0.512109 0.457766 0.950781 0.569728
44 0.5125 0.452948 0.946875 0.569161
35 0.512109 0.457766 0.950781 0.569728
72 0.508203 0.456633 0.961719 0.571995
60 0.512109 0.457766 0.950781 0.569728
66 0.512109 0.457766 0.950781 0.569728
40 0.512109 0.457766 0.950781 0.569728
65 0.512109 0.457766 0.950781 0.569728
36 0.512109 0.457766 0.950781 0.569728
33 0.507031 0.454011 0.953125 0.570437
4 0.5125 0.452948 0.946875 0.569161
3 0.508203 0.456633 0.961719 0.571995
69 0.503906 0.451247 0.953125 0.568027
8 0.503906 0.451247 0.953125 0.568027
20 0.510938 0.451814 0.946875 0.571429
39 0.5125 0.452877 0.940625 0.561366
41 0.512109 0.457766 0.950781 0.569728
67 0.503906 0.451247 0.953125 0.568027
22 0.507031 0.454011 0.953125 0.570437
32 0.5125 0.452948 0.946875 0.569161
18 0.510156 0.456066 0.957812 0.564059
7 0.507031 0.454011 0.953125 0.570437
29 0.512109 0.457766 0.950781 0.569728
54 0.503906 0.451247 0.953125 0.568027
0 0.507031 0.454011 0.953125 0.570437
1 0.508203 0.456633 0.961719 0.571995
34 0.512109 0.457766 0.950781 0.569728
58 0.510156 0.456066 0.957812 0.564059
6 0.503906 0.451247 0.953125 0.568027
45 0.5125 0.452877 0.940625 0.561366
59 0.510156 0.456066 0.957812 0.564059
68 0.503516 0.478458 0.939844 0.534014
17 0.508203 0.456633 0.961719 0.571995
23 0.50625 0.439626 0.9625 0.596939
28 0.512109 0.457766 0.950781 0.569728
38 0.510938 0.451814 0.946875 0.571429
5 0.510938 0.451814 0.946875 0.571429
71 0.510938 0.451814 0.946875 0.571429
56 0.512109 0.457766 0.950781 0.569728
52 0.512109 0.457766 0.950781 0.569728
46 0.510938 0.451814 0.946875 0.571429
49 0.503516 0.478458 0.939844 0.534014
2 0.501562 0.449546 0.951563 0.56576
4 0.5 0.446995 0.959375 0.568594
44 0.5 0.446995 0.959375 0.568594
62 0.500391 0.446641 0.949219 0.567035
8 0.502344 0.449546 0.951563 0.56576
66 0.501562 0.449546 0.951563 0.56576
65 0.500391 0.446641 0.949219 0.567035
57 0.502344 0.449546 0.951563 0.56576
39 0.502344 0.449546 0.951563 0.56576
54 0.5 0.446995 0.959375 0.568594
22 0.501562 0.449546 0.951563 0.56576
7 0.5 0.446995 0.959375 0.568594
35 0.5 0.446995 0.959375 0.568594
45 0.502344 0.449546 0.951563 0.56576
10 0.502734 0.441114 0.939844 0.580357
20 0.501562 0.449546 0.951563 0.56576
36 0.501562 0.449546 0.951563 0.56576
29 0.5 0.446995 0.959375 0.568594
60 0.501562 0.449546 0.951563 0.56576
33 0.501562 0.449546 0.951563 0.56576
69 0.5 0.446995 0.959375 0.568594
6 0.503906 0.449263 0.954687 0.570862
32 0.501562 0.449546 0.951563 0.56576
5 0.509375 0.442177 0.960938 0.598639
67 0.5 0.446995 0.959375 0.568594
1 0.515625 0.426304 0.964063 0.617914
28 0.501562 0.449546 0.951563 0.56576
0 0.495313 0.446712 0.971875 0.569161
34 0.500391 0.446641 0.949219 0.567035
40 0.495313 0.446712 0.971875 0.569161
3 0.500391 0.446641 0.949219 0.567035
23 0.509375 0.442177 0.960938 0.598639
72 0.500391 0.446641 0.949219 0.567035
61 0.502344 0.447846 0.951563 0.579365
56 0.502344 0.449546 0.951563 0.56576
30 0.507422 0.44246 0.933594 0.584467
41 0.5 0.446995 0.959375 0.568594
52 0.500391 0.446641 0.949219 0.567035
21 0.5 0.446995 0.959375 0.568594
68 0.503906 0.44898 0.945312 0.569161
58 0.5 0.442744 0.971875 0.599773
59 0.503906 0.44898 0.945312 0.569161
