2 0.530877 0.467241 0.902608 0.475862
4 0.692363 0.428089 0.573394 0.393247
62 0.502402 0.471264 0.970479 0.493103
4 0.567153 0.450862 0.826935 0.438506
57 0.567153 0.450862 0.826935 0.438506
57 0.692363 0.428089 0.573394 0.393247
72 0.567153 0.450862 0.826935 0.438506
22 0.502402 0.471264 0.970479 0.493103
60 0.575734 0.450287 0.806652 0.437356
22 0.692363 0.428089 0.573394 0.393247
4 0.769986 0.418463 0.416588 0.37227
34 0.501232 0.460057 0.974379 0.525862
39 0.692363 0.428089 0.573394 0.393247
46 0.692363 0.428089 0.573394 0.393247
3 0.530877 0.467241 0.902608 0.475862
4 0.4907 0.504598 0.9814 0.458621
8 0.567153 0.450862 0.826935 0.438506
41 0.486019 0.500287 0.965798 0.460345
62 0.493821 0.478736 0.970479 0.495402
2 0.493821 0.478736 0.970479 0.495402
4 0.493821 0.478736 0.970479 0.495402
65 0.493821 0.478736 0.970479 0.495402
66 0.497331 0.478448 0.985301 0.493678
67 0.493431 0.474425 0.97594 0.499425
44 0.493821 0.478736 0.970479 0.495402
10 0.498111 0.473851 0.982181 0.500575
57 0.493821 0.478736 0.970479 0.495402
60 0.493821 0.478736 0.970479 0.495402
8 0.493431 0.474425 0.97594 0.499425
35 0.500842 0.472917 0.972039 0.503592
20 0.493821 0.477299 0.9814 0.493678
29 0.493821 0.478736 0.970479 0.495402
72 0.493821 0.478736 0.970479 0.495402
3 0.483679 0.473563 0.964238 0.498851
36 0.493431 0.474425 0.97594 0.499425
40 0.500842 0.472917 0.972039 0.503592
22 0.497331 0.478448 0.985301 0.493678
7 0.497331 0.478448 0.985301 0.493678
32 0.493431 0.474425 0.97594 0.499425
41 0.497331 0.478448 0.985301 0.493678
69 0.497331 0.478448 0.985301 0.493678
33 0.500842 0.472917 0.972039 0.503592
54 0.497331 0.478448 0.985301 0.493678
5 0.493821 0.477299 0.9814 0.493678
6 0.500062 0.470402 0.97672 0.504023
1 0.483679 0.473563 0.964238 0.498851
0 0.498892 0.457974 0.9775 0.515086
39 0.494601 0.471911 0.967358 0.506753
18 0.481729 0.467744 0.961897 0.509339
30 0.493431 0.474425 0.97594 0.499425
45 0.500842 0.465014 0.967358 0.520546
34 0.506303 0.462644 0.959557 0.511494
52 0.500842 0.472917 0.972039 0.503592
58 0.460275 0.462572 0.91743 0.513937
56 0.493821 0.478736 0.970479 0.495402
59 0.498111 0.473851 0.982181 0.500575
23 0.493821 0.477299 0.9814 0.493678
62 0.49148 0.45625 0.965798 0.536925
67 0.48836 0.444828 0.964238 0.554023
44 0.498501 0.450647 0.97828 0.549282
65 0.49148 0.45625 0.965798 0.536925
29 0.48836 0.444828 0.964238 0.554023
2 0.49148 0.45625 0.965798 0.536925
36 0.48836 0.444828 0.964238 0.554023
66 0.498501 0.450647 0.97828 0.549282
33 0.498501 0.450647 0.97828 0.549282
4 0.49148 0.45625 0.965798 0.536925
35 0.48836 0.444828 0.964238 0.554023
8 0.48836 0.444828 0.964238 0.554023
54 0.48836 0.444828 0.964238 0.554023
6 0.48836 0.444828 0.964238 0.554023
20 0.498501 0.450647 0.97828 0.549282
22 0.498501 0.450647 0.97828 0.549282
39 0.493041 0.460273 0.962677 0.530029
10 0.49148 0.452299 0.975159 0.545977
30 0.48836 0.444828 0.964238 0.554023
69 0.498501 0.450647 0.97828 0.549282
60 0.49148 0.45625 0.965798 0.536925
57 0.493041 0.460273 0.962677 0.530029
23 0.494211 0.467313 0.974379 0.514799
45 0.493041 0.460273 0.962677 0.530029
58 0.507083 0.466667 0.961117 0.498851
61 0.494211 0.467313 0.974379 0.514799
32 0.48836 0.444828 0.964238 0.554023
3 0.507083 0.466667 0.961117 0.498851
1 0.49148 0.452299 0.975159 0.545977
31 0.48836 0.444828 0.964238 0.554023
5 0.494211 0.467313 0.974379 0.514799
34 0.498892 0.453448 0.9775 0.51954
0 0.495771 0.451149 0.965018 0.544828
40 0.49148 0.45625 0.965798 0.536925
52 0.496941 0.449928 0.962677 0.536925
68 0.515664 0.461494 0.942394 0.490805
56 0.498501 0.450647 0.97828 0.549282
28 0.49148 0.452299 0.975159 0.545977
7 0.49148 0.45625 0.965798 0.536925
12 0.48836 0.444828 0.964238 0.554023
41 0.498501 0.450647 0.97828 0.549282
59 0.498892 0.453448 0.9775 0.51954
18 0.497721 0.44569 0.975159 0.553448
72 0.48836 0.444828 0.964238 0.554023
