4 0.568413 0.470238 0.824726 0.330499
57 0.576996 0.474206 0.80756 0.336168
22 0.576996 0.474206 0.80756 0.336168
22 0.484146 0.509921 0.935522 0.276077
49 0.498581 0.47449 0.973754 0.336735
39 0.576996 0.474206 0.80756 0.336168
60 0.484146 0.509921 0.935522 0.276077
2 0.49624 0.441043 0.958149 0.409297
57 0.49624 0.441043 0.958149 0.409297
2 0.568413 0.470238 0.824726 0.330499
57 0.68233 0.514739 0.595332 0.40703
46 0.568413 0.470238 0.824726 0.330499
52 0.49624 0.473923 0.978435 0.339002
72 0.568413 0.470238 0.824726 0.330499
62 0.493119 0.473073 0.96127 0.344104
60 0.568413 0.470238 0.824726 0.330499
41 0.49741 0.469955 0.977655 0.348073
3 0.506383 0.478175 0.96283 0.331633
72 0.478684 0.498866 0.921477 0.302721
34 0.49741 0.469955 0.977655 0.348073
62 0.732266 0.463435 0.49702 0.307823
8 0.576996 0.474206 0.80756 0.336168
57 0.478684 0.498866 0.921477 0.302721
71 0.576996 0.474206 0.80756 0.336168
60 0.49624 0.441043 0.958149 0.409297
5 0.49624 0.47449 0.973754 0.335601
1 0.52745 0.47449 0.905092 0.34127
60 0.365353 0.518707 0.697155 0.256236
4 0.486097 0.438138 0.939423 0.420777
10 0.49624 0.47449 0.973754 0.335601
69 0.49741 0.469955 0.977655 0.348073
70 0.486097 0.438138 0.939423 0.420777
67 0.568413 0.470238 0.824726 0.330499
29 0.478684 0.498866 0.921477 0.302721
4 0.504823 0.475057 0.951907 0.340136
2 0.504823 0.475057 0.951907 0.340136
52 0.504823 0.475057 0.951907 0.340136
3 0.49546 0.45068 0.958149 0.379819
22 0.504823 0.475057 0.951907 0.340136
10 0.499361 0.467687 0.955028 0.349206
58 0.49546 0.45068 0.958149 0.379819
69 0.503262 0.473356 0.956588 0.342404
57 0.504823 0.475057 0.951907 0.340136
7 0.503262 0.473356 0.956588 0.342404
34 0.503262 0.47534 0.947225 0.339569
49 0.503262 0.473356 0.956588 0.342404
60 0.49702 0.472789 0.96283 0.344671
59 0.501702 0.470522 0.948786 0.345805
62 0.501702 0.472789 0.947225 0.34127
68 0.501702 0.472789 0.947225 0.34127
37 0.503652 0.46627 0.968292 0.353175
56 0.503262 0.473356 0.956588 0.342404
44 0.504823 0.475057 0.951907 0.340136
67 0.499361 0.467687 0.955028 0.349206
41 0.501702 0.472789 0.947225 0.34127
8 0.499361 0.467687 0.955028 0.349206
65 0.504823 0.475057 0.951907 0.340136
20 0.501702 0.472789 0.947225 0.34127
23 0.499361 0.467687 0.955028 0.349206
31 0.499361 0.467687 0.955028 0.349206
39 0.504042 0.473639 0.948786 0.341837
29 0.501702 0.472789 0.947225 0.34127
72 0.503262 0.473356 0.956588 0.342404
0 0.49702 0.472789 0.96283 0.344671
28 0.507944 0.477608 0.940983 0.335034
1 0.493509 0.444444 0.948006 0.39229
32 0.503652 0.46627 0.968292 0.353175
4 0.814388 0.441043 0.331217 0.278912
35 0.504823 0.475057 0.951907 0.340136
15 0.503262 0.473356 0.956588 0.342404
30 0.501702 0.464286 0.940983 0.352608
45 0.504042 0.473639 0.948786 0.341837
2 0.49663 0.440972 0.954248 0.404904
4 0.49702 0.437642 0.953467 0.40703
58 0.505213 0.424107 0.976095 0.430697
3 0.505213 0.424107 0.976095 0.430697
22 0.49663 0.440972 0.954248 0.404904
57 0.49663 0.440972 0.954248 0.404904
10 0.49546 0.426587 0.953467 0.426871
7 0.49663 0.440972 0.954248 0.404904
52 0.49702 0.428005 0.953467 0.431973
69 0.49507 0.422619 0.957369 0.438209
68 0.504433 0.427438 0.972974 0.424036
29 0.49585 0.430556 0.955808 0.422336
44 0.49663 0.440972 0.954248 0.404904
23 0.49507 0.422619 0.957369 0.438209
1 0.504433 0.427438 0.972974 0.424036
5 0.49507 0.422619 0.957369 0.438209
34 0.505213 0.424107 0.976095 0.430697
62 0.49702 0.437642 0.953467 0.40703
60 0.49663 0.440972 0.954248 0.404904
39 0.4978 0.430343 0.948786 0.423895
66 0.49663 0.440972 0.954248 0.404904
59 0.49702 0.437642 0.953467 0.40703
45 0.49702 0.428005 0.953467 0.431973
56 0.49663 0.440972 0.954248 0.404904
8 0.49702 0.428005 0.953467 0.431973
32 0.49507 0.422619 0.957369 0.438209
31 0.49702 0.437642 0.953467 0.40703
67 0.49702 0.437642 0.953467 0.40703
65 0.49585 0.430556 0.955808 0.422336
49 0.505213 0.424107 0.976095 0.430697
30 0.4978 0.42432 0.948786 0.43254
28 0.49663 0.440972 0.954248 0.404904
54 0.49585 0.430556 0.955808 0.422336
21 0.49702 0.428005 0.953467 0.431973
6 0.4978 0.42432 0.948786 0.43254
20 0.49702 0.437642 0.953467 0.40703
35 0.49702 0.437642 0.953467 0.40703
41 0.49585 0.430556 0.955808 0.422336
