4 0.500062 0.421193 0.987641 0.541523
22 0.500062 0.421193 0.987641 0.541523
62 0.500062 0.421193 0.987641 0.541523
72 0.500062 0.421193 0.987641 0.541523
41 0.502792 0.424641 0.971259 0.532328
2 0.501232 0.426437 0.947855 0.54023
57 0.501232 0.425862 0.958777 0.545977
66 0.500062 0.421193 0.987641 0.541523
60 0.502792 0.424641 0.971259 0.532328
67 0.506303 0.423491 0.984521 0.532328
46 0.500062 0.421193 0.987641 0.541523
20 0.500062 0.421193 0.987641 0.541523
35 0.501232 0.425862 0.958777 0.545977
71 0.501232 0.425862 0.958777 0.545977
40 0.501232 0.426437 0.947855 0.54023
37 0.423609 0.425575 0.800411 0.525862
1 0.500062 0.421193 0.987641 0.541523
49 0.507083 0.427658 0.968918 0.53319
44 0.501232 0.425862 0.958777 0.545977
65 0.501232 0.425862 0.958777 0.545977
64 0.501232 0.425862 0.958777 0.545977
52 0.501232 0.426437 0.947855 0.54023
10 0.506241 0.427874 0.987518 0.541954
29 0.501232 0.425862 0.958777 0.545977
32 0.506303 0.423491 0.984521 0.532328
70 0.423609 0.425575 0.800411 0.525862
5 0.502792 0.424641 0.971259 0.532328
56 0.500062 0.421193 0.987641 0.541523
26 0.506303 0.423491 0.984521 0.532328
31 0.501232 0.425862 0.958777 0.545977
2 0.499282 0.424425 0.948635 0.532759
4 0.502402 0.423276 0.964238 0.533908
57 0.499282 0.424425 0.948635 0.532759
69 0.502402 0.423276 0.964238 0.533908
3 0.505523 0.421911 0.964238 0.53319
60 0.499282 0.424425 0.948635 0.532759
22 0.505523 0.421911 0.964238 0.53319
10 0.508971 0.424138 0.982057 0.529885
41 0.502402 0.423276 0.964238 0.533908
7 0.505523 0.421911 0.964238 0.53319
44 0.502402 0.423276 0.964238 0.533908
67 0.502402 0.422917 0.951756 0.54727
62 0.502402 0.423276 0.964238 0.533908
52 0.499282 0.425287 0.951756 0.529885
8 0.499282 0.425287 0.951756 0.529885
35 0.499282 0.425287 0.951756 0.529885
49 0.505523 0.421911 0.964238 0.53319
66 0.508971 0.424138 0.982057 0.529885
65 0.502402 0.423276 0.964238 0.533908
58 0.507021 0.420762 0.985958 0.526293
72 0.502402 0.423276 0.964238 0.533908
56 0.505523 0.421911 0.964238 0.53319
45 0.499282 0.424425 0.948635 0.532759
36 0.499282 0.425287 0.951756 0.529885
29 0.499282 0.425287 0.951756 0.529885
68 0.499672 0.424066 0.969699 0.54727
33 0.500062 0.424713 0.948635 0.533333
6 0.502402 0.422917 0.951756 0.54727
20 0.505523 0.421911 0.964238 0.53319
15 0.499282 0.424425 0.948635 0.532759
40 0.499282 0.425287 0.951756 0.529885
30 0.502402 0.422917 0.951756 0.54727
39 0.499282 0.424425 0.948635 0.532759
1 0.500842 0.422126 0.967358 0.528161
32 0.508971 0.424138 0.982057 0.529885
34 0.501622 0.42931 0.950195 0.527586
31 0.502402 0.423276 0.964238 0.533908
5 0.507021 0.420762 0.985958 0.526293
59 0.505913 0.424425 0.947855 0.537356
48 0.499282 0.424425 0.948635 0.532759
23 0.529707 0.427874 0.909629 0.532759
54 0.508581 0.423563 0.982837 0.54023
0 0.500062 0.424713 0.948635 0.533333
26 0.502402 0.422917 0.951756 0.54727
46 0.499282 0.424425 0.948635 0.532759
50 0.54999 0.429239 0.881544 0.536925
38 0.507021 0.420762 0.985958 0.526293
18 0.499672 0.424066 0.969699 0.54727
71 0.499282 0.424425 0.948635 0.532759
2 0.496941 0.418103 0.959557 0.538506
4 0.496161 0.419612 0.961117 0.538937
3 0.503962 0.416954 0.986081 0.536207
58 0.503962 0.416954 0.986081 0.536207
57 0.496941 0.418103 0.959557 0.538506
52 0.496161 0.419612 0.961117 0.538937
23 0.496551 0.416379 0.963458 0.539655
22 0.496551 0.416379 0.963458 0.539655
60 0.496941 0.418103 0.959557 0.538506
5 0.503962 0.416954 0.986081 0.536207
10 0.496941 0.419828 0.975159 0.539655
68 0.4907 0.419037 0.962677 0.53204
1 0.496941 0.419828 0.975159 0.539655
7 0.503182 0.42069 0.984521 0.537931
69 0.49226 0.418678 0.962677 0.539655
34 0.503962 0.416954 0.986081 0.536207
56 0.496941 0.418103 0.959557 0.538506
44 0.496941 0.418103 0.959557 0.538506
45 0.496941 0.418103 0.959557 0.538506
28 0.503962 0.416954 0.986081 0.536207
29 0.4907 0.419037 0.962677 0.53204
6 0.495771 0.418391 0.958777 0.535632
39 0.496941 0.418103 0.959557 0.538506
8 0.496941 0.418103 0.959557 0.538506
67 0.4907 0.419037 0.962677 0.53204
66 0.503182 0.42069 0.984521 0.537931
32 0.496551 0.416379 0.963458 0.539655
49 0.496551 0.416379 0.963458 0.539655
31 0.496161 0.419612 0.961117 0.538937
62 0.496161 0.419612 0.961117 0.538937
21 0.496941 0.418103 0.959557 0.538506
41 0.503182 0.42069 0.984521 0.537931
65 0.496161 0.419612 0.961117 0.538937
59 0.496161 0.419612 0.961117 0.538937
35 0.496161 0.419612 0.961117 0.538937
36 0.49226 0.418678 0.962677 0.539655
54 0.4907 0.419037 0.962677 0.53204
30 0.4907 0.419037 0.962677 0.53204
20 0.496551 0.416379 0.963458 0.539655
0 0.504743 0.419253 0.942394 0.545402
15 0.507083 0.416595 0.936153 0.544971
72 0.496551 0.416379 0.963458 0.539655
