4 0.503067 0.45709 0.99051 0.513326
22 0.503067 0.45709 0.99051 0.513326
2 0.499161 0.453092 0.9702 0.522388
72 0.50541 0.459955 0.987385 0.516125
41 0.503457 0.451226 0.980355 0.509062
57 0.499161 0.453092 0.9702 0.522388
62 0.50541 0.459955 0.987385 0.516125
35 0.50541 0.459955 0.987385 0.516125
49 0.489006 0.451026 0.978011 0.491338
64 0.499161 0.453092 0.9702 0.522388
67 0.499161 0.446429 0.965513 0.518657
3 0.489006 0.451026 0.978011 0.491338
60 0.493302 0.430171 0.95692 0.550107
4 0.511269 0.500533 0.877242 0.384861
66 0.50541 0.459955 0.987385 0.516125
26 0.489006 0.441631 0.978011 0.502665
44 0.499161 0.446429 0.965513 0.518657
1 0.504238 0.451759 0.981917 0.513326
2 0.508925 0.449893 0.975668 0.498934
4 0.50541 0.443963 0.948327 0.500133
67 0.501114 0.446429 0.947546 0.495203
3 0.507753 0.448561 0.978011 0.484542
57 0.499551 0.442497 0.947546 0.498801
7 0.512499 0.448894 0.975003 0.494536
58 0.490958 0.440832 0.93661 0.469083
41 0.508925 0.449893 0.975668 0.498934
69 0.502676 0.449294 0.963169 0.498001
52 0.497208 0.476013 0.924111 0.416844
62 0.50541 0.443963 0.948327 0.500133
8 0.501114 0.446429 0.947546 0.495203
60 0.512499 0.448894 0.975003 0.494536
10 0.507753 0.448561 0.978011 0.484542
22 0.508144 0.441898 0.952233 0.503198
44 0.50541 0.443963 0.948327 0.500133
66 0.508925 0.449893 0.975668 0.498934
65 0.50541 0.443963 0.948327 0.500133
31 0.497208 0.445362 0.941297 0.494136
29 0.501114 0.446429 0.947546 0.495203
36 0.501114 0.446429 0.947546 0.495203
72 0.50541 0.443963 0.948327 0.500133
6 0.494474 0.445163 0.935829 0.495602
49 0.507753 0.448561 0.978011 0.484542
56 0.499551 0.442497 0.947546 0.498801
35 0.50541 0.443963 0.948327 0.500133
20 0.501114 0.446429 0.947546 0.495203
34 0.489396 0.459488 0.917862 0.460554
5 0.512499 0.448894 0.975003 0.494536
33 0.508925 0.449893 0.975668 0.498934
32 0.502676 0.449294 0.963169 0.498001
30 0.494474 0.445163 0.935829 0.495602
1 0.507753 0.448561 0.978011 0.484542
15 0.508144 0.441898 0.952233 0.503198
68 0.485881 0.46162 0.90302 0.464819
2 0.510097 0.491471 0.881147 0.384861
26 0.494474 0.445163 0.935829 0.495602
39 0.503067 0.474947 0.913956 0.434968
60 0.510097 0.491471 0.881147 0.384861
58 0.510487 0.451493 0.972543 0.466951
3 0.494083 0.45549 0.945984 0.469616
4 0.491349 0.453358 0.942078 0.464286
2 0.491349 0.453358 0.942078 0.464286
52 0.491349 0.453358 0.942078 0.464286
23 0.494083 0.45549 0.945984 0.469616
34 0.493693 0.46162 0.951452 0.462687
68 0.484319 0.453625 0.921768 0.462687
57 0.493693 0.46162 0.951452 0.462687
10 0.494083 0.454424 0.942859 0.473881
5 0.494083 0.454424 0.942859 0.473881
28 0.494083 0.454424 0.942859 0.473881
22 0.494083 0.45549 0.945984 0.469616
69 0.493693 0.46162 0.951452 0.462687
7 0.487834 0.454424 0.93661 0.472815
1 0.510487 0.451493 0.972543 0.466951
31 0.491349 0.453358 0.942078 0.464286
60 0.494083 0.45549 0.945984 0.469616
49 0.493693 0.46162 0.951452 0.462687
67 0.485881 0.450893 0.94364 0.458555
56 0.494083 0.45549 0.945984 0.469616
6 0.485881 0.450893 0.94364 0.458555
58 0.379643 0.4371 0.708511 0.4371
8 0.494083 0.45549 0.945984 0.469616
59 0.486662 0.455757 0.945203 0.452026
32 0.494083 0.454424 0.942859 0.473881
39 0.499161 0.458489 0.937391 0.479611
44 0.491349 0.453358 0.942078 0.464286
65 0.491349 0.453358 0.942078 0.464286
29 0.485881 0.450893 0.94364 0.458555
3 0.379643 0.4371 0.708511 0.4371
45 0.493693 0.46162 0.951452 0.462687
58 0.517127 0.501999 0.8624 0.369136
66 0.494083 0.45549 0.945984 0.469616
36 0.491349 0.453358 0.942078 0.464286
28 0.379643 0.4371 0.708511 0.4371
