22 0.504053 0.472062 0.973775 0.400346
4 0.504053 0.472062 0.973775 0.400346
57 0.492739 0.470622 0.949586 0.402074
62 0.52317 0.470046 0.926178 0.389401
2 0.504053 0.472062 0.973775 0.400346
60 0.496251 0.478975 0.933201 0.388825
10 0.496251 0.47091 0.948806 0.401498
2 0.502102 0.466878 0.96051 0.396889
4 0.502102 0.466878 0.96051 0.396889
3 0.502103 0.460253 0.957389 0.415899
57 0.502102 0.466878 0.96051 0.396889
10 0.513416 0.461982 0.967532 0.414747
58 0.502103 0.460253 0.957389 0.415899
7 0.514825 0.461982 0.97035 0.407834
22 0.502102 0.466878 0.96051 0.396889
52 0.502102 0.466878 0.96051 0.396889
49 0.514825 0.461982 0.97035 0.407834
69 0.513416 0.461982 0.967532 0.414747
60 0.502102 0.466878 0.96051 0.396889
44 0.497031 0.468606 0.950367 0.398041
8 0.499762 0.468318 0.96051 0.39977
62 0.502102 0.466878 0.96051 0.396889
67 0.499762 0.468318 0.96051 0.39977
72 0.502102 0.466878 0.96051 0.396889
65 0.502102 0.466878 0.96051 0.396889
36 0.499762 0.468318 0.96051 0.39977
35 0.499372 0.46947 0.951927 0.395161
15 0.502102 0.466878 0.96051 0.396889
1 0.501322 0.46227 0.954268 0.419931
45 0.505224 0.46659 0.95895 0.402074
59 0.499762 0.468318 0.96051 0.39977
34 0.514825 0.461982 0.97035 0.407834
41 0.502102 0.466878 0.96051 0.396889
37 0.514825 0.461982 0.97035 0.407834
66 0.499372 0.46947 0.951927 0.395161
56 0.502102 0.466878 0.96051 0.396889
39 0.499372 0.467742 0.948806 0.402074
68 0.503273 0.447293 0.947245 0.448733
6 0.492349 0.466878 0.937882 0.400346
20 0.505224 0.46659 0.95895 0.402074
29 0.499762 0.468318 0.96051 0.39977
32 0.497031 0.468606 0.950367 0.398041
31 0.499762 0.468318 0.96051 0.39977
0 0.49391 0.468318 0.942564 0.395161
30 0.49469 0.465438 0.942564 0.410138
40 0.499372 0.46947 0.951927 0.395161
71 0.499372 0.467742 0.948806 0.402074
18 0.501322 0.46227 0.954268 0.419931
4 0.87312 0.478111 0.205991 0.25576
2 0.498591 0.464574 0.95973 0.40265
4 0.498591 0.464574 0.95973 0.40265
3 0.517946 0.445276 0.964108 0.443548
58 0.517946 0.445276 0.964108 0.443548
52 0.498591 0.464574 0.95973 0.40265
57 0.498591 0.464574 0.95973 0.40265
22 0.498591 0.464574 0.95973 0.40265
68 0.516386 0.447581 0.967229 0.441244
69 0.498591 0.464574 0.95973 0.40265
7 0.498591 0.464574 0.95973 0.40265
34 0.49391 0.46227 0.964411 0.406106
10 0.493129 0.46515 0.958169 0.401498
39 0.498201 0.464862 0.954268 0.406682
1 0.516386 0.447581 0.967229 0.441244
23 0.517946 0.445276 0.964108 0.443548
44 0.498591 0.464574 0.95973 0.40265
60 0.498591 0.464574 0.95973 0.40265
59 0.493129 0.46515 0.958169 0.401498
49 0.517946 0.445276 0.964108 0.443548
8 0.498201 0.464862 0.954268 0.406682
66 0.498591 0.464574 0.95973 0.40265
45 0.498591 0.464574 0.95973 0.40265
56 0.498591 0.464574 0.95973 0.40265
32 0.49391 0.46227 0.964411 0.406106
5 0.517946 0.445276 0.964108 0.443548
28 0.503273 0.433828 0.950367 0.46875
21 0.498591 0.464574 0.95973 0.40265
29 0.497031 0.465726 0.95973 0.398041
62 0.498591 0.464574 0.95973 0.40265
31 0.493129 0.46515 0.958169 0.401498
67 0.497031 0.465726 0.95973 0.398041
65 0.498591 0.464574 0.95973 0.40265
6 0.497031 0.465726 0.95973 0.398041
15 0.497031 0.463998 0.95973 0.40265
35 0.498591 0.464574 0.95973 0.40265
36 0.497031 0.465726 0.95973 0.398041
20 0.498201 0.464862 0.954268 0.406682
4 0.502883 0.46371 0.955828 0.398618
7 0.502883 0.46371 0.955828 0.398618
2 0.502883 0.46371 0.955828 0.398618
44 0.502883 0.46371 0.955828 0.398618
3 0.500932 0.463998 0.956609 0.399194
57 0.503273 0.464286 0.944124 0.402074
22 0.502883 0.46371 0.955828 0.398618
66 0.502883 0.46371 0.955828 0.398618
39 0.503273 0.464286 0.944124 0.402074
29 0.502493 0.466014 0.958169 0.397465
8 0.503273 0.464286 0.944124 0.402074
34 0.500932 0.463998 0.956609 0.399194
54 0.502493 0.466014 0.958169 0.397465
52 0.502883 0.46371 0.955828 0.398618
65 0.502883 0.46371 0.955828 0.398618
10 0.500152 0.46659 0.953488 0.398618
69 0.502883 0.46371 0.955828 0.398618
1 0.500152 0.46659 0.953488 0.398618
45 0.500932 0.464286 0.950367 0.398618
28 0.500932 0.463998 0.956609 0.399194
68 0.500152 0.46659 0.953488 0.398618
60 0.502883 0.46371 0.955828 0.398618
67 0.502493 0.466014 0.958169 0.397465
23 0.502493 0.46371 0.948806 0.404378
20 0.503273 0.464286 0.944124 0.402074
5 0.503273 0.464286 0.944124 0.402074
62 0.502883 0.46371 0.955828 0.398618
31 0.502493 0.466014 0.958169 0.397465
6 0.502493 0.466014 0.958169 0.397465
32 0.503273 0.464286 0.944124 0.402074
58 0.515757 0.46947 0.965972 0.395161
56 0.500932 0.463998 0.956609 0.399194
0 0.498591 0.463998 0.95973 0.395737
36 0.502493 0.466014 0.958169 0.397465
35 0.497421 0.464862 0.962071 0.395161
21 0.503273 0.464286 0.944124 0.402074
59 0.500152 0.46659 0.953488 0.398618
61 0.503273 0.464286 0.944124 0.402074
33 0.503273 0.464286 0.944124 0.402074
30 0.502493 0.466014 0.958169 0.397465
41 0.502883 0.46371 0.955828 0.398618
72 0.500152 0.46659 0.953488 0.398618
49 0.517318 0.461406 0.96129 0.408986
