2 0.528125 0.491367 0.923437 0.49786
22 0.501562 0.493151 0.98125 0.506849
4 0.59375 0.495148 0.79375 0.503995
72 0.501562 0.493151 0.98125 0.506849
57 0.59375 0.495148 0.79375 0.503995
62 0.501562 0.493151 0.98125 0.506849
3 0.501562 0.493151 0.98125 0.506849
49 0.465234 0.51484 0.911719 0.460046
60 0.502344 0.49208 0.982813 0.50214
8 0.590723 0.489227 0.799805 0.491866
4 0.489062 0.54395 0.965625 0.406393
22 0.480469 0.59004 0.940625 0.310788
60 0.484766 0.567352 0.950781 0.360731
67 0.487891 0.517694 0.955469 0.455479
41 0.500781 0.49151 0.98125 0.505565
67 0.608203 0.492009 0.766406 0.497717
45 0.502344 0.49208 0.982813 0.50214
46 0.501562 0.493151 0.98125 0.506849
70 0.487891 0.517694 0.955469 0.455479
7 0.504297 0.491367 0.977344 0.510417
10 0.503906 0.490011 0.976562 0.510845
38 0.590723 0.489227 0.799805 0.491866
35 0.59375 0.495148 0.79375 0.503995
41 0.482422 0.585616 0.953906 0.319635
2 0.484766 0.567352 0.950781 0.360731
39 0.501562 0.493151 0.98125 0.506849
71 0.535156 0.493151 0.9125 0.502283
57 0.489062 0.54395 0.965625 0.406393
46 0.653906 0.488513 0.673437 0.492152
64 0.492188 0.511986 0.973437 0.469178
2 0.501172 0.494292 0.960156 0.492009
57 0.501172 0.494292 0.960156 0.492009
4 0.499219 0.498573 0.960938 0.491438
44 0.499219 0.498573 0.960938 0.491438
10 0.498437 0.506849 0.975 0.474886
3 0.496875 0.504852 0.971875 0.472032
69 0.499609 0.505137 0.960156 0.474886
7 0.499219 0.498573 0.960938 0.491438
60 0.501172 0.494292 0.960156 0.492009
58 0.496875 0.504852 0.971875 0.472032
62 0.496875 0.493151 0.975 0.502283
22 0.5 0.498288 0.9625 0.482877
72 0.499609 0.505137 0.960156 0.474886
66 0.496875 0.493151 0.975 0.502283
41 0.498437 0.506849 0.975 0.474886
49 0.5 0.498288 0.9625 0.482877
35 0.499219 0.498573 0.960938 0.491438
65 0.499609 0.505137 0.960156 0.474886
8 0.496875 0.490011 0.973437 0.496005
52 0.499219 0.498573 0.960938 0.491438
36 0.499219 0.498573 0.960938 0.491438
59 0.498437 0.504281 0.957812 0.475457
45 0.496875 0.490011 0.973437 0.496005
39 0.496875 0.490011 0.973437 0.496005
34 0.499219 0.498573 0.960938 0.491438
40 0.496875 0.493151 0.975 0.502283
32 0.499219 0.498573 0.960938 0.491438
56 0.501172 0.494292 0.960156 0.492009
67 0.499219 0.498573 0.960938 0.491438
6 0.496094 0.492295 0.970312 0.503995
1 0.498437 0.504281 0.957812 0.475457
4 0.889063 0.397831 0.215625 0.319635
33 0.496875 0.493151 0.975 0.502283
15 0.501172 0.494292 0.960156 0.492009
68 0.498437 0.506849 0.975 0.474886
71 0.496875 0.490011 0.973437 0.496005
23 0.5 0.498288 0.9625 0.482877
31 0.498437 0.506849 0.975 0.474886
54 0.496094 0.492295 0.970312 0.503995
28 0.499219 0.477811 0.953125 0.528396
30 0.498437 0.504281 0.957812 0.475457
2 0.889063 0.356236 0.209375 0.274971
0 0.496875 0.493151 0.975 0.502283
29 0.498437 0.506849 0.975 0.474886
48 0.496875 0.490011 0.973437 0.496005
18 0.498437 0.506849 0.975 0.474886
17 0.499609 0.505137 0.960156 0.474886
4 0.49375 0.471533 0.9625 0.543236
2 0.494141 0.472674 0.963281 0.53867
58 0.496094 0.477454 0.976562 0.532534
3 0.489844 0.467965 0.967188 0.551513
57 0.494141 0.472674 0.963281 0.53867
52 0.49375 0.471533 0.9625 0.543236
7 0.49375 0.471533 0.9625 0.543236
10 0.489844 0.467965 0.967188 0.551513
69 0.49375 0.471533 0.9625 0.543236
34 0.489844 0.467965 0.967188 0.551513
23 0.491016 0.472674 0.971094 0.539812
22 0.49375 0.471533 0.9625 0.543236
68 0.499609 0.474315 0.982031 0.544521
59 0.490234 0.460117 0.966406 0.55351
39 0.496875 0.481093 0.957812 0.522974
60 0.494141 0.472674 0.963281 0.53867
44 0.495313 0.484018 0.9625 0.523973
8 0.496875 0.481093 0.957812 0.522974
1 0.499609 0.474315 0.982031 0.544521
56 0.49375 0.471533 0.9625 0.543236
66 0.495313 0.484018 0.9625 0.523973
45 0.494141 0.472674 0.963281 0.53867
32 0.494141 0.472674 0.963281 0.53867
28 0.494141 0.472674 0.963281 0.53867
5 0.494141 0.472674 0.963281 0.53867
49 0.489844 0.467965 0.967188 0.551513
29 0.492969 0.46661 0.9625 0.539384
6 0.496094 0.475742 0.964063 0.525685
67 0.490234 0.460117 0.966406 0.55351
62 0.495313 0.484018 0.9625 0.523973
58 0.389844 0.494578 0.760156 0.464041
35 0.495313 0.484018 0.9625 0.523973
65 0.495313 0.484018 0.9625 0.523973
71 0.496875 0.481093 0.957812 0.522974
21 0.495313 0.484018 0.9625 0.523973
15 0.496875 0.481093 0.957812 0.522974
72 0.489844 0.467965 0.967188 0.551513
23 0.89375 0.434075 0.190625 0.330479
